Frame# Time LH1 LH2 LH3 RH1 RH2 RH3
X54 Y54 Z54 X55 Y55 Z55 X56 Y56 Z56 X57 Y57 Z57 X58 Y58 Z58 X59 Y59 Z59
31983 0.00479 NaN NaN NaN 152.95566 -111.73766 -28.01140 256.53677 -184.36998 -23.80070 NaN NaN NaN -3.57068 -207.64305 20.94505 -29.36340 -200.11035 -106.62205
31984 0.01312 NaN NaN NaN 152.93344 -111.74275 -28.07134 256.48734 -184.30956 -23.72211 NaN NaN NaN -3.66228 -207.70241 20.92978 -29.21104 -199.97000 -106.68565
31985 0.02145 NaN NaN NaN 152.91069 -111.73441 -28.09059 256.45474 -184.27116 -23.67325 NaN NaN NaN -3.68982 -207.73712 20.91728 -29.07627 -199.82933 -106.75302
31986 0.02978 NaN NaN NaN 152.89047 -111.69838 -28.11982 256.44827 -184.25342 -23.62479 NaN NaN NaN -3.72915 -207.76505 20.88138 -29.00272 -199.75272 -106.78741
31987 0.03811 NaN NaN NaN 152.89328 -111.69205 -28.10791 256.43927 -184.24747 -23.62082 NaN NaN NaN -3.77579 -207.80103 20.85001 -28.90175 -199.67336 -106.76395
31988 0.04644 NaN NaN NaN 152.90938 -111.67500 -28.08682 256.45657 -184.25719 -23.62383 NaN NaN NaN -3.86552 -207.84750 20.78034 -28.77778 -199.59262 -106.83810
31989 0.05478 NaN NaN NaN 152.91713 -111.66955 -28.05306 256.46378 -184.25926 -23.66269 NaN NaN NaN -3.94757 -207.91235 20.69565 -28.65303 -199.52255 -106.91961
31990 0.06311 NaN NaN NaN 152.94289 -111.65506 -28.00196 256.49039 -184.25764 -23.64553 NaN NaN NaN -4.04130 -207.97226 20.62997 -28.53324 -199.41971 -107.04713
31991 0.07144 NaN NaN NaN 152.94795 -111.65453 -27.95931 256.48856 -184.25789 -23.67066 NaN NaN NaN -4.14097 -208.02534 20.55306 -28.43417 -199.29489 -107.11731
31992 0.07977 NaN NaN NaN 152.96033 -111.63771 -27.93607 256.50153 -184.26855 -23.67270 NaN NaN NaN -4.25556 -208.11111 20.49459 -28.35297 -199.25002 -107.19137
31993 0.08810 NaN NaN NaN 152.93065 -111.64334 -27.92718 256.50668 -184.26576 -23.70138 NaN NaN NaN -4.36720 -208.20186 20.45209 -28.23992 -199.19310 -107.33818
31994 0.09643 NaN NaN NaN 152.94211 -111.67247 -27.95490 256.51630 -184.29486 -23.66967 NaN NaN NaN -4.45655 -208.30000 20.41317 -28.18222 -199.11787 -107.38570
31995 0.10476 NaN NaN NaN 152.92181 -111.66942 -27.94989 256.51038 -184.28487 -23.69109 NaN NaN NaN -4.50015 -208.36244 20.34901 -28.19470 -199.07913 -107.44048
31996 0.11310 NaN NaN NaN 152.95935 -111.65431 -27.92657 256.51016 -184.29520 -23.69840 NaN NaN NaN -4.57696 -208.44241 20.31674 -28.22797 -199.05092 -107.48644
31997 0.12143 NaN NaN NaN 152.94504 -111.65313 -27.93893 256.49991 -184.25156 -23.70707 NaN NaN NaN -4.66227 -208.51254 20.30637 -28.24848 -199.03058 -107.53224
31998 0.12976 NaN NaN NaN 152.94368 -111.66618 -27.94399 256.50635 -184.26292 -23.71030 NaN NaN NaN -4.74524 -208.59099 20.26405 -28.25837 -199.04501 -107.54320
31999 0.13809 NaN NaN NaN 152.95813 -111.63751 -27.92476 256.51215 -184.25980 -23.72595 NaN NaN NaN -4.78440 -208.62897 20.25386 -28.26801 -199.05650 -107.55820
32000 0.14642 NaN NaN NaN 152.96548 -111.64709 -27.92222 256.51578 -184.27589 -23.72862 NaN NaN NaN -4.80100 -208.67090 20.24631 -28.31096 -199.06091 -107.56223
32001 0.15475 NaN NaN NaN 152.95772 -111.64279 -27.90520 256.52563 -184.27390 -23.75568 NaN NaN NaN -4.79361 -208.70049 20.23001 -28.35135 -199.09566 -107.56115
32002 0.16308 NaN NaN NaN 152.96275 -111.66759 -27.89144 256.52429 -184.30324 -23.74857 NaN NaN NaN -4.78731 -208.70857 20.21883 -28.37099 -199.12239 -107.53403
32003 0.17141 NaN NaN NaN 152.99904 -111.63687 -27.85150 256.54846 -184.29823 -23.79134 NaN NaN NaN -4.74198 -208.70323 20.20327 -28.38252 -199.16945 -107.52792
32004 0.17975 NaN NaN NaN 153.01236 -111.61965 -27.83711 256.54913 -184.32153 -23.80248 NaN NaN NaN -4.71618 -208.70755 20.19524 -28.36198 -199.15805 -107.54324
32005 0.18808 NaN NaN NaN 153.01952 -111.62473 -27.84436 256.55341 -184.31534 -23.80861 NaN NaN NaN -4.68973 -208.72865 20.18585 -28.30406 -199.16611 -107.57005
32006 0.19641 NaN NaN NaN 152.98695 -111.65763 -27.90629 256.53757 -184.31894 -23.76262 NaN NaN NaN -4.67499 -208.75143 20.16786 -28.26184 -199.13098 -107.58341
32007 0.20474 NaN NaN NaN 152.96411 -111.65532 -27.91846 256.53439 -184.30724 -23.77555 NaN NaN NaN -4.60343 -208.71942 20.14927 -28.26602 -199.12016 -107.59182
32008 0.21307 NaN NaN NaN 152.98227 -111.68488 -27.91869 256.54156 -184.32980 -23.79488 NaN NaN NaN -4.54728 -208.67960 20.12125 -28.24824 -199.11314 -107.60733
32009 0.22140 NaN NaN NaN 153.00258 -111.69503 -27.88723 256.55823 -184.34024 -23.81805 NaN NaN NaN -4.52557 -208.64914 20.11434 -28.23549 -199.14063 -107.62381
32010 0.22973 NaN NaN NaN 153.00638 -111.70773 -27.90676 256.56516 -184.35301 -23.82757 NaN NaN NaN -4.51481 -208.66142 20.08060 -28.20735 -199.13556 -107.67440
32011 0.23806 NaN NaN NaN 153.01155 -111.68685 -27.88968 256.56668 -184.36945 -23.83313 NaN NaN NaN -4.52689 -208.68370 20.02936 -28.13710 -199.10132 -107.69124
32012 0.24640 NaN NaN NaN 153.01506 -111.71445 -27.93728 256.57199 -184.37222 -23.84409 NaN NaN NaN -4.54313 -208.72545 20.00995 -28.05777 -199.08331 -107.71702
32013 0.25473 NaN NaN NaN 153.01259 -111.72722 -27.93551 256.59183 -184.38432 -23.85633 NaN NaN NaN -4.63830 -208.76952 19.94902 -27.98177 -198.99661 -107.75186
32014 0.26306 NaN NaN NaN 153.02705 -111.76694 -27.96247 256.58502 -184.39169 -23.86891 NaN NaN NaN -4.82796 -208.87714 19.91164 -27.92747 -198.94868 -107.81399
32015 0.27139 NaN NaN NaN 153.01927 -111.76302 -27.97904 256.61035 -184.38959 -23.88774 NaN NaN NaN -4.98508 -208.94070 19.87691 -27.86564 -198.90178 -107.86150
32016 0.27972 NaN NaN NaN 153.01198 -111.77694 -27.99078 256.60724 -184.40353 -23.89702 NaN NaN NaN -5.13087 -209.02362 19.86393 -27.86694 -198.89139 -107.91030
32017 0.28805 NaN NaN NaN 153.03575 -111.72784 -27.99803 256.60587 -184.39970 -23.90312 NaN NaN NaN -5.26501 -209.10216 19.87131 -27.85075 -198.89485 -107.92587
32018 0.29638 NaN NaN NaN 153.02225 -111.73888 -28.03843 256.58685 -184.39525 -23.91070 NaN NaN NaN -5.35702 -209.14534 19.91017 -27.83485 -198.90399 -107.88496
32019 0.30471 NaN NaN NaN 153.03629 -111.70976 -28.02784 256.58188 -184.38405 -23.90262 NaN NaN NaN -5.38627 -209.16261 19.93836 -27.82815 -198.94145 -107.88104
32020 0.31305 NaN NaN NaN 153.03470 -111.74103 -27.99603 256.58121 -184.38446 -23.92369 NaN NaN NaN -5.39178 -209.16534 19.97506 -27.82275 -198.99551 -107.84726
32021 0.32138 NaN NaN NaN 153.02942 -111.76448 -27.96132 256.59778 -184.40683 -23.94189 NaN NaN NaN -5.34090 -209.12367 20.00309 -27.80526 -199.02235 -107.83546
32022 0.32971 NaN NaN NaN 153.03233 -111.78328 -27.90972 256.63892 -184.43335 -23.96335 NaN NaN NaN -5.27529 -209.06161 19.99920 -27.75760 -198.98860 -107.78181
32023 0.33804 NaN NaN NaN 153.03229 -111.79839 -27.86045 256.64288 -184.45676 -23.98105 NaN NaN NaN -5.20663 -209.01883 20.00889 -27.68330 -199.00256 -107.82199
32024 0.34637 NaN NaN NaN 153.07535 -111.78822 -27.82876 256.66403 -184.48112 -24.00171 NaN NaN NaN -5.12058 -208.96159 19.98868 -27.59818 -198.98189 -107.86413
32025 0.35470 NaN NaN NaN 153.09921 -111.77498 -27.78532 256.67896 -184.48244 -24.02350 NaN NaN NaN -5.02290 -208.90062 19.96599 -27.54192 -198.94388 -107.93376
32026 0.36303 NaN NaN NaN 153.12608 -111.79268 -27.75965 256.69919 -184.49712 -24.03623 NaN NaN NaN -4.95071 -208.86870 19.92731 -27.48991 -198.89168 -107.97901
32027 0.37137 NaN NaN NaN 153.13188 -111.80635 -27.73432 256.70801 -184.48409 -24.05229 NaN NaN NaN -4.87314 -208.83656 19.90522 -27.41569 -198.84644 -108.01344
32028 0.37970 NaN NaN NaN 153.12126 -111.86618 -27.68521 256.72626 -184.49170 -24.06868 NaN NaN NaN -4.73896 -208.79773 19.82425 -27.33506 -198.83026 -108.02293
32029 0.38803 NaN NaN NaN 153.11572 -111.88190 -27.70385 256.72876 -184.48598 -24.05980 NaN NaN NaN -4.64057 -208.79185 19.73907 -27.25019 -198.85139 -108.10270
32030 0.39636 NaN NaN NaN 153.12683 -111.87667 -27.69348 256.72128 -184.47655 -24.06986 NaN NaN NaN -4.59856 -208.78233 19.68015 -27.15653 -198.82970 -108.18919
32031 0.40469 NaN NaN NaN 153.11902 -111.86277 -27.69816 256.71835 -184.48317 -24.06852 NaN NaN NaN -4.61240 -208.80888 19.63362 -27.09560 -198.83800 -108.26384
32032 0.41302 NaN NaN NaN 153.12190 -111.84982 -27.69127 256.72580 -184.47937 -24.06853 NaN NaN NaN -4.64064 -208.82408 19.56772 -26.99745 -198.76762 -108.38586
32033 0.42135 NaN NaN NaN 153.09822 -111.83317 -27.72075 256.72388 -184.47662 -24.07467 NaN NaN NaN -4.70522 -208.88004 19.49551 -26.87069 -198.69315 -108.43595
32034 0.42968 NaN NaN NaN 153.09737 -111.81193 -27.71386 256.72006 -184.45279 -24.09115 NaN NaN NaN -4.75818 -208.97832 19.43704 -26.74120 -198.59496 -108.47779
32035 0.43802 NaN NaN NaN 153.10075 -111.80566 -27.71418 256.70584 -184.43962 -24.10904 NaN NaN NaN -4.85684 -209.04323 19.40336 -26.64422 -198.51875 -108.54551
32036 0.44635 NaN NaN NaN 153.10252 -111.81449 -27.69946 256.70560 -184.42113 -24.11352 NaN NaN NaN -4.93080 -209.12766 19.37347 -26.57966 -198.42548 -108.61308
32037 0.45468 NaN NaN NaN 153.10788 -111.81091 -27.71310 256.71204 -184.41965 -24.12180 NaN NaN NaN -5.01456 -209.15350 19.36406 -26.54256 -198.38629 -108.65840
32038 0.46301 NaN NaN NaN 153.10251 -111.81122 -27.67847 256.71716 -184.42242 -24.13148 NaN NaN NaN -5.08524 -209.18167 19.33671 -26.51258 -198.33789 -108.66973
32039 0.47134 NaN NaN NaN 153.10860 -111.79805 -27.65971 256.70935 -184.42677 -24.15162 NaN NaN NaN -5.14147 -209.22707 19.32727 -26.47090 -198.35223 -108.71194
32040 0.47967 NaN NaN NaN 153.10622 -111.80091 -27.65236 256.71802 -184.43628 -24.15611 NaN NaN NaN -5.20218 -209.27531 19.31588 -26.37771 -198.34042 -108.75135
32041 0.48800 NaN NaN NaN 153.11523 -111.81388 -27.63404 256.71518 -184.43614 -24.18159 NaN NaN NaN -5.23517 -209.30759 19.31447 -26.29862 -198.31847 -108.78113
32042 0.49633 NaN NaN NaN 153.13597 -111.84081 -27.61693 256.72876 -184.45207 -24.17408 NaN NaN NaN -5.25300 -209.33188 19.31527 -26.23886 -198.18642 -108.75801
32043 0.50467 NaN NaN NaN 153.13809 -111.84357 -27.60212 256.74484 -184.46779 -24.21249 NaN NaN NaN -5.24629 -209.33179 19.30599 -26.17488 -198.17462 -108.80027
32044 0.51300 NaN NaN NaN 153.13687 -111.86427 -27.58267 256.76202 -184.47142 -24.26287 NaN NaN NaN -5.26128 -209.33107 19.31064 -26.05848 -198.10701 -108.78419
32045 0.52133 NaN NaN NaN 153.14407 -111.86865 -27.55325 256.77777 -184.46899 -24.31025 NaN NaN NaN -5.29141 -209.39719 19.26469 -25.96112 -198.06804 -108.84284
32046 0.52966 NaN NaN NaN 153.16161 -111.87080 -27.56625 256.77661 -184.47443 -24.33294 NaN NaN NaN -5.34851 -209.48499 19.23181 -25.83883 -197.99973 -108.86721
32047 0.53799 NaN NaN NaN 153.14603 -111.84112 -27.57332 256.76999 -184.46761 -24.33891 NaN NaN NaN -5.43446 -209.55519 19.17032 -25.72625 -197.92406 -108.91916
32048 0.54632 NaN NaN NaN 153.12927 -111.83624 -27.61327 256.76648 -184.45317 -24.34530 NaN NaN NaN -5.53457 -209.64197 19.07118 -25.54621 -197.85182 -109.03696
32049 0.55465 NaN NaN NaN 153.10927 -111.79527 -27.65406 256.73874 -184.43036 -24.36325 NaN NaN NaN -5.63139 -209.75029 18.95130 -25.40680 -197.69432 -109.07179
32050 0.56299 NaN NaN NaN 153.10339 -111.77500 -27.69409 256.72238 -184.40970 -24.35925 NaN NaN NaN -5.75631 -209.85060 18.87185 -25.28485 -197.57445 -109.15954
32051 0.57132 NaN NaN NaN 153.07701 -111.73870 -27.73026 256.69589 -184.38722 -24.37156 NaN NaN NaN -5.87461 -209.91660 18.80246 -25.18104 -197.53954 -109.30899
32052 0.57965 NaN NaN NaN 153.07176 -111.73443 -27.72620 256.68015 -184.36746 -24.36215 NaN NaN NaN -5.97140 -210.01563 18.76909 -25.06004 -197.47267 -109.48889
32053 0.58798 NaN NaN NaN 153.09431 -111.68398 -27.75370 256.65732 -184.36150 -24.37089 NaN NaN NaN -6.08031 -210.07814 18.71920 -24.98291 -197.41064 -109.55995
32054 0.59631 NaN NaN NaN 153.08025 -111.70760 -27.74797 256.66061 -184.36377 -24.35874 NaN NaN NaN -6.16154 -210.14529 18.67539 -24.96809 -197.38239 -109.57758
32055 0.60464 NaN NaN NaN 153.08049 -111.72072 -27.72828 256.67642 -184.37442 -24.38490 NaN NaN NaN -6.21732 -210.18137 18.64896 -24.95981 -197.37808 -109.61274
32056 0.61297 NaN NaN NaN 153.09097 -111.76119 -27.69137 256.70288 -184.39500 -24.37838 NaN NaN NaN -6.24603 -210.20285 18.65306 -24.98523 -197.41760 -109.60868
32057 0.62130 NaN NaN NaN 153.11026 -111.77481 -27.65771 256.72437 -184.42949 -24.41593 NaN NaN NaN -6.26023 -210.19699 18.63947 -25.02658 -197.41754 -109.63060
32058 0.62964 NaN NaN NaN 153.13351 -111.79774 -27.62679 256.73608 -184.45430 -24.46153 NaN NaN NaN -6.24203 -210.19096 18.64004 -25.06931 -197.36871 -109.58907
32059 0.63797 NaN NaN NaN 153.15129 -111.81760 -27.60192 256.74634 -184.48845 -24.46357 NaN NaN NaN -6.18130 -210.16144 18.62966 -25.07066 -197.38350 -109.60924
32060 0.64630 NaN NaN NaN 153.16211 -111.83175 -27.56215 256.75592 -184.52446 -24.47140 NaN NaN NaN -6.09103 -210.11673 18.61984 -25.06568 -197.38423 -109.64231
32061 0.65463 NaN NaN NaN 153.16034 -111.85074 -27.52937 256.75342 -184.53413 -24.45411 NaN NaN NaN -5.98620 -210.03525 18.58502 -25.04709 -197.39745 -109.65667
32062 0.66296 NaN NaN NaN 153.15138 -111.89954 -27.50395 256.76202 -184.53081 -24.44386 NaN NaN NaN -5.85516 -209.95995 18.52443 -25.01140 -197.30490 -109.67139
32063 0.67129 NaN NaN NaN 153.12906 -111.89561 -27.50863 256.73340 -184.52731 -24.42638 NaN NaN NaN -5.72476 -209.89375 18.46915 -25.02735 -197.27470 -109.76003
32064 0.67962 NaN NaN NaN 153.10156 -111.87589 -27.54987 256.72830 -184.50249 -24.37690 NaN NaN NaN -5.57044 -209.81520 18.35855 -25.05448 -197.23553 -109.82492
32065 0.68795 NaN NaN NaN 153.10501 -111.83627 -27.54378 256.70618 -184.48917 -24.34700 NaN NaN NaN -5.44964 -209.73886 18.30892 -25.08121 -197.20389 -109.85603
32066 0.69629 NaN NaN NaN 153.10591 -111.81772 -27.56207 256.68530 -184.47260 -24.33108 NaN NaN NaN -5.30510 -209.65016 18.31232 -25.10728 -197.18182 -109.85796
32067 0.70462 NaN NaN NaN 153.08331 -111.82270 -27.53139 256.67593 -184.48442 -24.30279 NaN NaN NaN -5.16359 -209.56314 18.28584 -25.13283 -197.19089 -109.85672
32068 0.71295 NaN NaN NaN 153.09512 -111.82559 -27.50391 256.66040 -184.47656 -24.26847 NaN NaN NaN -5.08107 -209.49635 18.25539 -25.24287 -197.19542 -109.86388
32069 0.72128 NaN NaN NaN 153.06705 -111.83932 -27.47520 256.63980 -184.49535 -24.25928 NaN NaN NaN -5.02277 -209.45076 18.25564 -25.36150 -197.18579 -109.85567
32070 0.72961 NaN NaN NaN 153.07491 -111.84342 -27.47564 256.62369 -184.50255 -24.25065 NaN NaN NaN -4.96874 -209.36099 18.23952 -25.47426 -197.18353 -109.84379
32071 0.73794 NaN NaN NaN 153.05562 -111.84618 -27.47501 256.62762 -184.49141 -24.24391 NaN NaN NaN -4.95622 -209.28528 18.24299 -25.58164 -197.19000 -109.83004
32072 0.74627 NaN NaN NaN 153.06233 -111.81512 -27.48799 256.62668 -184.47736 -24.24326 NaN NaN NaN -4.99351 -209.21561 18.24852 -25.60507 -197.02119 -109.81415
32073 0.75461 NaN NaN NaN 153.05878 -111.79008 -27.48562 256.62549 -184.47125 -24.23293 NaN NaN NaN -5.02296 -209.13629 18.28237 -25.79605 -197.08138 -109.77347
32074 0.76294 NaN NaN NaN 153.07574 -111.75401 -27.54063 256.60526 -184.47514 -24.22997 NaN NaN NaN -5.06598 -209.08937 18.30455 -25.95304 -197.11345 -109.71948
32075 0.77127 NaN NaN NaN 153.05994 -111.72980 -27.55039 256.61826 -184.46820 -24.21800 NaN NaN NaN -5.16113 -209.03908 18.34927 -26.06867 -197.19356 -109.67838
32076 0.77960 NaN NaN NaN 153.06960 -111.71838 -27.59576 256.59158 -184.42529 -24.20214 NaN NaN NaN -5.30196 -209.05185 18.38329 -26.19606 -197.27046 -109.64919
32077 0.78793 NaN NaN NaN 153.04535 -111.67841 -27.63547 256.58124 -184.38693 -24.18247 NaN NaN NaN -5.46648 -209.06087 18.43411 -26.30426 -197.31682 -109.63414
32078 0.79626 NaN NaN NaN 153.05424 -111.67320 -27.64300 256.58368 -184.37534 -24.17570 NaN NaN NaN -5.69304 -209.06619 18.46958 -26.42070 -197.25824 -109.58208
32079 0.80459 NaN NaN NaN 153.05910 -111.65501 -27.63897 256.59348 -184.37062 -24.19526 NaN NaN NaN -5.88553 -209.07715 18.50810 -26.54595 -197.20776 -109.54264
32080 0.81292 NaN NaN NaN 153.08824 -111.65961 -27.61474 256.60712 -184.35947 -24.20725 NaN NaN NaN -6.10362 -209.12482 18.56915 -26.69063 -197.18684 -109.49048
32081 0.82126 NaN NaN NaN 153.11214 -111.68574 -27.57168 256.63132 -184.39485 -24.19072 NaN NaN NaN -6.33315 -209.21611 18.60990 -26.82514 -197.19836 -109.47021
32082 0.82959 NaN NaN NaN 153.12016 -111.71750 -27.56808 256.64893 -184.41502 -24.20471 NaN NaN NaN -6.53985 -209.24486 18.66575 -26.92528 -197.21527 -109.38540
32083 0.83792 NaN NaN NaN 153.14905 -111.72002 -27.51752 256.67398 -184.43904 -24.21080 NaN NaN NaN -6.74141 -209.24913 18.70912 -27.04453 -197.22997 -109.33207
32084 0.84625 NaN NaN NaN 153.15672 -111.72514 -27.50298 256.68344 -184.45230 -24.21263 NaN NaN NaN -6.91479 -209.26262 18.77091 -27.16721 -197.24091 -109.28867
32085 0.85458 NaN NaN NaN 153.15131 -111.69874 -27.49952 256.68518 -184.43712 -24.19917 NaN NaN NaN -7.04756 -209.28893 18.77750 -27.28931 -197.23045 -109.21838
32086 0.86291 NaN NaN NaN 153.15715 -111.70023 -27.50273 256.68677 -184.43378 -24.19559 NaN NaN NaN -7.12214 -209.31178 18.83566 -27.38166 -197.22350 -109.18796
32087 0.87124 NaN NaN NaN 153.17726 -111.62408 -27.43548 256.68546 -184.42555 -24.18335 NaN NaN NaN -7.19338 -209.28697 18.86079 -27.42905 -197.20032 -109.18653
32088 0.87957 NaN NaN NaN 153.17807 -111.65113 -27.49471 256.68579 -184.39592 -24.17475 NaN NaN NaN -7.27241 -209.25551 18.87523 -27.43528 -197.17781 -109.19090
32089 0.88791 NaN NaN NaN 153.15852 -111.67622 -27.54107 256.68817 -184.39912 -24.16325 NaN NaN NaN -7.32207 -209.20291 18.85664 -27.43068 -197.15509 -109.19781
32090 0.89624 NaN NaN NaN 153.14180 -111.69955 -27.56571 256.68823 -184.38690 -24.15524 NaN NaN NaN -7.30847 -209.17555 18.85955 -27.39941 -197.12192 -109.20181
32091 0.90457 NaN NaN NaN 153.14043 -111.66862 -27.57847 256.68390 -184.37271 -24.15035 NaN NaN NaN -7.27713 -209.14391 18.85677 -27.36914 -197.09642 -109.20573
32092 0.91290 NaN NaN NaN 153.13597 -111.64118 -27.62131 256.68933 -184.33614 -24.13737 NaN NaN NaN -7.18456 -209.10210 18.84256 -27.28217 -197.02820 -109.17464
32093 0.92123 NaN NaN NaN 153.13177 -111.59684 -27.64829 256.70001 -184.31061 -24.11452 NaN NaN NaN -7.09097 -209.04230 18.79638 -27.17686 -196.90048 -109.20210
32094 0.92956 NaN NaN NaN 153.13350 -111.56020 -27.67009 256.68411 -184.29179 -24.08736 NaN NaN NaN -7.03204 -208.98538 18.76016 -27.04661 -196.80740 -109.26225
32095 0.93789 NaN NaN NaN 153.10503 -111.53555 -27.68723 256.67798 -184.27295 -24.07417 NaN NaN NaN -6.97138 -208.92920 18.68913 -26.91728 -196.67886 -109.34396
32096 0.94622 NaN NaN NaN 153.09798 -111.51082 -27.69772 256.66159 -184.23891 -24.03877 NaN NaN NaN -6.90803 -208.87645 18.63327 -26.77800 -196.51524 -109.48005
32097 0.95456 NaN NaN NaN 153.08328 -111.50961 -27.72045 256.62936 -184.20326 -24.01465 NaN NaN NaN -6.86263 -208.87892 18.55272 -26.62050 -196.35799 -109.59098
32098 0.96289 NaN NaN NaN 153.07843 -111.48222 -27.73441 256.59552 -184.17030 -23.96833 NaN NaN NaN -6.83146 -208.84152 18.47406 -26.48549 -196.22208 -109.67815
32099 0.97122 NaN NaN NaN 153.06050 -111.46613 -27.74299 256.58466 -184.14058 -23.94501 NaN NaN NaN -6.77269 -208.74977 18.37868 -26.33596 -196.12099 -109.75214
32100 0.97955 NaN NaN NaN 153.03877 -111.44610 -27.74804 256.57874 -184.11810 -23.93854 NaN NaN NaN -6.69285 -208.67227 18.29774 -26.17287 -195.99541 -109.79129
32101 0.98788 NaN NaN NaN 153.03012 -111.43697 -27.74709 256.57755 -184.11874 -23.95295 NaN NaN NaN -6.63990 -208.64804 18.23189 -25.99847 -195.86971 -109.86147
32102 0.99621 NaN NaN NaN 153.03004 -111.41750 -27.74685 256.57794 -184.11758 -23.95565 NaN NaN NaN -6.60014 -208.62610 18.16120 -25.77798 -195.66083 -109.97777
32103 1.00454 NaN NaN NaN 153.02806 -111.41603 -27.74182 256.56570 -184.12190 -23.95982 NaN NaN NaN -6.54095 -208.57132 18.08116 -25.62770 -195.55498 -110.20834
32104 1.01288 NaN NaN NaN 153.03584 -111.41251 -27.74457 256.56442 -184.11179 -23.95889 NaN NaN NaN -6.45329 -208.52727 18.01286 -25.55783 -195.50603 -110.19822
32105 1.02121 NaN NaN NaN 153.03326 -111.41826 -27.74568 256.55966 -184.08035 -23.95738 NaN NaN NaN -6.39197 -208.47101 17.98207 -25.55035 -195.56718 -110.29335
32106 1.02954 NaN NaN NaN 153.03781 -111.41814 -27.74808 256.57788 -184.08295 -23.97816 NaN NaN NaN -6.35048 -208.44118 17.91551 -25.52783 -195.56161 -110.26635
32107 1.03787 NaN NaN NaN 153.03723 -111.42157 -27.73818 256.58234 -184.06657 -23.99049 NaN NaN NaN -6.34713 -208.44218 17.86560 -25.48133 -195.61150 -110.31070
32108 1.04620 NaN NaN NaN 153.02998 -111.40656 -27.73590 256.60022 -184.05663 -24.01691 NaN NaN NaN -6.36750 -208.46381 17.82169 -25.44966 -195.60768 -110.33406
32109 1.05453 NaN NaN NaN 153.02136 -111.41698 -27.72351 256.58545 -184.05783 -24.04976 NaN NaN NaN -6.39295 -208.49770 17.79637 -25.39152 -195.60088 -110.41658
32110 1.06286 NaN NaN NaN 153.03467 -111.40110 -27.73151 256.59341 -184.06035 -24.05672 NaN NaN NaN -6.43549 -208.52513 17.79555 -25.37248 -195.53966 -110.44601
32111 1.07119 NaN NaN NaN 153.01025 -111.38665 -27.73990 256.58511 -184.04388 -24.07510 NaN NaN NaN -6.49973 -208.53529 17.80885 -25.39832 -195.53622 -110.45464
32112 1.07953 NaN NaN NaN 153.03535 -111.37411 -27.73024 256.59256 -184.01550 -24.09376 NaN NaN NaN -6.56664 -208.55214 17.80933 -25.40075 -195.47513 -110.40295
32113 1.08786 NaN NaN NaN 153.01917 -111.38652 -27.72898 256.57483 -184.02354 -24.10851 NaN NaN NaN -6.63349 -208.59370 17.82441 -25.39439 -195.52069 -110.43873
32114 1.09619 NaN NaN NaN 153.03099 -111.36021 -27.72252 256.58902 -184.02872 -24.12441 NaN NaN NaN -6.69692 -208.66040 17.80271 -25.38376 -195.47754 -110.39481
32115 1.10452 NaN NaN NaN 153.02687 -111.35813 -27.71091 256.61380 -184.03801 -24.14355 NaN NaN NaN -6.77377 -208.69356 17.83716 -25.38499 -195.53294 -110.44205
32116 1.11285 NaN NaN NaN 153.05705 -111.37241 -27.67912 256.62051 -184.05147 -24.17277 NaN NaN NaN -6.85367 -208.71780 17.86127 -25.38712 -195.48450 -110.33399
32117 1.12118 NaN NaN NaN 153.06985 -111.39967 -27.58107 256.65182 -184.08096 -24.20365 NaN NaN NaN -6.92906 -208.72244 17.89765 -25.39590 -195.52170 -110.31385
32118 1.12951 NaN NaN NaN 153.08308 -111.42890 -27.54221 256.68689 -184.12361 -24.23266 NaN NaN NaN -6.95022 -208.71098 17.96360 -25.36905 -195.42918 -110.20264
32119 1.13784 NaN NaN NaN 153.08737 -111.46239 -27.48293 256.69724 -184.14357 -24.27365 NaN NaN NaN -6.94411 -208.71326 18.04649 -25.35353 -195.38010 -110.12772
32120 1.14618 NaN NaN NaN 153.10558 -111.49883 -27.45946 256.70074 -184.15399 -24.31842 NaN NaN NaN -6.94993 -208.73872 18.09170 -25.33578 -195.37161 -110.11662
32121 1.15451 NaN NaN NaN 153.13295 -111.54680 -27.43743 256.70499 -184.14711 -24.35157 NaN NaN NaN -6.93733 -208.75972 18.14437 -25.31679 -195.38106 -110.10796
32122 1.16284 NaN NaN NaN 153.14641 -111.58971 -27.42470 256.72617 -184.16214 -24.36445 NaN NaN NaN -6.96430 -208.80130 18.18401 -25.21802 -195.31438 -110.09295
32123 1.17117 NaN NaN NaN 153.14011 -111.61530 -27.43774 256.73743 -184.17351 -24.40192 NaN NaN NaN -6.98597 -208.84352 18.21703 -25.19114 -195.36844 -109.99089
32124 1.17950 NaN NaN NaN 153.14388 -111.62840 -27.47212 256.74268 -184.18414 -24.41602 NaN NaN NaN -7.01331 -208.89502 18.24711 -25.23218 -195.45897 -109.96555
32125 1.18783 NaN NaN NaN 153.14581 -111.61774 -27.50833 256.73581 -184.18723 -24.42863 NaN NaN NaN -7.01197 -208.92235 18.26298 -25.28913 -195.57999 -109.96266
32126 1.19616 NaN NaN NaN 153.13609 -111.64453 -27.53787 256.71301 -184.19237 -24.42052 NaN NaN NaN -6.99815 -208.98286 18.28542 -25.32927 -195.66975 -109.94308
32127 1.20450 NaN NaN NaN 153.13190 -111.64266 -27.56230 256.70645 -184.17880 -24.42560 NaN NaN NaN -6.97958 -209.00713 18.30005 -25.34440 -195.71880 -109.91383
32128 1.21283 NaN NaN NaN 153.12125 -111.63238 -27.61968 256.69919 -184.16974 -24.41461 NaN NaN NaN -6.94917 -209.02141 18.31561 -25.36157 -195.77805 -109.91589
32129 1.22116 NaN NaN NaN 153.09381 -111.59624 -27.65046 256.69470 -184.14520 -24.39512 NaN NaN NaN -6.91177 -209.04337 18.31961 -25.38671 -195.81660 -109.91415
32130 1.22949 NaN NaN NaN 153.08585 -111.59307 -27.65981 256.69455 -184.15263 -24.37070 NaN NaN NaN -6.86266 -209.07001 18.32380 -25.32555 -195.71577 -109.90471
32131 1.23782 NaN NaN NaN 153.06212 -111.56004 -27.67941 256.67923 -184.14799 -24.35761 NaN NaN NaN -6.79876 -209.07645 18.30187 -25.37805 -195.83609 -109.91111
32132 1.24615 NaN NaN NaN 153.06639 -111.56023 -27.68047 256.65622 -184.14388 -24.35367 NaN NaN NaN -6.70338 -209.04631 18.28391 -25.40683 -195.93031 -109.90899
32133 1.25448 NaN NaN NaN 153.04312 -111.54247 -27.69206 256.66168 -184.14223 -24.33467 NaN NaN NaN -6.62065 -209.03296 18.25662 -25.39647 -195.98940 -109.87149
32134 1.26281 NaN NaN NaN 153.04144 -111.54660 -27.69403 256.65097 -184.13332 -24.32995 NaN NaN NaN -6.57026 -209.01018 18.27067 -25.41137 -196.02362 -109.88392
32135 1.27115 NaN NaN NaN 153.02499 -111.52958 -27.70823 256.64856 -184.13008 -24.33191 NaN NaN NaN -6.52036 -209.01239 18.28620 -25.43306 -196.05928 -109.84550
32136 1.27948 NaN NaN NaN 153.00772 -111.54262 -27.72072 256.60681 -184.14314 -24.31746 NaN NaN NaN -6.49345 -209.00124 18.29983 -25.49260 -196.14354 -109.83779
32137 1.28781 NaN NaN NaN 152.99121 -111.51999 -27.73668 256.59811 -184.12494 -24.30813 NaN NaN NaN -6.48576 -208.97563 18.30954 -25.57246 -196.22717 -109.82788
32138 1.29614 NaN NaN NaN 152.98679 -111.52986 -27.74541 256.58472 -184.12807 -24.31007 NaN NaN NaN -6.49890 -208.93712 18.32926 -25.66551 -196.29497 -109.79437
32139 1.30447 NaN NaN NaN 152.97874 -111.52943 -27.73621 256.57932 -184.12512 -24.31845 NaN NaN NaN -6.48386 -208.89580 18.37137 -25.80654 -196.38646 -109.85400
32140 1.31280 NaN NaN NaN 152.99796 -111.53233 -27.74188 256.58081 -184.15794 -24.31712 NaN NaN NaN -6.49868 -208.87402 18.37966 -25.91580 -196.40865 -109.77297
32141 1.32113 NaN NaN NaN 153.00763 -111.55429 -27.72848 256.60568 -184.16777 -24.33462 NaN NaN NaN -6.54564 -208.88252 18.38636 -25.95763 -196.43349 -109.72607
32142 1.32946 NaN NaN NaN 153.03065 -111.56931 -27.71042 256.60370 -184.18330 -24.34072 NaN NaN NaN -6.62365 -208.90437 18.41629 -26.06808 -196.44684 -109.74110
32143 1.33780 NaN NaN NaN 153.04828 -111.57584 -27.69881 256.62854 -184.19510 -24.34128 NaN NaN NaN -6.71588 -208.89029 18.45321 -26.19222 -196.42061 -109.73129
32144 1.34613 NaN NaN NaN 153.06506 -111.60172 -27.68987 256.64261 -184.20592 -24.34680 NaN NaN NaN -6.77272 -208.87416 18.48305 -26.32733 -196.43434 -109.72559
32145 1.35446 NaN NaN NaN 153.06876 -111.58553 -27.69226 256.65927 -184.20839 -24.33703 NaN NaN NaN -6.80056 -208.86269 18.49172 -26.46398 -196.51062 -109.76007
32146 1.36279 NaN NaN NaN 153.07758 -111.59192 -27.69645 256.64740 -184.22591 -24.33087 NaN NaN NaN -6.83181 -208.86444 18.52868 -26.54549 -196.48856 -109.66441
32147 1.37112 NaN NaN NaN 153.07648 -111.59144 -27.69183 256.65546 -184.23059 -24.33152 NaN NaN NaN -6.82780 -208.81839 18.56302 -26.64520 -196.50829 -109.59755
32148 1.37945 NaN NaN NaN 153.08116 -111.59814 -27.69106 256.66345 -184.25050 -24.32223 NaN NaN NaN -6.80690 -208.75102 18.61830 -26.71282 -196.50494 -109.51524
32149 1.38778 NaN NaN NaN 153.08440 -111.58615 -27.69146 256.66656 -184.24538 -24.33870 NaN NaN NaN -6.78808 -208.71663 18.65531 -26.78810 -196.57137 -109.43879
32150 1.39612 NaN NaN NaN 153.10359 -111.57916 -27.68501 256.66452 -184.23068 -24.35600 NaN NaN NaN -6.79719 -208.69490 18.69295 -26.86616 -196.66330 -109.41647
32151 1.40445 NaN NaN NaN 153.11774 -111.59058 -27.66339 256.69153 -184.23993 -24.36120 NaN NaN NaN -6.82837 -208.67549 18.73209 -26.92414 -196.77161 -109.30171
32152 1.41278 NaN NaN NaN 153.14268 -111.63292 -27.61539 256.73657 -184.27553 -24.39561 NaN NaN NaN -6.86502 -208.67081 18.77058 -26.99510 -196.82715 -109.26289
32153 1.42111 NaN NaN NaN 153.18645 -111.65379 -27.55612 256.76563 -184.30428 -24.41420 NaN NaN NaN -6.91191 -208.65895 18.80184 -27.02843 -196.89253 -109.23211
32154 1.42944 NaN NaN NaN 153.20532 -111.68734 -27.50350 256.79630 -184.30679 -24.44663 NaN NaN NaN -6.97820 -208.72485 18.87511 -27.04900 -196.92021 -109.22105
32155 1.43777 NaN NaN NaN 153.21159 -111.70390 -27.47031 256.82245 -184.34590 -24.42032 NaN NaN NaN -7.03446 -208.73505 18.91968 -27.10065 -196.94243 -109.16885
32156 1.44610 NaN NaN NaN 153.22705 -111.70071 -27.45550 256.85324 -184.33893 -24.40526 NaN NaN NaN -7.09237 -208.74341 19.00570 -27.20289 -197.05904 -109.13130
32157 1.45443 NaN NaN NaN 153.24147 -111.68528 -27.41555 256.88086 -184.31233 -24.38128 NaN NaN NaN -7.13893 -208.70107 19.08048 -27.30110 -197.13171 -109.07295
32158 1.46277 NaN NaN NaN 153.24869 -111.68348 -27.40268 256.88791 -184.29251 -24.38562 NaN NaN NaN -7.16646 -208.66371 19.15698 -27.39753 -197.25716 -109.02978
32159 1.47110 NaN NaN NaN 153.26936 -111.66631 -27.39079 256.91687 -184.27383 -24.37208 NaN NaN NaN -7.17061 -208.62691 19.21710 -27.50756 -197.36861 -108.96230
32160 1.47943 NaN NaN NaN 153.29056 -111.68346 -27.38013 256.93774 -184.28242 -24.37913 NaN NaN NaN -7.19606 -208.62115 19.28587 -27.62966 -197.49976 -108.90857
32161 1.48776 NaN NaN NaN 153.30577 -111.67940 -27.37757 256.94778 -184.26659 -24.38008 NaN NaN NaN -7.20225 -208.60822 19.35479 -27.73255 -197.60138 -108.87556
32162 1.49609 NaN NaN NaN 153.31441 -111.64027 -27.32673 256.95279 -184.27522 -24.40468 NaN NaN NaN -7.20984 -208.58188 19.39027 -27.81636 -197.66745 -108.82797
32163 1.50442 NaN NaN NaN 153.29115 -111.66938 -27.37483 256.95023 -184.25620 -24.40096 NaN NaN NaN -7.19012 -208.55403 19.39626 -27.89082 -197.69420 -108.82421
32164 1.51275 NaN NaN NaN 153.28418 -111.67245 -27.39980 256.94308 -184.25670 -24.39140 NaN NaN NaN -7.16423 -208.49904 19.39570 -27.91301 -197.71712 -108.79530
32165 1.52108 NaN NaN NaN 153.27463 -111.67765 -27.40441 256.93488 -184.23354 -24.37156 NaN NaN NaN -7.08548 -208.45468 19.40421 -27.96295 -197.72920 -108.75672
32166 1.52942 NaN NaN NaN 153.26311 -111.65868 -27.41118 256.91327 -184.22400 -24.35813 NaN NaN NaN -6.97708 -208.41998 19.40472 -28.02292 -197.75780 -108.74918
32167 1.53775 NaN NaN NaN 153.23714 -111.65169 -27.42011 256.89780 -184.22987 -24.34148 NaN NaN NaN -6.88790 -208.39859 19.41474 -28.10024 -197.81650 -108.76961
32168 1.54608 NaN NaN NaN 153.21864 -111.64336 -27.42126 256.85672 -184.22476 -24.31209 NaN NaN NaN -6.76886 -208.34218 19.41556 -28.13387 -197.86014 -108.72692
32169 1.55441 NaN NaN NaN 153.19331 -111.63444 -27.42446 256.82773 -184.21971 -24.28535 NaN NaN NaN -6.61681 -208.20538 19.37790 -28.16401 -197.88513 -108.70954
32170 1.56274 NaN NaN NaN 153.17630 -111.63776 -27.41749 256.79388 -184.23303 -24.27372 NaN NaN NaN -6.47972 -208.09715 19.35335 -28.15670 -197.89053 -108.74048
32171 1.57107 NaN NaN NaN 153.15990 -111.64605 -27.40394 256.78400 -184.23665 -24.28547 NaN NaN NaN -6.36064 -208.05136 19.31693 -28.15970 -197.88570 -108.76761
32172 1.57940 NaN NaN NaN 153.15526 -111.69286 -27.38799 256.77975 -184.26599 -24.29723 NaN NaN NaN -6.20634 -207.99471 19.28387 -28.09946 -197.81110 -108.81691
32173 1.58773 NaN NaN NaN 153.14453 -111.70654 -27.37796 256.80698 -184.29460 -24.31837 NaN NaN NaN -6.03099 -207.89894 19.25845 -28.04873 -197.78426 -108.85075
32174 1.59607 NaN NaN NaN 153.15068 -111.73262 -27.35900 256.81516 -184.30528 -24.32818 NaN NaN NaN -5.91135 -207.82481 19.21708 -27.97649 -197.77516 -108.88329
32175 1.60440 NaN NaN NaN 153.15271 -111.72914 -27.34511 256.82181 -184.30661 -24.36888 NaN NaN NaN -5.80597 -207.74126 19.17767 -27.89150 -197.75305 -108.90298
32176 1.61273 NaN NaN NaN 153.15312 -111.75649 -27.34436 256.81787 -184.30067 -24.38441 NaN NaN NaN -5.66018 -207.63533 19.11487 -27.83149 -197.71194 -108.92670
32177 1.62106 NaN NaN NaN 153.15305 -111.75996 -27.33644 256.81747 -184.30215 -24.36172 NaN NaN NaN -5.52286 -207.52679 19.06779 -27.74716 -197.66867 -108.95732
32178 1.62939 NaN NaN NaN 153.15779 -111.74773 -27.34752 256.81744 -184.29366 -24.37211 NaN NaN NaN -5.38316 -207.44623 19.01631 -27.68617 -197.59802 -108.97443
32179 1.63772 NaN NaN NaN 153.12869 -111.72429 -27.35339 256.80838 -184.26340 -24.36008 NaN NaN NaN -5.22452 -207.37346 18.95113 -27.63953 -197.56857 -109.00868
32180 1.64605 NaN NaN NaN 153.13742 -111.69542 -27.36961 256.81299 -184.21799 -24.37683 NaN NaN NaN -5.14482 -207.31386 18.93424 -27.58491 -197.53456 -109.03487
32181 1.65439 NaN NaN NaN 153.12823 -111.68339 -27.37070 256.80161 -184.19060 -24.37472 NaN NaN NaN -5.03603 -207.25542 18.89625 -27.50577 -197.48784 -109.05769
32182 1.66272 NaN NaN NaN 153.14174 -111.68264 -27.38078 256.80457 -184.18233 -24.36498 NaN NaN NaN -4.94115 -207.21667 18.85468 -27.43279 -197.42783 -109.04951
32183 1.67105 NaN NaN NaN 153.14622 -111.66426 -27.37608 256.80896 -184.15993 -24.37123 NaN NaN NaN -4.88459 -207.18816 18.83787 -27.39268 -197.38469 -109.07128
32184 1.67938 NaN NaN NaN 153.17628 -111.65063 -27.38225 256.83618 -184.16174 -24.39737 NaN NaN NaN -4.85637 -207.18704 18.83880 -27.37189 -197.37706 -109.06363
32185 1.68771 NaN NaN NaN 153.15956 -111.63576 -27.37375 256.85349 -184.17273 -24.40420 NaN NaN NaN -4.84041 -207.22276 18.83694 -27.37160 -197.39178 -109.05638
32186 1.69604 NaN NaN NaN 153.17928 -111.61924 -27.37724 256.86026 -184.17073 -24.40585 NaN NaN NaN -4.84032 -207.25362 18.83626 -27.39976 -197.45053 -109.08296
32187 1.70437 NaN NaN NaN 153.18669 -111.63381 -27.37168 256.87329 -184.16423 -24.41944 NaN NaN NaN -4.83441 -207.28757 18.84913 -27.40288 -197.49850 -109.06570
32188 1.71270 NaN NaN NaN 153.20889 -111.64641 -27.37442 256.89099 -184.16672 -24.44396 NaN NaN NaN -4.86037 -207.34450 18.83124 -27.39130 -197.51726 -109.07001
32189 1.72104 NaN NaN NaN 153.20773 -111.66600 -27.37312 256.90601 -184.16740 -24.46144 NaN NaN NaN -4.91231 -207.40562 18.80952 -27.35756 -197.52568 -109.08884
32190 1.72937 NaN NaN NaN 153.21640 -111.66461 -27.37086 256.90662 -184.19617 -24.46441 NaN NaN NaN -4.97412 -207.47359 18.79796 -27.32661 -197.50868 -109.10390
32191 1.73770 NaN NaN NaN 153.22920 -111.66587 -27.37940 256.92673 -184.20578 -24.46763 NaN NaN NaN -5.00838 -207.51697 18.78470 -27.30913 -197.53423 -109.16425
32192 1.74603 NaN NaN NaN 153.22267 -111.67622 -27.38266 256.93060 -184.21648 -24.48909 NaN NaN NaN -4.99009 -207.54323 18.77211 -27.28483 -197.54854 -109.19412
32193 1.75436 NaN NaN NaN 153.23421 -111.69194 -27.37511 256.94043 -184.21674 -24.49220 NaN NaN NaN -4.98077 -207.56245 18.75455 -27.25152 -197.58716 -109.23662
32194 1.76269 NaN NaN NaN 153.22716 -111.70141 -27.39111 256.93317 -184.24072 -24.49881 NaN NaN NaN -4.95394 -207.57530 18.72816 -27.19508 -197.60527 -109.23151
32195 1.77102 NaN NaN NaN 153.23015 -111.71450 -27.40091 256.93954 -184.23373 -24.48989 NaN NaN NaN -4.92974 -207.56398 18.70029 -27.16010 -197.61458 -109.28055
32196 1.77935 NaN NaN NaN 153.24849 -111.62068 -27.35594 256.93011 -184.23285 -24.50088 NaN NaN NaN -4.87786 -207.56032 18.69291 -27.12371 -197.61272 -109.30552
32197 1.78769 NaN NaN NaN 153.23055 -111.66329 -27.39589 256.93701 -184.24181 -24.49789 NaN NaN NaN -4.85314 -207.55922 18.68651 -27.05412 -197.60710 -109.31869
32198 1.79602 NaN NaN NaN 153.23016 -111.68064 -27.44535 256.92752 -184.25241 -24.50569 NaN NaN NaN -4.88385 -207.58913 18.67092 -27.02073 -197.52606 -109.29336
32199 1.80435 NaN NaN NaN 153.23878 -111.70956 -27.42815 256.94293 -184.25105 -24.50319 NaN NaN NaN -4.94853 -207.62868 18.66564 -26.97826 -197.53404 -109.33152
32200 1.81268 NaN NaN NaN 153.25218 -111.73158 -27.40657 256.94128 -184.28958 -24.53255 NaN NaN NaN -5.02516 -207.66391 18.71849 -26.98202 -197.56017 -109.32912
32201 1.82101 NaN NaN NaN 153.26550 -111.73836 -27.39417 256.94867 -184.29494 -24.52447 NaN NaN NaN -5.07384 -207.70158 18.77997 -27.00684 -197.51889 -109.19386
32202 1.82934 NaN NaN NaN 153.28468 -111.74680 -27.36776 256.95441 -184.31104 -24.55821 NaN NaN NaN -5.12849 -207.73643 18.83933 -27.04605 -197.55296 -109.17030
32203 1.83767 NaN NaN NaN 153.27022 -111.74471 -27.36108 256.96341 -184.32178 -24.56129 NaN NaN NaN -5.17748 -207.77461 18.90532 -27.08051 -197.50124 -109.05790
32204 1.84601 NaN NaN NaN 153.26027 -111.78748 -27.33563 256.97589 -184.33894 -24.59110 NaN NaN NaN -5.26280 -207.83301 18.96279 -27.12714 -197.48750 -108.99476
32205 1.85434 NaN NaN NaN 153.27092 -111.80064 -27.33015 256.98944 -184.35675 -24.62061 NaN NaN NaN -5.37385 -207.88539 19.02452 -27.16647 -197.50659 -108.96690
32206 1.86267 NaN NaN NaN 153.26982 -111.81638 -27.32323 256.98907 -184.36580 -24.64463 NaN NaN NaN -5.46530 -207.94620 19.09451 -27.19763 -197.52834 -108.92087
32207 1.87100 NaN NaN NaN 153.26071 -111.82998 -27.35013 256.99786 -184.35268 -24.65275 NaN NaN NaN -5.53403 -207.97824 19.14393 -27.20893 -197.52386 -108.87525
32208 1.87933 NaN NaN NaN 153.24916 -111.82158 -27.37353 256.99463 -184.34509 -24.65854 NaN NaN NaN -5.61808 -208.03426 19.21600 -27.17471 -197.49803 -108.85690
32209 1.88766 NaN NaN NaN 153.23990 -111.79427 -27.41193 256.96033 -184.33072 -24.63881 NaN NaN NaN -5.73127 -208.07973 19.24951 -27.14718 -197.48701 -108.85025
32210 1.89599 NaN NaN NaN 153.21654 -111.76982 -27.45554 256.92627 -184.32632 -24.62897 NaN NaN NaN -5.87188 -208.13182 19.24020 -27.13741 -197.47166 -108.87411
32211 1.90432 NaN NaN NaN 153.21614 -111.74883 -27.46743 256.91434 -184.29732 -24.62309 NaN NaN NaN -6.00192 -208.22339 19.21943 -27.10455 -197.47925 -108.89642
32212 1.91266 NaN NaN NaN 153.21339 -111.73308 -27.48465 256.90872 -184.27176 -24.63954 NaN NaN NaN -6.11103 -208.32776 19.21412 -27.09495 -197.43390 -108.90395
32213 1.92099 NaN NaN NaN 153.20778 -111.71774 -27.47009 256.90533 -184.24585 -24.63417 NaN NaN NaN -6.20162 -208.43661 19.23652 -27.07426 -197.43437 -108.91101
32214 1.92932 NaN NaN NaN 153.23071 -111.65343 -27.41105 256.93384 -184.26811 -24.65622 NaN NaN NaN -6.27906 -208.49979 19.25290 -27.07768 -197.46724 -108.90590
32215 1.93765 NaN NaN NaN 153.22911 -111.70438 -27.40962 256.95648 -184.26871 -24.66625 NaN NaN NaN -6.37085 -208.56691 19.29207 -27.09067 -197.50182 -108.89241
32216 1.94598 NaN NaN NaN 153.22397 -111.69043 -27.33004 256.97528 -184.27895 -24.67628 NaN NaN NaN -6.47062 -208.61389 19.32958 -27.11427 -197.51289 -108.86495
32217 1.95431 NaN NaN NaN 153.21213 -111.72630 -27.36651 256.97705 -184.28191 -24.67826 NaN NaN NaN -6.51695 -208.64328 19.36458 -27.17894 -197.55997 -108.83827
32218 1.96264 NaN NaN NaN 153.21129 -111.78531 -27.35605 256.97708 -184.28326 -24.68129 NaN NaN NaN -6.56448 -208.68144 19.40388 -27.22394 -197.59248 -108.80570
32219 1.97097 NaN NaN NaN 153.22264 -111.73385 -27.30105 256.97324 -184.27499 -24.69593 NaN NaN NaN -6.58353 -208.67828 19.41666 -27.25717 -197.62941 -108.77542
32220 1.97931 NaN NaN NaN 153.21890 -111.76353 -27.33862 256.94971 -184.24536 -24.69809 NaN NaN NaN -6.58224 -208.66702 19.43816 -27.26509 -197.63632 -108.74923
32221 1.98764 NaN NaN NaN 153.18489 -111.74444 -27.37081 256.90799 -184.21860 -24.66454 NaN NaN NaN -6.57179 -208.64146 19.43795 -27.27802 -197.63249 -108.74065
32222 1.99597 NaN NaN NaN 153.15485 -111.72342 -27.40507 256.85577 -184.19304 -24.65832 NaN NaN NaN -6.54034 -208.60667 19.42700 -27.28794 -197.63069 -108.70848
32223 2.00430 NaN NaN NaN 153.13560 -111.67336 -27.43673 256.80136 -184.17082 -24.61863 NaN NaN NaN -6.44502 -208.52356 19.41683 -27.31576 -197.64346 -108.72508
32224 2.01263 NaN NaN NaN 153.12656 -111.64309 -27.48332 256.76746 -184.13440 -24.55264 NaN NaN NaN -6.29733 -208.40123 19.39811 -27.34380 -197.66051 -108.69482
32225 2.02096 NaN NaN NaN 153.10493 -111.59303 -27.49157 256.74011 -184.09599 -24.51264 NaN NaN NaN -6.11013 -208.26483 19.38495 -27.39641 -197.72610 -108.71178
32226 2.02929 NaN NaN NaN 153.08186 -111.56751 -27.49264 256.71494 -184.08710 -24.50614 NaN NaN NaN -5.89620 -208.11188 19.36733 -27.42451 -197.75989 -108.70967
32227 2.03763 NaN NaN NaN 153.06450 -111.55298 -27.46058 256.69354 -184.06789 -24.48398 NaN NaN NaN -5.72366 -207.97415 19.36101 -27.48367 -197.81931 -108.67088
32228 2.04596 NaN NaN NaN 153.03650 -111.58408 -27.41959 256.68704 -184.08034 -24.51261 NaN NaN NaN -5.50561 -207.87796 19.35967 -27.54280 -197.85361 -108.59700
32229 2.05429 NaN NaN NaN 153.05252 -111.63166 -27.37364 256.70844 -184.11562 -24.51908 NaN NaN NaN -5.27225 -207.74847 19.37726 -27.62365 -197.90672 -108.52714
32230 2.06262 NaN NaN NaN 153.06802 -111.66860 -27.36030 256.71567 -184.16541 -24.54735 NaN NaN NaN -5.13015 -207.64636 19.43732 -27.70152 -197.95416 -108.44412
32231 2.07095 NaN NaN NaN 153.07645 -111.69205 -27.34304 256.75470 -184.22092 -24.57068 NaN NaN NaN -5.05835 -207.58727 19.50674 -27.77297 -197.95427 -108.25082
32232 2.07928 NaN NaN NaN 153.08705 -111.70788 -27.33949 256.76843 -184.24290 -24.58392 NaN NaN NaN -5.03784 -207.52788 19.58576 -27.89641 -198.08676 -108.19286
32233 2.08761 NaN NaN NaN 153.09468 -111.72847 -27.33657 256.78711 -184.24352 -24.59879 NaN NaN NaN -5.05602 -207.50043 19.66414 -28.06487 -198.22969 -108.16035
32234 2.09594 NaN NaN NaN 153.11621 -111.74546 -27.34652 256.80795 -184.23804 -24.60796 NaN NaN NaN -5.08323 -207.50528 19.77236 -28.23951 -198.36595 -108.08508
32235 2.10428 NaN NaN NaN 153.12724 -111.73632 -27.34932 256.79773 -184.22049 -24.59886 NaN NaN NaN -5.14377 -207.48907 19.85759 -28.36060 -198.44569 -108.04300
32236 2.11261 NaN NaN NaN 153.13142 -111.71052 -27.36625 256.79712 -184.22890 -24.59127 NaN NaN NaN -5.29529 -207.52753 19.94105 -28.51596 -198.51108 -107.90649
32237 2.12094 NaN NaN NaN 153.12610 -111.69330 -27.36854 256.79559 -184.24022 -24.58000 NaN NaN NaN -5.48181 -207.54205 20.00783 -28.67747 -198.61285 -107.84300
32238 2.12927 NaN NaN NaN 153.13342 -111.68403 -27.37547 256.81470 -184.23326 -24.56004 NaN NaN NaN -5.65052 -207.55727 20.07641 -28.86140 -198.74330 -107.80754
32239 2.13760 NaN NaN NaN 153.13477 -111.68958 -27.37408 256.78677 -184.24889 -24.54161 NaN NaN NaN -5.77128 -207.59814 20.18761 -29.05681 -198.88179 -107.73626
32240 2.14593 NaN NaN NaN 153.15022 -111.70355 -27.36374 256.79416 -184.25337 -24.53741 NaN NaN NaN -5.86136 -207.63315 20.27627 -29.22367 -199.03955 -107.60686
32241 2.15426 NaN NaN NaN 153.14798 -111.72350 -27.34363 256.81100 -184.23572 -24.52200 NaN NaN NaN -5.91896 -207.66467 20.37246 -29.43103 -199.20314 -107.47121
32242 2.16259 NaN NaN NaN 153.14886 -111.70956 -27.31895 256.83072 -184.23114 -24.50334 NaN NaN NaN -5.92753 -207.63527 20.46443 -29.65681 -199.37878 -107.32115
32243 2.17093 NaN NaN NaN 153.13611 -111.70665 -27.28848 256.82690 -184.23662 -24.50796 NaN NaN NaN -5.83801 -207.54599 20.55931 -29.90793 -199.56345 -107.21909
32244 2.17926 NaN NaN NaN 153.17477 -111.70441 -27.24629 256.87604 -184.25267 -24.50715 NaN NaN NaN -5.70965 -207.38959 20.66740 -30.11404 -199.73695 -107.09444
32245 2.18759 NaN NaN NaN 153.24904 -111.70669 -27.20564 256.91110 -184.27859 -24.52778 NaN NaN NaN -5.62448 -207.30817 20.76626 -30.23065 -199.87787 -106.95215
32246 2.19592 NaN NaN NaN 153.26559 -111.73952 -27.11600 256.94214 -184.31371 -24.56041 NaN NaN NaN -5.57620 -207.26317 20.82010 -30.25086 -199.91707 -106.85921
32247 2.20425 NaN NaN NaN 153.27731 -111.79553 -27.07878 256.97513 -184.30556 -24.57269 NaN NaN NaN -5.55291 -207.23868 20.83808 -30.22946 -199.87836 -106.83601
32248 2.21258 NaN NaN NaN 153.32841 -111.79562 -27.04274 257.01349 -184.31314 -24.58220 NaN NaN NaN -5.47380 -207.19170 20.84384 -30.20625 -199.85406 -106.82536
32249 2.22091 NaN NaN NaN 153.32994 -111.80797 -27.05228 257.03922 -184.31529 -24.57575 NaN NaN NaN -5.36632 -207.08275 20.86015 -30.20435 -199.84357 -106.82140
32250 2.22924 NaN NaN NaN 153.36327 -111.80286 -27.05791 257.08701 -184.33614 -24.58433 NaN NaN NaN -5.20781 -206.96779 20.94616 -30.21798 -199.83304 -106.80328
32251 2.23758 NaN NaN NaN 153.35345 -111.82223 -27.07454 257.09326 -184.31578 -24.56553 NaN NaN NaN -5.04519 -206.85542 20.98814 -30.27116 -199.88585 -106.72601
32252 2.24591 NaN NaN NaN 153.35007 -111.81157 -27.06435 257.09735 -184.30614 -24.52737 NaN NaN NaN -4.80923 -206.73155 21.02057 -30.31063 -199.94238 -106.62898
32253 2.25424 NaN NaN NaN 153.33527 -111.82588 -27.09969 257.08514 -184.28619 -24.53101 NaN NaN NaN -4.48462 -206.55878 21.06340 -30.43300 -200.12646 -106.56496
32254 2.26257 NaN NaN NaN 153.34657 -111.80670 -27.13950 257.05722 -184.29602 -24.55449 NaN NaN NaN -4.03698 -206.33183 21.11005 -30.58077 -200.25999 -106.35055
32255 2.27090 NaN NaN NaN 153.32141 -111.80770 -27.15803 257.03659 -184.26805 -24.51512 NaN NaN NaN -3.55561 -206.07176 21.15419 -30.81477 -200.40417 -106.10964
32256 2.27923 NaN NaN NaN 153.34286 -111.77242 -27.19937 257.00586 -184.25664 -24.51155 NaN NaN NaN -3.12969 -205.76346 21.17713 -31.00086 -200.64038 -105.99323
32257 2.28756 NaN NaN NaN 153.32338 -111.73902 -27.20978 256.99408 -184.25806 -24.53149 NaN NaN NaN -2.77370 -205.46323 21.24457 -31.10938 -200.68607 -105.84523
32258 2.29590 NaN NaN NaN 153.30632 -111.72644 -27.20988 256.97739 -184.28214 -24.57732 NaN NaN NaN -2.51338 -205.29756 21.26784 -31.15698 -200.79266 -105.70903
32259 2.30423 NaN NaN NaN 153.30214 -111.71609 -27.19882 256.99384 -184.29749 -24.60317 NaN NaN NaN -2.31055 -205.19484 21.27342 -31.16041 -200.83730 -105.65743
32260 2.31256 NaN NaN NaN 153.29301 -111.74069 -27.13256 256.99973 -184.31226 -24.63281 NaN NaN NaN -2.17243 -205.14786 21.21197 -31.06116 -200.84573 -105.70186
32261 2.32089 NaN NaN NaN 153.25404 -111.79939 -27.10919 257.00851 -184.30507 -24.64280 NaN NaN NaN -2.09833 -205.14522 21.17028 -30.95795 -200.71022 -105.71992
32262 2.32922 NaN NaN NaN 153.26506 -111.81066 -27.06431 257.01529 -184.31396 -24.65255 NaN NaN NaN -2.03257 -205.14632 21.12191 -30.87554 -200.65787 -105.80753
32263 2.33755 NaN NaN NaN 153.26862 -111.82397 -27.05245 257.00955 -184.30893 -24.64772 NaN NaN NaN -1.99921 -205.13759 21.10500 -30.84167 -200.60648 -105.84998
32264 2.34588 NaN NaN NaN 153.27573 -111.79890 -27.02896 257.00449 -184.31335 -24.65173 NaN NaN NaN -1.94010 -205.13832 21.10078 -30.85588 -200.63589 -105.85324
32265 2.35421 NaN NaN NaN 153.27553 -111.78811 -27.03542 256.99191 -184.28691 -24.64788 NaN NaN NaN -1.91374 -205.14137 21.10695 -30.85200 -200.69345 -105.90701
32266 2.36255 NaN NaN NaN 153.27264 -111.76908 -27.02740 256.99777 -184.31052 -24.65638 NaN NaN NaN -1.91543 -205.15677 21.10403 -30.85719 -200.72929 -105.86338
32267 2.37088 NaN NaN NaN 153.27780 -111.74958 -27.03799 256.98706 -184.28705 -24.66573 NaN NaN NaN -1.91369 -205.19905 21.12115 -30.85657 -200.70113 -105.82344
32268 2.37921 NaN NaN NaN 153.25293 -111.76913 -27.04813 256.97974 -184.28917 -24.66821 NaN NaN NaN -1.94520 -205.26103 21.13629 -30.88500 -200.67877 -105.78321
32269 2.38754 NaN NaN NaN 153.24710 -111.76024 -27.08481 256.97034 -184.27960 -24.66598 NaN NaN NaN -1.99517 -205.30716 21.14513 -30.90651 -200.66963 -105.73354
32270 2.39587 NaN NaN NaN 153.24281 -111.74094 -27.07963 256.96811 -184.27440 -24.66694 NaN NaN NaN -2.07758 -205.32458 21.17049 -30.94514 -200.70065 -105.72798
32271 2.40420 NaN NaN NaN 153.21945 -111.76295 -27.09539 256.94952 -184.27095 -24.66360 NaN NaN NaN -2.16993 -205.38347 21.22968 -30.96268 -200.72435 -105.64894
32272 2.41253 NaN NaN NaN 153.23491 -111.73317 -27.07870 256.95642 -184.27237 -24.67721 NaN NaN NaN -2.23420 -205.48277 21.27973 -31.04745 -200.87581 -105.65431
32273 2.42086 NaN NaN NaN 153.23070 -111.76424 -27.10241 256.96014 -184.26936 -24.66632 NaN NaN NaN -2.30332 -205.51608 21.34405 -31.09507 -200.98006 -105.61353
32274 2.42920 NaN NaN NaN 153.23601 -111.74264 -27.08887 256.95966 -184.28035 -24.67167 NaN NaN NaN -2.36917 -205.54211 21.40109 -31.11786 -201.04999 -105.59359
32275 2.43753 NaN NaN NaN 153.24283 -111.75918 -27.10480 256.95996 -184.27365 -24.65934 NaN NaN NaN -2.41738 -205.55168 21.46659 -31.14681 -201.10570 -105.53838
32276 2.44586 NaN NaN NaN 153.25150 -111.74991 -27.08342 256.96637 -184.28789 -24.64592 NaN NaN NaN -2.48624 -205.58348 21.52491 -31.17117 -201.17459 -105.53241
32277 2.45419 NaN NaN NaN 153.23001 -111.76168 -27.10395 256.95004 -184.27818 -24.62710 NaN NaN NaN -2.55128 -205.62210 21.57602 -31.18858 -201.22200 -105.46063
32278 2.46252 NaN NaN NaN 153.22708 -111.78381 -27.09879 256.95068 -184.28345 -24.63367 NaN NaN NaN -2.60126 -205.67499 21.63152 -31.23214 -201.27977 -105.42468
32279 2.47085 NaN NaN NaN 153.18307 -111.83269 -27.12310 256.94211 -184.27716 -24.63708 NaN NaN NaN -2.64275 -205.70183 21.70808 -31.25170 -201.34273 -105.38592
32280 2.47918 NaN NaN NaN 153.24202 -111.81868 -27.15842 256.94229 -184.29752 -24.64046 NaN NaN NaN -2.68688 -205.71829 21.72991 -31.24953 -201.37247 -105.35741
32281 2.48752 NaN NaN NaN 153.23868 -111.79319 -27.14758 256.95554 -184.31175 -24.64150 NaN NaN NaN -2.69787 -205.72401 21.77049 -31.24483 -201.37379 -105.33237
32282 2.49585 NaN NaN NaN 153.21452 -111.82244 -27.16515 256.95630 -184.32562 -24.64611 NaN NaN NaN -2.72079 -205.75110 21.80690 -31.23149 -201.38109 -105.28304
32283 2.50418 NaN NaN NaN 153.17731 -111.82705 -27.19948 256.96204 -184.33452 -24.65138 NaN NaN NaN -2.72506 -205.76595 21.82745 -31.20692 -201.41722 -105.26009
32284 2.51251 NaN NaN NaN 153.19708 -111.86933 -27.20377 256.96887 -184.33488 -24.65501 NaN NaN NaN -2.69208 -205.78410 21.84465 -31.18791 -201.44307 -105.23000
32285 2.52084 NaN NaN NaN 153.18623 -111.86866 -27.20228 256.95599 -184.32933 -24.65413 NaN NaN NaN -2.65551 -205.76530 21.84142 -31.17081 -201.46417 -105.24416
32286 2.52917 NaN NaN NaN 153.22086 -111.87976 -27.19813 256.96872 -184.35460 -24.65009 NaN NaN NaN -2.61722 -205.74782 21.84725 -31.15061 -201.48250 -105.22733
32287 2.53750 NaN NaN NaN 153.21815 -111.85822 -27.19317 256.95770 -184.35614 -24.64713 NaN NaN NaN -2.57933 -205.68686 21.82228 -31.14089 -201.49110 -105.24186
32288 2.54583 NaN NaN NaN 153.20987 -111.85988 -27.19029 256.96451 -184.36525 -24.65380 NaN NaN NaN -2.51403 -205.62059 21.79838 -31.12190 -201.47916 -105.22489
32289 2.55417 NaN NaN NaN 153.19276 -111.85078 -27.20637 256.95197 -184.35745 -24.65485 NaN NaN NaN -2.43366 -205.58272 21.77958 -31.11543 -201.49214 -105.26826
32290 2.56250 NaN NaN NaN 153.21530 -111.85811 -27.21243 256.96228 -184.36723 -24.65589 NaN NaN NaN -2.32192 -205.56439 21.77345 -31.10977 -201.49835 -105.25208
32291 2.57083 NaN NaN NaN 153.19902 -111.85165 -27.22374 256.94275 -184.35106 -24.65189 NaN NaN NaN -2.23447 -205.54910 21.75233 -31.10972 -201.52673 -105.27203
32292 2.57916 NaN NaN NaN 153.20772 -111.85413 -27.21426 256.94409 -184.34088 -24.64302 NaN NaN NaN -2.11193 -205.50226 21.75784 -31.12169 -201.54813 -105.24088
32293 2.58749 NaN NaN NaN 153.20096 -111.84438 -27.23214 256.93201 -184.32858 -24.63865 NaN NaN NaN -1.98239 -205.41301 21.76600 -31.15215 -201.60802 -105.21023
32294 2.59582 NaN NaN NaN 153.22285 -111.85752 -27.20952 256.92245 -184.33208 -24.63910 NaN NaN NaN -1.83314 -205.31070 21.75780 -31.19728 -201.68915 -105.17287
32295 2.60415 NaN NaN NaN 153.19487 -111.83942 -27.19948 256.88657 -184.31812 -24.61926 NaN NaN NaN -1.70181 -205.23386 21.75387 -31.22232 -201.75195 -105.12234
32296 2.61248 NaN NaN NaN 153.21028 -111.86573 -27.17866 256.89230 -184.33421 -24.61954 NaN NaN NaN -1.57238 -205.15948 21.74684 -31.24182 -201.82133 -105.07370
32297 2.62082 NaN NaN NaN 153.18674 -111.84547 -27.13388 256.88843 -184.32201 -24.60583 NaN NaN NaN -1.46245 -205.06784 21.73145 -31.24603 -201.83998 -105.06216
32298 2.62915 NaN NaN NaN 153.19986 -111.83034 -27.10781 256.90063 -184.32312 -24.58825 NaN NaN NaN -1.41355 -205.02158 21.72297 -31.23369 -201.84937 -105.05979
32299 2.63748 NaN NaN NaN 153.24245 -111.76428 -27.13116 256.88965 -184.32097 -24.57390 NaN NaN NaN -1.40285 -204.98006 21.71521 -31.25224 -201.84250 -105.08839
32300 2.64581 NaN NaN NaN 153.21875 -111.76072 -27.12396 256.88754 -184.29933 -24.56664 NaN NaN NaN -1.39277 -204.97647 21.69679 -31.27035 -201.83904 -105.10789
32301 2.65414 NaN NaN NaN 153.22896 -111.73357 -27.13560 256.88074 -184.29326 -24.54758 NaN NaN NaN -1.39930 -204.97614 21.67201 -31.28252 -201.82924 -105.14109
32302 2.66247 NaN NaN NaN 153.25369 -111.70599 -27.13299 256.87521 -184.27753 -24.53946 NaN NaN NaN -1.41819 -204.98615 21.65607 -31.30140 -201.88046 -105.20587
32303 2.67080 NaN NaN NaN 153.26192 -111.73067 -27.08879 256.87698 -184.26932 -24.51800 NaN NaN NaN -1.46758 -204.99071 21.63151 -31.29423 -201.86230 -105.23080
32304 2.67914 NaN NaN NaN 153.28209 -111.75828 -27.01190 256.90265 -184.27202 -24.55364 NaN NaN NaN -1.56243 -205.00517 21.60155 -31.30414 -201.89206 -105.28643
32305 2.68747 NaN NaN NaN 153.28354 -111.79790 -26.94221 256.93073 -184.24039 -24.53036 NaN NaN NaN -1.68607 -205.05135 21.58547 -31.33290 -201.87563 -105.27554
32306 2.69580 NaN NaN NaN 153.33698 -111.82613 -26.87971 256.95450 -184.27429 -24.57382 NaN NaN NaN -1.80918 -205.09488 21.60576 -31.34807 -201.86838 -105.29539
32307 2.70413 NaN NaN NaN 153.36749 -111.83230 -26.80052 256.99054 -184.29730 -24.59652 NaN NaN NaN -1.88663 -205.11511 21.64996 -31.40139 -201.93150 -105.29159
32308 2.71246 NaN NaN NaN 153.40552 -111.82504 -26.71801 257.03116 -184.33853 -24.64200 NaN NaN NaN -1.91549 -205.09766 21.68232 -31.45600 -201.94232 -105.23432
32309 2.72079 NaN NaN NaN 153.40314 -111.83657 -26.67842 257.04507 -184.35666 -24.65426 NaN NaN NaN -1.96814 -205.06717 21.69864 -31.52995 -202.02571 -105.18026
32310 2.72912 NaN NaN NaN 153.41768 -111.83160 -26.67138 257.08224 -184.36845 -24.64481 NaN NaN NaN -1.98561 -205.04337 21.70863 -31.54579 -202.02328 -105.14637
32311 2.73745 NaN NaN NaN 153.40985 -111.87618 -26.68718 257.10727 -184.37061 -24.65205 NaN NaN NaN -2.00449 -205.01627 21.70525 -31.50294 -201.96461 -105.08690
32312 2.74579 NaN NaN NaN 153.42276 -111.88863 -26.66271 257.10840 -184.37094 -24.66262 NaN NaN NaN -1.94327 -204.96846 21.73510 -31.41657 -201.89069 -105.11884
32313 2.75412 NaN NaN NaN 153.42004 -111.91867 -26.64654 257.09781 -184.35550 -24.66128 NaN NaN NaN -1.84963 -204.92761 21.76642 -31.36810 -201.75542 -105.12345
32314 2.76245 NaN NaN NaN 153.42818 -111.88274 -26.65385 257.05051 -184.36703 -24.65453 NaN NaN NaN -1.69825 -204.87997 21.76752 -31.31062 -201.68948 -105.09304
32315 2.77078 NaN NaN NaN 153.38905 -111.85801 -26.70753 257.02008 -184.35727 -24.62203 NaN NaN NaN -1.52228 -204.82549 21.74365 -31.30798 -201.69615 -105.06840
32316 2.77911 NaN NaN NaN 153.36685 -111.79260 -26.75505 256.97934 -184.34442 -24.57697 NaN NaN NaN -1.33332 -204.81329 21.72124 -31.28243 -201.73149 -105.05620
32317 2.78744 NaN NaN NaN 153.33437 -111.72952 -26.85698 256.95258 -184.33429 -24.52311 NaN NaN NaN -1.17948 -204.74855 21.70268 -31.24536 -201.76492 -105.04917
32318 2.79577 NaN NaN NaN 153.33069 -111.72669 -26.89500 256.96329 -184.34439 -24.54252 NaN NaN NaN -1.00969 -204.70819 21.65302 -31.20058 -201.74179 -105.06309
32319 2.80410 NaN NaN NaN 153.31749 -111.76476 -26.87901 256.99008 -184.37874 -24.59724 NaN NaN NaN -0.81755 -204.64952 21.59853 -31.15916 -201.70261 -105.09374
32320 2.81244 NaN NaN NaN 153.34570 -111.82903 -26.85144 257.03415 -184.41391 -24.64667 NaN NaN NaN -0.62321 -204.58667 21.51406 -31.06464 -201.64490 -105.17137
32321 2.82077 NaN NaN NaN 153.37479 -111.92799 -26.81075 257.09167 -184.45319 -24.66264 NaN NaN NaN -0.43099 -204.53175 21.40847 -30.96234 -201.56941 -105.23159
32322 2.82910 NaN NaN NaN 153.42592 -112.04607 -26.76927 257.14929 -184.49660 -24.70337 NaN NaN NaN -0.27111 -204.47725 21.29004 -30.83504 -201.48409 -105.30087
32323 2.83743 NaN NaN NaN 153.44482 -112.11472 -26.75119 257.19916 -184.55051 -24.76363 NaN NaN NaN -0.11372 -204.46326 21.18856 -30.74737 -201.45488 -105.38834
32324 2.84576 NaN NaN NaN 153.47255 -112.16933 -26.73117 257.23575 -184.57831 -24.80615 NaN NaN NaN 0.07140 -204.42317 21.12301 -30.63679 -201.42577 -105.48463
32325 2.85409 NaN NaN NaN 153.49216 -112.18111 -26.74603 257.25891 -184.60876 -24.82633 NaN NaN NaN 0.19098 -204.36922 21.05800 -30.58868 -201.45067 -105.57698
32326 2.86242 NaN NaN NaN 153.51079 -112.19401 -26.74535 257.28012 -184.62686 -24.83293 NaN NaN NaN 0.30569 -204.31953 20.99850 -30.54816 -201.42929 -105.58468
32327 2.87076 NaN NaN NaN 153.52347 -112.19090 -26.75092 257.29684 -184.64946 -24.82368 NaN NaN NaN 0.39580 -204.30084 20.97069 -30.48630 -201.40834 -105.63596
32328 2.87909 NaN NaN NaN 153.52483 -112.20691 -26.74790 257.28830 -184.67015 -24.83396 NaN NaN NaN 0.40901 -204.31886 20.92397 -30.42022 -201.34676 -105.59946
32329 2.88742 NaN NaN NaN 153.51413 -112.20451 -26.75564 257.28641 -184.65326 -24.82174 NaN NaN NaN 0.36590 -204.37167 20.91551 -30.38975 -201.34442 -105.65934
32330 2.89575 NaN NaN NaN 153.50832 -112.20526 -26.77583 257.27231 -184.64162 -24.81948 NaN NaN NaN 0.30909 -204.41022 20.91423 -30.36472 -201.30328 -105.63326
32331 2.90408 NaN NaN NaN 153.49965 -112.19130 -26.78885 257.26981 -184.62172 -24.81116 NaN NaN NaN 0.22975 -204.44640 20.94614 -30.32911 -201.14984 -105.56709
32332 2.91241 NaN NaN NaN 153.48819 -112.18182 -26.81762 257.26007 -184.61549 -24.80308 NaN NaN NaN 0.17702 -204.49416 20.96177 -30.35030 -201.18791 -105.60700
32333 2.92074 NaN NaN NaN 153.47354 -112.17244 -26.83031 257.24606 -184.59590 -24.80974 NaN NaN NaN 0.10303 -204.49548 20.99025 -30.40103 -201.19016 -105.58906
32334 2.92907 NaN NaN NaN 153.46294 -112.16350 -26.84626 257.24249 -184.59070 -24.80202 NaN NaN NaN 0.03186 -204.54369 21.02663 -30.42237 -201.21449 -105.58871
32335 2.93741 NaN NaN NaN 153.44179 -112.17221 -26.84962 257.22495 -184.58490 -24.80232 NaN NaN NaN -0.04667 -204.58704 21.05063 -30.43773 -201.19347 -105.55945
32336 2.94574 NaN NaN NaN 153.43489 -112.16978 -26.85194 257.22766 -184.58684 -24.81817 NaN NaN NaN -0.09511 -204.59232 21.08509 -30.42944 -201.15872 -105.55267
32337 2.95407 NaN NaN NaN 153.41820 -112.19341 -26.85320 257.22961 -184.58989 -24.82124 NaN NaN NaN -0.09976 -204.58517 21.12409 -30.43371 -201.12120 -105.49481
32338 2.96240 NaN NaN NaN 153.41809 -112.20200 -26.84979 257.22067 -184.58426 -24.83957 NaN NaN NaN -0.09226 -204.58614 21.11454 -30.42633 -201.05806 -105.49065
32339 2.97073 NaN NaN NaN 153.41772 -112.21825 -26.83229 257.23145 -184.58498 -24.84446 NaN NaN NaN -0.07717 -204.56804 21.13955 -30.41349 -201.00069 -105.47845
32340 2.97906 NaN NaN NaN 153.42422 -112.22746 -26.82373 257.22806 -184.58839 -24.86016 NaN NaN NaN -0.05688 -204.55452 21.13539 -30.39026 -200.99159 -105.52060
32341 2.98739 NaN NaN NaN 153.43466 -112.23660 -26.80980 257.23038 -184.58752 -24.87200 NaN NaN NaN -0.04749 -204.53227 21.13304 -30.37570 -200.89763 -105.50021
32342 2.99572 NaN NaN NaN 153.40608 -112.27283 -26.82949 257.24139 -184.61516 -24.91028 NaN NaN NaN -0.00591 -204.50182 21.11018 -30.38157 -200.85023 -105.51113
32343 3.00406 NaN NaN NaN 153.37778 -112.31424 -26.81871 257.25571 -184.61346 -24.90576 NaN NaN NaN 0.06301 -204.46596 21.07640 -30.38643 -200.80852 -105.53570
32344 3.01239 NaN NaN NaN 153.37949 -112.34366 -26.81581 257.28027 -184.61865 -24.89195 NaN NaN NaN 0.09302 -204.42064 20.98114 -30.36970 -200.79778 -105.62084
32345 3.02072 NaN NaN NaN 153.38074 -112.34997 -26.80882 257.28226 -184.60539 -24.86109 NaN NaN NaN 0.07631 -204.39214 20.90648 -30.35466 -200.70523 -105.66776
32346 3.02905 NaN NaN NaN 153.38750 -112.32967 -26.81638 257.27823 -184.59985 -24.84837 NaN NaN NaN 0.07243 -204.36613 20.84184 -30.37514 -200.65945 -105.72818
32347 3.03738 NaN NaN NaN 153.37227 -112.32075 -26.81542 257.24994 -184.57472 -24.81942 NaN NaN NaN 0.05512 -204.34927 20.79996 -30.39850 -200.58846 -105.78142
32348 3.04571 NaN NaN NaN 153.35921 -112.29903 -26.81641 257.23630 -184.54897 -24.76042 NaN NaN NaN 0.00920 -204.30876 20.75780 -30.41698 -200.58537 -105.85406
32349 3.05404 NaN NaN NaN 153.32909 -112.24968 -26.82072 257.22342 -184.51474 -24.69132 NaN NaN NaN -0.03918 -204.31950 20.73409 -30.45214 -200.58913 -105.91158
32350 3.06237 NaN NaN NaN 153.31944 -112.20331 -26.81991 257.21127 -184.49693 -24.63313 NaN NaN NaN -0.09288 -204.33394 20.72238 -30.52140 -200.59038 -105.93639
32351 3.07071 NaN NaN NaN 153.29987 -112.16658 -26.82147 257.19165 -184.45824 -24.60028 NaN NaN NaN -0.16449 -204.35454 20.70528 -30.63255 -200.60976 -106.00845
32352 3.07904 NaN NaN NaN 153.28720 -112.14752 -26.82375 257.15414 -184.43629 -24.55277 NaN NaN NaN -0.23135 -204.32451 20.69217 -30.76345 -200.59702 -105.99348
32353 3.08737 NaN NaN NaN 153.26694 -112.10985 -26.83188 257.13589 -184.42108 -24.51084 NaN NaN NaN -0.30692 -204.30617 20.70372 -30.86460 -200.64276 -105.98045
32354 3.09570 NaN NaN NaN 153.26627 -112.08217 -26.83422 257.11761 -184.39513 -24.47688 NaN NaN NaN -0.33897 -204.28911 20.71400 -30.97822 -200.65929 -105.96156
32355 3.10403 NaN NaN NaN 153.23817 -112.05885 -26.82240 257.11203 -184.37387 -24.44745 NaN NaN NaN -0.40211 -204.24669 20.73853 -31.10097 -200.74281 -105.92913
32356 3.11236 NaN NaN NaN 153.24403 -111.99356 -26.81892 257.10779 -184.33043 -24.45579 NaN NaN NaN -0.43017 -204.20964 20.76723 -31.23963 -200.80443 -105.81416
32357 3.12069 NaN NaN NaN 153.23308 -111.97185 -26.83103 257.11520 -184.27744 -24.46868 NaN NaN NaN -0.43790 -204.13002 20.80671 -31.33413 -200.83398 -105.70330
32358 3.12903 NaN NaN NaN 153.27133 -111.98226 -26.81736 257.13324 -184.23349 -24.49228 NaN NaN NaN -0.43254 -204.03354 20.85608 -31.49170 -200.92947 -105.58975
32359 3.13736 NaN NaN NaN 153.27177 -112.01821 -26.78950 257.15219 -184.23027 -24.51081 NaN NaN NaN -0.43916 -203.96236 20.96988 -31.58904 -200.97337 -105.48000
32360 3.14569 NaN NaN NaN 153.26672 -112.00354 -26.74493 257.17111 -184.21832 -24.52539 NaN NaN NaN -0.46226 -203.90160 21.05965 -31.68012 -200.99486 -105.40632
32361 3.15402 NaN NaN NaN 153.25499 -111.99356 -26.73274 257.16193 -184.19698 -24.51748 NaN NaN NaN -0.51649 -203.81297 21.14577 -31.80234 -201.05177 -105.30302
32362 3.16235 NaN NaN NaN 153.25223 -111.96586 -26.73196 257.14816 -184.15674 -24.50938 NaN NaN NaN -0.54755 -203.69914 21.29309 -31.90207 -201.05742 -105.16705
32363 3.17068 NaN NaN NaN 153.25116 -111.94004 -26.72694 257.14258 -184.09816 -24.49855 NaN NaN NaN -0.49623 -203.56715 21.44138 -31.98602 -201.06705 -105.00112
32364 3.17901 NaN NaN NaN 153.25430 -111.88970 -26.68572 257.13568 -184.06516 -24.49795 NaN NaN NaN -0.37380 -203.37895 21.55222 -32.13042 -201.11816 -104.82351
32365 3.18734 NaN NaN NaN 153.24570 -111.85550 -26.66419 257.12256 -184.01392 -24.48546 NaN NaN NaN -0.20059 -203.19319 21.66303 -32.26475 -201.19562 -104.59147
32366 3.19568 NaN NaN NaN 153.25073 -111.85406 -26.65971 257.13342 -184.00781 -24.50200 NaN NaN NaN 0.07003 -202.92007 21.83790 -32.41487 -201.34363 -104.32265
32367 3.20401 NaN NaN NaN 153.25539 -111.86849 -26.63161 257.13928 -183.98654 -24.51191 NaN NaN NaN 0.34720 -202.67490 21.98684 -32.55226 -201.44478 -104.06597
32368 3.21234 NaN NaN NaN 153.26663 -111.84990 -26.59951 257.14822 -183.98701 -24.52020 NaN NaN NaN 0.65629 -202.40689 22.17152 -32.68923 -201.50856 -103.85616
32369 3.22067 NaN NaN NaN 153.25081 -111.85742 -26.59932 257.13727 -183.96844 -24.49736 NaN NaN NaN 0.91330 -202.10703 22.30464 -32.78729 -201.51367 -103.62656
32370 3.22900 NaN NaN NaN 153.25507 -111.81432 -26.60819 257.13824 -183.97511 -24.49231 NaN NaN NaN 1.16025 -201.85272 22.36812 -32.82450 -201.53584 -103.39979
32371 3.23733 NaN NaN NaN 153.23221 -111.82349 -26.61556 257.13181 -183.95792 -24.48377 NaN NaN NaN 1.44308 -201.67165 22.41241 -32.82534 -201.56418 -103.26411
32372 3.24566 NaN NaN NaN 153.24223 -111.79822 -26.66117 257.13586 -183.96812 -24.47970 NaN NaN NaN 1.74734 -201.52563 22.42288 -32.75412 -201.55620 -103.17732
32373 3.25399 NaN NaN NaN 153.22418 -111.80368 -26.74246 257.11148 -183.96400 -24.45937 NaN NaN NaN 2.02248 -201.36313 22.45312 -32.64982 -201.35596 -103.02693
32374 3.26233 NaN NaN NaN 153.19998 -111.77439 -26.79081 257.10269 -183.94858 -24.44778 NaN NaN NaN 2.29253 -201.26506 22.37598 -32.60378 -201.34644 -103.10056
32375 3.27066 NaN NaN NaN 153.15434 -111.78033 -26.83623 257.04813 -183.94778 -24.42535 NaN NaN NaN 2.57464 -201.11314 22.29982 -32.55103 -201.30751 -103.18105
32376 3.27899 NaN NaN NaN 153.12471 -111.78638 -26.87678 257.02289 -183.93362 -24.40314 NaN NaN NaN 2.88774 -201.00031 22.17956 -32.45548 -201.28857 -103.23705
32377 3.28732 NaN NaN NaN 153.10561 -111.78396 -26.90041 257.00864 -183.96040 -24.42221 NaN NaN NaN 3.21588 -200.88696 22.07902 -32.36566 -201.27869 -103.25738
32378 3.29565 NaN NaN NaN 153.11189 -111.76553 -26.88039 257.00073 -183.99913 -24.42561 NaN NaN NaN 3.53296 -200.75259 21.99237 -32.30730 -201.26099 -103.23675
32379 3.30398 NaN NaN NaN 153.11081 -111.77134 -26.86980 257.00256 -184.04082 -24.43194 NaN NaN NaN 3.88065 -200.58305 21.95316 -32.27057 -201.25557 -103.21685
32380 3.31231 NaN NaN NaN 153.10229 -111.81274 -26.87484 257.01740 -184.08096 -24.46205 NaN NaN NaN 4.22766 -200.44496 21.89439 -32.22224 -201.25441 -103.18851
32381 3.32065 NaN NaN NaN 153.09883 -111.85495 -26.84293 257.02798 -184.11804 -24.49999 NaN NaN NaN 4.57034 -200.28978 21.83678 -32.18478 -201.28812 -103.20395
32382 3.32898 NaN NaN NaN 153.11322 -111.93530 -26.80611 257.05301 -184.15495 -24.53697 NaN NaN NaN 4.88618 -200.16013 21.77103 -32.09472 -201.27800 -103.19243
32383 3.33731 NaN NaN NaN 153.14319 -111.98923 -26.77765 257.06729 -184.21854 -24.52343 NaN NaN NaN 5.10384 -200.04021 21.69923 -32.02652 -201.29886 -103.24519
32384 3.34564 NaN NaN NaN 153.14717 -112.07455 -26.71349 257.08319 -184.27010 -24.52897 NaN NaN NaN 5.29891 -199.93774 21.62532 -31.91781 -201.26591 -103.29449
32385 3.35397 NaN NaN NaN 153.16321 -112.10742 -26.70807 257.11676 -184.33978 -24.53391 NaN NaN NaN 5.43676 -199.88583 21.55777 -31.79206 -201.26830 -103.34539
32386 3.36230 NaN NaN NaN 153.16295 -112.14390 -26.68771 257.12659 -184.39786 -24.54793 NaN NaN NaN 5.52209 -199.87444 21.51160 -31.68492 -201.19054 -103.36959
32387 3.37063 NaN NaN NaN 153.17485 -112.17724 -26.66726 257.15268 -184.40964 -24.53682 NaN NaN NaN 5.61281 -199.89677 21.47242 -31.56967 -201.11249 -103.45577
32388 3.37896 NaN NaN NaN 153.18350 -112.21950 -26.64259 257.15359 -184.44688 -24.54657 NaN NaN NaN 5.67870 -199.92697 21.41900 -31.49066 -201.01822 -103.49858
32389 3.38730 NaN NaN NaN 153.17699 -112.28626 -26.60667 257.16309 -184.45390 -24.54503 NaN NaN NaN 5.72468 -199.93051 21.38729 -31.46072 -200.96759 -103.50503
32390 3.39563 NaN NaN NaN 153.19548 -112.32668 -26.58636 257.17535 -184.49638 -24.54259 NaN NaN NaN 5.76119 -199.94760 21.37161 -31.42698 -200.95598 -103.51358
32391 3.40396 NaN NaN NaN 153.21558 -112.32806 -26.58342 257.19006 -184.51483 -24.57134 NaN NaN NaN 5.77792 -199.97021 21.36375 -31.44425 -200.96542 -103.51701
32392 3.41229 NaN NaN NaN 153.23309 -112.35260 -26.56546 257.20404 -184.53996 -24.58738 NaN NaN NaN 5.80188 -199.97078 21.36319 -31.42212 -200.97287 -103.52248
32393 3.42062 NaN NaN NaN 153.26477 -112.35152 -26.57940 257.23483 -184.55989 -24.57790 NaN NaN NaN 5.80395 -199.99437 21.33416 -31.43991 -200.98198 -103.53731
32394 3.42895 NaN NaN NaN 153.26376 -112.39996 -26.54901 257.24844 -184.57942 -24.57585 NaN NaN NaN 5.81165 -200.05490 21.28958 -31.37794 -200.92834 -103.55418
32395 3.43728 NaN NaN NaN 153.26273 -112.39892 -26.52574 257.27899 -184.60573 -24.57771 NaN NaN NaN 5.79602 -200.12622 21.22635 -31.34243 -200.88831 -103.60062
32396 3.44561 NaN NaN NaN 153.28819 -112.41164 -26.55621 257.30072 -184.60696 -24.57863 NaN NaN NaN 5.82196 -200.17369 21.20987 -31.29930 -200.82968 -103.62591
32397 3.45395 NaN NaN NaN 153.29741 -112.42596 -26.52431 257.31332 -184.65182 -24.59038 NaN NaN NaN 5.89395 -200.19896 21.17281 -31.27511 -200.79277 -103.63006
32398 3.46228 NaN NaN NaN 153.34962 -112.47463 -26.49472 257.33386 -184.67122 -24.61497 NaN NaN NaN 6.00501 -200.19760 21.10848 -31.22519 -200.78546 -103.69463
32399 3.47061 NaN NaN NaN 153.37773 -112.50655 -26.47637 257.38113 -184.69695 -24.64267 NaN NaN NaN 6.07106 -200.18242 21.03115 -31.17410 -200.79646 -103.74773
32400 3.47894 NaN NaN NaN 153.44325 -112.50990 -26.46918 257.41293 -184.71422 -24.66121 NaN NaN NaN 6.16855 -200.20525 20.98189 -31.08224 -200.79179 -103.79922
32401 3.48727 NaN NaN NaN 153.46832 -112.51622 -26.45946 257.47308 -184.73991 -24.67953 NaN NaN NaN 6.28261 -200.19028 20.93488 -31.01246 -200.78001 -103.83705
32402 3.49560 NaN NaN NaN 153.46956 -112.55053 -26.46709 257.48080 -184.75691 -24.67632 NaN NaN NaN 6.40999 -200.13458 20.89572 -30.91158 -200.70416 -103.89777
32403 3.50393 NaN NaN NaN 153.48436 -112.54755 -26.44845 257.50766 -184.76530 -24.71184 NaN NaN NaN 6.54323 -200.07069 20.85871 -30.81857 -200.62767 -103.92075
32404 3.51227 NaN NaN NaN 153.47351 -112.61332 -26.41764 257.52747 -184.77458 -24.72441 NaN NaN NaN 6.68043 -200.02170 20.84122 -30.73613 -200.56519 -103.94547
32405 3.52060 NaN NaN NaN 153.47551 -112.65722 -26.38217 257.53391 -184.75887 -24.73001 NaN NaN NaN 6.79172 -200.00473 20.82196 -30.66584 -200.53816 -103.95042
32406 3.52893 NaN NaN NaN 153.54227 -112.58652 -26.34396 257.58163 -184.76938 -24.73848 NaN NaN NaN 6.89469 -199.97935 20.81005 -30.59604 -200.54788 -103.92966
32407 3.53726 NaN NaN NaN 153.58606 -112.55486 -26.34845 257.60324 -184.74178 -24.76468 NaN NaN NaN 6.97026 -199.93541 20.79850 -30.52582 -200.52269 -103.97909
32408 3.54559 NaN NaN NaN 153.64174 -112.46056 -26.24534 257.63303 -184.75977 -24.77213 NaN NaN NaN 7.03007 -199.89534 20.79835 -30.47227 -200.45226 -103.95492
32409 3.55392 NaN NaN NaN 153.65376 -112.49851 -26.26227 257.65961 -184.73354 -24.78732 NaN NaN NaN 7.09405 -199.86284 20.79589 -30.43779 -200.42221 -103.96388
32410 3.56225 NaN NaN NaN 153.65825 -112.49683 -26.18127 257.66623 -184.75610 -24.79665 NaN NaN NaN 7.17128 -199.83437 20.82611 -30.37329 -200.36841 -103.92221
32411 3.57058 NaN NaN NaN 153.64676 -112.60965 -26.20692 257.67065 -184.75642 -24.81289 NaN NaN NaN 7.22890 -199.79625 20.84825 -30.34511 -200.34631 -103.91476
32412 3.57892 NaN NaN NaN 153.65085 -112.60159 -26.12351 257.68808 -184.77628 -24.82463 NaN NaN NaN 7.29148 -199.74199 20.85477 -30.31635 -200.30765 -103.87250
32413 3.58725 NaN NaN NaN 153.64197 -112.65453 -26.14259 257.68951 -184.79433 -24.83277 NaN NaN NaN 7.39986 -199.70908 20.86049 -30.30078 -200.29195 -103.82453
32414 3.59558 NaN NaN NaN 153.64037 -112.59988 -26.09629 257.67520 -184.80858 -24.82399 NaN NaN NaN 7.49288 -199.64587 20.85561 -30.23752 -200.24779 -103.82976
32415 3.60391 NaN NaN NaN 153.62123 -112.61769 -26.12774 257.65347 -184.79871 -24.81815 NaN NaN NaN 7.57410 -199.57019 20.83716 -30.18888 -200.20322 -103.81801
32416 3.61224 NaN NaN NaN 153.61707 -112.56325 -26.07244 257.63620 -184.80087 -24.80553 NaN NaN NaN 7.66082 -199.49452 20.81087 -30.09005 -200.12373 -103.87834
32417 3.62057 NaN NaN NaN 153.58492 -112.60170 -26.12833 257.62241 -184.79608 -24.79578 NaN NaN NaN 7.73664 -199.42131 20.79779 -30.03930 -200.07195 -103.85954
32418 3.62890 NaN NaN NaN 153.56862 -112.57621 -26.14504 257.60632 -184.80446 -24.77103 NaN NaN NaN 7.81845 -199.37404 20.79569 -29.98973 -200.05685 -103.88242
32419 3.63723 NaN NaN NaN 153.56564 -112.50875 -26.05861 257.58978 -184.81046 -24.75737 NaN NaN NaN 7.92930 -199.29541 20.80119 -29.94529 -200.04536 -103.83347
32420 3.64557 NaN NaN NaN 153.54417 -112.49002 -25.99613 257.58099 -184.81639 -24.75922 NaN NaN NaN 8.03122 -199.23061 20.81354 -29.89715 -200.05272 -103.85223
32421 3.65390 NaN NaN NaN 153.55316 -112.49506 -25.95829 257.56882 -184.80461 -24.74536 NaN NaN NaN 8.11304 -199.19818 20.81943 -29.86642 -200.00082 -103.84103
32422 3.66223 NaN NaN NaN 153.54449 -112.49287 -25.94829 257.58078 -184.83041 -24.74804 NaN NaN NaN 8.15963 -199.17435 20.80828 -29.80371 -199.94617 -103.85120
32423 3.67056 NaN NaN NaN 153.60732 -112.44238 -25.95333 257.57465 -184.81244 -24.74962 NaN NaN NaN 8.20967 -199.15875 20.81568 -29.73269 -199.89513 -103.85687
32424 3.67889 NaN NaN NaN 153.61627 -112.44552 -25.91898 257.57776 -184.82410 -24.74138 NaN NaN NaN 8.25849 -199.14828 20.81493 -29.68344 -199.93242 -103.87798
32425 3.68722 NaN NaN NaN 153.62112 -112.42026 -25.91829 257.57724 -184.81493 -24.73540 NaN NaN NaN 8.27856 -199.13060 20.79381 -29.65322 -199.92436 -103.92336
32426 3.69555 NaN NaN NaN 153.61523 -112.42107 -25.90603 257.57135 -184.84061 -24.73019 NaN NaN NaN 8.30507 -199.12253 20.77687 -29.62329 -199.91577 -103.93454
32427 3.70388 NaN NaN NaN 153.60376 -112.39836 -25.86234 257.58099 -184.82391 -24.72913 NaN NaN NaN 8.33801 -199.11212 20.74549 -29.61814 -199.86780 -103.90603
32428 3.71222 NaN NaN NaN 153.62370 -112.50838 -25.87196 257.61011 -184.83809 -24.73642 NaN NaN NaN 8.38228 -199.07930 20.71404 -29.57514 -199.85884 -103.92934
32429 3.72055 NaN NaN NaN 153.63730 -112.50238 -25.80797 257.61276 -184.83643 -24.73887 NaN NaN NaN 8.45793 -199.04669 20.69081 -29.53670 -199.83473 -103.93972
32430 3.72888 NaN NaN NaN 153.65271 -112.49952 -25.76900 257.60876 -184.87296 -24.73994 NaN NaN NaN 8.53184 -199.00961 20.65969 -29.48050 -199.81155 -103.97422
32431 3.73721 NaN NaN NaN 153.63594 -112.51082 -25.75074 257.59396 -184.87997 -24.74882 NaN NaN NaN 8.60041 -198.98459 20.62608 -29.43492 -199.76169 -103.99087
32432 3.74554 NaN NaN NaN 153.57515 -112.66936 -25.76749 257.59787 -184.92448 -24.74566 NaN NaN NaN 8.66912 -198.95731 20.57143 -29.36902 -199.67870 -104.04752
32433 3.75387 NaN NaN NaN 153.55649 -112.76659 -25.76929 257.60300 -184.94363 -24.75962 NaN NaN NaN 8.72030 -198.95082 20.52563 -29.31788 -199.63020 -104.08881
32434 3.76220 NaN NaN NaN 153.56004 -112.83609 -25.73666 257.61856 -184.97073 -24.77169 NaN NaN NaN 8.80818 -198.92163 20.47717 -29.25513 -199.59119 -104.16001
32435 3.77054 NaN NaN NaN 153.60271 -112.83281 -25.70671 257.62085 -184.99638 -24.78763 NaN NaN NaN 8.90293 -198.89326 20.42438 -29.20782 -199.55438 -104.15987
32436 3.77887 NaN NaN NaN 153.61374 -112.83544 -25.68752 257.63394 -184.98715 -24.78544 NaN NaN NaN 8.99406 -198.86101 20.36916 -29.15300 -199.54759 -104.24807
32437 3.78720 NaN NaN NaN 153.63219 -112.81676 -25.69623 257.64127 -184.99954 -24.79625 NaN NaN NaN 9.08716 -198.84138 20.33232 -29.10311 -199.50043 -104.26459
32438 3.79553 NaN NaN NaN 153.62596 -112.85159 -25.70153 257.65900 -185.00574 -24.81431 NaN NaN NaN 9.16075 -198.81877 20.30267 -29.04445 -199.50038 -104.31710
32439 3.80386 NaN NaN NaN 153.61151 -112.88408 -25.67383 257.66559 -185.04073 -24.82333 NaN NaN NaN 9.20849 -198.81892 20.28408 -29.00224 -199.49280 -104.31217
32440 3.81219 NaN NaN NaN 153.64130 -112.92366 -25.62660 257.69589 -185.06746 -24.82414 NaN NaN NaN 9.23843 -198.83389 20.25554 -28.97078 -199.51584 -104.33423
32441 3.82052 NaN NaN NaN 153.69127 -112.95954 -25.59048 257.70361 -185.07573 -24.82624 NaN NaN NaN 9.28475 -198.81380 20.26514 -28.96837 -199.53558 -104.30338
32442 3.82885 NaN NaN NaN 153.72742 -112.98599 -25.57922 257.70981 -185.10667 -24.83270 NaN NaN NaN 9.34365 -198.79922 20.27891 -28.96220 -199.56491 -104.30997
32443 3.83719 NaN NaN NaN 153.70450 -113.00532 -25.56552 257.72897 -185.13286 -24.84048 NaN NaN NaN 9.38307 -198.77521 20.27546 -28.97666 -199.58908 -104.29787
32444 3.84552 NaN NaN NaN 153.70790 -113.01488 -25.55808 257.75531 -185.16115 -24.86605 NaN NaN NaN 9.44923 -198.74876 20.27602 -28.99421 -199.63896 -104.27844
32445 3.85385 NaN NaN NaN 153.72845 -113.01501 -25.55337 257.78342 -185.17345 -24.86204 NaN NaN NaN 9.52504 -198.73647 20.28722 -29.07031 -199.69919 -104.18008
32446 3.86218 NaN NaN NaN 153.73584 -112.99691 -25.55147 257.77478 -185.16609 -24.89649 NaN NaN NaN 9.57297 -198.70833 20.29955 -29.13768 -199.79320 -104.09362
32447 3.87051 NaN NaN NaN 153.76971 -113.00139 -25.54181 257.79541 -185.17438 -24.87995 NaN NaN NaN 9.61373 -198.69855 20.32318 -29.22728 -199.87465 -104.01893
32448 3.87884 NaN NaN NaN 153.76683 -113.01776 -25.51507 257.80267 -185.19537 -24.89485 NaN NaN NaN 9.63017 -198.68567 20.36355 -29.27658 -199.94870 -103.97497
32449 3.88717 NaN NaN NaN 153.78842 -113.04219 -25.49390 257.80902 -185.21724 -24.88574 NaN NaN NaN 9.62189 -198.71350 20.40737 -29.37674 -200.02777 -103.90804
32450 3.89550 NaN NaN NaN 153.80473 -113.04612 -25.48714 257.82327 -185.23195 -24.87259 NaN NaN NaN 9.60657 -198.75754 20.44143 -29.46047 -200.07571 -103.88036
