Frame# Time LH1 LH2 LH3 RH1 RH2 RH3
X54 Y54 Z54 X55 Y55 Z55 X56 Y56 Z56 X57 Y57 Z57 X58 Y58 Z58 X59 Y59 Z59
21213 0.00218 NaN NaN NaN 146.74324 -82.29018 -35.60382 248.96350 -156.15501 -29.93473 NaN NaN NaN -1.56640 -168.88736 30.23991 -9.59421 -149.55392 -98.41199
21214 0.01053 NaN NaN NaN 146.69437 -82.24338 -35.65282 248.94449 -156.15352 -29.95604 NaN NaN NaN -1.52057 -168.83018 30.31999 -9.52422 -149.56818 -98.35348
21215 0.01888 NaN NaN NaN 146.66399 -82.15899 -35.65075 248.94240 -156.14229 -29.92326 NaN NaN NaN -1.47661 -168.79846 30.38927 -9.43416 -149.53894 -98.28882
21216 0.02722 NaN NaN NaN 146.65314 -82.11076 -35.64590 248.94699 -156.15468 -29.90279 NaN NaN NaN -1.44172 -168.74088 30.43212 -9.26772 -149.51653 -98.21329
21217 0.03557 NaN NaN NaN 146.65804 -82.10109 -35.65443 248.92575 -156.15527 -29.86450 NaN NaN NaN -1.41444 -168.67300 30.47985 -9.15420 -149.58844 -98.24963
21218 0.04392 NaN NaN NaN 146.69034 -82.19756 -35.56149 248.92583 -156.18558 -29.84543 NaN NaN NaN -1.37883 -168.60808 30.51673 -9.06432 -149.54568 -98.19379
21219 0.05226 NaN NaN NaN 146.72394 -82.29935 -35.49170 248.90503 -156.19748 -29.83490 NaN NaN NaN -1.33872 -168.54601 30.54256 -8.98283 -149.49863 -98.13999
21220 0.06061 NaN NaN NaN 146.68781 -82.45784 -35.42569 248.88779 -156.19360 -29.81956 NaN NaN NaN -1.31613 -168.48146 30.55258 -8.93195 -149.51364 -98.13142
21221 0.06896 NaN NaN NaN 146.72003 -82.49003 -35.41717 248.87564 -156.18420 -29.82443 NaN NaN NaN -1.28061 -168.41014 30.55983 -8.84735 -149.54012 -98.13941
21222 0.07730 NaN NaN NaN 146.67345 -82.46771 -35.41624 248.86978 -156.20264 -29.82169 NaN NaN NaN -1.26002 -168.33087 30.59520 -8.74379 -149.52997 -98.15240
21223 0.08565 NaN NaN NaN 146.68777 -82.38824 -35.44831 248.84987 -156.20212 -29.82689 NaN NaN NaN -1.23325 -168.25388 30.60687 -8.64957 -149.56015 -98.12756
21224 0.09400 NaN NaN NaN 146.61479 -82.35461 -35.46460 248.81282 -156.19063 -29.82479 NaN NaN NaN -1.20443 -168.19350 30.62317 -8.51591 -149.42142 -98.10731
21225 0.10234 NaN NaN NaN 146.58640 -82.33249 -35.50225 248.79442 -156.18802 -29.82555 NaN NaN NaN -1.18164 -168.12991 30.64719 -8.41729 -149.41603 -98.12848
21226 0.11069 NaN NaN NaN 146.55838 -82.25274 -35.53201 248.77411 -156.19493 -29.81834 NaN NaN NaN -1.17616 -168.09714 30.66569 -8.35298 -149.33954 -98.17984
21227 0.11904 NaN NaN NaN 146.54395 -82.21991 -35.53539 248.75833 -156.20370 -29.82877 NaN NaN NaN -1.17583 -168.05315 30.66900 -8.32690 -149.37550 -98.17738
21228 0.12738 NaN NaN NaN 146.53589 -82.26975 -35.50484 248.74144 -156.21136 -29.83360 NaN NaN NaN -1.16641 -167.99718 30.68749 -8.29783 -149.40742 -98.16575
21229 0.13573 NaN NaN NaN 146.55722 -82.27549 -35.49904 248.72037 -156.22015 -29.82815 NaN NaN NaN -1.13702 -167.92953 30.72671 -8.26276 -149.44994 -98.12424
21230 0.14408 NaN NaN NaN 146.49428 -82.21845 -35.56376 248.73189 -156.23981 -29.82810 NaN NaN NaN -1.10411 -167.90469 30.77856 -8.19817 -149.45984 -98.07655
21231 0.15242 NaN NaN NaN 146.49446 -82.26871 -35.53675 248.72150 -156.24458 -29.81981 NaN NaN NaN -1.06121 -167.84076 30.85952 -8.08050 -149.52603 -97.92474
21232 0.16077 NaN NaN NaN 146.45796 -82.22200 -35.56882 248.71056 -156.25423 -29.82242 NaN NaN NaN -1.03181 -167.77238 30.89626 -7.98988 -149.58617 -97.76250
21233 0.16911 NaN NaN NaN 146.42162 -82.18061 -35.57969 248.69594 -156.25308 -29.80365 NaN NaN NaN -0.98416 -167.72208 30.90961 -7.86701 -149.57881 -97.79317
21234 0.17746 NaN NaN NaN 146.43143 -82.13182 -35.57541 248.68964 -156.26138 -29.79348 NaN NaN NaN -0.93354 -167.63501 30.90908 -7.73247 -149.50008 -97.84170
21235 0.18581 NaN NaN NaN 146.41800 -82.09631 -35.58881 248.66994 -156.27847 -29.78032 NaN NaN NaN -0.88423 -167.54666 30.91286 -7.61980 -149.40305 -97.86757
21236 0.19415 NaN NaN NaN 146.42091 -82.07005 -35.59347 248.66255 -156.30551 -29.76488 NaN NaN NaN -0.78420 -167.46341 30.91963 -7.47794 -149.20244 -97.84825
21237 0.20250 NaN NaN NaN 146.39532 -82.08329 -35.59990 248.67084 -156.31171 -29.74176 NaN NaN NaN -0.70761 -167.39932 30.91775 -7.38756 -149.13577 -97.89574
21238 0.21085 NaN NaN NaN 146.38950 -82.11150 -35.57777 248.65950 -156.31833 -29.74084 NaN NaN NaN -0.65180 -167.35684 30.92795 -7.24096 -148.98685 -97.92811
21239 0.21919 NaN NaN NaN 146.38797 -82.17596 -35.55985 248.65599 -156.30264 -29.72829 NaN NaN NaN -0.60297 -167.30472 30.89426 -7.10331 -148.86975 -97.93361
21240 0.22754 NaN NaN NaN 146.39185 -82.18630 -35.54726 248.64249 -156.33644 -29.72165 NaN NaN NaN -0.54827 -167.26967 30.87868 -7.01462 -148.78328 -97.90739
21241 0.23589 NaN NaN NaN 146.39536 -82.18571 -35.52111 248.65666 -156.35693 -29.72133 NaN NaN NaN -0.46302 -167.18636 30.86157 -6.95493 -148.74706 -97.89849
21242 0.24423 NaN NaN NaN 146.39963 -82.19714 -35.50975 248.65207 -156.38495 -29.71513 NaN NaN NaN -0.36558 -167.11653 30.86465 -6.91505 -148.71370 -97.91003
21243 0.25258 NaN NaN NaN 146.37875 -82.18576 -35.50964 248.66003 -156.40706 -29.70440 NaN NaN NaN -0.26440 -167.08113 30.86411 -6.82225 -148.65385 -97.89214
21244 0.26093 NaN NaN NaN 146.36859 -82.20538 -35.50753 248.64738 -156.44249 -29.70104 NaN NaN NaN -0.18746 -167.02142 30.86595 -6.78073 -148.67499 -97.89734
21245 0.26927 NaN NaN NaN 146.40326 -82.22873 -35.49794 248.63278 -156.45021 -29.70006 NaN NaN NaN -0.11847 -166.96527 30.86791 -6.68809 -148.64955 -97.92133
21246 0.27762 NaN NaN NaN 146.36247 -82.24587 -35.50444 248.61214 -156.46442 -29.72131 NaN NaN NaN -0.06445 -166.91882 30.85391 -6.55814 -148.57405 -97.91763
21247 0.28597 NaN NaN NaN 146.38963 -82.24178 -35.50210 248.60513 -156.48953 -29.70361 NaN NaN NaN -0.02455 -166.86365 30.84349 -6.47853 -148.52188 -97.93930
21248 0.29431 NaN NaN NaN 146.35919 -82.25001 -35.51422 248.58679 -156.51277 -29.73114 NaN NaN NaN 0.04633 -166.81456 30.84623 -6.39206 -148.41754 -97.93705
21249 0.30266 NaN NaN NaN 146.36153 -82.24156 -35.50113 248.56905 -156.52232 -29.73020 NaN NaN NaN 0.15210 -166.70378 30.88177 -6.36111 -148.45052 -97.88692
21250 0.31101 NaN NaN NaN 146.38266 -82.19250 -35.51806 248.56845 -156.55379 -29.73579 NaN NaN NaN 0.23843 -166.62177 30.91694 -6.24551 -148.45609 -97.91983
21251 0.31935 NaN NaN NaN 146.36630 -82.23105 -35.52373 248.55571 -156.56264 -29.72310 NaN NaN NaN 0.31508 -166.55739 30.94188 -6.19669 -148.50545 -97.85123
21252 0.32770 NaN NaN NaN 146.36966 -82.23864 -35.51976 248.54182 -156.57443 -29.71917 NaN NaN NaN 0.39484 -166.49777 30.98639 -6.07745 -148.42255 -97.77453
21253 0.33605 NaN NaN NaN 146.35527 -82.26095 -35.52010 248.52779 -156.57991 -29.70047 NaN NaN NaN 0.48664 -166.43364 31.03075 -5.91345 -148.29691 -97.76437
21254 0.34439 NaN NaN NaN 146.35417 -82.30270 -35.51237 248.51688 -156.59554 -29.70651 NaN NaN NaN 0.58334 -166.37209 31.05548 -5.77692 -148.26901 -97.84331
21255 0.35274 NaN NaN NaN 146.36180 -82.29028 -35.52913 248.51466 -156.60715 -29.68777 NaN NaN NaN 0.69119 -166.26167 31.06745 -5.67771 -148.24017 -97.89243
21256 0.36109 NaN NaN NaN 146.34776 -82.28889 -35.51702 248.52080 -156.60013 -29.69847 NaN NaN NaN 0.83722 -166.18953 31.07482 -5.60198 -148.14748 -97.84695
21257 0.36943 NaN NaN NaN 146.35204 -82.25366 -35.52483 248.51620 -156.60197 -29.69979 NaN NaN NaN 0.95688 -166.11833 31.08415 -5.46663 -148.00597 -97.75648
21258 0.37778 NaN NaN NaN 146.32173 -82.22252 -35.54254 248.50005 -156.61272 -29.70755 NaN NaN NaN 1.06338 -166.01817 31.13118 -5.36536 -147.90335 -97.70168
21259 0.38613 NaN NaN NaN 146.33261 -82.21744 -35.55604 248.49704 -156.61176 -29.69168 NaN NaN NaN 1.18954 -165.91849 31.15388 -5.24413 -147.87169 -97.63862
21260 0.39447 NaN NaN NaN 146.29759 -82.21337 -35.53980 248.48163 -156.62332 -29.69273 NaN NaN NaN 1.29352 -165.84325 31.19352 -5.15248 -147.89384 -97.66807
21261 0.40282 NaN NaN NaN 146.34615 -82.17833 -35.58354 248.48273 -156.59929 -29.69481 NaN NaN NaN 1.35964 -165.77592 31.23077 -5.04705 -147.92145 -97.66975
21262 0.41117 NaN NaN NaN 146.32465 -82.20275 -35.61293 248.45685 -156.62276 -29.68323 NaN NaN NaN 1.43064 -165.69276 31.26471 -5.04272 -147.97632 -97.64325
21263 0.41951 NaN NaN NaN 146.31699 -82.17555 -35.62808 248.44185 -156.61748 -29.68711 NaN NaN NaN 1.51272 -165.60390 31.32017 -5.03445 -148.04395 -97.60052
21264 0.42786 NaN NaN NaN 146.30106 -82.16467 -35.64902 248.43188 -156.61909 -29.68319 NaN NaN NaN 1.55939 -165.54604 31.36565 -4.99444 -148.07521 -97.57824
21265 0.43620 NaN NaN NaN 146.29877 -82.14656 -35.67098 248.41974 -156.61888 -29.66409 NaN NaN NaN 1.59253 -165.49326 31.37003 -4.90449 -148.04362 -97.53197
21266 0.44455 NaN NaN NaN 146.29910 -82.15639 -35.69495 248.40086 -156.62868 -29.65732 NaN NaN NaN 1.60828 -165.45766 31.38486 -4.80656 -148.03886 -97.52290
21267 0.45290 NaN NaN NaN 146.29129 -82.18024 -35.73117 248.39197 -156.62326 -29.64398 NaN NaN NaN 1.65917 -165.42020 31.40753 -4.73506 -147.96111 -97.54724
21268 0.46124 NaN NaN NaN 146.27391 -82.22853 -35.74125 248.37674 -156.62900 -29.64232 NaN NaN NaN 1.73094 -165.35474 31.45657 -4.69502 -147.92230 -97.54870
21269 0.46959 NaN NaN NaN 146.28053 -82.22562 -35.75063 248.37486 -156.62424 -29.62141 NaN NaN NaN 1.78413 -165.30139 31.49212 -4.56528 -147.75699 -97.56143
21270 0.47794 NaN NaN NaN 146.26450 -82.21169 -35.76288 248.37648 -156.63272 -29.61148 NaN NaN NaN 1.82494 -165.28505 31.52274 -4.48050 -147.68324 -97.56309
21271 0.48628 NaN NaN NaN 146.28975 -82.18825 -35.75666 248.36176 -156.63235 -29.59175 NaN NaN NaN 1.84161 -165.26338 31.52250 -4.44243 -147.63667 -97.57565
21272 0.49463 NaN NaN NaN 146.30292 -82.17099 -35.74798 248.35368 -156.62196 -29.59040 NaN NaN NaN 1.85917 -165.24893 31.51957 -4.44946 -147.65649 -97.60236
21273 0.50298 NaN NaN NaN 146.30188 -82.15177 -35.73694 248.34363 -156.61519 -29.56892 NaN NaN NaN 1.86513 -165.23624 31.51306 -4.39941 -147.64436 -97.52990
21274 0.51132 NaN NaN NaN 146.30513 -82.17089 -35.74136 248.35599 -156.58980 -29.57691 NaN NaN NaN 1.85381 -165.26357 31.51181 -4.42162 -147.70973 -97.56314
21275 0.51967 NaN NaN NaN 146.30634 -82.12825 -35.72377 248.37105 -156.58600 -29.59443 NaN NaN NaN 1.81937 -165.29991 31.50571 -4.41252 -147.69826 -97.48752
21276 0.52802 NaN NaN NaN 146.29326 -82.10064 -35.75236 248.38876 -156.56165 -29.61742 NaN NaN NaN 1.73246 -165.34898 31.47500 -4.44672 -147.67781 -97.54012
21277 0.53636 NaN NaN NaN 146.29240 -82.05634 -35.74360 248.41426 -156.52713 -29.65632 NaN NaN NaN 1.61041 -165.43228 31.44541 -4.52863 -147.65457 -97.58247
21278 0.54471 NaN NaN NaN 146.32904 -82.02242 -35.75277 248.44075 -156.48178 -29.70782 NaN NaN NaN 1.41822 -165.57190 31.45741 -4.72589 -147.71562 -97.58344
21279 0.55306 NaN NaN NaN 146.32901 -81.97623 -35.75809 248.49255 -156.42001 -29.73757 NaN NaN NaN 1.18207 -165.79884 31.41551 -4.91148 -147.80838 -97.57745
21280 0.56140 NaN NaN NaN 146.36418 -81.99764 -35.76865 248.54305 -156.35861 -29.77560 NaN NaN NaN 0.84504 -166.10675 31.41776 -5.05705 -147.92459 -97.53561
21281 0.56975 NaN NaN NaN 146.35649 -81.96362 -35.77894 248.56061 -156.31467 -29.77320 NaN NaN NaN 0.53997 -166.42116 31.40328 -5.16553 -148.08325 -97.54545
21282 0.57810 NaN NaN NaN 146.36388 -81.96448 -35.78458 248.57715 -156.30730 -29.78287 NaN NaN NaN 0.19120 -166.71030 31.40743 -5.37471 -148.32967 -97.57179
21283 0.58644 NaN NaN NaN 146.37079 -81.93477 -35.77707 248.60854 -156.27831 -29.78659 NaN NaN NaN -0.12910 -166.98375 31.45737 -5.56777 -148.48196 -97.45224
21284 0.59479 NaN NaN NaN 146.39537 -81.96149 -35.77060 248.63054 -156.27454 -29.79632 NaN NaN NaN -0.43095 -167.22911 31.50771 -5.73177 -148.55547 -97.35812
21285 0.60314 NaN NaN NaN 146.40564 -81.98644 -35.74521 248.64673 -156.24741 -29.77333 NaN NaN NaN -0.71235 -167.47200 31.57442 -5.85851 -148.62018 -97.26749
21286 0.61148 NaN NaN NaN 146.43988 -82.00513 -35.74808 248.65755 -156.23706 -29.78382 NaN NaN NaN -0.94806 -167.72125 31.64806 -6.02408 -148.78786 -97.00879
21287 0.61983 NaN NaN NaN 146.40787 -82.00600 -35.73445 248.66866 -156.22073 -29.78427 NaN NaN NaN -1.18958 -167.91093 31.70803 -6.15927 -148.94684 -96.85937
21288 0.62818 NaN NaN NaN 146.42104 -82.00629 -35.74552 248.68013 -156.21158 -29.80839 NaN NaN NaN -1.38731 -168.03688 31.79016 -6.24383 -149.07668 -96.82673
21289 0.63652 NaN NaN NaN 146.40559 -81.96611 -35.76024 248.70308 -156.21169 -29.82641 NaN NaN NaN -1.57504 -168.13113 31.88794 -6.34456 -149.18738 -96.79362
21290 0.64487 NaN NaN NaN 146.44197 -81.95157 -35.77394 248.71643 -156.20903 -29.84396 NaN NaN NaN -1.71259 -168.22589 31.98914 -6.39228 -149.19641 -96.68674
21291 0.65322 NaN NaN NaN 146.48021 -81.94946 -35.76369 248.73470 -156.19229 -29.84638 NaN NaN NaN -1.80583 -168.29825 32.09975 -6.45098 -149.07730 -96.54655
21292 0.66156 NaN NaN NaN 146.50374 -81.98512 -35.74912 248.76060 -156.17108 -29.88949 NaN NaN NaN -1.87645 -168.33710 32.17106 -6.58275 -149.08069 -96.52273
21293 0.66991 NaN NaN NaN 146.52405 -81.97862 -35.75633 248.79665 -156.15475 -29.91203 NaN NaN NaN -1.90498 -168.35490 32.24273 -6.62858 -149.00502 -96.41068
21294 0.67826 NaN NaN NaN 146.57988 -81.96258 -35.79303 248.83745 -156.12248 -29.97659 NaN NaN NaN -1.90576 -168.32104 32.36108 -6.65883 -148.94994 -96.36672
21295 0.68660 NaN NaN NaN 146.60031 -81.93360 -35.77626 248.88193 -156.08693 -29.99616 NaN NaN NaN -1.84812 -168.27463 32.48937 -6.73139 -149.04298 -96.29231
21296 0.69495 NaN NaN NaN 146.64371 -81.90686 -35.76025 248.89348 -156.08344 -30.00517 NaN NaN NaN -1.76990 -168.21703 32.60398 -6.80887 -149.10252 -96.21601
21297 0.70329 NaN NaN NaN 146.71199 -82.03021 -35.68649 248.93559 -156.07678 -30.04117 NaN NaN NaN -1.67549 -168.17920 32.68944 -6.83748 -149.18262 -96.18793
21298 0.71164 NaN NaN NaN 146.72046 -82.04716 -35.75574 248.97243 -156.09193 -30.07324 NaN NaN NaN -1.57153 -168.13033 32.74612 -6.85787 -149.33646 -96.20528
21299 0.71999 NaN NaN NaN 146.72331 -82.02052 -35.76278 248.98337 -156.09325 -30.09532 NaN NaN NaN -1.47202 -168.06396 32.83221 -6.93062 -149.34511 -96.10321
21300 0.72833 NaN NaN NaN 146.70885 -82.02679 -35.81456 249.02330 -156.08565 -30.11397 NaN NaN NaN -1.40235 -167.99451 32.89820 -6.98034 -149.29594 -96.02726
21301 0.73668 NaN NaN NaN 146.72874 -81.99374 -35.78061 249.04024 -156.08014 -30.12176 NaN NaN NaN -1.23780 -167.93431 32.97955 -7.04615 -149.20976 -95.90823
21302 0.74503 NaN NaN NaN 146.75833 -81.99867 -35.77484 249.06833 -156.11975 -30.13667 NaN NaN NaN -1.00382 -167.85558 33.01738 -7.11040 -149.18066 -95.87644
21303 0.75337 NaN NaN NaN 146.78409 -82.02427 -35.73702 249.09857 -156.13667 -30.14244 NaN NaN NaN -0.80589 -167.76750 33.00311 -7.14649 -149.14957 -95.90016
21304 0.76172 NaN NaN NaN 146.78008 -82.07137 -35.75916 249.12260 -156.16832 -30.14457 NaN NaN NaN -0.57654 -167.66783 32.93055 -7.13165 -149.14955 -95.92741
21305 0.77007 NaN NaN NaN 146.76700 -82.11518 -35.74772 249.13316 -156.18695 -30.16102 NaN NaN NaN -0.31058 -167.58261 32.81531 -7.11699 -149.22429 -96.01837
21306 0.77841 NaN NaN NaN 146.79489 -82.16990 -35.75945 249.15056 -156.23123 -30.15379 NaN NaN NaN -0.02790 -167.49428 32.67072 -7.11549 -149.29208 -96.12733
21307 0.78676 NaN NaN NaN 146.80898 -82.20695 -35.74483 249.16570 -156.28008 -30.15311 NaN NaN NaN 0.38662 -167.35637 32.50269 -7.13740 -149.27759 -96.27558
21308 0.79511 NaN NaN NaN 146.88277 -82.38735 -35.64271 249.18727 -156.31598 -30.14756 NaN NaN NaN 0.82386 -167.17529 32.27536 -7.24184 -149.38199 -96.47656
21309 0.80345 NaN NaN NaN 146.86960 -82.41525 -35.64448 249.19217 -156.32310 -30.14599 NaN NaN NaN 1.21740 -167.07916 31.93939 -7.19815 -149.31389 -96.72394
21310 0.81180 NaN NaN NaN 146.90163 -82.51358 -35.61424 249.20329 -156.37248 -30.14529 NaN NaN NaN 1.61081 -167.05614 31.58516 -7.23293 -149.23991 -97.10690
21311 0.82015 NaN NaN NaN 146.91771 -82.56363 -35.57256 249.21794 -156.37387 -30.14457 NaN NaN NaN 2.02404 -166.96390 31.29234 -7.22370 -149.01974 -97.33247
21312 0.82849 NaN NaN NaN 146.96515 -82.70224 -35.50742 249.23036 -156.40631 -30.14521 NaN NaN NaN 2.42863 -166.82195 30.97599 -7.24937 -148.93187 -97.62975
21313 0.83684 NaN NaN NaN 146.94879 -82.80845 -35.48803 249.23358 -156.40379 -30.17915 NaN NaN NaN 2.82368 -166.76021 30.67523 -7.22440 -148.83777 -97.90694
21314 0.84519 NaN NaN NaN 146.94118 -82.87811 -35.48402 249.25238 -156.41229 -30.19376 NaN NaN NaN 3.13141 -166.75032 30.33014 -7.24859 -148.83452 -98.28204
21315 0.85353 NaN NaN NaN 146.92780 -82.89864 -35.48423 249.25218 -156.45047 -30.21222 NaN NaN NaN 3.39601 -166.77431 30.02658 -7.17661 -148.74899 -98.55517
21316 0.86188 NaN NaN NaN 146.92734 -82.91591 -35.51646 249.26283 -156.46695 -30.24620 NaN NaN NaN 3.59188 -166.79300 29.80612 -7.15216 -148.68542 -98.80135
21317 0.87023 NaN NaN NaN 146.90767 -82.88126 -35.52407 249.27527 -156.45993 -30.25669 NaN NaN NaN 3.72141 -166.86943 29.64485 -7.13953 -148.62718 -98.92300
21318 0.87857 NaN NaN NaN 146.89545 -82.88921 -35.54311 249.27901 -156.46458 -30.27032 NaN NaN NaN 3.77694 -166.95396 29.55540 -7.19842 -148.62227 -98.99405
21319 0.88692 NaN NaN NaN 146.87392 -82.88238 -35.53935 249.27083 -156.45964 -30.26023 NaN NaN NaN 3.77975 -167.05185 29.49801 -7.29216 -148.71330 -98.99777
21320 0.89527 NaN NaN NaN 146.86678 -82.90467 -35.52679 249.26915 -156.45755 -30.25941 NaN NaN NaN 3.70771 -167.17200 29.51239 -7.43648 -148.87485 -99.03252
21321 0.90361 NaN NaN NaN 146.86319 -82.91325 -35.51940 249.26361 -156.44423 -30.25450 NaN NaN NaN 3.58175 -167.32201 29.57297 -7.53258 -149.04567 -98.97512
21322 0.91196 NaN NaN NaN 146.86012 -82.93436 -35.49780 249.26077 -156.43192 -30.22919 NaN NaN NaN 3.44965 -167.44501 29.61822 -7.65010 -149.28194 -98.89631
21323 0.92031 NaN NaN NaN 146.86319 -82.93233 -35.47034 249.26398 -156.42255 -30.19374 NaN NaN NaN 3.32362 -167.55379 29.69103 -7.72789 -149.44209 -98.78568
21324 0.92865 NaN NaN NaN 146.86020 -82.96751 -35.42709 249.25720 -156.42448 -30.14280 NaN NaN NaN 3.23930 -167.57878 29.76403 -7.80723 -149.55637 -98.67949
21325 0.93700 NaN NaN NaN 146.89430 -82.91222 -35.38146 249.25697 -156.41498 -30.10418 NaN NaN NaN 3.19268 -167.55339 29.85046 -7.82297 -149.60011 -98.58563
21326 0.94534 NaN NaN NaN 146.85825 -82.92666 -35.36147 249.24628 -156.39650 -30.08649 NaN NaN NaN 3.17114 -167.51370 29.89655 -7.83744 -149.56874 -98.54089
21327 0.95369 NaN NaN NaN 146.87988 -82.87872 -35.35984 249.24147 -156.39014 -30.08237 NaN NaN NaN 3.19048 -167.42555 29.91204 -7.82399 -149.47104 -98.53178
21328 0.96204 NaN NaN NaN 146.87193 -82.81562 -35.36245 249.21465 -156.35709 -30.08405 NaN NaN NaN 3.23509 -167.32765 29.88142 -7.81625 -149.32965 -98.59882
21329 0.97038 NaN NaN NaN 146.88954 -82.77192 -35.38717 249.21910 -156.31053 -30.11482 NaN NaN NaN 3.30861 -167.25197 29.80303 -7.79448 -149.19540 -98.67841
21330 0.97873 NaN NaN NaN 146.87579 -82.71967 -35.40376 249.25186 -156.26796 -30.15649 NaN NaN NaN 3.35703 -167.23592 29.73451 -7.80040 -149.05226 -98.73685
21331 0.98708 NaN NaN NaN 146.88747 -82.67310 -35.39998 249.26526 -156.22571 -30.19413 NaN NaN NaN 3.39137 -167.23642 29.63223 -7.81570 -148.94119 -98.89713
21332 0.99542 NaN NaN NaN 146.90173 -82.67072 -35.41145 249.26761 -156.21332 -30.23326 NaN NaN NaN 3.43067 -167.24028 29.49878 -7.91396 -148.90399 -99.02532
21333 1.00377 NaN NaN NaN 146.90811 -82.68415 -35.44022 249.28413 -156.20792 -30.24633 NaN NaN NaN 3.47229 -167.20836 29.27198 -8.09763 -148.88571 -99.27142
21334 1.01212 NaN NaN NaN 146.89282 -82.68176 -35.43081 249.28859 -156.20468 -30.22987 NaN NaN NaN 3.48783 -167.23816 28.93620 -8.20681 -148.84323 -99.46288
21335 1.02046 NaN NaN NaN 146.90215 -82.66553 -35.43420 249.30983 -156.19359 -30.25466 NaN NaN NaN 3.46651 -167.37167 28.57283 -8.10791 -148.57878 -99.69587
21336 1.02881 NaN NaN NaN 146.90744 -82.63434 -35.42761 249.32709 -156.19771 -30.24789 NaN NaN NaN 3.43104 -167.49539 28.16619 -7.91692 -148.30417 -100.02027
21337 1.03716 NaN NaN NaN 146.90526 -82.59853 -35.42981 249.31839 -156.17023 -30.26197 NaN NaN NaN 3.53065 -167.56897 27.77571 -7.76875 -148.00093 -100.37813
21338 1.04550 NaN NaN NaN 146.89111 -82.54657 -35.43812 249.28152 -156.15617 -30.28668 NaN NaN NaN 3.67674 -167.54276 27.46844 -7.71310 -147.69040 -100.77542
21339 1.05385 NaN NaN NaN 146.87286 -82.49432 -35.44009 249.26402 -156.15237 -30.29384 NaN NaN NaN 3.81242 -167.48743 27.22376 -7.68389 -147.46657 -101.12196
21340 1.06220 NaN NaN NaN 146.85652 -82.45335 -35.47507 249.22563 -156.15195 -30.33200 NaN NaN NaN 3.88095 -167.45348 26.98453 -7.65510 -147.27351 -101.25939
21341 1.07054 NaN NaN NaN 146.85170 -82.42197 -35.50829 249.19931 -156.16739 -30.35238 NaN NaN NaN 3.84954 -167.50700 26.83442 -7.65869 -147.23648 -101.40295
21342 1.07889 NaN NaN NaN 146.83244 -82.43580 -35.51443 249.18747 -156.18423 -30.38472 NaN NaN NaN 3.77032 -167.59489 26.73068 -7.60891 -147.25893 -101.54461
21343 1.08724 NaN NaN NaN 146.82687 -82.47435 -35.50451 249.16118 -156.20242 -30.39499 NaN NaN NaN 3.67329 -167.71278 26.70317 -7.67230 -147.48047 -101.67455
21344 1.09558 NaN NaN NaN 146.82520 -82.51267 -35.49621 249.13908 -156.24930 -30.38779 NaN NaN NaN 3.51185 -167.89149 26.66663 -7.73082 -147.68279 -101.66875
21345 1.10393 NaN NaN NaN 146.82928 -82.59234 -35.48518 249.11745 -156.30281 -30.36000 NaN NaN NaN 3.35005 -168.06209 26.62638 -7.75970 -147.94446 -101.62892
21346 1.11228 NaN NaN NaN 146.80038 -82.70564 -35.42830 249.09363 -156.33598 -30.34147 NaN NaN NaN 3.21980 -168.16896 26.59776 -7.79028 -148.12221 -101.56470
21347 1.12062 NaN NaN NaN 146.76788 -82.74628 -35.36517 249.06963 -156.38272 -30.28567 NaN NaN NaN 3.07065 -168.28514 26.58776 -7.76387 -148.26820 -101.53162
21348 1.12897 NaN NaN NaN 146.72128 -82.84925 -35.29997 249.05176 -156.41185 -30.27217 NaN NaN NaN 2.92461 -168.39265 26.57860 -7.70581 -148.34459 -101.60885
21349 1.13732 NaN NaN NaN 146.71172 -82.90868 -35.22235 249.04199 -156.42714 -30.25195 NaN NaN NaN 2.84212 -168.46118 26.55316 -7.61298 -148.34140 -101.66558
21350 1.14566 NaN NaN NaN 146.68153 -82.94358 -35.17100 249.01620 -156.47285 -30.25423 NaN NaN NaN 2.79503 -168.51253 26.54221 -7.40868 -148.17610 -101.72247
21351 1.15401 NaN NaN NaN 146.69435 -83.00826 -35.16647 249.02287 -156.50481 -30.25566 NaN NaN NaN 2.76347 -168.57802 26.53444 -7.26643 -148.03799 -101.76192
21352 1.16236 NaN NaN NaN 146.68456 -83.02389 -35.15429 249.01419 -156.57101 -30.28162 NaN NaN NaN 2.72712 -168.63452 26.54054 -7.15708 -147.93321 -101.78152
21353 1.17070 NaN NaN NaN 146.67589 -82.93126 -35.23422 249.01476 -156.63649 -30.28909 NaN NaN NaN 2.69501 -168.69519 26.56427 -7.01317 -147.93544 -101.83282
21354 1.17905 NaN NaN NaN 146.69223 -82.91512 -35.31364 249.03627 -156.71098 -30.33721 NaN NaN NaN 2.68193 -168.72415 26.58784 -6.74549 -147.82689 -101.83364
21355 1.18740 NaN NaN NaN 146.69640 -82.86253 -35.34914 249.02385 -156.76036 -30.33958 NaN NaN NaN 2.71916 -168.70332 26.61912 -6.52344 -147.86140 -101.69714
21356 1.19574 NaN NaN NaN 146.63660 -82.85443 -35.42993 249.03702 -156.79768 -30.34657 NaN NaN NaN 2.77459 -168.63539 26.66600 -6.32221 -147.94656 -101.68694
21357 1.20409 NaN NaN NaN 146.59273 -82.74879 -35.46115 249.00931 -156.82980 -30.32425 NaN NaN NaN 2.79817 -168.56305 26.73545 -6.07700 -147.99692 -101.60932
21358 1.21243 NaN NaN NaN 146.54964 -82.71986 -35.48884 248.96448 -156.85956 -30.32185 NaN NaN NaN 2.79215 -168.52675 26.80758 -5.86712 -148.12978 -101.57873
21359 1.22078 NaN NaN NaN 146.53903 -82.66729 -35.49646 248.90135 -156.85950 -30.29080 NaN NaN NaN 2.71082 -168.53230 26.94926 -5.67876 -148.21742 -101.49846
21360 1.22913 NaN NaN NaN 146.50491 -82.67892 -35.48640 248.86125 -156.85847 -30.27386 NaN NaN NaN 2.56958 -168.60880 27.10014 -5.42321 -148.13872 -101.30496
21361 1.23747 NaN NaN NaN 146.47516 -82.68414 -35.47656 248.82408 -156.83701 -30.24133 NaN NaN NaN 2.37897 -168.70305 27.23255 -5.23743 -148.31253 -101.23035
21362 1.24582 NaN NaN NaN 146.48293 -82.72791 -35.46905 248.79439 -156.85564 -30.25220 NaN NaN NaN 2.14475 -168.87784 27.39753 -5.05927 -148.43547 -101.03818
21363 1.25417 NaN NaN NaN 146.44478 -82.73006 -35.45213 248.78496 -156.87567 -30.23522 NaN NaN NaN 1.83516 -169.04140 27.61095 -5.02198 -148.63771 -100.87669
21364 1.26251 NaN NaN NaN 146.45007 -82.74275 -35.41813 248.74806 -156.89690 -30.21280 NaN NaN NaN 1.52046 -169.22415 27.84396 -5.02838 -148.84769 -100.73052
21365 1.27086 NaN NaN NaN 146.43552 -82.64388 -35.40389 248.72621 -156.89064 -30.19640 NaN NaN NaN 1.15263 -169.45654 28.14164 -5.02228 -149.19052 -100.43114
21366 1.27921 NaN NaN NaN 146.43030 -82.60342 -35.38525 248.70239 -156.91743 -30.16799 NaN NaN NaN 0.76820 -169.70580 28.43012 -5.02567 -149.48459 -100.28851
21367 1.28755 NaN NaN NaN 146.48471 -82.67815 -35.30288 248.68552 -156.92949 -30.13113 NaN NaN NaN 0.37542 -169.91479 28.74460 -5.04920 -149.80675 -99.93819
21368 1.29590 NaN NaN NaN 146.47768 -82.59588 -35.35332 248.65077 -156.92165 -30.13435 NaN NaN NaN -0.02630 -170.17741 29.10816 -5.08295 -150.23756 -99.60719
21369 1.30425 NaN NaN NaN 146.48465 -82.48138 -35.38714 248.62775 -156.91159 -30.12256 NaN NaN NaN -0.45563 -170.42126 29.46482 -5.11939 -150.63518 -99.33447
21370 1.31259 NaN NaN NaN 146.48222 -82.38654 -35.42973 248.62036 -156.89297 -30.14964 NaN NaN NaN -0.82221 -170.65482 29.79288 -5.30497 -151.03032 -98.93732
21371 1.32094 NaN NaN NaN 146.47110 -82.29701 -35.42535 248.61916 -156.83481 -30.16568 NaN NaN NaN -1.17282 -170.85402 30.12226 -5.37407 -151.35950 -98.55531
21372 1.32929 NaN NaN NaN 146.46840 -82.27762 -35.41987 248.64014 -156.80389 -30.19320 NaN NaN NaN -1.48519 -171.04620 30.47816 -5.45726 -151.66211 -98.23382
21373 1.33763 NaN NaN NaN 146.48816 -82.28746 -35.39982 248.66402 -156.76228 -30.20889 NaN NaN NaN -1.75516 -171.23532 30.74370 -5.50542 -151.90952 -97.98916
21374 1.34598 NaN NaN NaN 146.53328 -82.30329 -35.36325 248.68474 -156.73848 -30.22551 NaN NaN NaN -1.99300 -171.40839 30.97045 -5.50029 -152.10693 -97.85207
21375 1.35433 NaN NaN NaN 146.57277 -82.33087 -35.34405 248.69264 -156.69313 -30.22575 NaN NaN NaN -2.19035 -171.57219 31.10511 -5.44046 -152.22112 -97.82417
21376 1.36267 NaN NaN NaN 146.57108 -82.27615 -35.35189 248.69795 -156.66565 -30.23662 NaN NaN NaN -2.35958 -171.77466 31.19796 -5.37683 -152.31232 -97.69515
21377 1.37102 NaN NaN NaN 146.60674 -82.19279 -35.34994 248.71822 -156.58116 -30.21310 NaN NaN NaN -2.49872 -171.99103 31.26750 -5.29555 -152.28380 -97.50423
21378 1.37937 NaN NaN NaN 146.65578 -82.05824 -35.35415 248.74963 -156.52098 -30.22886 NaN NaN NaN -2.58863 -172.19981 31.34055 -5.18887 -152.16014 -97.36634
21379 1.38771 NaN NaN NaN 146.72432 -81.89047 -35.32835 248.78198 -156.43417 -30.21742 NaN NaN NaN -2.68711 -172.45190 31.37070 -5.08391 -152.08348 -97.35007
21380 1.39606 NaN NaN NaN 146.76907 -81.79258 -35.33177 248.85638 -156.35953 -30.24643 NaN NaN NaN -2.76050 -172.67722 31.44320 -4.99944 -151.97441 -97.23872
21381 1.40441 NaN NaN NaN 146.83673 -81.68428 -35.38695 248.88788 -156.26923 -30.25429 NaN NaN NaN -2.78632 -172.84509 31.57500 -4.93521 -151.95995 -97.09811
21382 1.41275 NaN NaN NaN 146.86867 -81.64970 -35.44629 248.94995 -156.18135 -30.29894 NaN NaN NaN -2.73096 -172.98643 31.78402 -4.92548 -152.13963 -96.94804
21383 1.42110 NaN NaN NaN 146.88229 -81.61907 -35.46655 248.98013 -156.10223 -30.33296 NaN NaN NaN -2.66997 -173.09206 31.95034 -4.89082 -152.32874 -96.80267
21384 1.42945 NaN NaN NaN 146.87062 -81.67976 -35.50662 249.00983 -156.08481 -30.36279 NaN NaN NaN -2.53362 -173.23434 32.16190 -4.95469 -152.66988 -96.69687
21385 1.43779 NaN NaN NaN 146.86716 -81.68528 -35.54370 249.04422 -156.06442 -30.40478 NaN NaN NaN -2.38774 -173.36374 32.36792 -5.06238 -153.03987 -96.43631
21386 1.44614 NaN NaN NaN 146.89072 -81.71906 -35.55626 249.05348 -156.05296 -30.43645 NaN NaN NaN -2.23418 -173.45180 32.55974 -5.10958 -153.36630 -96.19556
21387 1.45448 NaN NaN NaN 146.88588 -81.73345 -35.55582 249.05782 -156.03354 -30.45039 NaN NaN NaN -2.04442 -173.54657 32.79551 -5.12174 -153.61809 -95.91393
21388 1.46283 NaN NaN NaN 146.89549 -81.76606 -35.55284 249.07574 -156.05501 -30.49815 NaN NaN NaN -1.85130 -173.59502 33.01822 -5.19200 -153.92889 -95.69761
21389 1.47118 NaN NaN NaN 146.88722 -81.78672 -35.54764 249.10793 -156.06885 -30.48667 NaN NaN NaN -1.63091 -173.64262 33.29303 -5.21123 -154.19118 -95.46745
21390 1.47952 NaN NaN NaN 146.86470 -81.82202 -35.53608 249.12357 -156.11073 -30.53986 NaN NaN NaN -1.41118 -173.68524 33.46062 -5.29284 -154.56256 -95.36985
21391 1.48787 NaN NaN NaN 146.87752 -81.87663 -35.52210 249.13527 -156.15440 -30.52507 NaN NaN NaN -1.17511 -173.68132 33.60241 -5.24074 -154.62811 -95.20451
21392 1.49622 NaN NaN NaN 146.87263 -81.93707 -35.51640 249.15302 -156.21365 -30.55740 NaN NaN NaN -0.88825 -173.70726 33.75771 -5.29105 -155.02896 -95.16178
21393 1.50456 NaN NaN NaN 146.88306 -81.97372 -35.51386 249.17358 -156.25410 -30.54031 NaN NaN NaN -0.62839 -173.76215 33.89250 -5.21162 -155.32030 -95.03492
21394 1.51291 NaN NaN NaN 146.87453 -82.01316 -35.50623 249.18356 -156.28363 -30.59202 NaN NaN NaN -0.35966 -173.79471 34.01270 -5.11681 -155.56310 -94.83956
21395 1.52126 NaN NaN NaN 146.85657 -82.01904 -35.52043 249.18875 -156.28532 -30.60280 NaN NaN NaN -0.09768 -173.81354 34.09384 -4.99948 -155.84317 -94.51724
21396 1.52960 NaN NaN NaN 146.82971 -82.04168 -35.55206 249.21623 -156.26785 -30.67286 NaN NaN NaN 0.12282 -173.88023 34.18065 -4.93198 -156.17403 -94.35387
21397 1.53795 NaN NaN NaN 146.82381 -82.07039 -35.57807 249.24763 -156.25047 -30.71168 NaN NaN NaN 0.36335 -173.95145 34.20189 -4.85989 -156.49261 -94.26527
21398 1.54630 NaN NaN NaN 146.81641 -82.10814 -35.61058 249.28065 -156.23129 -30.73792 NaN NaN NaN 0.56459 -174.00163 34.18178 -4.83679 -156.71019 -94.23270
21399 1.55464 NaN NaN NaN 146.79594 -82.12783 -35.63439 249.32996 -156.18219 -30.78234 NaN NaN NaN 0.69549 -174.05273 34.13477 -4.77214 -156.75778 -94.09411
21400 1.56299 NaN NaN NaN 146.77785 -82.22461 -35.64129 249.37820 -156.16815 -30.78970 NaN NaN NaN 0.83118 -174.16322 34.03940 -4.82492 -156.74294 -94.06014
21401 1.57134 NaN NaN NaN 146.80133 -82.30141 -35.63839 249.39821 -156.15749 -30.82910 NaN NaN NaN 0.93733 -174.26936 33.97760 -4.90821 -156.57932 -93.98106
21402 1.57968 NaN NaN NaN 146.80942 -82.40105 -35.65272 249.42763 -156.16336 -30.82323 NaN NaN NaN 1.02458 -174.40259 33.85728 -5.06596 -156.42093 -94.14072
21403 1.58803 NaN NaN NaN 146.80441 -82.43660 -35.67393 249.44701 -156.13696 -30.83426 NaN NaN NaN 1.04909 -174.58783 33.70512 -5.03336 -155.96327 -94.41576
21404 1.59638 NaN NaN NaN 146.79573 -82.45088 -35.68388 249.46759 -156.08867 -30.86105 NaN NaN NaN 0.97384 -174.88280 33.50389 -4.99983 -155.13768 -94.79857
21405 1.60472 NaN NaN NaN 146.75270 -82.47578 -35.69318 249.49255 -156.01840 -30.88740 NaN NaN NaN 0.90793 -175.08121 33.38154 -4.93972 -154.56747 -95.21082
21406 1.61307 NaN NaN NaN 146.72945 -82.50248 -35.67233 249.52785 -155.97729 -30.92762 NaN NaN NaN 0.94425 -175.22572 33.26249 -4.95862 -154.08008 -95.47308
21407 1.62142 NaN NaN NaN 146.71089 -82.54079 -35.65354 249.54083 -155.95895 -30.95373 NaN NaN NaN 1.07212 -175.23158 33.08993 -5.07266 -153.82327 -95.59323
21408 1.62976 NaN NaN NaN 146.72128 -82.56148 -35.60447 249.55157 -155.98776 -30.96133 NaN NaN NaN 1.21243 -175.21933 32.86240 -5.24019 -153.80597 -95.74982
21409 1.63811 NaN NaN NaN 146.74533 -82.54375 -35.52447 249.57651 -156.04068 -30.99276 NaN NaN NaN 1.41676 -175.20973 32.60643 -5.38597 -153.98192 -95.89528
21410 1.64646 NaN NaN NaN 146.71773 -82.64085 -35.45207 249.59207 -156.06378 -31.00837 NaN NaN NaN 1.66808 -175.18222 32.29119 -5.34947 -154.16446 -96.19870
21411 1.65480 NaN NaN NaN 146.68835 -82.66203 -35.40881 249.62601 -156.04562 -31.04074 NaN NaN NaN 1.95289 -175.12337 31.88345 -5.24354 -154.02133 -96.36862
21412 1.66315 NaN NaN NaN 146.68408 -82.68767 -35.38992 249.64561 -156.00841 -31.07111 NaN NaN NaN 2.31227 -175.00095 31.43087 -5.02550 -153.70889 -96.57823
21413 1.67150 NaN NaN NaN 146.69429 -82.64525 -35.40561 249.66959 -155.93515 -31.12789 NaN NaN NaN 2.73997 -174.80487 31.04682 -4.72989 -153.40239 -97.05202
21414 1.67984 NaN NaN NaN 146.77678 -82.54993 -35.42585 249.69766 -155.87012 -31.17483 NaN NaN NaN 3.18738 -174.59172 30.59090 -4.46627 -153.00928 -97.55998
21415 1.68819 NaN NaN NaN 146.80630 -82.50636 -35.43731 249.73987 -155.81084 -31.23920 NaN NaN NaN 3.61182 -174.41409 30.17020 -4.22284 -152.52644 -97.96643
21416 1.69654 NaN NaN NaN 146.85754 -82.40633 -35.49142 249.80069 -155.75919 -31.28555 NaN NaN NaN 3.88249 -174.26346 29.78193 -3.96899 -152.17830 -98.47401
21417 1.70488 NaN NaN NaN 146.92685 -82.31442 -35.50094 249.85655 -155.71382 -31.31695 NaN NaN NaN 4.02954 -174.27228 29.38827 -3.77300 -151.79694 -98.82333
21418 1.71323 NaN NaN NaN 146.95132 -82.27793 -35.52526 249.90099 -155.67316 -31.32903 NaN NaN NaN 4.01813 -174.42944 29.04378 -3.61092 -151.56210 -99.15649
21419 1.72157 NaN NaN NaN 146.96397 -82.25551 -35.52547 249.92917 -155.63690 -31.33523 NaN NaN NaN 3.94266 -174.61563 28.78759 -3.35525 -151.22113 -99.60210
21420 1.72992 NaN NaN NaN 147.00729 -82.27856 -35.50995 249.96506 -155.61644 -31.32748 NaN NaN NaN 3.77535 -174.85728 28.60288 -3.46650 -151.35107 -99.72504
21421 1.73827 NaN NaN NaN 147.06125 -82.32861 -35.47815 250.01677 -155.64192 -31.33231 NaN NaN NaN 3.53814 -175.12744 28.47044 -3.61015 -151.67136 -99.97231
21422 1.74661 NaN NaN NaN 147.12779 -82.42415 -35.42767 250.05486 -155.73373 -31.32659 NaN NaN NaN 3.31598 -175.38385 28.32886 -3.81282 -152.08743 -99.96600
21423 1.75496 NaN NaN NaN 147.20630 -82.48419 -35.35675 250.07222 -155.84573 -31.34553 NaN NaN NaN 3.11745 -175.70218 28.18205 -3.91913 -152.56180 -99.86691
21424 1.76331 NaN NaN NaN 147.23257 -82.60004 -35.29522 250.08853 -155.96936 -31.37821 NaN NaN NaN 2.92737 -175.95032 28.07583 -4.04160 -153.03891 -99.88846
21425 1.77165 NaN NaN NaN 147.29341 -82.65070 -35.25201 250.09862 -156.10382 -31.38584 NaN NaN NaN 2.81379 -176.14215 28.05213 -3.95332 -153.25006 -100.10603
21426 1.78000 NaN NaN NaN 147.32494 -82.68060 -35.18692 250.12920 -156.18945 -31.39955 NaN NaN NaN 2.77118 -176.31215 28.06813 -3.92012 -153.34923 -100.20161
21427 1.78835 NaN NaN NaN 147.32886 -82.70401 -35.12561 250.14990 -156.30009 -31.44361 NaN NaN NaN 2.79956 -176.43134 28.09031 -3.91958 -153.25540 -100.28526
21428 1.79669 NaN NaN NaN 147.37671 -82.81546 -35.07315 250.19089 -156.39795 -31.47332 NaN NaN NaN 2.89078 -176.48120 28.11807 -3.94751 -153.21629 -100.41848
21429 1.80504 NaN NaN NaN 147.41020 -82.90731 -35.08978 250.21591 -156.49962 -31.49622 NaN NaN NaN 3.01016 -176.45694 28.13565 -4.04573 -153.38771 -100.40474
21430 1.81339 NaN NaN NaN 147.46373 -82.99096 -35.06940 250.28429 -156.59383 -31.52427 NaN NaN NaN 3.13905 -176.42830 28.14919 -4.10915 -153.55115 -100.59789
21431 1.82173 NaN NaN NaN 147.51216 -83.08212 -35.05012 250.35077 -156.66467 -31.57218 NaN NaN NaN 3.24510 -176.40370 28.14150 -4.20802 -153.80360 -100.58216
21432 1.83008 NaN NaN NaN 147.58345 -83.13939 -35.00941 250.42053 -156.72896 -31.60576 NaN NaN NaN 3.37949 -176.41141 28.12049 -4.32280 -154.05962 -100.57233
21433 1.83843 NaN NaN NaN 147.63803 -83.21190 -34.94290 250.48167 -156.77255 -31.61456 NaN NaN NaN 3.58199 -176.34929 28.11630 -4.68281 -154.67448 -100.33729
21434 1.84677 NaN NaN NaN 147.69670 -83.29628 -34.85288 250.55743 -156.85020 -31.61763 NaN NaN NaN 3.88330 -176.18735 28.06256 -5.00271 -155.14915 -100.24006
21435 1.85512 NaN NaN NaN 147.74825 -83.40881 -34.74270 250.64143 -156.94460 -31.60051 NaN NaN NaN 4.24350 -175.93178 27.94473 -5.37749 -155.68121 -100.30859
21436 1.86347 NaN NaN NaN 147.80205 -83.60913 -34.63254 250.75558 -157.02100 -31.58419 NaN NaN NaN 4.55591 -175.66962 27.69117 -5.66557 -155.97026 -100.58636
21437 1.87181 NaN NaN NaN 147.88701 -83.71336 -34.42384 250.88486 -157.12273 -31.54833 NaN NaN NaN 4.82987 -175.42838 27.30659 -5.79715 -155.99812 -100.92239
21438 1.88016 NaN NaN NaN 147.96373 -83.92027 -34.35307 251.01468 -157.22214 -31.51805 NaN NaN NaN 5.06763 -175.25337 26.85648 -5.77338 -155.64079 -101.24648
21439 1.88851 NaN NaN NaN 148.08560 -84.07867 -34.22206 251.15677 -157.28391 -31.52701 NaN NaN NaN 5.31306 -175.09047 26.36935 -5.66995 -155.13608 -101.70908
21440 1.89685 NaN NaN NaN 148.16563 -84.35587 -33.99306 251.30025 -157.37823 -31.53558 NaN NaN NaN 5.64909 -174.82932 25.81139 -5.53013 -154.56621 -102.33623
21441 1.90520 NaN NaN NaN 148.27295 -84.49802 -33.84891 251.40724 -157.41736 -31.53638 NaN NaN NaN 6.01786 -174.52663 25.29520 -5.35792 -154.04280 -102.88908
21442 1.91355 NaN NaN NaN 148.36528 -84.68057 -33.59611 251.48087 -157.42194 -31.56604 NaN NaN NaN 6.39721 -174.22925 24.77911 -5.26449 -153.46748 -103.37261
21443 1.92189 NaN NaN NaN 148.36064 -84.99863 -33.41305 251.52016 -157.42827 -31.59335 NaN NaN NaN 6.77304 -173.93689 24.31731 -5.12591 -152.80251 -103.82249
21444 1.93024 NaN NaN NaN 148.38318 -84.90885 -33.47958 251.54520 -157.40886 -31.63242 NaN NaN NaN 7.18586 -173.57460 23.96653 -5.06160 -152.36922 -104.16007
21445 1.93859 NaN NaN NaN 148.38857 -84.82868 -33.54186 251.54254 -157.38423 -31.68507 NaN NaN NaN 7.65766 -173.15359 23.71065 -4.99881 -151.98134 -104.38389
21446 1.94693 NaN NaN NaN 148.38795 -84.72366 -33.59110 251.53098 -157.36624 -31.71784 NaN NaN NaN 8.13682 -172.70229 23.45518 -4.97233 -151.82326 -104.61151
21447 1.95528 NaN NaN NaN 148.37289 -84.61050 -33.64845 251.53317 -157.34268 -31.74375 NaN NaN NaN 8.51794 -172.29158 23.22908 -4.90658 -151.54474 -104.79002
21448 1.96362 NaN NaN NaN 148.35744 -84.58241 -33.67990 251.52299 -157.32956 -31.74339 NaN NaN NaN 8.81070 -171.88684 23.12708 -4.82935 -151.37282 -104.83115
21449 1.97197 NaN NaN NaN 148.34111 -84.55738 -33.70415 251.50677 -157.30212 -31.76238 NaN NaN NaN 9.10545 -171.50032 23.12106 -4.61897 -151.11574 -104.80344
21450 1.98032 NaN NaN NaN 148.32124 -84.72478 -33.58088 251.49165 -157.27867 -31.75101 NaN NaN NaN 9.44324 -171.10611 23.19674 -4.41618 -150.87695 -104.62539
21451 1.98866 NaN NaN NaN 148.35283 -84.69666 -33.56771 251.49080 -157.26953 -31.74915 NaN NaN NaN 9.77404 -170.69426 23.37169 -4.20151 -150.75574 -104.61272
21452 1.99701 NaN NaN NaN 148.30296 -84.95847 -33.38718 251.49892 -157.26570 -31.73756 NaN NaN NaN 10.01466 -170.31140 23.64933 -3.95506 -150.66463 -104.55772
21453 2.00536 NaN NaN NaN 148.31209 -85.14854 -33.23718 251.51541 -157.26181 -31.75088 NaN NaN NaN 10.19746 -169.91354 23.93842 -3.76952 -150.54086 -104.26193
21454 2.01370 NaN NaN NaN 148.40967 -84.96892 -33.21947 251.54140 -157.29071 -31.72911 NaN NaN NaN 10.40717 -169.53145 24.33745 -3.57190 -150.54961 -103.81657
21455 2.02205 NaN NaN NaN 148.51755 -84.64817 -33.12774 251.55038 -157.28943 -31.71160 NaN NaN NaN 10.59053 -169.11189 24.77410 -3.45705 -150.68138 -103.45129
21456 2.03040 NaN NaN NaN 148.48590 -84.24432 -33.18709 251.55290 -157.28181 -31.69155 NaN NaN NaN 10.66979 -168.81146 25.24142 -3.29250 -150.86044 -103.16174
21457 2.03874 NaN NaN NaN 148.39415 -83.91537 -33.25373 251.57042 -157.24178 -31.67390 NaN NaN NaN 10.53906 -168.61995 25.67616 -3.05072 -151.00783 -102.73998
21458 2.04709 NaN NaN NaN 148.32881 -83.71384 -33.29019 251.54254 -157.18785 -31.63450 NaN NaN NaN 10.19802 -168.61076 26.05956 -2.66870 -151.07843 -102.29401
21459 2.05544 NaN NaN NaN 148.31046 -83.80315 -33.33344 251.47858 -157.12076 -31.60360 NaN NaN NaN 9.80538 -168.68216 26.48756 -2.34182 -151.26337 -102.12621
21460 2.06378 NaN NaN NaN 148.33565 -83.58646 -33.36044 251.38055 -157.08939 -31.55954 NaN NaN NaN 9.47879 -168.71400 27.01572 -2.14933 -151.49094 -101.64725
21461 2.07213 NaN NaN NaN 148.36545 -83.49561 -33.39133 251.25418 -157.00659 -31.54026 NaN NaN NaN 9.24416 -168.66884 27.61794 -2.06203 -151.80264 -101.18694
21462 2.08048 NaN NaN NaN 148.32358 -83.33063 -33.48456 251.16232 -156.98521 -31.49334 NaN NaN NaN 9.02661 -168.66441 28.19841 -2.03680 -152.11128 -100.61404
21463 2.08882 NaN NaN NaN 148.29471 -83.19070 -33.51533 251.11703 -156.95691 -31.45722 NaN NaN NaN 8.75348 -168.62599 28.80973 -1.96791 -152.56903 -100.10715
21464 2.09717 NaN NaN NaN 148.29012 -83.09940 -33.54482 251.07709 -156.96172 -31.40529 NaN NaN NaN 8.38461 -168.67099 29.33175 -1.95462 -153.05725 -99.60330
21465 2.10552 NaN NaN NaN 148.29532 -83.08469 -33.53362 251.08432 -156.98332 -31.36799 NaN NaN NaN 8.00244 -168.74719 29.94099 -1.92532 -153.57106 -99.08398
21466 2.11386 NaN NaN NaN 148.29611 -83.08963 -33.49257 251.06047 -157.04730 -31.33577 NaN NaN NaN 7.59983 -168.87794 30.46975 -1.98423 -153.99646 -98.53881
21467 2.12221 NaN NaN NaN 148.28900 -83.13710 -33.46111 251.05321 -157.07980 -31.30419 NaN NaN NaN 7.21324 -168.99841 30.95963 -2.03704 -154.38486 -98.15331
21468 2.13056 NaN NaN NaN 148.27353 -83.30670 -33.48754 251.04294 -157.14131 -31.25522 NaN NaN NaN 6.86461 -169.14819 31.43656 -2.23909 -154.75737 -97.69207
21469 2.13890 NaN NaN NaN 148.30511 -83.29658 -33.40134 251.03705 -157.17763 -31.19275 NaN NaN NaN 6.50643 -169.35371 31.74771 -2.38013 -155.12115 -97.31375
21470 2.14725 NaN NaN NaN 148.32404 -83.35794 -33.29892 251.01125 -157.22693 -31.08394 NaN NaN NaN 6.12765 -169.61746 31.95875 -2.67148 -156.23204 -97.01473
21471 2.15560 NaN NaN NaN 148.33362 -83.49124 -33.29244 251.01892 -157.25430 -30.95565 NaN NaN NaN 5.70770 -169.86990 32.01936 -2.71426 -156.92088 -96.82203
21472 2.16394 NaN NaN NaN 148.34776 -83.47539 -33.19666 251.03357 -157.25566 -30.84036 NaN NaN NaN 5.25863 -170.17014 31.97340 -2.66405 -157.25192 -96.70551
21473 2.17229 NaN NaN NaN 148.35574 -83.53798 -33.20753 251.06589 -157.26486 -30.76855 NaN NaN NaN 4.81128 -170.45998 31.86650 -2.60586 -157.32712 -96.79821
21474 2.18064 NaN NaN NaN 148.36414 -83.52221 -33.22831 251.08806 -157.20747 -30.73334 NaN NaN NaN 4.36569 -170.88432 31.73891 -2.66452 -157.05853 -96.88914
21475 2.18898 NaN NaN NaN 148.37157 -83.48165 -33.23594 251.10057 -157.14680 -30.71504 NaN NaN NaN 3.86996 -171.35268 31.60721 -2.75478 -156.76045 -97.12278
21476 2.19733 NaN NaN NaN 148.44196 -83.23046 -33.20929 251.14746 -157.07639 -30.72508 NaN NaN NaN 3.35968 -171.82289 31.45585 -2.88716 -156.43410 -97.33866
21477 2.20568 NaN NaN NaN 148.46162 -83.09353 -33.23693 251.16168 -157.01202 -30.73999 NaN NaN NaN 2.92680 -172.26572 31.35587 -3.10755 -156.29515 -97.44567
21478 2.21402 NaN NaN NaN 148.47107 -83.06356 -33.28450 251.20671 -156.96643 -30.78756 NaN NaN NaN 2.55985 -172.63754 31.28511 -3.38902 -156.03979 -97.52435
21479 2.22237 NaN NaN NaN 148.46983 -83.09306 -33.33992 251.26158 -156.94058 -30.83261 NaN NaN NaN 2.27337 -172.98422 31.18575 -3.67482 -155.99826 -97.61286
21480 2.23071 NaN NaN NaN 148.47775 -83.22259 -33.39317 251.28812 -156.94342 -30.86198 NaN NaN NaN 2.06001 -173.25084 31.13095 -3.94511 -155.94374 -97.59447
21481 2.23906 NaN NaN NaN 148.52312 -83.18726 -33.38005 251.30989 -156.95892 -30.89340 NaN NaN NaN 1.91173 -173.41998 31.10835 -4.14766 -156.13261 -97.73266
21482 2.24741 NaN NaN NaN 148.55965 -83.27953 -33.40248 251.31458 -156.96027 -30.90624 NaN NaN NaN 1.76965 -173.54254 31.06678 -4.38061 -156.31929 -97.81734
21483 2.25575 NaN NaN NaN 148.52959 -83.34148 -33.41788 251.31979 -156.95094 -30.90709 NaN NaN NaN 1.63462 -173.67770 30.99079 -4.58589 -156.49181 -97.80438
21484 2.26410 NaN NaN NaN 148.52805 -83.36024 -33.43159 251.31453 -156.94461 -30.90468 NaN NaN NaN 1.53016 -173.83389 30.95293 -4.64286 -156.60606 -97.74817
21485 2.27245 NaN NaN NaN 148.53838 -83.25015 -33.37953 251.30569 -156.93153 -30.90068 NaN NaN NaN 1.47495 -173.97021 30.93456 -4.68225 -156.81985 -97.77695
21486 2.28079 NaN NaN NaN 148.52203 -83.29754 -33.44101 251.31166 -156.92224 -30.88007 NaN NaN NaN 1.46170 -174.06683 30.91180 -4.71536 -156.76128 -97.75686
21487 2.28914 NaN NaN NaN 148.52722 -83.15444 -33.40476 251.32407 -156.92404 -30.86827 NaN NaN NaN 1.55623 -174.13609 30.88232 -4.71057 -156.77408 -97.80865
21488 2.29749 NaN NaN NaN 148.50955 -83.23137 -33.45078 251.33707 -156.91850 -30.88108 NaN NaN NaN 1.78819 -174.12553 30.86832 -4.72666 -156.40337 -97.82986
21489 2.30583 NaN NaN NaN 148.51073 -83.16656 -33.37233 251.36847 -156.90070 -30.88827 NaN NaN NaN 2.13372 -173.97731 30.82779 -4.68347 -156.25018 -97.93228
21490 2.31418 NaN NaN NaN 148.50038 -83.24781 -33.36457 251.39598 -156.89484 -30.90968 NaN NaN NaN 2.57883 -173.78134 30.79139 -4.62731 -156.00748 -97.93636
21491 2.32253 NaN NaN NaN 148.49298 -83.30911 -33.35078 251.41174 -156.86340 -30.93798 NaN NaN NaN 3.07288 -173.49603 30.71709 -4.57610 -155.90071 -98.00372
21492 2.33087 NaN NaN NaN 148.49765 -83.35204 -33.31385 251.41246 -156.84100 -30.94376 NaN NaN NaN 3.59370 -173.23462 30.61470 -4.46422 -155.85014 -98.05206
21493 2.33922 NaN NaN NaN 148.51488 -83.34766 -33.29261 251.44872 -156.80162 -30.98369 NaN NaN NaN 4.07694 -172.98074 30.41699 -4.33475 -155.82083 -98.20787
21494 2.34757 NaN NaN NaN 148.53326 -83.33324 -33.28945 251.48717 -156.73895 -30.99613 NaN NaN NaN 4.49863 -172.77415 30.20385 -4.10435 -155.78374 -98.40717
21495 2.35591 NaN NaN NaN 148.56317 -83.33144 -33.30089 251.52065 -156.68298 -31.06074 NaN NaN NaN 4.88044 -172.62956 30.05133 -3.99566 -155.68530 -98.50585
21496 2.36426 NaN NaN NaN 148.62854 -83.20484 -33.25095 251.53659 -156.61241 -31.12122 NaN NaN NaN 5.17079 -172.52229 29.90542 -3.90144 -155.67506 -98.59543
21497 2.37261 NaN NaN NaN 148.66913 -83.12636 -33.27316 251.55576 -156.55949 -31.16082 NaN NaN NaN 5.39098 -172.46819 29.72750 -3.81428 -155.36708 -98.68096
21498 2.38095 NaN NaN NaN 148.61398 -83.03094 -33.33519 251.56494 -156.51570 -31.18466 NaN NaN NaN 5.53161 -172.48442 29.56430 -3.76909 -155.27231 -98.87044
21499 2.38930 NaN NaN NaN 148.61336 -82.99060 -33.39188 251.60597 -156.49837 -31.21737 NaN NaN NaN 5.56725 -172.48749 29.46533 -3.72799 -155.12730 -98.96557
21500 2.39765 NaN NaN NaN 148.63177 -82.97219 -33.44311 251.63620 -156.43832 -31.24658 NaN NaN NaN 5.55352 -172.52739 29.39455 -3.76281 -155.14850 -99.10349
21501 2.40599 NaN NaN NaN 148.62816 -82.91866 -33.49067 251.65894 -156.41243 -31.26735 NaN NaN NaN 5.54924 -172.58528 29.34809 -3.91210 -155.15065 -99.10271
21502 2.41434 NaN NaN NaN 148.71976 -83.11630 -33.38387 251.65334 -156.41563 -31.33296 NaN NaN NaN 5.54303 -172.58237 29.34606 -4.04785 -155.21437 -99.07769
21503 2.42269 NaN NaN NaN 148.62158 -83.27205 -33.46375 251.58406 -156.45140 -31.37573 NaN NaN NaN 5.54963 -172.53941 29.39462 -4.17100 -155.23714 -99.06199
21504 2.43103 NaN NaN NaN 148.53091 -83.49915 -33.44335 251.53920 -156.48415 -31.40408 NaN NaN NaN 5.57721 -172.47169 29.46782 -4.27169 -155.34079 -99.06242
21505 2.43938 NaN NaN NaN 148.49301 -83.50495 -33.49485 251.50250 -156.51988 -31.46169 NaN NaN NaN 5.59951 -172.41469 29.51456 -4.35646 -155.37729 -98.91123
21506 2.44773 NaN NaN NaN 148.40979 -83.62793 -33.46378 251.47853 -156.53857 -31.49271 NaN NaN NaN 5.62898 -172.35133 29.55657 -4.54919 -155.42160 -98.86379
21507 2.45607 NaN NaN NaN 148.36725 -83.73122 -33.39201 251.38956 -156.52963 -31.51631 NaN NaN NaN 5.60040 -172.29951 29.59801 -4.64497 -155.44197 -98.82700
21508 2.46442 NaN NaN NaN 148.36925 -83.53548 -33.48499 251.33810 -156.52118 -31.56485 NaN NaN NaN 5.55248 -172.26563 29.63631 -4.74144 -155.48077 -98.92346
21509 2.47276 NaN NaN NaN 148.28886 -83.59901 -33.52985 251.28822 -156.52672 -31.58457 NaN NaN NaN 5.51979 -172.22652 29.70647 -4.81593 -155.44081 -98.98027
21510 2.48111 NaN NaN NaN 148.21466 -83.70900 -33.48219 251.23764 -156.50124 -31.60567 NaN NaN NaN 5.46464 -172.19351 29.74554 -4.88381 -155.36867 -98.97215
21511 2.48946 NaN NaN NaN 148.20587 -83.76950 -33.47357 251.21907 -156.50908 -31.61839 NaN NaN NaN 5.39760 -172.17361 29.76194 -4.94280 -155.27660 -98.88902
21512 2.49780 NaN NaN NaN 148.18402 -83.76884 -33.45590 251.21584 -156.51382 -31.60774 NaN NaN NaN 5.32068 -172.19305 29.75515 -4.99486 -155.21332 -98.85395
21513 2.50615 NaN NaN NaN 148.21646 -83.83310 -33.39772 251.21692 -156.51028 -31.62114 NaN NaN NaN 5.23863 -172.23488 29.76807 -5.10685 -155.21309 -98.81940
21514 2.51450 NaN NaN NaN 148.22304 -83.89158 -33.37638 251.21780 -156.53633 -31.60072 NaN NaN NaN 5.20153 -172.29564 29.75991 -5.21324 -155.24504 -98.83138
21515 2.52284 NaN NaN NaN 148.30115 -83.67976 -33.40952 251.22749 -156.60394 -31.60620 NaN NaN NaN 5.39576 -172.26761 29.76410 -5.34392 -155.25740 -98.89295
21516 2.53119 NaN NaN NaN 148.30437 -83.32336 -33.44270 251.24193 -156.68224 -31.56555 NaN NaN NaN 5.76053 -172.04013 29.70858 -5.62404 -155.26836 -98.95079
21517 2.53954 NaN NaN NaN 148.24757 -83.15283 -33.37526 251.26192 -156.75439 -31.55879 NaN NaN NaN 6.15396 -171.73537 29.53203 -5.85973 -155.15195 -99.04970
21518 2.54788 NaN NaN NaN 148.24208 -83.13856 -33.29680 251.30359 -156.85109 -31.56081 NaN NaN NaN 6.44499 -171.55836 29.20124 -5.95061 -155.19974 -99.22721
21519 2.55623 NaN NaN NaN 148.28709 -83.33836 -33.17621 251.34450 -156.88564 -31.59987 NaN NaN NaN 6.71009 -171.46638 28.73594 -5.76501 -154.95673 -99.62856
21520 2.56458 NaN NaN NaN 148.31612 -83.41929 -33.16744 251.36261 -156.88377 -31.60037 NaN NaN NaN 7.07885 -171.40767 28.28111 -5.56372 -154.55168 -100.12875
21521 2.57292 NaN NaN NaN 148.40755 -83.58801 -33.05387 251.35457 -156.84419 -31.63195 NaN NaN NaN 7.51794 -171.27003 27.72838 -5.31194 -154.04544 -100.52718
21522 2.58127 NaN NaN NaN 148.44211 -83.60274 -33.09591 251.33763 -156.77934 -31.70259 NaN NaN NaN 8.02794 -171.09978 27.26907 -5.05897 -153.34996 -100.98499
21523 2.58962 NaN NaN NaN 148.45906 -83.43628 -33.25373 251.32809 -156.73608 -31.76801 NaN NaN NaN 8.49781 -170.95018 26.88732 -4.86794 -152.80772 -101.55167
21524 2.59796 NaN NaN NaN 148.47110 -83.35205 -33.35941 251.33977 -156.71149 -31.81130 NaN NaN NaN 8.92262 -170.84724 26.45400 -4.82364 -152.35123 -101.98110
21525 2.60631 NaN NaN NaN 148.48613 -83.32368 -33.41469 251.35880 -156.71971 -31.89509 NaN NaN NaN 9.31773 -170.76831 26.06210 -4.84878 -152.18091 -102.29954
21526 2.61466 NaN NaN NaN 148.49684 -83.32680 -33.41031 251.39876 -156.80774 -31.91768 NaN NaN NaN 9.70182 -170.69287 25.76932 -4.98512 -152.15784 -102.60878
21527 2.62300 NaN NaN NaN 148.53625 -83.43130 -33.36757 251.45749 -156.84669 -31.98522 NaN NaN NaN 10.04254 -170.55193 25.47479 -5.22766 -152.34764 -102.86609
21528 2.63135 NaN NaN NaN 148.58681 -83.68538 -33.22616 251.53317 -156.97043 -32.02488 NaN NaN NaN 10.40835 -170.42326 25.21570 -5.43210 -152.60777 -102.99581
21529 2.63970 NaN NaN NaN 148.63673 -83.85175 -33.13976 251.60490 -157.05865 -31.99371 NaN NaN NaN 10.76641 -170.26736 25.05242 -5.60751 -152.89467 -103.00015
21530 2.64804 NaN NaN NaN 148.61018 -84.00758 -33.04845 251.61546 -157.18614 -32.04580 NaN NaN NaN 11.25600 -169.93779 25.04771 -5.62094 -153.16196 -102.93847
21531 2.65639 NaN NaN NaN 148.46733 -84.45809 -33.01029 251.54576 -157.25835 -32.01830 NaN NaN NaN 11.81933 -169.48613 25.21012 -5.48959 -153.32257 -102.77733
21532 2.66474 NaN NaN NaN 148.51776 -84.30038 -33.10500 251.45285 -157.31531 -32.03355 NaN NaN NaN 12.41714 -169.01521 25.41047 -5.33179 -153.38924 -102.64465
21533 2.67308 NaN NaN NaN 148.50581 -84.18492 -33.21068 251.35143 -157.29774 -32.04383 NaN NaN NaN 12.94344 -168.64166 25.55679 -4.98658 -153.30547 -102.50426
21534 2.68143 NaN NaN NaN 148.45952 -83.99931 -33.30912 251.30869 -157.29187 -32.09779 NaN NaN NaN 13.25265 -168.39297 25.65285 -4.46793 -153.02306 -102.38689
21535 2.68978 NaN NaN NaN 148.42505 -83.90533 -33.35040 251.28728 -157.30051 -32.13485 NaN NaN NaN 13.52216 -168.20033 25.83781 -3.95262 -152.77734 -102.14716
21536 2.69812 NaN NaN NaN 148.46429 -83.86158 -33.29245 251.31761 -157.33313 -32.14915 NaN NaN NaN 13.81929 -167.97540 26.19545 -3.52981 -152.50945 -101.93150
21537 2.70647 NaN NaN NaN 148.48222 -83.97761 -33.15777 251.39481 -157.39265 -32.16337 NaN NaN NaN 14.17227 -167.60556 26.60182 -3.12965 -152.22926 -101.58489
21538 2.71482 NaN NaN NaN 148.40965 -84.39258 -33.04884 251.46089 -157.47235 -32.18935 NaN NaN NaN 14.61371 -167.14914 27.14124 -2.88104 -152.21867 -101.25665
21539 2.72316 NaN NaN NaN 148.49640 -84.26646 -32.92935 251.53752 -157.60332 -32.20292 NaN NaN NaN 15.06853 -166.57628 27.61371 -2.81846 -152.60181 -100.81284
21540 2.73151 NaN NaN NaN 148.47639 -84.51977 -32.83950 251.60388 -157.75771 -32.24681 NaN NaN NaN 15.47383 -166.06458 28.08965 -2.76181 -153.06346 -100.19654
21541 2.73985 NaN NaN NaN 148.48613 -84.95316 -32.57031 251.65053 -157.88475 -32.24304 NaN NaN NaN 15.70666 -165.57526 28.49028 -2.54776 -153.34804 -99.79359
21542 2.74820 NaN NaN NaN 148.56056 -85.38946 -32.23960 251.72038 -157.95970 -32.23142 NaN NaN NaN 15.87410 -165.17232 28.81358 -2.36265 -153.84268 -99.29693
21543 2.75655 NaN NaN NaN 148.60471 -85.67675 -32.08141 251.79103 -158.02005 -32.20381 NaN NaN NaN 15.94047 -164.93958 29.05836 -2.08725 -154.16278 -98.94399
21544 2.76489 NaN NaN NaN 148.75928 -85.22068 -32.10699 251.81357 -158.02669 -32.16602 NaN NaN NaN 15.87879 -164.85704 29.21929 -1.76682 -154.60030 -98.68961
21545 2.77324 NaN NaN NaN 148.80066 -84.86060 -32.19054 251.82114 -158.02161 -32.13077 NaN NaN NaN 15.66249 -164.93089 29.29895 -1.44185 -155.04050 -98.55066
21546 2.78159 NaN NaN NaN 148.79967 -84.55000 -32.27256 251.82759 -157.98456 -32.10141 NaN NaN NaN 15.25594 -165.21594 29.32178 -1.07207 -155.27048 -98.62833
21547 2.78993 NaN NaN NaN 148.71570 -84.64338 -32.35973 251.84320 -157.93182 -32.08049 NaN NaN NaN 14.64288 -165.65121 29.30113 -0.81805 -155.43016 -98.66746
