Frame# Time LH1 LH2 LH3 RH1 RH2 RH3
X54 Y54 Z54 X55 Y55 Z55 X56 Y56 Z56 X57 Y57 Z57 X58 Y58 Z58 X59 Y59 Z59
41002 0.00477 NaN NaN NaN 161.72952 -99.72571 -33.90744 263.80838 -173.71611 -24.74343 NaN NaN NaN 18.89864 -141.15991 28.21493 -61.09606 -192.14677 -61.18784
41003 0.01310 NaN NaN NaN 161.73311 -99.72776 -33.90776 263.81909 -173.71086 -24.73685 NaN NaN NaN 18.90207 -141.14896 28.21674 -61.08101 -192.15591 -61.17865
41004 0.02143 NaN NaN NaN 161.71959 -99.75571 -33.90546 263.82977 -173.74786 -24.72342 NaN NaN NaN 18.91638 -141.14226 28.19869 -61.08921 -192.14188 -61.17554
41005 0.02977 NaN NaN NaN 161.74219 -99.74111 -33.90288 263.84821 -173.74280 -24.74762 NaN NaN NaN 18.91534 -141.13475 28.21983 -61.08445 -192.15520 -61.18653
41006 0.03810 NaN NaN NaN 161.76247 -99.73373 -33.89734 263.86035 -173.76547 -24.77682 NaN NaN NaN 18.91337 -141.13841 28.20062 -61.09042 -192.15063 -61.19469
41007 0.04643 NaN NaN NaN 161.78152 -99.74747 -33.80583 263.87317 -173.77400 -24.75043 NaN NaN NaN 18.89593 -141.14621 28.20617 -61.09214 -192.15144 -61.19759
41008 0.05476 NaN NaN NaN 161.79628 -99.76459 -33.76870 263.86929 -173.77521 -24.80554 NaN NaN NaN 18.89393 -141.14165 28.20276 -61.09057 -192.15570 -61.22352
41009 0.06309 NaN NaN NaN 161.81360 -99.78321 -33.78390 263.89230 -173.79250 -24.83049 NaN NaN NaN 18.87052 -141.16020 28.19685 -61.11216 -192.14375 -61.21532
41010 0.07142 NaN NaN NaN 161.83344 -99.82037 -33.77517 263.90442 -173.81555 -24.82283 NaN NaN NaN 18.86330 -141.15189 28.18784 -61.13065 -192.15012 -61.22480
41011 0.07975 NaN NaN NaN 161.86620 -99.81934 -33.74828 263.94653 -173.83867 -24.84319 NaN NaN NaN 18.85396 -141.17169 28.20287 -61.15121 -192.16640 -61.19931
41012 0.08809 NaN NaN NaN 161.88985 -99.83028 -33.73665 263.95999 -173.86035 -24.85804 NaN NaN NaN 18.82500 -141.16626 28.19049 -61.17128 -192.15042 -61.21824
41013 0.09642 NaN NaN NaN 161.88977 -99.82951 -33.70644 263.97433 -173.87038 -24.86534 NaN NaN NaN 18.79550 -141.17690 28.19852 -61.18253 -192.16516 -61.19625
41014 0.10475 NaN NaN NaN 161.91518 -99.80185 -33.70703 263.98688 -173.90244 -24.87247 NaN NaN NaN 18.80412 -141.19264 28.20324 -61.18528 -192.18044 -61.20284
41015 0.11308 NaN NaN NaN 161.93961 -99.80803 -33.67376 263.97391 -173.89806 -24.89368 NaN NaN NaN 18.80732 -141.20341 28.22029 -61.17222 -192.18501 -61.18042
41016 0.12141 NaN NaN NaN 161.96780 -99.80786 -33.64526 264.00055 -173.90997 -24.89925 NaN NaN NaN 18.81718 -141.19359 28.20271 -61.18562 -192.18082 -61.19779
41017 0.12974 NaN NaN NaN 161.98248 -99.79082 -33.57663 264.02057 -173.92525 -24.89251 NaN NaN NaN 18.80905 -141.17998 28.21524 -61.18299 -192.18414 -61.19088
41018 0.13807 NaN NaN NaN 162.00278 -99.80656 -33.55776 264.05237 -173.95796 -24.88062 NaN NaN NaN 18.80735 -141.17068 28.21092 -61.17724 -192.15524 -61.18994
41019 0.14640 NaN NaN NaN 162.03072 -99.77493 -33.52650 264.06287 -173.95906 -24.87599 NaN NaN NaN 18.80643 -141.15459 28.21014 -61.15625 -192.13321 -61.19804
41020 0.15474 NaN NaN NaN 162.03618 -99.77014 -33.51385 264.08749 -173.96107 -24.88559 NaN NaN NaN 18.82553 -141.13649 28.19720 -61.15200 -192.12253 -61.18750
41021 0.16307 NaN NaN NaN 162.04793 -99.76923 -33.50303 264.09354 -173.96869 -24.90174 NaN NaN NaN 18.82108 -141.13214 28.20273 -61.16368 -192.11310 -61.19218
41022 0.17140 NaN NaN NaN 162.06413 -99.78379 -33.46553 264.09766 -173.97647 -24.90743 NaN NaN NaN 18.83431 -141.12231 28.17973 -61.16332 -192.12569 -61.17517
41023 0.17973 NaN NaN NaN 162.07445 -99.82407 -33.45227 264.09592 -173.97559 -24.91098 NaN NaN NaN 18.85392 -141.09949 28.19449 -61.15680 -192.14464 -61.17396
41024 0.18806 NaN NaN NaN 162.07993 -99.82414 -33.42336 264.10870 -173.97977 -24.90540 NaN NaN NaN 18.87174 -141.08652 28.20109 -61.13889 -192.14693 -61.16189
41025 0.19639 NaN NaN NaN 162.09550 -99.84158 -33.42233 264.13538 -173.96904 -24.91529 NaN NaN NaN 18.86400 -141.07051 28.19731 -61.11406 -192.15329 -61.18005
41026 0.20472 NaN NaN NaN 162.10233 -99.81960 -33.40558 264.12683 -173.97935 -24.90823 NaN NaN NaN 18.85852 -141.08475 28.23838 -61.10731 -192.11343 -61.17569
41027 0.21305 NaN NaN NaN 162.09000 -99.78944 -33.40911 264.11459 -173.96877 -24.90815 NaN NaN NaN 18.84375 -141.10880 28.29516 -61.10382 -192.10733 -61.18390
41028 0.22139 NaN NaN NaN 162.06419 -99.79852 -33.40326 264.10699 -173.97191 -24.89949 NaN NaN NaN 18.82509 -141.14131 28.32970 -61.11688 -192.10938 -61.17459
41029 0.22972 NaN NaN NaN 162.09064 -99.77514 -33.38340 264.12292 -173.98473 -24.89692 NaN NaN NaN 18.83469 -141.15193 28.36967 -61.08492 -192.11067 -61.15538
41030 0.23805 NaN NaN NaN 162.08470 -99.76974 -33.37827 264.12631 -174.00505 -24.88748 NaN NaN NaN 18.83742 -141.13512 28.37178 -61.08606 -192.11279 -61.13492
41031 0.24638 NaN NaN NaN 162.10281 -99.80208 -33.36854 264.12381 -174.00369 -24.88476 NaN NaN NaN 18.84733 -141.12819 28.39532 -61.07808 -192.12247 -61.13439
41032 0.25471 NaN NaN NaN 162.09042 -99.86228 -33.32953 264.14203 -174.00511 -24.87815 NaN NaN NaN 18.84483 -141.11368 28.40308 -61.09145 -192.11475 -61.13288
41033 0.26304 NaN NaN NaN 162.11014 -99.87611 -33.31274 264.13620 -174.00639 -24.87841 NaN NaN NaN 18.85122 -141.11894 28.39537 -61.07613 -192.11348 -61.14191
41034 0.27137 NaN NaN NaN 162.10239 -99.90498 -33.29487 264.14395 -174.02271 -24.87844 NaN NaN NaN 18.85006 -141.13628 28.38568 -61.08082 -192.10324 -61.13754
41035 0.27971 NaN NaN NaN 162.11435 -99.94760 -33.26798 264.14209 -174.00992 -24.88246 NaN NaN NaN 18.83528 -141.12958 28.39457 -61.07472 -192.10742 -61.14229
41036 0.28804 NaN NaN NaN 162.11635 -99.94919 -33.27754 264.13971 -174.02173 -24.88178 NaN NaN NaN 18.84139 -141.14885 28.38656 -61.07684 -192.11177 -61.13871
41037 0.29637 NaN NaN NaN 162.12424 -99.94988 -33.28324 264.14825 -174.01653 -24.88640 NaN NaN NaN 18.84452 -141.15399 28.39287 -61.08159 -192.11497 -61.13374
41038 0.30470 NaN NaN NaN 162.10709 -99.92446 -33.29726 264.15332 -174.02145 -24.88976 NaN NaN NaN 18.85803 -141.15062 28.39058 -61.08252 -192.13010 -61.13037
41039 0.31303 NaN NaN NaN 162.12987 -99.88309 -33.30804 264.15378 -174.01230 -24.89903 NaN NaN NaN 18.85084 -141.12585 28.39370 -61.09781 -192.09486 -61.13203
41040 0.32136 NaN NaN NaN 162.12062 -99.87658 -33.31049 264.15207 -174.01114 -24.90694 NaN NaN NaN 18.84248 -141.10097 28.38658 -61.09165 -192.07474 -61.13580
41041 0.32969 NaN NaN NaN 162.11066 -99.87457 -33.31337 264.14780 -173.99803 -24.91337 NaN NaN NaN 18.83010 -141.09421 28.39155 -61.08950 -192.09770 -61.13300
41042 0.33802 NaN NaN NaN 162.09859 -99.89142 -33.30880 264.13235 -173.99922 -24.90534 NaN NaN NaN 18.84723 -141.07961 28.38670 -61.10669 -192.09557 -61.11979
41043 0.34636 NaN NaN NaN 162.10513 -99.87554 -33.33181 264.14090 -173.98062 -24.91811 NaN NaN NaN 18.84498 -141.05821 28.39410 -61.11129 -192.10017 -61.07978
41044 0.35469 NaN NaN NaN 162.08698 -99.88589 -33.32730 264.13565 -173.99294 -24.90965 NaN NaN NaN 18.82858 -141.07008 28.39911 -61.13619 -192.08209 -61.07909
41045 0.36302 NaN NaN NaN 162.11081 -99.88607 -33.31381 264.15237 -173.98935 -24.91212 NaN NaN NaN 18.80621 -141.07065 28.39629 -61.13890 -192.06245 -61.08276
41046 0.37135 NaN NaN NaN 162.10658 -99.88866 -33.29292 264.14627 -174.00183 -24.90982 NaN NaN NaN 18.80156 -141.08516 28.40739 -61.15409 -192.06366 -61.09735
41047 0.37968 NaN NaN NaN 162.13528 -99.87650 -33.29220 264.16901 -174.00749 -24.91807 NaN NaN NaN 18.80156 -141.08380 28.40574 -61.16832 -192.08305 -61.07360
41048 0.38801 NaN NaN NaN 162.12437 -99.88908 -33.27982 264.16809 -174.02170 -24.92199 NaN NaN NaN 18.79056 -141.08191 28.38713 -61.18532 -192.08098 -61.06338
41049 0.39634 NaN NaN NaN 162.15613 -99.86644 -33.27228 264.19272 -174.03279 -24.92883 NaN NaN NaN 18.78441 -141.06487 28.39325 -61.19203 -192.08754 -61.06528
41050 0.40467 NaN NaN NaN 162.15620 -99.85963 -33.27601 264.18289 -174.01491 -24.93250 NaN NaN NaN 18.77629 -141.06956 28.40141 -61.19818 -192.09088 -61.06409
41051 0.41301 NaN NaN NaN 162.15817 -99.85266 -33.27605 264.19199 -174.01259 -24.93238 NaN NaN NaN 18.76066 -141.09337 28.40239 -61.19952 -192.09607 -61.06810
41052 0.42134 NaN NaN NaN 162.15211 -99.85205 -33.29056 264.19733 -174.00439 -24.94703 NaN NaN NaN 18.77941 -141.09662 28.40229 -61.18684 -192.09721 -61.06554
41053 0.42967 NaN NaN NaN 162.16455 -99.83571 -33.28842 264.20581 -173.99364 -24.95033 NaN NaN NaN 18.78535 -141.11632 28.40919 -61.18535 -192.10765 -61.06236
41054 0.43800 NaN NaN NaN 162.13376 -99.85615 -33.31057 264.18997 -174.00935 -24.97619 NaN NaN NaN 18.77736 -141.11545 28.41937 -61.19384 -192.10274 -61.05618
41055 0.44633 NaN NaN NaN 162.15495 -99.86011 -33.28573 264.19855 -174.01811 -24.96165 NaN NaN NaN 18.76794 -141.12033 28.41689 -61.20181 -192.14690 -61.03476
41056 0.45466 NaN NaN NaN 162.16293 -99.86509 -33.28032 264.20728 -174.01244 -24.94730 NaN NaN NaN 18.73781 -141.10451 28.42182 -61.20878 -192.15189 -61.01834
41057 0.46299 NaN NaN NaN 162.16911 -99.86274 -33.28567 264.22150 -174.01881 -24.93781 NaN NaN NaN 18.74341 -141.11766 28.42299 -61.22132 -192.17339 -61.00014
41058 0.47133 NaN NaN NaN 162.17036 -99.82597 -33.26725 264.21997 -174.00296 -24.94560 NaN NaN NaN 18.74069 -141.11246 28.43502 -61.23056 -192.14961 -60.99899
41059 0.47966 NaN NaN NaN 162.16872 -99.84192 -33.28496 264.23477 -174.00853 -24.94468 NaN NaN NaN 18.70706 -141.13290 28.44565 -61.23044 -192.17049 -60.98695
41060 0.48799 NaN NaN NaN 162.16162 -99.86723 -33.28550 264.23950 -173.99330 -24.96740 NaN NaN NaN 18.67350 -141.13518 28.46481 -61.24535 -192.19080 -60.99150
41061 0.49632 NaN NaN NaN 162.16313 -99.86759 -33.28809 264.26141 -174.00806 -24.96450 NaN NaN NaN 18.66412 -141.13487 28.46825 -61.26551 -192.22148 -60.97879
41062 0.50465 NaN NaN NaN 162.17686 -99.86069 -33.27748 264.27289 -174.02060 -24.98115 NaN NaN NaN 18.63977 -141.15334 28.48342 -61.29415 -192.23079 -60.95550
41063 0.51298 NaN NaN NaN 162.18045 -99.86710 -33.26980 264.29034 -174.05962 -24.97705 NaN NaN NaN 18.63407 -141.16168 28.49206 -61.33324 -192.28366 -60.91334
41064 0.52131 NaN NaN NaN 162.17964 -99.87337 -33.25225 264.28293 -174.07738 -25.01767 NaN NaN NaN 18.62393 -141.18352 28.52630 -61.37381 -192.32196 -60.89567
41065 0.52964 NaN NaN NaN 162.19569 -99.89798 -33.24358 264.27661 -174.06796 -25.05480 NaN NaN NaN 18.60962 -141.21404 28.55011 -61.39460 -192.34547 -60.89386
41066 0.53798 NaN NaN NaN 162.20392 -99.89280 -33.23592 264.29642 -174.06186 -25.01272 NaN NaN NaN 18.57194 -141.23450 28.56329 -61.39819 -192.34842 -60.89238
41067 0.54631 NaN NaN NaN 162.20451 -99.90231 -33.24515 264.29199 -174.09834 -25.01463 NaN NaN NaN 18.56692 -141.23909 28.57175 -61.39864 -192.35692 -60.88025
41068 0.55464 NaN NaN NaN 162.20766 -99.90412 -33.24005 264.31534 -174.10490 -25.02937 NaN NaN NaN 18.53669 -141.26068 28.60000 -61.44006 -192.37299 -60.86798
41069 0.56297 NaN NaN NaN 162.21753 -99.90404 -33.22103 264.32547 -174.12079 -25.04805 NaN NaN NaN 18.51738 -141.28949 28.61503 -61.45540 -192.40240 -60.86623
41070 0.57130 NaN NaN NaN 162.22224 -99.89932 -33.21897 264.33032 -174.13745 -25.05893 NaN NaN NaN 18.50816 -141.30786 28.59489 -61.48694 -192.42278 -60.86508
41071 0.57963 NaN NaN NaN 162.22435 -99.93230 -33.22288 264.31955 -174.14603 -25.07108 NaN NaN NaN 18.45971 -141.32764 28.60392 -61.48922 -192.43414 -60.86618
41072 0.58796 NaN NaN NaN 162.23038 -99.94581 -33.22392 264.32639 -174.14948 -25.06860 NaN NaN NaN 18.43178 -141.36305 28.64528 -61.50998 -192.41551 -60.87964
41073 0.59629 NaN NaN NaN 162.22917 -99.93314 -33.24216 264.34326 -174.13933 -25.05879 NaN NaN NaN 18.39143 -141.38422 28.67077 -61.52557 -192.40768 -60.87979
41074 0.60463 NaN NaN NaN 162.22862 -99.93024 -33.24161 264.34213 -174.12714 -25.06711 NaN NaN NaN 18.35004 -141.42644 28.70061 -61.55786 -192.41345 -60.87661
41075 0.61296 NaN NaN NaN 162.21657 -99.91648 -33.23799 264.33698 -174.12785 -25.07466 NaN NaN NaN 18.32382 -141.43179 28.72730 -61.57823 -192.44119 -60.85711
41076 0.62129 NaN NaN NaN 162.22217 -99.92311 -33.23482 264.34763 -174.11885 -25.08359 NaN NaN NaN 18.27966 -141.43584 28.74619 -61.59655 -192.43024 -60.86808
41077 0.62962 NaN NaN NaN 162.21364 -99.92513 -33.21979 264.34894 -174.11720 -25.08916 NaN NaN NaN 18.23466 -141.42348 28.75890 -61.61699 -192.42732 -60.84660
41078 0.63795 NaN NaN NaN 162.21288 -99.90855 -33.22035 264.34219 -174.12100 -25.08458 NaN NaN NaN 18.20390 -141.42369 28.77300 -61.67136 -192.42412 -60.79647
41079 0.64628 NaN NaN NaN 162.21291 -99.90523 -33.21308 264.36099 -174.12871 -25.07715 NaN NaN NaN 18.18716 -141.42209 28.80066 -61.68977 -192.42569 -60.75598
41080 0.65461 NaN NaN NaN 162.21454 -99.89349 -33.20966 264.34653 -174.11774 -25.08159 NaN NaN NaN 18.16886 -141.44356 28.82018 -61.73447 -192.42801 -60.74059
41081 0.66294 NaN NaN NaN 162.21344 -99.89285 -33.20499 264.34824 -174.11784 -25.08108 NaN NaN NaN 18.12109 -141.46968 28.87122 -61.77007 -192.42755 -60.72684
41082 0.67128 NaN NaN NaN 162.20140 -99.89787 -33.19876 264.33319 -174.11150 -25.08358 NaN NaN NaN 18.07074 -141.48810 28.88735 -61.81549 -192.43001 -60.70858
41083 0.67961 NaN NaN NaN 162.21117 -99.89000 -33.19957 264.30386 -174.10117 -25.07632 NaN NaN NaN 18.03353 -141.49513 28.90414 -61.85344 -192.42993 -60.69387
41084 0.68794 NaN NaN NaN 162.20804 -99.88911 -33.19443 264.31039 -174.09688 -25.06280 NaN NaN NaN 18.01766 -141.52530 28.93061 -61.89453 -192.42589 -60.66257
41085 0.69627 NaN NaN NaN 162.21695 -99.87910 -33.20259 264.29532 -174.07565 -25.06660 NaN NaN NaN 17.99537 -141.50685 28.95499 -61.92908 -192.41151 -60.64694
41086 0.70460 NaN NaN NaN 162.21373 -99.87235 -33.20166 264.28381 -174.06248 -25.05617 NaN NaN NaN 17.94956 -141.48972 28.95424 -61.95240 -192.40334 -60.62626
41087 0.71293 NaN NaN NaN 162.21529 -99.86935 -33.20037 264.29636 -174.02406 -25.00613 NaN NaN NaN 17.90416 -141.47629 28.98738 -61.98218 -192.38715 -60.61449
41088 0.72126 NaN NaN NaN 162.21893 -99.84201 -33.20347 264.30057 -173.98550 -24.96799 NaN NaN NaN 17.82668 -141.45757 29.06225 -62.03343 -192.35811 -60.60314
41089 0.72960 NaN NaN NaN 162.22343 -99.81892 -33.21817 264.29852 -173.94740 -24.95097 NaN NaN NaN 17.76726 -141.44891 29.11814 -62.07212 -192.33766 -60.55729
41090 0.73793 NaN NaN NaN 162.21303 -99.80482 -33.20558 264.30194 -173.93213 -24.96088 NaN NaN NaN 17.68986 -141.42497 29.18054 -62.13311 -192.32611 -60.48863
41091 0.74626 NaN NaN NaN 162.20782 -99.80634 -33.20245 264.31058 -173.88918 -24.98057 NaN NaN NaN 17.63076 -141.40144 29.23637 -62.17130 -192.32109 -60.41021
41092 0.75459 NaN NaN NaN 162.19989 -99.78860 -33.19294 264.32947 -173.90419 -24.97972 NaN NaN NaN 17.59278 -141.37697 29.35459 -62.21258 -192.31248 -60.30627
41093 0.76292 NaN NaN NaN 162.20538 -99.77798 -33.16531 264.34106 -173.87202 -25.00236 NaN NaN NaN 17.54252 -141.36058 29.51820 -62.24627 -192.26849 -60.17982
41094 0.77125 NaN NaN NaN 162.21638 -99.78321 -33.15678 264.37253 -173.89607 -24.97784 NaN NaN NaN 17.49293 -141.33226 29.64911 -62.27227 -192.23834 -60.11406
41095 0.77958 NaN NaN NaN 162.22528 -99.77972 -33.13892 264.38312 -173.88129 -25.00830 NaN NaN NaN 17.39856 -141.36090 29.78757 -62.31964 -192.18710 -60.02485
41096 0.78791 NaN NaN NaN 162.22183 -99.79981 -33.11047 264.39529 -173.89507 -25.00229 NaN NaN NaN 17.31056 -141.37379 29.90724 -62.35138 -192.16005 -59.93984
41097 0.79625 NaN NaN NaN 162.24170 -99.78068 -33.06335 264.41745 -173.88130 -25.02087 NaN NaN NaN 17.23075 -141.42505 30.05034 -62.36776 -192.13087 -59.81855
41098 0.80458 NaN NaN NaN 162.20558 -99.77501 -33.05358 264.42310 -173.88078 -24.99742 NaN NaN NaN 17.12903 -141.46404 30.26997 -62.36376 -192.10338 -59.72474
41099 0.81291 NaN NaN NaN 162.19495 -99.81497 -33.03385 264.42706 -173.88608 -24.98907 NaN NaN NaN 17.04831 -141.51564 30.59294 -62.39786 -192.09778 -59.59965
41100 0.82124 NaN NaN NaN 162.17175 -99.84808 -33.01621 264.43759 -173.88559 -25.00336 NaN NaN NaN 16.97102 -141.60349 30.88195 -62.43036 -192.10832 -59.44352
41101 0.82957 NaN NaN NaN 162.17165 -99.84116 -33.01071 264.46893 -173.91101 -25.00199 NaN NaN NaN 16.85465 -141.71950 31.17424 -62.47324 -192.09993 -59.23602
41102 0.83790 NaN NaN NaN 162.18250 -99.85928 -32.97060 264.50986 -173.93489 -25.05746 NaN NaN NaN 16.70318 -141.82484 31.56634 -62.46075 -192.05679 -59.02019
41103 0.84623 NaN NaN NaN 162.19725 -99.89653 -32.91205 264.55243 -173.95570 -25.10023 NaN NaN NaN 16.51697 -141.96396 32.04823 -62.42605 -191.96501 -58.88263
41104 0.85456 NaN NaN NaN 162.19118 -99.93372 -32.87935 264.58618 -173.96808 -25.15911 NaN NaN NaN 16.28490 -142.15570 32.47355 -62.40418 -191.84157 -58.76260
41105 0.86290 NaN NaN NaN 162.21178 -100.01471 -32.84806 264.62610 -173.99026 -25.22057 NaN NaN NaN 16.08785 -142.37569 33.02833 -62.34252 -191.70531 -58.67378
41106 0.87123 NaN NaN NaN 162.22755 -100.07986 -32.84929 264.63202 -174.00391 -25.25357 NaN NaN NaN 15.85376 -142.60979 33.53196 -62.26357 -191.59332 -58.61253
41107 0.87956 NaN NaN NaN 162.21227 -100.10120 -32.83836 264.63531 -173.99857 -25.28508 NaN NaN NaN 15.64258 -142.83304 34.05172 -62.16912 -191.46574 -58.58803
41108 0.88789 NaN NaN NaN 162.21738 -100.11513 -32.83805 264.64795 -174.01843 -25.24382 NaN NaN NaN 15.42562 -142.99692 34.58503 -62.02701 -191.26759 -58.52492
41109 0.89622 NaN NaN NaN 162.25070 -100.11668 -32.74261 264.67783 -174.02550 -25.19390 NaN NaN NaN 15.25372 -143.06689 35.13579 -61.89229 -191.09422 -58.42034
41110 0.90455 NaN NaN NaN 162.21716 -100.11710 -32.77427 264.66833 -174.02661 -25.14796 NaN NaN NaN 15.12267 -143.09145 35.63179 -61.74566 -190.92638 -58.23423
41111 0.91288 NaN NaN NaN 162.22629 -100.13681 -32.67077 264.65430 -174.00005 -25.14544 NaN NaN NaN 14.98363 -143.10608 36.18171 -61.60074 -190.71043 -57.93140
41112 0.92122 NaN NaN NaN 162.26764 -100.13760 -32.61733 264.66922 -173.98424 -25.08610 NaN NaN NaN 14.89309 -143.09953 36.68177 -61.43108 -190.49254 -57.69552
41113 0.92955 NaN NaN NaN 162.30362 -100.13834 -32.58017 264.69498 -173.96677 -25.06285 NaN NaN NaN 14.90893 -143.00807 37.26681 -61.24960 -190.29243 -57.35706
41114 0.93788 NaN NaN NaN 162.32773 -100.16570 -32.55045 264.73105 -173.98538 -25.06034 NaN NaN NaN 14.98413 -142.89587 37.87070 -61.08475 -190.03734 -56.92996
41115 0.94621 NaN NaN NaN 162.36197 -100.13362 -32.49096 264.78519 -173.97812 -25.07527 NaN NaN NaN 15.09986 -142.77524 38.50181 -60.93840 -189.84108 -56.43079
41116 0.95454 NaN NaN NaN 162.40991 -100.09631 -32.39868 264.87817 -173.95566 -25.09526 NaN NaN NaN 15.24599 -142.62688 39.09764 -60.78407 -189.58563 -55.90861
41117 0.96287 NaN NaN NaN 162.44150 -100.08191 -32.34267 264.95126 -173.92555 -25.16177 NaN NaN NaN 15.36775 -142.49992 39.68752 -60.65625 -189.35753 -55.30883
41118 0.97120 NaN NaN NaN 162.50403 -100.04832 -32.27442 265.01248 -173.94193 -25.24023 NaN NaN NaN 15.47889 -142.36229 40.28964 -60.52367 -189.16745 -54.68071
41119 0.97953 NaN NaN NaN 162.56708 -100.07491 -32.21487 265.05499 -173.91951 -25.34383 NaN NaN NaN 15.59268 -142.22820 40.94753 -60.40265 -188.95773 -54.10394
41120 0.98787 NaN NaN NaN 162.60129 -100.10900 -32.16909 265.08511 -173.91518 -25.39598 NaN NaN NaN 15.70522 -142.09944 41.54422 -60.31299 -188.70677 -53.54821
41121 0.99620 NaN NaN NaN 162.64919 -100.14208 -32.12097 265.11935 -173.90997 -25.46528 NaN NaN NaN 15.81442 -141.94685 42.18929 -60.19133 -188.38052 -53.03212
41122 1.00453 NaN NaN NaN 162.66730 -100.14141 -32.08844 265.13480 -173.90654 -25.46251 NaN NaN NaN 15.88043 -141.81030 42.71038 -60.06467 -188.06157 -52.59542
41123 1.01286 NaN NaN NaN 162.65665 -100.12045 -32.12229 265.11771 -173.90176 -25.49576 NaN NaN NaN 15.90984 -141.73224 43.32607 -59.93164 -187.69475 -52.19833
41124 1.02119 NaN NaN NaN 162.61404 -100.10847 -32.16694 265.10568 -173.89360 -25.46630 NaN NaN NaN 15.90703 -141.62328 43.88306 -59.79463 -187.30617 -51.90365
41125 1.02952 NaN NaN NaN 162.61311 -100.08879 -32.17479 265.07376 -173.84688 -25.47772 NaN NaN NaN 15.85439 -141.45976 44.38479 -59.69503 -186.85477 -51.68959
41126 1.03785 NaN NaN NaN 162.61183 -100.10489 -32.17266 265.03183 -173.81543 -25.47396 NaN NaN NaN 15.82396 -141.33182 44.89350 -59.56754 -186.37740 -51.47419
41127 1.04618 NaN NaN NaN 162.62018 -100.12196 -32.13282 265.00211 -173.78134 -25.45672 NaN NaN NaN 15.76288 -141.14238 45.30961 -59.43554 -185.89601 -51.29156
41128 1.05452 NaN NaN NaN 162.55945 -100.07913 -32.21784 264.97513 -173.78323 -25.39257 NaN NaN NaN 15.72911 -140.95580 45.71101 -59.34648 -185.35042 -51.15394
41129 1.06285 NaN NaN NaN 162.51634 -100.01418 -32.28821 264.94150 -173.79535 -25.38303 NaN NaN NaN 15.71680 -140.69995 46.04077 -59.27316 -184.84821 -51.11888
41130 1.07118 NaN NaN NaN 162.51567 -99.96787 -32.24637 264.89175 -173.79152 -25.31666 NaN NaN NaN 15.68201 -140.41431 46.28554 -59.22583 -184.19608 -51.04046
41131 1.07951 NaN NaN NaN 162.45584 -99.94605 -32.32155 264.83725 -173.76169 -25.24320 NaN NaN NaN 15.64600 -140.05492 46.59282 -59.19781 -183.57346 -50.88958
41132 1.08784 NaN NaN NaN 162.42937 -99.88152 -32.39046 264.75595 -173.75267 -25.17680 NaN NaN NaN 15.62080 -139.73004 46.82871 -59.13891 -182.96834 -50.78006
41133 1.09617 NaN NaN NaN 162.40479 -99.83634 -32.35462 264.67374 -173.68172 -25.13323 NaN NaN NaN 15.59599 -139.36729 47.05764 -59.12107 -182.33015 -50.71997
41134 1.10450 NaN NaN NaN 162.38817 -99.81773 -32.33125 264.64240 -173.64392 -25.08241 NaN NaN NaN 15.58595 -138.98711 47.26513 -59.10123 -181.65466 -50.67929
41135 1.11284 NaN NaN NaN 162.37366 -99.81282 -32.36469 264.58243 -173.63628 -25.02873 NaN NaN NaN 15.54916 -138.61397 47.48673 -59.08894 -180.92401 -50.67084
41136 1.12117 NaN NaN NaN 162.34256 -99.78078 -32.37505 264.51593 -173.62526 -24.98260 NaN NaN NaN 15.47004 -138.25276 47.71847 -59.11755 -180.23882 -50.62315
41137 1.12950 NaN NaN NaN 162.30096 -99.71548 -32.41698 264.46890 -173.63464 -24.92378 NaN NaN NaN 15.38269 -137.93896 47.93668 -59.16680 -179.50400 -50.57823
41138 1.13783 NaN NaN NaN 162.29665 -99.64641 -32.46920 264.42392 -173.59888 -24.83638 NaN NaN NaN 15.19346 -137.57541 48.15244 -59.22385 -178.74643 -50.53990
41139 1.14616 NaN NaN NaN 162.27449 -99.56303 -32.52934 264.37802 -173.56342 -24.78266 NaN NaN NaN 14.96302 -137.18294 48.46646 -59.33545 -177.94202 -50.57179
41140 1.15449 NaN NaN NaN 162.24870 -99.49252 -32.57733 264.33646 -173.53755 -24.72783 NaN NaN NaN 14.65654 -136.87852 48.75699 -59.48772 -177.18451 -50.59240
41141 1.16282 NaN NaN NaN 162.23334 -99.43304 -32.59822 264.26187 -173.51210 -24.66686 NaN NaN NaN 14.31515 -136.51909 49.04220 -59.71156 -176.37758 -50.52472
41142 1.17115 NaN NaN NaN 162.21884 -99.34280 -32.73663 264.17010 -173.45964 -24.54558 NaN NaN NaN 13.92820 -136.16916 49.37912 -59.98125 -175.61577 -50.44819
41143 1.17949 NaN NaN NaN 162.19670 -99.24383 -32.85468 264.07938 -173.42590 -24.42095 NaN NaN NaN 13.47833 -135.82495 49.83715 -60.30786 -174.79596 -50.36160
41144 1.18782 NaN NaN NaN 162.17892 -99.13649 -32.95377 263.99023 -173.36639 -24.33062 NaN NaN NaN 12.98964 -135.52103 50.17816 -60.66337 -174.00409 -50.28571
41145 1.19615 NaN NaN NaN 162.14024 -98.98310 -33.03735 263.93185 -173.33217 -24.21623 NaN NaN NaN 12.51281 -135.25810 50.53525 -60.98367 -173.18732 -50.18671
41146 1.20448 NaN NaN NaN 162.10120 -98.89494 -33.12449 263.83630 -173.32361 -24.10831 NaN NaN NaN 12.03992 -134.96701 50.99329 -61.29155 -172.35942 -50.15067
41147 1.21281 NaN NaN NaN 162.07109 -98.79929 -33.22712 263.69482 -173.31415 -24.00313 NaN NaN NaN 11.50456 -134.73921 51.30305 -61.54945 -171.51482 -50.17605
41148 1.22114 NaN NaN NaN 162.02841 -98.71278 -33.27615 263.55200 -173.25343 -23.89527 NaN NaN NaN 11.04302 -134.48639 51.55698 -61.70504 -170.62195 -50.30925
41149 1.22947 NaN NaN NaN 161.96767 -98.54077 -33.41003 263.45151 -173.18150 -23.81678 NaN NaN NaN 10.60439 -134.22163 51.76553 -61.81759 -169.77034 -50.52341
41150 1.23780 NaN NaN NaN 161.94684 -98.39458 -33.50332 263.35760 -173.13016 -23.76180 NaN NaN NaN 10.26834 -133.95120 51.94989 -61.84809 -168.88092 -50.90016
41151 1.24614 NaN NaN NaN 161.91884 -98.29137 -33.55209 263.28287 -173.08745 -23.67553 NaN NaN NaN 10.06877 -133.69250 51.98519 -61.75877 -167.97984 -51.25395
41152 1.25447 NaN NaN NaN 161.90233 -98.21075 -33.55646 263.21219 -173.08859 -23.61043 NaN NaN NaN 9.98926 -133.35025 51.92755 -61.62138 -167.15086 -51.57307
41153 1.26280 NaN NaN NaN 161.92841 -98.07286 -33.54121 263.16968 -173.06512 -23.57688 NaN NaN NaN 10.03004 -132.92290 51.80574 -61.45433 -166.29015 -51.89211
41154 1.27113 NaN NaN NaN 161.93263 -97.97596 -33.58134 263.12170 -173.06610 -23.55612 NaN NaN NaN 10.19465 -132.45811 51.59974 -61.25766 -165.55640 -52.16006
41155 1.27946 NaN NaN NaN 161.91502 -97.93843 -33.58691 263.05600 -173.03375 -23.51626 NaN NaN NaN 10.51448 -131.90439 51.35817 -61.07789 -164.85509 -52.40468
41156 1.28779 NaN NaN NaN 161.88660 -97.88461 -33.59469 263.00571 -172.98985 -23.48589 NaN NaN NaN 10.87884 -131.36096 51.07851 -60.86580 -164.21461 -52.64218
41157 1.29612 NaN NaN NaN 161.87540 -97.87067 -33.59164 262.98877 -172.93362 -23.47088 NaN NaN NaN 11.27854 -130.82672 50.81843 -60.63605 -163.55104 -52.81771
41158 1.30445 NaN NaN NaN 161.87370 -97.85883 -33.58187 262.96100 -172.88870 -23.44427 NaN NaN NaN 11.72146 -130.27538 50.47992 -60.44162 -162.92343 -53.00645
41159 1.31279 NaN NaN NaN 161.85956 -97.83560 -33.59090 262.94760 -172.87750 -23.41970 NaN NaN NaN 12.16830 -129.73096 50.14199 -60.22016 -162.37141 -53.20070
41160 1.32112 NaN NaN NaN 161.84282 -97.74112 -33.56828 262.90683 -172.88150 -23.38543 NaN NaN NaN 12.63401 -129.16307 49.76321 -60.06217 -161.89722 -53.35456
41161 1.32945 NaN NaN NaN 161.84425 -97.63393 -33.56683 262.88263 -172.84692 -23.33560 NaN NaN NaN 13.08117 -128.62248 49.44773 -59.86914 -161.39661 -53.52627
41162 1.33778 NaN NaN NaN 161.89900 -97.53123 -33.49840 262.85556 -172.83646 -23.28243 NaN NaN NaN 13.52004 -128.15581 49.08291 -59.66330 -160.91634 -53.73906
41163 1.34611 NaN NaN NaN 161.91106 -97.44003 -33.45998 262.79208 -172.79102 -23.22070 NaN NaN NaN 13.95079 -127.75117 48.65198 -59.43513 -160.46452 -54.01802
41164 1.35444 NaN NaN NaN 161.89088 -97.39092 -33.44495 262.74835 -172.74541 -23.18022 NaN NaN NaN 14.30768 -127.37576 48.27045 -59.18254 -160.01804 -54.36232
41165 1.36277 NaN NaN NaN 161.88676 -97.29320 -33.41669 262.71411 -172.70850 -23.13966 NaN NaN NaN 14.53529 -127.05062 47.87819 -58.92160 -159.60812 -54.74594
41166 1.37111 NaN NaN NaN 161.87393 -97.24068 -33.40425 262.68414 -172.69106 -23.09366 NaN NaN NaN 14.74287 -126.81399 47.45236 -58.64339 -159.22345 -55.26034
41167 1.37944 NaN NaN NaN 161.90401 -97.16430 -33.35209 262.65179 -172.64563 -23.05541 NaN NaN NaN 14.92293 -126.58221 47.00099 -58.38256 -158.77769 -55.86935
41168 1.38777 NaN NaN NaN 161.93018 -97.13113 -33.31421 262.65747 -172.60567 -23.00880 NaN NaN NaN 15.06615 -126.38023 46.54338 -58.09748 -158.40268 -56.50236
41169 1.39610 NaN NaN NaN 161.95612 -97.10114 -33.29407 262.66357 -172.58461 -22.98275 NaN NaN NaN 15.24089 -126.19651 46.00061 -57.82936 -158.03754 -57.16128
41170 1.40443 NaN NaN NaN 162.01465 -97.08502 -33.20399 262.68307 -172.59097 -22.88927 NaN NaN NaN 15.34727 -126.06838 45.42936 -57.61121 -157.76285 -57.87268
41171 1.41276 NaN NaN NaN 162.04089 -97.04998 -33.16253 262.69656 -172.58322 -22.83004 NaN NaN NaN 15.43601 -125.91627 44.74332 -57.39919 -157.49066 -58.58913
41172 1.42109 NaN NaN NaN 162.09515 -96.99811 -33.12722 262.72046 -172.60197 -22.78339 NaN NaN NaN 15.55352 -125.75940 44.05704 -57.25208 -157.26630 -59.32647
41173 1.42942 NaN NaN NaN 162.11731 -96.94364 -33.15363 262.73694 -172.58305 -22.75202 NaN NaN NaN 15.63019 -125.60940 43.28896 -57.13366 -157.09634 -60.10988
41174 1.43776 NaN NaN NaN 162.14388 -96.91033 -33.14900 262.76028 -172.56029 -22.72405 NaN NaN NaN 15.70461 -125.46621 42.43615 -57.08447 -156.96678 -60.97638
41175 1.44609 NaN NaN NaN 162.18419 -96.88432 -33.13971 262.78903 -172.53513 -22.70767 NaN NaN NaN 15.82000 -125.34574 41.52559 -57.06819 -156.88025 -61.77087
41176 1.45442 NaN NaN NaN 162.23866 -96.88194 -33.10858 262.79251 -172.54309 -22.67904 NaN NaN NaN 15.91129 -125.27201 40.52828 -57.11267 -156.89996 -62.66291
41177 1.46275 NaN NaN NaN 162.26582 -96.85885 -33.12386 262.80450 -172.54539 -22.65862 NaN NaN NaN 16.01616 -125.21363 39.51291 -57.25132 -156.95982 -63.51202
41178 1.47108 NaN NaN NaN 162.28244 -96.87488 -33.11480 262.79938 -172.54614 -22.64851 NaN NaN NaN 16.11374 -125.19131 38.42155 -57.42656 -157.09489 -64.32970
41179 1.47941 NaN NaN NaN 162.28551 -96.89746 -33.14885 262.78473 -172.56601 -22.63738 NaN NaN NaN 16.19347 -125.20865 37.34311 -57.72930 -157.13048 -65.20789
41180 1.48774 NaN NaN NaN 162.25958 -96.92152 -33.30034 262.76279 -172.57776 -22.63319 NaN NaN NaN 16.32316 -125.29758 36.21321 -58.07890 -157.27898 -66.07120
41181 1.49607 NaN NaN NaN 162.21255 -96.92926 -33.37664 262.74872 -172.59778 -22.62861 NaN NaN NaN 16.45207 -125.43740 35.02998 -58.36677 -157.46704 -66.91472
41182 1.50441 NaN NaN NaN 162.16920 -96.94117 -33.45380 262.71860 -172.62408 -22.64174 NaN NaN NaN 16.58574 -125.65590 33.92299 -58.72815 -157.79561 -67.56020
41183 1.51274 NaN NaN NaN 162.13548 -96.89953 -33.60344 262.68213 -172.68935 -22.65223 NaN NaN NaN 16.74411 -125.89469 32.84617 -59.08583 -158.27591 -68.21411
41184 1.52107 NaN NaN NaN 162.10646 -96.92128 -33.70578 262.66348 -172.70901 -22.67397 NaN NaN NaN 16.87432 -126.23531 31.77804 -59.49413 -158.83804 -68.79252
41185 1.52940 NaN NaN NaN 162.11905 -96.86313 -33.76276 262.65704 -172.73199 -22.69276 NaN NaN NaN 17.01829 -126.59512 30.77335 -59.92591 -159.41719 -69.22902
41186 1.53773 NaN NaN NaN 162.08984 -96.89175 -33.85584 262.64923 -172.77759 -22.69156 NaN NaN NaN 17.24521 -126.97820 29.84488 -60.42467 -160.06120 -69.59959
41187 1.54606 NaN NaN NaN 162.06241 -96.91431 -33.92100 262.66043 -172.81743 -22.71014 NaN NaN NaN 17.47747 -127.35727 28.99431 -60.91452 -160.66534 -69.77921
41188 1.55439 NaN NaN NaN 162.05496 -96.95385 -33.93723 262.66660 -172.89159 -22.73622 NaN NaN NaN 17.68067 -127.77436 28.20921 -61.40078 -161.36748 -69.97155
41189 1.56273 NaN NaN NaN 162.03371 -97.04196 -33.92904 262.66528 -172.95018 -22.78776 NaN NaN NaN 17.86104 -128.30127 27.54358 -61.83169 -162.06680 -70.13371
41190 1.57106 NaN NaN NaN 162.01031 -97.15257 -33.89542 262.66708 -173.01715 -22.75246 NaN NaN NaN 17.93930 -128.78690 26.92154 -62.24097 -162.69398 -70.17645
41191 1.57939 NaN NaN NaN 161.96613 -97.24042 -33.87207 262.66904 -173.04996 -22.80065 NaN NaN NaN 18.05021 -129.26872 26.42174 -62.56815 -163.32222 -70.22171
41192 1.58772 NaN NaN NaN 161.88014 -97.35784 -33.86053 262.63229 -173.11182 -22.73462 NaN NaN NaN 18.11802 -129.66035 25.98561 -62.87941 -163.89546 -70.29602
41193 1.59605 NaN NaN NaN 161.85396 -97.38033 -33.80902 262.58038 -173.14790 -22.75462 NaN NaN NaN 18.24160 -130.10803 25.58364 -63.15070 -164.47276 -70.34628
41194 1.60438 NaN NaN NaN 161.79228 -97.41148 -33.79491 262.53226 -173.20267 -22.69074 NaN NaN NaN 18.35920 -130.41203 25.23951 -63.34091 -165.00243 -70.30070
41195 1.61271 NaN NaN NaN 161.71965 -97.41791 -33.75883 262.50021 -173.23708 -22.67875 NaN NaN NaN 18.53863 -130.66417 24.94113 -63.50969 -165.50851 -70.19843
41196 1.62104 NaN NaN NaN 161.68277 -97.46403 -33.68037 262.45099 -173.27916 -22.65629 NaN NaN NaN 18.82123 -130.77054 24.70147 -63.61555 -165.95398 -70.05454
41197 1.62938 NaN NaN NaN 161.60335 -97.53656 -33.64354 262.44217 -173.32141 -22.66570 NaN NaN NaN 19.10011 -130.78085 24.42193 -63.66894 -166.35110 -69.80916
41198 1.63771 NaN NaN NaN 161.55423 -97.65949 -33.54485 262.42334 -173.35301 -22.66958 NaN NaN NaN 19.43131 -130.67860 24.19192 -63.71380 -166.70750 -69.56426
41199 1.64604 NaN NaN NaN 161.55431 -97.71701 -33.46724 262.41464 -173.37816 -22.71923 NaN NaN NaN 19.84818 -130.47772 23.89609 -63.74031 -167.08008 -69.25722
41200 1.65437 NaN NaN NaN 161.57765 -97.78463 -33.37751 262.39331 -173.37570 -22.69212 NaN NaN NaN 20.35908 -130.21046 23.68249 -63.74962 -167.36006 -68.94330
41201 1.66270 NaN NaN NaN 161.55675 -97.82626 -33.34503 262.38425 -173.39674 -22.66877 NaN NaN NaN 20.90051 -129.85594 23.34258 -63.73837 -167.58548 -68.50007
41202 1.67103 NaN NaN NaN 161.52591 -97.83691 -33.33474 262.36667 -173.40063 -22.64224 NaN NaN NaN 21.45155 -129.44887 22.96397 -63.75986 -167.79066 -67.98499
41203 1.67936 NaN NaN NaN 161.51079 -97.80412 -33.36743 262.36813 -173.41116 -22.62323 NaN NaN NaN 21.96395 -129.03188 22.63851 -63.77710 -168.01076 -67.51841
41204 1.68769 NaN NaN NaN 161.49925 -97.78339 -33.37769 262.35687 -173.40196 -22.59514 NaN NaN NaN 22.45725 -128.55597 22.32290 -63.83743 -168.20035 -67.15733
41205 1.69603 NaN NaN NaN 161.47545 -97.75883 -33.40139 262.33771 -173.39650 -22.58894 NaN NaN NaN 22.90266 -128.11931 22.00251 -63.91562 -168.34460 -66.76283
41206 1.70436 NaN NaN NaN 161.37799 -97.74683 -33.52402 262.29953 -173.37390 -22.58831 NaN NaN NaN 23.26943 -127.77570 21.67074 -63.98616 -168.39528 -66.38619
41207 1.71269 NaN NaN NaN 161.34555 -97.72064 -33.59894 262.26096 -173.33569 -22.59699 NaN NaN NaN 23.51327 -127.45336 21.37032 -64.07388 -168.44543 -66.12268
41208 1.72102 NaN NaN NaN 161.34346 -97.67858 -33.62277 262.23624 -173.30066 -22.60358 NaN NaN NaN 23.66822 -127.21896 21.14243 -64.11359 -168.44695 -66.03320
41209 1.72935 NaN NaN NaN 161.34622 -97.64387 -33.60418 262.23956 -173.29124 -22.62605 NaN NaN NaN 23.78750 -127.01499 20.99617 -64.15379 -168.40114 -66.02877
41210 1.73768 NaN NaN NaN 161.34003 -97.64802 -33.52775 262.24030 -173.27998 -22.62508 NaN NaN NaN 23.80520 -126.91125 20.90253 -64.18022 -168.35191 -66.08528
41211 1.74601 NaN NaN NaN 161.34122 -97.63721 -33.51997 262.22803 -173.24559 -22.63562 NaN NaN NaN 23.75167 -126.91457 20.78054 -64.26485 -168.28603 -66.17203
41212 1.75435 NaN NaN NaN 161.32112 -97.62370 -33.50352 262.21048 -173.19984 -22.61223 NaN NaN NaN 23.62395 -126.94603 20.64198 -64.36420 -168.19742 -66.26249
41213 1.76268 NaN NaN NaN 161.30127 -97.56233 -33.51236 262.18332 -173.10851 -22.59322 NaN NaN NaN 23.48070 -127.03998 20.57048 -64.55099 -168.21428 -66.36420
41214 1.77101 NaN NaN NaN 161.31488 -97.47977 -33.47583 262.12527 -173.04453 -22.54041 NaN NaN NaN 23.28136 -127.18555 20.52965 -64.80640 -168.17264 -66.52883
41215 1.77934 NaN NaN NaN 161.30037 -97.43316 -33.54895 262.08075 -172.97774 -22.51873 NaN NaN NaN 22.99589 -127.38565 20.45783 -65.06901 -168.24500 -66.62513
41216 1.78767 NaN NaN NaN 161.29224 -97.39371 -33.56371 262.05081 -172.93909 -22.49712 NaN NaN NaN 22.67625 -127.63199 20.40041 -65.39581 -168.26819 -66.70660
41217 1.79600 NaN NaN NaN 161.24271 -97.34039 -33.68040 262.03250 -172.90868 -22.49433 NaN NaN NaN 22.36475 -127.87307 20.35416 -65.74236 -168.45552 -66.76109
41218 1.80433 NaN NaN NaN 161.20357 -97.25562 -33.77346 262.00201 -172.87195 -22.48080 NaN NaN NaN 22.03167 -128.11780 20.28379 -66.12387 -168.67499 -66.78986
41219 1.81266 NaN NaN NaN 161.16751 -97.15430 -33.89516 261.94781 -172.76680 -22.48918 NaN NaN NaN 21.72064 -128.34747 20.19899 -66.52634 -169.00131 -66.79375
41220 1.82100 NaN NaN NaN 161.11789 -96.99012 -34.04898 261.84109 -172.65561 -22.46837 NaN NaN NaN 21.43324 -128.58133 20.09836 -66.89184 -169.34315 -66.80209
41221 1.82933 NaN NaN NaN 161.06442 -96.85360 -34.34390 261.72763 -172.50562 -22.37582 NaN NaN NaN 21.16484 -128.81206 19.94337 -67.24236 -169.64185 -66.85769
41222 1.83766 NaN NaN NaN 160.95088 -96.68912 -34.68084 261.59134 -172.34308 -22.30632 NaN NaN NaN 20.88162 -129.07753 19.76600 -67.54588 -169.87051 -66.99155
41223 1.84599 NaN NaN NaN 160.87144 -96.50819 -34.90218 261.44287 -172.19460 -22.23815 NaN NaN NaN 20.58149 -129.40135 19.65590 -67.83805 -170.09592 -67.18594
41224 1.85432 NaN NaN NaN 160.82246 -96.34070 -35.11440 261.31766 -172.05930 -22.12891 NaN NaN NaN 20.31117 -129.77690 19.58796 -68.05208 -170.36079 -67.37880
41225 1.86265 NaN NaN NaN 160.80461 -96.18010 -35.21343 261.24371 -171.96407 -22.05431 NaN NaN NaN 19.99404 -130.18893 19.54166 -68.27182 -170.58142 -67.53591
41226 1.87098 NaN NaN NaN 160.80301 -96.08282 -35.24950 261.21042 -171.93275 -21.97935 NaN NaN NaN 19.74519 -130.62099 19.50979 -68.47936 -170.93367 -67.60999
41227 1.87931 NaN NaN NaN 160.80977 -96.05903 -35.22932 261.22443 -171.88957 -21.94399 NaN NaN NaN 19.44110 -130.98451 19.45615 -68.62621 -171.26758 -67.71249
41228 1.88765 NaN NaN NaN 160.82695 -96.08615 -35.19061 261.25223 -171.90498 -21.92614 NaN NaN NaN 19.18586 -131.33015 19.38182 -68.79749 -171.64108 -67.84036
41229 1.89598 NaN NaN NaN 160.83974 -96.19069 -35.12254 261.29431 -171.91615 -21.94133 NaN NaN NaN 18.95097 -131.68513 19.28223 -68.98940 -171.92528 -67.96824
41230 1.90431 NaN NaN NaN 160.88824 -96.27129 -34.96624 261.38242 -171.94081 -21.96319 NaN NaN NaN 18.76176 -132.04550 19.24087 -69.20638 -172.20276 -68.10793
41231 1.91264 NaN NaN NaN 160.97218 -96.36445 -34.75669 261.48233 -171.98250 -21.98020 NaN NaN NaN 18.58167 -132.39911 19.18178 -69.42877 -172.49968 -68.14432
41232 1.92097 NaN NaN NaN 161.00105 -96.47917 -34.64083 261.58453 -172.03949 -22.00533 NaN NaN NaN 18.37523 -132.74376 19.15045 -69.62823 -172.86005 -68.15682
41233 1.92930 NaN NaN NaN 161.04605 -96.52634 -34.52367 261.66934 -172.11218 -22.00551 NaN NaN NaN 18.12213 -133.08878 19.09496 -69.86284 -173.17096 -68.17710
41234 1.93763 NaN NaN NaN 161.11325 -96.57397 -34.43784 261.75107 -172.20680 -22.01855 NaN NaN NaN 17.86332 -133.41852 19.02588 -70.13446 -173.51492 -68.23733
41235 1.94596 NaN NaN NaN 161.15628 -96.62707 -34.39029 261.81155 -172.24278 -22.04208 NaN NaN NaN 17.58735 -133.76186 18.95721 -70.40569 -173.86469 -68.28217
41236 1.95430 NaN NaN NaN 161.16237 -96.66972 -34.38779 261.85214 -172.25443 -22.04353 NaN NaN NaN 17.33582 -134.14606 18.98154 -70.69585 -174.20729 -68.30014
41237 1.96263 NaN NaN NaN 161.16347 -96.69845 -34.40158 261.85968 -172.27713 -22.05265 NaN NaN NaN 17.10930 -134.50319 18.94039 -70.93641 -174.54660 -68.30320
41238 1.97096 NaN NaN NaN 161.17307 -96.72626 -34.45929 261.83813 -172.28345 -22.05585 NaN NaN NaN 16.86009 -134.76695 18.86958 -71.17168 -174.86081 -68.26656
41239 1.97929 NaN NaN NaN 161.10841 -96.78651 -34.56518 261.79584 -172.28728 -22.02990 NaN NaN NaN 16.63631 -135.05037 18.81997 -71.41104 -175.22298 -68.25403
41240 1.98762 NaN NaN NaN 161.08797 -96.75217 -34.66500 261.72021 -172.27763 -21.98923 NaN NaN NaN 16.39568 -135.37215 18.83268 -71.58417 -175.54126 -68.25089
41241 1.99595 NaN NaN NaN 161.04051 -96.67117 -34.82676 261.63010 -172.23970 -21.94994 NaN NaN NaN 16.10197 -135.74228 18.89479 -71.74218 -175.84387 -68.34206
41242 2.00428 NaN NaN NaN 161.01158 -96.55431 -34.97248 261.52887 -172.20206 -21.92477 NaN NaN NaN 15.78211 -136.15274 18.96201 -71.90943 -176.03688 -68.45971
41243 2.01262 NaN NaN NaN 161.00403 -96.46474 -35.07356 261.44171 -172.16507 -21.90459 NaN NaN NaN 15.42526 -136.55931 19.02900 -72.07983 -176.30489 -68.60960
41244 2.02095 NaN NaN NaN 160.98680 -96.39005 -35.13264 261.37143 -172.12399 -21.86552 NaN NaN NaN 15.10223 -136.98416 19.10009 -72.25423 -176.52177 -68.69479
41245 2.02928 NaN NaN NaN 160.93895 -96.33955 -35.15946 261.32886 -172.08768 -21.84122 NaN NaN NaN 14.76927 -137.37698 19.18755 -72.45448 -176.80162 -68.70960
41246 2.03761 NaN NaN NaN 160.92134 -96.31515 -35.19625 261.27884 -172.07814 -21.83215 NaN NaN NaN 14.39815 -137.78201 19.33563 -72.65078 -177.00281 -68.73177
41247 2.04594 NaN NaN NaN 160.89594 -96.30244 -35.19138 261.24792 -172.08736 -21.81649 NaN NaN NaN 14.02072 -138.16859 19.51309 -72.86595 -177.16290 -68.79130
41248 2.05427 NaN NaN NaN 160.89914 -96.30986 -35.17483 261.24496 -172.11136 -21.82581 NaN NaN NaN 13.64050 -138.60834 19.73038 -73.07122 -177.33466 -68.78806
41249 2.06260 NaN NaN NaN 160.92168 -96.33737 -35.15622 261.23373 -172.13054 -21.82629 NaN NaN NaN 13.24662 -138.97633 19.90102 -73.27352 -177.49631 -68.81808
41250 2.07093 NaN NaN NaN 160.94954 -96.35673 -35.11700 261.25421 -172.15303 -21.83453 NaN NaN NaN 12.90555 -139.34422 20.03612 -73.49899 -177.61778 -68.89120
41251 2.07927 NaN NaN NaN 160.94783 -96.39099 -35.06457 261.28644 -172.19987 -21.85702 NaN NaN NaN 12.55495 -139.66202 20.13875 -73.70606 -177.69931 -69.02729
41252 2.08760 NaN NaN NaN 160.97983 -96.43356 -35.00024 261.32797 -172.23982 -21.89295 NaN NaN NaN 12.25021 -139.96989 20.26596 -73.86789 -177.78288 -69.07353
41253 2.09593 NaN NaN NaN 160.97391 -96.48713 -34.90136 261.36426 -172.28691 -21.91768 NaN NaN NaN 11.95638 -140.20126 20.35009 -74.07480 -177.89967 -69.11345
41254 2.10426 NaN NaN NaN 160.96886 -96.55276 -34.80211 261.40887 -172.31929 -21.93149 NaN NaN NaN 11.70728 -140.46295 20.41455 -74.20232 -178.05338 -69.10525
41255 2.11259 NaN NaN NaN 160.99356 -96.53835 -34.71374 261.46017 -172.34792 -21.95646 NaN NaN NaN 11.47685 -140.67165 20.43642 -74.32075 -178.13857 -69.15509
41256 2.12092 NaN NaN NaN 161.04648 -96.55057 -34.61902 261.50891 -172.36449 -21.96015 NaN NaN NaN 11.27342 -140.84306 20.46769 -74.45139 -178.26364 -69.18548
41257 2.12925 NaN NaN NaN 161.12895 -96.49059 -34.48870 261.55688 -172.34648 -22.02395 NaN NaN NaN 11.07311 -141.00854 20.50160 -74.60068 -178.34558 -69.22931
41258 2.13758 NaN NaN NaN 161.17038 -96.45638 -34.40715 261.61469 -172.34001 -22.02985 NaN NaN NaN 10.83418 -141.18921 20.58974 -74.77171 -178.35097 -69.29777
41259 2.14592 NaN NaN NaN 161.20390 -96.42171 -34.36703 261.63324 -172.31822 -22.06768 NaN NaN NaN 10.55191 -141.37494 20.71626 -74.92350 -178.34647 -69.38750
41260 2.15425 NaN NaN NaN 161.22229 -96.38591 -34.28669 261.65564 -172.28226 -22.04974 NaN NaN NaN 10.23015 -141.59126 20.84750 -75.10883 -178.31606 -69.48353
41261 2.16258 NaN NaN NaN 161.28342 -96.31889 -34.12589 261.68744 -172.24792 -22.05698 NaN NaN NaN 9.90610 -141.78603 20.96762 -75.21878 -178.36740 -69.55100
41262 2.17091 NaN NaN NaN 161.30376 -96.29620 -34.07082 261.73923 -172.23174 -22.05760 NaN NaN NaN 9.60868 -141.94090 21.11658 -75.32196 -178.44197 -69.58578
41263 2.17924 NaN NaN NaN 161.33694 -96.29941 -34.02214 261.79608 -172.23138 -22.08419 NaN NaN NaN 9.38483 -142.03181 21.31800 -75.41611 -178.43729 -69.60170
41264 2.18757 NaN NaN NaN 161.32730 -96.34608 -33.97168 261.86768 -172.22307 -22.16178 NaN NaN NaN 9.15285 -142.08888 21.44752 -75.51661 -178.40614 -69.62686
41265 2.19590 NaN NaN NaN 161.35587 -96.35706 -33.84913 261.93262 -172.25558 -22.23916 NaN NaN NaN 9.02460 -142.01637 21.49954 -75.59115 -178.36942 -69.64152
41266 2.20424 NaN NaN NaN 161.38091 -96.41518 -33.66058 262.00919 -172.28767 -22.30230 NaN NaN NaN 9.00543 -141.90408 21.48335 -75.67598 -178.33902 -69.59352
41267 2.21257 NaN NaN NaN 161.51894 -96.45425 -33.33936 262.10190 -172.37637 -22.35663 NaN NaN NaN 9.14559 -141.71797 21.40235 -75.70837 -178.28168 -69.51351
41268 2.22090 NaN NaN NaN 161.58771 -96.53971 -33.14250 262.21161 -172.43925 -22.43269 NaN NaN NaN 9.36961 -141.50163 21.23012 -75.65018 -178.29256 -69.35275
41269 2.22923 NaN NaN NaN 161.63016 -96.61213 -33.03671 262.28751 -172.51056 -22.51829 NaN NaN NaN 9.61969 -141.24567 21.00191 -75.69540 -178.31781 -69.23769
41270 2.23756 NaN NaN NaN 161.66185 -96.69170 -32.96819 262.33386 -172.55394 -22.59291 NaN NaN NaN 9.95370 -140.91844 20.77605 -75.68475 -178.39864 -68.99167
41271 2.24589 NaN NaN NaN 161.68546 -96.70974 -32.94457 262.35571 -172.58904 -22.63803 NaN NaN NaN 10.38700 -140.56964 20.46697 -75.68536 -178.53018 -68.57384
41272 2.25422 NaN NaN NaN 161.69220 -96.70843 -32.93532 262.36896 -172.59572 -22.65555 NaN NaN NaN 10.84021 -140.13991 20.18464 -75.66518 -178.66257 -68.24480
41273 2.26255 NaN NaN NaN 161.68729 -96.69997 -32.97044 262.34006 -172.59581 -22.65326 NaN NaN NaN 11.25990 -139.74306 19.96466 -75.67045 -178.64102 -68.04702
41274 2.27089 NaN NaN NaN 161.66823 -96.67196 -33.01667 262.28925 -172.59335 -22.62699 NaN NaN NaN 11.74404 -139.33353 19.67167 -75.60426 -178.68028 -67.72956
41275 2.27922 NaN NaN NaN 161.61682 -96.66500 -33.08164 262.23596 -172.60857 -22.59488 NaN NaN NaN 12.14184 -139.01767 19.42458 -75.53172 -178.65251 -67.57030
41276 2.28755 NaN NaN NaN 161.59059 -96.63189 -33.13601 262.19138 -172.61208 -22.58123 NaN NaN NaN 12.62663 -138.64230 19.10188 -75.50619 -178.76012 -67.18681
41277 2.29588 NaN NaN NaN 161.57634 -96.61935 -33.17955 262.15460 -172.62016 -22.55632 NaN NaN NaN 13.07641 -138.28117 18.89515 -75.45357 -178.82370 -66.91724
41278 2.30421 NaN NaN NaN 161.55351 -96.65480 -33.19299 262.13861 -172.63667 -22.51957 NaN NaN NaN 13.44114 -137.98042 18.74085 -75.44867 -178.84142 -66.73297
41279 2.31254 NaN NaN NaN 161.54581 -96.71484 -33.17284 262.11438 -172.70320 -22.51068 NaN NaN NaN 13.74164 -137.75897 18.64961 -75.41655 -178.84801 -66.47169
41280 2.32087 NaN NaN NaN 161.53539 -96.82610 -33.12413 262.09930 -172.77812 -22.50597 NaN NaN NaN 14.03418 -137.57999 18.51064 -75.37211 -178.90567 -66.29039
41281 2.32920 NaN NaN NaN 161.54774 -96.91563 -33.07365 262.11337 -172.88643 -22.51279 NaN NaN NaN 14.34819 -137.43687 18.30602 -75.37026 -178.96324 -66.08308
41282 2.33754 NaN NaN NaN 161.55457 -97.02100 -32.99912 262.15555 -172.97241 -22.52052 NaN NaN NaN 14.67485 -137.26425 18.03026 -75.39063 -179.06081 -65.88834
41283 2.34587 NaN NaN NaN 161.55957 -97.11726 -32.92747 262.19952 -173.03043 -22.55727 NaN NaN NaN 15.02018 -137.02176 17.76566 -75.43193 -179.11028 -65.60783
41284 2.35420 NaN NaN NaN 161.54738 -97.18268 -32.83440 262.22308 -173.11560 -22.59903 NaN NaN NaN 15.48013 -136.74507 17.39684 -75.49337 -179.15475 -65.33695
41285 2.36253 NaN NaN NaN 161.57832 -97.24339 -32.67625 262.23868 -173.19444 -22.64114 NaN NaN NaN 16.00473 -136.43709 16.96923 -75.52688 -179.20090 -65.03568
41286 2.37086 NaN NaN NaN 161.58426 -97.29379 -32.54948 262.26010 -173.30110 -22.64942 NaN NaN NaN 16.60961 -136.11353 16.52131 -75.54465 -179.28328 -64.69504
41287 2.37919 NaN NaN NaN 161.57535 -97.32455 -32.48316 262.25217 -173.37589 -22.68109 NaN NaN NaN 17.23612 -135.73434 15.96166 -75.54708 -179.42317 -64.36787
41288 2.38752 NaN NaN NaN 161.55351 -97.35936 -32.43713 262.24344 -173.42928 -22.67318 NaN NaN NaN 17.78279 -135.36963 15.43566 -75.48646 -179.52428 -64.06657
41289 2.39586 NaN NaN NaN 161.54695 -97.36507 -32.41799 262.23145 -173.45558 -22.68722 NaN NaN NaN 18.32275 -135.04677 14.93441 -75.40312 -179.61415 -63.82079
41290 2.40419 NaN NaN NaN 161.53345 -97.41177 -32.41785 262.22772 -173.46341 -22.66938 NaN NaN NaN 18.78380 -134.75642 14.61156 -75.23111 -179.67136 -63.65726
41291 2.41252 NaN NaN NaN 161.50555 -97.44981 -32.38812 262.21225 -173.48872 -22.66825 NaN NaN NaN 19.20376 -134.53432 14.34596 -75.04467 -179.64174 -63.57813
41292 2.42085 NaN NaN NaN 161.48387 -97.51065 -32.37588 262.19241 -173.49564 -22.64165 NaN NaN NaN 19.62983 -134.38095 14.11943 -74.85419 -179.57985 -63.55204
41293 2.42918 NaN NaN NaN 161.46077 -97.52345 -32.35855 262.19882 -173.51881 -22.63994 NaN NaN NaN 19.98376 -134.25743 13.85887 -74.67668 -179.52654 -63.51861
41294 2.43751 NaN NaN NaN 161.46364 -97.58914 -32.36837 262.21844 -173.55125 -22.63736 NaN NaN NaN 20.30507 -134.11842 13.67939 -74.49266 -179.49867 -63.46437
41295 2.44584 NaN NaN NaN 161.46425 -97.60656 -32.33747 262.25470 -173.57146 -22.69049 NaN NaN NaN 20.59130 -133.94556 13.53045 -74.33528 -179.48878 -63.39294
41296 2.45417 NaN NaN NaN 161.46344 -97.67109 -32.30988 262.29446 -173.61185 -22.73232 NaN NaN NaN 20.86099 -133.79449 13.38027 -74.14657 -179.49988 -63.36409
41297 2.46251 NaN NaN NaN 161.48724 -97.71676 -32.22350 262.31644 -173.63890 -22.81948 NaN NaN NaN 21.11649 -133.63960 13.20776 -73.98359 -179.51186 -63.30591
41298 2.47084 NaN NaN NaN 161.49677 -97.79114 -32.16439 262.34033 -173.69171 -22.87968 NaN NaN NaN 21.31269 -133.49059 13.08146 -73.88133 -179.48331 -63.22321
41299 2.47917 NaN NaN NaN 161.51636 -97.80348 -32.08413 262.37427 -173.71806 -22.94123 NaN NaN NaN 21.50760 -133.37886 12.96261 -73.82622 -179.46912 -63.12931
41300 2.48750 NaN NaN NaN 161.53557 -97.82128 -31.98872 262.39114 -173.74925 -22.97662 NaN NaN NaN 21.64935 -133.27594 12.87905 -73.76403 -179.47116 -63.06622
41301 2.49583 NaN NaN NaN 161.57375 -97.85825 -31.89652 262.40598 -173.76471 -23.00338 NaN NaN NaN 21.77995 -133.18073 12.81647 -73.73203 -179.45065 -62.98165
41302 2.50416 NaN NaN NaN 161.59541 -97.85728 -31.82959 262.42026 -173.76956 -23.02586 NaN NaN NaN 21.89150 -133.13802 12.76701 -73.68348 -179.47035 -62.90366
41303 2.51249 NaN NaN NaN 161.60922 -97.83241 -31.79372 262.43723 -173.77574 -23.03854 NaN NaN NaN 21.95368 -133.08720 12.73188 -73.65720 -179.48558 -62.80637
41304 2.52082 NaN NaN NaN 161.58340 -97.82455 -31.79443 262.43555 -173.75842 -23.04261 NaN NaN NaN 22.00737 -133.01665 12.68285 -73.65626 -179.49892 -62.74570
41305 2.52916 NaN NaN NaN 161.58514 -97.78773 -31.81671 262.43042 -173.73111 -23.05046 NaN NaN NaN 22.04595 -132.95239 12.65669 -73.65253 -179.46742 -62.71724
41306 2.53749 NaN NaN NaN 161.60074 -97.75610 -31.79485 262.41843 -173.70761 -23.05762 NaN NaN NaN 22.06453 -132.90398 12.65683 -73.63969 -179.45055 -62.70885
41307 2.54582 NaN NaN NaN 161.59433 -97.70935 -31.80701 262.39072 -173.66937 -23.05814 NaN NaN NaN 22.04375 -132.85612 12.64586 -73.64880 -179.41994 -62.70993
41308 2.55415 NaN NaN NaN 161.58832 -97.68590 -31.81468 262.38336 -173.63580 -23.05973 NaN NaN NaN 22.03645 -132.86304 12.65416 -73.65824 -179.39468 -62.70456
41309 2.56248 NaN NaN NaN 161.55281 -97.67007 -31.84686 262.36942 -173.60875 -23.05342 NaN NaN NaN 22.02288 -132.82925 12.66873 -73.65133 -179.38969 -62.68684
41310 2.57081 NaN NaN NaN 161.54272 -97.63449 -31.85050 262.36679 -173.58182 -23.06371 NaN NaN NaN 22.01888 -132.80513 12.69577 -73.65723 -179.35890 -62.68756
41311 2.57914 NaN NaN NaN 161.54517 -97.58303 -31.84631 262.34567 -173.54868 -23.06381 NaN NaN NaN 22.02249 -132.79208 12.71862 -73.64778 -179.33249 -62.68114
41312 2.58747 NaN NaN NaN 161.53697 -97.55563 -31.84619 262.34140 -173.54649 -23.07110 NaN NaN NaN 22.01465 -132.78836 12.75706 -73.65321 -179.28758 -62.67903
41313 2.59581 NaN NaN NaN 161.52472 -97.53329 -31.87871 262.32016 -173.49725 -23.05966 NaN NaN NaN 22.00893 -132.75912 12.76102 -73.67773 -179.23651 -62.68573
41314 2.60414 NaN NaN NaN 161.54082 -97.48501 -31.87678 262.32138 -173.51952 -23.08317 NaN NaN NaN 22.00180 -132.71005 12.76079 -73.69951 -179.17252 -62.69092
41315 2.61247 NaN NaN NaN 161.52898 -97.49519 -31.86544 262.31815 -173.51137 -23.09860 NaN NaN NaN 22.03171 -132.66858 12.74956 -73.59129 -179.41235 -62.56148
41316 2.62080 NaN NaN NaN 161.51741 -97.50960 -31.82588 262.34857 -173.53230 -23.10706 NaN NaN NaN 22.08249 -132.64668 12.72646 -73.57401 -179.49989 -62.46629
41317 2.62913 NaN NaN NaN 161.52026 -97.52526 -31.79103 262.36108 -173.53729 -23.13973 NaN NaN NaN 22.13739 -132.61427 12.65032 -73.58687 -179.54929 -62.40045
41318 2.63746 NaN NaN NaN 161.52347 -97.57962 -31.73773 262.36545 -173.55795 -23.15647 NaN NaN NaN 22.18191 -132.57346 12.63220 -73.59188 -179.57855 -62.31882
41319 2.64579 NaN NaN NaN 161.52092 -97.59152 -31.72939 262.37494 -173.57928 -23.17375 NaN NaN NaN 22.20548 -132.54637 12.59322 -73.57649 -179.54358 -62.27032
41320 2.65413 NaN NaN NaN 161.52419 -97.61399 -31.70995 262.39200 -173.60306 -23.18795 NaN NaN NaN 22.22934 -132.51683 12.58227 -73.54961 -179.51649 -62.27311
41321 2.66246 NaN NaN NaN 161.52896 -97.61011 -31.72371 262.38541 -173.59180 -23.18555 NaN NaN NaN 22.25499 -132.52737 12.55119 -73.51114 -179.49538 -62.30363
41322 2.67079 NaN NaN NaN 161.52951 -97.59185 -31.73754 262.37311 -173.59996 -23.17947 NaN NaN NaN 22.27748 -132.53929 12.56619 -73.47263 -179.48035 -62.32302
41323 2.67912 NaN NaN NaN 161.53687 -97.59410 -31.75864 262.36163 -173.58551 -23.17395 NaN NaN NaN 22.31267 -132.56270 12.57331 -73.45777 -179.48172 -62.32991
41324 2.68745 NaN NaN NaN 161.50517 -97.61810 -31.76407 262.35614 -173.58057 -23.15533 NaN NaN NaN 22.34468 -132.56784 12.53124 -73.44672 -179.50925 -62.32088
41325 2.69578 NaN NaN NaN 161.51102 -97.59382 -31.74869 262.35510 -173.57820 -23.16041 NaN NaN NaN 22.35940 -132.56532 12.52178 -73.43108 -179.53250 -62.33568
41326 2.70411 NaN NaN NaN 161.50577 -97.60854 -31.75245 262.34799 -173.58228 -23.15343 NaN NaN NaN 22.38946 -132.59123 12.49305 -73.40862 -179.56277 -62.33628
41327 2.71244 NaN NaN NaN 161.51521 -97.62751 -31.78732 262.36273 -173.60219 -23.16116 NaN NaN NaN 22.39176 -132.60977 12.48728 -73.39785 -179.59930 -62.33258
41328 2.72078 NaN NaN NaN 161.51306 -97.65710 -31.77783 262.37476 -173.63774 -23.15122 NaN NaN NaN 22.39254 -132.61690 12.46202 -73.39479 -179.61072 -62.32563
41329 2.72911 NaN NaN NaN 161.50940 -97.68696 -31.76257 262.38083 -173.65170 -23.15731 NaN NaN NaN 22.38145 -132.63956 12.50100 -73.39799 -179.64021 -62.32620
41330 2.73744 NaN NaN NaN 161.52153 -97.73463 -31.77961 262.38165 -173.68964 -23.16440 NaN NaN NaN 22.38193 -132.69675 12.49625 -73.40358 -179.66457 -62.35749
41331 2.74577 NaN NaN NaN 161.53960 -97.73819 -31.76846 262.36774 -173.68309 -23.17012 NaN NaN NaN 22.36675 -132.71429 12.48704 -73.42146 -179.68610 -62.36683
41332 2.75410 NaN NaN NaN 161.51532 -97.76119 -31.77870 262.36884 -173.70012 -23.17678 NaN NaN NaN 22.35759 -132.74490 12.47978 -73.42860 -179.70671 -62.36221
41333 2.76243 NaN NaN NaN 161.50766 -97.76815 -31.78822 262.37543 -173.68347 -23.16146 NaN NaN NaN 22.35944 -132.74269 12.47601 -73.43414 -179.70674 -62.37901
41334 2.77076 NaN NaN NaN 161.50583 -97.80531 -31.79181 262.37024 -173.70192 -23.16158 NaN NaN NaN 22.36608 -132.76686 12.47416 -73.45659 -179.74008 -62.40147
41335 2.77909 NaN NaN NaN 161.51869 -97.77040 -31.78508 262.36063 -173.68796 -23.15150 NaN NaN NaN 22.35798 -132.76996 12.47131 -73.46893 -179.76010 -62.37556
41336 2.78743 NaN NaN NaN 161.51387 -97.81537 -31.79722 262.35385 -173.71548 -23.14643 NaN NaN NaN 22.34280 -132.78159 12.46040 -73.47443 -179.78426 -62.37726
41337 2.79576 NaN NaN NaN 161.51825 -97.78543 -31.80379 262.35828 -173.70753 -23.13804 NaN NaN NaN 22.34529 -132.79930 12.45057 -73.47978 -179.80269 -62.37656
41338 2.80409 NaN NaN NaN 161.49286 -97.81065 -31.79676 262.35983 -173.72574 -23.14165 NaN NaN NaN 22.35523 -132.81380 12.44006 -73.48701 -179.81934 -62.38220
41339 2.81242 NaN NaN NaN 161.50630 -97.81426 -31.79661 262.37329 -173.71225 -23.14796 NaN NaN NaN 22.34324 -132.82129 12.43871 -73.49172 -179.82314 -62.37923
41340 2.82075 NaN NaN NaN 161.47993 -97.83168 -31.79470 262.36838 -173.72557 -23.15910 NaN NaN NaN 22.35866 -132.81396 12.42337 -73.51330 -179.80734 -62.38366
41341 2.82908 NaN NaN NaN 161.50221 -97.81085 -31.79766 262.35489 -173.70691 -23.16517 NaN NaN NaN 22.33335 -132.81282 12.40676 -73.52605 -179.81889 -62.35922
