Frame# Time LH1 LH2 LH3 RH1 RH2 RH3
X54 Y54 Z54 X55 Y55 Z55 X56 Y56 Z56 X57 Y57 Z57 X58 Y58 Z58 X59 Y59 Z59
23262 0.00428 NaN NaN NaN 224.02425 -153.70689 30.50585 287.51462 -178.06046 -76.20715 NaN NaN NaN 56.52482 -159.77571 12.64127 -14.75120 -199.75345 -88.85684
23263 0.01263 NaN NaN NaN 223.97403 -153.65385 30.46390 287.56796 -177.94394 -76.24253 NaN NaN NaN 56.27376 -159.87126 12.78492 -15.24568 -200.12996 -88.47545
23264 0.02097 NaN NaN NaN 223.94556 -153.59471 30.44450 287.57797 -178.03603 -76.19981 NaN NaN NaN 55.97863 -160.00819 12.87956 -15.76360 -200.53946 -88.14312
23265 0.02932 NaN NaN NaN 223.92769 -153.50644 30.41490 287.54013 -178.25743 -76.09890 NaN NaN NaN 55.62961 -160.16103 12.92470 -16.35919 -201.04814 -87.81237
23266 0.03767 NaN NaN NaN 223.96539 -153.44215 30.41460 287.45718 -178.53011 -75.97004 NaN NaN NaN 55.23232 -160.35857 12.90769 -17.00043 -201.55022 -87.48328
23267 0.04601 NaN NaN NaN 223.99530 -153.37589 30.40973 287.40240 -178.79605 -75.88418 NaN NaN NaN 54.79392 -160.55890 12.84941 -17.67865 -202.09372 -87.14920
23268 0.05436 NaN NaN NaN 224.07559 -153.33173 30.45827 287.35147 -179.03017 -75.77813 NaN NaN NaN 54.36892 -160.79919 12.81929 -18.33987 -202.63904 -86.85504
23269 0.06271 NaN NaN NaN 224.16013 -153.29659 30.46665 287.35217 -179.13939 -75.74103 NaN NaN NaN 53.89118 -161.02306 12.84202 -19.00293 -203.14534 -86.60696
23270 0.07105 NaN NaN NaN 224.22806 -153.29901 30.47979 287.39362 -179.14925 -75.71499 NaN NaN NaN 53.46074 -161.29860 12.93167 -19.63498 -203.63130 -86.33508
23271 0.07940 NaN NaN NaN 224.30293 -153.30800 30.49345 287.44931 -179.06306 -75.75893 NaN NaN NaN 53.03860 -161.56786 13.01056 -20.22334 -204.05170 -86.03144
23272 0.08775 NaN NaN NaN 224.38310 -153.31099 30.51276 287.52502 -178.93686 -75.79501 NaN NaN NaN 52.64788 -161.89879 13.09964 -20.81945 -204.47131 -85.78007
23273 0.09609 NaN NaN NaN 224.50897 -153.36746 30.54403 287.58453 -178.79547 -75.88131 NaN NaN NaN 52.23168 -162.24144 13.19108 -21.38274 -204.88438 -85.57684
23274 0.10444 NaN NaN NaN 224.59419 -153.41444 30.56156 287.68774 -178.64943 -75.95524 NaN NaN NaN 51.75936 -162.60139 13.28559 -21.88391 -205.26706 -85.45213
23275 0.11279 NaN NaN NaN 224.63339 -153.43817 30.55661 287.76666 -178.52679 -76.00570 NaN NaN NaN 51.30781 -162.96730 13.39770 -22.36688 -205.56839 -85.39373
23276 0.12113 NaN NaN NaN 224.68976 -153.46365 30.55892 287.80304 -178.46718 -76.03999 NaN NaN NaN 50.91256 -163.34122 13.45004 -22.82467 -205.85530 -85.36714
23277 0.12948 NaN NaN NaN 224.71342 -153.46957 30.57726 287.80093 -178.44888 -76.05303 NaN NaN NaN 50.51181 -163.72939 13.49809 -23.22461 -206.11031 -85.38319
23278 0.13783 NaN NaN NaN 224.64075 -153.44327 30.58187 287.78165 -178.47968 -76.00614 NaN NaN NaN 50.14024 -164.02298 13.49931 -23.56655 -206.29140 -85.37232
23279 0.14617 NaN NaN NaN 224.53209 -153.38689 30.56697 287.73068 -178.55595 -75.93885 NaN NaN NaN 49.84991 -164.25690 13.50407 -23.94747 -206.62929 -85.21180
23280 0.15452 NaN NaN NaN 224.39958 -153.30249 30.55591 287.68616 -178.63695 -75.85767 NaN NaN NaN 49.60956 -164.43340 13.45529 -24.25353 -206.91556 -85.17104
23281 0.16286 NaN NaN NaN 224.27382 -153.19316 30.51335 287.64059 -178.71700 -75.76440 NaN NaN NaN 49.42751 -164.55254 13.38051 -24.55888 -207.08777 -85.15208
23282 0.17121 NaN NaN NaN 224.12038 -153.05048 30.47409 287.59589 -178.77748 -75.68314 NaN NaN NaN 49.29491 -164.68933 13.30364 -24.78810 -207.20596 -85.16542
23283 0.17956 NaN NaN NaN 223.93204 -152.87674 30.44295 287.57343 -178.72377 -75.58781 NaN NaN NaN 49.17111 -164.80545 13.21696 -24.98675 -207.29037 -85.24334
23284 0.18790 NaN NaN NaN 223.76917 -152.70491 30.43354 287.54193 -178.68097 -75.48592 NaN NaN NaN 49.04852 -164.94539 13.08924 -25.10511 -207.31584 -85.38300
23285 0.19625 NaN NaN NaN 223.59058 -152.51682 30.47017 287.49796 -178.58511 -75.40308 NaN NaN NaN 48.96539 -165.05795 13.01295 -25.17249 -207.30565 -85.52939
23286 0.20460 NaN NaN NaN 223.41617 -152.33859 30.49180 287.41809 -178.53862 -75.26612 NaN NaN NaN 48.95061 -165.14276 12.92165 -25.16788 -207.19357 -85.79659
23287 0.21294 NaN NaN NaN 223.27486 -152.12772 30.53107 287.37579 -178.40117 -75.19108 NaN NaN NaN 48.94763 -165.18828 12.68566 -25.14915 -207.02252 -86.10227
23288 0.22129 NaN NaN NaN 223.19836 -151.94795 30.56509 287.37778 -178.32175 -75.14660 NaN NaN NaN 48.96090 -165.20349 12.54733 -25.09440 -206.88704 -86.29905
23289 0.22964 NaN NaN NaN 223.17163 -151.85603 30.62952 287.37506 -178.24423 -75.12357 NaN NaN NaN 48.98717 -165.20731 12.47550 -25.03255 -206.81041 -86.43837
23290 0.23798 NaN NaN NaN 223.17400 -151.80159 30.66987 287.34894 -178.24722 -75.08496 NaN NaN NaN 49.10992 -165.10963 12.43643 -24.88338 -206.70195 -86.49730
23291 0.24633 NaN NaN NaN 223.18951 -151.79572 30.68934 287.29819 -178.24043 -75.08228 NaN NaN NaN 49.31466 -164.95570 12.42603 -24.70913 -206.61139 -86.45963
23292 0.25468 NaN NaN NaN 223.20316 -151.83139 30.70677 287.26413 -178.27596 -75.08654 NaN NaN NaN 49.60174 -164.69154 12.39897 -24.50726 -206.49834 -86.42577
23293 0.26302 NaN NaN NaN 223.22801 -151.88509 30.71166 287.19913 -178.35597 -75.09547 NaN NaN NaN 49.85697 -164.40018 12.35940 -24.21188 -206.38452 -86.41502
23294 0.27137 NaN NaN NaN 223.24426 -151.97549 30.69825 287.18372 -178.44589 -75.11825 NaN NaN NaN 50.12847 -164.08923 12.30503 -23.92848 -206.17621 -86.42490
23295 0.27972 NaN NaN NaN 223.23933 -152.07867 30.67695 287.16861 -178.50946 -75.15487 NaN NaN NaN 50.42562 -163.75879 12.27983 -23.57291 -205.87970 -86.46524
23296 0.28806 NaN NaN NaN 223.23323 -152.16464 30.60954 286.80774 -179.21684 -74.95415 NaN NaN NaN 50.77300 -163.34807 12.28170 -23.17297 -205.53012 -86.42913
23297 0.29641 NaN NaN NaN 223.18202 -152.20036 30.53482 286.54556 -179.78218 -74.76176 NaN NaN NaN 51.15537 -162.98520 12.29327 -22.76848 -205.15898 -86.39774
23298 0.30476 NaN NaN NaN 223.14717 -152.22414 30.48223 286.32025 -180.32286 -74.58267 NaN NaN NaN 51.55557 -162.62744 12.28857 -22.37799 -204.80763 -86.37215
23299 0.31310 NaN NaN NaN 223.10963 -152.20117 30.46295 286.22537 -180.62662 -74.46633 NaN NaN NaN 51.99710 -162.24194 12.22370 -22.03106 -204.54524 -86.38094
23300 0.32145 NaN NaN NaN 223.10194 -152.18303 30.45456 286.22931 -180.73764 -74.44189 NaN NaN NaN 52.38531 -161.87915 12.10753 -21.70179 -204.22914 -86.40302
23301 0.32980 NaN NaN NaN 223.07756 -152.15186 30.45876 286.30109 -180.66431 -74.47845 NaN NaN NaN 52.83143 -161.54037 12.02808 -21.34026 -203.96312 -86.39171
23302 0.33814 NaN NaN NaN 223.03212 -152.12047 30.45640 286.71906 -179.98888 -74.71356 NaN NaN NaN 53.33127 -161.20308 11.91171 -21.07294 -203.71669 -86.30761
23303 0.34649 NaN NaN NaN 222.98174 -152.09816 30.42832 287.08798 -179.23541 -74.97128 NaN NaN NaN 53.93483 -160.76122 11.66711 -20.86735 -203.44469 -86.12260
23304 0.35484 NaN NaN NaN 222.97475 -152.07452 30.36138 287.40381 -178.55252 -75.14138 NaN NaN NaN 54.71158 -160.26094 11.33877 -20.78964 -203.26938 -85.80404
23305 0.36318 NaN NaN NaN 222.96817 -152.09277 30.29424 287.58505 -178.04637 -75.32589 NaN NaN NaN 55.53218 -159.69559 10.88834 -20.76874 -203.22047 -85.46867
23306 0.37153 NaN NaN NaN 222.98767 -152.13426 30.26743 287.68167 -177.81796 -75.41135 NaN NaN NaN 56.38793 -159.19106 10.27378 -20.81121 -203.17464 -85.12723
23307 0.37988 NaN NaN NaN 223.06502 -152.17943 30.27708 287.67953 -177.87202 -75.40906 NaN NaN NaN 57.21926 -158.66069 9.61530 -20.98448 -203.23366 -84.67341
23308 0.38822 NaN NaN NaN 223.13579 -152.20830 30.33627 287.61551 -178.09749 -75.34708 NaN NaN NaN 58.02630 -158.20839 8.86416 -21.22186 -203.38071 -84.27916
23309 0.39657 NaN NaN NaN 223.20190 -152.24266 30.38287 287.50256 -178.42468 -75.23589 NaN NaN NaN 58.72257 -157.82332 8.10220 -21.54464 -203.58847 -83.87509
23310 0.40492 NaN NaN NaN 223.24750 -152.32210 30.40191 287.39429 -178.73589 -75.14719 NaN NaN NaN 59.25022 -157.58525 7.48794 -21.89380 -203.89015 -83.43731
23311 0.41326 NaN NaN NaN 223.25066 -152.41246 30.36635 287.33206 -178.99110 -75.10632 NaN NaN NaN 59.48534 -157.43895 7.14781 -22.10188 -204.18588 -83.09258
23312 0.42161 NaN NaN NaN 223.24724 -152.52350 30.31731 287.32916 -179.08894 -75.14229 NaN NaN NaN 59.50158 -157.43449 7.11345 -22.14187 -204.38965 -83.00606
23313 0.42995 NaN NaN NaN 223.19908 -152.63324 30.24518 287.35892 -179.06755 -75.28434 NaN NaN NaN 59.43067 -157.54907 7.23904 -22.06957 -204.45944 -83.03788
23314 0.43830 NaN NaN NaN 223.14153 -152.70882 30.18248 287.43713 -178.95686 -75.35844 NaN NaN NaN 59.37296 -157.69469 7.40415 -22.02066 -204.43315 -83.07277
23315 0.44665 NaN NaN NaN 223.07539 -152.73927 30.12797 287.48856 -178.82719 -75.42046 NaN NaN NaN 59.37840 -157.80101 7.51137 -22.02560 -204.42287 -83.00272
23316 0.45499 NaN NaN NaN 223.00911 -152.76440 30.08313 287.53833 -178.70049 -75.44828 NaN NaN NaN 59.36577 -157.81879 7.55341 -22.13140 -204.49667 -82.82684
23317 0.46334 NaN NaN NaN 222.93825 -152.76295 30.05939 287.56812 -178.60788 -75.46918 NaN NaN NaN 59.28392 -157.81619 7.62148 -22.30313 -204.66280 -82.65004
23318 0.47169 NaN NaN NaN 222.87270 -152.77057 30.08414 287.57825 -178.59378 -75.44810 NaN NaN NaN 59.16355 -157.78462 7.70036 -22.43993 -204.81339 -82.47686
23319 0.48003 NaN NaN NaN 222.78951 -152.73444 30.11618 287.55838 -178.62946 -75.37498 NaN NaN NaN 58.98239 -157.72443 7.77602 -22.62237 -204.97459 -82.31477
23320 0.48838 NaN NaN NaN 222.72096 -152.63559 30.12521 287.53052 -178.64142 -75.27946 NaN NaN NaN 58.83768 -157.66130 7.78816 -22.80760 -205.11542 -82.11080
23321 0.49673 NaN NaN NaN 222.64757 -152.49252 30.10530 287.50974 -178.71397 -75.16567 NaN NaN NaN 58.69644 -157.57104 7.78760 -23.03024 -205.28957 -81.90739
23322 0.50507 NaN NaN NaN 222.60965 -152.35500 30.09233 287.49335 -178.72728 -75.05245 NaN NaN NaN 58.53093 -157.49739 7.83350 -23.28840 -205.44797 -81.71832
23323 0.51342 NaN NaN NaN 222.51399 -152.21227 30.06669 287.49194 -178.72868 -74.97916 NaN NaN NaN 58.37459 -157.42270 7.84317 -23.51132 -205.61385 -81.54530
23324 0.52177 NaN NaN NaN 222.44034 -152.08276 30.07079 287.52774 -178.68871 -74.94489 NaN NaN NaN 58.24910 -157.37167 7.86018 -23.81224 -205.81110 -81.31360
23325 0.53011 NaN NaN NaN 222.38647 -151.89554 30.07873 287.51019 -178.61661 -74.90245 NaN NaN NaN 58.12819 -157.33746 7.83988 -24.15339 -206.01489 -80.89536
23326 0.53846 NaN NaN NaN 222.28690 -151.75192 30.08416 287.55344 -178.46312 -74.79916 NaN NaN NaN 57.93892 -157.30496 7.83564 -24.51730 -206.31459 -80.51595
23327 0.54681 NaN NaN NaN 222.11299 -151.54549 30.06642 287.55920 -178.41167 -74.67002 NaN NaN NaN 57.73663 -157.31564 7.88394 -24.87060 -206.57146 -80.17466
23328 0.55515 NaN NaN NaN 221.89073 -151.31332 30.04197 287.57385 -178.38339 -74.49352 NaN NaN NaN 57.58008 -157.33775 7.95232 -25.23453 -206.83253 -79.86436
23329 0.56350 NaN NaN NaN 221.56914 -151.04236 30.00939 287.58734 -178.42522 -74.25590 NaN NaN NaN 57.37772 -157.40247 8.01568 -25.58106 -207.07147 -79.54807
23330 0.57185 NaN NaN NaN 221.29640 -150.76508 29.96553 287.57181 -178.50439 -74.05540 NaN NaN NaN 57.14818 -157.49387 8.08443 -25.88888 -207.25677 -79.30680
23331 0.58019 NaN NaN NaN 220.99428 -150.45538 29.90454 287.52362 -178.59138 -73.87805 NaN NaN NaN 56.83646 -157.68263 8.27537 -26.11653 -207.38876 -79.21960
23332 0.58854 NaN NaN NaN 220.65669 -150.17467 29.83269 287.52112 -178.69197 -73.63993 NaN NaN NaN 56.46358 -157.98552 8.49700 -26.27182 -207.42728 -79.33002
23333 0.59689 NaN NaN NaN 220.29556 -149.89359 29.77621 287.47800 -178.80962 -73.42495 NaN NaN NaN 56.07882 -158.33952 8.77732 -26.39363 -207.41977 -79.44866
23334 0.60523 NaN NaN NaN 219.94539 -149.57605 29.68963 287.43503 -178.89330 -73.14340 NaN NaN NaN 55.73724 -158.66884 8.98630 -26.51740 -207.38055 -79.63330
23335 0.61358 NaN NaN NaN 219.62558 -149.29317 29.61467 287.40991 -178.92999 -72.96585 NaN NaN NaN 55.50787 -158.89592 9.03365 -26.63064 -207.32135 -79.85817
23336 0.62193 NaN NaN NaN 219.34979 -148.98720 29.49665 287.38483 -178.94470 -72.80303 NaN NaN NaN 55.29155 -159.09862 9.01285 -26.80159 -207.25525 -80.12682
23337 0.63027 NaN NaN NaN 219.18900 -148.81654 29.45210 287.35483 -178.92079 -72.75714 NaN NaN NaN 55.00677 -159.38380 9.02627 -26.89671 -207.28535 -80.42419
23338 0.63862 NaN NaN NaN 219.06660 -148.67627 29.43109 287.29675 -178.86821 -72.69746 NaN NaN NaN 54.70607 -159.73471 9.04962 -26.96728 -207.28865 -80.80392
23339 0.64697 NaN NaN NaN 218.96535 -148.57678 29.43191 287.26505 -178.84608 -72.63773 NaN NaN NaN 54.43214 -160.13600 9.11191 -27.05438 -207.31117 -81.14044
23340 0.65531 NaN NaN NaN 218.88034 -148.51193 29.43836 287.29474 -178.76942 -72.60915 NaN NaN NaN 54.17477 -160.50087 9.13521 -27.09884 -207.29988 -81.40870
23341 0.66366 NaN NaN NaN 218.82111 -148.44437 29.43827 287.29956 -178.72427 -72.58639 NaN NaN NaN 53.98900 -160.82205 9.14403 -27.16255 -207.33189 -81.71368
23342 0.67201 NaN NaN NaN 218.79077 -148.41147 29.43502 287.31735 -178.68008 -72.57603 NaN NaN NaN 53.81577 -161.04277 9.11810 -27.21948 -207.35756 -81.94542
23343 0.68035 NaN NaN NaN 218.78029 -148.37616 29.43596 287.30930 -178.68060 -72.53172 NaN NaN NaN 53.64392 -161.23817 9.06393 -27.27086 -207.38658 -82.14923
23344 0.68870 NaN NaN NaN 218.75322 -148.32300 29.43094 287.31989 -178.68938 -72.50832 NaN NaN NaN 53.52999 -161.35637 9.02313 -27.34272 -207.40466 -82.27923
23345 0.69704 NaN NaN NaN 218.69714 -148.25720 29.40815 287.33295 -178.73727 -72.40924 NaN NaN NaN 53.40154 -161.46092 8.92766 -27.42196 -207.42195 -82.37746
23346 0.70539 NaN NaN NaN 218.65369 -148.19160 29.39431 287.34698 -178.76117 -72.39240 NaN NaN NaN 53.27177 -161.52293 8.88751 -27.47979 -207.42937 -82.48409
23347 0.71374 NaN NaN NaN 218.63960 -148.12564 29.37353 287.35812 -178.87317 -72.31078 NaN NaN NaN 53.14174 -161.56572 8.88847 -27.51843 -207.43063 -82.58392
23348 0.72208 NaN NaN NaN 218.64659 -148.08688 29.36339 287.35803 -178.93684 -72.27027 NaN NaN NaN 52.99383 -161.57047 9.01277 -27.52008 -207.37811 -82.65877
23349 0.73043 NaN NaN NaN 218.69066 -148.08197 29.35578 287.37552 -178.98683 -72.26222 NaN NaN NaN 52.84307 -161.58484 9.16514 -27.46343 -207.27718 -82.73295
23350 0.73878 NaN NaN NaN 218.74583 -148.12277 29.35770 287.41611 -178.98032 -72.31798 NaN NaN NaN 52.71408 -161.53935 9.45019 -27.37678 -207.09401 -82.80426
23351 0.74712 NaN NaN NaN 218.80673 -148.18558 29.35946 287.46857 -178.96387 -72.38074 NaN NaN NaN 52.59113 -161.52611 9.74286 -27.24325 -206.88870 -82.87223
23352 0.75547 NaN NaN NaN 218.86238 -148.20663 29.34078 287.52661 -178.92589 -72.41563 NaN NaN NaN 52.46560 -161.50812 10.00115 -27.06561 -206.63260 -82.89775
23353 0.76382 NaN NaN NaN 218.88802 -148.18947 29.31734 287.56540 -178.89577 -72.44950 NaN NaN NaN 52.42879 -161.44220 10.28384 -26.87844 -206.35867 -82.94501
23354 0.77216 NaN NaN NaN 218.89688 -148.13947 29.27938 287.63013 -178.84013 -72.49463 NaN NaN NaN 52.44158 -161.26808 10.49392 -26.70195 -206.12396 -82.92651
23355 0.78051 NaN NaN NaN 218.88057 -148.09373 29.23563 287.65277 -178.79642 -72.54389 NaN NaN NaN 52.52568 -161.02985 10.66913 -26.52523 -205.91048 -82.79610
23356 0.78886 NaN NaN NaN 218.88383 -148.03186 29.18485 287.65918 -178.76883 -72.57763 NaN NaN NaN 52.68480 -160.71046 10.72925 -26.39201 -205.73622 -82.65164
23357 0.79720 NaN NaN NaN 218.89034 -147.97238 29.11853 287.66232 -178.74602 -72.56894 NaN NaN NaN 52.87981 -160.34261 10.73162 -26.26837 -205.50780 -82.51506
23358 0.80555 NaN NaN NaN 218.89133 -147.89580 29.03921 287.68930 -178.68402 -72.58761 NaN NaN NaN 53.08185 -159.94685 10.70937 -26.14599 -205.29726 -82.35058
23359 0.81390 NaN NaN NaN 218.88242 -147.77693 28.98372 287.68933 -178.61031 -72.61299 NaN NaN NaN 53.30596 -159.59734 10.72130 -26.01169 -205.12941 -82.18781
23360 0.82224 NaN NaN NaN 218.88486 -147.66403 28.93950 287.70874 -178.54723 -72.66251 NaN NaN NaN 53.53765 -159.33205 10.78647 -25.82484 -204.92581 -82.06538
23361 0.83059 NaN NaN NaN 218.87224 -147.57294 28.90434 287.69293 -178.44975 -72.68804 NaN NaN NaN 53.80079 -159.09084 10.81365 -25.63404 -204.73865 -81.93249
23362 0.83894 NaN NaN NaN 218.84370 -147.47067 28.87382 287.68433 -178.38423 -72.70667 NaN NaN NaN 54.14123 -158.79636 10.82841 -25.48460 -204.50491 -81.73502
23363 0.84728 NaN NaN NaN 218.78339 -147.35686 28.83586 287.67767 -178.28513 -72.73113 NaN NaN NaN 54.62693 -158.45059 10.78355 -25.32989 -204.27509 -81.43693
23364 0.85563 NaN NaN NaN 218.68735 -147.23564 28.75917 287.63416 -178.23831 -72.70498 NaN NaN NaN 55.16910 -158.04265 10.64330 -25.16319 -204.06641 -81.19847
23365 0.86398 NaN NaN NaN 218.55589 -147.14197 28.71403 287.60898 -178.20503 -72.65523 NaN NaN NaN 55.70290 -157.68343 10.43811 -24.98858 -203.94133 -81.01974
23366 0.87232 NaN NaN NaN 218.42844 -147.03624 28.67554 287.57874 -178.17722 -72.60108 NaN NaN NaN 56.17432 -157.39424 10.18695 -24.85903 -203.81026 -80.89926
23367 0.88067 NaN NaN NaN 218.26970 -146.95813 28.60583 287.55685 -178.18080 -72.51640 NaN NaN NaN 56.54462 -157.17201 9.91878 -24.78193 -203.70236 -80.83059
23368 0.88902 NaN NaN NaN 218.10818 -146.88892 28.54634 287.56021 -178.16048 -72.48954 NaN NaN NaN 56.74231 -156.96600 9.67794 -24.72072 -203.62358 -80.87032
23369 0.89736 NaN NaN NaN 217.95526 -146.90486 28.45918 287.55331 -178.13518 -72.44415 NaN NaN NaN 56.81590 -156.84483 9.56591 -24.61803 -203.54843 -80.97535
23370 0.90571 NaN NaN NaN 217.79848 -146.92485 28.37110 287.52988 -178.14717 -72.41372 NaN NaN NaN 56.87794 -156.78065 9.50212 -24.47168 -203.50670 -81.06155
23371 0.91406 NaN NaN NaN 217.63527 -146.90358 28.32972 287.49304 -178.11368 -72.38834 NaN NaN NaN 57.01103 -156.72159 9.45083 -24.36187 -203.45625 -81.04444
23372 0.92240 NaN NaN NaN 217.48486 -146.90297 28.27313 287.47473 -178.09987 -72.31297 NaN NaN NaN 57.19903 -156.56389 9.39701 -24.30787 -203.53786 -80.88499
23373 0.93075 NaN NaN NaN 217.31494 -146.89246 28.22679 287.45728 -178.10971 -72.27752 NaN NaN NaN 57.37796 -156.29808 9.34991 -24.30020 -203.65146 -80.54018
23374 0.93909 NaN NaN NaN 217.17688 -146.86604 28.17284 287.45950 -178.11407 -72.25398 NaN NaN NaN 57.55327 -156.03418 9.27545 -24.38104 -203.81229 -80.13338
23375 0.94744 NaN NaN NaN 217.05042 -146.82497 28.12847 287.43839 -178.11690 -72.20233 NaN NaN NaN 57.70728 -155.74532 9.19500 -24.53827 -204.07204 -79.67872
23376 0.95579 NaN NaN NaN 216.94945 -146.83232 28.10838 287.41418 -178.11948 -72.16342 NaN NaN NaN 57.83537 -155.48485 9.09559 -24.73843 -204.32446 -79.16913
23377 0.96413 NaN NaN NaN 216.89909 -146.85260 28.10965 287.39005 -178.12978 -72.13078 NaN NaN NaN 57.93663 -155.23409 9.03556 -24.96665 -204.63258 -78.67139
23378 0.97248 NaN NaN NaN 216.88203 -146.87526 28.11900 287.40958 -178.11105 -72.12732 NaN NaN NaN 57.96692 -155.03180 9.02844 -25.24975 -204.90273 -78.06621
23379 0.98083 NaN NaN NaN 216.87970 -146.90616 28.15180 287.40872 -178.09967 -72.12030 NaN NaN NaN 57.91193 -154.93001 9.04727 -25.57589 -205.17863 -77.61706
23380 0.98917 NaN NaN NaN 216.87045 -146.92387 28.16195 287.44824 -178.08595 -72.12130 NaN NaN NaN 57.81684 -154.85222 9.11616 -25.87442 -205.44440 -77.20549
23381 0.99752 NaN NaN NaN 216.83852 -146.95438 28.17806 287.47342 -178.06842 -72.08899 NaN NaN NaN 57.65922 -154.81946 9.19248 -26.17601 -205.68347 -76.76883
23382 1.00587 NaN NaN NaN 216.83658 -146.95903 28.17619 287.50238 -178.05942 -72.04156 NaN NaN NaN 57.48216 -154.84712 9.31276 -26.50691 -205.92772 -76.37359
23383 1.01421 NaN NaN NaN 216.80235 -146.94742 28.18540 287.51532 -178.08420 -72.00230 NaN NaN NaN 57.27029 -154.90782 9.47447 -26.83110 -206.18680 -76.02808
23384 1.02256 NaN NaN NaN 216.73457 -146.92401 28.18819 287.53540 -178.12654 -71.96029 NaN NaN NaN 57.02485 -155.01459 9.63426 -27.15746 -206.43486 -75.77003
23385 1.03091 NaN NaN NaN 216.64005 -146.90408 28.15380 287.54178 -178.18301 -71.90169 NaN NaN NaN 56.73365 -155.20708 9.75200 -27.46806 -206.63164 -75.53543
23386 1.03925 NaN NaN NaN 216.58296 -146.89519 28.13691 287.52826 -178.17149 -71.84638 NaN NaN NaN 56.41171 -155.43462 9.85421 -27.83870 -206.79901 -75.38534
23387 1.04760 NaN NaN NaN 216.50235 -146.87859 28.12160 287.53021 -178.16174 -71.78436 NaN NaN NaN 56.05113 -155.66856 9.98562 -28.14358 -206.99265 -75.34164
23388 1.05595 NaN NaN NaN 216.36678 -146.82037 28.10017 287.58688 -178.13615 -71.68057 NaN NaN NaN 55.68013 -155.91016 10.19452 -28.39784 -207.13490 -75.34715
23389 1.06429 NaN NaN NaN 216.17526 -146.70964 28.06099 287.62073 -178.12666 -71.54037 NaN NaN NaN 55.40151 -156.17096 10.37142 -28.62383 -207.24287 -75.35056
23390 1.07264 NaN NaN NaN 215.98723 -146.62177 28.00109 287.61661 -178.18271 -71.44667 NaN NaN NaN 55.18299 -156.37619 10.48198 -28.83191 -207.36710 -75.28443
23391 1.08099 NaN NaN NaN 215.88440 -146.57610 27.94366 287.61896 -178.24461 -71.38752 NaN NaN NaN 55.02138 -156.56256 10.52917 -29.03938 -207.53944 -75.19193
23392 1.08933 NaN NaN NaN 215.80992 -146.51982 27.93298 287.61969 -178.31740 -71.22925 NaN NaN NaN 54.88084 -156.65897 10.56717 -29.21795 -207.66475 -75.10173
23393 1.09768 NaN NaN NaN 215.76317 -146.50290 27.96254 287.62207 -178.39656 -71.13163 NaN NaN NaN 54.78167 -156.75751 10.61726 -29.35524 -207.78958 -75.00778
23394 1.10603 NaN NaN NaN 215.79485 -146.51503 28.00404 287.62982 -178.45114 -71.05602 NaN NaN NaN 54.66932 -156.87283 10.67332 -29.45730 -207.97484 -74.92336
23395 1.11437 NaN NaN NaN 215.85097 -146.56296 28.08029 287.62860 -178.46552 -71.04436 NaN NaN NaN 54.57345 -156.96556 10.75095 -29.51510 -208.06038 -74.92198
23396 1.12272 NaN NaN NaN 215.93889 -146.62263 28.13109 287.65298 -178.46088 -71.05693 NaN NaN NaN 54.46996 -157.04784 10.78564 -29.56202 -208.10432 -74.95943
23397 1.13107 NaN NaN NaN 216.05811 -146.77020 28.18284 287.71469 -178.41417 -71.15781 NaN NaN NaN 54.41344 -157.13022 10.81058 -29.58530 -208.13008 -74.99091
23398 1.13941 NaN NaN NaN 216.17775 -146.91765 28.22716 287.79617 -178.34106 -71.22037 NaN NaN NaN 54.36066 -157.17540 10.83044 -29.58215 -208.19353 -75.04053
23399 1.14776 NaN NaN NaN 216.30852 -147.03389 28.27805 287.87582 -178.24542 -71.36384 NaN NaN NaN 54.32888 -157.22667 10.83462 -29.53276 -208.16858 -75.08722
23400 1.15611 NaN NaN NaN 216.44116 -147.12019 28.28824 287.92944 -178.13995 -71.46132 NaN NaN NaN 54.33818 -157.26398 10.83018 -29.51063 -208.19698 -75.15602
23401 1.16445 NaN NaN NaN 216.55252 -147.16092 28.30387 287.97299 -178.06093 -71.52129 NaN NaN NaN 54.40565 -157.26346 10.70155 -29.52788 -208.18185 -75.16662
23402 1.17280 NaN NaN NaN 216.64903 -147.23141 28.31161 287.99670 -178.00671 -71.55254 NaN NaN NaN 54.43312 -157.25119 10.57969 -29.53027 -208.16815 -75.21445
23403 1.18115 NaN NaN NaN 216.77422 -147.29628 28.33761 287.99704 -177.99980 -71.56310 NaN NaN NaN 54.43121 -157.24072 10.45997 -29.52093 -208.13658 -75.38359
23404 1.18949 NaN NaN NaN 216.87196 -147.35580 28.33188 287.99146 -178.03015 -71.59863 NaN NaN NaN 54.35656 -157.25705 10.33222 -29.52452 -208.15164 -75.51507
23405 1.19784 NaN NaN NaN 216.92914 -147.37498 28.37933 287.96902 -178.05080 -71.61584 NaN NaN NaN 54.29850 -157.28288 10.24821 -29.53870 -208.15292 -75.60729
23406 1.20618 NaN NaN NaN 216.97450 -147.35904 28.39083 287.96948 -178.06281 -71.62449 NaN NaN NaN 54.28631 -157.29671 10.19720 -29.54329 -208.17091 -75.71331
23407 1.21453 NaN NaN NaN 216.94395 -147.29709 28.38415 287.98407 -178.05484 -71.58810 NaN NaN NaN 54.27585 -157.32570 10.13156 -29.59453 -208.19937 -75.79425
23408 1.22288 NaN NaN NaN 216.93248 -147.22575 28.35991 287.98422 -178.03154 -71.57272 NaN NaN NaN 54.24798 -157.37354 10.06472 -29.65051 -208.39342 -75.95179
23409 1.23122 NaN NaN NaN 216.91277 -147.13536 28.34766 287.99466 -177.98846 -71.57027 NaN NaN NaN 54.16158 -157.46733 10.02677 -29.67155 -208.45164 -76.08572
23410 1.23957 NaN NaN NaN 216.91711 -147.02350 28.31268 288.00992 -177.93286 -71.57489 NaN NaN NaN 54.04504 -157.55766 10.00151 -29.69858 -208.44275 -76.25977
23411 1.24792 NaN NaN NaN 216.95354 -146.93291 28.31476 288.01349 -177.82135 -71.61406 NaN NaN NaN 53.88650 -157.72244 9.98092 -29.69536 -208.28162 -76.38017
23412 1.25626 NaN NaN NaN 217.02644 -146.88286 28.29102 288.01724 -177.78502 -71.66313 NaN NaN NaN 53.71682 -157.85985 10.01394 -29.68987 -208.12933 -76.60837
23413 1.26461 NaN NaN NaN 217.16026 -146.87048 28.31870 288.03003 -177.72893 -71.73213 NaN NaN NaN 53.49015 -158.00539 10.10568 -29.69085 -208.03470 -76.92159
23414 1.27296 NaN NaN NaN 217.26653 -146.89369 28.34222 288.04813 -177.68022 -71.83518 NaN NaN NaN 53.28483 -158.12286 10.24348 -29.61431 -207.99457 -77.15225
23415 1.28130 NaN NaN NaN 217.36038 -146.88463 28.34223 288.05453 -177.65587 -71.83523 NaN NaN NaN 53.07524 -158.25125 10.43026 -29.50231 -207.89502 -77.45305
23416 1.28965 NaN NaN NaN 217.44337 -146.84106 28.33706 288.06216 -177.58830 -71.91370 NaN NaN NaN 52.89604 -158.38353 10.69157 -29.37771 -207.76144 -77.64371
23417 1.29800 NaN NaN NaN 217.50339 -146.79686 28.31827 288.10495 -177.49922 -72.02934 NaN NaN NaN 52.74099 -158.49373 10.96011 -29.27624 -207.61244 -77.76450
23418 1.30634 NaN NaN NaN 217.58328 -146.77203 28.27740 288.16748 -177.43927 -72.08954 NaN NaN NaN 52.54873 -158.60609 11.19413 -29.20711 -207.51065 -77.87341
23419 1.31469 NaN NaN NaN 217.63725 -146.76590 28.24554 288.19870 -177.38641 -72.14427 NaN NaN NaN 52.38676 -158.69762 11.37854 -29.13874 -207.40533 -77.93536
23420 1.32304 NaN NaN NaN 217.72041 -146.77095 28.19285 288.23224 -177.37497 -72.24250 NaN NaN NaN 52.27687 -158.77734 11.53254 -29.10060 -207.35474 -77.96097
23421 1.33138 NaN NaN NaN 217.80530 -146.74916 28.16486 288.22998 -177.35718 -72.30318 NaN NaN NaN 52.25306 -158.80293 11.59521 -29.08711 -207.34196 -77.94286
23422 1.33973 NaN NaN NaN 217.87299 -146.74879 28.13830 288.22949 -177.33459 -72.36362 NaN NaN NaN 52.33654 -158.79106 11.65416 -29.07827 -207.33945 -77.85915
23423 1.34808 NaN NaN NaN 217.94510 -146.78291 28.13137 288.22125 -177.33440 -72.40016 NaN NaN NaN 52.53730 -158.72141 11.63481 -29.07933 -207.35435 -77.72282
23424 1.35642 NaN NaN NaN 217.98662 -146.82431 28.12856 288.20343 -177.31473 -72.47921 NaN NaN NaN 52.77347 -158.62437 11.55151 -29.00030 -207.36140 -77.51600
23425 1.36477 NaN NaN NaN 218.03162 -146.90102 28.14034 288.18909 -177.30519 -72.57243 NaN NaN NaN 53.07195 -158.42604 11.44682 -28.88396 -207.40173 -77.31606
23426 1.37312 NaN NaN NaN 218.10095 -146.97768 28.16480 288.17871 -177.29999 -72.65115 NaN NaN NaN 53.42849 -158.18138 11.32218 -28.76674 -207.37787 -77.16704
23427 1.38146 NaN NaN NaN 218.13101 -147.05212 28.17904 288.14664 -177.30487 -72.74091 NaN NaN NaN 53.84042 -157.99449 11.19643 -28.53981 -207.29596 -77.08289
23428 1.38981 NaN NaN NaN 218.17093 -147.13197 28.19442 288.14734 -177.31248 -72.77737 NaN NaN NaN 54.28826 -157.78117 11.00584 -28.31115 -207.21320 -76.99428
23429 1.39816 NaN NaN NaN 218.20529 -147.19884 28.19145 288.14944 -177.38286 -72.76824 NaN NaN NaN 54.78823 -157.60808 10.78820 -28.04043 -207.08578 -76.92448
23430 1.40650 NaN NaN NaN 218.21698 -147.27098 28.18274 288.14603 -177.45691 -72.77299 NaN NaN NaN 55.30074 -157.38579 10.52594 -27.79948 -206.99501 -76.90775
23431 1.41485 NaN NaN NaN 218.21240 -147.37006 28.19590 288.13425 -177.58885 -72.74985 NaN NaN NaN 55.81858 -157.16664 10.20828 -27.49097 -206.87819 -76.93473
23432 1.42320 NaN NaN NaN 218.18466 -147.47366 28.19938 288.11478 -177.70822 -72.71872 NaN NaN NaN 56.26318 -156.93987 9.91544 -27.22829 -206.71829 -76.99848
23433 1.43154 NaN NaN NaN 218.14301 -147.56355 28.19784 288.06192 -177.81973 -72.75180 NaN NaN NaN 56.69084 -156.74966 9.58583 -26.94566 -206.56505 -77.13827
23434 1.43989 NaN NaN NaN 218.12865 -147.62523 28.20206 288.05371 -177.92047 -72.70926 NaN NaN NaN 57.08828 -156.60190 9.30834 -26.63971 -206.41591 -77.33218
23435 1.44823 NaN NaN NaN 218.10544 -147.72034 28.18954 288.04694 -178.00488 -72.72826 NaN NaN NaN 57.45818 -156.42986 9.07046 -26.36342 -206.29312 -77.50211
23436 1.45658 NaN NaN NaN 218.10382 -147.86073 28.19660 288.04706 -178.07088 -72.74085 NaN NaN NaN 57.79146 -156.28537 8.87573 -26.04282 -206.18530 -77.68324
23437 1.46493 NaN NaN NaN 218.09854 -147.99863 28.20228 288.05493 -178.13181 -72.75979 NaN NaN NaN 58.07231 -156.14566 8.68459 -25.77193 -206.13289 -77.83444
23438 1.47327 NaN NaN NaN 218.08081 -148.10968 28.21586 288.05984 -178.14900 -72.74740 NaN NaN NaN 58.30920 -156.01363 8.52765 -25.53761 -206.08324 -77.91638
23439 1.48162 NaN NaN NaN 218.03862 -148.18828 28.23891 288.08032 -178.20421 -72.72699 NaN NaN NaN 58.52954 -155.85109 8.35453 -25.33450 -206.08130 -77.93489
23440 1.48997 NaN NaN NaN 217.99997 -148.26140 28.24698 288.07431 -178.23370 -72.69119 NaN NaN NaN 58.71554 -155.68420 8.23858 -25.20958 -206.05397 -77.88815
23441 1.49831 NaN NaN NaN 217.93817 -148.31378 28.26208 288.09772 -178.24388 -72.61659 NaN NaN NaN 58.92106 -155.48534 8.12001 -25.11942 -206.10341 -77.71241
23442 1.50666 NaN NaN NaN 217.88177 -148.34872 28.27175 288.08920 -178.27393 -72.55553 NaN NaN NaN 59.07082 -155.30487 8.00971 -25.09027 -206.16721 -77.54157
23443 1.51501 NaN NaN NaN 217.78111 -148.33696 28.28240 288.12122 -178.31471 -72.47779 NaN NaN NaN 59.23409 -155.05327 7.90590 -25.09013 -206.26520 -77.30779
23444 1.52335 NaN NaN NaN 217.69270 -148.33363 28.28511 288.14716 -178.29277 -72.46555 NaN NaN NaN 59.35779 -154.80608 7.84238 -25.15108 -206.34181 -77.05148
23445 1.53170 NaN NaN NaN 217.60638 -148.30206 28.27670 288.15067 -178.29115 -72.38564 NaN NaN NaN 59.46918 -154.53870 7.76209 -25.25650 -206.44662 -76.73664
23446 1.54005 NaN NaN NaN 217.53717 -148.27507 28.28068 288.15018 -178.25574 -72.29253 NaN NaN NaN 59.53791 -154.27989 7.65322 -25.37975 -206.56065 -76.43600
23447 1.54839 NaN NaN NaN 217.42868 -148.20294 28.25506 288.15598 -178.19936 -72.15977 NaN NaN NaN 59.60869 -154.04140 7.54353 -25.54421 -206.70410 -76.01056
23448 1.55674 NaN NaN NaN 217.36052 -148.10858 28.23941 288.15393 -178.15157 -72.08719 NaN NaN NaN 59.64883 -153.78955 7.42679 -25.65317 -206.72452 -75.70254
23449 1.56509 NaN NaN NaN 217.28775 -147.97536 28.20701 288.17282 -178.12944 -72.03829 NaN NaN NaN 59.71299 -153.54100 7.36853 -25.77071 -206.90746 -75.45380
23450 1.57343 NaN NaN NaN 217.25725 -147.84772 28.18557 288.20111 -178.11290 -72.02932 NaN NaN NaN 59.73042 -153.30034 7.29451 -25.88390 -207.00056 -75.25963
23451 1.58178 NaN NaN NaN 217.25352 -147.75104 28.17909 288.22571 -178.05782 -72.01750 NaN NaN NaN 59.69421 -153.10364 7.29276 -26.00199 -207.08702 -75.01428
23452 1.59013 NaN NaN NaN 217.28639 -147.68562 28.19011 288.27090 -178.00388 -72.01543 NaN NaN NaN 59.64136 -152.97540 7.30438 -26.15928 -207.12375 -74.68591
23453 1.59847 NaN NaN NaN 217.35934 -147.63805 28.21635 288.30627 -177.89145 -72.04844 NaN NaN NaN 59.59261 -152.85266 7.33518 -26.24908 -207.12794 -74.33066
23454 1.60682 NaN NaN NaN 217.41786 -147.57617 28.25512 288.39581 -177.70343 -72.02673 NaN NaN NaN 59.49067 -152.77896 7.40833 -26.41362 -207.23643 -74.17167
23455 1.61517 NaN NaN NaN 217.49594 -147.56258 28.28661 288.46362 -177.55225 -72.02649 NaN NaN NaN 59.37653 -152.72525 7.44603 -26.56155 -207.33975 -73.97938
23456 1.62351 NaN NaN NaN 217.56612 -147.55215 28.30832 288.52844 -177.39569 -72.04830 NaN NaN NaN 59.19693 -152.74033 7.52923 -26.72279 -207.44006 -73.81821
23457 1.63186 NaN NaN NaN 217.68590 -147.54480 28.36202 288.57816 -177.31885 -72.07978 NaN NaN NaN 59.03047 -152.76430 7.61531 -26.89515 -207.58228 -73.66592
23458 1.64021 NaN NaN NaN 217.78751 -147.56062 28.41615 288.59665 -177.28772 -72.07578 NaN NaN NaN 58.85374 -152.86510 7.71518 -27.06490 -207.68985 -73.53609
23459 1.64855 NaN NaN NaN 217.87410 -147.58710 28.50633 288.59695 -177.28896 -72.10260 NaN NaN NaN 58.66718 -152.97502 7.81484 -27.20933 -207.79539 -73.46091
23460 1.65690 NaN NaN NaN 217.96648 -147.66704 28.56498 288.56851 -177.31496 -72.09685 NaN NaN NaN 58.46527 -153.08131 7.85184 -27.42027 -207.92210 -73.43258
23461 1.66525 NaN NaN NaN 218.05811 -147.77098 28.60991 288.54773 -177.35872 -72.09650 NaN NaN NaN 58.31099 -153.19432 7.86746 -27.60025 -208.03227 -73.41172
23462 1.67359 NaN NaN NaN 218.13040 -147.87688 28.68042 288.55991 -177.41893 -72.09324 NaN NaN NaN 58.19335 -153.36880 7.88911 -27.74566 -208.14383 -73.42964
23463 1.68194 NaN NaN NaN 218.15335 -147.96593 28.75504 288.53412 -177.45738 -72.09469 NaN NaN NaN 58.09985 -153.54379 7.93052 -27.82685 -208.26846 -73.47223
23464 1.69029 NaN NaN NaN 218.12560 -148.00992 28.78178 288.49197 -177.46062 -72.06874 NaN NaN NaN 57.99137 -153.74013 7.92050 -27.89802 -208.39876 -73.47897
23465 1.69863 NaN NaN NaN 218.01089 -147.99478 28.79569 288.43039 -177.45329 -71.98404 NaN NaN NaN 57.99961 -153.83092 7.84597 -27.99860 -208.53641 -73.40691
23466 1.70698 NaN NaN NaN 217.84535 -147.97263 28.78631 288.39883 -177.43053 -71.94051 NaN NaN NaN 58.07078 -153.83401 7.67600 -28.08977 -208.68112 -73.31447
23467 1.71532 NaN NaN NaN 217.68230 -147.91722 28.78009 288.35291 -177.46657 -71.85543 NaN NaN NaN 58.11522 -153.81421 7.46767 -28.18280 -208.80072 -73.26435
23468 1.72367 NaN NaN NaN 217.54904 -147.85635 28.75753 288.28357 -177.51659 -71.75325 NaN NaN NaN 58.13984 -153.77992 7.31968 -28.22782 -208.90451 -73.25228
23469 1.73202 NaN NaN NaN 217.39948 -147.80605 28.76723 288.18396 -177.58475 -71.65410 NaN NaN NaN 58.19377 -153.78697 7.16462 -28.27108 -208.99405 -73.28940
23470 1.74036 NaN NaN NaN 217.21017 -147.67851 28.79364 288.12283 -177.62509 -71.56557 NaN NaN NaN 58.30628 -153.77284 6.94745 -28.30302 -209.02582 -73.26159
23471 1.74871 NaN NaN NaN 216.98051 -147.53307 28.79499 288.06699 -177.64125 -71.43802 NaN NaN NaN 58.43671 -153.71376 6.76081 -28.36109 -209.03535 -73.16734
23472 1.75706 NaN NaN NaN 216.78316 -147.40546 28.79746 288.05930 -177.59372 -71.25359 NaN NaN NaN 58.56345 -153.60532 6.55917 -28.42701 -209.03212 -73.10030
23473 1.76540 NaN NaN NaN 216.59404 -147.23901 28.77419 288.02405 -177.51682 -71.12296 NaN NaN NaN 58.70912 -153.45245 6.34663 -28.45697 -209.05777 -73.01859
23474 1.77375 NaN NaN NaN 216.39803 -147.10593 28.74401 287.94125 -177.49496 -71.02090 NaN NaN NaN 58.82096 -153.27995 6.20339 -28.49201 -209.05132 -72.91608
23475 1.78210 NaN NaN NaN 216.24292 -146.96095 28.71697 287.85529 -177.51059 -70.95455 NaN NaN NaN 58.93579 -153.11115 5.99170 -28.52941 -209.05696 -72.86068
23476 1.79044 NaN NaN NaN 216.08594 -146.81705 28.70107 287.80716 -177.53926 -70.87818 NaN NaN NaN 59.05763 -152.92558 5.84304 -28.53414 -209.01039 -72.80263
23477 1.79879 NaN NaN NaN 215.95404 -146.69160 28.68428 287.79462 -177.56903 -70.79874 NaN NaN NaN 59.10172 -152.77397 5.69530 -28.55104 -208.93300 -72.76397
23478 1.80714 NaN NaN NaN 215.86349 -146.63896 28.68560 287.75589 -177.58310 -70.69223 NaN NaN NaN 59.12678 -152.67235 5.63839 -28.57425 -208.85196 -72.76880
23479 1.81548 NaN NaN NaN 215.77885 -146.56255 28.69253 287.72513 -177.53349 -70.63593 NaN NaN NaN 59.12596 -152.60724 5.58769 -28.59509 -208.77817 -72.77394
23480 1.82383 NaN NaN NaN 215.72536 -146.49295 28.69624 287.72757 -177.46364 -70.61012 NaN NaN NaN 59.14309 -152.56033 5.51110 -28.62604 -208.73909 -72.78409
23481 1.83218 NaN NaN NaN 215.71539 -146.43610 28.69908 287.72366 -177.40315 -70.60818 NaN NaN NaN 59.20201 -152.47131 5.39192 -28.68848 -208.71011 -72.75533
23482 1.84052 NaN NaN NaN 215.71654 -146.38132 28.69238 287.76346 -177.32011 -70.60490 NaN NaN NaN 59.22365 -152.35664 5.22141 -28.77027 -208.70053 -72.70542
23483 1.84887 NaN NaN NaN 215.74217 -146.33362 28.70790 287.78601 -177.24626 -70.60840 NaN NaN NaN 59.23678 -152.27718 5.12560 -28.83706 -208.67966 -72.67259
23484 1.85722 NaN NaN NaN 215.78362 -146.28880 28.71456 287.82260 -177.24767 -70.57321 NaN NaN NaN 59.24060 -152.24884 5.03016 -28.86779 -208.69957 -72.67736
23485 1.86556 NaN NaN NaN 215.85544 -146.28444 28.73182 287.85513 -177.18555 -70.59820 NaN NaN NaN 59.28191 -152.26506 4.95075 -28.89437 -208.74100 -72.66880
23486 1.87391 NaN NaN NaN 215.91724 -146.28435 28.74275 287.88248 -177.19743 -70.58772 NaN NaN NaN 59.32060 -152.27737 4.86996 -28.88256 -208.79884 -72.66402
23487 1.88226 NaN NaN NaN 215.97176 -146.26091 28.75054 287.88770 -177.15236 -70.62835 NaN NaN NaN 59.36436 -152.26927 4.82568 -28.89045 -208.83798 -72.62592
23488 1.89060 NaN NaN NaN 216.01115 -146.22253 28.74104 287.90097 -177.16023 -70.60077 NaN NaN NaN 59.38639 -152.27116 4.76689 -28.89037 -208.86919 -72.61273
23489 1.89895 NaN NaN NaN 216.04823 -146.15422 28.71450 287.91519 -177.15616 -70.62582 NaN NaN NaN 59.41572 -152.28853 4.69154 -28.90031 -208.94191 -72.64624
23490 1.90730 NaN NaN NaN 216.11823 -146.13080 28.71911 287.97830 -177.14217 -70.59983 NaN NaN NaN 59.45251 -152.29868 4.61482 -28.90992 -208.99504 -72.65752
23491 1.91564 NaN NaN NaN 216.18944 -146.10216 28.70721 288.05374 -177.10507 -70.65776 NaN NaN NaN 59.47369 -152.29268 4.51771 -28.90393 -209.04907 -72.67573
23492 1.92399 NaN NaN NaN 216.25900 -146.11450 28.70253 288.09872 -177.05615 -70.65084 NaN NaN NaN 59.52876 -152.30679 4.44675 -28.90827 -209.09235 -72.72021
23493 1.93234 NaN NaN NaN 216.32297 -146.13469 28.71247 288.11392 -177.06276 -70.69878 NaN NaN NaN 59.55159 -152.30876 4.33601 -28.88929 -209.14941 -72.75651
23494 1.94068 NaN NaN NaN 216.36504 -146.17267 28.69853 288.15674 -177.03088 -70.74498 NaN NaN NaN 59.60850 -152.30495 4.24237 -28.86755 -209.19609 -72.77687
23495 1.94903 NaN NaN NaN 216.43198 -146.21654 28.72711 288.16119 -177.01410 -70.78669 NaN NaN NaN 59.66251 -152.28400 4.13838 -28.85265 -209.23320 -72.82102
23496 1.95737 NaN NaN NaN 216.50175 -146.24567 28.70830 288.18207 -177.09082 -70.79264 NaN NaN NaN 59.69066 -152.24533 4.05708 -28.81450 -209.26460 -72.87082
23497 1.96572 NaN NaN NaN 216.56911 -146.30196 28.69035 288.21365 -177.10744 -70.86786 NaN NaN NaN 59.73661 -152.20361 4.01105 -28.72441 -209.22824 -72.95150
23498 1.97407 NaN NaN NaN 216.66306 -146.38910 28.67625 288.23248 -177.14662 -70.95208 NaN NaN NaN 59.79530 -152.19127 3.96618 -28.64863 -209.18173 -73.05631
23499 1.98241 NaN NaN NaN 216.75301 -146.49071 28.65197 288.25681 -177.14510 -71.04681 NaN NaN NaN 59.87152 -152.16580 3.89637 -28.61156 -209.10635 -73.15981
23500 1.99076 NaN NaN NaN 216.81123 -146.56964 28.65663 288.29352 -177.14809 -71.07987 NaN NaN NaN 59.91977 -152.14517 3.85233 -28.53542 -209.04208 -73.21138
23501 1.99911 NaN NaN NaN 216.87785 -146.66267 28.64116 288.31586 -177.14137 -71.15360 NaN NaN NaN 59.94391 -152.13115 3.88353 -28.43573 -209.02673 -73.26228
23502 2.00745 NaN NaN NaN 216.92180 -146.75697 28.64075 288.31558 -177.14542 -71.19299 NaN NaN NaN 59.95426 -152.17227 3.99915 -28.32377 -208.99686 -73.32344
23503 2.01580 NaN NaN NaN 216.96796 -146.84544 28.63782 288.31769 -177.14581 -71.25404 NaN NaN NaN 59.94930 -152.26186 4.20427 -28.20504 -208.93365 -73.40147
23504 2.02415 NaN NaN NaN 216.94070 -146.92520 28.63228 288.31305 -177.16362 -71.25240 NaN NaN NaN 59.93597 -152.43581 4.34559 -28.14538 -208.86493 -73.48804
23505 2.03249 NaN NaN NaN 216.79749 -146.91716 28.62070 288.29401 -177.16458 -71.25081 NaN NaN NaN 59.93368 -152.62968 4.44942 -28.09040 -208.82741 -73.62908
23506 2.04084 NaN NaN NaN 216.62181 -146.83826 28.56068 288.26703 -177.23804 -71.16779 NaN NaN NaN 59.88679 -152.88443 4.50896 -28.08140 -208.82475 -73.81390
23507 2.04919 NaN NaN NaN 216.41747 -146.75793 28.48545 288.23706 -177.29340 -71.09138 NaN NaN NaN 59.79639 -153.15651 4.55145 -28.12986 -208.83165 -74.01550
23508 2.05753 NaN NaN NaN 216.20712 -146.61867 28.38816 288.20828 -177.35797 -70.97945 NaN NaN NaN 59.65551 -153.47769 4.62578 -28.17490 -208.81859 -74.27358
23509 2.06588 NaN NaN NaN 216.06560 -146.50189 28.31953 288.17508 -177.38943 -70.92097 NaN NaN NaN 59.48206 -153.81294 4.74490 -28.17715 -208.81934 -74.54824
23510 2.07423 NaN NaN NaN 215.94289 -146.45856 28.28996 288.14978 -177.43250 -70.88853 NaN NaN NaN 59.28889 -154.14445 4.88496 -28.23459 -208.84900 -74.75054
23511 2.08257 NaN NaN NaN 215.88689 -146.47592 28.26174 288.14200 -177.45418 -70.89587 NaN NaN NaN 59.07507 -154.44662 5.08148 -28.26068 -208.85732 -74.95596
23512 2.09092 NaN NaN NaN 215.89476 -146.53143 28.24450 288.13763 -177.47192 -70.90036 NaN NaN NaN 58.90062 -154.71985 5.27803 -28.25780 -208.83104 -75.16621
23513 2.09927 NaN NaN NaN 215.91379 -146.60303 28.24752 288.14740 -177.52354 -70.92588 NaN NaN NaN 58.68964 -154.99274 5.44895 -28.23864 -208.82289 -75.42199
23514 2.10761 NaN NaN NaN 216.00725 -146.70892 28.26586 288.14572 -177.59375 -70.98773 NaN NaN NaN 58.49306 -155.24196 5.62490 -28.20984 -208.77768 -75.65102
23515 2.11596 NaN NaN NaN 216.11737 -146.81213 28.27806 288.12558 -177.61803 -71.05209 NaN NaN NaN 58.32430 -155.46860 5.78392 -28.18341 -208.72591 -75.90363
23516 2.12431 NaN NaN NaN 216.23193 -146.95627 28.32404 288.12299 -177.65219 -71.09145 NaN NaN NaN 58.19537 -155.63963 5.91465 -28.10906 -208.65952 -76.19614
23517 2.13265 NaN NaN NaN 216.34276 -147.06981 28.38468 288.12329 -177.68678 -71.18422 NaN NaN NaN 58.06197 -155.80136 6.02837 -28.01767 -208.55377 -76.49852
23518 2.14100 NaN NaN NaN 216.46831 -147.16202 28.42164 288.13217 -177.69061 -71.22813 NaN NaN NaN 57.95020 -155.89485 6.10244 -27.93396 -208.45944 -76.76362
23519 2.14935 NaN NaN NaN 216.59444 -147.22420 28.46360 288.13089 -177.64565 -71.34433 NaN NaN NaN 57.90831 -155.94008 6.13454 -27.81751 -208.32771 -76.99339
23520 2.15769 NaN NaN NaN 216.70564 -147.20230 28.48563 288.12619 -177.63646 -71.39868 NaN NaN NaN 57.88824 -155.92575 6.11974 -27.68095 -208.22192 -77.24162
23521 2.16604 NaN NaN NaN 216.81770 -147.12866 28.51690 288.10718 -177.57388 -71.47562 NaN NaN NaN 57.88076 -155.91451 6.14680 -27.53439 -208.09973 -77.50587
23522 2.17439 NaN NaN NaN 216.92725 -147.01515 28.59442 288.11093 -177.52594 -71.49147 NaN NaN NaN 57.87903 -155.86627 6.13210 -27.39610 -207.94504 -77.71518
23523 2.18273 NaN NaN NaN 217.03600 -146.82875 28.64363 288.09680 -177.45062 -71.46285 NaN NaN NaN 57.84595 -155.80870 6.14745 -27.27090 -207.76503 -77.80437
23524 2.19108 NaN NaN NaN 217.13383 -146.64751 28.69753 288.11670 -177.34621 -71.37956 NaN NaN NaN 57.83368 -155.73805 6.23910 -27.16724 -207.63885 -77.90940
23525 2.19943 NaN NaN NaN 217.32021 -146.48318 28.78400 288.13058 -177.27049 -71.40852 NaN NaN NaN 57.85764 -155.60960 6.41158 -27.02970 -207.49347 -77.91176
23526 2.20777 NaN NaN NaN 217.53650 -146.35487 28.94666 288.09351 -177.27090 -71.42336 NaN NaN NaN 57.88501 -155.43904 6.61593 -26.88440 -207.25333 -77.80930
23527 2.21612 NaN NaN NaN 217.72827 -146.21671 29.06942 288.03348 -177.27730 -71.43713 NaN NaN NaN 57.90742 -155.22604 6.94826 -26.69853 -207.08310 -77.68633
23528 2.22446 NaN NaN NaN 217.95395 -146.10477 29.12617 288.00616 -177.26376 -71.49504 NaN NaN NaN 57.88745 -154.96861 7.40097 -26.47486 -206.83017 -77.50496
23529 2.23281 NaN NaN NaN 218.13783 -145.93578 29.14291 287.97922 -177.30045 -71.53948 NaN NaN NaN 57.87917 -154.65810 7.93658 -26.23079 -206.50034 -77.17473
23530 2.24116 NaN NaN NaN 218.26517 -145.71298 29.09442 287.97165 -177.28525 -71.61713 NaN NaN NaN 57.84539 -154.27757 8.53967 -25.98148 -206.18935 -76.78705
23531 2.24950 NaN NaN NaN 218.33252 -145.33070 28.98760 287.89313 -177.23409 -71.65993 NaN NaN NaN 57.83417 -153.84521 9.27933 -25.66401 -205.76624 -76.33353
23532 2.25785 NaN NaN NaN 218.27721 -144.76959 28.85537 287.85764 -177.13406 -71.67617 NaN NaN NaN 57.83891 -153.37498 9.95873 -25.39695 -205.33939 -75.85756
23533 2.26620 NaN NaN NaN 218.00429 -143.88380 28.70375 287.79874 -177.01976 -71.46591 NaN NaN NaN 57.91165 -152.81305 10.63177 -25.15164 -204.84451 -75.37392
23534 2.27454 NaN NaN NaN 217.61800 -142.73616 28.54375 287.75974 -176.86385 -71.04108 NaN NaN NaN 57.99972 -152.14920 11.28420 -24.91989 -204.36909 -74.76439
23535 2.28289 NaN NaN NaN 217.21651 -141.45764 28.43937 287.67987 -176.73189 -70.50462 NaN NaN NaN 58.12569 -151.44438 11.92840 -24.61960 -203.87318 -74.11543
23536 2.29124 NaN NaN NaN 216.88080 -140.12666 28.45691 287.45993 -176.64415 -69.73314 NaN NaN NaN 58.19272 -150.67380 12.64322 -24.32580 -203.30807 -73.46646
23537 2.29958 NaN NaN NaN 216.64537 -138.75200 28.68251 286.97672 -176.78152 -68.77630 NaN NaN NaN 58.22909 -149.79980 13.31800 -23.98829 -202.69936 -72.93674
23538 2.30793 NaN NaN NaN 216.59097 -137.50761 29.06470 286.57233 -176.56747 -68.03555 NaN NaN NaN 58.22623 -148.86029 14.03332 -23.63396 -202.01607 -72.34930
23539 2.31628 NaN NaN NaN 216.83319 -136.49496 29.64092 286.29248 -176.03703 -67.58471 NaN NaN NaN 58.21427 -147.89774 14.83503 -23.29936 -201.27592 -71.66718
23540 2.32462 NaN NaN NaN 217.31789 -135.66302 30.35587 285.93924 -175.14626 -67.56384 NaN NaN NaN 58.16026 -146.83246 15.70933 -22.95913 -200.48219 -71.00902
23541 2.33297 NaN NaN NaN 218.10265 -135.06187 31.20942 285.51260 -173.85069 -67.97639 NaN NaN NaN 58.09613 -145.72092 16.64651 -22.66412 -199.68588 -70.23355
23542 2.34132 NaN NaN NaN 219.10928 -134.68861 32.15275 284.85986 -172.26865 -68.54406 NaN NaN NaN 58.05209 -144.48735 17.61016 -22.40910 -198.92653 -69.30722
23543 2.34966 NaN NaN NaN 220.16138 -134.40619 33.06038 283.99710 -170.68359 -69.25562 NaN NaN NaN 57.98075 -143.21078 18.62289 -22.19937 -198.21693 -68.20880
23544 2.35801 NaN NaN NaN 221.09747 -133.99904 33.96231 282.99475 -169.18832 -69.95569 NaN NaN NaN 57.89780 -141.83485 19.64419 -21.99826 -197.51764 -67.05148
23545 2.36636 NaN NaN NaN 221.96297 -133.45000 34.86996 282.06552 -167.59341 -70.44678 NaN NaN NaN 57.84365 -140.49910 20.66500 -21.84228 -196.83070 -65.72745
23546 2.37470 NaN NaN NaN 222.74867 -132.79347 35.76607 281.16672 -165.97728 -70.82525 NaN NaN NaN 57.82163 -139.09729 21.66835 -21.69373 -196.17715 -64.37941
23547 2.38305 NaN NaN NaN 223.38379 -132.02289 36.56378 280.35031 -164.32860 -71.02781 NaN NaN NaN 57.82574 -137.70313 22.66550 -21.57935 -195.55917 -62.93027
23548 2.39140 NaN NaN NaN 223.76817 -131.12042 37.34845 279.64655 -162.70926 -71.00468 NaN NaN NaN 57.79803 -136.29965 23.70377 -21.50377 -194.94772 -61.45217
23549 2.39974 NaN NaN NaN 223.93863 -129.95877 38.10316 279.10822 -161.25261 -70.87467 NaN NaN NaN 57.62039 -134.92120 24.91578 -21.37714 -194.33453 -60.06113
23550 2.40809 NaN NaN NaN 223.92206 -128.59569 38.74651 278.67236 -159.95076 -70.48666 NaN NaN NaN 57.32053 -133.71835 26.26826 -21.26162 -193.77214 -58.68150
23551 2.41644 NaN NaN NaN 223.77943 -127.15620 39.32101 278.24838 -158.82637 -70.00173 NaN NaN NaN 56.94031 -132.64644 27.61499 -21.14565 -193.17543 -57.48785
23552 2.42478 NaN NaN NaN 223.62231 -125.82447 39.80866 277.87119 -157.90758 -69.55136 NaN NaN NaN 56.50229 -131.63324 28.94751 -20.96906 -192.57375 -56.34937
23553 2.43313 NaN NaN NaN 223.49139 -124.66327 40.21250 277.50089 -157.01945 -69.21857 NaN NaN NaN 56.08327 -130.67889 30.25862 -20.78095 -192.04747 -55.29611
23554 2.44148 NaN NaN NaN 223.40269 -123.64216 40.60723 277.11777 -156.14949 -68.94218 NaN NaN NaN 55.64388 -129.75903 31.51226 -20.56638 -191.55957 -54.31533
23555 2.44982 NaN NaN NaN 223.33665 -122.83520 40.90082 276.73651 -155.36505 -68.84937 NaN NaN NaN 55.22722 -128.92906 32.69945 -20.27592 -191.10675 -53.46904
23556 2.45817 NaN NaN NaN 223.33867 -122.15681 41.11086 276.37057 -154.56505 -68.82729 NaN NaN NaN 54.79954 -128.21326 33.80568 -19.98685 -190.61842 -52.75153
23557 2.46651 NaN NaN NaN 223.38866 -121.64115 41.25805 276.02255 -153.77489 -68.94893 NaN NaN NaN 54.36424 -127.54584 34.84281 -19.70474 -190.16663 -52.28507
23558 2.47486 NaN NaN NaN 223.48827 -121.29919 41.34660 275.71423 -153.09918 -69.18562 NaN NaN NaN 53.89611 -126.98833 35.78991 -19.43718 -189.71698 -51.78056
23559 2.48321 NaN NaN NaN 223.61755 -121.02245 41.29914 275.48813 -152.51765 -69.45161 NaN NaN NaN 53.48003 -126.47512 36.70256 -19.23552 -189.30354 -51.48933
23560 2.49155 NaN NaN NaN 223.73145 -120.86632 41.17875 275.33212 -152.10973 -69.78458 NaN NaN NaN 53.06991 -126.02776 37.37539 -19.08964 -188.89459 -51.21640
23561 2.49990 NaN NaN NaN 223.84415 -120.83565 40.91782 275.31363 -151.86531 -70.12946 NaN NaN NaN 52.63422 -125.62952 37.89890 -19.01411 -188.51056 -50.97154
23562 2.50825 NaN NaN NaN 223.97046 -120.90125 40.63023 275.37558 -151.74461 -70.48168 NaN NaN NaN 52.23167 -125.27425 38.31323 -19.01957 -188.19955 -50.85308
23563 2.51659 NaN NaN NaN 224.02855 -120.99801 40.26427 275.61490 -151.79776 -70.75423 NaN NaN NaN 51.88062 -124.98298 38.65114 -19.05863 -187.92055 -50.82343
23564 2.52494 NaN NaN NaN 224.06146 -121.19472 39.87665 275.96121 -151.96089 -70.96648 NaN NaN NaN 51.57120 -124.76322 38.77591 -19.22662 -187.66231 -50.85224
23565 2.53329 NaN NaN NaN 224.09293 -121.40230 39.36460 276.41476 -152.23643 -71.17022 NaN NaN NaN 51.29865 -124.54041 38.76777 -19.42270 -187.41040 -50.95642
23566 2.54163 NaN NaN NaN 224.17780 -121.73884 38.88689 276.93530 -152.60893 -71.34438 NaN NaN NaN 51.02185 -124.36015 38.64054 -19.57929 -187.15015 -51.18180
23567 2.54998 NaN NaN NaN 224.32042 -122.22570 38.31659 277.52118 -153.07179 -71.67903 NaN NaN NaN 50.71781 -124.30426 38.43573 -19.73496 -186.84335 -51.72660
23568 2.55833 NaN NaN NaN 224.48743 -122.87376 37.77097 278.10956 -153.56726 -72.03251 NaN NaN NaN 50.40897 -124.40062 38.13753 -19.77770 -186.50449 -52.53150
23569 2.56667 NaN NaN NaN 224.75920 -123.62189 37.13387 278.65176 -154.00308 -72.56267 NaN NaN NaN 50.07570 -124.63364 37.74547 -19.76029 -186.07213 -53.61150
23570 2.57502 NaN NaN NaN 225.07437 -124.52616 36.47041 279.11386 -154.45534 -73.20954 NaN NaN NaN 49.85599 -124.95176 37.13004 -19.66729 -185.52849 -55.00513
23571 2.58337 NaN NaN NaN 225.45573 -125.55622 35.72473 279.53870 -154.81775 -73.99932 NaN NaN NaN 49.70316 -125.29034 36.35903 -19.51489 -184.97505 -56.59958
23572 2.59171 NaN NaN NaN 225.90202 -126.60687 35.04160 279.96140 -155.09860 -75.21589 NaN NaN NaN 49.66279 -125.56720 35.36726 -19.31799 -184.39214 -58.32461
23573 2.60006 NaN NaN NaN 226.35234 -127.64362 34.35958 280.22787 -155.18127 -76.38708 NaN NaN NaN 49.74316 -125.82330 34.19100 -19.04524 -183.79060 -60.22890
23574 2.60841 NaN NaN NaN 226.72908 -128.55170 33.80724 280.41382 -155.12787 -77.38384 NaN NaN NaN 49.94599 -126.08281 32.76018 -18.70242 -183.16600 -62.22870
23575 2.61675 NaN NaN NaN 227.01768 -129.31790 33.25509 280.54956 -154.98721 -78.21567 NaN NaN NaN 50.30381 -126.22534 31.08169 -18.31695 -182.60812 -64.23918
23576 2.62510 NaN NaN NaN 227.16615 -129.92201 32.83278 280.69153 -154.85132 -78.78535 NaN NaN NaN 50.82806 -126.21960 29.35425 -17.88749 -182.04953 -66.25821
23577 2.63345 NaN NaN NaN 227.21486 -130.41794 32.45074 280.88138 -154.89590 -79.16142 NaN NaN NaN 51.44317 -126.15614 27.52095 -17.34891 -181.46643 -68.27979
23578 2.64179 NaN NaN NaN 227.20192 -130.87376 32.22214 281.08374 -155.22849 -79.11588 NaN NaN NaN 52.09412 -126.01120 25.63882 -16.77184 -180.96233 -70.37377
23579 2.65014 NaN NaN NaN 227.17888 -131.33159 32.06473 281.22446 -155.46121 -79.32741 NaN NaN NaN 52.79072 -125.87644 23.78526 -16.18030 -180.35855 -72.42366
23580 2.65849 NaN NaN NaN 227.13608 -131.83534 31.96347 281.34531 -155.77185 -79.41383 NaN NaN NaN 53.51137 -125.78367 22.01941 -15.47675 -179.80487 -74.42905
23581 2.66683 NaN NaN NaN 227.07347 -132.28964 31.93039 281.46643 -156.03314 -79.41607 NaN NaN NaN 54.25778 -125.66831 20.27597 -14.79862 -179.29373 -76.29350
23582 2.67518 NaN NaN NaN 226.97887 -132.76527 31.89083 281.71185 -156.34390 -79.24046 NaN NaN NaN 55.06517 -125.60498 18.69495 -14.11771 -178.89528 -77.99380
23583 2.68353 NaN NaN NaN 226.86914 -133.20932 31.87724 281.87741 -156.67105 -79.06081 NaN NaN NaN 55.88144 -125.48060 17.21893 -13.43155 -178.61304 -79.44376
23584 2.69187 NaN NaN NaN 226.69981 -133.62704 31.86795 281.91428 -156.79427 -79.10301 NaN NaN NaN 56.71160 -125.37962 15.90955 -12.82951 -178.50014 -80.61301
23585 2.70022 NaN NaN NaN 226.51482 -134.07866 31.84354 281.91385 -156.93025 -79.12245 NaN NaN NaN 57.57259 -125.32084 14.75935 -12.25630 -178.54156 -81.55145
23586 2.70857 NaN NaN NaN 226.33336 -134.52068 31.80855 281.93243 -157.07309 -79.07588 NaN NaN NaN 58.46156 -125.35803 13.76010 -11.68035 -178.74271 -82.23645
23587 2.71691 NaN NaN NaN 226.16750 -134.94597 31.76912 282.04306 -157.37584 -78.92698 NaN NaN NaN 59.31650 -125.43037 12.89338 -11.14911 -179.02231 -82.76390
23588 2.72526 NaN NaN NaN 226.01772 -135.39072 31.64840 282.05545 -157.47743 -79.06911 NaN NaN NaN 60.09267 -125.67294 12.15913 -10.63630 -179.36905 -83.16677
23589 2.73360 NaN NaN NaN 225.87044 -135.80994 31.51317 282.07080 -157.70456 -79.23758 NaN NaN NaN 60.74339 -126.09459 11.57163 -10.20304 -179.76126 -83.70504
23590 2.74195 NaN NaN NaN 225.77818 -136.31198 31.34355 282.14603 -157.99294 -79.38931 NaN NaN NaN 61.34524 -126.70502 10.96904 -9.79180 -180.14702 -84.22631
23591 2.75030 NaN NaN NaN 225.79022 -136.87682 31.15460 282.27063 -158.22772 -79.60876 NaN NaN NaN 61.76927 -127.43005 10.48450 -9.42251 -180.55861 -84.88947
23592 2.75864 NaN NaN NaN 225.90791 -137.44333 30.99900 282.41580 -158.40147 -79.85046 NaN NaN NaN 62.05100 -128.29718 10.09054 -9.08294 -180.92104 -85.52676
23593 2.76699 NaN NaN NaN 226.08305 -138.03027 30.90050 282.53079 -158.64532 -79.96424 NaN NaN NaN 62.25909 -129.31105 9.73354 -8.83505 -181.38589 -86.17191
23594 2.77534 NaN NaN NaN 226.31573 -138.58934 30.85279 282.61795 -158.98013 -80.04604 NaN NaN NaN 62.35477 -130.32281 9.48477 -8.61812 -181.88109 -86.79404
23595 2.78368 NaN NaN NaN 226.53217 -139.17870 30.82015 282.79559 -159.33556 -80.22455 NaN NaN NaN 62.36480 -131.32196 9.35111 -8.48455 -182.48047 -87.21341
23596 2.79203 NaN NaN NaN 226.80678 -139.74033 30.81458 282.92014 -159.68526 -80.32677 NaN NaN NaN 62.30935 -132.33510 9.29230 -8.38035 -183.10922 -87.61071
23597 2.80038 NaN NaN NaN 227.08142 -140.30986 30.79774 283.05399 -159.95071 -80.39824 NaN NaN NaN 62.19979 -133.32260 9.35332 -8.29147 -183.78767 -87.79647
23598 2.80872 NaN NaN NaN 227.28561 -140.86702 30.81249 283.17416 -160.17529 -80.44606 NaN NaN NaN 61.99801 -134.25354 9.56594 -8.27822 -184.39995 -87.92055
23599 2.81707 NaN NaN NaN 227.52083 -141.37338 30.83820 283.25552 -160.34462 -80.41617 NaN NaN NaN 61.73905 -135.16293 9.83789 -8.27107 -184.99911 -87.96404
23600 2.82542 NaN NaN NaN 227.75319 -141.81769 30.82913 283.35501 -160.46992 -80.42046 NaN NaN NaN 61.49927 -136.00595 10.21315 -8.30675 -185.59148 -87.90778
23601 2.83376 NaN NaN NaN 227.98135 -142.19313 30.83458 283.44714 -160.49707 -80.60773 NaN NaN NaN 61.19365 -136.73433 10.62060 -8.38075 -186.12959 -87.79293
23602 2.84211 NaN NaN NaN 228.18195 -142.56177 30.85940 283.52386 -160.59915 -80.65466 NaN NaN NaN 60.82418 -137.42436 11.04576 -8.47656 -186.66145 -87.63282
23603 2.85046 NaN NaN NaN 228.35779 -142.94225 30.85936 283.63977 -160.82390 -80.65240 NaN NaN NaN 60.44388 -138.04587 11.52328 -8.54589 -187.08376 -87.45791
23604 2.85880 NaN NaN NaN 228.55846 -143.31631 30.91928 283.76740 -160.88538 -80.83920 NaN NaN NaN 60.05701 -138.59688 12.00932 -8.60883 -187.38194 -87.22907
23605 2.86715 NaN NaN NaN 228.76488 -143.65286 30.95428 283.85043 -160.98639 -80.91774 NaN NaN NaN 59.65707 -139.03149 12.57476 -8.72535 -187.65616 -86.98615
23606 2.87550 NaN NaN NaN 228.95935 -143.95419 30.98131 283.89764 -161.05978 -80.99645 NaN NaN NaN 59.26606 -139.36147 13.10040 -8.88355 -187.90273 -86.66891
23607 2.88384 NaN NaN NaN 229.12917 -144.21497 31.02349 283.98447 -161.08257 -81.08130 NaN NaN NaN 58.89128 -139.58688 13.55923 -9.06329 -188.15907 -86.33533
23608 2.89219 NaN NaN NaN 229.28438 -144.44972 31.07177 284.04895 -161.09856 -81.11185 NaN NaN NaN 58.52355 -139.73480 14.06104 -9.21155 -188.47240 -85.95595
23609 2.90054 NaN NaN NaN 229.44174 -144.66560 31.09899 284.10150 -161.12004 -81.08742 NaN NaN NaN 58.14243 -139.82860 14.48402 -9.40952 -188.80231 -85.53683
23610 2.90888 NaN NaN NaN 229.56512 -144.83357 31.14307 284.18350 -161.17944 -81.06699 NaN NaN NaN 57.80372 -139.88130 14.90815 -9.68501 -189.06390 -85.07414
23611 2.91723 NaN NaN NaN 229.68242 -144.95485 31.17225 284.24976 -161.26848 -81.03487 NaN NaN NaN 57.47723 -139.88760 15.25296 -9.99112 -189.32242 -84.61130
23612 2.92558 NaN NaN NaN 229.79387 -145.07793 31.24032 284.29205 -161.33566 -80.99593 NaN NaN NaN 57.13643 -139.85060 15.50156 -10.32455 -189.63808 -84.16011
23613 2.93392 NaN NaN NaN 229.87959 -145.16478 31.30241 284.31125 -161.39926 -80.96133 NaN NaN NaN 56.81978 -139.74530 15.74025 -10.71198 -189.96692 -83.69887
23614 2.94227 NaN NaN NaN 229.94635 -145.20815 31.34276 284.34799 -161.47557 -80.89109 NaN NaN NaN 56.52554 -139.61638 15.99986 -11.07510 -190.28419 -83.17634
23615 2.95062 NaN NaN NaN 230.01430 -145.25526 31.36183 284.36804 -161.51057 -80.91147 NaN NaN NaN 56.29801 -139.50536 16.17287 -11.51304 -190.63570 -82.66413
23616 2.95896 NaN NaN NaN 230.08156 -145.34344 31.42565 284.36633 -161.52325 -80.90263 NaN NaN NaN 56.05560 -139.34496 16.33979 -12.00238 -190.99684 -82.07041
23617 2.96731 NaN NaN NaN 230.13638 -145.42677 31.48052 284.36041 -161.49677 -80.89549 NaN NaN NaN 55.78635 -139.22462 16.50931 -12.47775 -191.43126 -81.47102
23618 2.97565 NaN NaN NaN 230.17085 -145.49246 31.50939 284.35013 -161.47949 -80.89419 NaN NaN NaN 55.48063 -139.07784 16.68961 -12.95383 -191.78545 -80.85181
23619 2.98400 NaN NaN NaN 230.18358 -145.55159 31.53418 284.32727 -161.46657 -80.90943 NaN NaN NaN 55.19478 -138.96574 16.94425 -13.40222 -192.09193 -80.23985
23620 2.99235 NaN NaN NaN 230.13744 -145.54797 31.53032 284.30060 -161.45801 -80.91277 NaN NaN NaN 54.87013 -138.83083 17.16262 -13.83974 -192.39691 -79.72969
23621 3.00069 NaN NaN NaN 230.05875 -145.50713 31.51764 284.23959 -161.39972 -80.95922 NaN NaN NaN 54.54895 -138.77289 17.36927 -14.32676 -192.66997 -79.18720
23622 3.00904 NaN NaN NaN 229.95555 -145.44301 31.52679 284.17157 -161.36307 -80.97633 NaN NaN NaN 54.22155 -138.71780 17.62661 -14.80043 -192.95132 -78.69852
23623 3.01739 NaN NaN NaN 229.86076 -145.35472 31.51525 284.10452 -161.31116 -81.01508 NaN NaN NaN 53.89515 -138.69263 17.88085 -15.26066 -193.17673 -78.16772
23624 3.02573 NaN NaN NaN 229.73299 -145.24622 31.49983 284.02945 -161.13412 -81.03367 NaN NaN NaN 53.52847 -138.71951 18.07661 -15.72925 -193.42862 -77.77209
23625 3.03408 NaN NaN NaN 229.56548 -145.10727 31.50210 283.93857 -160.95007 -81.00540 NaN NaN NaN 53.12112 -138.77815 18.24856 -16.19217 -193.69786 -77.47891
23626 3.04243 NaN NaN NaN 229.42424 -144.95952 31.52672 283.83954 -160.74831 -80.97607 NaN NaN NaN 52.74023 -138.86401 18.38917 -16.65200 -193.91574 -77.23017
23627 3.05077 NaN NaN NaN 229.31799 -144.83479 31.56006 283.76361 -160.57538 -80.85212 NaN NaN NaN 52.29702 -138.96931 18.55842 -17.13689 -194.16008 -76.93803
23628 3.05912 NaN NaN NaN 229.23257 -144.71251 31.62926 283.71609 -160.48119 -80.73950 NaN NaN NaN 51.87700 -139.17023 18.67515 -17.61919 -194.38182 -76.73050
23629 3.06747 NaN NaN NaN 229.16342 -144.56268 31.64617 283.64795 -160.42055 -80.61472 NaN NaN NaN 51.43302 -139.37648 18.82061 -18.06778 -194.55309 -76.59315
23630 3.07581 NaN NaN NaN 229.10376 -144.44402 31.74109 283.58188 -160.30983 -80.61143 NaN NaN NaN 50.96926 -139.61214 18.92320 -18.54438 -194.75438 -76.50982
23631 3.08416 NaN NaN NaN 229.07707 -144.36626 31.79711 283.48846 -160.27663 -80.54876 NaN NaN NaN 50.51143 -139.89804 19.03226 -19.04670 -194.94650 -76.45969
23632 3.09251 NaN NaN NaN 229.04510 -144.26233 31.84850 283.42685 -160.20277 -80.54008 NaN NaN NaN 50.02833 -140.21834 19.09332 -19.55912 -195.18501 -76.39250
23633 3.10085 NaN NaN NaN 229.02882 -144.14601 31.88845 283.35031 -160.15851 -80.50653 NaN NaN NaN 49.56085 -140.55022 19.15256 -20.07514 -195.42375 -76.32459
23634 3.10920 NaN NaN NaN 228.99895 -144.07623 31.92421 283.31625 -160.08508 -80.48907 NaN NaN NaN 49.14394 -140.91815 19.22770 -20.62953 -195.68063 -76.22408
23635 3.11755 NaN NaN NaN 229.00690 -144.00909 31.94057 283.31567 -160.02895 -80.48191 NaN NaN NaN 48.73544 -141.26726 19.26134 -21.17919 -196.01114 -76.05673
23636 3.12589 NaN NaN NaN 229.02415 -143.92726 31.95567 283.30789 -159.92337 -80.48116 NaN NaN NaN 48.33278 -141.58379 19.29989 -21.78986 -196.35060 -75.93732
23637 3.13424 NaN NaN NaN 229.06491 -143.86615 31.96253 283.29828 -159.84190 -80.49966 NaN NaN NaN 47.91858 -141.92430 19.34458 -22.32664 -196.68771 -75.81512
23638 3.14259 NaN NaN NaN 229.12834 -143.80965 31.98282 283.30936 -159.76491 -80.51487 NaN NaN NaN 47.51851 -142.25481 19.35771 -22.85781 -196.98212 -75.71461
23639 3.15093 NaN NaN NaN 229.18716 -143.77133 31.98007 283.33383 -159.72263 -80.52645 NaN NaN NaN 47.13280 -142.55676 19.39256 -23.31769 -197.22472 -75.64278
23640 3.15928 NaN NaN NaN 229.25984 -143.75285 32.01631 283.36560 -159.70215 -80.52666 NaN NaN NaN 46.76696 -142.85040 19.39494 -23.76582 -197.45473 -75.61623
23641 3.16763 NaN NaN NaN 229.34453 -143.75267 32.03739 283.39560 -159.68849 -80.52065 NaN NaN NaN 46.40044 -143.11110 19.43454 -24.12678 -197.60243 -75.62653
23642 3.17597 NaN NaN NaN 229.42790 -143.77673 32.07362 283.42517 -159.70499 -80.50334 NaN NaN NaN 46.10188 -143.29671 19.42406 -24.46563 -197.73759 -75.62428
23643 3.18432 NaN NaN NaN 229.49852 -143.78929 32.09731 283.43375 -159.69449 -80.54768 NaN NaN NaN 45.90010 -143.45247 19.45606 -24.76623 -197.82501 -75.60941
23644 3.19267 NaN NaN NaN 229.53494 -143.77295 32.12502 283.45782 -159.69803 -80.54883 NaN NaN NaN 45.72398 -143.53104 19.45408 -25.01897 -197.94940 -75.56993
23645 3.20101 NaN NaN NaN 229.55934 -143.71362 32.15463 283.44882 -159.62639 -80.56316 NaN NaN NaN 45.55724 -143.58640 19.40494 -25.24746 -198.00685 -75.52180
23646 3.20936 NaN NaN NaN 229.58275 -143.63510 32.17804 283.44531 -159.55460 -80.56351 NaN NaN NaN 45.43326 -143.58836 19.36522 -25.48073 -198.11073 -75.43925
23647 3.21771 NaN NaN NaN 229.63492 -143.57851 32.20265 283.45105 -159.48671 -80.57640 NaN NaN NaN 45.33901 -143.52542 19.32699 -25.70953 -198.17812 -75.32322
23648 3.22605 NaN NaN NaN 229.68672 -143.49942 32.22295 283.48251 -159.42291 -80.57932 NaN NaN NaN 45.26163 -143.40134 19.31686 -25.89778 -198.26532 -75.12598
23649 3.23440 NaN NaN NaN 229.75186 -143.42413 32.24325 283.52682 -159.40121 -80.52150 NaN NaN NaN 45.20309 -143.27135 19.31526 -26.08523 -198.34239 -74.83770
23650 3.24274 NaN NaN NaN 229.81248 -143.39401 32.24200 283.56216 -159.40968 -80.47927 NaN NaN NaN 45.14900 -143.13899 19.29056 -26.33001 -198.47418 -74.56528
23651 3.25109 NaN NaN NaN 229.89459 -143.34570 32.26504 283.60001 -159.48183 -80.43931 NaN NaN NaN 45.08181 -143.03482 19.26866 -26.53135 -198.64764 -74.29514
23652 3.25944 NaN NaN NaN 229.97649 -143.28758 32.28427 283.61606 -159.55180 -80.42688 NaN NaN NaN 45.03570 -142.89276 19.25314 -26.74341 -198.83086 -73.99947
23653 3.26778 NaN NaN NaN 230.07784 -143.20796 32.30386 283.63852 -159.59761 -80.42866 NaN NaN NaN 45.00024 -142.80579 19.22579 -26.98363 -198.99883 -73.71021
23654 3.27613 NaN NaN NaN 230.14900 -143.15559 32.34967 283.65265 -159.63959 -80.41433 NaN NaN NaN 44.96064 -142.73874 19.22121 -27.24864 -199.15283 -73.48314
23655 3.28448 NaN NaN NaN 230.25352 -143.04593 32.37044 283.65521 -159.62607 -80.41584 NaN NaN NaN 44.88994 -142.68854 19.20987 -27.44708 -199.31349 -73.27882
23656 3.29282 NaN NaN NaN 230.38988 -142.99008 32.42274 283.67096 -159.60393 -80.40943 NaN NaN NaN 44.81960 -142.68784 19.22466 -27.61942 -199.45071 -73.14751
23657 3.30117 NaN NaN NaN 230.48515 -142.94920 32.45985 283.69879 -159.53688 -80.41683 NaN NaN NaN 44.75535 -142.75323 19.22351 -27.77238 -199.52740 -73.08400
23658 3.30952 NaN NaN NaN 230.57730 -142.93616 32.50707 283.72202 -159.48705 -80.43214 NaN NaN NaN 44.68322 -142.87289 19.21220 -27.84661 -199.61929 -73.04765
23659 3.31786 NaN NaN NaN 230.64706 -142.95122 32.53592 283.73135 -159.42389 -80.46412 NaN NaN NaN 44.66838 -142.97813 19.15573 -27.92071 -199.68803 -73.08417
23660 3.32621 NaN NaN NaN 230.71788 -143.00662 32.56434 283.74307 -159.40628 -80.48939 NaN NaN NaN 44.70041 -143.09833 19.07506 -27.94303 -199.74776 -73.14790
23661 3.33456 NaN NaN NaN 230.80968 -143.11108 32.59181 283.73398 -159.45343 -80.47498 NaN NaN NaN 44.79450 -143.20552 18.93315 -27.92569 -199.83008 -73.23028
23662 3.34290 NaN NaN NaN 230.89409 -143.22519 32.58933 283.74185 -159.52736 -80.42783 NaN NaN NaN 44.91047 -143.35178 18.76242 -27.87792 -199.90732 -73.34106
23663 3.35125 NaN NaN NaN 230.98499 -143.42041 32.59516 283.73932 -159.63187 -80.39455 NaN NaN NaN 45.02406 -143.48128 18.61521 -27.80309 -199.98523 -73.42857
23664 3.35960 NaN NaN NaN 231.07237 -143.66548 32.60057 283.78955 -159.87129 -80.38765 NaN NaN NaN 45.19529 -143.59320 18.42569 -27.71672 -200.12335 -73.55264
23665 3.36794 NaN NaN NaN 231.15382 -143.92662 32.56847 283.81998 -160.07004 -80.38723 NaN NaN NaN 45.36538 -143.69254 18.24309 -27.69220 -200.29521 -73.68084
23666 3.37629 NaN NaN NaN 231.23772 -144.17633 32.53941 283.82770 -160.19025 -80.38972 NaN NaN NaN 45.55100 -143.78812 18.02315 -27.63508 -200.42230 -73.74364
23667 3.38464 NaN NaN NaN 231.31068 -144.36964 32.51098 283.84424 -160.33018 -80.39236 NaN NaN NaN 45.73215 -143.87714 17.80223 -27.58217 -200.52022 -73.87698
23668 3.39298 NaN NaN NaN 231.36441 -144.52238 32.48540 283.87726 -160.40216 -80.40320 NaN NaN NaN 45.87394 -143.96185 17.65347 -27.52295 -200.61644 -73.94723
23669 3.40133 NaN NaN NaN 231.42839 -144.64417 32.44237 283.90015 -160.42113 -80.45451 NaN NaN NaN 46.02920 -144.09152 17.58626 -27.44576 -200.72322 -74.00078
23670 3.40968 NaN NaN NaN 231.49060 -144.74312 32.39627 283.94266 -160.44292 -80.51615 NaN NaN NaN 46.15832 -144.24017 17.49274 -27.38923 -200.85345 -74.05035
23671 3.41802 NaN NaN NaN 231.54785 -144.78819 32.38586 283.99222 -160.48096 -80.56066 NaN NaN NaN 46.28317 -144.35014 17.42844 -27.33870 -200.96227 -74.08128
23672 3.42637 NaN NaN NaN 231.59146 -144.79507 32.36794 283.98331 -160.57683 -80.59427 NaN NaN NaN 46.39551 -144.44263 17.35804 -27.26744 -201.04803 -74.09017
23673 3.43472 NaN NaN NaN 231.59793 -144.76799 32.35667 284.08112 -160.47508 -80.85336 NaN NaN NaN 46.50679 -144.54956 17.29370 -27.14423 -201.16545 -74.13081
23674 3.44306 NaN NaN NaN 231.58080 -144.68355 32.32405 284.11063 -160.45178 -80.90558 NaN NaN NaN 46.65247 -144.64523 17.26585 -26.99094 -201.28113 -74.18168
23675 3.45141 NaN NaN NaN 231.54784 -144.58621 32.30240 284.07526 -160.44553 -80.71577 NaN NaN NaN 46.84427 -144.66812 17.11532 -26.83338 -201.35170 -74.26205
23676 3.45976 NaN NaN NaN 231.47351 -144.45477 32.26556 284.07205 -160.41170 -80.65303 NaN NaN NaN 47.06718 -144.71564 16.90644 -26.63223 -201.46405 -74.38776
23677 3.46810 NaN NaN NaN 231.34756 -144.34099 32.22715 284.10611 -160.43327 -80.55935 NaN NaN NaN 47.30096 -144.77367 16.69904 -26.43739 -201.49344 -74.55394
23678 3.47645 NaN NaN NaN 231.20842 -144.15468 32.17551 284.18414 -160.58160 -80.38684 NaN NaN NaN 47.55854 -144.80638 16.45415 -26.22041 -201.53026 -74.77202
23679 3.48479 NaN NaN NaN 231.07124 -143.99329 32.15626 284.18185 -160.62044 -80.40717 NaN NaN NaN 47.86561 -144.79704 16.19642 -25.99644 -201.55461 -74.99107
23680 3.49314 NaN NaN NaN 230.96332 -143.86850 32.10521 284.23633 -160.70770 -80.39111 NaN NaN NaN 48.18010 -144.81221 15.88093 -25.74961 -201.60318 -75.18130
23681 3.50149 NaN NaN NaN 230.83110 -143.71394 32.06293 284.23578 -160.76410 -80.26369 NaN NaN NaN 48.50336 -144.82878 15.57871 -25.52957 -201.65285 -75.41635
23682 3.50983 NaN NaN NaN 230.70830 -143.60692 32.02613 284.22937 -160.68358 -80.36520 NaN NaN NaN 48.81804 -144.81010 15.28871 -25.31573 -201.68567 -75.59356
23683 3.51818 NaN NaN NaN 230.57036 -143.52477 31.97754 284.26669 -160.73344 -80.31287 NaN NaN NaN 49.11485 -144.79558 14.97959 -25.04666 -201.74678 -75.77864
23684 3.52653 NaN NaN NaN 230.44711 -143.51036 31.93549 284.22876 -160.64639 -80.34779 NaN NaN NaN 49.40996 -144.87570 14.72289 -24.83791 -201.76727 -76.00019
23685 3.53487 NaN NaN NaN 230.37123 -143.51572 31.87167 284.27353 -160.69339 -80.31828 NaN NaN NaN 49.67088 -144.95271 14.53278 -24.66507 -201.76225 -76.26292
23686 3.54322 NaN NaN NaN 230.28021 -143.56985 31.82103 284.26547 -160.62541 -80.41920 NaN NaN NaN 49.88321 -145.05455 14.37963 -24.46471 -201.74770 -76.47594
23687 3.55157 NaN NaN NaN 230.24474 -143.65004 31.77320 284.27716 -160.71881 -80.29009 NaN NaN NaN 50.06958 -145.17451 14.28386 -24.23845 -201.75745 -76.63557
23688 3.55991 NaN NaN NaN 230.22513 -143.76067 31.75646 284.26016 -160.80704 -80.23926 NaN NaN NaN 50.21765 -145.23825 14.20714 -24.05475 -201.74925 -76.73299
23689 3.56826 NaN NaN NaN 230.21193 -143.87292 31.74363 284.28079 -160.88786 -80.32841 NaN NaN NaN 50.32337 -145.33449 14.11728 -23.87086 -201.75380 -76.87183
23690 3.57661 NaN NaN NaN 230.21872 -143.99884 31.75066 284.22467 -161.04065 -80.22323 NaN NaN NaN 50.45472 -145.40652 14.09336 -23.73501 -201.75101 -77.01762
23691 3.58495 NaN NaN NaN 230.19746 -144.14304 31.74475 284.20056 -160.97141 -80.33546 NaN NaN NaN 50.50468 -145.49094 14.11893 -23.62120 -201.70723 -77.18143
23692 3.59330 NaN NaN NaN 230.19615 -144.29567 31.76005 284.22473 -160.99240 -80.29915 NaN NaN NaN 50.57449 -145.58147 14.23089 -23.42140 -201.58804 -77.35191
23693 3.60165 NaN NaN NaN 230.16081 -144.40701 31.77091 284.20151 -160.92076 -80.40343 NaN NaN NaN 50.71333 -145.64383 14.35779 -23.17727 -201.44896 -77.48840
23694 3.60999 NaN NaN NaN 230.09668 -144.51753 31.76837 284.20245 -160.90591 -80.33015 NaN NaN NaN 50.89425 -145.68094 14.47895 -22.85270 -201.25029 -77.59375
23695 3.61834 NaN NaN NaN 229.96947 -144.54836 31.74529 284.16019 -161.00891 -80.26191 NaN NaN NaN 51.12654 -145.69780 14.52097 -22.52958 -201.05469 -77.77079
23696 3.62669 NaN NaN NaN 229.84897 -144.55365 31.73604 284.09024 -161.10069 -80.20315 NaN NaN NaN 51.36192 -145.69832 14.53892 -22.17970 -200.78845 -77.93296
23697 3.63503 NaN NaN NaN 229.65750 -144.54921 31.71406 284.01187 -161.21964 -80.20086 NaN NaN NaN 51.58742 -145.71622 14.48923 -21.82285 -200.50877 -78.19775
23698 3.64338 NaN NaN NaN 229.44157 -144.48103 31.65442 283.92371 -161.22310 -80.17912 NaN NaN NaN 51.77852 -145.74197 14.44045 -21.50854 -200.29117 -78.49908
23699 3.65173 NaN NaN NaN 229.27066 -144.38930 31.59957 283.92191 -161.17557 -80.25460 NaN NaN NaN 51.99109 -145.72426 14.34375 -21.25561 -200.12364 -78.77227
23700 3.66007 NaN NaN NaN 229.14874 -144.31877 31.56307 283.91684 -161.14027 -80.20535 NaN NaN NaN 52.19913 -145.59821 14.27063 -20.98779 -199.97409 -78.86165
23701 3.66842 NaN NaN NaN 229.06075 -144.26198 31.52549 283.93741 -161.06978 -80.23746 NaN NaN NaN 52.41555 -145.40265 14.16666 -20.78063 -199.86856 -78.89165
23702 3.67677 NaN NaN NaN 229.02628 -144.23976 31.51237 283.93402 -161.01967 -80.25276 NaN NaN NaN 52.59913 -145.19083 14.14205 -20.60270 -199.78842 -78.89322
23703 3.68511 NaN NaN NaN 229.00143 -144.22379 31.50072 283.91025 -160.98033 -80.27032 NaN NaN NaN 52.70382 -145.03874 14.13439 -20.45907 -199.65448 -78.94723
23704 3.69346 NaN NaN NaN 228.99551 -144.22957 31.49262 283.86926 -160.97458 -80.22868 NaN NaN NaN 52.76710 -144.94737 14.16702 -20.26357 -199.49777 -79.02229
23705 3.70181 NaN NaN NaN 228.98482 -144.22968 31.49406 283.76889 -161.00468 -80.18448 NaN NaN NaN 52.79881 -144.91335 14.18066 -20.10103 -199.31686 -79.13569
23706 3.71015 NaN NaN NaN 228.94875 -144.21809 31.48081 283.76163 -161.00209 -80.17384 NaN NaN NaN 52.82817 -144.88496 14.19136 -19.98869 -199.16917 -79.24711
23707 3.71850 NaN NaN NaN 228.90099 -144.21109 31.47191 283.74579 -161.03165 -80.21626 NaN NaN NaN 52.87917 -144.81384 14.19536 -19.88394 -199.00156 -79.35873
23708 3.72685 NaN NaN NaN 228.82936 -144.21312 31.47375 283.71912 -161.06810 -80.21700 NaN NaN NaN 52.95667 -144.73241 14.16082 -19.78473 -198.80951 -79.46839
23709 3.73519 NaN NaN NaN 228.76234 -144.21562 31.45149 283.69644 -161.07339 -80.19317 NaN NaN NaN 53.06511 -144.61081 14.07942 -19.68974 -198.63161 -79.56553
23710 3.74354 NaN NaN NaN 228.68892 -144.20892 31.46578 283.67712 -161.07747 -80.16169 NaN NaN NaN 53.19270 -144.42133 13.95240 -19.56977 -198.44662 -79.64213
23711 3.75188 NaN NaN NaN 228.61569 -144.17596 31.47437 283.64560 -161.07262 -80.14130 NaN NaN NaN 53.33258 -144.14699 13.78901 -19.45766 -198.27647 -79.71490
23712 3.76023 NaN NaN NaN 228.52216 -144.08749 31.47130 283.64963 -161.02113 -80.15113 NaN NaN NaN 53.55729 -143.84174 13.63586 -19.37825 -198.11113 -79.77261
23713 3.76858 NaN NaN NaN 228.44925 -144.00102 31.49636 283.64282 -160.90895 -80.16145 NaN NaN NaN 53.73992 -143.51881 13.49203 -19.25464 -197.93556 -79.78961
23714 3.77692 NaN NaN NaN 228.37657 -143.91072 31.51400 283.61234 -160.83737 -80.12888 NaN NaN NaN 53.94027 -143.17946 13.29101 -19.11747 -197.77806 -79.81964
23715 3.78527 NaN NaN NaN 228.30737 -143.79582 31.51536 283.59073 -160.77022 -80.10188 NaN NaN NaN 54.12038 -142.88533 13.08425 -18.96434 -197.56259 -79.85963
23716 3.79362 NaN NaN NaN 228.22585 -143.63693 31.49741 283.57660 -160.59248 -80.18208 NaN NaN NaN 54.32804 -142.56125 12.94333 -18.78595 -197.35573 -79.87913
23717 3.80196 NaN NaN NaN 228.15187 -143.47876 31.47323 283.64154 -160.60890 -80.09077 NaN NaN NaN 54.56915 -142.28055 12.86494 -18.58213 -197.13948 -79.91918
23718 3.81031 NaN NaN NaN 228.09433 -143.35052 31.43637 283.63782 -160.50156 -80.14729 NaN NaN NaN 54.86070 -141.99156 12.74845 -18.39418 -196.96220 -79.95803
23719 3.81866 NaN NaN NaN 228.03461 -143.23897 31.41971 283.63388 -160.38904 -80.21810 NaN NaN NaN 55.16157 -141.68201 12.57763 -18.19481 -196.79544 -79.96985
23720 3.82700 NaN NaN NaN 227.95583 -143.07376 31.39064 283.62653 -160.30502 -80.22546 NaN NaN NaN 55.44009 -141.41107 12.38422 -17.98325 -196.65573 -79.97335
23721 3.83535 NaN NaN NaN 227.90901 -142.92805 31.37301 283.64923 -160.23141 -80.25404 NaN NaN NaN 55.64381 -141.14267 12.21608 -17.79445 -196.51854 -80.02679
23722 3.84370 NaN NaN NaN 227.86787 -142.71562 31.34388 283.68469 -160.18761 -80.24947 NaN NaN NaN 55.86171 -140.96617 12.12645 -17.60250 -196.36610 -80.12641
23723 3.85204 NaN NaN NaN 227.83026 -142.49808 31.29959 283.73148 -160.13428 -80.20744 NaN NaN NaN 55.99959 -140.82677 12.02697 -17.46014 -196.20216 -80.21667
23724 3.86039 NaN NaN NaN 227.81041 -142.31871 31.27965 283.74362 -160.21255 -79.92346 NaN NaN NaN 56.16542 -140.73242 11.94976 -17.33571 -196.06184 -80.28147
23725 3.86874 NaN NaN NaN 227.80255 -142.19922 31.26409 283.79922 -160.20259 -80.04329 NaN NaN NaN 56.27936 -140.65887 11.90017 -17.22219 -195.96144 -80.30532
23726 3.87708 NaN NaN NaN 227.83693 -142.11642 31.25953 283.93900 -160.06372 -80.09120 NaN NaN NaN 56.42950 -140.58484 11.84793 -17.13867 -195.87590 -80.30756
23727 3.88543 NaN NaN NaN 227.91412 -142.07347 31.24723 283.91599 -160.04765 -80.17490 NaN NaN NaN 56.53695 -140.45967 11.79061 -17.09888 -195.85364 -80.29843
23728 3.89378 NaN NaN NaN 227.99515 -142.03239 31.22735 283.94293 -159.97659 -80.22741 NaN NaN NaN 56.61633 -140.32375 11.77056 -17.04177 -195.84607 -80.28885
23729 3.90212 NaN NaN NaN 228.09135 -142.03717 31.22178 283.95691 -159.92751 -80.27572 NaN NaN NaN 56.64154 -140.24606 11.79969 -16.97164 -195.82889 -80.27135
23730 3.91047 NaN NaN NaN 228.15898 -142.06964 31.19986 283.97614 -159.92728 -80.26752 NaN NaN NaN 56.63678 -140.23810 11.85119 -16.91383 -195.78458 -80.25898
23731 3.91882 NaN NaN NaN 228.21712 -142.09503 31.17923 283.98248 -159.92648 -80.30090 NaN NaN NaN 56.60510 -140.25256 11.93486 -16.87206 -195.76450 -80.26379
23732 3.92716 NaN NaN NaN 228.26869 -142.11476 31.14079 283.97083 -160.00229 -80.23470 NaN NaN NaN 56.59943 -140.24550 12.03372 -16.83748 -195.71573 -80.23941
23733 3.93551 NaN NaN NaN 228.28613 -142.14186 31.11810 284.02618 -160.00131 -80.32645 NaN NaN NaN 56.59562 -140.24931 12.16139 -16.82329 -195.70624 -80.21919
23734 3.94386 NaN NaN NaN 228.29504 -142.18161 31.08315 284.06268 -160.01041 -80.38046 NaN NaN NaN 56.57046 -140.22195 12.29253 -16.77358 -195.72954 -80.14378
23735 3.95220 NaN NaN NaN 228.34251 -142.25735 31.07242 284.06720 -160.01805 -80.40450 NaN NaN NaN 56.51275 -140.17159 12.41790 -16.73821 -195.74672 -80.07813
23736 3.96055 NaN NaN NaN 228.38182 -142.35136 31.07730 284.06140 -160.00674 -80.43516 NaN NaN NaN 56.46400 -140.11325 12.49719 -16.70519 -195.78062 -79.94662
23737 3.96890 NaN NaN NaN 228.42839 -142.48819 31.05932 284.09073 -160.14044 -80.27382 NaN NaN NaN 56.43939 -140.05705 12.53954 -16.63047 -195.79630 -79.84163
23738 3.97724 NaN NaN NaN 228.46631 -142.63065 31.05725 284.06882 -160.14261 -80.31862 NaN NaN NaN 56.40599 -139.98070 12.62074 -16.57116 -195.81165 -79.75482
23739 3.98559 NaN NaN NaN 228.49205 -142.73079 31.06404 284.08557 -160.34517 -80.23475 NaN NaN NaN 56.35862 -139.90193 12.67273 -16.51011 -195.86147 -79.68181
23740 3.99393 NaN NaN NaN 228.51834 -142.82590 31.07775 284.08261 -160.40312 -80.31780 NaN NaN NaN 56.33823 -139.83168 12.73611 -16.47244 -195.90337 -79.59989
23741 4.00228 NaN NaN NaN 228.55289 -142.93616 31.05921 284.08389 -160.49640 -80.36376 NaN NaN NaN 56.28542 -139.82045 12.80427 -16.45958 -195.96626 -79.53735
23742 4.01063 NaN NaN NaN 228.58502 -143.10803 31.04095 284.08994 -160.53587 -80.45710 NaN NaN NaN 56.25230 -139.87411 12.86817 -16.46875 -196.01295 -79.49228
23743 4.01897 NaN NaN NaN 228.58553 -143.27560 30.98130 284.11710 -160.64371 -80.41122 NaN NaN NaN 56.20408 -139.91129 12.92344 -16.47097 -196.08723 -79.47528
23744 4.02732 NaN NaN NaN 228.60091 -143.45007 30.94907 284.09564 -160.63336 -80.49892 NaN NaN NaN 56.15638 -139.96239 12.95253 -16.47618 -196.18109 -79.46051
23745 4.03567 NaN NaN NaN 228.59050 -143.59375 30.90555 284.16293 -160.58754 -80.63299 NaN NaN NaN 56.12693 -140.07301 12.94372 -16.45012 -196.28487 -79.47818
23746 4.04401 NaN NaN NaN 228.56660 -143.69957 30.88849 284.02914 -160.81480 -80.43400 NaN NaN NaN 56.05951 -140.21864 12.95132 -16.47616 -196.38756 -79.48075
23747 4.05236 NaN NaN NaN 228.52328 -143.80870 30.84501 284.02829 -160.92604 -80.67287 NaN NaN NaN 56.01215 -140.32536 12.97906 -16.52123 -196.48782 -79.50964
23748 4.06071 NaN NaN NaN 228.43988 -143.94559 30.82539 283.98642 -161.02475 -80.86464 NaN NaN NaN 55.96096 -140.45918 12.96019 -16.59155 -196.65707 -79.51358
23749 4.06905 NaN NaN NaN 228.34195 -144.04752 30.78945 283.96829 -161.15988 -80.86117 NaN NaN NaN 55.88299 -140.61057 12.93549 -16.70338 -196.84480 -79.54486
23750 4.07740 NaN NaN NaN 228.26878 -144.13977 30.76839 283.95334 -161.22797 -80.90224 NaN NaN NaN 55.78835 -140.78380 12.92494 -16.79652 -196.99559 -79.55905
23751 4.08575 NaN NaN NaN 228.22867 -144.20975 30.74105 283.94998 -161.34135 -80.85957 NaN NaN NaN 55.70414 -140.94785 12.94446 -16.88196 -197.10434 -79.54115
23752 4.09409 NaN NaN NaN 228.18042 -144.30136 30.71007 283.94635 -161.38567 -80.86668 NaN NaN NaN 55.55157 -141.12694 13.01018 -17.01946 -197.22125 -79.53300
23753 4.10244 NaN NaN NaN 228.14139 -144.35648 30.67056 283.94171 -161.41080 -80.89249 NaN NaN NaN 55.38243 -141.26527 13.13252 -17.11734 -197.34465 -79.56250
23754 4.11079 NaN NaN NaN 228.10938 -144.41917 30.65250 283.93402 -161.44418 -80.90209 NaN NaN NaN 55.19244 -141.44562 13.23520 -17.29659 -197.44841 -79.52029
23755 4.11913 NaN NaN NaN 228.11540 -144.45204 30.63972 283.93350 -161.52483 -80.90211 NaN NaN NaN 54.98729 -141.64914 13.33978 -17.49948 -197.58060 -79.43578
23756 4.12748 NaN NaN NaN 228.12932 -144.47275 30.63535 283.90921 -161.54662 -80.92265 NaN NaN NaN 54.80776 -141.82277 13.44595 -17.68139 -197.74339 -79.29229
23757 4.13583 NaN NaN NaN 228.17587 -144.50189 30.64806 283.90204 -161.57663 -80.93815 NaN NaN NaN 54.66427 -141.98491 13.53073 -17.90067 -197.93814 -79.17418
23758 4.14417 NaN NaN NaN 228.24371 -144.56239 30.68339 283.90948 -161.61111 -80.90617 NaN NaN NaN 54.47873 -142.16638 13.62734 -18.10823 -198.12033 -79.02743
23759 4.15252 NaN NaN NaN 228.31291 -144.59375 30.72104 283.89832 -161.62041 -80.88953 NaN NaN NaN 54.25743 -142.29543 13.74039 -18.31155 -198.24324 -78.93037
23760 4.16087 NaN NaN NaN 228.35356 -144.59872 30.76140 283.87863 -161.57661 -80.89630 NaN NaN NaN 54.02791 -142.44849 13.83222 -18.55594 -198.37927 -78.86549
23761 4.16921 NaN NaN NaN 228.42307 -144.59842 30.77595 283.87692 -161.53354 -80.90205 NaN NaN NaN 53.81827 -142.53781 13.89973 -18.78853 -198.44852 -78.80731
23762 4.17756 NaN NaN NaN 228.46527 -144.57442 30.82916 283.87711 -161.47694 -80.89391 NaN NaN NaN 53.62144 -142.63850 13.92291 -18.98546 -198.56487 -78.73109
23763 4.18591 NaN NaN NaN 228.53192 -144.51523 30.86694 283.89975 -161.39746 -80.89657 NaN NaN NaN 53.45194 -142.68364 13.94512 -19.19001 -198.62930 -78.67365
23764 4.19425 NaN NaN NaN 228.56189 -144.43628 30.88598 283.91641 -161.32152 -80.87801 NaN NaN NaN 53.32558 -142.70087 13.93163 -19.37759 -198.67712 -78.61770
23765 4.20260 NaN NaN NaN 228.61757 -144.40321 30.89794 283.90863 -161.23615 -80.87981 NaN NaN NaN 53.18710 -142.76740 13.92583 -19.57342 -198.71718 -78.59295
23766 4.21095 NaN NaN NaN 228.64813 -144.30962 30.90924 283.90799 -161.17567 -80.88937 NaN NaN NaN 53.07238 -142.84108 13.95425 -19.73022 -198.73523 -78.56799
23767 4.21929 NaN NaN NaN 228.68285 -144.23309 30.91364 283.89612 -161.08777 -80.92461 NaN NaN NaN 52.96247 -142.89281 14.00010 -19.82300 -198.74030 -78.56586
23768 4.22764 NaN NaN NaN 228.68282 -144.10851 30.91222 283.92044 -161.03941 -80.92718 NaN NaN NaN 52.85631 -142.92792 14.03938 -19.90768 -198.74774 -78.51873
23769 4.23599 NaN NaN NaN 228.70387 -143.99519 30.91448 283.90952 -160.97479 -80.89568 NaN NaN NaN 52.78627 -142.94138 14.07063 -19.96913 -198.74353 -78.47173
23770 4.24433 NaN NaN NaN 228.71332 -143.91827 30.92189 283.95459 -160.86958 -80.85787 NaN NaN NaN 52.73766 -142.92644 14.04493 -20.03767 -198.75908 -78.41446
23771 4.25268 NaN NaN NaN 228.73195 -143.85304 30.93121 283.99243 -160.81438 -80.84334 NaN NaN NaN 52.69562 -142.82451 14.11579 -20.12722 -198.74397 -78.33240
23772 4.26102 NaN NaN NaN 228.76387 -143.78889 30.94989 284.02365 -160.71529 -80.82766 NaN NaN NaN 52.65657 -142.74211 14.14688 -20.21554 -198.77367 -78.26293
23773 4.26937 NaN NaN NaN 228.77864 -143.71335 30.96844 283.98004 -160.73749 -80.57016 NaN NaN NaN 52.60306 -142.68280 14.16018 -20.29115 -198.79208 -78.19642
23774 4.27772 NaN NaN NaN 228.79877 -143.64856 31.00243 283.96365 -160.78963 -80.43317 NaN NaN NaN 52.56029 -142.63205 14.18006 -20.40763 -198.82076 -78.13052
23775 4.28606 NaN NaN NaN 228.85138 -143.54428 31.05229 283.97223 -160.87772 -80.35919 NaN NaN NaN 52.51852 -142.60406 14.17924 -20.51546 -198.81749 -78.04037
23776 4.29441 NaN NaN NaN 228.90059 -143.50870 31.07310 284.02838 -160.95903 -80.32823 NaN NaN NaN 52.50168 -142.56693 14.18922 -20.60057 -198.84210 -77.96117
23777 4.30276 NaN NaN NaN 228.94418 -143.49500 31.08432 284.03467 -160.96901 -80.27183 NaN NaN NaN 52.43081 -142.51813 14.20668 -20.67971 -198.83578 -77.90731
23778 4.31110 NaN NaN NaN 228.96620 -143.48631 31.09431 284.05438 -160.99542 -80.21645 NaN NaN NaN 52.36337 -142.46968 14.22610 -20.75559 -198.81850 -77.82594
23779 4.31945 NaN NaN NaN 228.98097 -143.45926 31.11585 284.04367 -160.97401 -80.19962 NaN NaN NaN 52.29205 -142.40808 14.26495 -20.82146 -198.81995 -77.75525
23780 4.32780 NaN NaN NaN 228.97034 -143.43242 31.14157 284.02573 -160.92612 -80.20367 NaN NaN NaN 52.23085 -142.38730 14.29016 -20.91735 -198.80663 -77.68716
23781 4.33614 NaN NaN NaN 228.94836 -143.38496 31.13225 284.04016 -160.91603 -80.22409 NaN NaN NaN 52.20779 -142.37323 14.29808 -20.99503 -198.81680 -77.62386
23782 4.34449 NaN NaN NaN 228.92427 -143.36079 31.12636 284.08884 -160.80251 -80.33273 NaN NaN NaN 52.13188 -142.35350 14.30052 -21.09297 -198.84311 -77.58033
23783 4.35284 NaN NaN NaN 228.89735 -143.34557 31.13361 284.10114 -160.73482 -80.40007 NaN NaN NaN 52.06707 -142.34196 14.26676 -21.18507 -198.85794 -77.53665
23784 4.36118 NaN NaN NaN 228.85291 -143.34322 31.14935 284.07300 -160.64842 -80.41618 NaN NaN NaN 51.99106 -142.36229 14.24340 -21.31332 -198.91548 -77.44489
23785 4.36953 NaN NaN NaN 228.82878 -143.33295 31.14979 284.07321 -160.60727 -80.40269 NaN NaN NaN 51.94902 -142.38081 14.22629 -21.44565 -199.01512 -77.37367
23786 4.37788 NaN NaN NaN 228.77292 -143.29599 31.14512 284.03607 -160.50365 -80.49564 NaN NaN NaN 51.90133 -142.39247 14.19924 -21.62726 -199.13748 -77.25461
23787 4.38622 NaN NaN NaN 228.74390 -143.27148 31.17561 284.01810 -160.57272 -80.35798 NaN NaN NaN 51.80222 -142.44521 14.21378 -21.80711 -199.28088 -77.15639
23788 4.39457 NaN NaN NaN 228.72160 -143.25519 31.18858 283.98831 -160.56046 -80.37762 NaN NaN NaN 51.67376 -142.50385 14.19423 -21.96399 -199.37463 -77.08445
23789 4.40292 NaN NaN NaN 228.70345 -143.26833 31.19774 284.00217 -160.66971 -80.28230 NaN NaN NaN 51.50304 -142.60983 14.18383 -22.18570 -199.50209 -77.07422
23790 4.41126 NaN NaN NaN 228.68616 -143.27730 31.19516 283.97791 -160.68236 -80.34148 NaN NaN NaN 51.39197 -142.69077 14.15292 -22.36895 -199.63501 -77.05691
23791 4.41961 NaN NaN NaN 228.66507 -143.26949 31.19376 283.94800 -160.68561 -80.37466 NaN NaN NaN 51.31293 -142.76080 14.11788 -22.53215 -199.74095 -76.99352
23792 4.42796 NaN NaN NaN 228.62227 -143.25606 31.19417 283.92337 -160.70222 -80.36913 NaN NaN NaN 51.22529 -142.83536 14.08382 -22.68503 -199.87056 -76.97434
23793 4.43630 NaN NaN NaN 228.58899 -143.26093 31.18859 283.90967 -160.68889 -80.36658 NaN NaN NaN 51.10878 -142.94519 14.07817 -22.77086 -199.94707 -76.93389
23794 4.44465 NaN NaN NaN 228.53601 -143.25006 31.17563 283.90704 -160.66052 -80.35805 NaN NaN NaN 50.98487 -143.04050 14.04608 -22.87272 -199.99289 -76.93404
23795 4.45300 NaN NaN NaN 228.51408 -143.24170 31.16828 283.89142 -160.61610 -80.39550 NaN NaN NaN 50.92023 -143.10162 14.04739 -22.98058 -200.06000 -76.95006
23796 4.46134 NaN NaN NaN 228.48109 -143.24271 31.16608 283.88086 -160.61720 -80.38298 NaN NaN NaN 50.87228 -143.14603 14.04314 -23.08019 -200.14745 -76.95106
23797 4.46969 NaN NaN NaN 228.43089 -143.24353 31.14515 283.87085 -160.62321 -80.35602 NaN NaN NaN 50.82867 -143.20332 14.04661 -23.16856 -200.24364 -76.91470
23798 4.47804 NaN NaN NaN 228.39658 -143.24490 31.12997 283.86020 -160.66104 -80.34335 NaN NaN NaN 50.75423 -143.28633 14.08147 -23.25445 -200.36681 -76.84815
23799 4.48638 NaN NaN NaN 228.38329 -143.25574 31.11976 283.89102 -160.74344 -80.33062 NaN NaN NaN 50.67497 -143.38905 14.12963 -23.32045 -200.46014 -76.80137
23800 4.49473 NaN NaN NaN 228.36281 -143.27213 31.10977 283.93246 -160.81393 -80.31776 NaN NaN NaN 50.61062 -143.49864 14.16430 -23.39260 -200.56854 -76.75320
23801 4.50307 NaN NaN NaN 228.35172 -143.26312 31.09161 283.93900 -160.86877 -80.28919 NaN NaN NaN 50.54252 -143.60106 14.17717 -23.51075 -200.64758 -76.70540
23802 4.51142 NaN NaN NaN 228.34314 -143.25970 31.08816 283.96219 -160.88760 -80.28847 NaN NaN NaN 50.46721 -143.68970 14.20701 -23.58209 -200.72287 -76.67773
23803 4.51977 NaN NaN NaN 228.34521 -143.26581 31.06180 283.99576 -160.87900 -80.30803 NaN NaN NaN 50.37945 -143.78154 14.25702 -23.64769 -200.79262 -76.65777
23804 4.52811 NaN NaN NaN 228.33928 -143.26740 31.06623 284.01675 -160.84441 -80.31047 NaN NaN NaN 50.30225 -143.89908 14.29064 -23.70787 -200.86464 -76.64832
23805 4.53646 NaN NaN NaN 228.33980 -143.27217 31.05365 284.04581 -160.83041 -80.31731 NaN NaN NaN 50.26050 -143.95265 14.28872 -23.76898 -200.91019 -76.61330
23806 4.54481 NaN NaN NaN 228.34425 -143.27704 31.07339 284.05450 -160.82272 -80.32607 NaN NaN NaN 50.24651 -143.98094 14.28763 -23.81602 -200.94756 -76.58428
23807 4.55315 NaN NaN NaN 228.34790 -143.26541 31.06365 284.06290 -160.83800 -80.30581 NaN NaN NaN 50.22432 -143.97156 14.27839 -23.90363 -201.02335 -76.56182
23808 4.56150 NaN NaN NaN 228.35037 -143.26776 31.05946 284.06381 -160.86023 -80.29482 NaN NaN NaN 50.20583 -143.95917 14.25533 -23.93742 -201.07637 -76.51036
23809 4.56985 NaN NaN NaN 228.36784 -143.26688 31.04864 284.06927 -160.90395 -80.27195 NaN NaN NaN 50.19472 -143.92979 14.25123 -23.95826 -201.12715 -76.46957
23810 4.57819 NaN NaN NaN 228.40527 -143.26212 31.04099 284.08386 -160.88878 -80.35750 NaN NaN NaN 50.19367 -143.90247 14.23798 -23.96844 -201.13770 -76.44405
23811 4.58654 NaN NaN NaN 228.41507 -143.27802 31.04832 284.09839 -160.87677 -80.40217 NaN NaN NaN 50.21423 -143.88158 14.23050 -23.95291 -201.12938 -76.43624
23812 4.59489 NaN NaN NaN 228.47581 -143.31856 31.03782 284.09891 -160.83238 -80.44402 NaN NaN NaN 50.23943 -143.88205 14.22004 -23.93334 -201.10371 -76.41393
23813 4.60323 NaN NaN NaN 228.52017 -143.34135 31.03210 284.09079 -160.82979 -80.39639 NaN NaN NaN 50.26461 -143.85709 14.18239 -23.93355 -201.11328 -76.41103
23814 4.61158 NaN NaN NaN 228.55908 -143.38618 31.03785 284.09509 -160.78911 -80.49935 NaN NaN NaN 50.28250 -143.83867 14.15923 -23.96721 -201.15057 -76.36506
23815 4.61993 NaN NaN NaN 228.59021 -143.38879 31.04369 284.08276 -160.80611 -80.48195 NaN NaN NaN 50.31815 -143.79613 14.10765 -23.99193 -201.18889 -76.32118
23816 4.62827 NaN NaN NaN 228.62024 -143.39268 31.04007 284.09195 -160.78720 -80.54466 NaN NaN NaN 50.33043 -143.76889 14.05896 -24.04836 -201.23627 -76.26733
23817 4.63662 NaN NaN NaN 228.64127 -143.39082 31.03074 284.06375 -160.74715 -80.52951 NaN NaN NaN 50.36427 -143.73642 14.01692 -24.08724 -201.32637 -76.20743
23818 4.64497 NaN NaN NaN 228.65393 -143.38124 31.02896 284.07410 -160.74590 -80.55939 NaN NaN NaN 50.33318 -143.75923 13.94669 -24.14247 -201.40691 -76.18587
23819 4.65331 NaN NaN NaN 228.66536 -143.37215 31.03204 284.03418 -160.70798 -80.52288 NaN NaN NaN 50.32954 -143.78265 13.88573 -24.17112 -201.44643 -76.16700
23820 4.66166 NaN NaN NaN 228.66019 -143.35422 31.03889 284.05084 -160.71918 -80.56992 NaN NaN NaN 50.33032 -143.82191 13.86715 -24.22456 -201.50957 -76.14932
23821 4.67001 NaN NaN NaN 228.66597 -143.35117 31.03401 284.00201 -160.73230 -80.48854 NaN NaN NaN 50.33499 -143.85526 13.84812 -24.29053 -201.54788 -76.14557
23822 4.67835 NaN NaN NaN 228.66444 -143.31302 31.03688 284.01602 -160.77925 -80.48689 NaN NaN NaN 50.35893 -143.88742 13.81067 -24.34916 -201.58740 -76.17381
23823 4.68670 NaN NaN NaN 228.66437 -143.30646 31.03127 284.00787 -160.79436 -80.48245 NaN NaN NaN 50.36258 -143.90074 13.78368 -24.38442 -201.61760 -76.18745
23824 4.69505 NaN NaN NaN 228.66846 -143.29642 31.04597 284.01144 -160.78333 -80.50835 NaN NaN NaN 50.34617 -143.90465 13.72908 -24.37798 -201.60779 -76.22427
23825 4.70339 NaN NaN NaN 228.66437 -143.28311 31.02534 284.09018 -160.60342 -80.65616 NaN NaN NaN 50.34964 -143.89211 13.70403 -24.38155 -201.62115 -76.27158
23826 4.71174 NaN NaN NaN 228.67183 -143.27182 31.03340 284.05975 -160.61411 -80.60407 NaN NaN NaN 50.38307 -143.90099 13.67098 -24.37416 -201.62129 -76.29409
23827 4.72009 NaN NaN NaN 228.66656 -143.24066 31.02554 284.04245 -160.60991 -80.55346 NaN NaN NaN 50.41468 -143.95744 13.59219 -24.37554 -201.62991 -76.32690
23828 4.72843 NaN NaN NaN 228.65977 -143.20715 31.04375 284.01953 -160.64488 -80.51070 NaN NaN NaN 50.46762 -143.96973 13.52708 -24.34074 -201.64877 -76.34984
23829 4.73678 NaN NaN NaN 228.65698 -143.18553 31.02491 284.00055 -160.64702 -80.52426 NaN NaN NaN 50.52925 -143.96112 13.46079 -24.29154 -201.64612 -76.40482
23830 4.74513 NaN NaN NaN 228.64569 -143.15924 31.04272 284.04712 -160.72284 -80.56446 NaN NaN NaN 50.57995 -143.96494 13.41527 -24.26107 -201.67213 -76.42395
23831 4.75347 NaN NaN NaN 228.65169 -143.14729 31.02627 284.07324 -160.80940 -80.45061 NaN NaN NaN 50.61713 -143.94843 13.34966 -24.25933 -201.68884 -76.45024
23832 4.76182 NaN NaN NaN 228.65340 -143.12878 31.03255 284.07730 -160.87268 -80.43513 NaN NaN NaN 50.68331 -143.93233 13.28853 -24.22238 -201.67920 -76.47903
23833 4.77016 NaN NaN NaN 228.64082 -143.10551 31.01587 284.08316 -160.90405 -80.40726 NaN NaN NaN 50.73429 -143.92659 13.21810 -24.18983 -201.68163 -76.50433
23834 4.77851 NaN NaN NaN 228.63937 -143.11655 31.02886 284.10947 -160.92233 -80.42773 NaN NaN NaN 50.75896 -143.92384 13.17646 -24.16110 -201.67836 -76.53611
23835 4.78686 NaN NaN NaN 228.63921 -143.13249 31.01444 284.13055 -160.92790 -80.43736 NaN NaN NaN 50.78954 -143.94130 13.12270 -24.16081 -201.67508 -76.58251
23836 4.79520 NaN NaN NaN 228.63135 -143.09749 31.02198 284.14096 -160.91103 -80.44254 NaN NaN NaN 50.82939 -143.95186 13.01711 -24.11518 -201.66356 -76.61860
23837 4.80355 NaN NaN NaN 228.62054 -143.07857 30.96581 284.14780 -160.89751 -80.43428 NaN NaN NaN 50.91615 -143.97998 12.93938 -24.12074 -201.69536 -76.64948
23838 4.81190 NaN NaN NaN 228.60983 -143.07562 30.95192 284.15482 -160.87758 -80.43040 NaN NaN NaN 50.96564 -143.99413 12.87735 -24.10095 -201.70251 -76.65995
23839 4.82024 NaN NaN NaN 228.58968 -143.07451 30.93216 284.22949 -160.91893 -80.46601 NaN NaN NaN 50.99374 -143.97710 12.77796 -24.10243 -201.72676 -76.67323
23840 4.82859 NaN NaN NaN 228.59419 -143.07028 30.93802 284.24481 -160.89584 -80.52747 NaN NaN NaN 51.01502 -143.97635 12.72893 -24.08360 -201.74478 -76.67696
23841 4.83694 NaN NaN NaN 228.59471 -143.07143 30.92396 284.28659 -160.97762 -80.45534 NaN NaN NaN 51.04188 -143.99051 12.69987 -24.06682 -201.76834 -76.69814
23842 4.84528 NaN NaN NaN 228.60278 -143.07439 30.91967 284.27255 -160.97131 -80.50758 NaN NaN NaN 51.06792 -144.00264 12.67466 -24.06284 -201.77664 -76.70518
