Frame# Time LH1 LH2 LH3 RH1 RH2 RH3
X54 Y54 Z54 X55 Y55 Z55 X56 Y56 Z56 X57 Y57 Z57 X58 Y58 Z58 X59 Y59 Z59
49502 0.00329 NaN NaN NaN 196.27042 -124.28699 -14.21376 306.63416 -181.68434 -37.11378 NaN NaN NaN 26.73414 -151.01642 22.30476 -14.96290 -158.69609 -100.66084
49503 0.01162 NaN NaN NaN 196.34879 -124.37909 -14.00484 306.67917 -181.69460 -37.38105 NaN NaN NaN 27.83820 -149.80406 22.41331 -15.58739 -159.45995 -99.82124
49504 0.01995 NaN NaN NaN 196.50520 -124.51982 -13.68198 306.74146 -181.65172 -37.85712 NaN NaN NaN 28.98818 -148.50005 22.42875 -16.21946 -160.12743 -98.99268
49505 0.02829 NaN NaN NaN 196.69357 -124.72077 -13.35180 306.86194 -181.65808 -38.36097 NaN NaN NaN 30.23319 -147.10258 22.44176 -16.89726 -160.90987 -98.09978
49506 0.03662 NaN NaN NaN 196.98372 -125.01690 -12.94034 307.01346 -181.66246 -38.97956 NaN NaN NaN 31.53314 -145.65973 22.37733 -17.56847 -161.71999 -97.13410
49507 0.04495 NaN NaN NaN 197.33644 -125.39201 -12.47379 307.20935 -181.71780 -39.74629 NaN NaN NaN 32.86383 -144.16670 22.30258 -18.23983 -162.50020 -96.14509
49508 0.05328 NaN NaN NaN 197.78432 -125.86132 -11.98918 307.47604 -181.75168 -40.64474 NaN NaN NaN 34.25768 -142.58908 22.07917 -18.98576 -163.38547 -95.08813
49509 0.06161 NaN NaN NaN 198.26935 -126.42569 -11.35240 307.75058 -181.97437 -41.65412 NaN NaN NaN 35.59516 -141.00635 21.73580 -19.72776 -164.24702 -93.92706
49510 0.06994 NaN NaN NaN 198.80148 -127.08990 -10.68146 308.05121 -182.27539 -42.70401 NaN NaN NaN 36.95548 -139.45648 21.34697 -20.51247 -165.17027 -92.76336
49511 0.07827 NaN NaN NaN 199.37051 -127.82993 -10.09031 308.39301 -182.50731 -43.70476 NaN NaN NaN 38.37048 -137.89389 20.82061 -21.29970 -166.12877 -91.52722
49512 0.08661 NaN NaN NaN 199.95920 -128.53542 -9.48915 308.73749 -182.64809 -44.61717 NaN NaN NaN 39.78117 -136.33023 20.23055 -22.13391 -167.11946 -90.27753
49513 0.09494 NaN NaN NaN 200.52782 -129.19263 -8.85672 309.11148 -182.85661 -45.48635 NaN NaN NaN 41.19912 -134.79811 19.50790 -22.90205 -168.09068 -89.04082
49514 0.10327 NaN NaN NaN 201.06656 -129.87221 -8.31163 309.44702 -182.98369 -46.25194 NaN NaN NaN 42.55856 -133.33418 18.72024 -23.60196 -169.06937 -87.81668
49515 0.11160 NaN NaN NaN 201.55333 -130.50169 -7.87446 309.75522 -183.15913 -46.82677 NaN NaN NaN 43.89045 -131.93752 17.84792 -24.27903 -170.20900 -86.50917
49516 0.11993 NaN NaN NaN 201.96596 -131.06444 -7.46497 309.99240 -183.36920 -47.26871 NaN NaN NaN 45.13969 -130.66025 16.90901 -24.91410 -171.26619 -85.22618
49517 0.12826 NaN NaN NaN 202.29320 -131.55061 -7.12399 310.20218 -183.58403 -47.59851 NaN NaN NaN 46.31184 -129.52225 15.99541 -25.52131 -172.22719 -83.96997
49518 0.13659 NaN NaN NaN 202.59610 -131.90193 -6.82160 310.34906 -183.69942 -47.88204 NaN NaN NaN 47.36794 -128.52614 15.09792 -26.07221 -173.00195 -82.93719
49519 0.14492 NaN NaN NaN 202.85127 -132.19534 -6.55022 310.46420 -183.71083 -48.18343 NaN NaN NaN 48.32354 -127.67694 14.23969 -26.57710 -173.56996 -82.06565
49520 0.15326 NaN NaN NaN 203.05226 -132.37422 -6.20776 310.57379 -183.74666 -48.46202 NaN NaN NaN 49.14767 -126.92461 13.51019 -27.03899 -173.99191 -81.27465
49521 0.16159 NaN NaN NaN 203.23134 -132.57327 -5.90139 310.63559 -183.71448 -48.78374 NaN NaN NaN 49.86112 -126.30199 12.77384 -27.47664 -174.39816 -80.58954
49522 0.16992 NaN NaN NaN 203.35016 -132.75494 -5.65951 310.62164 -183.64015 -49.08429 NaN NaN NaN 50.48097 -125.78422 12.16012 -27.79159 -174.77620 -79.87134
49523 0.17825 NaN NaN NaN 203.44600 -132.86517 -5.49942 310.61868 -183.51920 -49.34991 NaN NaN NaN 51.01920 -125.34441 11.57041 -28.12695 -175.19040 -79.22462
49524 0.18658 NaN NaN NaN 203.58862 -132.89996 -5.37577 310.58081 -183.45537 -49.58601 NaN NaN NaN 51.45086 -124.97582 11.02643 -28.43884 -175.59953 -78.72527
49525 0.19491 NaN NaN NaN 203.69728 -132.96716 -5.21808 310.57617 -183.36125 -49.80983 NaN NaN NaN 51.73007 -124.63283 10.70493 -28.71341 -175.98048 -78.25066
49526 0.20324 NaN NaN NaN 203.80219 -133.01724 -5.05753 310.57083 -183.26308 -50.09922 NaN NaN NaN 51.95713 -124.37843 10.42862 -28.92513 -176.21620 -77.73009
49527 0.21157 NaN NaN NaN 203.94687 -133.10928 -4.82911 310.58600 -183.16391 -50.36208 NaN NaN NaN 52.12305 -124.16648 10.20465 -29.10247 -176.41496 -77.41107
49528 0.21991 NaN NaN NaN 204.08638 -133.17879 -4.64368 310.62213 -183.11198 -50.61142 NaN NaN NaN 52.27362 -123.98814 10.01980 -29.20399 -176.61459 -77.12619
49529 0.22824 NaN NaN NaN 204.30321 -133.29242 -4.41352 310.69257 -183.09428 -50.84295 NaN NaN NaN 52.39381 -123.81875 9.87998 -29.29380 -176.72856 -76.94273
49530 0.23657 NaN NaN NaN 204.49088 -133.46291 -4.13946 310.79971 -183.07310 -51.03638 NaN NaN NaN 52.44672 -123.69960 9.79455 -29.31507 -176.78882 -76.81281
49531 0.24490 NaN NaN NaN 204.73463 -133.58600 -3.96086 310.85220 -183.06024 -51.25211 NaN NaN NaN 52.45916 -123.59805 9.79096 -29.33786 -176.78979 -76.75971
49532 0.25323 NaN NaN NaN 204.96179 -133.76706 -3.76377 310.90692 -183.05838 -51.49345 NaN NaN NaN 52.46869 -123.53069 9.81124 -29.28372 -176.71970 -76.77010
49533 0.26156 NaN NaN NaN 205.17198 -133.91136 -3.59135 311.11935 -182.94601 -51.93746 NaN NaN NaN 52.48249 -123.44409 9.82109 -29.23686 -176.62714 -76.81509
49534 0.26989 NaN NaN NaN 205.36810 -134.07211 -3.42029 311.28268 -182.79590 -52.25989 NaN NaN NaN 52.49534 -123.37473 9.84899 -29.15723 -176.53874 -76.83924
49535 0.27823 NaN NaN NaN 205.53885 -134.26105 -3.27612 311.40442 -182.63042 -52.51751 NaN NaN NaN 52.50198 -123.29322 9.89095 -29.07289 -176.42792 -76.84294
49536 0.28656 NaN NaN NaN 205.71468 -134.49760 -3.12733 311.49847 -182.56665 -52.74448 NaN NaN NaN 52.48907 -123.25928 9.97639 -29.01569 -176.37668 -76.87199
49537 0.29489 NaN NaN NaN 205.84801 -134.70607 -3.02646 311.57681 -182.56520 -52.94564 NaN NaN NaN 52.38728 -123.23086 10.13315 -28.95635 -176.35516 -76.88530
49538 0.30322 NaN NaN NaN 205.95596 -134.87801 -2.97631 311.61377 -182.61674 -53.06879 NaN NaN NaN 52.27868 -123.20547 10.25500 -28.91782 -176.36993 -76.90096
49539 0.31155 NaN NaN NaN 206.01266 -134.98494 -2.97923 311.62106 -182.72672 -53.09655 NaN NaN NaN 52.16657 -123.20639 10.38095 -28.87164 -176.35768 -76.87270
49540 0.31988 NaN NaN NaN 205.99896 -135.03568 -2.98375 311.60843 -182.81821 -53.12941 NaN NaN NaN 52.12429 -123.23325 10.44509 -28.87011 -176.41347 -76.81603
49541 0.32821 NaN NaN NaN 205.96721 -135.13251 -2.98096 311.57190 -182.92403 -53.18029 NaN NaN NaN 52.10197 -123.23660 10.47045 -28.89625 -176.52345 -76.74691
49542 0.33654 NaN NaN NaN 205.90248 -135.22266 -2.99906 311.54593 -182.96634 -53.20037 NaN NaN NaN 52.07389 -123.25300 10.51626 -28.91319 -176.63347 -76.66824
49543 0.34488 NaN NaN NaN 205.86330 -135.28860 -3.01630 311.49643 -183.00215 -53.15900 NaN NaN NaN 52.00853 -123.28209 10.53973 -28.89969 -176.72469 -76.61602
49544 0.35321 NaN NaN NaN 205.80981 -135.31410 -3.02578 311.50195 -183.01030 -53.15841 NaN NaN NaN 51.90863 -123.34987 10.57277 -28.96374 -176.85350 -76.63087
49545 0.36154 NaN NaN NaN 205.75327 -135.36493 -3.05277 311.46686 -183.03410 -53.12565 NaN NaN NaN 51.80385 -123.45557 10.63419 -28.99123 -176.94092 -76.66529
49546 0.36987 NaN NaN NaN 205.68512 -135.46614 -3.10300 311.44208 -183.10150 -53.12171 NaN NaN NaN 51.69149 -123.66357 10.71956 -29.05000 -176.98868 -76.76003
49547 0.37820 NaN NaN NaN 205.63573 -135.56554 -3.12810 311.45364 -183.16217 -53.10025 NaN NaN NaN 51.56042 -123.90827 10.79823 -29.10999 -177.06084 -76.87309
49548 0.38653 NaN NaN NaN 205.60452 -135.64064 -3.16407 311.43393 -183.22380 -53.09148 NaN NaN NaN 51.40061 -124.22173 10.90031 -29.14095 -177.12253 -76.96136
49549 0.39486 NaN NaN NaN 205.56442 -135.65752 -3.21007 311.42499 -183.26793 -53.06948 NaN NaN NaN 51.22391 -124.52750 10.99345 -29.19068 -177.19048 -77.05939
49550 0.40319 NaN NaN NaN 205.51212 -135.67903 -3.24515 311.42783 -183.28531 -53.05101 NaN NaN NaN 51.01335 -124.88505 11.09809 -29.29663 -177.29619 -77.18310
49551 0.41153 NaN NaN NaN 205.46843 -135.69670 -3.29568 311.44476 -183.29938 -52.96739 NaN NaN NaN 50.78030 -125.29979 11.25307 -29.40846 -177.43428 -77.33533
49552 0.41986 NaN NaN NaN 205.41295 -135.75009 -3.32735 311.49728 -183.28331 -52.95061 NaN NaN NaN 50.59410 -125.67287 11.40820 -29.52296 -177.50716 -77.46458
49553 0.42819 NaN NaN NaN 205.40105 -135.80380 -3.35824 311.48630 -183.33035 -52.91291 NaN NaN NaN 50.35536 -126.04291 11.54012 -29.65746 -177.63802 -77.57432
49554 0.43652 NaN NaN NaN 205.39845 -135.88951 -3.37063 311.47964 -183.37126 -52.89470 NaN NaN NaN 50.10316 -126.44094 11.66603 -29.76956 -177.75681 -77.73724
49555 0.44485 NaN NaN NaN 205.38995 -135.97066 -3.38774 311.49527 -183.40675 -52.87993 NaN NaN NaN 49.84409 -126.79633 11.78309 -29.90105 -177.84576 -77.85928
49556 0.45318 NaN NaN NaN 205.38171 -136.07620 -3.46746 311.56696 -183.41238 -52.90533 NaN NaN NaN 49.57747 -127.13579 11.89077 -30.02567 -177.95732 -77.97336
49557 0.46151 NaN NaN NaN 205.37082 -136.11058 -3.55664 311.58267 -183.45535 -52.87913 NaN NaN NaN 49.33056 -127.46317 12.02121 -30.14034 -178.03191 -78.09618
49558 0.46985 NaN NaN NaN 205.36696 -136.13515 -3.61570 311.63217 -183.45920 -52.89086 NaN NaN NaN 49.04586 -127.82639 12.21814 -30.23126 -178.12834 -78.20547
49559 0.47818 NaN NaN NaN 205.33817 -136.13356 -3.67989 311.61957 -183.49364 -52.85175 NaN NaN NaN 48.78133 -128.09993 12.43081 -30.32266 -178.22353 -78.37637
49560 0.48651 NaN NaN NaN 205.30257 -136.17920 -3.75086 311.65088 -183.49960 -52.86211 NaN NaN NaN 48.50103 -128.42249 12.63302 -30.36711 -178.25067 -78.57016
49561 0.49484 NaN NaN NaN 205.27069 -136.22121 -3.80747 311.63144 -183.52457 -52.83932 NaN NaN NaN 48.26297 -128.74350 12.75365 -30.40541 -178.25526 -78.74709
49562 0.50317 NaN NaN NaN 205.24168 -136.25847 -3.83929 311.66403 -183.50833 -52.83558 NaN NaN NaN 48.06614 -129.04509 12.87797 -30.44306 -178.24063 -78.89161
49563 0.51150 NaN NaN NaN 205.21762 -136.25188 -3.86894 311.64441 -183.52966 -52.79999 NaN NaN NaN 47.89267 -129.26283 12.96445 -30.50086 -178.21436 -79.02573
49564 0.51983 NaN NaN NaN 205.16211 -136.23848 -3.91990 311.65732 -183.50487 -52.76468 NaN NaN NaN 47.71951 -129.45256 13.10970 -30.52851 -178.20389 -79.07356
49565 0.52816 NaN NaN NaN 205.10065 -136.23260 -3.97415 311.68085 -183.42728 -52.73514 NaN NaN NaN 47.56805 -129.60800 13.19460 -30.59141 -178.22792 -79.10601
49566 0.53650 NaN NaN NaN 205.04698 -136.21188 -4.04069 311.69415 -183.41362 -52.67845 NaN NaN NaN 47.46957 -129.72237 13.25524 -30.66845 -178.28258 -79.08522
49567 0.54483 NaN NaN NaN 205.00058 -136.18695 -4.09955 311.71170 -183.37375 -52.67734 NaN NaN NaN 47.38356 -129.81458 13.29784 -30.76721 -178.37067 -79.06280
49568 0.55316 NaN NaN NaN 204.95753 -136.20467 -4.15033 311.70685 -183.32939 -52.61269 NaN NaN NaN 47.30279 -129.85397 13.32727 -30.82811 -178.41652 -79.03981
49569 0.56149 NaN NaN NaN 204.92393 -136.21715 -4.16755 311.70465 -183.28775 -52.63869 NaN NaN NaN 47.24815 -129.86418 13.33613 -30.88401 -178.46490 -79.01421
49570 0.56982 NaN NaN NaN 204.90201 -136.21407 -4.18563 311.71149 -183.26680 -52.59895 NaN NaN NaN 47.17421 -129.88826 13.34740 -30.93353 -178.50410 -78.98168
49571 0.57815 NaN NaN NaN 204.89186 -136.21777 -4.20719 311.72803 -183.21570 -52.56747 NaN NaN NaN 47.09928 -129.94394 13.36335 -30.98655 -178.54785 -78.95271
49572 0.58648 NaN NaN NaN 204.88306 -136.18904 -4.23797 311.74527 -183.15372 -52.53527 NaN NaN NaN 47.04996 -129.95683 13.40824 -31.00473 -178.56207 -78.94643
49573 0.59481 NaN NaN NaN 204.86560 -136.14690 -4.26940 311.76163 -183.08824 -52.54119 NaN NaN NaN 47.03691 -129.96303 13.39303 -31.03116 -178.58340 -78.94914
49574 0.60315 NaN NaN NaN 204.85483 -136.13043 -4.29963 311.76678 -183.03745 -52.53861 NaN NaN NaN 47.03193 -129.92665 13.40719 -31.02772 -178.58934 -78.93153
49575 0.61148 NaN NaN NaN 204.84685 -136.10355 -4.32605 311.78848 -182.98251 -52.57312 NaN NaN NaN 47.05804 -129.84871 13.36491 -31.04380 -178.58484 -78.89969
49576 0.61981 NaN NaN NaN 204.84979 -136.08334 -4.32823 311.77136 -182.97011 -52.54707 NaN NaN NaN 47.09927 -129.75943 13.32068 -31.04629 -178.58124 -78.84939
49577 0.62814 NaN NaN NaN 204.84889 -136.03633 -4.33601 311.76797 -182.92619 -52.65141 NaN NaN NaN 47.15141 -129.68816 13.30552 -31.06665 -178.59427 -78.79510
49578 0.63647 NaN NaN NaN 204.84773 -136.04605 -4.32804 311.74606 -182.88547 -52.62189 NaN NaN NaN 47.21770 -129.60843 13.28183 -31.06186 -178.61090 -78.74969
49579 0.64480 NaN NaN NaN 204.84111 -135.99571 -4.34731 311.73257 -182.83139 -52.68036 NaN NaN NaN 47.28622 -129.47507 13.21395 -31.09510 -178.58783 -78.67875
49580 0.65313 NaN NaN NaN 204.82278 -135.96260 -4.36503 311.71848 -182.77669 -52.64215 NaN NaN NaN 47.39124 -129.30078 13.12093 -31.12423 -178.58253 -78.59277
49581 0.66146 NaN NaN NaN 204.79539 -135.94452 -4.37982 311.67316 -182.67789 -52.65416 NaN NaN NaN 47.46928 -129.11499 13.04189 -31.15931 -178.58611 -78.45470
49582 0.66980 NaN NaN NaN 204.78546 -135.92693 -4.35953 311.66519 -182.64247 -52.63706 NaN NaN NaN 47.53432 -128.93048 12.91402 -31.19041 -178.59262 -78.32675
49583 0.67813 NaN NaN NaN 204.77060 -135.91515 -4.32626 311.67935 -182.61066 -52.66593 NaN NaN NaN 47.64981 -128.70428 12.80964 -31.24800 -178.65012 -78.18739
49584 0.68646 NaN NaN NaN 204.80563 -135.93462 -4.24935 311.69653 -182.61383 -52.63980 NaN NaN NaN 47.79972 -128.52863 12.71638 -31.32874 -178.68457 -78.00195
49585 0.69479 NaN NaN NaN 204.83769 -135.98352 -4.13088 311.70490 -182.59003 -52.66954 NaN NaN NaN 47.93994 -128.36307 12.57825 -31.41641 -178.73878 -77.83838
49586 0.70312 NaN NaN NaN 204.88800 -136.15135 -4.02142 311.73108 -182.61304 -52.67362 NaN NaN NaN 48.08080 -128.11676 12.45274 -31.48021 -178.76042 -77.65216
49587 0.71145 NaN NaN NaN 204.97884 -136.26471 -3.92946 311.74921 -182.64417 -52.78844 NaN NaN NaN 48.25864 -127.78127 12.20874 -31.54571 -178.75931 -77.40070
49588 0.71978 NaN NaN NaN 205.06290 -136.41183 -3.80623 311.78815 -182.72787 -52.88369 NaN NaN NaN 48.48991 -127.44516 11.97999 -31.58353 -178.81104 -77.13607
49589 0.72812 NaN NaN NaN 205.18788 -136.53418 -3.70033 311.82022 -182.77977 -53.00131 NaN NaN NaN 48.73286 -127.05875 11.78493 -31.62818 -178.92044 -76.86515
49590 0.73645 NaN NaN NaN 205.30305 -136.64180 -3.59816 311.86136 -182.82460 -53.09371 NaN NaN NaN 48.98655 -126.70506 11.61513 -31.66337 -178.93681 -76.53605
49591 0.74478 NaN NaN NaN 205.40279 -136.75861 -3.50656 311.91605 -182.85123 -53.21694 NaN NaN NaN 49.22802 -126.32052 11.41199 -31.72579 -178.95399 -76.22228
49592 0.75311 NaN NaN NaN 205.49536 -136.83905 -3.36539 311.98950 -182.88205 -53.26003 NaN NaN NaN 49.49944 -125.92101 11.26139 -31.76845 -179.01588 -75.80951
49593 0.76144 NaN NaN NaN 205.58438 -136.93442 -3.23035 312.02628 -182.91661 -53.28610 NaN NaN NaN 49.76386 -125.52023 11.04223 -31.83639 -179.12801 -75.40376
49594 0.76977 NaN NaN NaN 205.68581 -137.01570 -3.11544 312.04474 -182.96185 -53.27655 NaN NaN NaN 50.05799 -125.11900 10.79739 -31.93712 -179.23785 -74.95962
49595 0.77810 NaN NaN NaN 205.75549 -137.02428 -3.00651 312.05432 -182.98701 -53.26794 NaN NaN NaN 50.36674 -124.69625 10.53636 -32.08608 -179.36221 -74.42760
49596 0.78643 NaN NaN NaN 205.79994 -137.06039 -2.91247 312.10068 -183.01549 -53.22782 NaN NaN NaN 50.71273 -124.25636 10.24910 -32.22812 -179.46964 -73.97748
49597 0.79477 NaN NaN NaN 205.82181 -137.05211 -2.80392 312.14557 -183.01228 -53.19865 NaN NaN NaN 51.07409 -123.81670 9.80218 -32.36227 -179.61571 -73.45466
49598 0.80310 NaN NaN NaN 205.84508 -137.10214 -2.69907 312.16949 -182.99725 -53.17319 NaN NaN NaN 51.47799 -123.34107 9.35432 -32.51296 -179.79767 -72.86967
49599 0.81143 NaN NaN NaN 205.90781 -137.11458 -2.62447 312.20255 -183.01942 -53.15451 NaN NaN NaN 51.88108 -122.83172 8.92251 -32.71824 -180.01047 -72.24704
49600 0.81976 NaN NaN NaN 205.98709 -137.15327 -2.57539 312.22314 -183.03979 -53.14470 NaN NaN NaN 52.32215 -122.35278 8.43401 -32.90695 -180.20543 -71.60037
49601 0.82809 NaN NaN NaN 206.04514 -137.18887 -2.53480 312.26031 -183.09270 -53.16304 NaN NaN NaN 52.73514 -121.92847 7.96886 -33.10301 -180.38776 -70.93190
49602 0.83642 NaN NaN NaN 206.08162 -137.24672 -2.51934 312.29178 -183.09840 -53.18269 NaN NaN NaN 53.11571 -121.52049 7.45255 -33.30132 -180.58319 -70.42988
49603 0.84475 NaN NaN NaN 206.10698 -137.31006 -2.51688 312.33173 -183.12048 -53.18850 NaN NaN NaN 53.45232 -121.12263 7.00760 -33.46279 -180.72852 -69.89247
49604 0.85308 NaN NaN NaN 206.12669 -137.35526 -2.52083 312.36230 -183.08379 -53.21129 NaN NaN NaN 53.80831 -120.75999 6.57367 -33.61167 -180.81393 -69.42775
49605 0.86142 NaN NaN NaN 206.13333 -137.37320 -2.54251 312.39557 -183.07541 -53.21564 NaN NaN NaN 54.14401 -120.45060 6.14158 -33.74263 -180.90709 -68.95402
49606 0.86975 NaN NaN NaN 206.12201 -137.37698 -2.54697 312.39642 -183.07365 -53.21472 NaN NaN NaN 54.45352 -120.14948 5.78382 -33.91048 -181.02161 -68.45524
49607 0.87808 NaN NaN NaN 206.13684 -137.39418 -2.58630 312.43018 -183.10939 -53.16633 NaN NaN NaN 54.78727 -119.81392 5.24949 -34.08774 -181.11591 -67.93642
49608 0.88641 NaN NaN NaN 206.11397 -137.39140 -2.60241 312.45966 -183.15598 -53.07276 NaN NaN NaN 55.20356 -119.40124 4.66149 -34.32198 -181.26738 -67.33485
49609 0.89474 NaN NaN NaN 206.09489 -137.37605 -2.62888 312.49313 -183.19025 -52.96856 NaN NaN NaN 55.64666 -118.86907 3.91715 -34.55032 -181.39627 -66.51119
49610 0.90307 NaN NaN NaN 206.06715 -137.35187 -2.65749 312.53912 -183.28163 -52.82825 NaN NaN NaN 56.19063 -118.22047 3.05175 -34.80319 -181.61732 -65.69984
49611 0.91140 NaN NaN NaN 206.01535 -137.28198 -2.68388 312.55087 -183.42714 -52.67002 NaN NaN NaN 56.75196 -117.44904 2.08071 -35.04320 -181.83281 -64.74750
49612 0.91974 NaN NaN NaN 205.90369 -137.20683 -2.75063 312.58371 -183.58954 -52.46204 NaN NaN NaN 57.32857 -116.61255 0.94518 -35.32675 -182.00552 -63.63993
49613 0.92807 NaN NaN NaN 205.76660 -137.07596 -2.85908 312.58496 -183.70113 -52.14520 NaN NaN NaN 57.97932 -115.76147 -0.35859 -35.59573 -182.20285 -62.42674
49614 0.93640 NaN NaN NaN 205.62646 -136.92711 -2.97742 312.60663 -183.75731 -51.88868 NaN NaN NaN 58.66924 -114.81680 -1.80685 -35.86061 -182.46948 -61.10110
49615 0.94473 NaN NaN NaN 205.44948 -136.73148 -3.12773 312.45749 -183.48434 -51.72992 NaN NaN NaN 59.38899 -113.76273 -3.48155 -36.14374 -182.75888 -59.56462
49616 0.95306 NaN NaN NaN 205.24083 -136.59879 -3.25870 312.35608 -183.18353 -51.60027 NaN NaN NaN 60.14154 -112.70337 -5.27733 -36.40154 -183.06261 -57.87443
49617 0.96139 NaN NaN NaN 205.04575 -136.39584 -3.40628 312.29697 -182.88393 -51.46416 NaN NaN NaN 60.88584 -111.58759 -7.16825 -36.60555 -183.37849 -55.98101
49618 0.96972 NaN NaN NaN 204.86166 -136.27371 -3.57946 312.27090 -182.65514 -51.22849 NaN NaN NaN 61.60093 -110.62527 -9.06593 -36.79641 -183.65335 -54.16554
49619 0.97805 NaN NaN NaN 204.61258 -136.07553 -3.76930 312.10257 -182.80762 -50.80928 NaN NaN NaN 62.34930 -109.66315 -11.01107 -36.84698 -183.89983 -52.36621
49620 0.98639 NaN NaN NaN 204.38889 -135.90497 -3.97770 312.01584 -182.91190 -50.47266 NaN NaN NaN 63.07217 -108.77058 -12.97426 -36.81827 -184.08420 -50.76156
49621 0.99472 NaN NaN NaN 204.15729 -135.68892 -4.16787 311.99161 -182.98076 -50.18691 NaN NaN NaN 63.70833 -107.98964 -14.82619 -36.77726 -184.17926 -49.24399
49622 1.00305 NaN NaN NaN 203.93565 -135.47887 -4.39633 311.92117 -182.98305 -49.88596 NaN NaN NaN 64.29061 -107.27358 -16.64638 -36.68230 -184.17358 -47.77123
49623 1.01138 NaN NaN NaN 203.67191 -135.29173 -4.63513 311.81750 -182.91417 -49.56605 NaN NaN NaN 64.82009 -106.59295 -18.21591 -36.53994 -184.06393 -46.32491
49624 1.01971 NaN NaN NaN 203.45622 -135.08789 -4.84856 311.73328 -182.74026 -49.39251 NaN NaN NaN 65.28114 -105.96560 -19.54041 -36.41640 -183.99065 -44.90121
49625 1.02804 NaN NaN NaN 203.21342 -134.87582 -5.03715 311.67191 -182.54390 -49.21890 NaN NaN NaN 65.67592 -105.45759 -20.62432 -36.28100 -183.91165 -43.58726
49626 1.03637 NaN NaN NaN 202.96027 -134.66313 -5.18865 311.56201 -182.36359 -49.03656 NaN NaN NaN 65.97324 -105.00447 -21.42107 -36.10824 -183.84917 -42.40805
49627 1.04470 NaN NaN NaN 202.72052 -134.49268 -5.39534 311.45819 -182.22815 -48.77565 NaN NaN NaN 66.26968 -104.71323 -22.04693 -36.01357 -183.70956 -41.27812
49628 1.05304 NaN NaN NaN 202.54552 -134.33017 -5.65199 311.35919 -182.10497 -48.53797 NaN NaN NaN 66.65903 -104.33020 -22.82320 -35.92022 -183.53877 -40.13070
49629 1.06137 NaN NaN NaN 202.30421 -134.11349 -5.90237 311.31976 -182.00975 -48.29546 NaN NaN NaN 66.99477 -103.95474 -23.47350 -35.73351 -183.32117 -38.89304
49630 1.06970 NaN NaN NaN 202.08589 -133.88759 -6.12389 311.26471 -181.99615 -48.09454 NaN NaN NaN 67.28333 -103.57234 -24.16449 -35.56175 -183.11562 -37.54410
49631 1.07803 NaN NaN NaN 201.88336 -133.66890 -6.29605 311.15268 -181.93666 -47.88045 NaN NaN NaN 67.52110 -103.15957 -24.74987 -35.38068 -182.89304 -36.17560
49632 1.08636 NaN NaN NaN 201.69600 -133.45427 -6.46025 311.06100 -181.81161 -47.56540 NaN NaN NaN 67.76910 -102.69591 -25.35290 -35.22171 -182.69914 -34.78492
49633 1.09469 NaN NaN NaN 201.46764 -133.24564 -6.64322 310.94531 -181.63994 -47.31247 NaN NaN NaN 67.98141 -102.38334 -25.80934 -35.13916 -182.55621 -33.40491
49634 1.10302 NaN NaN NaN 201.26183 -133.04428 -6.78375 310.90665 -181.58363 -47.13860 NaN NaN NaN 68.11717 -102.01231 -26.42299 -35.06293 -182.36813 -32.11587
49635 1.11136 NaN NaN NaN 201.05653 -132.74709 -6.86862 310.81848 -181.49065 -46.97399 NaN NaN NaN 68.25494 -101.74172 -26.88347 -35.00913 -182.15562 -30.95925
49636 1.11969 NaN NaN NaN 200.85989 -132.50810 -7.02446 310.72879 -181.42656 -46.77855 NaN NaN NaN 68.31569 -101.46782 -27.25243 -34.97586 -181.91446 -29.89068
49637 1.12802 NaN NaN NaN 200.67926 -132.30154 -7.31528 310.64792 -181.32938 -46.62882 NaN NaN NaN 68.39367 -101.34983 -27.57419 -34.94181 -181.67722 -28.85031
49638 1.13635 NaN NaN NaN 200.51064 -132.14696 -7.56612 310.57990 -181.25276 -46.38198 NaN NaN NaN 68.50087 -101.26912 -27.92659 -34.86119 -181.40881 -27.87057
49639 1.14468 NaN NaN NaN 200.29164 -131.95248 -7.79024 310.48688 -181.15550 -46.14594 NaN NaN NaN 68.58281 -101.11829 -28.19886 -34.79891 -181.13893 -26.88159
49640 1.15301 NaN NaN NaN 200.10735 -131.75009 -8.04817 310.36111 -181.08896 -45.90216 NaN NaN NaN 68.62318 -100.90420 -28.42441 -34.79231 -180.97121 -25.96130
49641 1.16134 NaN NaN NaN 199.93501 -131.59375 -8.34148 310.22510 -180.90561 -45.69130 NaN NaN NaN 68.66663 -100.72120 -28.60551 -34.81905 -180.81483 -25.07637
49642 1.16967 NaN NaN NaN 199.72266 -131.39105 -8.58881 310.10742 -180.81616 -45.38532 NaN NaN NaN 68.66051 -100.61550 -28.71124 -34.81962 -180.59773 -24.31904
49643 1.17801 NaN NaN NaN 199.48308 -131.19547 -8.84904 310.00500 -180.71526 -45.15678 NaN NaN NaN 68.56069 -100.59343 -28.78050 -34.87395 -180.36537 -23.62546
49644 1.18634 NaN NaN NaN 199.31860 -131.01549 -9.19318 309.89285 -180.67076 -44.95038 NaN NaN NaN 68.45473 -100.63169 -28.75022 -34.92644 -180.15189 -22.91305
49645 1.19467 NaN NaN NaN 199.09439 -130.77612 -9.47108 309.78915 -180.60005 -44.74817 NaN NaN NaN 68.33994 -100.62658 -28.70961 -35.05110 -179.97105 -22.31294
49646 1.20300 NaN NaN NaN 198.92233 -130.57744 -9.62342 309.71048 -180.55000 -44.49896 NaN NaN NaN 68.26390 -100.71838 -28.59829 -35.15274 -179.82498 -21.70689
49647 1.21133 NaN NaN NaN 198.74249 -130.37463 -9.81798 309.63824 -180.47386 -44.30453 NaN NaN NaN 68.12012 -100.70398 -28.50218 -35.30007 -179.71938 -21.13006
49648 1.21966 NaN NaN NaN 198.55205 -130.25343 -9.98112 309.58594 -180.42442 -44.15792 NaN NaN NaN 68.03634 -100.80802 -28.44089 -35.42495 -179.62428 -20.52808
49649 1.22799 NaN NaN NaN 198.42725 -130.16496 -10.09769 309.51999 -180.40913 -43.99117 NaN NaN NaN 67.96728 -100.93047 -28.40710 -35.58326 -179.56628 -19.96832
49650 1.23632 NaN NaN NaN 198.27730 -130.11909 -10.23486 309.46268 -180.36687 -43.80041 NaN NaN NaN 67.88104 -101.06551 -28.41223 -35.79168 -179.55159 -19.37280
49651 1.24466 NaN NaN NaN 198.14288 -130.05872 -10.36714 309.41409 -180.34113 -43.62989 NaN NaN NaN 67.78298 -101.13120 -28.38534 -36.03842 -179.50294 -18.83130
49652 1.25299 NaN NaN NaN 197.99963 -129.94681 -10.50400 309.33984 -180.32967 -43.43922 NaN NaN NaN 67.63571 -101.17655 -28.43773 -36.26846 -179.51811 -18.33994
49653 1.26132 NaN NaN NaN 197.88666 -129.83687 -10.62105 309.28076 -180.23497 -43.25533 NaN NaN NaN 67.45933 -101.13343 -28.45079 -36.47900 -179.50471 -17.85662
49654 1.26965 NaN NaN NaN 197.79010 -129.76080 -10.70471 309.23962 -180.14999 -43.04264 NaN NaN NaN 67.23320 -101.17976 -28.43757 -36.69364 -179.51157 -17.31538
49655 1.27798 NaN NaN NaN 197.66884 -129.70451 -10.81031 309.18896 -180.08150 -42.88033 NaN NaN NaN 67.09189 -101.40273 -28.41961 -36.94117 -179.57515 -16.85336
49656 1.28631 NaN NaN NaN 197.54842 -129.67036 -10.93352 309.15051 -180.06534 -42.75819 NaN NaN NaN 66.89027 -101.73855 -28.45045 -37.20219 -179.68672 -16.43278
49657 1.29464 NaN NaN NaN 197.43147 -129.60623 -11.02836 309.12286 -180.06203 -42.67582 NaN NaN NaN 66.67514 -102.08271 -28.43340 -37.47677 -179.76450 -16.02508
49658 1.30297 NaN NaN NaN 197.33170 -129.50755 -11.14001 309.04556 -180.05252 -42.59529 NaN NaN NaN 66.40862 -102.40291 -28.31295 -37.77831 -179.89394 -15.81873
49659 1.31131 NaN NaN NaN 197.19910 -129.41408 -11.30698 308.95010 -180.00755 -42.46799 NaN NaN NaN 66.19102 -102.69846 -28.12633 -38.09933 -180.09222 -15.65052
49660 1.31964 NaN NaN NaN 196.98120 -129.33994 -11.52512 308.85724 -179.94315 -42.31212 NaN NaN NaN 65.94543 -103.05711 -27.94984 -38.43375 -180.32529 -15.63981
49661 1.32797 NaN NaN NaN 196.73431 -129.23099 -11.79244 308.78281 -179.88478 -42.13263 NaN NaN NaN 65.65505 -103.31039 -27.85877 -38.84375 -180.76222 -15.74532
49662 1.33630 NaN NaN NaN 196.51338 -129.10390 -12.04133 308.70566 -179.77420 -41.98212 NaN NaN NaN 65.30016 -103.60154 -27.80134 -39.23545 -181.10506 -15.78104
49663 1.34463 NaN NaN NaN 196.33778 -129.00575 -12.32487 308.59970 -179.69431 -41.87636 NaN NaN NaN 64.96501 -103.94393 -27.78170 -39.62578 -181.37958 -15.76073
49664 1.35296 NaN NaN NaN 196.15114 -128.90353 -12.53620 308.43402 -179.58960 -41.77807 NaN NaN NaN 64.67082 -104.29372 -27.75976 -39.99004 -181.61362 -15.75319
49665 1.36129 NaN NaN NaN 195.96800 -128.86092 -12.74797 308.31607 -179.49989 -41.68592 NaN NaN NaN 64.37005 -104.63571 -27.80187 -40.36036 -181.81346 -15.73691
49666 1.36963 NaN NaN NaN 195.80893 -128.82526 -12.82960 308.23352 -179.48235 -41.51632 NaN NaN NaN 64.15098 -105.08978 -27.78442 -40.73965 -182.03729 -15.71035
49667 1.37796 NaN NaN NaN 195.67560 -128.75368 -12.85970 308.16959 -179.40462 -41.23783 NaN NaN NaN 63.80115 -105.38284 -27.71776 -41.09370 -182.30298 -15.74108
49668 1.38629 NaN NaN NaN 195.55893 -128.66740 -12.82367 308.10007 -179.24585 -41.04416 NaN NaN NaN 63.46982 -105.78699 -27.54874 -41.50267 -182.58748 -15.86722
49669 1.39462 NaN NaN NaN 195.45923 -128.57811 -12.75319 308.03098 -179.12946 -40.84395 NaN NaN NaN 63.17138 -106.04761 -27.06436 -41.93904 -182.93921 -16.18174
49670 1.40295 NaN NaN NaN 195.41075 -128.39717 -12.61114 308.01053 -178.93900 -40.57371 NaN NaN NaN 62.85427 -106.42745 -26.43266 -42.39491 -183.33267 -16.65415
49671 1.41128 NaN NaN NaN 195.38821 -128.28304 -12.42509 308.03448 -178.74773 -40.23726 NaN NaN NaN 62.62069 -106.80692 -25.61827 -42.90321 -183.76183 -17.19897
49672 1.41961 NaN NaN NaN 195.37492 -128.13820 -12.28763 308.01196 -178.61618 -39.88203 NaN NaN NaN 62.38271 -107.37310 -24.88518 -43.44093 -184.22095 -17.78927
49673 1.42794 NaN NaN NaN 195.33035 -127.93359 -12.20632 307.99463 -178.44557 -39.48363 NaN NaN NaN 61.97026 -107.76331 -24.24552 -43.86647 -184.56683 -18.20303
49674 1.43628 NaN NaN NaN 195.25388 -127.71450 -12.21599 307.95538 -178.35464 -39.06334 NaN NaN NaN 61.59724 -108.13087 -23.89702 -44.22132 -184.88336 -18.51246
49675 1.44461 NaN NaN NaN 195.14560 -127.43655 -12.28520 307.91519 -178.26654 -38.62943 NaN NaN NaN 61.33479 -108.44923 -23.60075 -44.55345 -185.07108 -18.65245
49676 1.45294 NaN NaN NaN 195.01488 -127.04105 -12.39615 307.85339 -178.10648 -38.09612 NaN NaN NaN 61.05283 -108.56676 -23.37242 -44.83342 -185.16142 -18.67506
49677 1.46127 NaN NaN NaN 194.84763 -126.71893 -12.56857 307.81244 -177.94591 -37.61033 NaN NaN NaN 60.78278 -108.65096 -23.13895 -45.15340 -185.27621 -18.56648
49678 1.46960 NaN NaN NaN 194.68823 -126.38379 -12.72622 307.74619 -177.76509 -37.04379 NaN NaN NaN 60.55780 -108.85341 -22.86839 -45.43493 -185.41481 -18.39202
49679 1.47793 NaN NaN NaN 194.53416 -125.99622 -12.90056 307.67651 -177.62032 -36.46264 NaN NaN NaN 60.37304 -109.05051 -22.62426 -45.68048 -185.54932 -18.16554
49680 1.48626 NaN NaN NaN 194.34268 -125.65595 -13.11772 307.54779 -177.45204 -35.81160 NaN NaN NaN 60.13774 -109.31139 -21.99453 -45.96555 -185.67149 -17.89865
49681 1.49459 NaN NaN NaN 194.10106 -125.21352 -13.35325 307.41269 -177.31468 -35.03057 NaN NaN NaN 59.75919 -109.54923 -21.58537 -46.27649 -185.84949 -17.75016
49682 1.50293 NaN NaN NaN 193.83330 -124.73170 -13.65372 307.32321 -177.23114 -34.01691 NaN NaN NaN 59.44051 -109.78019 -21.18840 -46.62934 -185.96820 -17.64649
49683 1.51126 NaN NaN NaN 193.49467 -124.09497 -14.01520 307.11908 -176.89767 -33.01633 NaN NaN NaN 59.18774 -110.10525 -20.86864 -46.94136 -186.08804 -17.60225
49684 1.51959 NaN NaN NaN 193.13048 -123.43509 -14.42192 306.91766 -176.57716 -31.91610 NaN NaN NaN 58.85859 -110.21014 -20.75006 -47.26261 -186.17358 -17.50530
49685 1.52792 NaN NaN NaN 192.78873 -122.73535 -14.76496 306.76785 -176.37781 -30.72056 NaN NaN NaN 58.56874 -110.31014 -20.39902 -47.59762 -186.33910 -17.39075
49686 1.53625 NaN NaN NaN 192.43498 -122.09190 -15.03977 306.52429 -176.07918 -29.50881 NaN NaN NaN 58.29867 -110.44484 -20.09160 -47.95465 -186.45554 -17.22701
49687 1.54458 NaN NaN NaN 192.10362 -121.45007 -15.38856 306.29156 -175.68593 -28.30988 NaN NaN NaN 57.99201 -110.63821 -19.74847 -48.30936 -186.52516 -16.99982
49688 1.55291 NaN NaN NaN 191.78728 -120.90526 -15.67934 305.99435 -175.15462 -26.99025 NaN NaN NaN 57.81782 -110.83907 -19.70362 -48.64137 -186.76506 -16.83528
49689 1.56125 NaN NaN NaN 191.44389 -120.13257 -15.88748 305.73288 -174.53394 -25.73746 NaN NaN NaN 57.61732 -110.99371 -19.60652 -48.98436 -186.87975 -16.60556
49690 1.56958 NaN NaN NaN 191.01947 -119.22607 -16.07537 305.46539 -173.94550 -24.43267 NaN NaN NaN 57.37126 -111.07690 -19.39225 -49.29678 -187.02536 -16.47659
49691 1.57791 NaN NaN NaN 190.52237 -118.14159 -16.13577 305.21323 -173.43802 -23.20829 NaN NaN NaN 57.18462 -111.26719 -19.04493 -49.57116 -187.02284 -16.31483
49692 1.58624 NaN NaN NaN 190.03839 -117.07509 -16.22668 304.97458 -172.97748 -22.00154 NaN NaN NaN 56.82241 -111.28954 -18.60531 -49.88832 -186.99303 -16.24403
49693 1.59457 NaN NaN NaN 189.53697 -115.98862 -16.37723 304.74216 -172.53494 -20.95972 NaN NaN NaN 56.53812 -111.38194 -18.27386 -50.18653 -187.17366 -16.32076
49694 1.60290 NaN NaN NaN 189.11317 -115.08675 -16.57907 304.49283 -172.15591 -20.07397 NaN NaN NaN 56.32771 -111.55036 -17.86745 -50.44931 -187.28796 -16.41219
49695 1.61123 NaN NaN NaN 188.92833 -114.53431 -16.60436 304.28137 -171.82356 -19.27822 NaN NaN NaN 56.17945 -111.57990 -17.39914 -50.66908 -187.34268 -16.42549
49696 1.61956 NaN NaN NaN 188.99719 -114.33162 -16.45335 304.06250 -171.44331 -18.44828 NaN NaN NaN 56.05433 -111.58290 -17.02525 -50.91607 -187.35710 -16.39510
49697 1.62790 NaN NaN NaN 189.07309 -114.40511 -15.95578 303.78778 -171.01434 -17.65249 NaN NaN NaN 55.90895 -111.54652 -16.62603 -51.13368 -187.38768 -16.34045
49698 1.63623 NaN NaN NaN 189.24464 -114.41438 -15.51547 303.58688 -170.61263 -16.96991 NaN NaN NaN 55.64631 -111.35343 -16.15180 -51.30410 -187.38116 -16.30973
49699 1.64456 NaN NaN NaN 189.37204 -114.32081 -15.06657 303.33899 -170.17105 -16.23216 NaN NaN NaN 55.50875 -111.20631 -15.77220 -51.54359 -187.44582 -16.25827
49700 1.65289 NaN NaN NaN 189.31982 -114.22618 -14.89311 303.13129 -169.71834 -15.56069 NaN NaN NaN 55.36495 -111.05122 -15.61957 -51.71421 -187.43890 -16.16141
49701 1.66122 NaN NaN NaN 189.34653 -114.27532 -14.85192 302.91959 -169.33282 -14.92253 NaN NaN NaN 55.01622 -111.49597 -16.07106 -51.84504 -187.41045 -15.96982
49702 1.66955 NaN NaN NaN 189.26874 -114.08710 -14.80196 302.66653 -168.92384 -14.34766 NaN NaN NaN 54.96749 -111.46555 -15.94072 -51.92435 -187.33342 -15.75191
49703 1.67788 NaN NaN NaN 189.09850 -113.68058 -14.76583 302.47382 -168.55974 -13.78096 NaN NaN NaN 55.00560 -111.75243 -16.20711 -52.00180 -187.23067 -15.53704
49704 1.68621 NaN NaN NaN 188.88625 -113.31352 -14.74327 302.28281 -168.21400 -13.28300 NaN NaN NaN 54.94558 -112.18174 -16.13596 -52.11925 -187.13734 -15.32018
49705 1.69455 NaN NaN NaN 188.73351 -112.76438 -14.54404 302.12341 -167.89163 -12.86706 NaN NaN NaN 54.92566 -112.48653 -15.88181 -52.17796 -187.07533 -15.09180
49706 1.70288 NaN NaN NaN 188.62788 -112.26063 -14.43315 301.95950 -167.63713 -12.55359 NaN NaN NaN 54.81618 -112.68388 -15.62604 -52.23829 -187.02351 -14.92319
49707 1.71121 NaN NaN NaN 188.54596 -111.67711 -14.32216 301.77502 -167.38963 -12.17638 NaN NaN NaN 54.65854 -112.55595 -15.48643 -52.21063 -186.91815 -14.68194
49708 1.71954 NaN NaN NaN 188.38657 -111.33761 -14.46812 301.58911 -167.15228 -11.87555 NaN NaN NaN 54.57925 -112.33630 -15.48758 -52.19896 -186.82619 -14.43352
49709 1.72787 NaN NaN NaN 188.24420 -111.04581 -14.31417 301.43594 -166.98746 -11.75395 NaN NaN NaN 54.63949 -112.04846 -15.59212 -52.16527 -186.76561 -14.21587
49710 1.73620 NaN NaN NaN 188.07552 -110.71246 -14.30643 301.25192 -166.82910 -11.62611 NaN NaN NaN 54.72940 -111.75910 -15.74943 -52.10007 -186.60236 -13.95509
49711 1.74453 NaN NaN NaN 187.87912 -110.41972 -14.40625 301.07236 -166.65129 -11.45418 NaN NaN NaN 54.83809 -111.57083 -15.87425 -51.97594 -186.48158 -13.73446
49712 1.75287 NaN NaN NaN 187.72795 -110.08488 -14.48030 300.85950 -166.48460 -11.33966 NaN NaN NaN 54.96610 -111.42202 -16.01048 -51.87376 -186.34888 -13.54625
49713 1.76120 NaN NaN NaN 187.64249 -109.76224 -14.60751 300.69196 -166.35358 -11.31849 NaN NaN NaN 55.12549 -111.36323 -16.11671 -51.77612 -186.24126 -13.34514
49714 1.76953 NaN NaN NaN 187.49536 -109.40720 -14.61831 300.45230 -166.22841 -11.35552 NaN NaN NaN 55.26412 -111.33018 -16.22376 -51.70737 -186.12482 -13.13524
49715 1.77786 NaN NaN NaN 187.40265 -108.94645 -14.23931 300.26401 -166.16899 -11.45467 NaN NaN NaN 55.39326 -111.33389 -16.43382 -51.61654 -186.05458 -13.04579
49716 1.78619 NaN NaN NaN 187.30673 -108.54515 -13.91466 300.08093 -166.13358 -11.64094 NaN NaN NaN 55.57990 -111.45603 -16.65602 -51.49693 -186.06760 -13.08650
49717 1.79452 NaN NaN NaN 187.26799 -108.30661 -13.74807 299.94720 -166.13995 -11.86497 NaN NaN NaN 55.73857 -111.58219 -16.94057 -51.43290 -186.10204 -13.17473
49718 1.80285 NaN NaN NaN 187.26224 -108.18227 -13.55870 299.85812 -166.21092 -12.10818 NaN NaN NaN 55.80409 -111.55282 -17.25132 -51.34778 -186.09738 -13.34188
49719 1.81118 NaN NaN NaN 187.23689 -108.24479 -13.26585 299.78598 -166.22746 -12.41657 NaN NaN NaN 55.86802 -111.54250 -17.55177 -51.28669 -186.12032 -13.53080
49720 1.81952 NaN NaN NaN 187.37158 -108.15921 -12.93501 299.73709 -166.32820 -12.82375 NaN NaN NaN 55.90691 -111.58572 -17.80852 -51.24901 -186.18587 -13.71993
49721 1.82785 NaN NaN NaN 187.52455 -108.12936 -12.12525 299.77448 -166.46930 -13.41139 NaN NaN NaN 56.04473 -111.82336 -18.15597 -51.23445 -186.21297 -13.90484
49722 1.83618 NaN NaN NaN 187.86134 -108.17599 -11.05260 299.87256 -166.70523 -14.03354 NaN NaN NaN 56.02752 -111.85789 -18.47056 -51.27116 -186.30812 -14.10550
49723 1.84451 NaN NaN NaN 188.25673 -108.38885 -10.28363 300.05069 -167.01756 -14.84083 NaN NaN NaN 56.04684 -111.96031 -18.53438 -51.28650 -186.38068 -14.27210
49724 1.85284 NaN NaN NaN 188.68951 -108.42325 -9.33769 300.25824 -167.33765 -15.80566 NaN NaN NaN 56.02332 -112.08411 -18.47567 -51.33250 -186.44272 -14.38991
49725 1.86117 NaN NaN NaN 189.08777 -108.51264 -8.20706 300.47675 -167.74625 -16.85321 NaN NaN NaN 56.05430 -112.31709 -18.40891 -51.36484 -186.47710 -14.52851
49726 1.86950 NaN NaN NaN 189.56371 -108.56977 -6.91776 300.75546 -168.09224 -17.89112 NaN NaN NaN 56.07189 -112.55128 -18.36356 -51.41526 -186.48271 -14.61103
49727 1.87783 NaN NaN NaN 190.14104 -108.68520 -5.54794 301.01492 -168.43597 -18.93486 NaN NaN NaN 56.07986 -112.86317 -18.29396 -51.51506 -186.51328 -14.68541
49728 1.88617 NaN NaN NaN 190.79016 -108.87944 -4.12192 301.32043 -168.74625 -19.88429 NaN NaN NaN 55.97335 -113.17536 -18.21210 -51.72825 -186.62959 -14.68063
49729 1.89450 NaN NaN NaN 191.54497 -109.08820 -2.70087 301.64505 -168.98299 -20.81146 NaN NaN NaN 55.93859 -113.62615 -18.11316 -51.94748 -186.81364 -14.69887
49730 1.90283 NaN NaN NaN 192.33873 -109.37522 -1.22541 301.99762 -169.25764 -21.73239 NaN NaN NaN 55.72538 -113.93959 -17.93678 -52.27538 -187.03160 -14.67687
49731 1.91116 NaN NaN NaN 193.19305 -109.66120 0.32929 302.42453 -169.44249 -22.48640 NaN NaN NaN 55.53165 -114.25624 -17.74041 -52.60601 -187.22417 -14.62843
49732 1.91949 NaN NaN NaN 194.10544 -109.96397 1.87925 302.89990 -169.62411 -23.22146 NaN NaN NaN 55.30547 -114.64856 -17.53561 -52.96056 -187.35498 -14.55020
49733 1.92782 NaN NaN NaN 195.06367 -110.28538 3.47896 303.38196 -169.81500 -23.87685 NaN NaN NaN 55.05571 -115.01981 -17.36878 -53.30297 -187.50320 -14.36415
49734 1.93615 NaN NaN NaN 196.06264 -110.58382 5.05091 303.95331 -170.00618 -24.41452 NaN NaN NaN 54.77879 -115.45936 -17.21432 -53.76311 -187.67719 -14.12024
49735 1.94449 NaN NaN NaN 197.11305 -110.85805 6.54028 304.50790 -170.20038 -24.83152 NaN NaN NaN 54.45473 -115.85387 -17.01253 -54.27787 -187.84837 -13.88372
49736 1.95282 NaN NaN NaN 198.21732 -111.32443 8.10944 305.17422 -170.43874 -25.33017 NaN NaN NaN 54.09790 -116.27243 -16.72773 -54.78954 -188.07193 -13.68221
49737 1.96115 NaN NaN NaN 199.44106 -111.84135 9.82343 305.82095 -170.74147 -25.89441 NaN NaN NaN 53.69688 -116.68056 -16.39363 -55.32260 -188.26250 -13.51111
49738 1.96948 NaN NaN NaN 200.84613 -112.45367 11.74856 306.43680 -171.07861 -26.63236 NaN NaN NaN 53.27352 -117.11382 -16.04923 -55.85556 -188.44621 -13.28922
49739 1.97781 NaN NaN NaN 202.43971 -113.15154 13.85326 307.04700 -171.35913 -27.43613 NaN NaN NaN 52.92218 -117.54507 -15.68999 -56.42532 -188.64603 -13.12540
49740 1.98614 NaN NaN NaN 204.10292 -113.92377 16.09577 307.61523 -171.60332 -28.43242 NaN NaN NaN 52.48095 -118.00739 -15.28654 -57.01075 -188.85957 -13.03516
49741 1.99447 NaN NaN NaN 205.90295 -114.67226 18.39703 308.10422 -171.85829 -29.41788 NaN NaN NaN 52.14698 -118.60713 -14.98529 -57.51226 -189.07146 -12.94603
49742 2.00280 NaN NaN NaN 207.65321 -115.39104 20.74446 308.53098 -172.09021 -30.35958 NaN NaN NaN 51.69078 -119.36848 -14.88470 -58.05703 -189.27390 -12.84843
49743 2.01114 NaN NaN NaN 209.43408 -116.12570 22.93759 308.87735 -172.26384 -31.38246 NaN NaN NaN 51.31531 -120.17785 -14.88307 -58.56111 -189.45033 -12.69538
49744 2.01947 NaN NaN NaN 211.16130 -116.82437 25.12430 309.14603 -172.38451 -32.28517 NaN NaN NaN 51.01930 -120.79185 -14.86964 -58.95624 -189.59705 -12.61001
49745 2.02780 NaN NaN NaN 212.86440 -117.57726 27.24145 309.42117 -172.48033 -33.20474 NaN NaN NaN 50.76082 -121.13936 -14.67029 -59.33460 -189.66824 -12.47774
49746 2.03613 NaN NaN NaN 214.55046 -118.27955 29.20914 309.66196 -172.52827 -34.00927 NaN NaN NaN 50.56706 -121.24667 -14.42043 -59.72948 -189.72775 -12.34843
49747 2.04446 NaN NaN NaN 216.18123 -118.99629 30.97384 309.93246 -172.58028 -34.74755 NaN NaN NaN 50.38784 -121.26243 -14.26790 -60.04842 -189.81749 -12.22675
49748 2.05279 NaN NaN NaN 217.69650 -119.69021 32.45611 310.27374 -172.71628 -35.35551 NaN NaN NaN 50.25212 -121.11124 -14.25587 -60.29858 -189.85597 -12.10333
49749 2.06112 NaN NaN NaN 219.15843 -120.30540 33.75182 310.67856 -172.87892 -35.82467 NaN NaN NaN 50.13715 -120.98232 -14.33874 -60.50707 -189.90923 -11.98932
49750 2.06945 NaN NaN NaN 220.47609 -120.91574 34.83890 311.12924 -173.06598 -36.16280 NaN NaN NaN 50.00022 -120.76245 -14.44820 -60.61378 -189.95815 -11.91066
49751 2.07779 NaN NaN NaN 221.73799 -121.48197 35.81087 311.61554 -173.28349 -36.40971 NaN NaN NaN 49.91129 -120.62617 -14.53186 -60.66753 -189.95485 -11.81200
49752 2.08612 NaN NaN NaN 222.91223 -122.06131 36.56736 312.14606 -173.48366 -36.70366 NaN NaN NaN 49.90133 -120.48038 -14.62355 -60.65570 -189.87299 -11.60288
49753 2.09445 NaN NaN NaN 223.95848 -122.54860 37.17826 312.71930 -173.73166 -36.89695 NaN NaN NaN 50.08289 -120.47798 -14.74575 -60.54094 -189.74202 -11.41399
49754 2.10278 NaN NaN NaN 224.90321 -123.04246 37.63558 313.30130 -173.90813 -37.00554 NaN NaN NaN 50.31321 -120.41019 -14.95478 -60.33749 -189.58424 -11.27176
49755 2.11111 NaN NaN NaN 225.70700 -123.48429 37.90455 313.84296 -174.10297 -37.17983 NaN NaN NaN 50.55693 -120.32317 -15.17110 -60.08705 -189.42603 -11.13120
49756 2.11944 NaN NaN NaN 226.37149 -123.98047 38.00592 314.42859 -174.32149 -37.39536 NaN NaN NaN 50.84902 -120.18427 -15.39343 -59.78122 -189.25458 -10.95899
49757 2.12777 NaN NaN NaN 226.91194 -124.42434 37.94056 315.04935 -174.51538 -37.46001 NaN NaN NaN 50.99810 -119.83260 -15.79369 -59.49182 -189.10168 -10.83310
49758 2.13610 NaN NaN NaN 227.35359 -124.76258 37.78033 315.69366 -174.77075 -37.46692 NaN NaN NaN 51.26339 -119.50692 -16.21048 -59.06347 -188.92537 -10.69386
49759 2.14444 NaN NaN NaN 227.65041 -125.08841 37.49661 316.34421 -175.05159 -37.45126 NaN NaN NaN 51.55962 -119.10294 -16.60584 -58.63998 -188.75536 -10.60838
49760 2.15277 NaN NaN NaN 227.93982 -125.43860 37.18054 316.96466 -175.35495 -37.48882 NaN NaN NaN 51.84878 -118.69484 -16.95595 -58.12684 -188.51881 -10.52700
49761 2.16110 NaN NaN NaN 228.19429 -125.78338 36.80085 317.50919 -175.59714 -37.61870 NaN NaN NaN 52.21460 -118.32708 -17.30368 -57.63819 -188.29919 -10.46398
49762 2.16943 NaN NaN NaN 228.45164 -126.10511 36.44620 317.94727 -175.78415 -37.74989 NaN NaN NaN 52.51541 -118.00449 -17.57975 -57.10790 -188.13853 -10.52876
49763 2.17776 NaN NaN NaN 228.68559 -126.37453 36.14874 318.29984 -175.95827 -37.94164 NaN NaN NaN 52.87059 -117.68711 -17.78545 -56.57124 -187.99677 -10.65361
49764 2.18609 NaN NaN NaN 228.84821 -126.67868 35.81724 318.58124 -176.10062 -38.25411 NaN NaN NaN 53.14333 -117.49316 -17.90318 -56.09426 -187.92654 -10.86379
49765 2.19442 NaN NaN NaN 228.94215 -126.89304 35.52362 318.76660 -176.18344 -38.61150 NaN NaN NaN 53.44174 -117.33317 -18.07310 -55.60069 -187.85530 -11.17385
49766 2.20276 NaN NaN NaN 229.04442 -127.08146 35.28204 318.86526 -176.24620 -38.91193 NaN NaN NaN 53.60645 -117.15268 -18.17899 -55.11133 -187.75420 -11.50331
49767 2.21109 NaN NaN NaN 229.09453 -127.22319 35.04433 318.88510 -176.24377 -39.21599 NaN NaN NaN 53.81653 -116.99592 -18.27732 -54.65062 -187.71645 -11.83852
49768 2.21942 NaN NaN NaN 229.10188 -127.30806 34.80292 318.83801 -176.24179 -39.51840 NaN NaN NaN 54.01227 -116.78082 -18.22099 -54.24133 -187.65430 -12.11171
49769 2.22775 NaN NaN NaN 229.02092 -127.32708 34.56830 318.70889 -176.18852 -39.76416 NaN NaN NaN 54.45073 -116.17726 -18.18483 -53.89487 -187.59138 -12.31690
49770 2.23608 NaN NaN NaN 228.91171 -127.30429 34.36333 318.60269 -176.17171 -39.99380 NaN NaN NaN 54.85617 -115.61933 -18.29700 -53.55887 -187.57179 -12.55086
49771 2.24441 NaN NaN NaN 228.76138 -127.16785 34.14174 318.52896 -176.33731 -40.13918 NaN NaN NaN 55.15243 -115.19400 -18.56201 -53.31698 -187.58026 -12.77724
49772 2.25274 NaN NaN NaN 228.56441 -127.07221 33.93595 318.41510 -176.44829 -40.25734 NaN NaN NaN 55.35933 -114.89517 -18.75404 -53.09961 -187.62102 -13.04544
49773 2.26107 NaN NaN NaN 228.44498 -126.96616 33.73410 318.28494 -176.54684 -40.37292 NaN NaN NaN 55.46955 -114.88702 -18.78766 -52.90781 -187.66077 -13.35930
49774 2.26941 NaN NaN NaN 228.26201 -126.82038 33.44762 318.12820 -176.51932 -40.41622 NaN NaN NaN 55.47363 -114.99925 -18.75511 -52.92908 -187.80013 -13.78363
49775 2.27774 NaN NaN NaN 227.93695 -126.64101 33.07256 317.93991 -176.41888 -40.43952 NaN NaN NaN 55.30829 -115.05649 -18.64466 -52.91922 -187.94688 -14.22475
49776 2.28607 NaN NaN NaN 227.54079 -126.38021 32.63446 317.82611 -176.30275 -40.39631 NaN NaN NaN 55.13115 -115.15483 -18.54168 -52.96669 -188.12341 -14.55049
49777 2.29440 NaN NaN NaN 227.04343 -126.04618 32.08057 317.72800 -176.15814 -40.21077 NaN NaN NaN 54.97291 -115.25909 -18.47847 -53.06847 -188.34581 -14.94459
49778 2.30273 NaN NaN NaN 226.47456 -125.64809 31.41000 317.70490 -176.03296 -39.91476 NaN NaN NaN 54.81352 -115.26421 -18.37857 -53.11845 -188.53084 -15.31204
49779 2.31106 NaN NaN NaN 225.81860 -125.26034 30.69190 317.72748 -175.98526 -39.48850 NaN NaN NaN 54.63440 -115.27522 -18.29704 -53.22150 -188.74896 -15.64321
49780 2.31939 NaN NaN NaN 225.09183 -124.84413 29.89536 317.77737 -175.98651 -38.95990 NaN NaN NaN 54.47171 -115.19919 -18.24741 -53.26582 -188.92535 -16.02483
49781 2.32772 NaN NaN NaN 224.31917 -124.42851 28.97774 317.85721 -176.07584 -38.35706 NaN NaN NaN 54.19677 -115.03187 -18.00517 -53.24844 -189.07039 -16.36908
49782 2.33606 NaN NaN NaN 223.47044 -123.96381 28.00530 317.97452 -176.15620 -37.65131 NaN NaN NaN 54.04520 -114.60516 -17.80964 -53.21608 -189.19196 -16.79176
49783 2.34439 NaN NaN NaN 222.64851 -123.51633 26.97137 318.21030 -176.46317 -36.77169 NaN NaN NaN 53.87361 -114.37509 -17.46475 -53.08640 -189.34868 -17.46123
49784 2.35272 NaN NaN NaN 221.84271 -123.05336 25.84815 318.32544 -176.53993 -35.97665 NaN NaN NaN 53.71399 -114.38071 -17.30463 -52.94866 -189.56068 -18.29877
49785 2.36105 NaN NaN NaN 221.05811 -122.68547 24.78580 318.38742 -176.47020 -35.28650 NaN NaN NaN 53.52392 -114.19855 -16.95750 -52.76935 -189.83914 -19.28404
49786 2.36938 NaN NaN NaN 220.36110 -122.31725 23.88486 318.44968 -176.39282 -34.65138 NaN NaN NaN 53.34546 -114.13936 -16.30438 -52.60853 -190.13875 -20.33659
49787 2.37771 NaN NaN NaN 219.71469 -122.05444 23.04326 318.54419 -176.33333 -34.12955 NaN NaN NaN 53.18848 -113.85901 -15.50618 -52.44474 -190.46822 -21.52350
49788 2.38604 NaN NaN NaN 219.20558 -121.75885 22.32837 318.59055 -176.29036 -33.70165 NaN NaN NaN 52.96627 -113.54065 -14.54810 -52.20689 -190.76027 -22.83697
49789 2.39438 NaN NaN NaN 218.71884 -121.51745 21.72778 318.61594 -176.28227 -33.50651 NaN NaN NaN 52.72568 -112.98439 -13.50003 -51.91608 -191.07239 -24.26468
49790 2.40271 NaN NaN NaN 218.32578 -121.35133 21.20705 318.57825 -176.33078 -33.39333 NaN NaN NaN 52.59429 -112.46169 -12.32404 -51.51369 -191.33804 -25.92459
49791 2.41104 NaN NaN NaN 218.05157 -121.34156 20.72862 318.52194 -176.38295 -33.37984 NaN NaN NaN 52.57646 -111.84737 -11.14158 -50.98534 -191.59352 -27.87274
49792 2.41937 NaN NaN NaN 217.84555 -121.47806 20.32856 318.41241 -176.39319 -33.46408 NaN NaN NaN 52.64381 -111.24006 -10.00309 -50.36591 -191.76144 -30.03346
49793 2.42770 NaN NaN NaN 217.58307 -121.58590 19.75285 318.24152 -176.44095 -33.63297 NaN NaN NaN 51.89072 -111.51838 -8.47036 -49.62772 -191.73668 -32.24142
49794 2.43603 NaN NaN NaN 217.22458 -121.54440 19.17787 318.01480 -176.45912 -33.85908 NaN NaN NaN 51.29133 -111.89630 -7.52318 -48.73665 -191.58093 -34.67100
49795 2.44436 NaN NaN NaN 216.83870 -121.43848 18.54556 317.72214 -176.38617 -34.20640 NaN NaN NaN 51.00394 -112.00825 -6.51686 -47.69675 -191.25330 -37.12500
49796 2.45269 NaN NaN NaN 216.37451 -121.25402 17.92847 317.41769 -176.34744 -34.52037 NaN NaN NaN 51.14149 -111.79035 -6.09951 -46.60875 -190.84106 -39.46247
49797 2.46103 NaN NaN NaN 215.92404 -121.10162 17.28158 317.10803 -176.28764 -34.74348 NaN NaN NaN 51.47373 -111.18842 -5.76474 -45.41566 -190.43094 -41.61689
49798 2.46936 NaN NaN NaN 215.50250 -120.93291 16.70221 316.80209 -176.26711 -34.95172 NaN NaN NaN 51.79280 -110.29734 -5.56212 -44.14357 -190.04230 -43.46619
49799 2.47769 NaN NaN NaN 215.10040 -120.74028 16.22357 316.52026 -176.22404 -35.07928 NaN NaN NaN 52.13737 -109.37243 -5.35496 -42.90611 -189.64595 -45.12472
49800 2.48602 NaN NaN NaN 214.73355 -120.55066 15.89291 316.24234 -176.22874 -35.13143 NaN NaN NaN 52.55856 -108.54644 -5.12263 -41.57245 -189.20766 -46.43863
49801 2.49435 NaN NaN NaN 214.38756 -120.46143 15.64140 315.93976 -176.26587 -35.10693 NaN NaN NaN 52.97848 -107.75565 -5.01662 -40.19072 -188.78163 -47.51379
49802 2.50268 NaN NaN NaN 214.04788 -120.32982 15.57909 315.61569 -176.25188 -35.05542 NaN NaN NaN 53.52781 -106.88807 -4.90898 -38.72112 -188.37204 -48.34887
49803 2.51101 NaN NaN NaN 213.70724 -120.20898 15.40562 315.26913 -176.30609 -35.00188 NaN NaN NaN 54.16640 -105.93143 -4.79870 -37.23724 -187.91806 -48.98721
49804 2.51934 NaN NaN NaN 213.33891 -120.05820 15.17357 314.90533 -176.32281 -34.90912 NaN NaN NaN 55.04146 -104.69362 -4.91858 -35.68166 -187.44484 -49.45815
49805 2.52768 NaN NaN NaN 212.93015 -119.84414 14.98182 314.50690 -176.29987 -34.81311 NaN NaN NaN 55.92741 -103.39951 -5.28753 -34.07455 -186.89731 -49.80927
49806 2.53601 NaN NaN NaN 212.42877 -119.70172 14.70203 314.07104 -176.33154 -34.70655 NaN NaN NaN 56.99799 -101.93493 -5.96326 -32.36674 -186.27580 -50.15688
49807 2.54434 NaN NaN NaN 211.81915 -119.43873 14.16217 313.64688 -176.30728 -34.54264 NaN NaN NaN 58.13657 -100.27588 -6.69017 -30.59522 -185.53558 -50.48772
49808 2.55267 NaN NaN NaN 211.02234 -119.10210 13.42457 313.22580 -176.28476 -34.29462 NaN NaN NaN 59.36937 -98.59251 -7.60599 -28.77429 -184.70970 -50.77948
49809 2.56100 NaN NaN NaN 210.19293 -118.62640 12.47389 312.80469 -176.10663 -33.88187 NaN NaN NaN 60.54421 -96.86471 -8.44464 -26.96151 -183.82726 -51.18872
49810 2.56933 NaN NaN NaN 209.37177 -118.16382 11.48347 312.44943 -176.02315 -33.53871 NaN NaN NaN 61.71173 -95.21867 -9.14823 -25.12715 -182.91666 -51.85400
49811 2.57766 NaN NaN NaN 208.65421 -117.77126 10.51096 312.09421 -175.96039 -33.22084 NaN NaN NaN 62.88139 -93.50776 -9.93828 -23.24017 -181.92329 -52.52639
49812 2.58600 NaN NaN NaN 208.02792 -117.36062 9.63121 311.78955 -175.83585 -32.94687 NaN NaN NaN 64.02562 -91.88247 -10.74491 -21.33938 -180.91869 -53.21262
49813 2.59433 NaN NaN NaN 207.45331 -117.00014 8.84073 311.49075 -175.79594 -32.62018 NaN NaN NaN 65.22091 -90.17037 -11.60684 -19.49441 -179.87337 -53.92099
49814 2.60266 NaN NaN NaN 206.92328 -116.64025 8.06439 311.19724 -175.76393 -32.26911 NaN NaN NaN 66.41368 -88.35600 -12.23860 -17.69281 -178.86967 -54.58376
49815 2.61099 NaN NaN NaN 206.36224 -116.29803 7.29301 310.85611 -175.74313 -31.95573 NaN NaN NaN 67.55537 -86.72054 -12.83197 -15.92359 -177.94067 -55.23648
49816 2.61932 NaN NaN NaN 205.76596 -115.86824 6.44554 310.51135 -175.63335 -31.58681 NaN NaN NaN 68.60471 -85.13066 -13.52445 -14.23827 -176.99931 -55.74504
49817 2.62765 NaN NaN NaN 205.15671 -115.40206 5.51433 310.18372 -175.51755 -31.18903 NaN NaN NaN 69.69289 -83.73328 -14.29840 -12.66463 -176.14540 -55.88995
49818 2.63598 NaN NaN NaN 204.57632 -114.93771 4.54786 309.86600 -175.42007 -30.86196 NaN NaN NaN 70.71484 -82.37856 -15.01373 -11.29315 -175.33571 -55.76777
49819 2.64431 NaN NaN NaN 204.00302 -114.37071 3.47493 309.52997 -175.23009 -30.60151 NaN NaN NaN 71.58097 -81.13555 -15.72343 -10.18107 -174.62073 -55.72895
49820 2.65265 NaN NaN NaN 203.49254 -113.83972 2.43452 309.17255 -175.05861 -30.43766 NaN NaN NaN 72.15141 -80.27040 -15.96763 -9.38417 -173.99889 -56.01091
49821 2.66098 NaN NaN NaN 203.01082 -113.34946 1.58959 308.79044 -174.87590 -30.56043 NaN NaN NaN 72.48985 -79.79237 -15.93497 -8.80878 -173.53754 -56.65149
49822 2.66931 NaN NaN NaN 202.64717 -112.89707 0.92356 308.41016 -174.69101 -30.89735 NaN NaN NaN 72.69106 -79.67766 -15.90268 -8.56598 -173.20956 -57.10155
49823 2.67764 NaN NaN NaN 202.36324 -112.59929 0.52756 308.02362 -174.52333 -31.26825 NaN NaN NaN 72.85401 -79.74028 -15.97902 -8.50881 -172.99979 -57.28222
49824 2.68597 NaN NaN NaN 202.10280 -112.32432 0.27172 307.66867 -174.32368 -31.56664 NaN NaN NaN 72.96548 -79.92683 -16.15117 -8.69123 -172.94925 -57.15868
49825 2.69430 NaN NaN NaN 201.75800 -112.10313 -0.06861 307.33582 -174.10420 -31.67808 NaN NaN NaN 73.06094 -80.11701 -16.44007 -9.09211 -173.03561 -56.80239
49826 2.70263 NaN NaN NaN 201.29388 -111.86421 -0.42275 306.98953 -173.95831 -31.54963 NaN NaN NaN 73.13343 -80.31213 -17.15425 -9.62495 -173.26198 -56.02715
49827 2.71096 NaN NaN NaN 200.81595 -111.59949 -0.67909 306.65726 -173.92630 -31.21426 NaN NaN NaN 73.14959 -80.33595 -18.08288 -10.18235 -173.62753 -54.90548
49828 2.71930 NaN NaN NaN 200.41025 -111.35957 -0.80912 306.31082 -173.87869 -30.89187 NaN NaN NaN 73.15334 -80.31594 -19.07201 -10.67013 -174.03770 -53.56974
49829 2.72763 NaN NaN NaN 200.02036 -111.18654 -0.88764 305.97119 -173.86560 -30.47118 NaN NaN NaN 73.04886 -80.20123 -20.01212 -11.08961 -174.54620 -52.16894
49830 2.73596 NaN NaN NaN 199.63040 -111.11142 -0.93255 305.69702 -173.81143 -30.10367 NaN NaN NaN 72.95168 -80.08083 -20.99671 -11.47619 -175.05103 -50.73725
49831 2.74429 NaN NaN NaN 199.25299 -111.04327 -1.05763 305.47821 -173.80125 -29.67594 NaN NaN NaN 72.84325 -79.99368 -22.01094 -11.79692 -175.46388 -49.40813
49832 2.75262 NaN NaN NaN 198.84888 -111.03182 -1.33860 305.28607 -173.74997 -29.19237 NaN NaN NaN 72.79160 -79.97706 -22.77725 -12.11595 -175.82213 -48.35989
49833 2.76095 NaN NaN NaN 198.46388 -111.10574 -1.66834 305.15604 -173.70041 -28.75126 NaN NaN NaN 72.74579 -80.06567 -23.28422 -12.38871 -176.04767 -47.69059
49834 2.76928 NaN NaN NaN 198.10957 -111.22659 -2.13535 305.08325 -173.68108 -28.43810 NaN NaN NaN 72.65942 -80.24359 -23.63317 -12.69839 -176.16367 -47.15005
49835 2.77761 NaN NaN NaN 197.84265 -111.35503 -2.70427 305.05621 -173.71582 -28.12933 NaN NaN NaN 72.59457 -80.46133 -23.86739 -13.02380 -176.25909 -46.73484
49836 2.78595 NaN NaN NaN 197.58844 -111.56149 -3.33607 305.04529 -173.75122 -27.91620 NaN NaN NaN 72.59171 -80.63814 -24.04592 -13.27295 -176.35419 -46.25219
49837 2.79428 NaN NaN NaN 197.36858 -111.74532 -4.01370 305.05551 -173.79597 -27.81575 NaN NaN NaN 72.67701 -80.74680 -24.28762 -13.42002 -176.43677 -45.72615
49838 2.80261 NaN NaN NaN 197.14967 -112.05003 -4.70368 305.10007 -173.94530 -27.79652 NaN NaN NaN 72.78067 -80.85548 -24.71141 -13.47059 -176.54659 -45.19502
49839 2.81094 NaN NaN NaN 196.98737 -112.44742 -5.33340 305.12350 -174.15315 -27.96031 NaN NaN NaN 72.90742 -80.89813 -25.12018 -13.47446 -176.72818 -44.79601
49840 2.81927 NaN NaN NaN 196.91809 -112.94557 -5.74254 305.20004 -174.46011 -28.32877 NaN NaN NaN 73.06955 -80.95184 -25.52831 -13.42233 -176.86626 -44.60207
49841 2.82760 NaN NaN NaN 196.96150 -113.45097 -5.85396 305.27591 -174.80998 -28.80978 NaN NaN NaN 73.20565 -80.99059 -25.95648 -13.33578 -176.98595 -44.62964
49842 2.83593 NaN NaN NaN 197.03902 -114.08305 -5.75835 305.33188 -175.17262 -29.34140 NaN NaN NaN 73.34311 -81.11562 -26.19386 -13.23447 -177.08778 -44.81690
49843 2.84427 NaN NaN NaN 197.06689 -114.65556 -5.64387 305.35593 -175.52232 -29.69468 NaN NaN NaN 73.42136 -81.21818 -26.31772 -13.10992 -177.17827 -45.04898
49844 2.85260 NaN NaN NaN 197.03209 -115.17797 -5.48798 305.34647 -175.84029 -29.96677 NaN NaN NaN 73.54416 -81.37341 -26.43602 -13.03091 -177.29425 -45.24771
49845 2.86093 NaN NaN NaN 197.00612 -115.60950 -5.35383 305.31000 -176.17386 -30.11073 NaN NaN NaN 73.62473 -81.51855 -26.46956 -12.93330 -177.42798 -45.28983
49846 2.86926 NaN NaN NaN 196.94138 -115.99736 -5.20641 305.27209 -176.44081 -30.15112 NaN NaN NaN 73.69527 -81.69804 -26.30233 -12.87257 -177.56648 -45.22045
49847 2.87759 NaN NaN NaN 196.88828 -116.34275 -5.01103 305.18329 -176.73102 -30.21347 NaN NaN NaN 73.65581 -81.85120 -26.13619 -12.84586 -177.74011 -44.96684
49848 2.88592 NaN NaN NaN 196.79488 -116.64835 -4.82361 305.08624 -176.95537 -30.27375 NaN NaN NaN 73.63247 -82.13212 -25.78531 -12.93293 -177.91383 -44.71970
49849 2.89425 NaN NaN NaN 196.75201 -116.92265 -4.67432 304.99701 -177.17853 -30.37651 NaN NaN NaN 73.55202 -82.40616 -25.20700 -13.10266 -178.13129 -44.51050
49850 2.90258 NaN NaN NaN 196.73386 -117.19153 -4.52330 304.91714 -177.48265 -30.61277 NaN NaN NaN 73.43019 -82.78429 -24.52157 -13.29230 -178.37067 -44.33582
49851 2.91092 NaN NaN NaN 196.72427 -117.45422 -4.39040 304.79553 -177.70500 -30.90854 NaN NaN NaN 73.19441 -83.17861 -23.69909 -13.52882 -178.60565 -44.20781
49852 2.91925 NaN NaN NaN 196.73018 -117.69109 -4.26877 304.65936 -177.92090 -31.31236 NaN NaN NaN 72.96906 -83.62496 -22.78862 -13.76814 -178.84827 -44.09293
49853 2.92758 NaN NaN NaN 196.70818 -118.00202 -4.11581 304.54800 -178.17786 -31.81390 NaN NaN NaN 72.67073 -84.12091 -21.83585 -14.04226 -179.13971 -44.08224
49854 2.93591 NaN NaN NaN 196.71068 -118.31993 -3.94982 304.39008 -178.37599 -32.37893 NaN NaN NaN 72.41385 -84.66050 -20.81668 -14.33976 -179.35623 -44.19439
49855 2.94424 NaN NaN NaN 196.73958 -118.61718 -3.74867 304.21408 -178.59895 -33.07889 NaN NaN NaN 72.03603 -85.26628 -19.88158 -14.70282 -179.59064 -44.51834
49856 2.95257 NaN NaN NaN 196.74721 -118.89216 -3.53342 304.03552 -178.74995 -33.77023 NaN NaN NaN 71.69620 -85.87569 -18.87499 -15.15257 -179.81943 -44.99415
49857 2.96090 NaN NaN NaN 196.75201 -119.14614 -3.38742 303.88553 -178.88745 -34.49361 NaN NaN NaN 71.29106 -86.50040 -18.08580 -15.57243 -180.03514 -45.38789
49858 2.96923 NaN NaN NaN 196.71103 -119.37698 -3.29943 303.68314 -178.97342 -35.15998 NaN NaN NaN 70.94248 -87.07050 -17.54336 -15.99391 -180.24261 -45.73715
49859 2.97757 NaN NaN NaN 196.67061 -119.52814 -3.30994 303.48520 -179.02649 -35.75374 NaN NaN NaN 70.62959 -87.48451 -17.24318 -16.35396 -180.39883 -45.83961
49860 2.98590 NaN NaN NaN 196.59689 -119.60755 -3.43591 303.30316 -179.03835 -36.31630 NaN NaN NaN 70.46616 -87.71393 -17.22492 -16.68170 -180.54591 -45.70092
49861 2.99423 NaN NaN NaN 196.47554 -119.60295 -3.68806 303.13162 -179.04845 -36.76084 NaN NaN NaN 70.35221 -87.78131 -17.56132 -16.90627 -180.68564 -45.39477
49862 3.00256 NaN NaN NaN 196.35509 -119.56530 -4.00063 303.00839 -179.03291 -37.13689 NaN NaN NaN 70.26797 -87.68854 -18.01828 -17.09124 -180.82188 -45.01771
49863 3.01089 NaN NaN NaN 196.20586 -119.41255 -4.51738 302.90372 -178.99506 -37.40130 NaN NaN NaN 70.18402 -87.63362 -18.48458 -17.24500 -180.89732 -44.75113
49864 3.01922 NaN NaN NaN 196.10312 -119.19648 -5.03072 302.75540 -178.84451 -37.64727 NaN NaN NaN 70.17323 -87.62943 -18.95890 -17.38746 -180.99783 -44.54613
49865 3.02755 NaN NaN NaN 195.95662 -118.92931 -5.49287 302.64285 -178.70779 -37.88010 NaN NaN NaN 70.12251 -87.61995 -19.38947 -17.54957 -181.08144 -44.35229
49866 3.03589 NaN NaN NaN 195.82384 -118.66909 -5.96786 302.53546 -178.58415 -38.06126 NaN NaN NaN 70.08215 -87.69527 -19.70390 -17.67384 -181.16742 -44.32937
49867 3.04422 NaN NaN NaN 195.69629 -118.36436 -6.41445 302.42780 -178.41899 -38.22699 NaN NaN NaN 70.00098 -87.80763 -19.89784 -17.79502 -181.24361 -44.51416
49868 3.05255 NaN NaN NaN 195.58879 -118.07740 -6.78097 302.32367 -178.24899 -38.30939 NaN NaN NaN 69.95789 -87.92161 -19.90868 -17.90113 -181.28314 -44.73764
49869 3.06088 NaN NaN NaN 195.46751 -117.82217 -7.02241 302.21423 -178.04329 -38.38869 NaN NaN NaN 69.91205 -88.10298 -19.79849 -17.97143 -181.28813 -44.94804
49870 3.06921 NaN NaN NaN 195.33446 -117.58896 -7.18244 302.11172 -177.89584 -38.42764 NaN NaN NaN 69.87997 -88.22795 -19.66635 -18.01271 -181.28342 -45.15015
49871 3.07754 NaN NaN NaN 195.25545 -117.40311 -7.25225 302.01889 -177.75357 -38.47431 NaN NaN NaN 69.86141 -88.27250 -19.50185 -18.05563 -181.25259 -45.39038
49872 3.08587 NaN NaN NaN 195.21632 -117.21933 -7.28043 301.92026 -177.59613 -38.54514 NaN NaN NaN 69.82608 -88.27026 -19.38431 -18.07637 -181.19922 -45.52130
49873 3.09420 NaN NaN NaN 195.17038 -117.07040 -7.26381 301.81015 -177.44955 -38.62303 NaN NaN NaN 69.83038 -88.25285 -19.29426 -18.07643 -181.14180 -45.61438
49874 3.10254 NaN NaN NaN 195.14056 -116.93798 -7.20348 301.76230 -177.32529 -38.69003 NaN NaN NaN 69.87362 -88.26846 -19.14885 -18.08148 -181.09004 -45.63901
49875 3.11087 NaN NaN NaN 195.09296 -116.85544 -7.14725 301.73730 -177.23407 -38.73479 NaN NaN NaN 69.89942 -88.28394 -19.08924 -18.05389 -181.05179 -45.66163
49876 3.11920 NaN NaN NaN 195.09990 -116.81200 -7.10642 301.71045 -177.16429 -38.78274 NaN NaN NaN 69.93124 -88.29042 -19.06938 -18.05732 -180.99300 -45.71863
49877 3.12753 NaN NaN NaN 195.09383 -116.78504 -7.06863 301.67953 -177.08876 -38.84433 NaN NaN NaN 69.96514 -88.25254 -19.10011 -18.00872 -180.90164 -45.82777
49878 3.13586 NaN NaN NaN 195.09578 -116.75691 -7.02916 301.65417 -177.05533 -38.93491 NaN NaN NaN 70.02229 -88.20495 -19.15730 -17.96862 -180.83244 -45.93048
49879 3.14419 NaN NaN NaN 195.07387 -116.72416 -6.99418 301.59689 -177.02991 -39.09211 NaN NaN NaN 70.02575 -88.10513 -19.24659 -17.94278 -180.74820 -46.07304
49880 3.15252 NaN NaN NaN 195.07310 -116.69237 -6.97992 301.54898 -177.01918 -39.22876 NaN NaN NaN 70.05487 -88.05659 -19.42804 -17.89841 -180.72067 -46.25577
49881 3.16085 NaN NaN NaN 195.06079 -116.68108 -6.98667 301.52127 -177.01689 -39.29136 NaN NaN NaN 70.12616 -88.00350 -19.61412 -17.81629 -180.65315 -46.54482
49882 3.16919 NaN NaN NaN 195.06645 -116.64686 -7.00124 301.49872 -177.00049 -39.31741 NaN NaN NaN 70.25201 -88.00749 -19.79439 -17.75965 -180.58568 -46.77951
49883 3.17752 NaN NaN NaN 195.02696 -116.65804 -7.01876 301.47394 -176.99138 -39.32751 NaN NaN NaN 70.32785 -87.98342 -19.99380 -17.66645 -180.54366 -47.01993
49884 3.18585 NaN NaN NaN 194.96660 -116.63156 -7.03016 301.44632 -176.98085 -39.32749 NaN NaN NaN 70.34916 -87.96868 -20.19721 -17.60096 -180.49777 -47.26267
49885 3.19418 NaN NaN NaN 194.90973 -116.59259 -7.06771 301.38043 -176.92859 -39.35220 NaN NaN NaN 70.40063 -87.95055 -20.33613 -17.53753 -180.45932 -47.58805
49886 3.20251 NaN NaN NaN 194.84457 -116.53194 -7.15198 301.31360 -176.89786 -39.35182 NaN NaN NaN 70.48228 -87.92874 -20.52867 -17.44854 -180.44051 -47.85511
49887 3.21084 NaN NaN NaN 194.79492 -116.45044 -7.21939 301.27747 -176.85736 -39.33785 NaN NaN NaN 70.53896 -87.95293 -20.68753 -17.39955 -180.43079 -48.09746
49888 3.21917 NaN NaN NaN 194.74986 -116.41016 -7.24594 301.25681 -176.83833 -39.32167 NaN NaN NaN 70.57234 -87.96616 -20.82969 -17.36252 -180.43213 -48.31176
49889 3.22751 NaN NaN NaN 194.72566 -116.36024 -7.28521 301.24341 -176.81430 -39.33072 NaN NaN NaN 70.62482 -87.98701 -20.95700 -17.31483 -180.46739 -48.57558
49890 3.23584 NaN NaN NaN 194.72791 -116.34747 -7.33154 301.21933 -176.79457 -39.32397 NaN NaN NaN 70.67222 -88.06850 -21.09178 -17.26390 -180.48042 -48.76349
49891 3.24417 NaN NaN NaN 194.73546 -116.29878 -7.36511 301.20374 -176.78798 -39.33585 NaN NaN NaN 70.76011 -88.11198 -21.17908 -17.20812 -180.47661 -48.91555
49892 3.25250 NaN NaN NaN 194.71335 -116.32445 -7.39867 301.21783 -176.79385 -39.32764 NaN NaN NaN 70.79409 -88.15173 -21.27590 -17.19060 -180.47623 -49.05755
49893 3.26083 NaN NaN NaN 194.71239 -116.31529 -7.39955 301.21497 -176.79848 -39.33900 NaN NaN NaN 70.83182 -88.18372 -21.36493 -17.18340 -180.47699 -49.24401
49894 3.26916 NaN NaN NaN 194.70900 -116.31229 -7.42188 301.22488 -176.81876 -39.34326 NaN NaN NaN 70.82282 -88.18215 -21.45956 -17.16600 -180.47997 -49.38714
49895 3.27749 NaN NaN NaN 194.72116 -116.33214 -7.45430 301.23114 -176.83131 -39.35384 NaN NaN NaN 70.86523 -88.19438 -21.50119 -17.13343 -180.47708 -49.54221
49896 3.28582 NaN NaN NaN 194.76598 -116.35175 -7.46941 301.25101 -176.85086 -39.34636 NaN NaN NaN 70.89471 -88.22024 -21.53251 -17.06784 -180.48645 -49.69085
49897 3.29416 NaN NaN NaN 194.78801 -116.37926 -7.49695 301.26617 -176.88301 -39.33709 NaN NaN NaN 70.93491 -88.23302 -21.56839 -17.01315 -180.48769 -49.82242
49898 3.30249 NaN NaN NaN 194.80191 -116.36704 -7.52609 301.28152 -176.89436 -39.35900 NaN NaN NaN 70.96072 -88.24040 -21.58431 -16.96349 -180.48189 -49.92622
49899 3.31082 NaN NaN NaN 194.81688 -116.38570 -7.52689 301.29410 -176.88686 -39.36130 NaN NaN NaN 71.00079 -88.24801 -21.58750 -16.90596 -180.47308 -50.01897
49900 3.31915 NaN NaN NaN 194.82199 -116.37762 -7.56661 301.31943 -176.90279 -39.36678 NaN NaN NaN 71.02921 -88.26492 -21.52340 -16.85280 -180.45883 -50.22235
49901 3.32748 NaN NaN NaN 194.81940 -116.36596 -7.60073 301.35281 -176.90907 -39.36023 NaN NaN NaN 71.05676 -88.33305 -21.46506 -16.79413 -180.41968 -50.46476
49902 3.33581 NaN NaN NaN 194.84985 -116.36587 -7.62218 301.36624 -176.91776 -39.35418 NaN NaN NaN 71.06448 -88.40932 -21.35115 -16.75556 -180.39291 -50.72301
49903 3.34414 NaN NaN NaN 194.85110 -116.35915 -7.66340 301.39429 -176.94357 -39.34831 NaN NaN NaN 71.11087 -88.52555 -21.27057 -16.74503 -180.36694 -50.94475
49904 3.35247 NaN NaN NaN 194.86024 -116.34547 -7.69391 301.39139 -176.93898 -39.36514 NaN NaN NaN 71.16798 -88.65087 -21.23213 -16.74614 -180.35178 -51.11668
49905 3.36081 NaN NaN NaN 194.85106 -116.31747 -7.71230 301.39737 -176.94704 -39.38977 NaN NaN NaN 71.20788 -88.77147 -21.28275 -16.72543 -180.41843 -51.21228
49906 3.36914 NaN NaN NaN 194.84441 -116.32549 -7.71752 301.35806 -176.93253 -39.44318 NaN NaN NaN 71.24872 -88.85822 -21.34289 -16.72593 -180.50293 -51.25208
49907 3.37747 NaN NaN NaN 194.81842 -116.34117 -7.72627 301.32700 -176.91809 -39.47514 NaN NaN NaN 71.28155 -88.97436 -21.38929 -16.73719 -180.58429 -51.26962
49908 3.38580 NaN NaN NaN 194.79453 -116.37326 -7.75163 301.31573 -176.89392 -39.49160 NaN NaN NaN 71.30790 -89.04495 -21.40783 -16.73453 -180.64569 -51.34106
49909 3.39413 NaN NaN NaN 194.77904 -116.40379 -7.78373 301.32803 -176.91672 -39.49434 NaN NaN NaN 71.30539 -89.17646 -21.40641 -16.78233 -180.67624 -51.50496
49910 3.40246 NaN NaN NaN 194.78180 -116.41093 -7.79213 301.33228 -176.91420 -39.49973 NaN NaN NaN 71.31731 -89.29618 -21.35264 -16.80161 -180.73169 -51.66971
49911 3.41079 NaN NaN NaN 194.79648 -116.42374 -7.78644 301.34180 -176.94185 -39.50457 NaN NaN NaN 71.31094 -89.43916 -21.29431 -16.82548 -180.73921 -51.83095
49912 3.41912 NaN NaN NaN 194.79997 -116.40554 -7.78209 301.34973 -176.93231 -39.51048 NaN NaN NaN 71.34200 -89.57878 -21.27143 -16.81318 -180.77817 -51.98477
49913 3.42746 NaN NaN NaN 194.84680 -116.40037 -7.77671 301.36188 -176.94856 -39.54768 NaN NaN NaN 71.44397 -89.67439 -21.44077 -16.82557 -180.80910 -51.99798
49914 3.43579 NaN NaN NaN 194.90193 -116.45862 -7.64292 301.34122 -177.01088 -39.66990 NaN NaN NaN 71.63913 -89.78053 -21.78349 -16.86616 -180.87642 -51.78719
49915 3.44412 NaN NaN NaN 194.95480 -116.58224 -7.49870 301.32947 -177.04913 -39.81070 NaN NaN NaN 71.78218 -89.84048 -22.13155 -16.87703 -180.99265 -51.49394
49916 3.45245 NaN NaN NaN 194.95352 -116.68959 -7.47338 301.31403 -177.06450 -39.88468 NaN NaN NaN 71.84223 -89.91502 -22.41001 -16.85165 -181.19487 -51.21204
49917 3.46078 NaN NaN NaN 194.94537 -116.77626 -7.46169 301.30249 -177.09483 -39.94235 NaN NaN NaN 71.80354 -89.96579 -22.47301 -16.81377 -181.40179 -51.17349
