Frame# Time LH1 LH2 LH3 RH1 RH2 RH3
X54 Y54 Z54 X55 Y55 Z55 X56 Y56 Z56 X57 Y57 Z57 X58 Y58 Z58 X59 Y59 Z59
20952 0.00042 NaN NaN NaN 147.56551 -84.04550 -34.38852 251.79727 -155.43979 -30.66434 NaN NaN NaN -4.55005 -171.85490 29.32514 -18.51676 -153.73961 -98.82891
20953 0.00877 NaN NaN NaN 147.59471 -84.07062 -34.36955 251.82240 -155.48709 -30.65552 NaN NaN NaN -4.76786 -172.05563 29.43756 -18.77200 -153.88225 -98.87831
20954 0.01712 NaN NaN NaN 147.60498 -84.12765 -34.33929 251.84975 -155.54700 -30.63215 NaN NaN NaN -4.97739 -172.23183 29.53987 -19.18086 -154.16280 -98.76017
20955 0.02546 NaN NaN NaN 147.62881 -84.18853 -34.29942 251.86557 -155.63953 -30.62759 NaN NaN NaN -5.16946 -172.32680 29.67397 -19.66387 -154.49939 -98.65894
20956 0.03381 NaN NaN NaN 147.66640 -84.29231 -34.21309 251.87402 -155.74597 -30.60493 NaN NaN NaN -5.31208 -172.39055 29.84190 -20.17413 -154.93388 -98.51512
20957 0.04216 NaN NaN NaN 147.70033 -84.42417 -34.10060 251.92767 -155.87245 -30.57974 NaN NaN NaN -5.39159 -172.37627 29.95485 -20.58807 -155.37881 -98.43426
20958 0.05050 NaN NaN NaN 147.72195 -84.62602 -33.97126 251.98691 -156.02260 -30.57208 NaN NaN NaN -5.44527 -172.36621 29.98329 -20.97224 -155.65639 -98.34700
20959 0.05885 NaN NaN NaN 147.74377 -84.85201 -33.79409 252.01939 -156.14595 -30.55115 NaN NaN NaN -5.57059 -172.32793 29.95523 -21.15878 -155.77144 -98.33084
20960 0.06719 NaN NaN NaN 147.75008 -85.05579 -33.71827 252.01993 -156.26047 -30.52779 NaN NaN NaN -5.68206 -172.31068 29.82858 -21.07604 -155.68257 -98.41344
20961 0.07554 NaN NaN NaN 147.75638 -85.34479 -33.57190 252.03322 -156.37639 -30.50008 NaN NaN NaN -5.69506 -172.21909 29.68046 -20.84833 -155.33231 -98.50452
20962 0.08389 NaN NaN NaN 147.80450 -85.38528 -33.56099 252.02919 -156.47592 -30.46630 NaN NaN NaN -5.54005 -172.00903 29.55685 -20.44764 -155.00485 -98.63763
20963 0.09223 NaN NaN NaN 147.82245 -85.39413 -33.58356 252.02043 -156.52808 -30.44011 NaN NaN NaN -5.26243 -171.67494 29.50457 -20.04516 -154.63347 -98.77129
20964 0.10058 NaN NaN NaN 147.76558 -85.35735 -33.70678 252.00142 -156.58730 -30.43705 NaN NaN NaN -4.86905 -171.23663 29.48388 -19.69502 -154.38721 -98.84097
20965 0.10893 NaN NaN NaN 147.75989 -85.25950 -33.79486 251.96201 -156.63597 -30.45185 NaN NaN NaN -4.44187 -170.77289 29.50345 -19.38597 -154.21271 -98.95940
20966 0.11727 NaN NaN NaN 147.76125 -85.32127 -33.76520 251.94533 -156.66273 -30.47408 NaN NaN NaN -4.02842 -170.31879 29.49379 -19.10044 -154.13234 -98.99602
20967 0.12562 NaN NaN NaN 147.71716 -85.24036 -33.87092 251.94667 -156.67169 -30.46585 NaN NaN NaN -3.69202 -169.91936 29.42960 -18.77023 -154.02750 -99.02557
20968 0.13397 NaN NaN NaN 147.71156 -85.21735 -33.93043 251.95294 -156.68135 -30.44134 NaN NaN NaN -3.46253 -169.60027 29.33381 -18.33520 -153.92480 -99.08092
20969 0.14231 NaN NaN NaN 147.72900 -85.18528 -33.96279 251.91782 -156.69678 -30.39774 NaN NaN NaN -3.34965 -169.36417 29.20437 -17.80297 -153.81731 -99.29607
20970 0.15066 NaN NaN NaN 147.82286 -85.22839 -33.82955 251.86308 -156.71266 -30.30365 NaN NaN NaN -3.27142 -169.22874 29.11089 -17.24891 -153.67819 -99.45554
20971 0.15901 NaN NaN NaN 147.83240 -85.17053 -33.89621 251.77878 -156.70679 -30.22632 NaN NaN NaN -3.15104 -169.16095 29.07214 -16.73258 -153.49997 -99.50707
20972 0.16735 NaN NaN NaN 147.82576 -84.99932 -33.97717 251.69470 -156.68306 -30.15384 NaN NaN NaN -3.02746 -169.12978 29.08734 -16.25064 -153.39461 -99.49508
20973 0.17570 NaN NaN NaN 147.80629 -84.75824 -34.07719 251.59839 -156.64781 -30.05939 NaN NaN NaN -2.88492 -169.07820 29.13684 -15.92591 -153.39450 -99.50504
20974 0.18405 NaN NaN NaN 147.77568 -84.47935 -34.19091 251.50011 -156.57776 -29.92716 NaN NaN NaN -2.79298 -169.08562 29.19204 -15.55072 -153.51472 -99.49590
20975 0.19239 NaN NaN NaN 147.72336 -84.27434 -34.26529 251.42747 -156.51279 -29.75689 NaN NaN NaN -2.80988 -169.18036 29.21957 -15.21245 -153.70656 -99.52133
20976 0.20074 NaN NaN NaN 147.69810 -84.13805 -34.32809 251.32005 -156.47888 -29.65911 NaN NaN NaN -2.96021 -169.34523 29.24638 -14.91762 -153.87814 -99.52387
20977 0.20909 NaN NaN NaN 147.65532 -84.00998 -34.37383 251.22180 -156.46243 -29.59729 NaN NaN NaN -3.18008 -169.57323 29.27267 -14.64622 -153.98427 -99.44734
20978 0.21743 NaN NaN NaN 147.64275 -83.94944 -34.39188 251.11958 -156.44397 -29.45547 NaN NaN NaN -3.50075 -169.86481 29.29558 -14.44354 -153.98058 -99.44501
20979 0.22578 NaN NaN NaN 147.62415 -83.85449 -34.41307 250.98608 -156.42412 -29.32214 NaN NaN NaN -3.87281 -170.12683 29.29047 -14.31441 -153.98730 -99.47002
20980 0.23413 NaN NaN NaN 147.59113 -83.74973 -34.42840 250.87668 -156.41568 -29.17044 NaN NaN NaN -4.22135 -170.40872 29.27095 -14.11904 -154.09090 -99.57057
20981 0.24247 NaN NaN NaN 147.54640 -83.62077 -34.46133 250.77785 -156.43755 -29.06464 NaN NaN NaN -4.55064 -170.72311 29.22156 -14.01406 -154.12483 -99.57544
20982 0.25082 NaN NaN NaN 147.52518 -83.42989 -34.52444 250.64258 -156.44873 -28.88743 NaN NaN NaN -4.89617 -170.99609 29.16601 -13.96385 -154.20195 -99.62228
20983 0.25917 NaN NaN NaN 147.49596 -83.26896 -34.59706 250.50053 -156.42134 -28.73126 NaN NaN NaN -5.29718 -171.29320 29.13498 -13.88581 -154.24652 -99.71152
20984 0.26751 NaN NaN NaN 147.43950 -83.07838 -34.67366 250.31331 -156.40057 -28.59675 NaN NaN NaN -5.77057 -171.59949 29.10284 -13.79303 -154.23608 -99.76200
20985 0.27586 NaN NaN NaN 147.39061 -82.91560 -34.73130 250.14827 -156.33185 -28.46390 NaN NaN NaN -6.16239 -171.88698 29.04199 -13.72245 -154.23282 -99.77917
20986 0.28421 NaN NaN NaN 147.29015 -82.71790 -34.82867 249.99789 -156.25774 -28.34151 NaN NaN NaN -6.49475 -172.11940 28.94851 -13.71059 -154.18510 -99.83568
20987 0.29255 NaN NaN NaN 147.25450 -82.57552 -34.90606 249.86075 -156.22229 -28.26159 NaN NaN NaN -6.87400 -172.35458 28.82992 -13.68073 -154.10405 -99.93991
20988 0.30090 NaN NaN NaN 147.20802 -82.45326 -34.98988 249.71254 -156.17722 -28.14692 NaN NaN NaN -7.21934 -172.54686 28.66402 -13.63937 -153.98483 -100.06738
20989 0.30924 NaN NaN NaN 147.14754 -82.29874 -35.08350 249.56190 -156.11644 -27.97749 NaN NaN NaN -7.53713 -172.73015 28.49050 -13.56133 -153.79456 -100.15509
20990 0.31759 NaN NaN NaN 147.08707 -82.15288 -35.18184 249.46062 -156.03444 -27.87731 NaN NaN NaN -7.72665 -172.91087 28.37078 -13.49462 -153.61813 -100.18284
20991 0.32594 NaN NaN NaN 147.06035 -81.93056 -35.24868 249.35829 -155.98776 -27.78706 NaN NaN NaN -7.82853 -173.06424 28.24213 -13.41526 -153.48621 -100.35706
20992 0.33428 NaN NaN NaN 146.99548 -81.77617 -35.28951 249.24937 -155.90968 -27.70333 NaN NaN NaN -7.85391 -173.12141 28.14864 -13.28747 -153.33189 -100.48019
20993 0.34263 NaN NaN NaN 146.97366 -81.62057 -35.31962 249.13400 -155.82433 -27.61515 NaN NaN NaN -7.75961 -173.13777 28.03607 -13.22902 -153.07025 -100.52721
20994 0.35098 NaN NaN NaN 146.94043 -81.48679 -35.31381 249.00584 -155.72566 -27.53195 NaN NaN NaN -7.52850 -173.07103 27.95467 -13.09507 -152.85175 -100.59788
20995 0.35932 NaN NaN NaN 146.89424 -81.34579 -35.33393 248.88118 -155.62460 -27.46803 NaN NaN NaN -7.22727 -172.92055 27.87935 -12.92062 -152.61850 -100.63705
20996 0.36767 NaN NaN NaN 146.81435 -81.15822 -35.37252 248.74356 -155.53035 -27.41125 NaN NaN NaN -6.82204 -172.72720 27.85943 -12.76032 -152.46631 -100.69433
20997 0.37602 NaN NaN NaN 146.73004 -81.01028 -35.43592 248.60977 -155.45253 -27.39034 NaN NaN NaN -6.35942 -172.43976 27.89421 -12.57728 -152.33095 -100.71288
20998 0.38436 NaN NaN NaN 146.67628 -80.89246 -35.48255 248.48668 -155.44597 -27.39955 NaN NaN NaN -5.84092 -172.15958 27.94152 -12.40075 -152.19772 -100.67281
20999 0.39271 NaN NaN NaN 146.64041 -80.85230 -35.51349 248.38098 -155.47725 -27.45608 NaN NaN NaN -5.36849 -171.88205 27.94287 -12.22656 -151.99892 -100.63900
21000 0.40106 NaN NaN NaN 146.55252 -80.79559 -35.60595 248.28818 -155.52757 -27.54131 NaN NaN NaN -4.98253 -171.67551 27.89587 -11.94784 -151.84233 -100.70309
21001 0.40940 NaN NaN NaN 146.50540 -80.72995 -35.66901 248.20067 -155.55899 -27.61003 NaN NaN NaN -4.66465 -171.51439 27.82260 -11.61804 -151.69304 -100.80257
21002 0.41775 NaN NaN NaN 146.49854 -80.77147 -35.69270 248.15367 -155.59004 -27.65260 NaN NaN NaN -4.45574 -171.42520 27.69282 -11.33582 -151.45688 -100.81479
21003 0.42610 NaN NaN NaN 146.45218 -80.85603 -35.70164 248.13908 -155.65300 -27.66027 NaN NaN NaN -4.32507 -171.35971 27.58533 -11.03008 -151.23450 -101.00646
21004 0.43444 NaN NaN NaN 146.43991 -80.95056 -35.68129 248.13788 -155.72791 -27.68866 NaN NaN NaN -4.18096 -171.29112 27.47428 -10.79072 -150.99495 -100.97556
21005 0.44279 NaN NaN NaN 146.52187 -81.17006 -35.50183 248.14636 -155.76482 -27.70116 NaN NaN NaN -4.00290 -171.20813 27.36627 -10.55946 -150.81320 -100.99873
21006 0.45114 NaN NaN NaN 146.55498 -81.27180 -35.48077 248.19557 -155.83469 -27.70498 NaN NaN NaN -3.80751 -171.08125 27.32257 -10.41898 -150.67540 -100.93686
21007 0.45948 NaN NaN NaN 146.55777 -81.31888 -35.48537 248.23361 -155.87845 -27.71238 NaN NaN NaN -3.59323 -170.94485 27.28874 -10.25377 -150.51756 -100.91898
21008 0.46783 NaN NaN NaN 146.59174 -81.40152 -35.46934 248.28020 -155.90099 -27.72757 NaN NaN NaN -3.35974 -170.75592 27.27929 -9.90850 -150.00462 -100.88174
21009 0.47618 NaN NaN NaN 146.64394 -81.44466 -35.37881 248.33525 -155.93256 -27.73123 NaN NaN NaN -3.15952 -170.61792 27.23897 -9.71328 -149.58221 -100.95957
21010 0.48452 NaN NaN NaN 146.65709 -81.51856 -35.36713 248.39902 -155.99216 -27.76718 NaN NaN NaN -2.99796 -170.53706 27.19872 -9.58469 -149.15804 -101.10480
21011 0.49287 NaN NaN NaN 146.67033 -81.57375 -35.31574 248.45828 -156.00620 -27.80054 NaN NaN NaN -2.90189 -170.46532 27.12755 -9.52530 -148.92314 -101.40028
21012 0.50122 NaN NaN NaN 146.66800 -81.63021 -35.30703 248.49339 -156.00713 -27.86645 NaN NaN NaN -2.86237 -170.43747 27.07392 -9.51852 -148.76942 -101.49414
21013 0.50956 NaN NaN NaN 146.71729 -81.71972 -35.26300 248.51155 -155.96739 -27.90614 NaN NaN NaN -2.87233 -170.42635 27.04560 -9.54257 -148.81453 -101.61010
21014 0.51791 NaN NaN NaN 146.70996 -81.76892 -35.26764 248.50612 -155.92107 -27.95519 NaN NaN NaN -2.89731 -170.42719 27.03309 -9.61994 -148.90491 -101.51653
21015 0.52626 NaN NaN NaN 146.72479 -81.77280 -35.26452 248.53450 -155.87958 -27.98687 NaN NaN NaN -2.98551 -170.45467 27.02294 -9.72295 -149.20181 -101.51167
21016 0.53460 NaN NaN NaN 146.69508 -81.77385 -35.28926 248.55896 -155.86356 -28.00135 NaN NaN NaN -3.18958 -170.54282 27.01439 -9.81159 -149.35864 -101.43155
21017 0.54295 NaN NaN NaN 146.74324 -81.73520 -35.29172 248.59926 -155.87112 -27.98950 NaN NaN NaN -3.42294 -170.68649 27.00553 -9.87984 -149.55457 -101.43210
21018 0.55130 NaN NaN NaN 146.73164 -81.75917 -35.30388 248.63681 -155.87891 -27.97743 NaN NaN NaN -3.70390 -170.86458 26.98125 -9.92873 -149.61894 -101.38607
21019 0.55964 NaN NaN NaN 146.75121 -81.78132 -35.29385 248.65767 -155.88844 -27.90688 NaN NaN NaN -4.01157 -171.10167 26.85100 -9.91461 -149.60397 -101.48381
21020 0.56799 NaN NaN NaN 146.75383 -81.82222 -35.27421 248.67993 -155.88306 -27.86012 NaN NaN NaN -4.32160 -171.37076 26.70023 -9.91633 -149.47855 -101.49300
21021 0.57633 NaN NaN NaN 146.76810 -81.86033 -35.25709 248.70854 -155.88118 -27.82368 NaN NaN NaN -4.59481 -171.57614 26.60301 -9.88720 -149.30350 -101.55951
21022 0.58468 NaN NaN NaN 146.80157 -81.88863 -35.21155 248.72968 -155.90135 -27.80868 NaN NaN NaN -4.81311 -171.75426 26.51554 -9.86187 -149.20137 -101.71233
21023 0.59303 NaN NaN NaN 146.81372 -81.89249 -35.19438 248.74197 -155.92245 -27.79354 NaN NaN NaN -4.98819 -171.92450 26.45094 -9.87007 -149.15918 -101.90257
21024 0.60137 NaN NaN NaN 146.82249 -81.87659 -35.15857 248.74803 -155.92862 -27.79714 NaN NaN NaN -5.08541 -172.02415 26.36190 -9.87202 -149.09319 -101.95406
21025 0.60972 NaN NaN NaN 146.86703 -81.80131 -35.15516 248.73668 -155.90286 -27.82301 NaN NaN NaN -5.16747 -172.10553 26.26968 -9.89264 -149.06725 -101.93610
21026 0.61807 NaN NaN NaN 146.84729 -81.75224 -35.16756 248.73128 -155.89491 -27.85914 NaN NaN NaN -5.20026 -172.15892 26.21385 -9.92745 -149.09763 -101.94031
21027 0.62641 NaN NaN NaN 146.86673 -81.68150 -35.18182 248.72412 -155.86552 -27.90038 NaN NaN NaN -5.21907 -172.21202 26.16137 -9.95663 -149.19638 -101.95139
21028 0.63476 NaN NaN NaN 146.87949 -81.62981 -35.18169 248.72899 -155.84351 -27.93434 NaN NaN NaN -5.24008 -172.26932 26.08878 -9.91506 -149.24965 -102.01482
21029 0.64311 NaN NaN NaN 146.89087 -81.57255 -35.20303 248.73248 -155.82689 -27.96637 NaN NaN NaN -5.26489 -172.37344 25.98189 -9.86117 -149.21138 -102.10647
21030 0.65145 NaN NaN NaN 146.90152 -81.56445 -35.18793 248.75682 -155.82550 -28.00291 NaN NaN NaN -5.28029 -172.47505 25.88531 -9.75726 -149.16316 -102.23045
21031 0.65980 NaN NaN NaN 146.88589 -81.63431 -35.22165 248.77016 -155.80441 -28.02840 NaN NaN NaN -5.30450 -172.61458 25.72747 -9.63332 -149.07066 -102.32935
21032 0.66815 NaN NaN NaN 146.89040 -81.68076 -35.19806 248.78917 -155.79095 -28.04735 NaN NaN NaN -5.38000 -172.77687 25.60764 -9.47836 -148.98174 -102.43260
21033 0.67649 NaN NaN NaN 146.90599 -81.70055 -35.19809 248.80533 -155.76520 -28.07121 NaN NaN NaN -5.43811 -172.90639 25.51136 -9.35106 -148.78424 -102.50145
21034 0.68484 NaN NaN NaN 146.91846 -81.66904 -35.19170 248.82773 -155.75850 -28.10165 NaN NaN NaN -5.45655 -172.99396 25.42774 -9.25142 -148.63696 -102.59664
21035 0.69319 NaN NaN NaN 146.93834 -81.65517 -35.21777 248.85023 -155.71820 -28.15160 NaN NaN NaN -5.42570 -173.05687 25.37409 -9.18965 -148.52592 -102.67564
21036 0.70153 NaN NaN NaN 146.94453 -81.64279 -35.22962 248.85493 -155.68069 -28.26551 NaN NaN NaN -5.36554 -173.11382 25.32085 -9.17250 -148.51169 -102.73905
21037 0.70988 NaN NaN NaN 146.94611 -81.63811 -35.24376 248.88969 -155.62875 -28.31834 NaN NaN NaN -5.27662 -173.17628 25.28036 -9.18526 -148.53687 -102.76695
21038 0.71823 NaN NaN NaN 146.94505 -81.63621 -35.22582 248.90417 -155.62512 -28.40124 NaN NaN NaN -5.25057 -173.24155 25.25028 -9.20541 -148.62784 -102.73613
21039 0.72657 NaN NaN NaN 146.95839 -81.61746 -35.25644 248.92101 -155.58969 -28.41423 NaN NaN NaN -5.24437 -173.27621 25.24848 -9.23371 -148.75696 -102.71539
21040 0.73492 NaN NaN NaN 146.96518 -81.62608 -35.25156 248.97345 -155.60953 -28.44838 NaN NaN NaN -5.27991 -173.33531 25.28855 -9.29307 -148.97978 -102.70140
21041 0.74327 NaN NaN NaN 146.99426 -81.62828 -35.29425 248.98868 -155.61842 -28.48418 NaN NaN NaN -5.32120 -173.40309 25.31494 -9.35902 -149.17531 -102.67703
21042 0.75161 NaN NaN NaN 146.97861 -81.65192 -35.30494 249.01245 -155.62247 -28.50300 NaN NaN NaN -5.40868 -173.47763 25.36893 -9.46024 -149.34183 -102.63089
21043 0.75996 NaN NaN NaN 146.97858 -81.61371 -35.33235 249.03854 -155.60251 -28.52919 NaN NaN NaN -5.52024 -173.59937 25.44363 -9.56911 -149.48425 -102.56138
21044 0.76831 NaN NaN NaN 146.95909 -81.61651 -35.34021 249.04980 -155.61458 -28.52815 NaN NaN NaN -5.65389 -173.75096 25.48044 -9.63363 -149.58380 -102.49896
21045 0.77665 NaN NaN NaN 146.96178 -81.60199 -35.34216 249.05424 -155.59381 -28.55152 NaN NaN NaN -5.79572 -173.87097 25.55868 -9.74158 -149.70764 -102.45053
21046 0.78500 NaN NaN NaN 146.95593 -81.60448 -35.33427 249.05820 -155.61555 -28.54526 NaN NaN NaN -5.90870 -173.96457 25.62445 -9.81385 -149.79185 -102.40304
21047 0.79335 NaN NaN NaN 146.96429 -81.61999 -35.34528 249.06833 -155.61133 -28.55269 NaN NaN NaN -5.99962 -174.04745 25.68177 -9.88689 -149.87892 -102.35150
21048 0.80169 NaN NaN NaN 146.93909 -81.63416 -35.36869 249.08417 -155.63347 -28.55847 NaN NaN NaN -6.09927 -174.10742 25.73605 -9.94874 -149.98778 -102.31047
21049 0.81004 NaN NaN NaN 146.92181 -81.65907 -35.35905 249.08076 -155.62352 -28.56381 NaN NaN NaN -6.15830 -174.16682 25.78920 -10.03251 -150.04967 -102.25002
21050 0.81838 NaN NaN NaN 146.92397 -81.65968 -35.36733 249.06625 -155.61719 -28.57736 NaN NaN NaN -6.18372 -174.21144 25.85722 -10.14735 -150.08026 -102.18475
21051 0.82673 NaN NaN NaN 146.91216 -81.68055 -35.37835 249.05746 -155.60049 -28.58952 NaN NaN NaN -6.14483 -174.20917 25.92381 -10.26680 -150.15392 -102.13380
21052 0.83508 NaN NaN NaN 146.90515 -81.67247 -35.38422 249.05458 -155.58804 -28.61647 NaN NaN NaN -6.11409 -174.19949 25.98381 -10.33647 -150.23123 -102.06494
21053 0.84342 NaN NaN NaN 146.90631 -81.66582 -35.39048 249.06186 -155.59242 -28.62963 NaN NaN NaN -6.05909 -174.19696 26.01464 -10.38289 -150.33005 -101.98844
21054 0.85177 NaN NaN NaN 146.90369 -81.67329 -35.37175 249.06073 -155.61534 -28.65336 NaN NaN NaN -5.92697 -174.20087 26.04833 -10.47403 -150.45634 -101.96457
21055 0.86012 NaN NaN NaN 146.90445 -81.68841 -35.37368 249.05070 -155.63144 -28.69079 NaN NaN NaN -5.79364 -174.13451 26.06304 -10.60072 -150.63889 -101.99502
21056 0.86846 NaN NaN NaN 146.91585 -81.68021 -35.37527 249.05286 -155.63327 -28.69746 NaN NaN NaN -5.70478 -174.08035 26.03771 -10.69076 -150.71487 -101.96186
21057 0.87681 NaN NaN NaN 146.92130 -81.71883 -35.35204 249.06676 -155.63055 -28.72348 NaN NaN NaN -5.62859 -174.06421 26.01289 -10.71819 -150.74681 -101.91587
21058 0.88516 NaN NaN NaN 146.92413 -81.72576 -35.32285 249.05528 -155.63693 -28.74306 NaN NaN NaN -5.56782 -174.04503 25.98122 -10.74389 -150.72710 -101.89251
21059 0.89350 NaN NaN NaN 146.93292 -81.75059 -35.31602 249.07947 -155.60402 -28.77200 NaN NaN NaN -5.49840 -174.08235 25.95602 -10.75802 -150.74504 -102.13273
21060 0.90185 NaN NaN NaN 146.94165 -81.75848 -35.30809 249.10677 -155.59048 -28.80513 NaN NaN NaN -5.42882 -174.10442 25.89566 -10.75546 -150.69926 -102.23328
21061 0.91020 NaN NaN NaN 146.94055 -81.76643 -35.31325 249.11951 -155.61485 -28.83594 NaN NaN NaN -5.33391 -174.10909 25.86851 -10.81668 -150.56682 -102.21122
21062 0.91854 NaN NaN NaN 146.93893 -81.74895 -35.31120 249.12576 -155.64058 -28.83819 NaN NaN NaN -5.23404 -174.09578 25.82059 -10.84988 -150.44347 -102.23611
21063 0.92689 NaN NaN NaN 146.93788 -81.74443 -35.31057 249.12515 -155.65915 -28.85269 NaN NaN NaN -5.17989 -174.10286 25.78200 -10.88214 -150.36708 -102.24699
21064 0.93524 NaN NaN NaN 146.93907 -81.71899 -35.30659 249.13759 -155.68031 -28.87356 NaN NaN NaN -5.12444 -174.10938 25.74073 -10.91059 -150.38191 -102.30985
21065 0.94358 NaN NaN NaN 146.95815 -81.75649 -35.30823 249.13629 -155.70129 -28.88930 NaN NaN NaN -5.04145 -174.11176 25.69544 -10.95420 -150.41672 -102.37183
21066 0.95193 NaN NaN NaN 146.94009 -81.72781 -35.32209 249.14746 -155.68675 -28.90307 NaN NaN NaN -4.96447 -174.11945 25.67073 -10.95855 -150.49109 -102.39377
21067 0.96028 NaN NaN NaN 146.94974 -81.76270 -35.31440 249.17476 -155.68762 -28.93051 NaN NaN NaN -4.92253 -174.15347 25.66272 -10.99986 -150.53766 -102.39837
21068 0.96862 NaN NaN NaN 146.95752 -81.74198 -35.31971 249.16319 -155.66713 -28.94635 NaN NaN NaN -4.80589 -174.10989 25.63648 -11.04491 -150.56456 -102.40594
21069 0.97697 NaN NaN NaN 146.96753 -81.75977 -35.30722 249.18271 -155.67041 -28.96013 NaN NaN NaN -4.65519 -174.02655 25.62594 -11.07849 -150.61899 -102.44383
21070 0.98532 NaN NaN NaN 146.96240 -81.76002 -35.30614 249.16634 -155.66144 -28.95052 NaN NaN NaN -4.52122 -173.95055 25.62084 -11.08520 -150.60419 -102.46280
21071 0.99366 NaN NaN NaN 146.94473 -81.73788 -35.31070 249.18713 -155.65468 -28.95707 NaN NaN NaN -4.40769 -173.91570 25.58622 -11.07604 -150.61235 -102.48583
21072 1.00201 NaN NaN NaN 146.95273 -81.74953 -35.30498 249.19292 -155.63736 -28.94808 NaN NaN NaN -4.27926 -173.87376 25.55776 -11.06203 -150.66054 -102.55120
21073 1.01036 NaN NaN NaN 146.97623 -81.75057 -35.28548 249.21017 -155.61494 -28.96649 NaN NaN NaN -4.12898 -173.83105 25.55886 -11.08682 -150.61914 -102.54013
21074 1.01870 NaN NaN NaN 146.98112 -81.73428 -35.25386 249.22218 -155.61171 -28.96383 NaN NaN NaN -3.97162 -173.72345 25.55507 -11.13361 -150.58545 -102.49342
21075 1.02705 NaN NaN NaN 146.97992 -81.78688 -35.23056 249.25174 -155.63046 -28.97416 NaN NaN NaN -3.80666 -173.65804 25.55194 -11.19065 -150.57866 -102.48368
21076 1.03540 NaN NaN NaN 146.99768 -81.79871 -35.17063 249.25581 -155.61270 -28.97352 NaN NaN NaN -3.64312 -173.59229 25.55443 -11.24564 -150.55843 -102.53714
21077 1.04374 NaN NaN NaN 147.01050 -81.84998 -35.15739 249.28952 -155.63570 -28.96636 NaN NaN NaN -3.47367 -173.45221 25.53343 -11.33015 -150.59486 -102.54311
21078 1.05209 NaN NaN NaN 146.99913 -81.87330 -35.14047 249.29645 -155.63072 -28.96832 NaN NaN NaN -3.31822 -173.36905 25.50854 -11.44964 -150.63063 -102.52675
21079 1.06044 NaN NaN NaN 146.99359 -81.88243 -35.13575 249.33038 -155.63934 -28.96553 NaN NaN NaN -3.16814 -173.25885 25.47856 -11.52427 -150.68542 -102.52844
21080 1.06878 NaN NaN NaN 146.99863 -81.83261 -35.09072 249.34200 -155.64632 -28.96349 NaN NaN NaN -2.99815 -173.17365 25.46242 -11.58321 -150.68275 -102.55867
21081 1.07713 NaN NaN NaN 147.00473 -81.82626 -35.11758 249.35985 -155.65047 -28.97581 NaN NaN NaN -2.83510 -173.10429 25.41603 -11.57348 -150.65202 -102.60590
21082 1.08547 NaN NaN NaN 147.00409 -81.81049 -35.10981 249.35889 -155.66589 -28.98685 NaN NaN NaN -2.70080 -173.04178 25.36967 -11.58276 -150.62083 -102.55936
21083 1.09382 NaN NaN NaN 146.98964 -81.79131 -35.14095 249.37201 -155.67459 -29.00065 NaN NaN NaN -2.60294 -172.95314 25.32742 -11.57908 -150.52373 -102.64740
21084 1.10217 NaN NaN NaN 146.98259 -81.78523 -35.13605 249.37024 -155.69176 -29.00564 NaN NaN NaN -2.49095 -172.88489 25.28162 -11.58233 -150.40857 -102.71359
21085 1.11051 NaN NaN NaN 146.97881 -81.79609 -35.14751 249.36369 -155.65419 -29.03796 NaN NaN NaN -2.39459 -172.79961 25.26657 -11.58547 -150.27330 -102.75555
21086 1.11886 NaN NaN NaN 146.98013 -81.80439 -35.16793 249.35489 -155.64705 -29.06950 NaN NaN NaN -2.32661 -172.75403 25.24651 -11.58969 -150.15092 -102.77601
21087 1.12721 NaN NaN NaN 146.98277 -81.79517 -35.19141 249.36478 -155.62035 -29.09229 NaN NaN NaN -2.30217 -172.73778 25.22426 -11.59161 -150.09941 -102.80649
21088 1.13555 NaN NaN NaN 146.99367 -81.79730 -35.19572 249.37286 -155.61327 -29.11016 NaN NaN NaN -2.34740 -172.75972 25.23962 -11.62464 -150.04439 -102.82713
21089 1.14390 NaN NaN NaN 146.99287 -81.79239 -35.20365 249.35814 -155.61603 -29.13236 NaN NaN NaN -2.41356 -172.82401 25.26072 -11.66953 -150.06169 -102.82026
21090 1.15225 NaN NaN NaN 146.98129 -81.77984 -35.20486 249.37230 -155.63452 -29.13033 NaN NaN NaN -2.48440 -172.90511 25.31168 -11.72001 -150.12021 -102.78707
21091 1.16059 NaN NaN NaN 146.98448 -81.76720 -35.21135 249.37177 -155.63698 -29.15980 NaN NaN NaN -2.54583 -172.97902 25.38231 -11.78879 -150.21935 -102.72560
21092 1.16894 NaN NaN NaN 146.97519 -81.76779 -35.20590 249.36737 -155.62866 -29.15293 NaN NaN NaN -2.60934 -173.02838 25.43300 -11.88902 -150.37540 -102.63140
21093 1.17729 NaN NaN NaN 146.99713 -81.77596 -35.21294 249.37146 -155.63724 -29.18577 NaN NaN NaN -2.67194 -173.09196 25.47040 -11.96469 -150.52448 -102.54154
21094 1.18563 NaN NaN NaN 146.99934 -81.78885 -35.20518 249.38229 -155.65857 -29.17309 NaN NaN NaN -2.73725 -173.14639 25.52968 -12.09042 -150.64845 -102.39447
21095 1.19398 NaN NaN NaN 147.01990 -81.79789 -35.20782 249.38245 -155.66544 -29.20055 NaN NaN NaN -2.80740 -173.17827 25.59042 -12.17376 -150.76634 -102.30817
21096 1.20233 NaN NaN NaN 147.01715 -81.81925 -35.21407 249.38837 -155.67989 -29.21181 NaN NaN NaN -2.83402 -173.20988 25.65717 -12.19841 -150.84444 -102.25138
21097 1.21067 NaN NaN NaN 146.99869 -81.85536 -35.23041 249.37273 -155.65817 -29.23754 NaN NaN NaN -2.84863 -173.24332 25.72238 -12.24927 -150.97095 -102.26245
21098 1.21902 NaN NaN NaN 146.99742 -81.91332 -35.21988 249.38326 -155.68304 -29.26310 NaN NaN NaN -2.83525 -173.22919 25.80047 -12.31076 -151.00841 -102.22542
21099 1.22737 NaN NaN NaN 146.99483 -81.90961 -35.21563 249.38139 -155.67407 -29.29099 NaN NaN NaN -2.78211 -173.19379 25.87019 -12.34509 -151.14514 -102.20007
21100 1.23571 NaN NaN NaN 147.00201 -81.89631 -35.23781 249.38728 -155.70903 -29.29923 NaN NaN NaN -2.73691 -173.15274 25.93673 -12.36848 -151.14722 -102.07992
21101 1.24406 NaN NaN NaN 146.99539 -81.90038 -35.26403 249.38727 -155.70543 -29.31631 NaN NaN NaN -2.65027 -173.08896 26.04939 -12.42405 -151.17101 -101.98876
21102 1.25241 NaN NaN NaN 147.00169 -81.90631 -35.28194 249.40419 -155.71692 -29.33876 NaN NaN NaN -2.54428 -173.01245 26.18772 -12.49671 -151.10809 -101.85394
21103 1.26075 NaN NaN NaN 147.01250 -81.89403 -35.28768 249.41933 -155.75046 -29.36587 NaN NaN NaN -2.41874 -172.93440 26.27471 -12.56601 -151.15424 -101.85914
21104 1.26910 NaN NaN NaN 147.03011 -81.94345 -35.30296 249.45087 -155.77875 -29.35412 NaN NaN NaN -2.23354 -172.80043 26.35106 -12.63936 -151.27283 -101.74728
21105 1.27745 NaN NaN NaN 147.02609 -81.99277 -35.29537 249.46733 -155.79935 -29.36203 NaN NaN NaN -2.04424 -172.67932 26.41898 -12.68691 -151.37515 -101.68124
21106 1.28579 NaN NaN NaN 147.04594 -82.04496 -35.25735 249.49043 -155.82892 -29.36232 NaN NaN NaN -1.81957 -172.52879 26.44594 -12.68952 -151.42896 -101.62103
21107 1.29414 NaN NaN NaN 147.03806 -82.07296 -35.23441 249.49968 -155.85486 -29.35174 NaN NaN NaN -1.62093 -172.35828 26.43140 -12.68659 -151.46992 -101.62599
21108 1.30249 NaN NaN NaN 147.05533 -82.10046 -35.21651 249.49834 -155.87111 -29.34908 NaN NaN NaN -1.47161 -172.26338 26.34796 -12.58908 -151.38611 -101.67365
21109 1.31083 NaN NaN NaN 147.05060 -82.06239 -35.21123 249.50008 -155.86865 -29.38189 NaN NaN NaN -1.30155 -172.19110 26.26687 -12.49840 -151.16451 -101.80640
21110 1.31918 NaN NaN NaN 147.06322 -82.05432 -35.25543 249.50621 -155.85817 -29.39287 NaN NaN NaN -1.14314 -172.10349 26.16298 -12.37873 -150.92264 -101.80927
21111 1.32752 NaN NaN NaN 147.05161 -82.03492 -35.29934 249.52776 -155.82974 -29.46736 NaN NaN NaN -0.94991 -171.99170 26.12203 -12.30884 -150.66360 -101.94817
21112 1.33587 NaN NaN NaN 147.04581 -82.02052 -35.33608 249.56284 -155.81679 -29.47598 NaN NaN NaN -0.73909 -171.84557 26.08666 -12.25657 -150.41075 -102.01569
21113 1.34422 NaN NaN NaN 147.06636 -82.02602 -35.32273 249.57495 -155.78889 -29.53892 NaN NaN NaN -0.60031 -171.71391 26.07307 -12.25256 -150.30464 -102.07872
21114 1.35256 NaN NaN NaN 147.07178 -82.03777 -35.34070 249.58983 -155.81531 -29.57142 NaN NaN NaN -0.45880 -171.61659 26.12593 -12.24103 -150.27641 -101.99504
21115 1.36091 NaN NaN NaN 147.07585 -82.07081 -35.33985 249.60379 -155.83075 -29.57568 NaN NaN NaN -0.36105 -171.51428 26.14118 -12.28681 -150.30150 -102.00694
21116 1.36926 NaN NaN NaN 147.09915 -82.11154 -35.32510 249.61963 -155.85814 -29.54479 NaN NaN NaN -0.25314 -171.46825 26.14609 -12.34295 -150.45056 -101.91301
21117 1.37760 NaN NaN NaN 147.09500 -82.11769 -35.28921 249.62904 -155.86102 -29.54794 NaN NaN NaN -0.18524 -171.43910 26.17905 -12.43361 -150.60001 -101.84352
21118 1.38595 NaN NaN NaN 147.09933 -82.15172 -35.27101 249.63658 -155.89464 -29.53908 NaN NaN NaN -0.15796 -171.39697 26.18932 -12.48663 -150.72876 -101.81684
21119 1.39430 NaN NaN NaN 147.09047 -82.13406 -35.26492 249.64200 -155.88065 -29.55012 NaN NaN NaN -0.16828 -171.41100 26.20473 -12.59616 -150.84338 -101.77295
21120 1.40264 NaN NaN NaN 147.08754 -82.14510 -35.27453 249.64735 -155.87814 -29.54672 NaN NaN NaN -0.20657 -171.41280 26.18540 -12.66668 -150.92772 -101.80380
21121 1.41099 NaN NaN NaN 147.08380 -82.10437 -35.28072 249.62990 -155.83214 -29.54883 NaN NaN NaN -0.27629 -171.48393 26.21070 -12.79523 -150.94176 -101.86510
21122 1.41934 NaN NaN NaN 147.07605 -82.08846 -35.27295 249.63208 -155.82007 -29.58178 NaN NaN NaN -0.38329 -171.55598 26.20421 -12.83632 -150.89639 -101.77382
21123 1.42768 NaN NaN NaN 147.06801 -82.06172 -35.29594 249.61887 -155.79286 -29.61774 NaN NaN NaN -0.44609 -171.63655 26.25378 -12.93334 -150.82703 -101.81170
21124 1.43603 NaN NaN NaN 147.04533 -82.08133 -35.31547 249.61589 -155.80203 -29.63404 NaN NaN NaN -0.51485 -171.68034 26.30034 -12.98964 -150.79961 -101.78264
21125 1.44438 NaN NaN NaN 147.05466 -82.07279 -35.30978 249.62692 -155.79733 -29.64319 NaN NaN NaN -0.61320 -171.75096 26.38254 -13.05829 -150.82004 -101.74255
21126 1.45272 NaN NaN NaN 147.04054 -82.08979 -35.31419 249.60980 -155.79395 -29.65699 NaN NaN NaN -0.73138 -171.82474 26.44723 -13.15031 -150.94110 -101.67484
21127 1.46107 NaN NaN NaN 147.03763 -82.09756 -35.32265 249.60834 -155.77245 -29.67707 NaN NaN NaN -0.88799 -171.88152 26.56831 -13.26993 -151.10544 -101.63620
21128 1.46942 NaN NaN NaN 147.03398 -82.10479 -35.32368 249.57948 -155.78810 -29.68794 NaN NaN NaN -1.02033 -171.93352 26.68723 -13.44660 -151.32356 -101.41152
21129 1.47776 NaN NaN NaN 147.03745 -82.11939 -35.33039 249.57629 -155.77859 -29.67859 NaN NaN NaN -1.22521 -172.03964 26.77936 -13.52137 -151.41066 -101.23115
21130 1.48611 NaN NaN NaN 147.06404 -82.09189 -35.31426 249.57039 -155.79787 -29.66263 NaN NaN NaN -1.44849 -172.12999 26.87835 -13.61127 -151.59361 -101.14777
21131 1.49446 NaN NaN NaN 147.05902 -82.08589 -35.29445 249.57257 -155.80336 -29.64205 NaN NaN NaN -1.65329 -172.23193 27.01116 -13.75201 -151.75365 -101.03958
21132 1.50280 NaN NaN NaN 147.04436 -82.10781 -35.27404 249.55782 -155.83035 -29.62926 NaN NaN NaN -1.80471 -172.31369 27.11125 -13.97369 -151.93721 -100.92234
21133 1.51115 NaN NaN NaN 147.06927 -82.07681 -35.26566 249.56815 -155.80632 -29.60980 NaN NaN NaN -1.92059 -172.37233 27.20489 -14.11159 -151.98137 -100.82468
21134 1.51950 NaN NaN NaN 147.07744 -82.06413 -35.24596 249.56213 -155.82556 -29.59595 NaN NaN NaN -1.99886 -172.44411 27.21733 -14.22749 -151.96361 -100.78876
21135 1.52784 NaN NaN NaN 147.07712 -82.05468 -35.23787 249.57249 -155.82480 -29.58697 NaN NaN NaN -2.06645 -172.47450 27.19383 -14.27696 -151.88338 -100.80466
21136 1.53619 NaN NaN NaN 147.09387 -82.07435 -35.23518 249.57379 -155.84586 -29.57242 NaN NaN NaN -2.06987 -172.46318 27.13439 -14.24917 -151.71777 -100.85944
21137 1.54454 NaN NaN NaN 147.07924 -82.07687 -35.23603 249.55577 -155.85271 -29.59052 NaN NaN NaN -2.00577 -172.40692 27.10396 -14.23014 -151.54626 -100.93454
21138 1.55288 NaN NaN NaN 147.07503 -82.06957 -35.23699 249.54033 -155.85315 -29.60820 NaN NaN NaN -1.86127 -172.29865 27.04405 -14.23137 -151.37306 -100.99791
21139 1.56123 NaN NaN NaN 147.05934 -82.07444 -35.24287 249.51950 -155.85345 -29.63637 NaN NaN NaN -1.70158 -172.14410 26.96347 -14.23639 -151.23222 -101.06966
21140 1.56958 NaN NaN NaN 147.05122 -82.09083 -35.27668 249.52147 -155.83844 -29.67262 NaN NaN NaN -1.55384 -172.00529 26.87520 -14.18903 -151.08696 -101.18777
21141 1.57792 NaN NaN NaN 147.03787 -82.06328 -35.29692 249.53589 -155.84297 -29.70148 NaN NaN NaN -1.40223 -171.89690 26.78636 -14.14550 -151.02718 -101.29057
21142 1.58627 NaN NaN NaN 147.03862 -82.08035 -35.28454 249.53825 -155.87122 -29.75011 NaN NaN NaN -1.25332 -171.80643 26.71800 -14.11591 -151.00117 -101.32481
21143 1.59461 NaN NaN NaN 147.03748 -82.06152 -35.28062 249.54514 -155.88988 -29.74322 NaN NaN NaN -1.11089 -171.71303 26.66223 -14.12162 -151.00818 -101.32541
21144 1.60296 NaN NaN NaN 147.04408 -82.08542 -35.27721 249.54814 -155.90172 -29.75409 NaN NaN NaN -0.98070 -171.65155 26.63480 -14.13722 -150.99985 -101.32774
21145 1.61131 NaN NaN NaN 147.05301 -82.09390 -35.28400 249.55333 -155.89423 -29.75868 NaN NaN NaN -0.90561 -171.60968 26.62005 -14.13046 -151.01318 -101.32756
21146 1.61965 NaN NaN NaN 147.06145 -82.11620 -35.27978 249.54596 -155.89159 -29.76435 NaN NaN NaN -0.87894 -171.60645 26.60738 -14.16872 -151.12958 -101.34435
21147 1.62800 NaN NaN NaN 147.04689 -82.10237 -35.28769 249.56078 -155.89241 -29.75581 NaN NaN NaN -0.86719 -171.61728 26.61540 -14.16306 -151.11414 -101.32027
21148 1.63635 NaN NaN NaN 147.04381 -82.10802 -35.27898 249.55176 -155.88586 -29.75127 NaN NaN NaN -0.87372 -171.62675 26.61586 -14.15671 -151.10448 -101.30553
21149 1.64469 NaN NaN NaN 147.04436 -82.10143 -35.27708 249.55608 -155.89195 -29.76002 NaN NaN NaN -0.89714 -171.65085 26.63374 -14.15671 -151.07716 -101.29118
21150 1.65304 NaN NaN NaN 147.06395 -82.10351 -35.27437 249.54787 -155.86754 -29.74330 NaN NaN NaN -0.94344 -171.69440 26.61395 -14.14826 -151.06033 -101.30858
21151 1.66139 NaN NaN NaN 147.05878 -82.12552 -35.28096 249.54770 -155.84286 -29.71588 NaN NaN NaN -0.98810 -171.73657 26.58382 -14.14773 -151.01686 -101.31577
21152 1.66973 NaN NaN NaN 147.04805 -82.12178 -35.28677 249.53386 -155.84949 -29.72854 NaN NaN NaN -1.00965 -171.78229 26.57299 -14.10727 -150.93701 -101.34902
21153 1.67808 NaN NaN NaN 147.04909 -82.11465 -35.28656 249.53287 -155.82843 -29.70651 NaN NaN NaN -0.98601 -171.79482 26.54718 -14.08086 -150.90007 -101.37683
21154 1.68643 NaN NaN NaN 147.04688 -82.12469 -35.27719 249.53690 -155.83041 -29.69792 NaN NaN NaN -0.92316 -171.76044 26.55517 -14.07231 -150.94807 -101.41774
21155 1.69477 NaN NaN NaN 147.04758 -82.10306 -35.24703 249.53847 -155.84239 -29.70182 NaN NaN NaN -0.85638 -171.69566 26.51106 -14.03796 -150.91252 -101.41118
21156 1.70312 NaN NaN NaN 147.05655 -82.11371 -35.24401 249.53462 -155.85443 -29.74214 NaN NaN NaN -0.80390 -171.63292 26.49620 -14.03373 -150.97102 -101.44582
21157 1.71147 NaN NaN NaN 147.04573 -82.10370 -35.27408 249.54407 -155.85355 -29.72576 NaN NaN NaN -0.77228 -171.60027 26.44796 -14.01556 -151.00981 -101.47450
21158 1.71981 NaN NaN NaN 147.03755 -82.10512 -35.28036 249.53786 -155.86137 -29.75111 NaN NaN NaN -0.76153 -171.59735 26.41194 -13.92735 -150.89812 -101.48018
21159 1.72816 NaN NaN NaN 147.04576 -82.10130 -35.27884 249.55318 -155.86957 -29.72737 NaN NaN NaN -0.78127 -171.59464 26.40565 -13.87294 -150.76019 -101.48132
21160 1.73651 NaN NaN NaN 147.05507 -82.11887 -35.25605 249.54543 -155.89655 -29.74885 NaN NaN NaN -0.79589 -171.59840 26.40145 -13.84975 -150.72739 -101.64950
21161 1.74485 NaN NaN NaN 147.05836 -82.13126 -35.26495 249.56245 -155.89427 -29.71653 NaN NaN NaN -0.81707 -171.57195 26.38697 -13.81234 -150.56898 -101.61056
21162 1.75320 NaN NaN NaN 147.07138 -82.16336 -35.23860 249.57767 -155.91478 -29.68732 NaN NaN NaN -0.83180 -171.55707 26.37581 -13.76374 -150.52083 -101.72521
21163 1.76155 NaN NaN NaN 147.07324 -82.18707 -35.23198 249.59402 -155.93285 -29.67435 NaN NaN NaN -0.85338 -171.49251 26.37550 -13.70396 -150.42366 -101.64080
21164 1.76989 NaN NaN NaN 147.08827 -82.21886 -35.21862 249.60052 -155.96626 -29.69294 NaN NaN NaN -0.83813 -171.44371 26.36716 -13.63588 -150.31926 -101.58424
21165 1.77824 NaN NaN NaN 147.07799 -82.23208 -35.19532 249.61539 -156.01340 -29.69151 NaN NaN NaN -0.81174 -171.37044 26.38290 -13.58297 -150.23459 -101.55222
21166 1.78659 NaN NaN NaN 147.07146 -82.23866 -35.19114 249.60651 -156.04559 -29.70273 NaN NaN NaN -0.73839 -171.28532 26.39025 -13.52845 -150.16261 -101.49089
21167 1.79493 NaN NaN NaN 147.06012 -82.26472 -35.19854 249.59258 -156.05598 -29.70579 NaN NaN NaN -0.59749 -171.10907 26.43108 -13.43503 -150.04018 -101.38506
21168 1.80328 NaN NaN NaN 147.06514 -82.29112 -35.19919 249.58009 -156.06616 -29.71368 NaN NaN NaN -0.43281 -170.89699 26.46975 -13.27177 -149.92789 -101.41606
21169 1.81163 NaN NaN NaN 147.05333 -82.31795 -35.16861 249.55858 -156.07669 -29.71755 NaN NaN NaN -0.25472 -170.64244 26.55049 -13.13809 -149.77451 -101.38097
21170 1.81997 NaN NaN NaN 147.03928 -82.32382 -35.16656 249.53734 -156.08391 -29.72168 NaN NaN NaN -0.05640 -170.34827 26.57882 -12.97801 -149.54485 -101.35696
21171 1.82832 NaN NaN NaN 147.02325 -82.35395 -35.18076 249.52515 -156.07225 -29.72304 NaN NaN NaN 0.19235 -170.05389 26.62978 -12.83299 -149.41093 -101.26529
21172 1.83666 NaN NaN NaN 147.02461 -82.37503 -35.16656 249.51779 -156.09460 -29.71710 NaN NaN NaN 0.43275 -169.77780 26.66015 -12.61341 -149.23724 -101.27229
21173 1.84501 NaN NaN NaN 147.01630 -82.38692 -35.16630 249.48709 -156.10725 -29.73178 NaN NaN NaN 0.68816 -169.49792 26.67548 -12.38638 -149.02438 -101.26352
21174 1.85336 NaN NaN NaN 147.02243 -82.37853 -35.17632 249.46848 -156.09889 -29.75034 NaN NaN NaN 0.90756 -169.24916 26.71251 -12.13784 -148.75536 -101.34176
21175 1.86170 NaN NaN NaN 146.99458 -82.38583 -35.17352 249.46776 -156.11296 -29.76643 NaN NaN NaN 1.08263 -169.04492 26.71509 -11.84383 -148.53958 -101.37746
21176 1.87005 NaN NaN NaN 146.98048 -82.36540 -35.19510 249.47450 -156.08014 -29.78345 NaN NaN NaN 1.17095 -168.86958 26.71772 -11.62201 -148.45932 -101.33627
21177 1.87840 NaN NaN NaN 146.97501 -82.36272 -35.19424 249.47572 -156.05209 -29.79499 NaN NaN NaN 1.26064 -168.74042 26.75051 -11.38297 -148.37666 -101.27731
21178 1.88674 NaN NaN NaN 146.95818 -82.47054 -35.14783 249.48474 -156.03813 -29.81949 NaN NaN NaN 1.33046 -168.62276 26.83254 -11.11725 -148.18282 -101.22813
21179 1.89509 NaN NaN NaN 146.96974 -82.43601 -35.15976 249.49063 -156.00345 -29.82731 NaN NaN NaN 1.36791 -168.54910 26.89330 -10.94763 -148.12717 -101.15823
21180 1.90344 NaN NaN NaN 146.97707 -82.42554 -35.17559 249.48686 -155.99115 -29.84922 NaN NaN NaN 1.41231 -168.44890 27.01902 -10.73851 -147.97751 -101.03621
21181 1.91178 NaN NaN NaN 146.95967 -82.49670 -35.12792 249.47856 -155.98245 -29.84340 NaN NaN NaN 1.41655 -168.38547 27.11393 -10.61883 -147.97052 -100.96861
21182 1.92013 NaN NaN NaN 146.97275 -82.41569 -35.15410 249.47119 -155.97603 -29.85946 NaN NaN NaN 1.38510 -168.33501 27.20749 -10.62766 -147.96156 -100.87159
21183 1.92848 NaN NaN NaN 146.97884 -82.49363 -35.14218 249.45946 -155.98189 -29.83554 NaN NaN NaN 1.28218 -168.34929 27.28798 -10.60378 -148.01631 -100.86242
21184 1.93682 NaN NaN NaN 146.95279 -82.41285 -35.18495 249.43277 -155.97345 -29.83703 NaN NaN NaN 1.14215 -168.36861 27.42472 -10.60286 -148.16183 -100.81524
21185 1.94517 NaN NaN NaN 146.94240 -82.46486 -35.16311 249.38704 -155.99246 -29.81402 NaN NaN NaN 0.96625 -168.43060 27.53873 -10.67604 -148.24216 -100.66859
21186 1.95352 NaN NaN NaN 146.94264 -82.41306 -35.20794 249.35027 -156.00111 -29.81387 NaN NaN NaN 0.74544 -168.54149 27.64811 -10.78652 -148.40225 -100.54529
21187 1.96186 NaN NaN NaN 146.90823 -82.48419 -35.19437 249.34575 -156.00240 -29.81771 NaN NaN NaN 0.47381 -168.67087 27.77460 -10.87290 -148.63632 -100.44930
21188 1.97021 NaN NaN NaN 146.91533 -82.39272 -35.24492 249.32349 -156.01727 -29.81805 NaN NaN NaN 0.14373 -168.83044 27.87844 -10.96168 -148.90909 -100.35278
21189 1.97856 NaN NaN NaN 146.88766 -82.42108 -35.23152 249.29871 -156.00650 -29.81677 NaN NaN NaN -0.17984 -169.00865 28.00121 -11.02398 -149.20216 -100.33746
21190 1.98690 NaN NaN NaN 146.89468 -82.31874 -35.29816 249.26178 -156.01251 -29.81845 NaN NaN NaN -0.53540 -169.19682 28.14516 -11.03199 -149.40909 -100.27474
21191 1.99525 NaN NaN NaN 146.89137 -82.38602 -35.28086 249.24405 -156.03468 -29.80927 NaN NaN NaN -0.84735 -169.35716 28.28074 -11.05278 -149.58153 -100.19588
21192 2.00360 NaN NaN NaN 146.88899 -82.32559 -35.28923 249.23701 -156.03049 -29.80528 NaN NaN NaN -1.11957 -169.49289 28.42728 -11.04669 -149.81320 -100.09199
21193 2.01194 NaN NaN NaN 146.86363 -82.25517 -35.37700 249.22061 -156.03090 -29.79558 NaN NaN NaN -1.34843 -169.56052 28.56453 -11.11940 -149.93706 -99.87176
21194 2.02029 NaN NaN NaN 146.85968 -82.20813 -35.38087 249.20297 -156.03372 -29.79380 NaN NaN NaN -1.54779 -169.59804 28.78023 -11.14185 -150.02142 -99.59415
21195 2.02864 NaN NaN NaN 146.85109 -82.17416 -35.38609 249.19362 -156.03323 -29.79056 NaN NaN NaN -1.63286 -169.60368 28.99265 -11.21258 -150.08684 -99.43796
21196 2.03698 NaN NaN NaN 146.85004 -82.25609 -35.34990 249.18192 -156.02986 -29.79336 NaN NaN NaN -1.74876 -169.64751 29.23136 -11.31265 -150.27963 -99.25706
21197 2.04533 NaN NaN NaN 146.86421 -82.22980 -35.41440 249.18925 -156.02299 -29.80268 NaN NaN NaN -1.87549 -169.70110 29.40403 -11.31594 -150.40120 -99.10424
21198 2.05368 NaN NaN NaN 146.86684 -82.22185 -35.40628 249.18481 -156.04567 -29.81987 NaN NaN NaN -1.99845 -169.76819 29.50886 -11.31991 -150.56297 -99.01788
21199 2.06202 NaN NaN NaN 146.85976 -82.21576 -35.44730 249.17232 -156.05922 -29.82679 NaN NaN NaN -2.10400 -169.82233 29.55893 -11.28489 -150.57568 -98.89432
21200 2.07037 NaN NaN NaN 146.88188 -82.23363 -35.45224 249.14847 -156.07947 -29.83164 NaN NaN NaN -2.19578 -169.83838 29.61937 -11.18412 -150.51143 -98.83471
21201 2.07872 NaN NaN NaN 146.85817 -82.22395 -35.47660 249.14618 -156.08366 -29.84535 NaN NaN NaN -2.27188 -169.84117 29.67193 -11.09000 -150.42186 -98.81551
21202 2.08706 NaN NaN NaN 146.86259 -82.26868 -35.45627 249.13309 -156.10315 -29.88672 NaN NaN NaN -2.33022 -169.83099 29.68968 -10.94819 -150.28821 -98.88193
21203 2.09541 NaN NaN NaN 146.83302 -82.31693 -35.44950 249.10889 -156.11072 -29.88480 NaN NaN NaN -2.37481 -169.80817 29.69151 -10.82384 -150.13527 -98.91725
21204 2.10375 NaN NaN NaN 146.82030 -82.36275 -35.45670 249.06633 -156.10245 -29.86792 NaN NaN NaN -2.34818 -169.76607 29.69271 -10.75545 -150.11063 -98.96985
21205 2.11210 NaN NaN NaN 146.82355 -82.37443 -35.45154 249.04526 -156.11432 -29.87780 NaN NaN NaN -2.27316 -169.70844 29.74508 -10.68262 -150.09256 -98.95980
21206 2.12045 NaN NaN NaN 146.84410 -82.36711 -35.45156 249.03439 -156.14188 -29.87477 NaN NaN NaN -2.19262 -169.62158 29.76979 -10.51398 -149.99815 -98.92960
21207 2.12879 NaN NaN NaN 146.83749 -82.40472 -35.45173 249.01913 -156.16386 -29.86443 NaN NaN NaN -2.09815 -169.50443 29.80592 -10.39658 -149.97928 -98.84389
21208 2.13714 NaN NaN NaN 146.80978 -82.38801 -35.47120 249.01047 -156.17154 -29.88010 NaN NaN NaN -2.00695 -169.40039 29.83077 -10.24662 -149.92181 -98.69117
21209 2.14549 NaN NaN NaN 146.78703 -82.36981 -35.49485 248.99460 -156.17027 -29.89373 NaN NaN NaN -1.88811 -169.27235 29.89061 -10.10023 -149.85304 -98.63896
21210 2.15383 NaN NaN NaN 146.78319 -82.38467 -35.52744 248.99043 -156.17834 -29.91379 NaN NaN NaN -1.77412 -169.16092 29.98208 -9.95870 -149.69011 -98.50042
21211 2.16218 NaN NaN NaN 146.77560 -82.32693 -35.54401 248.98657 -156.16844 -29.91691 NaN NaN NaN -1.70530 -169.06870 30.09633 -9.85173 -149.54750 -98.40192
21212 2.17053 NaN NaN NaN 146.75444 -82.32825 -35.56517 248.97743 -156.17033 -29.93398 NaN NaN NaN -1.63290 -168.95737 30.18412 -9.73082 -149.54454 -98.40839
21213 2.17887 NaN NaN NaN 146.74324 -82.29018 -35.60382 248.96350 -156.15501 -29.93473 NaN NaN NaN -1.56640 -168.88736 30.23991 -9.59421 -149.55392 -98.41199
21214 2.18722 NaN NaN NaN 146.69437 -82.24338 -35.65282 248.94449 -156.15352 -29.95604 NaN NaN NaN -1.52057 -168.83018 30.31999 -9.52422 -149.56818 -98.35348
21215 2.19557 NaN NaN NaN 146.66399 -82.15899 -35.65075 248.94240 -156.14229 -29.92326 NaN NaN NaN -1.47661 -168.79846 30.38927 -9.43416 -149.53894 -98.28882
21216 2.20391 NaN NaN NaN 146.65314 -82.11076 -35.64590 248.94699 -156.15468 -29.90279 NaN NaN NaN -1.44172 -168.74088 30.43212 -9.26772 -149.51653 -98.21329
21217 2.21226 NaN NaN NaN 146.65804 -82.10109 -35.65443 248.92575 -156.15527 -29.86450 NaN NaN NaN -1.41444 -168.67300 30.47985 -9.15420 -149.58844 -98.24963
21218 2.22061 NaN NaN NaN 146.69034 -82.19756 -35.56149 248.92583 -156.18558 -29.84543 NaN NaN NaN -1.37883 -168.60808 30.51673 -9.06432 -149.54568 -98.19379
21219 2.22895 NaN NaN NaN 146.72394 -82.29935 -35.49170 248.90503 -156.19748 -29.83490 NaN NaN NaN -1.33872 -168.54601 30.54256 -8.98283 -149.49863 -98.13999
21220 2.23730 NaN NaN NaN 146.68781 -82.45784 -35.42569 248.88779 -156.19360 -29.81956 NaN NaN NaN -1.31613 -168.48146 30.55258 -8.93195 -149.51364 -98.13142
21221 2.24565 NaN NaN NaN 146.72003 -82.49003 -35.41717 248.87564 -156.18420 -29.82443 NaN NaN NaN -1.28061 -168.41014 30.55983 -8.84735 -149.54012 -98.13941
21222 2.25399 NaN NaN NaN 146.67345 -82.46771 -35.41624 248.86978 -156.20264 -29.82169 NaN NaN NaN -1.26002 -168.33087 30.59520 -8.74379 -149.52997 -98.15240
21223 2.26234 NaN NaN NaN 146.68777 -82.38824 -35.44831 248.84987 -156.20212 -29.82689 NaN NaN NaN -1.23325 -168.25388 30.60687 -8.64957 -149.56015 -98.12756
21224 2.27069 NaN NaN NaN 146.61479 -82.35461 -35.46460 248.81282 -156.19063 -29.82479 NaN NaN NaN -1.20443 -168.19350 30.62317 -8.51591 -149.42142 -98.10731
21225 2.27903 NaN NaN NaN 146.58640 -82.33249 -35.50225 248.79442 -156.18802 -29.82555 NaN NaN NaN -1.18164 -168.12991 30.64719 -8.41729 -149.41603 -98.12848
21226 2.28738 NaN NaN NaN 146.55838 -82.25274 -35.53201 248.77411 -156.19493 -29.81834 NaN NaN NaN -1.17616 -168.09714 30.66569 -8.35298 -149.33954 -98.17984
21227 2.29573 NaN NaN NaN 146.54395 -82.21991 -35.53539 248.75833 -156.20370 -29.82877 NaN NaN NaN -1.17583 -168.05315 30.66900 -8.32690 -149.37550 -98.17738
21228 2.30407 NaN NaN NaN 146.53589 -82.26975 -35.50484 248.74144 -156.21136 -29.83360 NaN NaN NaN -1.16641 -167.99718 30.68749 -8.29783 -149.40742 -98.16575
21229 2.31242 NaN NaN NaN 146.55722 -82.27549 -35.49904 248.72037 -156.22015 -29.82815 NaN NaN NaN -1.13702 -167.92953 30.72671 -8.26276 -149.44994 -98.12424
21230 2.32077 NaN NaN NaN 146.49428 -82.21845 -35.56376 248.73189 -156.23981 -29.82810 NaN NaN NaN -1.10411 -167.90469 30.77856 -8.19817 -149.45984 -98.07655
21231 2.32911 NaN NaN NaN 146.49446 -82.26871 -35.53675 248.72150 -156.24458 -29.81981 NaN NaN NaN -1.06121 -167.84076 30.85952 -8.08050 -149.52603 -97.92474
21232 2.33746 NaN NaN NaN 146.45796 -82.22200 -35.56882 248.71056 -156.25423 -29.82242 NaN NaN NaN -1.03181 -167.77238 30.89626 -7.98988 -149.58617 -97.76250
21233 2.34580 NaN NaN NaN 146.42162 -82.18061 -35.57969 248.69594 -156.25308 -29.80365 NaN NaN NaN -0.98416 -167.72208 30.90961 -7.86701 -149.57881 -97.79317
21234 2.35415 NaN NaN NaN 146.43143 -82.13182 -35.57541 248.68964 -156.26138 -29.79348 NaN NaN NaN -0.93354 -167.63501 30.90908 -7.73247 -149.50008 -97.84170
21235 2.36250 NaN NaN NaN 146.41800 -82.09631 -35.58881 248.66994 -156.27847 -29.78032 NaN NaN NaN -0.88423 -167.54666 30.91286 -7.61980 -149.40305 -97.86757
21236 2.37084 NaN NaN NaN 146.42091 -82.07005 -35.59347 248.66255 -156.30551 -29.76488 NaN NaN NaN -0.78420 -167.46341 30.91963 -7.47794 -149.20244 -97.84825
21237 2.37919 NaN NaN NaN 146.39532 -82.08329 -35.59990 248.67084 -156.31171 -29.74176 NaN NaN NaN -0.70761 -167.39932 30.91775 -7.38756 -149.13577 -97.89574
21238 2.38754 NaN NaN NaN 146.38950 -82.11150 -35.57777 248.65950 -156.31833 -29.74084 NaN NaN NaN -0.65180 -167.35684 30.92795 -7.24096 -148.98685 -97.92811
21239 2.39588 NaN NaN NaN 146.38797 -82.17596 -35.55985 248.65599 -156.30264 -29.72829 NaN NaN NaN -0.60297 -167.30472 30.89426 -7.10331 -148.86975 -97.93361
21240 2.40423 NaN NaN NaN 146.39185 -82.18630 -35.54726 248.64249 -156.33644 -29.72165 NaN NaN NaN -0.54827 -167.26967 30.87868 -7.01462 -148.78328 -97.90739
21241 2.41258 NaN NaN NaN 146.39536 -82.18571 -35.52111 248.65666 -156.35693 -29.72133 NaN NaN NaN -0.46302 -167.18636 30.86157 -6.95493 -148.74706 -97.89849
21242 2.42092 NaN NaN NaN 146.39963 -82.19714 -35.50975 248.65207 -156.38495 -29.71513 NaN NaN NaN -0.36558 -167.11653 30.86465 -6.91505 -148.71370 -97.91003
21243 2.42927 NaN NaN NaN 146.37875 -82.18576 -35.50964 248.66003 -156.40706 -29.70440 NaN NaN NaN -0.26440 -167.08113 30.86411 -6.82225 -148.65385 -97.89214
21244 2.43762 NaN NaN NaN 146.36859 -82.20538 -35.50753 248.64738 -156.44249 -29.70104 NaN NaN NaN -0.18746 -167.02142 30.86595 -6.78073 -148.67499 -97.89734
21245 2.44596 NaN NaN NaN 146.40326 -82.22873 -35.49794 248.63278 -156.45021 -29.70006 NaN NaN NaN -0.11847 -166.96527 30.86791 -6.68809 -148.64955 -97.92133
21246 2.45431 NaN NaN NaN 146.36247 -82.24587 -35.50444 248.61214 -156.46442 -29.72131 NaN NaN NaN -0.06445 -166.91882 30.85391 -6.55814 -148.57405 -97.91763
21247 2.46266 NaN NaN NaN 146.38963 -82.24178 -35.50210 248.60513 -156.48953 -29.70361 NaN NaN NaN -0.02455 -166.86365 30.84349 -6.47853 -148.52188 -97.93930
21248 2.47100 NaN NaN NaN 146.35919 -82.25001 -35.51422 248.58679 -156.51277 -29.73114 NaN NaN NaN 0.04633 -166.81456 30.84623 -6.39206 -148.41754 -97.93705
21249 2.47935 NaN NaN NaN 146.36153 -82.24156 -35.50113 248.56905 -156.52232 -29.73020 NaN NaN NaN 0.15210 -166.70378 30.88177 -6.36111 -148.45052 -97.88692
21250 2.48770 NaN NaN NaN 146.38266 -82.19250 -35.51806 248.56845 -156.55379 -29.73579 NaN NaN NaN 0.23843 -166.62177 30.91694 -6.24551 -148.45609 -97.91983
21251 2.49604 NaN NaN NaN 146.36630 -82.23105 -35.52373 248.55571 -156.56264 -29.72310 NaN NaN NaN 0.31508 -166.55739 30.94188 -6.19669 -148.50545 -97.85123
21252 2.50439 NaN NaN NaN 146.36966 -82.23864 -35.51976 248.54182 -156.57443 -29.71917 NaN NaN NaN 0.39484 -166.49777 30.98639 -6.07745 -148.42255 -97.77453
21253 2.51274 NaN NaN NaN 146.35527 -82.26095 -35.52010 248.52779 -156.57991 -29.70047 NaN NaN NaN 0.48664 -166.43364 31.03075 -5.91345 -148.29691 -97.76437
21254 2.52108 NaN NaN NaN 146.35417 -82.30270 -35.51237 248.51688 -156.59554 -29.70651 NaN NaN NaN 0.58334 -166.37209 31.05548 -5.77692 -148.26901 -97.84331
21255 2.52943 NaN NaN NaN 146.36180 -82.29028 -35.52913 248.51466 -156.60715 -29.68777 NaN NaN NaN 0.69119 -166.26167 31.06745 -5.67771 -148.24017 -97.89243
21256 2.53778 NaN NaN NaN 146.34776 -82.28889 -35.51702 248.52080 -156.60013 -29.69847 NaN NaN NaN 0.83722 -166.18953 31.07482 -5.60198 -148.14748 -97.84695
21257 2.54612 NaN NaN NaN 146.35204 -82.25366 -35.52483 248.51620 -156.60197 -29.69979 NaN NaN NaN 0.95688 -166.11833 31.08415 -5.46663 -148.00597 -97.75648
21258 2.55447 NaN NaN NaN 146.32173 -82.22252 -35.54254 248.50005 -156.61272 -29.70755 NaN NaN NaN 1.06338 -166.01817 31.13118 -5.36536 -147.90335 -97.70168
21259 2.56282 NaN NaN NaN 146.33261 -82.21744 -35.55604 248.49704 -156.61176 -29.69168 NaN NaN NaN 1.18954 -165.91849 31.15388 -5.24413 -147.87169 -97.63862
21260 2.57116 NaN NaN NaN 146.29759 -82.21337 -35.53980 248.48163 -156.62332 -29.69273 NaN NaN NaN 1.29352 -165.84325 31.19352 -5.15248 -147.89384 -97.66807
21261 2.57951 NaN NaN NaN 146.34615 -82.17833 -35.58354 248.48273 -156.59929 -29.69481 NaN NaN NaN 1.35964 -165.77592 31.23077 -5.04705 -147.92145 -97.66975
21262 2.58786 NaN NaN NaN 146.32465 -82.20275 -35.61293 248.45685 -156.62276 -29.68323 NaN NaN NaN 1.43064 -165.69276 31.26471 -5.04272 -147.97632 -97.64325
21263 2.59620 NaN NaN NaN 146.31699 -82.17555 -35.62808 248.44185 -156.61748 -29.68711 NaN NaN NaN 1.51272 -165.60390 31.32017 -5.03445 -148.04395 -97.60052
21264 2.60455 NaN NaN NaN 146.30106 -82.16467 -35.64902 248.43188 -156.61909 -29.68319 NaN NaN NaN 1.55939 -165.54604 31.36565 -4.99444 -148.07521 -97.57824
21265 2.61289 NaN NaN NaN 146.29877 -82.14656 -35.67098 248.41974 -156.61888 -29.66409 NaN NaN NaN 1.59253 -165.49326 31.37003 -4.90449 -148.04362 -97.53197
21266 2.62124 NaN NaN NaN 146.29910 -82.15639 -35.69495 248.40086 -156.62868 -29.65732 NaN NaN NaN 1.60828 -165.45766 31.38486 -4.80656 -148.03886 -97.52290
21267 2.62959 NaN NaN NaN 146.29129 -82.18024 -35.73117 248.39197 -156.62326 -29.64398 NaN NaN NaN 1.65917 -165.42020 31.40753 -4.73506 -147.96111 -97.54724
21268 2.63793 NaN NaN NaN 146.27391 -82.22853 -35.74125 248.37674 -156.62900 -29.64232 NaN NaN NaN 1.73094 -165.35474 31.45657 -4.69502 -147.92230 -97.54870
21269 2.64628 NaN NaN NaN 146.28053 -82.22562 -35.75063 248.37486 -156.62424 -29.62141 NaN NaN NaN 1.78413 -165.30139 31.49212 -4.56528 -147.75699 -97.56143
21270 2.65463 NaN NaN NaN 146.26450 -82.21169 -35.76288 248.37648 -156.63272 -29.61148 NaN NaN NaN 1.82494 -165.28505 31.52274 -4.48050 -147.68324 -97.56309
21271 2.66297 NaN NaN NaN 146.28975 -82.18825 -35.75666 248.36176 -156.63235 -29.59175 NaN NaN NaN 1.84161 -165.26338 31.52250 -4.44243 -147.63667 -97.57565
21272 2.67132 NaN NaN NaN 146.30292 -82.17099 -35.74798 248.35368 -156.62196 -29.59040 NaN NaN NaN 1.85917 -165.24893 31.51957 -4.44946 -147.65649 -97.60236
21273 2.67967 NaN NaN NaN 146.30188 -82.15177 -35.73694 248.34363 -156.61519 -29.56892 NaN NaN NaN 1.86513 -165.23624 31.51306 -4.39941 -147.64436 -97.52990
21274 2.68801 NaN NaN NaN 146.30513 -82.17089 -35.74136 248.35599 -156.58980 -29.57691 NaN NaN NaN 1.85381 -165.26357 31.51181 -4.42162 -147.70973 -97.56314
21275 2.69636 NaN NaN NaN 146.30634 -82.12825 -35.72377 248.37105 -156.58600 -29.59443 NaN NaN NaN 1.81937 -165.29991 31.50571 -4.41252 -147.69826 -97.48752
21276 2.70471 NaN NaN NaN 146.29326 -82.10064 -35.75236 248.38876 -156.56165 -29.61742 NaN NaN NaN 1.73246 -165.34898 31.47500 -4.44672 -147.67781 -97.54012
21277 2.71305 NaN NaN NaN 146.29240 -82.05634 -35.74360 248.41426 -156.52713 -29.65632 NaN NaN NaN 1.61041 -165.43228 31.44541 -4.52863 -147.65457 -97.58247
21278 2.72140 NaN NaN NaN 146.32904 -82.02242 -35.75277 248.44075 -156.48178 -29.70782 NaN NaN NaN 1.41822 -165.57190 31.45741 -4.72589 -147.71562 -97.58344
21279 2.72975 NaN NaN NaN 146.32901 -81.97623 -35.75809 248.49255 -156.42001 -29.73757 NaN NaN NaN 1.18207 -165.79884 31.41551 -4.91148 -147.80838 -97.57745
21280 2.73809 NaN NaN NaN 146.36418 -81.99764 -35.76865 248.54305 -156.35861 -29.77560 NaN NaN NaN 0.84504 -166.10675 31.41776 -5.05705 -147.92459 -97.53561
21281 2.74644 NaN NaN NaN 146.35649 -81.96362 -35.77894 248.56061 -156.31467 -29.77320 NaN NaN NaN 0.53997 -166.42116 31.40328 -5.16553 -148.08325 -97.54545
21282 2.75479 NaN NaN NaN 146.36388 -81.96448 -35.78458 248.57715 -156.30730 -29.78287 NaN NaN NaN 0.19120 -166.71030 31.40743 -5.37471 -148.32967 -97.57179
21283 2.76313 NaN NaN NaN 146.37079 -81.93477 -35.77707 248.60854 -156.27831 -29.78659 NaN NaN NaN -0.12910 -166.98375 31.45737 -5.56777 -148.48196 -97.45224
21284 2.77148 NaN NaN NaN 146.39537 -81.96149 -35.77060 248.63054 -156.27454 -29.79632 NaN NaN NaN -0.43095 -167.22911 31.50771 -5.73177 -148.55547 -97.35812
21285 2.77983 NaN NaN NaN 146.40564 -81.98644 -35.74521 248.64673 -156.24741 -29.77333 NaN NaN NaN -0.71235 -167.47200 31.57442 -5.85851 -148.62018 -97.26749
21286 2.78817 NaN NaN NaN 146.43988 -82.00513 -35.74808 248.65755 -156.23706 -29.78382 NaN NaN NaN -0.94806 -167.72125 31.64806 -6.02408 -148.78786 -97.00879
21287 2.79652 NaN NaN NaN 146.40787 -82.00600 -35.73445 248.66866 -156.22073 -29.78427 NaN NaN NaN -1.18958 -167.91093 31.70803 -6.15927 -148.94684 -96.85937
21288 2.80487 NaN NaN NaN 146.42104 -82.00629 -35.74552 248.68013 -156.21158 -29.80839 NaN NaN NaN -1.38731 -168.03688 31.79016 -6.24383 -149.07668 -96.82673
21289 2.81321 NaN NaN NaN 146.40559 -81.96611 -35.76024 248.70308 -156.21169 -29.82641 NaN NaN NaN -1.57504 -168.13113 31.88794 -6.34456 -149.18738 -96.79362
21290 2.82156 NaN NaN NaN 146.44197 -81.95157 -35.77394 248.71643 -156.20903 -29.84396 NaN NaN NaN -1.71259 -168.22589 31.98914 -6.39228 -149.19641 -96.68674
21291 2.82991 NaN NaN NaN 146.48021 -81.94946 -35.76369 248.73470 -156.19229 -29.84638 NaN NaN NaN -1.80583 -168.29825 32.09975 -6.45098 -149.07730 -96.54655
21292 2.83825 NaN NaN NaN 146.50374 -81.98512 -35.74912 248.76060 -156.17108 -29.88949 NaN NaN NaN -1.87645 -168.33710 32.17106 -6.58275 -149.08069 -96.52273
21293 2.84660 NaN NaN NaN 146.52405 -81.97862 -35.75633 248.79665 -156.15475 -29.91203 NaN NaN NaN -1.90498 -168.35490 32.24273 -6.62858 -149.00502 -96.41068
21294 2.85495 NaN NaN NaN 146.57988 -81.96258 -35.79303 248.83745 -156.12248 -29.97659 NaN NaN NaN -1.90576 -168.32104 32.36108 -6.65883 -148.94994 -96.36672
21295 2.86329 NaN NaN NaN 146.60031 -81.93360 -35.77626 248.88193 -156.08693 -29.99616 NaN NaN NaN -1.84812 -168.27463 32.48937 -6.73139 -149.04298 -96.29231
21296 2.87164 NaN NaN NaN 146.64371 -81.90686 -35.76025 248.89348 -156.08344 -30.00517 NaN NaN NaN -1.76990 -168.21703 32.60398 -6.80887 -149.10252 -96.21601
21297 2.87998 NaN NaN NaN 146.71199 -82.03021 -35.68649 248.93559 -156.07678 -30.04117 NaN NaN NaN -1.67549 -168.17920 32.68944 -6.83748 -149.18262 -96.18793
21298 2.88833 NaN NaN NaN 146.72046 -82.04716 -35.75574 248.97243 -156.09193 -30.07324 NaN NaN NaN -1.57153 -168.13033 32.74612 -6.85787 -149.33646 -96.20528
21299 2.89668 NaN NaN NaN 146.72331 -82.02052 -35.76278 248.98337 -156.09325 -30.09532 NaN NaN NaN -1.47202 -168.06396 32.83221 -6.93062 -149.34511 -96.10321
21300 2.90502 NaN NaN NaN 146.70885 -82.02679 -35.81456 249.02330 -156.08565 -30.11397 NaN NaN NaN -1.40235 -167.99451 32.89820 -6.98034 -149.29594 -96.02726
21301 2.91337 NaN NaN NaN 146.72874 -81.99374 -35.78061 249.04024 -156.08014 -30.12176 NaN NaN NaN -1.23780 -167.93431 32.97955 -7.04615 -149.20976 -95.90823
21302 2.92172 NaN NaN NaN 146.75833 -81.99867 -35.77484 249.06833 -156.11975 -30.13667 NaN NaN NaN -1.00382 -167.85558 33.01738 -7.11040 -149.18066 -95.87644
21303 2.93006 NaN NaN NaN 146.78409 -82.02427 -35.73702 249.09857 -156.13667 -30.14244 NaN NaN NaN -0.80589 -167.76750 33.00311 -7.14649 -149.14957 -95.90016
