Frame# Time LH1 LH2 LH3 RH1 RH2 RH3
X54 Y54 Z54 X55 Y55 Z55 X56 Y56 Z56 X57 Y57 Z57 X58 Y58 Z58 X59 Y59 Z59
48734 0.00237 NaN NaN NaN 200.27997 -121.87219 -5.42784 306.01578 -177.87143 -46.89537 NaN NaN NaN 22.35009 -149.45461 32.43710 -0.29270 -150.02373 -95.86388
48735 0.01071 NaN NaN NaN 199.93164 -121.66765 -5.83659 305.85849 -177.79692 -46.58537 NaN NaN NaN 22.50469 -149.32237 32.28629 -0.24324 -149.99309 -95.90248
48736 0.01904 NaN NaN NaN 199.56113 -121.49805 -6.18005 305.71597 -177.75130 -46.31461 NaN NaN NaN 22.59736 -149.18690 32.18049 -0.14132 -149.86858 -95.95863
48737 0.02737 NaN NaN NaN 199.20088 -121.31958 -6.55991 305.59366 -177.70163 -46.04268 NaN NaN NaN 22.70540 -149.04184 32.10433 -0.05333 -149.72536 -96.01842
48738 0.03570 NaN NaN NaN 198.81459 -121.20614 -7.10999 305.47821 -177.61969 -45.64689 NaN NaN NaN 22.75491 -148.94702 32.05501 0.00526 -149.57964 -96.09884
48739 0.04403 NaN NaN NaN 198.33553 -121.01164 -7.75090 305.32843 -177.57283 -45.14185 NaN NaN NaN 22.77457 -148.88812 32.01559 0.05472 -149.47462 -96.13146
48740 0.05236 NaN NaN NaN 197.82083 -120.69700 -8.54365 305.19318 -177.53432 -44.59237 NaN NaN NaN 22.72187 -148.90948 31.96293 0.07094 -149.40189 -96.13602
48741 0.06069 NaN NaN NaN 197.23573 -120.39535 -9.31959 304.97714 -177.42438 -43.94122 NaN NaN NaN 22.65074 -148.97562 31.93494 0.05711 -149.38565 -96.11765
48742 0.06903 NaN NaN NaN 196.66515 -119.96889 -10.22269 304.74536 -177.30846 -43.28798 NaN NaN NaN 22.53407 -148.99501 31.94624 0.06696 -149.32877 -96.13307
48743 0.07736 NaN NaN NaN 196.05518 -119.59895 -11.04066 304.47070 -177.23306 -42.62641 NaN NaN NaN 22.41831 -148.97064 31.97243 0.07551 -149.17101 -96.15511
48744 0.08569 NaN NaN NaN 195.42520 -119.25245 -11.85308 304.15030 -177.11304 -42.09964 NaN NaN NaN 22.27061 -148.97513 31.99802 0.03281 -149.19281 -96.14356
48745 0.09402 NaN NaN NaN 194.88101 -118.95167 -12.56514 303.89932 -176.97211 -41.54161 NaN NaN NaN 22.08525 -149.03851 31.99058 0.01177 -149.14125 -96.17131
48746 0.10235 NaN NaN NaN 194.40544 -118.73470 -13.23676 303.60938 -176.85129 -41.02972 NaN NaN NaN 21.89170 -149.19316 31.99198 -0.03060 -149.11623 -96.23148
48747 0.11068 NaN NaN NaN 193.94643 -118.50311 -13.86809 303.31750 -176.78442 -40.59414 NaN NaN NaN 21.66250 -149.34418 31.97243 -0.14130 -149.13422 -96.20060
48748 0.11901 NaN NaN NaN 193.54144 -118.41916 -14.49447 303.04175 -176.69597 -40.13491 NaN NaN NaN 21.44728 -149.48895 31.94482 -0.23319 -149.17352 -96.22462
48749 0.12734 NaN NaN NaN 193.19272 -118.33775 -15.05827 302.79044 -176.65784 -39.71764 NaN NaN NaN 21.27799 -149.62056 31.90926 -0.34292 -149.22997 -96.24570
48750 0.13568 NaN NaN NaN 192.83458 -118.23004 -15.68454 302.52823 -176.63460 -39.31900 NaN NaN NaN 21.14743 -149.71565 31.89004 -0.38807 -149.20081 -96.31408
48751 0.14401 NaN NaN NaN 192.42419 -118.03974 -16.25624 302.24799 -176.57860 -38.75786 NaN NaN NaN 21.02923 -149.84720 31.87730 -0.46285 -149.25102 -96.30670
48752 0.15234 NaN NaN NaN 191.96722 -117.85555 -16.80745 301.96783 -176.51437 -38.19986 NaN NaN NaN 20.87856 -149.93710 31.84551 -0.51010 -149.25285 -96.39579
48753 0.16067 NaN NaN NaN 191.52637 -117.56782 -17.42417 301.70956 -176.41827 -37.69191 NaN NaN NaN 20.74493 -150.01213 31.80432 -0.51625 -149.22162 -96.49107
48754 0.16900 NaN NaN NaN 191.11566 -117.37859 -17.98469 301.37830 -176.32156 -37.18713 NaN NaN NaN 20.59489 -150.16060 31.72741 -0.44939 -149.20496 -96.55245
48755 0.17733 NaN NaN NaN 190.71304 -117.07433 -18.61834 301.10294 -176.20926 -36.66554 NaN NaN NaN 20.43674 -150.30557 31.64233 -0.33309 -149.15985 -96.60077
48756 0.18566 NaN NaN NaN 190.31659 -116.81371 -19.20057 300.78607 -175.99806 -36.11021 NaN NaN NaN 20.22746 -150.51126 31.58679 -0.21356 -149.06198 -96.68048
48757 0.19399 NaN NaN NaN 189.87999 -116.54376 -19.92283 300.48087 -175.80930 -35.63592 NaN NaN NaN 19.97141 -150.74402 31.54994 -0.06283 -148.92799 -96.78162
48758 0.20233 NaN NaN NaN 189.45204 -116.32984 -20.56918 300.19772 -175.58380 -35.08107 NaN NaN NaN 19.70507 -150.98047 31.48726 0.10322 -148.74965 -96.91439
48759 0.21066 NaN NaN NaN 189.08963 -116.04109 -21.21604 299.94699 -175.41096 -34.59062 NaN NaN NaN 19.45307 -151.21182 31.45078 0.31253 -148.54149 -97.00875
48760 0.21899 NaN NaN NaN 188.68291 -115.71804 -21.78183 299.66415 -175.20541 -34.04813 NaN NaN NaN 19.22368 -151.40640 31.44766 0.46714 -148.31981 -97.14214
48761 0.22732 NaN NaN NaN 188.36397 -115.51176 -22.38131 299.41965 -174.99416 -33.53500 NaN NaN NaN 18.97723 -151.62387 31.41625 0.56701 -148.20218 -97.17325
48762 0.23565 NaN NaN NaN 188.04799 -115.25314 -22.92584 299.19168 -174.79387 -32.96712 NaN NaN NaN 18.77147 -151.78362 31.38753 0.74190 -147.96616 -97.29009
48763 0.24398 NaN NaN NaN 187.72069 -115.04893 -23.43373 298.95599 -174.55362 -32.41661 NaN NaN NaN 18.57221 -151.93788 31.34284 0.93317 -147.81259 -97.46218
48764 0.25231 NaN NaN NaN 187.43881 -114.84485 -23.94537 298.68271 -174.35344 -31.90907 NaN NaN NaN 18.45407 -152.05557 31.29281 1.06601 -147.62094 -97.57722
48765 0.26065 NaN NaN NaN 187.12701 -114.64764 -24.41285 298.42538 -174.11813 -31.38150 NaN NaN NaN 18.38288 -152.14807 31.18688 1.21304 -147.32928 -97.69557
48766 0.26898 NaN NaN NaN 186.81892 -114.50928 -24.82200 298.20322 -173.93141 -30.90389 NaN NaN NaN 18.36756 -152.26913 31.04839 1.36704 -147.06204 -97.89708
48767 0.27731 NaN NaN NaN 186.52449 -114.31644 -25.26960 297.96643 -173.69455 -30.51721 NaN NaN NaN 18.33077 -152.36006 30.86327 1.52419 -146.78325 -98.07335
48768 0.28564 NaN NaN NaN 186.28511 -114.09938 -25.65424 297.74466 -173.50078 -30.09883 NaN NaN NaN 18.28914 -152.46042 30.67375 1.67680 -146.51653 -98.32096
48769 0.29397 NaN NaN NaN 186.03459 -113.87469 -25.98126 297.55432 -173.32610 -29.80337 NaN NaN NaN 18.23663 -152.57632 30.44813 1.83216 -146.18849 -98.56209
48770 0.30230 NaN NaN NaN 185.85216 -113.83394 -26.21750 297.37589 -173.19125 -29.57324 NaN NaN NaN 18.19881 -152.69534 30.23698 2.07631 -145.83905 -98.72096
48771 0.31063 NaN NaN NaN 185.72603 -113.69493 -26.43159 297.27084 -173.06052 -29.26374 NaN NaN NaN 18.18533 -152.88531 30.01599 2.37579 -145.49698 -99.01001
48772 0.31896 NaN NaN NaN 185.62407 -113.61431 -26.60621 297.17191 -172.94699 -29.03521 NaN NaN NaN 18.13579 -153.12605 29.73138 2.69189 -145.09109 -99.25420
48773 0.32730 NaN NaN NaN 185.50093 -113.69019 -26.70859 297.07791 -172.85371 -28.83472 NaN NaN NaN 18.03421 -153.33836 29.43679 2.97093 -144.70578 -99.52554
48774 0.33563 NaN NaN NaN 185.38876 -113.74477 -26.83438 296.95700 -172.81657 -28.65697 NaN NaN NaN 17.96028 -153.57057 29.20939 3.29506 -144.27036 -99.86067
48775 0.34396 NaN NaN NaN 185.25287 -113.71876 -27.02890 296.86380 -172.76068 -28.50272 NaN NaN NaN 17.90936 -153.81929 28.93464 3.58031 -143.82733 -100.10337
48776 0.35229 NaN NaN NaN 185.15251 -113.76864 -27.12712 296.77158 -172.72455 -28.34801 NaN NaN NaN 17.84692 -154.04599 28.67088 3.84378 -143.40710 -100.33407
48777 0.36062 NaN NaN NaN 185.06104 -113.75982 -27.19890 296.72769 -172.70866 -28.27186 NaN NaN NaN 17.80827 -154.25719 28.43143 4.13278 -143.01736 -100.50507
48778 0.36895 NaN NaN NaN 184.98785 -113.77263 -27.22545 296.66714 -172.66779 -28.26576 NaN NaN NaN 17.74944 -154.43268 28.26089 4.40684 -142.66759 -100.67352
48779 0.37728 NaN NaN NaN 184.96806 -113.80063 -27.27929 296.63284 -172.64984 -28.29798 NaN NaN NaN 17.68253 -154.55637 28.04073 4.63378 -142.30566 -100.91674
48780 0.38561 NaN NaN NaN 184.97896 -113.83066 -27.29228 296.63223 -172.62500 -28.33039 NaN NaN NaN 17.63604 -154.66591 27.86628 4.82662 -141.99861 -101.08208
48781 0.39395 NaN NaN NaN 185.01204 -113.85497 -27.28443 296.67105 -172.63426 -28.37514 NaN NaN NaN 17.51557 -154.77077 27.71045 4.98052 -141.76837 -101.18824
48782 0.40228 NaN NaN NaN 184.94928 -113.85291 -27.21329 296.66272 -172.63660 -28.36153 NaN NaN NaN 17.37492 -154.84305 27.61207 5.10391 -141.55237 -101.25110
48783 0.41061 NaN NaN NaN 184.93607 -113.85710 -27.19987 296.63583 -172.59903 -28.28288 NaN NaN NaN 17.20520 -154.96626 27.49217 5.22171 -141.30560 -101.34766
48784 0.41894 NaN NaN NaN 184.83400 -113.78662 -27.26725 296.57239 -172.50201 -28.11312 NaN NaN NaN 16.99997 -155.13058 27.41659 5.28913 -141.09828 -101.43256
48785 0.42727 NaN NaN NaN 184.74503 -113.69972 -27.33759 296.45300 -172.34802 -27.94109 NaN NaN NaN 16.78338 -155.33919 27.30467 5.42636 -140.86520 -101.50906
48786 0.43560 NaN NaN NaN 184.61430 -113.53333 -27.34467 296.30914 -172.16534 -27.69712 NaN NaN NaN 16.53925 -155.54613 27.23405 5.61014 -140.58159 -101.60238
48787 0.44393 NaN NaN NaN 184.42824 -113.62042 -27.57942 296.12933 -172.02817 -27.49164 NaN NaN NaN 16.29637 -155.77217 27.12928 5.67654 -140.39304 -101.61811
48788 0.45227 NaN NaN NaN 184.15752 -113.55963 -27.84444 295.96454 -171.89244 -27.24466 NaN NaN NaN 16.09856 -155.95920 27.04511 5.74377 -140.16713 -101.70184
48789 0.46060 NaN NaN NaN 183.84895 -113.42070 -28.05597 295.79660 -171.79085 -27.00994 NaN NaN NaN 15.94915 -156.08693 26.97858 5.80096 -140.01875 -101.77834
48790 0.46893 NaN NaN NaN 183.66692 -113.25424 -28.17541 295.63983 -171.70088 -26.84414 NaN NaN NaN 15.91720 -156.14966 26.93608 5.77290 -139.91328 -101.87672
48791 0.47726 NaN NaN NaN 183.57141 -113.08949 -28.24315 295.50980 -171.57796 -26.74852 NaN NaN NaN 15.94328 -156.14503 26.91242 5.79413 -139.81891 -101.90284
48792 0.48559 NaN NaN NaN 183.37979 -112.97908 -28.35106 295.40402 -171.48077 -26.70483 NaN NaN NaN 15.97872 -156.11771 26.91425 5.82079 -139.80080 -101.87186
48793 0.49392 NaN NaN NaN 183.33392 -112.81036 -28.40033 295.30243 -171.40909 -26.67458 NaN NaN NaN 16.05654 -156.02527 26.90417 5.82640 -139.87131 -101.79894
48794 0.50225 NaN NaN NaN 183.27672 -112.85229 -28.46278 295.24060 -171.35782 -26.62966 NaN NaN NaN 16.19008 -155.89973 26.87810 5.81193 -139.90819 -101.86185
48795 0.51058 NaN NaN NaN 183.42221 -112.50634 -28.42902 295.20862 -171.34549 -26.59686 NaN NaN NaN 16.31796 -155.79373 26.81530 5.90412 -139.92618 -101.87298
48796 0.51892 NaN NaN NaN 183.33824 -112.71520 -28.55480 295.17468 -171.34282 -26.47925 NaN NaN NaN 16.37690 -155.77246 26.69613 6.02711 -139.83008 -101.97794
48797 0.52725 NaN NaN NaN 183.34105 -112.54932 -28.43300 295.12384 -171.31822 -26.30253 NaN NaN NaN 16.34421 -155.91911 26.46173 6.21477 -139.62805 -102.10365
48798 0.53558 NaN NaN NaN 183.21822 -112.63086 -28.62319 295.04236 -171.24422 -26.03450 NaN NaN NaN 16.22634 -156.19701 26.15922 6.52376 -139.19783 -102.40760
48799 0.54391 NaN NaN NaN 183.06326 -112.70491 -28.79670 294.89786 -171.11829 -25.78560 NaN NaN NaN 16.15104 -156.45869 25.85640 6.78931 -138.73734 -102.67120
48800 0.55224 NaN NaN NaN 182.95811 -112.52644 -28.92625 294.74582 -170.99368 -25.41170 NaN NaN NaN 16.17679 -156.60657 25.55544 6.98215 -138.30701 -103.00681
48801 0.56057 NaN NaN NaN 182.93808 -112.16580 -28.85570 294.61627 -170.91241 -25.09031 NaN NaN NaN 16.21989 -156.64658 25.26599 7.14597 -138.00444 -103.33635
48802 0.56890 NaN NaN NaN 182.88744 -111.90357 -28.89530 294.47079 -170.87474 -24.85799 NaN NaN NaN 16.28672 -156.70535 25.00671 7.21357 -137.84924 -103.58739
48803 0.57723 NaN NaN NaN 182.81476 -111.64474 -28.90396 294.35855 -170.83827 -24.71115 NaN NaN NaN 16.37155 -156.72182 24.81324 7.31366 -137.72847 -103.75644
48804 0.58557 NaN NaN NaN 182.70821 -111.50295 -28.97173 294.24893 -170.77271 -24.60226 NaN NaN NaN 16.48632 -156.67015 24.71729 7.35228 -137.72569 -103.84472
48805 0.59390 NaN NaN NaN 182.62514 -111.55737 -29.08866 294.19846 -170.74696 -24.57162 NaN NaN NaN 16.60911 -156.58812 24.60662 7.38272 -137.78564 -103.89167
48806 0.60223 NaN NaN NaN 182.56458 -111.58064 -29.16933 294.20053 -170.71074 -24.60339 NaN NaN NaN 16.72469 -156.47784 24.50016 7.43794 -137.84319 -103.95852
48807 0.61056 NaN NaN NaN 182.58051 -111.61389 -29.21227 294.21890 -170.72519 -24.65337 NaN NaN NaN 16.75760 -156.37701 24.44600 7.49621 -137.82593 -103.95502
48808 0.61889 NaN NaN NaN 182.66342 -111.64946 -29.16585 294.30005 -170.77838 -24.77461 NaN NaN NaN 16.76635 -156.34898 24.43721 7.55763 -137.80711 -103.95585
48809 0.62722 NaN NaN NaN 182.69455 -111.98343 -29.22826 294.42050 -170.84444 -24.90406 NaN NaN NaN 16.70474 -156.32986 24.48071 7.59762 -137.72420 -103.95357
48810 0.63555 NaN NaN NaN 182.84128 -112.17829 -29.17087 294.59424 -170.93983 -25.05782 NaN NaN NaN 16.57121 -156.35123 24.54478 7.67908 -137.65594 -103.89075
48811 0.64388 NaN NaN NaN 183.06676 -112.28370 -28.92042 294.77872 -171.00031 -25.20206 NaN NaN NaN 16.36826 -156.46954 24.63263 7.67887 -137.63167 -103.82761
48812 0.65222 NaN NaN NaN 183.43520 -112.16393 -28.37837 295.06335 -171.12881 -25.43800 NaN NaN NaN 16.10423 -156.66977 24.71163 7.73608 -137.62199 -103.75842
48813 0.66055 NaN NaN NaN 183.71083 -111.99496 -27.95923 295.33072 -171.23494 -25.72768 NaN NaN NaN 15.74056 -156.99199 24.78652 7.75003 -137.54720 -103.74940
48814 0.66888 NaN NaN NaN 183.98305 -112.10015 -27.71435 295.62463 -171.33083 -25.90734 NaN NaN NaN 15.30397 -157.37521 24.84764 7.81965 -137.43501 -103.61535
48815 0.67721 NaN NaN NaN 184.15950 -112.47073 -27.65375 295.86328 -171.46667 -26.12962 NaN NaN NaN 14.81288 -157.79762 24.88764 7.82567 -137.44910 -103.52540
48816 0.68554 NaN NaN NaN 184.44881 -112.41134 -27.25915 296.10342 -171.55159 -26.34129 NaN NaN NaN 14.34010 -158.24544 24.95460 7.83519 -137.42395 -103.37541
48817 0.69387 NaN NaN NaN 184.59137 -112.74252 -27.04624 296.31778 -171.58446 -26.55486 NaN NaN NaN 13.86808 -158.66966 25.06018 7.80510 -137.42348 -103.25295
48818 0.70220 NaN NaN NaN 184.83768 -112.83979 -26.77251 296.59042 -171.69662 -26.78678 NaN NaN NaN 13.47342 -159.02132 25.21776 7.76496 -137.45822 -103.09033
48819 0.71054 NaN NaN NaN 185.23712 -112.58549 -26.38547 296.82349 -171.76767 -27.09000 NaN NaN NaN 13.18774 -159.33029 25.36862 7.64327 -137.50807 -102.94338
48820 0.71887 NaN NaN NaN 185.52155 -112.49552 -26.09528 297.02216 -171.85519 -27.40023 NaN NaN NaN 13.01193 -159.53113 25.53656 7.51269 -137.56122 -102.69652
48821 0.72720 NaN NaN NaN 185.67465 -112.56841 -25.84308 297.20831 -171.94203 -27.60841 NaN NaN NaN 12.87961 -159.54164 25.77521 7.38935 -137.73630 -102.46082
48822 0.73553 NaN NaN NaN 185.81656 -112.69032 -25.73968 297.37576 -172.03793 -27.79240 NaN NaN NaN 12.89326 -159.36313 26.16465 7.20917 -138.07632 -102.19801
48823 0.74386 NaN NaN NaN 185.97832 -112.61000 -25.68697 297.50983 -172.06616 -28.00463 NaN NaN NaN 12.96991 -159.12332 26.54581 7.02353 -138.46483 -101.89322
48824 0.75219 NaN NaN NaN 185.84802 -112.85586 -25.70636 297.65457 -172.12279 -28.19399 NaN NaN NaN 13.06739 -158.81764 26.92020 6.82810 -138.93201 -101.57071
48825 0.76052 NaN NaN NaN 186.11180 -112.78954 -25.62556 297.74985 -172.17555 -28.40492 NaN NaN NaN 13.16636 -158.52144 27.28799 6.63595 -139.28749 -101.23139
48826 0.76885 NaN NaN NaN 186.30983 -112.85840 -25.61149 297.82578 -172.29778 -28.60934 NaN NaN NaN 13.20184 -158.26109 27.62024 6.48084 -139.33536 -101.12397
48827 0.77719 NaN NaN NaN 186.46164 -112.86786 -25.57546 297.88409 -172.38531 -28.72033 NaN NaN NaN 13.23244 -158.05624 27.92304 6.37445 -139.34299 -100.92915
48828 0.78552 NaN NaN NaN 186.54437 -112.84745 -25.52501 297.94421 -172.47437 -28.75551 NaN NaN NaN 13.23727 -157.89209 28.18565 6.26062 -139.38075 -100.78700
48829 0.79385 NaN NaN NaN 186.54260 -112.92591 -25.38930 297.95300 -172.50789 -28.73571 NaN NaN NaN 13.24064 -157.71225 28.43590 6.08652 -139.56110 -100.55961
48830 0.80218 NaN NaN NaN 186.53482 -112.92435 -25.28836 297.96091 -172.54655 -28.73051 NaN NaN NaN 13.26641 -157.51532 28.67851 5.90840 -139.87804 -100.30215
48831 0.81051 NaN NaN NaN 186.50351 -112.95336 -25.19877 297.95190 -172.55539 -28.73553 NaN NaN NaN 13.34680 -157.24004 28.96586 5.64236 -140.29770 -99.97488
48832 0.81884 NaN NaN NaN 186.56061 -113.01740 -25.05182 297.97873 -172.57997 -28.76375 NaN NaN NaN 13.42521 -156.84381 29.28445 5.27626 -140.74593 -99.72238
48833 0.82717 NaN NaN NaN 186.61754 -113.05780 -24.95847 298.02713 -172.60536 -28.78704 NaN NaN NaN 13.59745 -156.37035 29.71122 4.86605 -141.21886 -99.34824
48834 0.83550 NaN NaN NaN 186.63191 -113.13894 -24.92303 298.05338 -172.63544 -28.77673 NaN NaN NaN 13.88843 -155.70113 30.17138 4.38711 -141.70221 -98.93584
48835 0.84384 NaN NaN NaN 186.63670 -113.16168 -24.87861 298.05164 -172.62402 -28.73412 NaN NaN NaN 14.26248 -154.96373 30.70291 3.83772 -142.32626 -98.50419
48836 0.85217 NaN NaN NaN 186.62376 -113.11298 -24.83928 298.03445 -172.60106 -28.69598 NaN NaN NaN 14.68257 -154.11398 31.23957 3.28056 -142.99678 -98.07154
48837 0.86050 NaN NaN NaN 186.61771 -112.94411 -24.78138 298.00259 -172.55347 -28.64225 NaN NaN NaN 15.09725 -153.29509 31.66711 2.79735 -143.68135 -97.61791
48838 0.86883 NaN NaN NaN 186.62737 -112.77380 -24.66622 297.99240 -172.52325 -28.61281 NaN NaN NaN 15.42978 -152.62254 32.03634 2.38036 -144.29671 -97.24439
48839 0.87716 NaN NaN NaN 186.72115 -112.53582 -24.52969 297.98117 -172.46704 -28.66444 NaN NaN NaN 15.67955 -152.13965 32.27854 1.95432 -144.74673 -96.92995
48840 0.88549 NaN NaN NaN 186.78310 -112.40690 -24.41252 298.01587 -172.39674 -28.74147 NaN NaN NaN 15.85437 -151.75044 32.43653 1.63547 -145.07635 -96.73866
48841 0.89382 NaN NaN NaN 186.85339 -112.28281 -24.28553 298.04242 -172.31932 -28.77164 NaN NaN NaN 15.97233 -151.48030 32.56443 1.37705 -145.29660 -96.62242
48842 0.90216 NaN NaN NaN 186.93745 -112.25423 -24.13277 298.08936 -172.28593 -28.80172 NaN NaN NaN 16.05043 -151.23819 32.65170 1.08599 -145.42709 -96.61787
48843 0.91049 NaN NaN NaN 187.03325 -112.29892 -23.84286 298.15039 -172.27737 -28.85740 NaN NaN NaN 16.11598 -151.06921 32.71264 0.81631 -145.54770 -96.56487
48844 0.91882 NaN NaN NaN 187.21129 -112.23772 -23.70546 298.28699 -172.30911 -28.95101 NaN NaN NaN 16.15199 -150.90613 32.72429 0.52644 -145.70441 -96.49953
48845 0.92715 NaN NaN NaN 187.39975 -112.28751 -23.39959 298.49384 -172.34317 -29.09249 NaN NaN NaN 16.20584 -150.73146 32.70952 0.25546 -145.85832 -96.43768
48846 0.93548 NaN NaN NaN 187.65375 -112.33501 -23.10985 298.74777 -172.42769 -29.29832 NaN NaN NaN 16.26808 -150.54349 32.70591 -0.06696 -146.02907 -96.38881
48847 0.94381 NaN NaN NaN 188.00836 -112.37920 -22.70003 299.03937 -172.52715 -29.69558 NaN NaN NaN 16.34594 -150.33543 32.69844 -0.42692 -146.17705 -96.35719
48848 0.95214 NaN NaN NaN 188.41556 -112.49322 -22.19988 299.38406 -172.70320 -30.05223 NaN NaN NaN 16.44412 -150.12910 32.70422 -0.76310 -146.36969 -96.27901
48849 0.96047 NaN NaN NaN 188.85822 -112.71413 -21.52038 299.73715 -172.86124 -30.37815 NaN NaN NaN 16.57702 -149.82327 32.69888 -1.15180 -146.54288 -96.24948
48850 0.96881 NaN NaN NaN 189.44963 -112.86613 -20.48878 300.10376 -173.01022 -30.72013 NaN NaN NaN 16.69123 -149.49913 32.75576 -1.54447 -146.76683 -96.13828
48851 0.97714 NaN NaN NaN 190.03918 -113.06364 -19.77215 300.48035 -173.15407 -31.19693 NaN NaN NaN 16.81760 -149.17154 32.84303 -1.92183 -146.96613 -96.08018
48852 0.98547 NaN NaN NaN 190.52113 -113.23128 -19.11758 300.84290 -173.32173 -31.60634 NaN NaN NaN 16.86161 -148.88034 32.86166 -2.26893 -147.15958 -96.00560
48853 0.99380 NaN NaN NaN 190.86211 -113.32253 -18.72806 301.23163 -173.43092 -31.94875 NaN NaN NaN 16.80345 -148.72998 32.84225 -2.58040 -147.31886 -95.93937
48854 1.00213 NaN NaN NaN 191.25487 -113.52472 -18.43974 301.58389 -173.50436 -32.21458 NaN NaN NaN 16.67101 -148.71309 32.80605 -2.80873 -147.34927 -95.93134
48855 1.01046 NaN NaN NaN 191.52728 -113.54692 -18.21649 301.87680 -173.57838 -32.40536 NaN NaN NaN 16.45625 -148.83759 32.78783 -2.94476 -147.29951 -95.96871
48856 1.01879 NaN NaN NaN 191.80191 -113.47934 -18.01720 302.13177 -173.62029 -32.55145 NaN NaN NaN 16.22157 -148.95740 32.76667 -3.07483 -147.15353 -96.02811
48857 1.02712 NaN NaN NaN 192.01610 -113.43282 -17.86062 302.35254 -173.56618 -32.64499 NaN NaN NaN 15.98685 -149.05202 32.73971 -3.30036 -147.18018 -95.91546
48858 1.03546 NaN NaN NaN 192.21492 -113.33927 -17.75513 302.54990 -173.53101 -32.72309 NaN NaN NaN 15.82991 -149.06598 32.73866 -3.47750 -147.22966 -95.82510
48859 1.04379 NaN NaN NaN 192.45648 -113.31040 -17.56379 302.72855 -173.45122 -32.77802 NaN NaN NaN 15.67029 -149.05247 32.80696 -3.60489 -147.22130 -95.89346
48860 1.05212 NaN NaN NaN 192.72562 -113.24553 -17.32875 302.89142 -173.37927 -32.84979 NaN NaN NaN 15.51840 -149.00316 32.90228 -3.78326 -147.26553 -95.79765
48861 1.06045 NaN NaN NaN 192.94601 -113.15515 -17.21452 303.02869 -173.32944 -32.95716 NaN NaN NaN 15.39450 -148.94441 33.00615 -4.04666 -147.43268 -95.56931
48862 1.06878 NaN NaN NaN 193.20686 -113.27740 -16.89537 303.22488 -173.23260 -33.10046 NaN NaN NaN 15.30944 -148.88742 33.10052 -4.28323 -147.58580 -95.40801
48863 1.07711 NaN NaN NaN 193.37579 -113.32744 -16.53956 303.41071 -173.20535 -33.30142 NaN NaN NaN 15.19766 -148.74481 33.19736 -4.50560 -147.74188 -95.30005
48864 1.08544 NaN NaN NaN 193.59908 -113.36739 -16.17595 303.58514 -173.18796 -33.55241 NaN NaN NaN 15.13165 -148.66322 33.31259 -4.71793 -147.93576 -95.17432
48865 1.09378 NaN NaN NaN 193.79912 -113.50878 -15.85565 303.76480 -173.22786 -33.99077 NaN NaN NaN 15.07856 -148.61038 33.39996 -4.93355 -148.13310 -95.09378
48866 1.10211 NaN NaN NaN 193.99318 -113.62261 -15.61384 303.90964 -173.22119 -34.41127 NaN NaN NaN 15.06121 -148.59877 33.48464 -5.10540 -148.30058 -95.04670
48867 1.11044 NaN NaN NaN 194.18796 -113.77736 -15.40609 304.09082 -173.25958 -34.75063 NaN NaN NaN 15.07066 -148.59880 33.53155 -5.27517 -148.52956 -94.97855
48868 1.11877 NaN NaN NaN 194.34651 -113.91656 -15.39592 304.22046 -173.30907 -35.07970 NaN NaN NaN 15.09654 -148.64857 33.55605 -5.40144 -148.72707 -94.93542
48869 1.12710 NaN NaN NaN 194.44443 -114.03615 -15.41246 304.34869 -173.40930 -35.30867 NaN NaN NaN 15.11788 -148.74290 33.53821 -5.45535 -148.91206 -94.92817
48870 1.13543 NaN NaN NaN 194.49834 -114.16167 -15.44207 304.43130 -173.51994 -35.45349 NaN NaN NaN 15.17280 -148.89265 33.49439 -5.47118 -149.05142 -94.92658
48871 1.14376 NaN NaN NaN 194.52252 -114.32700 -15.51341 304.49362 -173.61644 -35.59325 NaN NaN NaN 15.23055 -149.10313 33.42854 -5.42303 -149.19806 -94.98270
48872 1.15209 NaN NaN NaN 194.47493 -114.49609 -15.60492 304.51944 -173.72430 -35.71135 NaN NaN NaN 15.23513 -149.30556 33.35081 -5.34578 -149.30132 -95.02608
48873 1.16043 NaN NaN NaN 194.46773 -114.70375 -15.64819 304.51959 -173.82602 -35.90775 NaN NaN NaN 15.23780 -149.52609 33.29856 -5.23601 -149.39059 -95.17860
48874 1.16876 NaN NaN NaN 194.48112 -114.94808 -15.72289 304.50314 -173.96353 -36.05731 NaN NaN NaN 15.24187 -149.74617 33.24911 -5.10398 -149.51088 -95.30837
48875 1.17709 NaN NaN NaN 194.42130 -115.15398 -15.82663 304.47067 -174.07561 -36.17705 NaN NaN NaN 15.25775 -149.95024 33.17281 -5.02505 -149.64412 -95.37987
48876 1.18542 NaN NaN NaN 194.38991 -115.31827 -15.92483 304.41519 -174.19151 -36.24734 NaN NaN NaN 15.31422 -150.10333 33.12318 -4.94671 -149.73425 -95.44942
48877 1.19375 NaN NaN NaN 194.26393 -115.53389 -16.00569 304.31635 -174.26057 -36.32166 NaN NaN NaN 15.35548 -150.22440 33.08872 -4.82135 -149.84146 -95.48234
48878 1.20208 NaN NaN NaN 194.09343 -115.65952 -16.16579 304.19037 -174.36491 -36.28173 NaN NaN NaN 15.40413 -150.36290 33.08063 -4.67637 -149.93120 -95.46466
48879 1.21041 NaN NaN NaN 193.84709 -115.79646 -16.38383 304.03754 -174.43153 -36.15008 NaN NaN NaN 15.43055 -150.47237 33.06831 -4.47451 -149.96074 -95.48467
48880 1.21874 NaN NaN NaN 193.58209 -115.90762 -16.64729 303.86053 -174.48624 -35.93806 NaN NaN NaN 15.44647 -150.60493 33.05418 -4.28341 -149.98322 -95.50802
48881 1.22708 NaN NaN NaN 193.26805 -115.74239 -16.96823 303.64032 -174.49945 -35.77982 NaN NaN NaN 15.39773 -150.78326 33.02921 -4.03829 -149.97270 -95.59362
48882 1.23541 NaN NaN NaN 192.95988 -115.78461 -17.38362 303.39828 -174.54327 -35.52035 NaN NaN NaN 15.33565 -150.99417 32.95533 -3.83764 -149.87700 -95.66840
48883 1.24374 NaN NaN NaN 192.63748 -115.79423 -17.77943 303.13565 -174.58615 -35.22783 NaN NaN NaN 15.22596 -151.18954 32.91997 -3.57037 -149.74892 -95.71298
48884 1.25207 NaN NaN NaN 192.28758 -115.91373 -18.15913 302.84039 -174.64899 -34.93698 NaN NaN NaN 15.09959 -151.44662 32.88545 -3.33038 -149.60773 -95.79375
48885 1.26040 NaN NaN NaN 191.91351 -115.90514 -18.66991 302.56018 -174.68849 -34.58599 NaN NaN NaN 14.96053 -151.66194 32.82591 -3.10404 -149.37857 -95.92373
48886 1.26873 NaN NaN NaN 191.46449 -115.90827 -19.16228 302.22568 -174.71240 -34.08564 NaN NaN NaN 14.80200 -151.89178 32.70853 -2.85464 -149.08771 -96.02357
48887 1.27706 NaN NaN NaN 191.03391 -115.83227 -19.74771 301.88239 -174.71448 -33.68028 NaN NaN NaN 14.60226 -152.17024 32.56992 -2.58606 -148.75053 -96.24383
48888 1.28539 NaN NaN NaN 190.55716 -115.75194 -20.36525 301.53397 -174.72064 -33.17414 NaN NaN NaN 14.42373 -152.44351 32.38359 -2.31643 -148.33755 -96.62756
48889 1.29373 NaN NaN NaN 190.14711 -115.63837 -21.04818 301.17599 -174.61447 -32.70747 NaN NaN NaN 14.23744 -152.65256 32.19345 -2.13545 -148.03595 -96.87849
48890 1.30206 NaN NaN NaN 189.70078 -115.48956 -21.67052 300.82788 -174.60715 -32.18723 NaN NaN NaN 14.06869 -152.87851 31.98995 -1.99833 -147.73550 -97.09270
48891 1.31039 NaN NaN NaN 189.21329 -115.30826 -22.22604 300.47327 -174.53346 -31.69043 NaN NaN NaN 13.93110 -153.06653 31.79482 -1.86827 -147.55647 -97.18375
48892 1.31872 NaN NaN NaN 188.80415 -115.15189 -22.77528 300.10007 -174.48386 -31.17778 NaN NaN NaN 13.84032 -153.21768 31.61372 -1.76528 -147.43121 -97.26936
48893 1.32705 NaN NaN NaN 188.46107 -114.98473 -23.27133 299.73349 -174.39946 -30.76101 NaN NaN NaN 13.78261 -153.32961 31.45959 -1.66421 -147.19055 -97.42998
48894 1.33538 NaN NaN NaN 188.18581 -114.83257 -23.77662 299.42282 -174.34927 -30.39340 NaN NaN NaN 13.74531 -153.35570 31.33274 -1.58393 -146.91635 -97.58761
48895 1.34371 NaN NaN NaN 187.91406 -114.61804 -24.17087 299.14127 -174.26338 -30.03522 NaN NaN NaN 13.76000 -153.31664 31.22355 -1.54979 -146.63226 -97.73152
48896 1.35205 NaN NaN NaN 187.70848 -114.44157 -24.42346 298.92163 -174.16661 -29.74554 NaN NaN NaN 13.81654 -153.21194 31.13936 -1.50318 -146.30762 -97.87408
48897 1.36038 NaN NaN NaN 187.51733 -114.18605 -24.68339 298.70709 -174.02043 -29.45014 NaN NaN NaN 13.87385 -153.09897 31.10284 -1.45969 -146.03165 -97.98239
48898 1.36871 NaN NaN NaN 187.31314 -114.08113 -24.78479 298.55573 -173.84599 -28.96501 NaN NaN NaN 13.95504 -152.98309 31.07489 -1.44930 -145.84761 -98.05109
48899 1.37704 NaN NaN NaN 187.19089 -114.01830 -24.99674 298.40701 -173.70676 -28.57231 NaN NaN NaN 14.05626 -152.83743 31.05346 -1.44785 -145.71687 -98.06866
48900 1.38537 NaN NaN NaN 187.14163 -113.90859 -25.21566 298.28500 -173.54099 -28.21633 NaN NaN NaN 14.15492 -152.68311 31.03238 -1.41940 -145.65182 -98.05449
48901 1.39370 NaN NaN NaN 187.12283 -113.58869 -25.46238 298.22086 -173.35396 -27.89634 NaN NaN NaN 14.21880 -152.59134 31.00136 -1.39165 -145.71556 -98.00440
48902 1.40203 NaN NaN NaN 187.10524 -113.38155 -25.67843 298.14368 -173.15627 -27.55660 NaN NaN NaN 14.21327 -152.54897 30.96552 -1.36780 -145.77873 -97.95760
48903 1.41036 NaN NaN NaN 187.03653 -112.99326 -25.91696 298.07861 -172.93013 -27.24020 NaN NaN NaN 14.19886 -152.52890 30.93129 -1.35257 -145.82028 -97.88271
48904 1.41870 NaN NaN NaN 186.91437 -112.95557 -26.18623 298.04004 -172.72417 -27.03201 NaN NaN NaN 14.18618 -152.51172 30.90052 -1.30385 -145.76988 -97.87389
48905 1.42703 NaN NaN NaN 186.80901 -112.89509 -26.42903 298.02792 -172.46521 -26.70553 NaN NaN NaN 14.21008 -152.47411 30.90380 -1.29532 -145.68388 -97.86224
48906 1.43536 NaN NaN NaN 186.76735 -112.72060 -26.64180 297.97702 -172.17389 -26.47094 NaN NaN NaN 14.25144 -152.36078 30.92794 -1.27313 -145.52350 -97.90553
48907 1.44369 NaN NaN NaN 186.66354 -112.48457 -26.90090 297.92285 -171.94005 -26.22294 NaN NaN NaN 14.31024 -152.14944 30.91101 -1.26239 -145.39072 -97.90763
48908 1.45202 NaN NaN NaN 186.83020 -111.74384 -27.01300 297.87115 -171.71945 -26.00140 NaN NaN NaN 14.35857 -151.98230 30.92924 -1.26883 -145.21190 -97.94330
48909 1.46035 NaN NaN NaN 186.86821 -111.32547 -27.00903 297.83121 -171.50735 -25.81262 NaN NaN NaN 14.35476 -151.85255 30.91714 -1.26170 -145.06134 -97.97538
48910 1.46868 NaN NaN NaN 186.75366 -111.46555 -27.27032 297.81430 -171.31593 -25.66469 NaN NaN NaN 14.33908 -151.74054 30.90212 -1.24016 -144.90755 -98.01350
48911 1.47701 NaN NaN NaN 186.64294 -111.43682 -27.50644 297.79953 -171.11456 -25.51935 NaN NaN NaN 14.33234 -151.62790 30.93037 -1.22601 -144.72635 -98.02113
48912 1.48535 NaN NaN NaN 186.81544 -111.02403 -27.41567 297.79977 -170.94980 -25.43531 NaN NaN NaN 14.27706 -151.48204 30.97881 -1.24393 -144.54507 -98.02908
48913 1.49368 NaN NaN NaN 186.72185 -111.11224 -27.57469 297.80936 -170.84914 -25.35307 NaN NaN NaN 14.18383 -151.34792 31.03720 -1.22905 -144.26634 -98.03144
48914 1.50201 NaN NaN NaN 186.64502 -111.10086 -27.74139 297.80466 -170.78133 -25.30171 NaN NaN NaN 14.11613 -151.26804 31.15051 -1.24857 -144.03787 -97.95902
48915 1.51034 NaN NaN NaN 186.63966 -111.03436 -27.82627 297.76151 -170.72838 -25.25050 NaN NaN NaN 14.03438 -151.20421 31.23706 -1.26373 -143.86607 -97.88589
48916 1.51867 NaN NaN NaN 186.83186 -110.53435 -27.74683 297.71640 -170.69934 -25.18106 NaN NaN NaN 13.90763 -151.19386 31.31698 -1.26818 -143.76709 -97.79691
48917 1.52700 NaN NaN NaN 186.97273 -110.21020 -27.54407 297.64853 -170.67906 -25.12764 NaN NaN NaN 13.80051 -151.18152 31.37066 -1.25704 -143.76077 -97.74522
48918 1.53533 NaN NaN NaN 186.85088 -110.44525 -27.65884 297.57272 -170.68712 -25.08555 NaN NaN NaN 13.68582 -151.25418 31.42399 -1.30308 -143.78966 -97.69026
48919 1.54367 NaN NaN NaN 186.86560 -110.25246 -27.57989 297.48178 -170.75345 -25.08184 NaN NaN NaN 13.58786 -151.35030 31.46244 -1.34261 -143.81528 -97.66214
48920 1.55200 NaN NaN NaN 186.86589 -110.24324 -27.51638 297.38937 -170.87178 -25.10198 NaN NaN NaN 13.47722 -151.47818 31.50688 -1.39383 -143.86816 -97.62137
48921 1.56033 NaN NaN NaN 186.86287 -110.30437 -27.42023 297.33444 -171.03311 -25.19351 NaN NaN NaN 13.35806 -151.62924 31.56453 -1.43836 -143.97714 -97.53555
48922 1.56866 NaN NaN NaN 186.67233 -110.81519 -27.54227 297.28641 -171.23407 -25.34625 NaN NaN NaN 13.24679 -151.73689 31.60463 -1.57921 -144.23714 -97.43181
48923 1.57699 NaN NaN NaN 186.54279 -111.15977 -27.56410 297.26733 -171.46602 -25.62689 NaN NaN NaN 13.13552 -151.87157 31.65116 -1.73363 -144.64568 -97.29224
48924 1.58532 NaN NaN NaN 186.71503 -110.95107 -27.28995 297.30499 -171.78242 -26.01354 NaN NaN NaN 12.99394 -152.05048 31.64785 -1.87365 -145.02333 -97.17589
48925 1.59365 NaN NaN NaN 186.77690 -111.39899 -26.88066 297.34268 -172.09293 -26.43847 NaN NaN NaN 12.79634 -152.26886 31.64491 -1.93501 -145.31403 -97.16611
48926 1.60198 NaN NaN NaN 186.95219 -111.83651 -26.45837 297.40610 -172.43895 -26.88924 NaN NaN NaN 12.55431 -152.61990 31.64936 -1.96730 -145.38136 -97.21162
48927 1.61032 NaN NaN NaN 187.07498 -111.89864 -26.02910 297.46561 -172.77301 -27.23247 NaN NaN NaN 12.25845 -153.01974 31.65587 -2.02637 -145.39120 -97.34284
48928 1.61865 NaN NaN NaN 187.23705 -112.08432 -25.73800 297.54517 -173.10751 -27.48705 NaN NaN NaN 11.93575 -153.45161 31.63617 -2.07868 -145.30434 -97.40504
48929 1.62698 NaN NaN NaN 187.16953 -112.61752 -25.55790 297.58826 -173.36523 -27.73348 NaN NaN NaN 11.62584 -153.89905 31.63461 -2.10743 -145.20119 -97.51676
48930 1.63531 NaN NaN NaN 187.03378 -113.11400 -25.48805 297.59656 -173.66118 -27.92613 NaN NaN NaN 11.33984 -154.33061 31.60583 -2.17269 -145.18770 -97.56783
48931 1.64364 NaN NaN NaN 186.97115 -113.35159 -25.19578 297.56311 -173.88159 -28.07399 NaN NaN NaN 11.01523 -154.69347 31.61692 -2.29635 -145.23155 -97.54990
48932 1.65197 NaN NaN NaN 187.10695 -113.06286 -24.66078 297.56540 -174.07642 -28.32256 NaN NaN NaN 10.74770 -155.01192 31.61766 -2.42267 -145.35039 -97.56969
48933 1.66030 NaN NaN NaN 187.19656 -113.21825 -24.32039 297.61337 -174.22876 -28.60390 NaN NaN NaN 10.46926 -155.29082 31.65919 -2.54013 -145.33585 -97.68114
48934 1.66863 NaN NaN NaN 187.26144 -113.25365 -24.11203 297.68781 -174.43690 -28.88778 NaN NaN NaN 10.18613 -155.50362 31.71782 -2.70725 -145.40958 -97.70589
48935 1.67697 NaN NaN NaN 187.37411 -113.42915 -23.95738 297.76282 -174.62578 -29.28947 NaN NaN NaN 9.89533 -155.72337 31.81896 -2.85827 -145.50439 -97.63651
48936 1.68530 NaN NaN NaN 187.52859 -113.58635 -23.88960 297.86209 -174.74721 -29.54228 NaN NaN NaN 9.55630 -155.98137 31.94695 -3.10779 -145.73042 -97.54454
48937 1.69363 NaN NaN NaN 187.56593 -113.70615 -23.88894 297.94690 -174.80748 -29.67652 NaN NaN NaN 9.18063 -156.22772 32.07027 -3.35373 -145.95583 -97.39530
48938 1.70196 NaN NaN NaN 187.62424 -113.71396 -23.56940 297.98886 -174.81561 -29.76329 NaN NaN NaN 8.77906 -156.53369 32.19633 -3.56064 -146.21164 -97.10215
48939 1.71029 NaN NaN NaN 187.64165 -113.67568 -23.23451 297.97995 -174.80879 -29.97157 NaN NaN NaN 8.33941 -156.83775 32.31004 -3.71827 -146.46169 -96.92635
48940 1.71862 NaN NaN NaN 187.66231 -113.67091 -22.91879 298.03241 -174.79796 -30.33990 NaN NaN NaN 7.86151 -157.18253 32.40030 -3.82035 -146.53258 -96.91164
48941 1.72695 NaN NaN NaN 187.71387 -113.66405 -22.66346 298.11575 -174.77927 -30.76369 NaN NaN NaN 7.35356 -157.52643 32.50007 -3.96121 -146.58804 -96.89523
48942 1.73529 NaN NaN NaN 187.81566 -113.69217 -22.30478 298.21402 -174.75694 -31.29129 NaN NaN NaN 6.87374 -157.90694 32.55171 -4.05986 -146.67250 -96.66671
48943 1.74362 NaN NaN NaN 187.96289 -113.77960 -21.85987 298.31870 -174.75424 -31.82946 NaN NaN NaN 6.44485 -158.27139 32.58888 -4.11750 -146.75093 -96.64262
48944 1.75195 NaN NaN NaN 188.14201 -113.96594 -21.55950 298.40610 -174.76439 -32.14062 NaN NaN NaN 6.03674 -158.63193 32.59668 -4.11282 -146.87347 -96.48186
48945 1.76028 NaN NaN NaN 188.22249 -114.02608 -21.33608 298.45786 -174.73758 -32.30723 NaN NaN NaN 5.79981 -158.93871 32.57057 -4.08289 -146.94600 -96.39483
48946 1.76861 NaN NaN NaN 188.28514 -114.03084 -21.22092 298.47177 -174.66493 -32.38350 NaN NaN NaN 5.58817 -159.23969 32.48267 -4.00926 -146.94627 -96.41349
48947 1.77694 NaN NaN NaN 188.29984 -113.97521 -21.05337 298.48080 -174.57884 -32.44456 NaN NaN NaN 5.42660 -159.44826 32.39430 -3.87479 -146.83932 -96.51709
48948 1.78527 NaN NaN NaN 188.31287 -113.84039 -20.99576 298.47293 -174.49706 -32.51107 NaN NaN NaN 5.30651 -159.67891 32.29558 -3.75479 -146.60629 -96.81454
48949 1.79360 NaN NaN NaN 188.35330 -113.67075 -20.94525 298.52652 -174.43962 -32.64790 NaN NaN NaN 5.19904 -159.83720 32.15490 -3.58683 -146.11160 -97.03327
48950 1.80194 NaN NaN NaN 188.43979 -113.66357 -20.69572 298.60248 -174.34995 -32.79503 NaN NaN NaN 5.13335 -159.95166 32.00117 -3.40183 -145.64270 -97.20155
48951 1.81027 NaN NaN NaN 188.60489 -113.61501 -20.53684 298.67267 -174.29999 -32.90677 NaN NaN NaN 5.06476 -160.12845 31.80555 -3.12414 -145.11060 -97.46751
48952 1.81860 NaN NaN NaN 188.69838 -113.50091 -20.44594 298.75580 -174.23999 -32.96135 NaN NaN NaN 5.03813 -160.24211 31.68941 -2.91203 -144.65298 -97.70472
48953 1.82693 NaN NaN NaN 188.73921 -113.48748 -20.34239 298.82877 -174.14624 -32.93902 NaN NaN NaN 5.01511 -160.28763 31.56428 -2.74397 -144.41660 -97.83205
48954 1.83526 NaN NaN NaN 188.75117 -113.45094 -20.32820 298.87000 -174.04173 -32.86692 NaN NaN NaN 5.06793 -160.31334 31.44996 -2.63862 -144.38345 -97.85824
48955 1.84359 NaN NaN NaN 188.75429 -113.38712 -20.32081 298.85599 -173.93192 -32.74473 NaN NaN NaN 5.10568 -160.33398 31.29467 -2.53772 -144.49234 -97.79108
48956 1.85192 NaN NaN NaN 188.66391 -113.24004 -20.36563 298.80646 -173.78085 -32.61766 NaN NaN NaN 5.14746 -160.33830 31.15631 -2.42865 -144.56715 -97.76804
48957 1.86025 NaN NaN NaN 188.51353 -112.95817 -20.52381 298.75534 -173.65752 -32.51437 NaN NaN NaN 5.21665 -160.34206 31.00544 -2.26979 -144.48720 -97.84724
48958 1.86859 NaN NaN NaN 188.42261 -112.81502 -20.65216 298.67252 -173.55141 -32.41792 NaN NaN NaN 5.30051 -160.38496 30.86587 -2.08216 -144.27975 -98.01090
48959 1.87692 NaN NaN NaN 188.32446 -112.77427 -20.75885 298.60376 -173.43088 -32.45248 NaN NaN NaN 5.41407 -160.41844 30.70291 -1.95807 -144.08803 -98.16491
48960 1.88525 NaN NaN NaN 188.24754 -112.75196 -20.81501 298.54071 -173.31628 -32.53820 NaN NaN NaN 5.52883 -160.42448 30.52107 -1.83510 -143.82526 -98.31518
48961 1.89358 NaN NaN NaN 188.13521 -112.74454 -20.92233 298.47403 -173.25105 -32.65205 NaN NaN NaN 5.71258 -160.36946 30.40008 -1.74768 -143.62631 -98.50627
48962 1.90191 NaN NaN NaN 188.07344 -112.82294 -20.95836 298.40775 -173.22012 -32.76807 NaN NaN NaN 5.98415 -160.24782 30.30636 -1.74030 -143.52498 -98.69682
48963 1.91024 NaN NaN NaN 188.04375 -112.86643 -20.95013 298.39609 -173.25891 -32.90040 NaN NaN NaN 6.28281 -160.08165 30.27834 -1.77665 -143.59657 -98.78538
48964 1.91857 NaN NaN NaN 188.01665 -112.86147 -21.04755 298.40762 -173.30605 -33.03599 NaN NaN NaN 6.61034 -159.83612 30.28954 -1.87571 -143.72562 -98.80298
48965 1.92690 NaN NaN NaN 188.01886 -113.04449 -21.09076 298.41031 -173.38969 -33.12864 NaN NaN NaN 6.98385 -159.60753 30.30404 -1.98866 -143.94965 -98.78527
48966 1.93524 NaN NaN NaN 187.97224 -113.17456 -21.10410 298.35303 -173.44376 -33.15187 NaN NaN NaN 7.40216 -159.35271 30.31207 -2.10844 -144.23799 -98.77436
48967 1.94357 NaN NaN NaN 187.88286 -113.33303 -21.07403 298.28500 -173.52663 -33.15632 NaN NaN NaN 7.82846 -159.10497 30.34005 -2.27072 -144.60033 -98.75111
48968 1.95190 NaN NaN NaN 187.81920 -113.37548 -21.05565 298.22751 -173.58498 -33.16162 NaN NaN NaN 8.23479 -158.90431 30.32315 -2.44658 -144.93481 -98.79067
48969 1.96023 NaN NaN NaN 187.63539 -113.42526 -21.04258 298.11020 -173.62643 -33.18845 NaN NaN NaN 8.61462 -158.77892 30.24730 -2.50469 -145.23550 -98.77277
48970 1.96856 NaN NaN NaN 187.39389 -113.38354 -21.19759 297.97672 -173.67883 -33.23203 NaN NaN NaN 8.95236 -158.69531 30.13156 -2.51418 -145.41035 -98.82982
48971 1.97689 NaN NaN NaN 187.19292 -113.39798 -21.26746 297.83710 -173.75670 -33.29256 NaN NaN NaN 9.25413 -158.72116 29.99250 -2.58972 -145.58044 -98.93712
48972 1.98522 NaN NaN NaN 187.08615 -113.54202 -21.29122 297.71402 -173.80475 -33.40681 NaN NaN NaN 9.53101 -158.78436 29.78034 -2.67615 -145.78094 -99.18015
48973 1.99356 NaN NaN NaN 186.98146 -113.65614 -21.38729 297.59204 -173.90117 -33.54198 NaN NaN NaN 9.80708 -158.86671 29.60437 -2.71603 -145.92006 -99.36245
48974 2.00189 NaN NaN NaN 186.85216 -113.84470 -21.41267 297.50177 -174.01622 -33.64003 NaN NaN NaN 10.10091 -158.98114 29.47143 -2.79544 -146.04596 -99.51802
48975 2.01022 NaN NaN NaN 186.72142 -114.05603 -21.37065 297.40656 -174.12767 -33.79248 NaN NaN NaN 10.36712 -159.03625 29.31119 -2.92685 -146.22777 -99.66127
48976 2.01855 NaN NaN NaN 186.62819 -114.26560 -21.42557 297.34537 -174.24329 -33.99066 NaN NaN NaN 10.64886 -159.16141 29.15258 -3.05141 -146.47356 -99.75834
48977 2.02688 NaN NaN NaN 186.61835 -114.54587 -21.38154 297.35519 -174.41589 -34.30524 NaN NaN NaN 10.91030 -159.22888 28.99491 -3.21807 -146.74962 -99.81986
48978 2.03521 NaN NaN NaN 186.65616 -114.77844 -21.25965 297.37741 -174.61093 -34.67321 NaN NaN NaN 11.17846 -159.27940 28.77549 -3.47104 -147.04564 -100.00830
48979 2.04354 NaN NaN NaN 186.75389 -115.05759 -21.04421 297.42911 -174.84004 -34.98381 NaN NaN NaN 11.49711 -159.26065 28.60231 -3.74893 -147.39046 -100.17484
48980 2.05187 NaN NaN NaN 186.84891 -115.39555 -20.81172 297.52509 -175.04402 -35.30698 NaN NaN NaN 11.87757 -159.12962 28.46792 -4.04709 -147.69759 -100.28336
48981 2.06021 NaN NaN NaN 187.02603 -115.75655 -20.46124 297.68518 -175.32986 -35.66132 NaN NaN NaN 12.23848 -158.98952 28.36280 -4.36649 -148.06396 -100.35565
48982 2.06854 NaN NaN NaN 187.23032 -116.16325 -20.04015 297.87180 -175.61757 -35.97649 NaN NaN NaN 12.63777 -158.82317 28.23531 -4.77070 -148.51694 -100.42986
48983 2.07687 NaN NaN NaN 187.43158 -116.62441 -19.65860 298.01160 -175.88855 -36.30395 NaN NaN NaN 12.96032 -158.66824 28.10554 -5.17713 -148.92599 -100.45999
48984 2.08520 NaN NaN NaN 187.63573 -116.96096 -19.32010 298.12042 -176.15222 -36.53310 NaN NaN NaN 13.24629 -158.56920 27.96648 -5.51632 -149.33055 -100.51958
48985 2.09353 NaN NaN NaN 187.75729 -117.30824 -18.94920 298.24988 -176.35307 -36.79441 NaN NaN NaN 13.46236 -158.49602 27.80822 -5.82036 -149.57408 -100.55930
48986 2.10186 NaN NaN NaN 187.77483 -117.54788 -18.62368 298.27695 -176.55095 -36.98643 NaN NaN NaN 13.65625 -158.49210 27.62639 -6.06978 -149.77725 -100.70250
48987 2.11019 NaN NaN NaN 187.76035 -117.77137 -18.32557 298.24133 -176.73216 -37.19404 NaN NaN NaN 13.90129 -158.46036 27.44624 -6.22518 -149.92438 -100.95618
48988 2.11852 NaN NaN NaN 187.73058 -117.83441 -17.94434 298.17465 -176.91333 -37.39800 NaN NaN NaN 14.13205 -158.45660 27.22090 -6.45860 -150.09625 -101.13013
48989 2.12686 NaN NaN NaN 187.70341 -117.93150 -17.62840 298.06305 -177.07114 -37.67044 NaN NaN NaN 14.40275 -158.43120 27.00793 -6.67967 -150.15112 -101.33729
48990 2.13519 NaN NaN NaN 187.67517 -118.08489 -17.25758 297.97873 -177.20268 -37.93404 NaN NaN NaN 14.69207 -158.35078 26.77625 -6.93496 -150.27895 -101.44498
48991 2.14352 NaN NaN NaN 187.77698 -118.30927 -16.88101 297.93768 -177.31369 -38.36534 NaN NaN NaN 15.05701 -158.27397 26.52984 -7.16799 -150.41560 -101.59436
48992 2.15185 NaN NaN NaN 187.93312 -118.56831 -16.53109 297.96973 -177.54202 -38.76163 NaN NaN NaN 15.50941 -158.04033 26.30499 -7.46423 -150.63158 -101.71028
48993 2.16018 NaN NaN NaN 188.12868 -118.87920 -16.19927 298.07129 -177.77080 -39.05625 NaN NaN NaN 16.04631 -157.71362 26.07640 -7.77135 -150.91211 -101.78503
48994 2.16851 NaN NaN NaN 188.35635 -119.20237 -15.92057 298.20013 -177.96959 -39.29679 NaN NaN NaN 16.64063 -157.33188 25.89558 -8.22702 -151.29816 -101.84987
48995 2.17684 NaN NaN NaN 188.63171 -119.49323 -15.62318 298.34509 -178.20085 -39.52401 NaN NaN NaN 17.17699 -156.93031 25.63302 -8.65472 -151.78157 -101.91702
48996 2.18518 NaN NaN NaN 188.93953 -119.73523 -15.24174 298.51660 -178.43477 -39.68430 NaN NaN NaN 17.64880 -156.54018 25.35246 -8.99039 -152.15440 -102.02864
48997 2.19351 NaN NaN NaN 189.30800 -120.04538 -14.74106 298.78403 -178.64655 -40.00605 NaN NaN NaN 18.05991 -156.27068 25.07553 -9.40921 -152.39586 -102.15804
48998 2.20184 NaN NaN NaN 189.71680 -120.41302 -14.26292 299.05771 -178.83846 -40.30519 NaN NaN NaN 18.38213 -156.02940 24.78155 -9.75151 -152.48593 -102.34391
48999 2.21017 NaN NaN NaN 190.21408 -120.75261 -13.74561 299.39160 -179.02522 -40.64699 NaN NaN NaN 18.63458 -155.84798 24.53963 -10.08258 -152.63725 -102.45339
49000 2.21850 NaN NaN NaN 190.73839 -121.14230 -13.17466 299.74945 -179.22961 -41.03550 NaN NaN NaN 18.81476 -155.81215 24.24697 -10.34618 -152.69652 -102.63802
49001 2.22683 NaN NaN NaN 191.34192 -121.57881 -12.54170 300.09250 -179.39491 -41.41760 NaN NaN NaN 18.92994 -155.87007 23.89404 -10.56248 -152.71626 -102.83778
49002 2.23516 NaN NaN NaN 191.87059 -121.96938 -12.04984 300.46259 -179.55919 -41.72240 NaN NaN NaN 18.96507 -155.94368 23.64737 -10.78710 -152.71962 -103.11147
49003 2.24349 NaN NaN NaN 192.39580 -122.30415 -11.68204 300.88593 -179.76936 -42.01105 NaN NaN NaN 18.98801 -156.07355 23.43326 -10.99442 -152.76294 -103.33458
49004 2.25183 NaN NaN NaN 192.96693 -122.65778 -11.31946 301.31784 -179.92912 -42.35678 NaN NaN NaN 19.00344 -156.15372 23.10777 -11.22937 -152.78099 -103.55890
49005 2.26016 NaN NaN NaN 193.50940 -122.95396 -10.91437 301.76498 -180.08273 -42.60675 NaN NaN NaN 19.04691 -156.27170 22.80119 -11.50210 -152.88220 -103.74277
49006 2.26849 NaN NaN NaN 194.06998 -123.26742 -10.59397 302.20474 -180.28224 -42.82027 NaN NaN NaN 19.10272 -156.36205 22.63911 -11.69432 -152.99449 -103.88360
49007 2.27682 NaN NaN NaN 194.60922 -123.53320 -10.33162 302.67380 -180.44843 -43.15791 NaN NaN NaN 19.11709 -156.41943 22.53419 -11.96225 -153.21518 -104.01588
49008 2.28515 NaN NaN NaN 195.17294 -123.83648 -10.02250 303.14120 -180.64273 -43.46856 NaN NaN NaN 19.15331 -156.46199 22.41610 -12.20487 -153.34035 -104.12623
49009 2.29348 NaN NaN NaN 195.73663 -124.13715 -9.71694 303.60248 -180.83534 -43.79347 NaN NaN NaN 19.14000 -156.53326 22.27521 -12.40187 -153.50703 -104.17357
49010 2.30181 NaN NaN NaN 196.31264 -124.42260 -9.41832 303.99475 -180.98409 -44.18251 NaN NaN NaN 19.06676 -156.61320 22.12688 -12.65069 -153.65897 -104.22011
49011 2.31014 NaN NaN NaN 196.90779 -124.75005 -9.04376 304.40546 -181.06175 -44.58949 NaN NaN NaN 18.96231 -156.73413 21.98909 -12.81337 -153.74380 -104.27615
49012 2.31848 NaN NaN NaN 197.48552 -125.12698 -8.62123 304.87411 -181.19865 -45.00609 NaN NaN NaN 18.86803 -156.91711 21.87124 -12.98878 -153.87616 -104.30241
49013 2.32681 NaN NaN NaN 198.04752 -125.51772 -8.24385 305.33078 -181.26389 -45.40214 NaN NaN NaN 18.69481 -157.12695 21.82249 -13.17199 -154.01436 -104.28408
49014 2.33514 NaN NaN NaN 198.59444 -125.87952 -7.95164 305.74710 -181.37527 -45.73580 NaN NaN NaN 18.47357 -157.34502 21.82372 -13.34311 -154.17134 -104.33691
49015 2.34347 NaN NaN NaN 199.07513 -126.20254 -7.69459 306.18564 -181.49513 -45.96851 NaN NaN NaN 18.26850 -157.59578 21.80590 -13.47739 -154.36302 -104.41876
49016 2.35180 NaN NaN NaN 199.50714 -126.41889 -7.45522 306.58310 -181.55173 -46.07934 NaN NaN NaN 18.04313 -157.83203 21.81006 -13.62445 -154.56277 -104.45628
49017 2.36013 NaN NaN NaN 199.87764 -126.59023 -7.27911 306.91248 -181.63794 -46.11771 NaN NaN NaN 17.76942 -158.17902 21.78109 -13.81811 -154.68184 -104.54642
49018 2.36846 NaN NaN NaN 200.18977 -126.73637 -7.12833 307.19620 -181.73398 -46.14712 NaN NaN NaN 17.47138 -158.55925 21.69111 -13.96875 -154.81412 -104.80276
49019 2.37680 NaN NaN NaN 200.43161 -126.85598 -6.96639 307.40533 -181.76857 -46.24088 NaN NaN NaN 17.14355 -158.95830 21.56325 -14.03331 -154.85869 -104.94850
49020 2.38513 NaN NaN NaN 200.62561 -126.96424 -6.75557 307.56543 -181.76251 -46.31388 NaN NaN NaN 16.81635 -159.39186 21.38629 -14.11249 -154.81210 -105.08697
49021 2.39346 NaN NaN NaN 200.80728 -127.13315 -6.51294 307.68607 -181.74976 -46.45145 NaN NaN NaN 16.45696 -159.77295 21.23816 -14.13329 -154.73515 -105.27650
49022 2.40179 NaN NaN NaN 201.02257 -127.28668 -6.25413 307.76956 -181.74866 -46.66761 NaN NaN NaN 16.13470 -160.10684 21.12611 -14.23563 -154.63274 -105.43142
49023 2.41012 NaN NaN NaN 201.25139 -127.49299 -5.99707 307.86874 -181.80428 -46.94707 NaN NaN NaN 15.86826 -160.43835 20.98568 -14.29671 -154.58133 -105.69837
49024 2.41845 NaN NaN NaN 201.51573 -127.72692 -5.69395 307.95837 -181.93942 -47.30029 NaN NaN NaN 15.58753 -160.79395 20.86252 -14.41814 -154.53548 -105.86740
49025 2.42678 NaN NaN NaN 201.80847 -128.07674 -5.31235 308.07278 -182.04338 -47.66386 NaN NaN NaN 15.29437 -161.15123 20.66833 -14.53815 -154.53018 -105.97935
49026 2.43511 NaN NaN NaN 202.14616 -128.36461 -4.94184 308.18439 -182.14871 -48.07933 NaN NaN NaN 14.98692 -161.43141 20.53009 -14.61868 -154.60225 -106.19756
49027 2.44345 NaN NaN NaN 202.49107 -128.72922 -4.61660 308.30005 -182.21893 -48.49360 NaN NaN NaN 14.70679 -161.68604 20.42452 -14.73544 -154.69189 -106.32573
49028 2.45178 NaN NaN NaN 202.81763 -129.10153 -4.26810 308.45264 -182.30191 -48.86825 NaN NaN NaN 14.48636 -161.93257 20.38386 -14.84149 -154.76988 -106.39749
49029 2.46011 NaN NaN NaN 203.11749 -129.50513 -3.96655 308.57043 -182.43463 -49.25660 NaN NaN NaN 14.22989 -162.19308 20.33140 -14.93407 -154.80127 -106.48324
49030 2.46844 NaN NaN NaN 203.32779 -129.81744 -3.73406 308.66644 -182.51462 -49.53354 NaN NaN NaN 13.99358 -162.47627 20.22571 -14.99009 -154.73947 -106.56036
49031 2.47677 NaN NaN NaN 203.48309 -130.01541 -3.55764 308.72986 -182.58530 -49.67528 NaN NaN NaN 13.70481 -162.76099 20.12166 -15.02050 -154.67371 -106.70615
49032 2.48510 NaN NaN NaN 203.60999 -130.23718 -3.34115 308.77289 -182.63217 -49.80148 NaN NaN NaN 13.43093 -163.08408 20.02348 -15.00792 -154.61560 -106.93972
49033 2.49343 NaN NaN NaN 203.70534 -130.41161 -3.21599 308.80612 -182.68791 -49.85748 NaN NaN NaN 13.14811 -163.38467 19.93801 -14.98735 -154.57346 -107.09563
49034 2.50176 NaN NaN NaN 203.70567 -130.58173 -3.10591 308.82162 -182.70303 -49.84737 NaN NaN NaN 12.86669 -163.67566 19.89857 -14.95985 -154.57343 -107.18399
49035 2.51010 NaN NaN NaN 203.65381 -130.64018 -3.05286 308.76532 -182.74892 -49.80693 NaN NaN NaN 12.65170 -163.87926 19.86981 -14.92983 -154.54912 -107.29928
49036 2.51843 NaN NaN NaN 203.54344 -130.66084 -3.02484 308.67755 -182.78029 -49.72051 NaN NaN NaN 12.50723 -164.04826 19.76452 -14.89178 -154.56546 -107.34981
49037 2.52676 NaN NaN NaN 203.34343 -130.59595 -3.02004 308.57257 -182.73590 -49.57689 NaN NaN NaN 12.42063 -164.18520 19.68556 -14.85617 -154.54088 -107.37894
49038 2.53509 NaN NaN NaN 203.13516 -130.44666 -3.04775 308.46719 -182.74860 -49.40815 NaN NaN NaN 12.42636 -164.24203 19.67637 -14.80429 -154.65016 -107.45341
49039 2.54342 NaN NaN NaN 202.87991 -130.29269 -3.13332 308.28082 -182.72356 -49.20741 NaN NaN NaN 12.51539 -164.22223 19.67964 -14.79195 -154.75865 -107.46386
49040 2.55175 NaN NaN NaN 202.60431 -130.10237 -3.26132 308.07736 -182.67084 -48.91206 NaN NaN NaN 12.71799 -164.11154 19.69152 -14.78406 -154.87520 -107.44055
49041 2.56008 NaN NaN NaN 202.27354 -129.94112 -3.34510 307.84921 -182.63789 -48.62360 NaN NaN NaN 12.99558 -163.93451 19.69002 -14.80961 -155.02190 -107.38210
49042 2.56841 NaN NaN NaN 201.98830 -129.82097 -3.47199 307.69342 -182.63910 -48.43296 NaN NaN NaN 13.27237 -163.72530 19.69628 -14.87950 -155.16014 -107.22784
49043 2.57675 NaN NaN NaN 201.71498 -129.67149 -3.55121 307.50745 -182.60760 -48.30587 NaN NaN NaN 13.57902 -163.47542 19.71160 -14.82459 -155.23381 -107.18761
49044 2.58508 NaN NaN NaN 201.49959 -129.59360 -3.61040 307.36423 -182.54781 -48.25256 NaN NaN NaN 13.95752 -163.22929 19.77787 -14.77944 -155.25710 -107.08436
49045 2.59341 NaN NaN NaN 201.38446 -129.56902 -3.64647 307.21225 -182.48372 -48.22711 NaN NaN NaN 14.35843 -162.89864 19.83389 -14.77841 -155.31790 -106.97409
49046 2.60174 NaN NaN NaN 201.30434 -129.59003 -3.69209 307.09332 -182.46225 -48.24483 NaN NaN NaN 14.76612 -162.56767 19.90401 -14.72055 -155.42821 -106.86672
49047 2.61007 NaN NaN NaN 201.24429 -129.63094 -3.67159 307.03772 -182.48563 -48.27585 NaN NaN NaN 15.15340 -162.17455 19.98232 -14.73974 -155.57652 -106.70602
49048 2.61840 NaN NaN NaN 201.22144 -129.78555 -3.57986 306.99487 -182.56595 -48.36125 NaN NaN NaN 15.54529 -161.80318 20.09600 -14.67847 -155.79355 -106.53805
49049 2.62673 NaN NaN NaN 201.22298 -129.92947 -3.46980 306.97693 -182.68558 -48.42419 NaN NaN NaN 15.86519 -161.50378 20.18079 -14.60405 -155.98119 -106.37887
49050 2.63507 NaN NaN NaN 201.26636 -130.13921 -3.36136 306.98483 -182.81763 -48.57357 NaN NaN NaN 16.11721 -161.30954 20.22900 -14.59646 -156.10265 -106.21588
49051 2.64340 NaN NaN NaN 201.35027 -130.38498 -3.23215 307.01138 -182.89584 -48.78299 NaN NaN NaN 16.32288 -161.19595 20.29026 -14.53547 -156.15703 -106.13378
49052 2.65173 NaN NaN NaN 201.46030 -130.68352 -3.12939 307.05640 -182.97044 -48.92637 NaN NaN NaN 16.48408 -161.12575 20.30036 -14.41489 -156.12151 -106.10726
49053 2.66006 NaN NaN NaN 201.57042 -130.96234 -2.97707 307.11850 -183.05164 -49.10767 NaN NaN NaN 16.60800 -161.05482 20.29737 -14.34422 -156.05188 -106.12462
49054 2.66839 NaN NaN NaN 201.67131 -131.20168 -2.86673 307.20847 -183.13318 -49.20913 NaN NaN NaN 16.71947 -161.05792 20.28438 -14.24380 -155.95265 -106.16424
49055 2.67672 NaN NaN NaN 201.74013 -131.42343 -2.79757 307.27661 -183.19408 -49.25820 NaN NaN NaN 16.83018 -161.05559 20.29263 -14.15872 -155.84967 -106.19957
49056 2.68505 NaN NaN NaN 201.76155 -131.55623 -2.75519 307.29346 -183.25868 -49.24959 NaN NaN NaN 16.94209 -161.07497 20.28726 -14.11025 -155.84764 -106.21272
49057 2.69338 NaN NaN NaN 201.72365 -131.65457 -2.74735 307.29340 -183.28658 -49.22766 NaN NaN NaN 17.06498 -161.09186 20.27755 -14.06597 -155.85895 -106.23045
49058 2.70172 NaN NaN NaN 201.66628 -131.68997 -2.76127 307.27771 -183.34514 -49.19447 NaN NaN NaN 17.24833 -161.08302 20.24208 -14.05625 -155.96239 -106.20539
49059 2.71005 NaN NaN NaN 201.60776 -131.69009 -2.77827 307.25604 -183.31525 -49.19883 NaN NaN NaN 17.45153 -161.02455 20.18750 -14.06806 -156.06906 -106.16258
49060 2.71838 NaN NaN NaN 201.52924 -131.66017 -2.82671 307.23221 -183.33730 -49.18171 NaN NaN NaN 17.72603 -160.92033 20.13130 -14.08301 -156.18896 -106.11028
49061 2.72671 NaN NaN NaN 201.45651 -131.67030 -2.86388 307.17871 -183.30331 -49.20933 NaN NaN NaN 17.98094 -160.81792 20.09335 -14.10288 -156.29810 -106.08863
49062 2.73504 NaN NaN NaN 201.38254 -131.69766 -2.90706 307.14072 -183.27571 -49.21846 NaN NaN NaN 18.33671 -160.65872 20.08308 -14.14534 -156.40131 -106.04857
49063 2.74337 NaN NaN NaN 201.34525 -131.72438 -2.93127 307.10684 -183.24467 -49.24852 NaN NaN NaN 18.76217 -160.42888 20.04480 -14.24943 -156.56731 -105.94060
49064 2.75170 NaN NaN NaN 201.31139 -131.78036 -2.89887 307.07291 -183.22676 -49.30544 NaN NaN NaN 19.28723 -160.15053 20.02389 -14.32655 -156.74385 -105.80405
49065 2.76003 NaN NaN NaN 201.30617 -131.86980 -2.82414 307.04590 -183.20395 -49.35570 NaN NaN NaN 19.80412 -159.80003 19.98315 -14.49315 -157.12427 -105.58076
49066 2.76837 NaN NaN NaN 201.33203 -131.98016 -2.71552 307.04742 -183.21829 -49.44637 NaN NaN NaN 20.33773 -159.43469 19.92810 -14.55470 -157.38510 -105.50030
49067 2.77670 NaN NaN NaN 201.40282 -132.09286 -2.59815 307.04779 -183.24280 -49.55228 NaN NaN NaN 20.81431 -159.15190 19.89525 -14.54772 -157.54385 -105.42926
49068 2.78503 NaN NaN NaN 201.53429 -132.22794 -2.45400 307.07123 -183.28986 -49.64929 NaN NaN NaN 21.20067 -158.95795 19.84326 -14.51535 -157.67169 -105.38205
49069 2.79336 NaN NaN NaN 201.70674 -132.42293 -2.29403 307.16092 -183.36914 -49.82109 NaN NaN NaN 21.50211 -158.81148 19.80239 -14.43243 -157.68474 -105.39240
49070 2.80169 NaN NaN NaN 201.87646 -132.65442 -2.07382 307.24826 -183.41365 -49.99229 NaN NaN NaN 21.75620 -158.76089 19.68176 -14.36227 -157.67293 -105.40491
49071 2.81002 NaN NaN NaN 202.08841 -132.90518 -1.81426 307.34058 -183.49297 -50.16266 NaN NaN NaN 21.90967 -158.75996 19.61752 -14.25672 -157.62566 -105.46214
49072 2.81835 NaN NaN NaN 202.36081 -133.16147 -1.52683 307.45135 -183.57251 -50.34116 NaN NaN NaN 22.04582 -158.80353 19.54409 -14.11396 -157.48772 -105.54379
49073 2.82669 NaN NaN NaN 202.62572 -133.43544 -1.28525 307.58151 -183.63411 -50.50851 NaN NaN NaN 22.15254 -158.83804 19.49405 -14.00238 -157.33182 -105.64126
49074 2.83502 NaN NaN NaN 202.88582 -133.67519 -1.01908 307.73227 -183.69415 -50.67785 NaN NaN NaN 22.21893 -158.85443 19.45267 -13.95253 -157.19516 -105.69247
49075 2.84335 NaN NaN NaN 203.16933 -133.93269 -0.70463 307.85696 -183.78798 -50.86404 NaN NaN NaN 22.35163 -158.83257 19.41774 -13.95982 -157.15692 -105.71890
49076 2.85168 NaN NaN NaN 203.44113 -134.19090 -0.42121 308.01196 -183.90237 -51.09150 NaN NaN NaN 22.49008 -158.77534 19.38845 -13.98069 -157.15312 -105.69995
49077 2.86001 NaN NaN NaN 203.73926 -134.43942 -0.16602 308.11438 -183.94601 -51.22618 NaN NaN NaN 22.59495 -158.71477 19.35330 -14.00170 -157.21844 -105.69463
49078 2.86834 NaN NaN NaN 204.01122 -134.71034 0.07698 308.23697 -184.03413 -51.37979 NaN NaN NaN 22.66197 -158.66048 19.35440 -14.03622 -157.31874 -105.64467
49079 2.87667 NaN NaN NaN 204.26875 -134.96945 0.34551 308.35251 -184.08437 -51.52495 NaN NaN NaN 22.70968 -158.64751 19.35406 -14.08138 -157.40686 -105.59093
49080 2.88500 NaN NaN NaN 204.52689 -135.17139 0.61140 308.45279 -184.12088 -51.70084 NaN NaN NaN 22.77795 -158.63979 19.39258 -14.13993 -157.48222 -105.53194
49081 2.89334 NaN NaN NaN 204.75725 -135.36739 0.80615 308.59845 -184.17229 -51.95420 NaN NaN NaN 22.88897 -158.56128 19.38725 -14.19841 -157.55231 -105.47219
49082 2.90167 NaN NaN NaN 205.00833 -135.57680 0.96253 308.71387 -184.23398 -52.15719 NaN NaN NaN 23.02036 -158.46584 19.42916 -14.21416 -157.57997 -105.43170
49083 2.91000 NaN NaN NaN 205.18637 -135.73839 1.08397 308.74826 -184.30476 -52.29732 NaN NaN NaN 23.13181 -158.38058 19.42667 -14.28856 -157.60384 -105.38576
49084 2.91833 NaN NaN NaN 205.39653 -135.93480 1.30637 308.82867 -184.37204 -52.48400 NaN NaN NaN 23.21295 -158.33437 19.42913 -14.31931 -157.61905 -105.36474
49085 2.92666 NaN NaN NaN 205.62550 -136.13309 1.48076 308.88504 -184.43907 -52.56463 NaN NaN NaN 23.28981 -158.30339 19.41621 -14.33169 -157.62210 -105.36042
49086 2.93499 NaN NaN NaN 205.80989 -136.29729 1.67222 308.97549 -184.44766 -52.73242 NaN NaN NaN 23.40799 -158.24918 19.40063 -14.32826 -157.62622 -105.36763
49087 2.94332 NaN NaN NaN 205.95946 -136.44717 1.80899 309.07355 -184.43768 -52.88467 NaN NaN NaN 23.52829 -158.19650 19.39381 -14.32876 -157.61707 -105.35699
49088 2.95165 NaN NaN NaN 206.13669 -136.58446 1.92862 309.16913 -184.42799 -52.98909 NaN NaN NaN 23.62211 -158.17581 19.37959 -14.32381 -157.62817 -105.35127
49089 2.95999 NaN NaN NaN 206.28735 -136.72368 2.02897 309.24854 -184.44690 -53.08525 NaN NaN NaN 23.67461 -158.17453 19.34688 -14.32854 -157.61929 -105.34919
49090 2.96832 NaN NaN NaN 206.40839 -136.86403 2.11016 309.42029 -184.34857 -53.34224 NaN NaN NaN 23.71693 -158.17969 19.32518 -14.33478 -157.62785 -105.35195
49091 2.97665 NaN NaN NaN 206.55849 -137.01222 2.18053 309.37366 -184.48813 -53.36470 NaN NaN NaN 23.75795 -158.16136 19.29589 -14.34889 -157.63219 -105.36330
49092 2.98498 NaN NaN NaN 206.69356 -137.16548 2.26495 309.50592 -184.35844 -53.63747 NaN NaN NaN 23.83533 -158.17755 19.27081 -14.39016 -157.66759 -105.35356
49093 2.99331 NaN NaN NaN 206.84868 -137.31126 2.38595 309.59744 -184.37964 -53.89143 NaN NaN NaN 23.94307 -158.17407 19.23364 -14.43544 -157.70657 -105.33976
49094 3.00164 NaN NaN NaN 207.06438 -137.47708 2.56353 309.66629 -184.33456 -54.12330 NaN NaN NaN 24.02461 -158.14897 19.19265 -14.46553 -157.75278 -105.31476
49095 3.00997 NaN NaN NaN 207.29463 -137.61832 2.83045 309.74185 -184.31506 -54.30182 NaN NaN NaN 24.10230 -158.07994 19.16370 -14.49556 -157.82704 -105.29235
49096 3.01831 NaN NaN NaN 207.53790 -137.81642 3.12314 309.82562 -184.33636 -54.41291 NaN NaN NaN 24.17255 -158.00377 19.14925 -14.53313 -157.90146 -105.25906
49097 3.02664 NaN NaN NaN 207.72916 -137.99345 3.34542 309.90408 -184.36790 -54.55174 NaN NaN NaN 24.23570 -157.96173 19.12045 -14.55295 -157.93625 -105.25048
49098 3.03497 NaN NaN NaN 207.95543 -138.22014 3.53797 309.93390 -184.44514 -54.65703 NaN NaN NaN 24.33071 -157.93436 19.08225 -14.55704 -157.97050 -105.24129
49099 3.04330 NaN NaN NaN 208.18045 -138.43674 3.73777 309.98105 -184.46524 -54.77379 NaN NaN NaN 24.43641 -157.92226 19.04664 -14.54878 -157.95963 -105.26435
49100 3.05163 NaN NaN NaN 208.39949 -138.62289 3.89691 310.05777 -184.54393 -54.85171 NaN NaN NaN 24.53389 -157.91205 19.00706 -14.54677 -157.90440 -105.27505
49101 3.05996 NaN NaN NaN 208.60953 -138.77493 4.07750 310.13617 -184.55859 -54.99880 NaN NaN NaN 24.59859 -157.88739 18.96227 -14.53749 -157.83571 -105.31153
49102 3.06829 NaN NaN NaN 208.78081 -138.89713 4.25634 310.20734 -184.64046 -55.10824 NaN NaN NaN 24.60998 -157.88499 18.94954 -14.55485 -157.76152 -105.35908
