Frame# Time LH1 LH2 LH3 RH1 RH2 RH3
X54 Y54 Z54 X55 Y55 Z55 X56 Y56 Z56 X57 Y57 Z57 X58 Y58 Z58 X59 Y59 Z59
37049 0.00115 NaN NaN NaN 182.38330 -125.27824 0.56955 282.41003 -184.66396 -49.00063 NaN NaN NaN 30.75018 -141.39835 14.53448 -50.00040 -194.43852 -72.94930
37050 0.00948 NaN NaN NaN 182.36807 -125.32453 0.61165 282.39758 -184.69548 -49.01663 NaN NaN NaN 30.80949 -141.40561 14.51368 -49.89803 -194.41122 -73.00484
37051 0.01781 NaN NaN NaN 182.38600 -125.39088 0.68947 282.38727 -184.69832 -49.00856 NaN NaN NaN 30.85312 -141.40219 14.53147 -49.79794 -194.39432 -73.07814
37052 0.02614 NaN NaN NaN 182.41325 -125.41624 0.76219 282.40137 -184.72266 -49.00528 NaN NaN NaN 30.86516 -141.43837 14.58635 -49.69538 -194.36093 -73.19721
37053 0.03447 NaN NaN NaN 182.42870 -125.42520 0.84645 282.40305 -184.72531 -48.99570 NaN NaN NaN 30.84155 -141.52492 14.66725 -49.59939 -194.30522 -73.33794
37054 0.04280 NaN NaN NaN 182.46765 -125.45334 0.90639 282.40384 -184.73819 -49.00764 NaN NaN NaN 30.82147 -141.67001 14.75085 -49.48701 -194.29001 -73.53545
37055 0.05114 NaN NaN NaN 182.51572 -125.50906 1.00152 282.40741 -184.74838 -49.01728 NaN NaN NaN 30.80562 -141.77530 14.80351 -49.36262 -194.23257 -73.68813
37056 0.05947 NaN NaN NaN 182.55331 -125.57337 1.08422 282.40237 -184.76285 -49.06598 NaN NaN NaN 30.77728 -141.85924 14.84453 -49.26506 -194.17946 -73.81053
37057 0.06780 NaN NaN NaN 182.56381 -125.63194 1.14212 282.40482 -184.77579 -49.07037 NaN NaN NaN 30.77060 -141.93124 14.87970 -49.17981 -194.12042 -73.90307
37058 0.07613 NaN NaN NaN 182.55844 -125.67941 1.17724 282.40076 -184.79640 -49.11707 NaN NaN NaN 30.78222 -142.00865 14.91828 -49.10371 -194.09637 -73.97449
37059 0.08446 NaN NaN NaN 182.54845 -125.71114 1.19602 282.37756 -184.80592 -49.13949 NaN NaN NaN 30.82061 -142.05231 14.93566 -49.04319 -194.07863 -74.02635
37060 0.09279 NaN NaN NaN 182.53395 -125.74409 1.22077 282.37271 -184.82117 -49.17271 NaN NaN NaN 30.87680 -142.09807 14.93966 -48.99244 -194.06789 -74.04984
37061 0.10112 NaN NaN NaN 182.55231 -125.78907 1.30017 282.35764 -184.80667 -49.20599 NaN NaN NaN 30.90718 -142.11516 14.92414 -48.94730 -194.06760 -74.05830
37062 0.10945 NaN NaN NaN 182.59769 -125.86390 1.37426 282.36533 -184.81824 -49.28718 NaN NaN NaN 30.94180 -142.13113 14.90203 -48.91698 -194.06169 -74.06072
37063 0.11779 NaN NaN NaN 182.69354 -125.98257 1.46317 282.38290 -184.80681 -49.41832 NaN NaN NaN 30.95989 -142.14041 14.89882 -48.92276 -194.05559 -74.07481
37064 0.12612 NaN NaN NaN 182.76416 -126.13010 1.58306 282.40656 -184.83507 -49.52847 NaN NaN NaN 30.97371 -142.13846 14.89657 -48.90515 -194.03349 -74.08374
37065 0.13445 NaN NaN NaN 182.86223 -126.23813 1.72852 282.44650 -184.84720 -49.65682 NaN NaN NaN 30.96862 -142.15735 14.90801 -48.91049 -194.03242 -74.04781
37066 0.14278 NaN NaN NaN 182.98196 -126.32923 1.83778 282.49011 -184.90227 -49.77675 NaN NaN NaN 30.95912 -142.21216 14.93917 -48.91145 -194.03239 -74.04716
37067 0.15111 NaN NaN NaN 183.08986 -126.43357 1.94108 282.53052 -184.92247 -49.86926 NaN NaN NaN 30.92956 -142.29260 15.00765 -48.91027 -194.04259 -74.07252
37068 0.15944 NaN NaN NaN 183.17310 -126.48940 2.08112 282.57217 -184.93520 -49.95797 NaN NaN NaN 30.86489 -142.34453 15.08884 -48.87947 -194.04494 -74.11787
37069 0.16777 NaN NaN NaN 183.27969 -126.56874 2.21689 282.58487 -184.90250 -50.01982 NaN NaN NaN 30.80366 -142.39572 15.18101 -48.86975 -194.02939 -74.18030
37070 0.17611 NaN NaN NaN 183.42017 -126.61734 2.33532 282.65021 -184.92767 -50.08652 NaN NaN NaN 30.69572 -142.51332 15.29136 -48.83646 -193.97902 -74.24812
37071 0.18444 NaN NaN NaN 183.50790 -126.72076 2.46257 282.69681 -184.94385 -50.17737 NaN NaN NaN 30.62790 -142.59816 15.40193 -48.82235 -193.92145 -74.33351
37072 0.19277 NaN NaN NaN 183.60730 -126.75356 2.54801 282.72992 -184.97159 -50.25252 NaN NaN NaN 30.55900 -142.71283 15.51148 -48.82572 -193.85225 -74.35334
37073 0.20110 NaN NaN NaN 183.68149 -126.83339 2.64041 282.75369 -184.97525 -50.32220 NaN NaN NaN 30.48958 -142.80746 15.62852 -48.83161 -193.78941 -74.36290
37074 0.20943 NaN NaN NaN 183.73430 -126.92016 2.70471 282.78125 -184.98323 -50.35168 NaN NaN NaN 30.44130 -142.86771 15.71997 -48.82917 -193.73433 -74.36999
37075 0.21776 NaN NaN NaN 183.76204 -126.99345 2.76545 282.80737 -184.97548 -50.37950 NaN NaN NaN 30.43019 -142.91949 15.81124 -48.85742 -193.70326 -74.37094
37076 0.22609 NaN NaN NaN 183.78928 -127.02514 2.77615 282.82443 -184.97832 -50.42152 NaN NaN NaN 30.40872 -142.95172 15.85396 -48.89492 -193.69499 -74.32357
37077 0.23442 NaN NaN NaN 183.78085 -127.03957 2.78076 282.82950 -184.97971 -50.46685 NaN NaN NaN 30.39844 -142.96802 15.88066 -48.97792 -193.66312 -74.27063
37078 0.24276 NaN NaN NaN 183.80336 -127.06927 2.77516 282.82953 -184.99348 -50.50259 NaN NaN NaN 30.39603 -142.94170 15.90322 -49.03801 -193.62843 -74.23154
37079 0.25109 NaN NaN NaN 183.79086 -127.08205 2.77257 282.84296 -184.98712 -50.52326 NaN NaN NaN 30.42843 -142.91286 15.87411 -49.06242 -193.59633 -74.21783
37080 0.25942 NaN NaN NaN 183.80849 -127.08933 2.74049 282.83307 -185.00012 -50.52294 NaN NaN NaN 30.46340 -142.85484 15.82746 -49.09661 -193.60547 -74.19122
37081 0.26775 NaN NaN NaN 183.77608 -127.07279 2.74606 282.83453 -184.99945 -50.52352 NaN NaN NaN 30.48297 -142.82828 15.82138 -49.11598 -193.61052 -74.14465
37082 0.27608 NaN NaN NaN 183.75908 -127.06976 2.72680 282.82309 -184.98170 -50.51854 NaN NaN NaN 30.46717 -142.83382 15.82392 -49.13668 -193.57774 -74.14554
37083 0.28441 NaN NaN NaN 183.74103 -127.03359 2.73329 282.79440 -184.92799 -50.50449 NaN NaN NaN 30.44810 -142.90512 15.84609 -49.13274 -193.51765 -74.21058
37084 0.29274 NaN NaN NaN 183.73332 -127.02792 2.71756 282.81049 -184.92934 -50.46267 NaN NaN NaN 30.38398 -143.00015 15.88952 -49.11568 -193.46410 -74.28269
37085 0.30107 NaN NaN NaN 183.73415 -126.96971 2.70359 282.80472 -184.91054 -50.45291 NaN NaN NaN 30.33040 -143.12105 15.95492 -49.10514 -193.40347 -74.35316
37086 0.30941 NaN NaN NaN 183.74216 -126.91985 2.70511 282.81693 -184.91745 -50.44482 NaN NaN NaN 30.26609 -143.26857 16.05512 -49.07908 -193.27397 -74.46982
37087 0.31774 NaN NaN NaN 183.73868 -126.85481 2.69241 282.79572 -184.88110 -50.42036 NaN NaN NaN 30.18620 -143.44553 16.20168 -49.06567 -193.15254 -74.61799
37088 0.32607 NaN NaN NaN 183.71941 -126.78609 2.66203 282.77493 -184.86610 -50.39928 NaN NaN NaN 30.05417 -143.78864 16.34856 -49.03471 -193.02261 -74.84100
37089 0.33440 NaN NaN NaN 183.69461 -126.69982 2.63724 282.76489 -184.82465 -50.38585 NaN NaN NaN 29.86825 -144.15373 16.55363 -49.05274 -192.91199 -75.04068
37090 0.34273 NaN NaN NaN 183.66197 -126.59528 2.58667 282.75354 -184.75641 -50.31268 NaN NaN NaN 29.65654 -144.58546 16.75681 -49.08889 -192.80226 -75.26598
37091 0.35106 NaN NaN NaN 183.62747 -126.53027 2.53525 282.72842 -184.69882 -50.27306 NaN NaN NaN 29.41715 -145.05618 16.90830 -49.17951 -192.73470 -75.52283
37092 0.35939 NaN NaN NaN 183.57838 -126.42276 2.48523 282.71405 -184.65814 -50.19426 NaN NaN NaN 29.15926 -145.56915 17.09260 -49.34440 -192.68233 -75.78454
37093 0.36773 NaN NaN NaN 183.53163 -126.34614 2.45517 282.66406 -184.64287 -50.12180 NaN NaN NaN 28.88879 -146.12398 17.25961 -49.55049 -192.66133 -76.01862
37094 0.37606 NaN NaN NaN 183.46742 -126.26863 2.38115 282.64035 -184.60594 -50.07958 NaN NaN NaN 28.54899 -146.68881 17.40539 -49.76920 -192.70293 -76.18440
37095 0.38439 NaN NaN NaN 183.41470 -126.21455 2.32410 282.62686 -184.60219 -50.06396 NaN NaN NaN 28.19214 -147.25919 17.55607 -50.01387 -192.78712 -76.31275
37096 0.39272 NaN NaN NaN 183.37303 -126.17946 2.29043 282.57898 -184.54179 -50.05678 NaN NaN NaN 27.79166 -147.85359 17.73833 -50.28276 -192.83775 -76.48460
37097 0.40105 NaN NaN NaN 183.27174 -126.14257 2.22245 282.54031 -184.52570 -50.04163 NaN NaN NaN 27.37553 -148.39537 17.89431 -50.58385 -192.95738 -76.62868
37098 0.40938 NaN NaN NaN 183.20706 -126.09011 2.15435 282.50818 -184.50870 -50.02346 NaN NaN NaN 26.96262 -148.99506 18.03222 -50.89834 -193.04135 -76.84522
37099 0.41771 NaN NaN NaN 183.12476 -126.02126 2.07066 282.48132 -184.49994 -50.00670 NaN NaN NaN 26.55009 -149.60487 18.20934 -51.19848 -193.16081 -76.99470
37100 0.42604 NaN NaN NaN 183.08139 -125.96249 1.98100 282.46951 -184.49216 -49.95916 NaN NaN NaN 26.09018 -150.18384 18.43278 -51.42719 -193.19803 -77.16343
37101 0.43438 NaN NaN NaN 183.03481 -125.89006 1.93822 282.43094 -184.49402 -49.92612 NaN NaN NaN 25.62471 -150.79846 18.66603 -51.65438 -193.24791 -77.31880
37102 0.44271 NaN NaN NaN 183.00320 -125.84065 1.87388 282.41013 -184.49631 -49.88697 NaN NaN NaN 25.14488 -151.40862 18.93002 -51.85708 -193.23489 -77.56058
37103 0.45104 NaN NaN NaN 182.96606 -125.84863 1.87633 282.39539 -184.45505 -49.84892 NaN NaN NaN 24.70838 -151.97807 19.23387 -51.99902 -193.19817 -77.81291
37104 0.45937 NaN NaN NaN 182.95969 -125.81611 1.88901 282.40128 -184.43527 -49.83393 NaN NaN NaN 24.26339 -152.57410 19.51537 -52.07680 -193.13580 -78.06442
37105 0.46770 NaN NaN NaN 182.94995 -125.80762 1.90349 282.38464 -184.40303 -49.83053 NaN NaN NaN 23.82724 -153.05916 19.72002 -52.16442 -193.07097 -78.33735
37106 0.47603 NaN NaN NaN 182.95790 -125.78172 1.88954 282.39557 -184.41202 -49.82054 NaN NaN NaN 23.40616 -153.56125 19.94173 -52.26179 -192.99280 -78.63093
37107 0.48436 NaN NaN NaN 182.98123 -125.77198 1.90737 282.39459 -184.41847 -49.83116 NaN NaN NaN 22.95074 -154.06071 20.13189 -52.37177 -192.85992 -78.95759
37108 0.49269 NaN NaN NaN 183.01149 -125.76984 1.92224 282.41119 -184.42204 -49.82551 NaN NaN NaN 22.51293 -154.52180 20.32580 -52.46085 -192.68544 -79.22144
37109 0.50103 NaN NaN NaN 183.04799 -125.81376 1.97191 282.43683 -184.43636 -49.84021 NaN NaN NaN 22.12958 -154.97499 20.52476 -52.52975 -192.54761 -79.47400
37110 0.50936 NaN NaN NaN 183.09428 -125.85632 2.02070 282.47095 -184.50046 -49.84370 NaN NaN NaN 21.82652 -155.28169 20.63169 -52.60369 -192.46912 -79.71267
37111 0.51769 NaN NaN NaN 183.14687 -125.96626 2.08359 282.50113 -184.54358 -49.87299 NaN NaN NaN 21.54864 -155.50459 20.69731 -52.69542 -192.45128 -79.86047
37112 0.52602 NaN NaN NaN 183.20596 -126.05833 2.14815 282.53937 -184.54997 -49.89343 NaN NaN NaN 21.34756 -155.60825 20.75851 -52.80000 -192.45009 -79.94471
37113 0.53435 NaN NaN NaN 183.23859 -126.08002 2.15605 282.56546 -184.56905 -49.91817 NaN NaN NaN 21.22096 -155.67442 20.81100 -52.92299 -192.49707 -79.91521
37114 0.54268 NaN NaN NaN 183.27815 -126.07753 2.16092 282.58493 -184.58711 -49.91238 NaN NaN NaN 21.18667 -155.64827 20.82082 -52.99287 -192.52205 -79.84319
37115 0.55101 NaN NaN NaN 183.32253 -126.08654 2.15033 282.61462 -184.62848 -49.94853 NaN NaN NaN 21.24153 -155.53979 20.78631 -53.03012 -192.57648 -79.74757
37116 0.55935 NaN NaN NaN 183.35623 -126.12904 2.14978 282.64954 -184.65331 -49.98122 NaN NaN NaN 21.33236 -155.38113 20.70204 -53.02451 -192.62544 -79.66535
37117 0.56768 NaN NaN NaN 183.37665 -126.16483 2.13513 282.65924 -184.66769 -50.00215 NaN NaN NaN 21.44069 -155.18678 20.61696 -53.01168 -192.60266 -79.55901
37118 0.57601 NaN NaN NaN 183.37184 -126.20437 2.10754 282.67264 -184.68069 -50.00320 NaN NaN NaN 21.59280 -154.97560 20.53892 -52.94842 -192.56363 -79.50964
37119 0.58434 NaN NaN NaN 183.37140 -126.23557 2.08245 282.67856 -184.69051 -50.02407 NaN NaN NaN 21.84539 -154.72478 20.37617 -52.88532 -192.49857 -79.47525
37120 0.59267 NaN NaN NaN 183.38316 -126.23977 2.07016 282.67886 -184.68246 -50.03665 NaN NaN NaN 22.14210 -154.49985 20.20179 -52.79604 -192.43692 -79.45525
37121 0.60100 NaN NaN NaN 183.38989 -126.25532 2.05189 282.68393 -184.69496 -50.05997 NaN NaN NaN 22.49665 -154.14177 20.00863 -52.64721 -192.38416 -79.36331
37122 0.60933 NaN NaN NaN 183.42120 -126.28934 2.06310 282.70135 -184.71132 -50.07087 NaN NaN NaN 22.94601 -153.72740 19.78659 -52.53851 -192.36121 -79.24146
37123 0.61766 NaN NaN NaN 183.46219 -126.34877 2.06950 282.72632 -184.72740 -50.09328 NaN NaN NaN 23.43352 -153.28134 19.53259 -52.44910 -192.39476 -79.09794
37124 0.62600 NaN NaN NaN 183.48294 -126.37476 2.08704 282.75049 -184.75410 -50.10215 NaN NaN NaN 23.90827 -152.76837 19.18033 -52.34729 -192.42648 -78.86224
37125 0.63433 NaN NaN NaN 183.49623 -126.38512 2.09187 282.75821 -184.73776 -50.14034 NaN NaN NaN 24.40260 -152.27815 18.82982 -52.27925 -192.49715 -78.58649
37126 0.64266 NaN NaN NaN 183.52957 -126.38126 2.10379 282.78793 -184.76442 -50.13877 NaN NaN NaN 24.88060 -151.87000 18.50273 -52.26835 -192.56949 -78.33706
37127 0.65099 NaN NaN NaN 183.54971 -126.36118 2.13020 282.81274 -184.73407 -50.15020 NaN NaN NaN 25.30498 -151.50842 18.24522 -52.31346 -192.62227 -78.09708
37128 0.65932 NaN NaN NaN 183.59039 -126.36420 2.18468 282.83859 -184.70602 -50.17101 NaN NaN NaN 25.72131 -151.14459 17.82031 -52.39719 -192.73401 -77.90420
37129 0.66765 NaN NaN NaN 183.62723 -126.40874 2.22532 282.85638 -184.71075 -50.26913 NaN NaN NaN 26.17726 -150.72403 17.43136 -52.49010 -192.87585 -77.61756
37130 0.67598 NaN NaN NaN 183.64162 -126.45023 2.25825 282.86679 -184.73024 -50.32014 NaN NaN NaN 26.75605 -150.13965 17.02159 -52.62170 -193.09341 -77.08340
37131 0.68431 NaN NaN NaN 183.66125 -126.50808 2.28571 282.87485 -184.73772 -50.40474 NaN NaN NaN 27.44267 -149.46733 16.46677 -52.80713 -193.36798 -76.38869
37132 0.69265 NaN NaN NaN 183.67543 -126.53271 2.25858 282.89789 -184.74857 -50.45384 NaN NaN NaN 28.15766 -148.79726 15.86566 -52.97675 -193.71042 -75.82227
37133 0.70098 NaN NaN NaN 183.69673 -126.55595 2.23013 282.90024 -184.73175 -50.49226 NaN NaN NaN 28.80724 -148.10272 15.34790 -53.08793 -194.00800 -75.22987
37134 0.70931 NaN NaN NaN 183.69336 -126.52863 2.18145 282.90378 -184.74800 -50.50344 NaN NaN NaN 29.35220 -147.45074 14.71788 -53.20835 -194.21008 -74.74344
37135 0.71764 NaN NaN NaN 183.68819 -126.50228 2.15126 282.89749 -184.73067 -50.51093 NaN NaN NaN 29.87000 -146.92911 14.15050 -53.29783 -194.32980 -74.35020
37136 0.72597 NaN NaN NaN 183.67262 -126.48766 2.14476 282.89346 -184.71442 -50.51210 NaN NaN NaN 30.37836 -146.46841 13.69526 -53.37895 -194.44389 -74.01511
37137 0.73430 NaN NaN NaN 183.68361 -126.47804 2.11634 282.89197 -184.66595 -50.53041 NaN NaN NaN 30.81981 -146.06819 13.25071 -53.46065 -194.48167 -73.74515
37138 0.74263 NaN NaN NaN 183.71155 -126.45726 2.10056 282.90765 -184.66611 -50.53226 NaN NaN NaN 31.18033 -145.72923 12.80370 -53.52176 -194.54576 -73.56082
37139 0.75096 NaN NaN NaN 183.73178 -126.43623 2.09346 282.91519 -184.63310 -50.54147 NaN NaN NaN 31.45712 -145.41264 12.43660 -53.59119 -194.59081 -73.42010
37140 0.75930 NaN NaN NaN 183.74667 -126.43576 2.08342 282.94232 -184.63393 -50.55156 NaN NaN NaN 31.62198 -145.18216 12.18378 -53.61984 -194.58322 -73.34278
37141 0.76763 NaN NaN NaN 183.75136 -126.44088 2.08362 282.96585 -184.61462 -50.58459 NaN NaN NaN 31.69847 -145.02127 11.95802 -53.64128 -194.53935 -73.37219
37142 0.77596 NaN NaN NaN 183.79489 -126.42529 2.06687 283.01263 -184.59335 -50.60628 NaN NaN NaN 31.72387 -144.97868 11.83441 -53.59435 -194.45207 -73.49421
37143 0.78429 NaN NaN NaN 183.81816 -126.40698 2.06326 283.02481 -184.55786 -50.63725 NaN NaN NaN 31.67635 -144.97180 11.79813 -53.56676 -194.38989 -73.62982
37144 0.79262 NaN NaN NaN 183.86259 -126.40561 2.06567 283.05008 -184.53592 -50.64922 NaN NaN NaN 31.60942 -144.96979 11.81750 -53.54879 -194.27925 -73.74607
37145 0.80095 NaN NaN NaN 183.88751 -126.39629 2.06098 283.07077 -184.52058 -50.67171 NaN NaN NaN 31.54479 -144.89545 11.86210 -53.49984 -194.19116 -73.83555
37146 0.80928 NaN NaN NaN 183.92566 -126.39025 2.07132 283.09561 -184.51213 -50.67519 NaN NaN NaN 31.49965 -144.81795 11.93589 -53.43819 -194.14407 -73.87672
37147 0.81762 NaN NaN NaN 183.93661 -126.38388 2.10722 283.08679 -184.51022 -50.66142 NaN NaN NaN 31.43011 -144.75142 12.03048 -53.39960 -194.13622 -73.86669
37148 0.82595 NaN NaN NaN 183.95612 -126.36761 2.14367 283.09543 -184.51453 -50.64622 NaN NaN NaN 31.35521 -144.65704 12.12059 -53.32961 -194.16051 -73.83365
37149 0.83428 NaN NaN NaN 183.97169 -126.31207 2.15276 283.10294 -184.54008 -50.63544 NaN NaN NaN 31.28965 -144.54730 12.18237 -53.26037 -194.22667 -73.78239
37150 0.84261 NaN NaN NaN 183.96684 -126.32296 2.18910 283.09161 -184.53523 -50.62790 NaN NaN NaN 31.25979 -144.44835 12.25643 -53.23108 -194.27771 -73.70775
37151 0.85094 NaN NaN NaN 183.96364 -126.30860 2.21589 283.06381 -184.50351 -50.60402 NaN NaN NaN 31.21740 -144.29454 12.28037 -53.20705 -194.35309 -73.62959
37152 0.85927 NaN NaN NaN 183.95190 -126.29670 2.23513 283.05615 -184.48663 -50.58136 NaN NaN NaN 31.22239 -144.06888 12.28664 -53.16085 -194.47853 -73.43598
37153 0.86760 NaN NaN NaN 183.93433 -126.27134 2.23212 283.02704 -184.44386 -50.55996 NaN NaN NaN 31.29149 -143.88457 12.24360 -53.10728 -194.61319 -73.21332
37154 0.87593 NaN NaN NaN 183.91158 -126.27277 2.21275 283.02420 -184.44460 -50.56829 NaN NaN NaN 31.36019 -143.65445 12.19022 -53.08119 -194.75526 -73.03707
37155 0.88427 NaN NaN NaN 183.88838 -126.26154 2.17543 283.02100 -184.41315 -50.58390 NaN NaN NaN 31.43049 -143.43051 12.13660 -53.03558 -194.83432 -72.89799
37156 0.89260 NaN NaN NaN 183.88579 -126.28185 2.13543 283.05283 -184.41922 -50.62190 NaN NaN NaN 31.48797 -143.24226 12.07673 -52.94809 -194.91220 -72.82901
37157 0.90093 NaN NaN NaN 183.89481 -126.31005 2.10742 283.09320 -184.42963 -50.66291 NaN NaN NaN 31.49915 -143.11234 12.05750 -52.85397 -194.98158 -72.80959
37158 0.90926 NaN NaN NaN 183.91362 -126.34068 2.07521 283.12741 -184.38350 -50.75533 NaN NaN NaN 31.49448 -143.08459 12.08796 -52.75326 -195.02695 -72.83612
37159 0.91759 NaN NaN NaN 183.94827 -126.37392 2.07685 283.16592 -184.32620 -50.78847 NaN NaN NaN 31.45075 -143.05855 12.14197 -52.66768 -195.03511 -72.90845
37160 0.92592 NaN NaN NaN 183.98807 -126.38203 2.09472 283.20660 -184.28673 -50.83446 NaN NaN NaN 31.36726 -143.07552 12.21137 -52.58984 -195.03801 -72.98404
37161 0.93425 NaN NaN NaN 184.02556 -126.41006 2.11629 283.22974 -184.21710 -50.84927 NaN NaN NaN 31.29366 -143.09595 12.26203 -52.51943 -195.03938 -73.08474
37162 0.94258 NaN NaN NaN 184.06430 -126.41401 2.19340 283.25409 -184.17049 -50.88984 NaN NaN NaN 31.21486 -143.05655 12.30850 -52.47067 -195.06529 -73.15290
37163 0.95092 NaN NaN NaN 184.11713 -126.41193 2.28032 283.28085 -184.12016 -50.92562 NaN NaN NaN 31.14870 -143.02814 12.35292 -52.46436 -195.11240 -73.17519
37164 0.95925 NaN NaN NaN 184.19707 -126.38329 2.34433 283.30417 -184.08678 -50.97628 NaN NaN NaN 31.04127 -143.00932 12.39636 -52.45498 -195.18930 -73.15711
37165 0.96758 NaN NaN NaN 184.24696 -126.36720 2.44585 283.31647 -184.04579 -50.99359 NaN NaN NaN 30.89443 -142.97787 12.46205 -52.47688 -195.25505 -73.13255
37166 0.97591 NaN NaN NaN 184.30737 -126.36186 2.53691 283.33002 -184.03343 -51.01907 NaN NaN NaN 30.69235 -142.94983 12.55988 -52.50600 -195.31818 -73.09227
37167 0.98424 NaN NaN NaN 184.35706 -126.36028 2.62455 283.33398 -184.03064 -51.03376 NaN NaN NaN 30.56150 -142.90123 12.69031 -52.57434 -195.39149 -73.00918
37168 0.99257 NaN NaN NaN 184.43169 -126.35391 2.70446 283.32916 -184.00888 -51.09066 NaN NaN NaN 30.41459 -142.83282 12.76539 -52.64521 -195.42722 -72.95522
37169 1.00090 NaN NaN NaN 184.46301 -126.35696 2.82201 283.32458 -183.96042 -51.12049 NaN NaN NaN 30.30643 -142.73029 12.83036 -52.73831 -195.46674 -72.84493
37170 1.00924 NaN NaN NaN 184.50046 -126.36810 2.89583 283.31110 -183.94099 -51.14295 NaN NaN NaN 30.27266 -142.62000 12.80273 -52.82173 -195.52101 -72.75605
37171 1.01757 NaN NaN NaN 184.51883 -126.34880 2.91291 283.31894 -183.89549 -51.15255 NaN NaN NaN 30.25061 -142.41595 12.69625 -52.89722 -195.55421 -72.61241
37172 1.02590 NaN NaN NaN 184.53085 -126.33316 2.89814 283.30469 -183.87466 -51.15583 NaN NaN NaN 30.28274 -142.17671 12.57001 -52.95637 -195.55688 -72.46529
37173 1.03423 NaN NaN NaN 184.53659 -126.30208 2.87255 283.31339 -183.85577 -51.17119 NaN NaN NaN 30.35822 -141.93565 12.39610 -53.00821 -195.54735 -72.29658
37174 1.04256 NaN NaN NaN 184.55904 -126.22748 2.82085 283.30582 -183.84244 -51.18670 NaN NaN NaN 30.51467 -141.66774 12.24319 -53.04077 -195.54414 -72.08905
37175 1.05089 NaN NaN NaN 184.52960 -126.16256 2.72605 283.31210 -183.85249 -51.19594 NaN NaN NaN 30.70262 -141.36644 12.03505 -53.10056 -195.58022 -71.94402
37176 1.05922 NaN NaN NaN 184.52040 -126.10835 2.64126 283.30585 -183.85718 -51.22233 NaN NaN NaN 30.92146 -141.05859 11.77811 -53.09523 -195.58667 -71.71514
37177 1.06755 NaN NaN NaN 184.52460 -126.08508 2.60201 283.30035 -183.83513 -51.24763 NaN NaN NaN 31.12033 -140.73093 11.52200 -53.06841 -195.61827 -71.57273
37178 1.07589 NaN NaN NaN 184.54602 -126.06175 2.55865 283.31039 -183.84375 -51.27979 NaN NaN NaN 31.29864 -140.47516 11.26921 -53.04556 -195.58376 -71.43539
37179 1.08422 NaN NaN NaN 184.56017 -126.03810 2.52615 283.32520 -183.85359 -51.30489 NaN NaN NaN 31.40303 -140.27501 11.08634 -53.02226 -195.56407 -71.35983
37180 1.09255 NaN NaN NaN 184.59454 -126.07316 2.53333 283.34015 -183.89847 -51.34910 NaN NaN NaN 31.47206 -140.13638 10.98755 -52.99853 -195.56303 -71.30076
37181 1.10088 NaN NaN NaN 184.62270 -126.10921 2.55476 283.33569 -183.91992 -51.40071 NaN NaN NaN 31.52877 -140.05954 10.97051 -52.97470 -195.57376 -71.29442
37182 1.10921 NaN NaN NaN 184.67180 -126.17960 2.57087 283.33615 -183.94388 -51.46423 NaN NaN NaN 31.52730 -140.02026 10.98951 -52.94341 -195.58125 -71.27283
37183 1.11754 NaN NaN NaN 184.72302 -126.22746 2.57539 283.34543 -183.99031 -51.53478 NaN NaN NaN 31.50655 -139.98688 11.04391 -52.94921 -195.56204 -71.28593
37184 1.12587 NaN NaN NaN 184.75874 -126.25723 2.59852 283.33316 -184.02095 -51.61200 NaN NaN NaN 31.44489 -139.99171 11.17292 -52.97854 -195.51831 -71.18628
37185 1.13420 NaN NaN NaN 184.77403 -126.25313 2.62347 283.32779 -184.03030 -51.65730 NaN NaN NaN 31.34756 -140.00235 11.29595 -53.02498 -195.52290 -71.12738
37186 1.14254 NaN NaN NaN 184.79602 -126.26353 2.64200 283.30121 -184.04175 -51.71931 NaN NaN NaN 31.27097 -140.02586 11.43977 -53.07660 -195.55521 -71.05296
37187 1.15087 NaN NaN NaN 184.81868 -126.28106 2.67236 283.29449 -184.06889 -51.74296 NaN NaN NaN 31.10349 -140.01059 11.58360 -53.13039 -195.59096 -70.92359
37188 1.15920 NaN NaN NaN 184.81285 -126.31184 2.69545 283.26645 -184.09180 -51.75344 NaN NaN NaN 30.99360 -139.98190 11.69157 -53.27035 -195.67583 -70.74306
37189 1.16753 NaN NaN NaN 184.81920 -126.32275 2.72064 283.23969 -184.11426 -51.77687 NaN NaN NaN 30.93561 -139.95384 11.74655 -53.45648 -195.83498 -70.52595
37190 1.17586 NaN NaN NaN 184.82011 -126.33987 2.75016 283.21130 -184.14801 -51.80649 NaN NaN NaN 30.91570 -139.87915 11.71677 -53.65882 -195.99895 -70.18381
37191 1.18419 NaN NaN NaN 184.84795 -126.36002 2.78682 283.20102 -184.18346 -51.83900 NaN NaN NaN 30.90935 -139.75266 11.66768 -53.87411 -196.18184 -69.79673
37192 1.19252 NaN NaN NaN 184.89308 -126.38850 2.85084 283.18069 -184.21387 -51.84067 NaN NaN NaN 30.90024 -139.64308 11.61797 -54.11764 -196.35794 -69.44824
37193 1.20086 NaN NaN NaN 184.92902 -126.43693 2.94032 283.16840 -184.21884 -51.86580 NaN NaN NaN 30.88244 -139.55615 11.55343 -54.37536 -196.54106 -69.08877
37194 1.20919 NaN NaN NaN 184.96831 -126.49337 3.01472 283.15097 -184.22583 -51.91741 NaN NaN NaN 30.85743 -139.47943 11.44007 -54.60931 -196.72864 -68.72916
37195 1.21752 NaN NaN NaN 184.99118 -126.54995 3.10368 283.13361 -184.23477 -51.99762 NaN NaN NaN 30.84399 -139.41321 11.32398 -54.84377 -196.93134 -68.38744
37196 1.22585 NaN NaN NaN 185.07108 -126.61381 3.18631 283.13638 -184.27960 -52.09684 NaN NaN NaN 30.86644 -139.34486 11.24391 -55.01458 -197.08963 -68.11412
37197 1.23418 NaN NaN NaN 185.15555 -126.67471 3.25041 283.13638 -184.33487 -52.19187 NaN NaN NaN 30.83569 -139.30060 11.16609 -55.19963 -197.24374 -67.85580
37198 1.24251 NaN NaN NaN 185.23784 -126.72987 3.39966 283.14114 -184.37727 -52.26258 NaN NaN NaN 30.78895 -139.24197 11.11833 -55.32055 -197.37201 -67.66282
37199 1.25084 NaN NaN NaN 185.34163 -126.72413 3.47551 283.16986 -184.37444 -52.33015 NaN NaN NaN 30.75483 -139.17564 11.02899 -55.41552 -197.47295 -67.52202
37200 1.25917 NaN NaN NaN 185.46274 -126.85887 3.66111 283.21933 -184.35092 -52.41237 NaN NaN NaN 30.76819 -139.12337 10.95853 -55.44684 -197.60110 -67.35174
37201 1.26751 NaN NaN NaN 185.63678 -127.01115 3.80332 283.27594 -184.36140 -52.51885 NaN NaN NaN 30.80444 -139.04002 10.92986 -55.43732 -197.65726 -67.23499
37202 1.27584 NaN NaN NaN 185.77875 -127.14722 3.92039 283.31107 -184.37048 -52.62677 NaN NaN NaN 30.83384 -138.96326 10.94639 -55.36223 -197.69423 -67.21416
37203 1.28417 NaN NaN NaN 185.94495 -127.23132 4.04721 283.33676 -184.35910 -52.77163 NaN NaN NaN 30.85918 -138.89406 10.97994 -55.26473 -197.70714 -67.24524
37204 1.29250 NaN NaN NaN 186.06366 -127.26678 4.13541 283.39923 -184.39568 -52.88932 NaN NaN NaN 30.87199 -138.77829 11.04173 -55.13156 -197.67296 -67.28771
37205 1.30083 NaN NaN NaN 186.22069 -127.42017 4.34121 283.45743 -184.40665 -53.00051 NaN NaN NaN 30.86160 -138.64420 11.11821 -54.97411 -197.60463 -67.34333
37206 1.30916 NaN NaN NaN 186.34514 -127.51051 4.48310 283.50345 -184.45525 -53.12540 NaN NaN NaN 30.85689 -138.49425 11.20907 -54.78780 -197.56804 -67.36093
37207 1.31749 NaN NaN NaN 186.45953 -127.56534 4.58259 283.56033 -184.43968 -53.22674 NaN NaN NaN 30.86171 -138.33368 11.32698 -54.59310 -197.51712 -67.37663
37208 1.32582 NaN NaN NaN 186.63423 -127.57919 4.73765 283.59814 -184.40610 -53.28783 NaN NaN NaN 30.85269 -138.19902 11.49438 -54.42237 -197.47627 -67.38980
37209 1.33416 NaN NaN NaN 186.81395 -127.61407 4.88178 283.60806 -184.41789 -53.33820 NaN NaN NaN 30.80579 -138.06250 11.61318 -54.21873 -197.43504 -67.39482
37210 1.34249 NaN NaN NaN 186.93753 -127.70565 5.01586 283.63074 -184.38567 -53.41788 NaN NaN NaN 30.72193 -137.95694 11.77179 -54.04170 -197.35083 -67.43395
37211 1.35082 NaN NaN NaN 187.05269 -127.70049 5.11914 283.66840 -184.39296 -53.49086 NaN NaN NaN 30.55535 -137.93210 12.09434 -53.81380 -197.27196 -67.70296
37212 1.35915 NaN NaN NaN 187.15227 -127.65375 5.17839 283.70004 -184.38678 -53.54906 NaN NaN NaN 30.21148 -138.07634 12.60671 -53.58239 -197.11360 -68.13838
37213 1.36748 NaN NaN NaN 187.21024 -127.59684 5.20860 283.72244 -184.34123 -53.57498 NaN NaN NaN 29.68127 -138.52054 13.23047 -53.30432 -196.83849 -68.75124
37214 1.37581 NaN NaN NaN 187.25967 -127.50829 5.24304 283.72638 -184.29849 -53.57504 NaN NaN NaN 29.02719 -139.13084 13.98683 -53.02249 -196.59946 -69.54758
37215 1.38414 NaN NaN NaN 187.26350 -127.43592 5.24614 283.72205 -184.25763 -53.56354 NaN NaN NaN 28.32119 -139.76535 14.85100 -52.67914 -196.19531 -70.36999
37216 1.39247 NaN NaN NaN 187.23921 -127.38790 5.19258 283.70087 -184.22823 -53.55390 NaN NaN NaN 27.50331 -140.43611 15.72217 -52.28918 -195.81259 -71.36030
37217 1.40081 NaN NaN NaN 187.21910 -127.32150 5.17264 283.66745 -184.18086 -53.54561 NaN NaN NaN 26.67923 -141.16106 16.57805 -51.90716 -195.36444 -72.28250
37218 1.40914 NaN NaN NaN 187.18338 -127.24769 5.13797 283.64069 -184.19594 -53.52411 NaN NaN NaN 25.81795 -142.00836 17.43045 -51.54301 -194.92252 -73.23150
37219 1.41747 NaN NaN NaN 187.14531 -127.17278 5.09694 283.59305 -184.19106 -53.48046 NaN NaN NaN 24.97225 -142.78195 18.25973 -51.18715 -194.48933 -74.12628
37220 1.42580 NaN NaN NaN 187.10643 -127.11842 5.01587 283.56461 -184.20036 -53.42361 NaN NaN NaN 24.18551 -143.53923 18.96131 -50.86878 -194.05167 -74.97459
37221 1.43413 NaN NaN NaN 187.02887 -127.04868 4.92649 283.53989 -184.15977 -53.37698 NaN NaN NaN 23.52466 -144.16815 19.52960 -50.63440 -193.68118 -75.56165
37222 1.44246 NaN NaN NaN 186.94420 -126.97646 4.83884 283.52286 -184.16527 -53.35987 NaN NaN NaN 23.08463 -144.57988 19.86953 -50.54256 -193.41495 -75.89660
37223 1.45079 NaN NaN NaN 186.86710 -126.86895 4.76052 283.49374 -184.11961 -53.34968 NaN NaN NaN 22.99312 -144.64481 20.04189 -50.59278 -193.33502 -75.85508
37224 1.45913 NaN NaN NaN 186.82127 -126.78960 4.67857 283.47498 -184.12485 -53.33655 NaN NaN NaN 23.19143 -144.43478 20.07826 -50.76248 -193.40495 -75.52586
37225 1.46746 NaN NaN NaN 186.80351 -126.77899 4.67331 283.46957 -184.11949 -53.33310 NaN NaN NaN 23.69841 -143.91150 19.92576 -51.04096 -193.54770 -74.74860
37226 1.47579 NaN NaN NaN 186.80399 -126.82641 4.64892 283.46472 -184.13623 -53.35720 NaN NaN NaN 24.39263 -143.16731 19.61856 -51.38074 -193.79947 -73.67066
37227 1.48412 NaN NaN NaN 186.81361 -126.92017 4.63435 283.46710 -184.15164 -53.39997 NaN NaN NaN 25.25839 -142.18768 19.19033 -51.73335 -194.04437 -72.36519
37228 1.49245 NaN NaN NaN 186.83044 -127.04404 4.64959 283.52441 -184.23906 -53.48800 NaN NaN NaN 26.30971 -141.07980 18.63874 -52.06314 -194.23628 -70.95668
37229 1.50078 NaN NaN NaN 186.87997 -127.21896 4.66279 283.57245 -184.30833 -53.58130 NaN NaN NaN 27.53560 -139.85854 17.98354 -52.37958 -194.40424 -69.43271
37230 1.50911 NaN NaN NaN 186.95686 -127.48386 4.72096 283.65732 -184.33102 -53.73475 NaN NaN NaN 28.81437 -138.55003 17.20449 -52.64991 -194.55710 -67.87765
37231 1.51744 NaN NaN NaN 187.02110 -127.74300 4.77793 283.70013 -184.41620 -53.84770 NaN NaN NaN 30.21249 -137.15521 16.29612 -52.82978 -194.63762 -66.32093
37232 1.52578 NaN NaN NaN 187.14848 -128.01060 4.81936 283.79388 -184.53412 -54.04697 NaN NaN NaN 31.67266 -135.70372 15.15544 -52.94302 -194.63208 -64.65538
37233 1.53411 NaN NaN NaN 187.28331 -128.25346 4.91228 283.86356 -184.64406 -54.19044 NaN NaN NaN 33.19280 -134.19133 13.93122 -52.96374 -194.55653 -63.14254
37234 1.54244 NaN NaN NaN 187.40694 -128.52879 5.03437 283.92172 -184.73587 -54.35489 NaN NaN NaN 34.72655 -132.66805 12.57399 -52.96851 -194.48157 -61.57185
37235 1.55077 NaN NaN NaN 187.56546 -128.86800 5.16219 283.99417 -184.79529 -54.47013 NaN NaN NaN 36.23194 -131.15668 11.03001 -52.93816 -194.39952 -60.05516
37236 1.55910 NaN NaN NaN 187.73573 -129.15492 5.33638 284.09744 -184.81400 -54.71338 NaN NaN NaN 37.70799 -129.66563 9.49365 -52.86124 -194.34283 -58.60571
37237 1.56743 NaN NaN NaN 187.91843 -129.38347 5.51483 284.20471 -184.88567 -54.87736 NaN NaN NaN 39.13257 -128.17018 7.83893 -52.73239 -194.22072 -57.08010
37238 1.57576 NaN NaN NaN 188.14098 -129.65314 5.79258 284.30270 -184.94975 -54.96539 NaN NaN NaN 40.46707 -126.76526 6.19091 -52.56795 -194.10738 -55.62248
37239 1.58409 NaN NaN NaN 188.34279 -129.88109 6.02281 284.38940 -185.00951 -55.11135 NaN NaN NaN 41.81115 -125.42454 4.53852 -52.40588 -193.96729 -54.09893
37240 1.59243 NaN NaN NaN 188.53880 -130.04440 6.21541 284.45215 -185.05365 -55.19107 NaN NaN NaN 43.01787 -124.17831 2.84779 -52.21946 -193.85252 -52.74791
37241 1.60076 NaN NaN NaN 188.75150 -130.22905 6.43997 284.50369 -185.05663 -55.27323 NaN NaN NaN 44.09974 -123.05692 1.23161 -52.01335 -193.74002 -51.51958
37242 1.60909 NaN NaN NaN 188.92322 -130.40500 6.63269 284.59686 -185.09651 -55.42097 NaN NaN NaN 45.08725 -122.04665 -0.27712 -51.79818 -193.60268 -50.46509
37243 1.61742 NaN NaN NaN 189.06960 -130.58891 6.80712 284.57632 -185.39751 -55.53918 NaN NaN NaN 45.94368 -121.13640 -1.65209 -51.54388 -193.46132 -49.52807
37244 1.62575 NaN NaN NaN 189.20863 -130.69627 6.96232 284.57889 -185.57018 -55.62710 NaN NaN NaN 46.71442 -120.36575 -2.88807 -51.24730 -193.37059 -48.77625
37245 1.63408 NaN NaN NaN 189.30739 -130.76869 7.04256 284.65451 -185.41692 -55.67265 NaN NaN NaN 47.39732 -119.69040 -3.95555 -50.92474 -193.23671 -48.17300
37246 1.64241 NaN NaN NaN 189.33588 -130.86296 7.13455 284.66901 -185.22206 -55.73853 NaN NaN NaN 48.02475 -119.18288 -4.85650 -50.58203 -193.10857 -47.71147
37247 1.65075 NaN NaN NaN 189.32501 -130.86432 7.15779 284.64624 -185.13712 -55.78788 NaN NaN NaN 48.55613 -118.69396 -5.64762 -50.28146 -192.94318 -47.38882
37248 1.65908 NaN NaN NaN 189.25858 -130.81859 7.15227 284.60199 -185.05377 -55.79441 NaN NaN NaN 49.00483 -118.29540 -6.23751 -49.94597 -192.79807 -47.19911
37249 1.66741 NaN NaN NaN 189.18198 -130.73964 7.13272 284.52979 -185.07950 -55.74222 NaN NaN NaN 49.39554 -117.92510 -6.79686 -49.64521 -192.66777 -47.02044
37250 1.67574 NaN NaN NaN 189.10478 -130.67979 7.11313 284.51883 -184.97798 -55.73493 NaN NaN NaN 49.77309 -117.60733 -7.20466 -49.33643 -192.60939 -46.89358
37251 1.68407 NaN NaN NaN 189.01134 -130.56818 7.10011 284.42606 -184.90752 -55.68684 NaN NaN NaN 50.13451 -117.34266 -7.50024 -49.05634 -192.53339 -46.77876
37252 1.69240 NaN NaN NaN 188.91226 -130.45668 7.09191 284.35626 -184.86096 -55.64408 NaN NaN NaN 50.43701 -117.03419 -7.75593 -48.72715 -192.50162 -46.66007
37253 1.70073 NaN NaN NaN 188.85071 -130.36136 7.09087 284.27396 -184.84584 -55.58639 NaN NaN NaN 50.72402 -116.72893 -7.95417 -48.42377 -192.41972 -46.47126
37254 1.70906 NaN NaN NaN 188.78850 -130.29341 7.10932 284.19867 -184.73274 -55.60187 NaN NaN NaN 51.00552 -116.45916 -8.09486 -48.10883 -192.35567 -46.26056
37255 1.71740 NaN NaN NaN 188.74748 -130.20880 7.12351 284.15045 -184.64421 -55.63214 NaN NaN NaN 51.27776 -116.21639 -8.21267 -47.83532 -192.32738 -46.02888
37256 1.72573 NaN NaN NaN 188.72551 -130.18617 7.12941 284.10733 -184.58345 -55.66237 NaN NaN NaN 51.52777 -116.00127 -8.27323 -47.58906 -192.26738 -45.79554
37257 1.73406 NaN NaN NaN 188.71864 -130.14211 7.14708 284.04068 -184.50392 -55.65157 NaN NaN NaN 51.77571 -115.80925 -8.30194 -47.33849 -192.28482 -45.60880
37258 1.74239 NaN NaN NaN 188.69086 -130.10164 7.18080 284.00403 -184.47450 -55.65959 NaN NaN NaN 51.94161 -115.68366 -8.27087 -47.10512 -192.32568 -45.49124
37259 1.75072 NaN NaN NaN 188.67316 -130.05455 7.15984 283.96451 -184.43745 -55.68032 NaN NaN NaN 52.11174 -115.62761 -8.19561 -46.93276 -192.36362 -45.38870
37260 1.75905 NaN NaN NaN 188.62167 -130.00635 7.12712 283.94604 -184.44443 -55.66153 NaN NaN NaN 52.27494 -115.57780 -8.08269 -46.72714 -192.44461 -45.34214
37261 1.76738 NaN NaN NaN 188.54561 -129.94238 7.08108 283.90997 -184.41466 -55.60447 NaN NaN NaN 52.46633 -115.48392 -8.12664 -46.56149 -192.34718 -45.12922
37262 1.77571 NaN NaN NaN 188.43553 -129.81543 7.00070 283.86203 -184.43965 -55.50288 NaN NaN NaN 52.74850 -115.28506 -8.39178 -46.36244 -192.20161 -44.69656
37263 1.78405 NaN NaN NaN 188.31671 -129.72867 6.91061 283.81561 -184.44098 -55.38922 NaN NaN NaN 53.03818 -115.01962 -8.70876 -46.18003 -192.14096 -44.15230
37264 1.79238 NaN NaN NaN 188.22275 -129.67055 6.81983 283.76688 -184.43060 -55.36889 NaN NaN NaN 53.31791 -114.73555 -9.12612 -46.08323 -192.12953 -43.44670
37265 1.80071 NaN NaN NaN 188.16240 -129.59042 6.72469 283.74579 -184.36836 -55.38062 NaN NaN NaN 53.63085 -114.40646 -9.55898 -45.97831 -192.17366 -42.63375
37266 1.80904 NaN NaN NaN 188.09291 -129.56442 6.63112 283.70685 -184.35181 -55.36714 NaN NaN NaN 53.88556 -114.08871 -10.01559 -45.91198 -192.22331 -41.77063
37267 1.81737 NaN NaN NaN 188.03545 -129.57893 6.56207 283.69254 -184.29755 -55.45034 NaN NaN NaN 54.09264 -113.78020 -10.54666 -45.86946 -192.27246 -41.04739
37268 1.82570 NaN NaN NaN 188.03084 -129.65451 6.53649 283.70258 -184.26950 -55.60678 NaN NaN NaN 54.24744 -113.51146 -11.04080 -45.78815 -192.26714 -40.41646
37269 1.83403 NaN NaN NaN 188.08553 -129.74641 6.55222 283.78928 -184.23758 -55.73894 NaN NaN NaN 54.41756 -113.23762 -11.38092 -45.71632 -192.24895 -39.92379
37270 1.84237 NaN NaN NaN 188.17140 -129.90851 6.63638 283.85651 -184.18025 -55.90156 NaN NaN NaN 54.54036 -112.98650 -11.60107 -45.60513 -192.26869 -39.48573
37271 1.85070 NaN NaN NaN 188.24808 -130.01512 6.69083 283.90219 -184.15268 -55.98589 NaN NaN NaN 54.65683 -112.71946 -11.81320 -45.48181 -192.19325 -39.24553
37272 1.85903 NaN NaN NaN 188.31609 -130.10846 6.76340 283.90079 -184.25177 -55.90364 NaN NaN NaN 54.72543 -112.52467 -12.01989 -45.35278 -192.13203 -39.08113
37273 1.86736 NaN NaN NaN 188.38049 -130.16531 6.87606 283.92822 -184.31508 -55.85699 NaN NaN NaN 54.84790 -112.24719 -12.04436 -45.18473 -192.00063 -39.06786
37274 1.87569 NaN NaN NaN 188.44766 -130.17346 6.93952 283.95728 -184.31665 -55.83713 NaN NaN NaN 54.96703 -111.97659 -12.18096 -44.96740 -191.86230 -39.05383
37275 1.88402 NaN NaN NaN 188.52704 -130.13600 6.99976 283.98602 -184.28691 -55.82705 NaN NaN NaN 55.10274 -111.72288 -12.37834 -44.71653 -191.71594 -38.99958
37276 1.89235 NaN NaN NaN 188.57076 -130.10423 7.06364 283.93320 -184.56131 -55.82602 NaN NaN NaN 55.28680 -111.40410 -12.54783 -44.46346 -191.58617 -38.89594
37277 1.90068 NaN NaN NaN 188.57875 -130.02577 7.07858 283.90439 -184.70168 -55.78271 NaN NaN NaN 55.51942 -111.04700 -12.68125 -44.20972 -191.42790 -38.75293
37278 1.90902 NaN NaN NaN 188.56406 -129.98178 7.07106 283.91028 -184.77397 -55.69252 NaN NaN NaN 55.75922 -110.72289 -12.82215 -43.94648 -191.26163 -38.59056
37279 1.91735 NaN NaN NaN 188.54315 -129.92661 7.03106 284.01004 -184.39526 -55.71417 NaN NaN NaN 55.91840 -110.35487 -13.04568 -43.69962 -191.05968 -38.40560
37280 1.92568 NaN NaN NaN 188.54121 -129.87860 6.97937 284.05542 -184.15683 -55.73298 NaN NaN NaN 56.12931 -110.00288 -13.35403 -43.46975 -190.93428 -38.22159
37281 1.93401 NaN NaN NaN 188.50633 -129.85529 6.91911 284.05008 -184.02701 -55.77147 NaN NaN NaN 56.30356 -109.71878 -13.51145 -43.24091 -190.83705 -38.05418
37282 1.94234 NaN NaN NaN 188.51399 -129.83333 6.88034 283.98743 -184.31783 -55.73340 NaN NaN NaN 56.42458 -109.50982 -13.67308 -43.02760 -190.76851 -37.94338
37283 1.95067 NaN NaN NaN 188.54205 -129.83253 6.86070 283.97665 -184.57869 -55.77456 NaN NaN NaN 56.55650 -109.33818 -13.78770 -42.87090 -190.68916 -37.85700
37284 1.95900 NaN NaN NaN 188.61969 -129.84357 6.87422 283.99945 -184.74783 -55.77011 NaN NaN NaN 56.70349 -109.22498 -13.90309 -42.73867 -190.64384 -37.78081
37285 1.96733 NaN NaN NaN 188.69264 -129.85815 6.91061 284.02081 -184.76462 -55.78191 NaN NaN NaN 56.77234 -109.13144 -14.06409 -42.64704 -190.61151 -37.72892
37286 1.97567 NaN NaN NaN 188.76515 -129.89595 6.94840 284.07095 -184.70860 -55.85211 NaN NaN NaN 56.84007 -109.11428 -14.16163 -42.64566 -190.82674 -37.55026
37287 1.98400 NaN NaN NaN 188.84442 -129.91219 7.02403 284.20087 -184.26913 -55.91022 NaN NaN NaN 56.92275 -109.07498 -14.33809 -42.64138 -190.97154 -37.39330
37288 1.99233 NaN NaN NaN 188.92836 -129.94711 7.06777 284.20624 -184.35196 -55.96640 NaN NaN NaN 56.99224 -109.02385 -14.56893 -42.59491 -190.92542 -37.12618
37289 2.00066 NaN NaN NaN 189.02614 -129.95482 7.10366 284.28009 -184.09409 -56.08052 NaN NaN NaN 57.03629 -108.97539 -14.75718 -42.54673 -190.85327 -36.86882
37290 2.00899 NaN NaN NaN 189.10007 -129.94838 7.10144 284.33636 -184.00906 -56.14968 NaN NaN NaN 57.08290 -108.93299 -14.93395 -42.51775 -190.79552 -36.64069
37291 2.01732 NaN NaN NaN 189.16547 -129.96617 7.08668 284.28464 -184.31966 -56.12185 NaN NaN NaN 57.09341 -108.90708 -15.09667 -42.54233 -190.82355 -36.43239
37292 2.02565 NaN NaN NaN 189.22443 -129.98996 7.09033 284.35483 -184.22351 -56.19187 NaN NaN NaN 57.06021 -108.91992 -15.14993 -42.58188 -190.88701 -36.23828
37293 2.03398 NaN NaN NaN 189.26514 -130.02234 7.07789 284.34351 -184.52100 -56.23526 NaN NaN NaN 56.98194 -109.01233 -15.12021 -42.62469 -191.00136 -36.00859
37294 2.04232 NaN NaN NaN 189.29890 -130.03653 7.06748 284.40253 -184.31749 -56.36988 NaN NaN NaN 56.87090 -109.15087 -15.02314 -42.69524 -191.13869 -35.90430
37295 2.05065 NaN NaN NaN 189.32397 -130.04161 7.03759 284.43994 -184.15674 -56.47980 NaN NaN NaN 56.73301 -109.34675 -14.87228 -42.81370 -191.27484 -35.85947
37296 2.05898 NaN NaN NaN 189.33571 -130.01132 7.01417 284.43304 -184.03819 -56.58187 NaN NaN NaN 56.60802 -109.51791 -14.71094 -42.94742 -191.39471 -35.88063
37297 2.06731 NaN NaN NaN 189.35094 -130.01244 7.00249 284.42975 -183.99126 -56.59756 NaN NaN NaN 56.46905 -109.72093 -14.52515 -43.06456 -191.52298 -35.94349
37298 2.07564 NaN NaN NaN 189.36607 -130.01308 7.01504 284.41077 -184.02011 -56.61445 NaN NaN NaN 56.36008 -109.90495 -14.38130 -43.16696 -191.62892 -35.93880
37299 2.08397 NaN NaN NaN 189.41156 -130.03540 7.03828 284.41394 -184.08372 -56.60539 NaN NaN NaN 56.25167 -110.00952 -14.25902 -43.27850 -191.73782 -35.84365
37300 2.09230 NaN NaN NaN 189.44005 -130.05368 7.06127 284.41727 -184.14694 -56.58915 NaN NaN NaN 56.17880 -110.08407 -14.23891 -43.36473 -191.82840 -35.70580
37301 2.10064 NaN NaN NaN 189.46695 -130.09056 7.10548 284.41379 -184.20326 -56.58590 NaN NaN NaN 56.11369 -110.13386 -14.35640 -43.40930 -191.92456 -35.48032
37302 2.10897 NaN NaN NaN 189.49895 -130.14514 7.16082 284.43314 -184.21477 -56.58585 NaN NaN NaN 56.08016 -110.12154 -14.55009 -43.43725 -192.00774 -35.22343
37303 2.11730 NaN NaN NaN 189.54333 -130.17982 7.22697 284.43860 -184.23909 -56.62453 NaN NaN NaN 56.04470 -110.01537 -14.72407 -43.46779 -192.11214 -34.92228
37304 2.12563 NaN NaN NaN 189.60086 -130.24986 7.26436 284.47769 -184.26971 -56.66216 NaN NaN NaN 56.01669 -109.93993 -14.85791 -43.45361 -192.19891 -34.73752
37305 2.13396 NaN NaN NaN 189.66376 -130.32693 7.26896 284.40744 -184.52576 -56.65980 NaN NaN NaN 55.94997 -109.89310 -15.00925 -43.45658 -192.29778 -34.66278
37306 2.14229 NaN NaN NaN 189.72403 -130.42181 7.30447 284.46637 -184.50546 -56.73851 NaN NaN NaN 55.90812 -109.89078 -15.08942 -43.42423 -192.37843 -34.67760
37307 2.15062 NaN NaN NaN 189.78320 -130.46498 7.32720 284.48834 -184.46930 -56.80045 NaN NaN NaN 55.82037 -109.93870 -15.12625 -43.38594 -192.43524 -34.74226
37308 2.15895 NaN NaN NaN 189.80954 -130.47304 7.34857 284.45926 -184.60280 -56.85883 NaN NaN NaN 55.78121 -109.93992 -15.19151 -43.33204 -192.50252 -34.83405
37309 2.16729 NaN NaN NaN 189.86292 -130.49289 7.37502 284.44608 -184.71858 -56.86033 NaN NaN NaN 55.77496 -109.88843 -15.25324 -43.24186 -192.58098 -34.95241
37310 2.17562 NaN NaN NaN 189.88237 -130.51981 7.42029 284.43613 -184.81200 -56.85541 NaN NaN NaN 55.79502 -109.78816 -15.36264 -43.13603 -192.62297 -35.07642
37311 2.18395 NaN NaN NaN 189.90994 -130.51781 7.41861 284.43109 -184.90323 -56.86340 NaN NaN NaN 55.84132 -109.62836 -15.54830 -42.97778 -192.65025 -35.15282
37312 2.19228 NaN NaN NaN 189.91229 -130.55937 7.46594 284.42047 -185.00369 -56.86086 NaN NaN NaN 55.91583 -109.46030 -15.78281 -42.76389 -192.64534 -35.16051
37313 2.20061 NaN NaN NaN 189.97057 -130.58691 7.48843 284.43320 -185.04591 -56.88934 NaN NaN NaN 55.97576 -109.27643 -15.95117 -42.58821 -192.62262 -35.12626
37314 2.20894 NaN NaN NaN 190.00131 -130.63741 7.54898 284.42361 -185.08072 -56.89663 NaN NaN NaN 56.08188 -109.09908 -16.08251 -42.43507 -192.61681 -35.10161
37315 2.21727 NaN NaN NaN 190.09200 -130.67418 7.59492 284.45950 -185.00185 -56.95586 NaN NaN NaN 56.17199 -108.98057 -16.20133 -42.29345 -192.63310 -35.12772
37316 2.22560 NaN NaN NaN 190.16258 -130.75351 7.68081 284.53427 -184.77998 -57.04183 NaN NaN NaN 56.25010 -108.89184 -16.29009 -42.15771 -192.67224 -35.18742
37317 2.23394 NaN NaN NaN 190.24844 -130.81444 7.75432 284.56873 -184.75537 -57.12629 NaN NaN NaN 56.27113 -108.86565 -16.34989 -42.04616 -192.70676 -35.30597
37318 2.24227 NaN NaN NaN 190.32417 -130.86583 7.82876 284.57480 -184.77719 -57.19777 NaN NaN NaN 56.29297 -108.83186 -16.39186 -41.96485 -192.76256 -35.39830
37319 2.25060 NaN NaN NaN 190.38695 -130.90001 7.88801 284.55161 -184.86984 -57.20699 NaN NaN NaN 56.29150 -108.79531 -16.46746 -41.85881 -192.82466 -35.42641
37320 2.25893 NaN NaN NaN 190.47200 -130.91713 7.95329 284.54108 -184.96457 -57.22639 NaN NaN NaN 56.28889 -108.74251 -16.57504 -41.76934 -192.85596 -35.40387
37321 2.26726 NaN NaN NaN 190.57733 -130.94238 8.01278 284.55109 -185.05383 -57.23890 NaN NaN NaN 56.29248 -108.66380 -16.72764 -41.69815 -192.89174 -35.30582
37322 2.27559 NaN NaN NaN 190.65001 -130.97958 8.08363 284.59879 -184.86517 -57.29777 NaN NaN NaN 56.31524 -108.57444 -17.07008 -41.61918 -192.93463 -35.12611
37323 2.28392 NaN NaN NaN 190.71339 -130.99315 8.15654 284.63406 -184.71991 -57.39381 NaN NaN NaN 56.31466 -108.51596 -17.30343 -41.57335 -192.99652 -34.97910
37324 2.29226 NaN NaN NaN 190.76433 -131.01381 8.22124 284.64423 -184.59171 -57.46730 NaN NaN NaN 56.31538 -108.40166 -17.49400 -41.52715 -193.06641 -34.73063
37325 2.30059 NaN NaN NaN 190.81328 -130.99162 8.28504 284.65662 -184.53896 -57.50300 NaN NaN NaN 56.33943 -108.27234 -17.72355 -41.49845 -193.11009 -34.47918
37326 2.30892 NaN NaN NaN 190.86388 -131.01414 8.34412 284.67163 -184.50694 -57.52692 NaN NaN NaN 56.35676 -108.05338 -18.12057 -41.41265 -193.10535 -34.13106
37327 2.31725 NaN NaN NaN 190.94826 -131.01163 8.38906 284.59079 -184.79927 -57.43449 NaN NaN NaN 56.35179 -107.82386 -18.47175 -41.30578 -193.08337 -33.73530
37328 2.32558 NaN NaN NaN 191.05927 -131.00854 8.48183 284.66058 -184.72392 -57.52211 NaN NaN NaN 56.40119 -107.59914 -18.85784 -41.18385 -193.06317 -33.36245
37329 2.33391 NaN NaN NaN 191.13304 -131.02553 8.54819 284.69534 -184.67076 -57.61139 NaN NaN NaN 56.44354 -107.41838 -19.22102 -41.05611 -193.04549 -33.04623
37330 2.34224 NaN NaN NaN 191.23128 -131.06924 8.61476 284.74792 -184.55685 -57.68009 NaN NaN NaN 56.51458 -107.20897 -19.54959 -40.90567 -193.00037 -32.72786
37331 2.35057 NaN NaN NaN 191.34555 -131.06720 8.69069 284.77432 -184.43716 -57.77903 NaN NaN NaN 56.54036 -106.97285 -19.80865 -40.78161 -192.93822 -32.51405
37332 2.35891 NaN NaN NaN 191.43161 -131.06889 8.75334 284.80798 -184.38081 -57.85784 NaN NaN NaN 56.63924 -106.77577 -20.02967 -40.66812 -192.87296 -32.41394
37333 2.36724 NaN NaN NaN 191.54706 -131.02982 8.83592 284.83524 -184.37860 -57.90432 NaN NaN NaN 56.68996 -106.58904 -20.20112 -40.57455 -192.76794 -32.34906
37334 2.37557 NaN NaN NaN 191.67882 -131.01019 8.89436 284.86081 -184.40189 -57.95013 NaN NaN NaN 56.75595 -106.46979 -20.34959 -40.50438 -192.70041 -32.27951
37335 2.38390 NaN NaN NaN 191.76823 -130.99681 8.94833 284.86685 -184.39719 -57.96872 NaN NaN NaN 56.81546 -106.44046 -20.39460 -40.48639 -192.60672 -32.26196
37336 2.39223 NaN NaN NaN 191.85280 -131.00014 8.98907 284.89661 -184.40005 -57.98165 NaN NaN NaN 56.86243 -106.44312 -20.38733 -40.48942 -192.56783 -32.29747
37337 2.40056 NaN NaN NaN 191.90771 -130.97211 8.99900 284.92075 -184.36775 -58.00938 NaN NaN NaN 56.85756 -106.48834 -20.35474 -40.51939 -192.55301 -32.35569
37338 2.40889 NaN NaN NaN 191.92262 -130.97090 9.02968 284.95035 -184.34735 -58.02952 NaN NaN NaN 56.83246 -106.54449 -20.35862 -40.57480 -192.54996 -32.42255
37339 2.41722 NaN NaN NaN 191.96417 -130.96393 9.05037 284.97940 -184.31633 -58.06461 NaN NaN NaN 56.83892 -106.62984 -20.33081 -40.64099 -192.54230 -32.43527
37340 2.42556 NaN NaN NaN 191.99376 -130.97406 9.08890 284.99359 -184.28964 -58.07852 NaN NaN NaN 56.84771 -106.71408 -20.30606 -40.72470 -192.55525 -32.40784
37341 2.43389 NaN NaN NaN 192.01424 -130.97862 9.10686 284.99200 -184.28383 -58.08659 NaN NaN NaN 56.80485 -106.78339 -20.32290 -40.81232 -192.55022 -32.33458
37342 2.44222 NaN NaN NaN 191.99313 -130.99158 9.11706 284.97388 -184.27522 -58.09169 NaN NaN NaN 56.77315 -106.86643 -20.31262 -40.91276 -192.58406 -32.30940
37343 2.45055 NaN NaN NaN 191.99251 -130.99005 9.11552 284.94690 -184.26285 -58.08751 NaN NaN NaN 56.74424 -106.95952 -20.17016 -41.00061 -192.60558 -32.26976
37344 2.45888 NaN NaN NaN 191.97032 -130.95897 9.10990 284.92303 -184.24297 -58.08393 NaN NaN NaN 56.71389 -107.06068 -20.11844 -41.06569 -192.63692 -32.27213
37345 2.46721 NaN NaN NaN 191.95821 -130.94278 9.11780 284.92062 -184.24739 -58.08467 NaN NaN NaN 56.69966 -107.18150 -20.08787 -41.13086 -192.67624 -32.26505
37346 2.47554 NaN NaN NaN 191.94934 -130.93010 9.11079 284.88669 -184.22057 -58.07344 NaN NaN NaN 56.67781 -107.27381 -20.03522 -41.19936 -192.69902 -32.31804
37347 2.48388 NaN NaN NaN 191.92273 -130.90443 9.10958 284.86813 -184.22021 -58.06674 NaN NaN NaN 56.64767 -107.37267 -20.00353 -41.25380 -192.75096 -32.33056
37348 2.49221 NaN NaN NaN 191.91110 -130.92355 9.08469 284.87305 -184.23639 -58.05353 NaN NaN NaN 56.64772 -107.45388 -19.86754 -41.34284 -192.79808 -32.29886
37349 2.50054 NaN NaN NaN 191.87921 -130.89972 9.06606 284.87796 -184.24786 -58.04612 NaN NaN NaN 56.66088 -107.51743 -19.78642 -41.35748 -192.80600 -32.26360
37350 2.50887 NaN NaN NaN 191.85194 -130.91354 9.02574 284.87872 -184.28389 -58.03459 NaN NaN NaN 56.65759 -107.57582 -19.74231 -41.40079 -192.75844 -32.25682
37351 2.51720 NaN NaN NaN 191.84570 -130.95244 9.00798 284.87714 -184.28271 -58.03933 NaN NaN NaN 56.69913 -107.65108 -19.70428 -41.44233 -192.70752 -32.20428
37352 2.52553 NaN NaN NaN 191.86896 -131.04176 8.99749 284.89264 -184.30580 -58.05445 NaN NaN NaN 56.70063 -107.69067 -19.68780 -41.46634 -192.67920 -32.17651
37353 2.53386 NaN NaN NaN 191.85562 -131.10023 8.99437 284.92032 -184.31131 -58.08240 NaN NaN NaN 56.70171 -107.72362 -19.67255 -41.49034 -192.66202 -32.12643
37354 2.54219 NaN NaN NaN 191.87094 -131.15157 9.00142 284.94104 -184.33034 -58.12085 NaN NaN NaN 56.70158 -107.72308 -19.65837 -41.51548 -192.66052 -32.10407
37355 2.55053 NaN NaN NaN 191.87408 -131.18213 9.01589 284.93698 -184.34268 -58.12286 NaN NaN NaN 56.71902 -107.72233 -19.66454 -41.52160 -192.65160 -32.08580
37356 2.55886 NaN NaN NaN 191.87407 -131.21576 9.01997 284.94684 -184.37592 -58.13517 NaN NaN NaN 56.74488 -107.71872 -19.71856 -41.50899 -192.61041 -32.03119
37357 2.56719 NaN NaN NaN 191.88509 -131.24313 9.03060 284.92868 -184.42831 -58.12472 NaN NaN NaN 56.82647 -107.66683 -19.84531 -41.44584 -192.55270 -31.88683
37358 2.57552 NaN NaN NaN 191.89056 -131.27036 9.03011 284.93912 -184.41992 -58.15330 NaN NaN NaN 56.91892 -107.55310 -19.98993 -41.37057 -192.50195 -31.75483
37359 2.58385 NaN NaN NaN 191.88089 -131.35698 9.06186 284.92459 -184.44730 -58.22349 NaN NaN NaN 57.04618 -107.44061 -20.17229 -41.27965 -192.40656 -31.59925
37360 2.59218 NaN NaN NaN 191.88130 -131.46616 9.08326 284.91824 -184.47523 -58.30232 NaN NaN NaN 57.14182 -107.31458 -20.33704 -41.16943 -192.30936 -31.46491
37361 2.60051 NaN NaN NaN 191.87811 -131.58292 9.14900 284.92508 -184.50500 -58.35868 NaN NaN NaN 57.31337 -107.24316 -20.43455 -41.05997 -192.21591 -31.44698
37362 2.60884 NaN NaN NaN 191.90085 -131.70499 9.22607 284.91193 -184.50711 -58.45398 NaN NaN NaN 57.41032 -107.19335 -20.45393 -40.96350 -192.15532 -31.47207
37363 2.61718 NaN NaN NaN 191.92751 -131.83438 9.27104 284.88861 -184.51947 -58.54211 NaN NaN NaN 57.51359 -107.15131 -20.46280 -40.84874 -192.12041 -31.49282
37364 2.62551 NaN NaN NaN 191.95625 -131.95207 9.30448 284.86838 -184.49820 -58.61966 NaN NaN NaN 57.62916 -107.07047 -20.47709 -40.70554 -192.09189 -31.45698
37365 2.63384 NaN NaN NaN 191.95728 -132.06155 9.33021 284.85397 -184.52083 -58.65752 NaN NaN NaN 57.74968 -106.99596 -20.61423 -40.56501 -192.05756 -31.34417
37366 2.64217 NaN NaN NaN 191.98096 -132.14792 9.40049 284.83829 -184.55235 -58.68365 NaN NaN NaN 57.90548 -106.87212 -20.72679 -40.39552 -191.98485 -31.25319
37367 2.65050 NaN NaN NaN 192.00734 -132.25417 9.44278 284.84070 -184.55449 -58.71791 NaN NaN NaN 58.09141 -106.67491 -20.88263 -40.20159 -191.95326 -31.11116
37368 2.65883 NaN NaN NaN 192.03146 -132.32938 9.48354 284.83597 -184.56859 -58.74908 NaN NaN NaN 58.29332 -106.54514 -21.05817 -40.00331 -191.88213 -30.94529
37369 2.66716 NaN NaN NaN 192.04703 -132.42413 9.53392 284.80609 -184.57074 -58.79998 NaN NaN NaN 58.48099 -106.38474 -21.16664 -39.81133 -191.78494 -30.85604
37370 2.67549 NaN NaN NaN 192.07114 -132.50041 9.59676 284.81488 -184.56146 -58.84538 NaN NaN NaN 58.68915 -106.22689 -21.26491 -39.60600 -191.71251 -30.75452
37371 2.68383 NaN NaN NaN 192.09084 -132.57031 9.69312 284.80084 -184.53740 -58.87485 NaN NaN NaN 58.82010 -106.11128 -21.34913 -39.39379 -191.64919 -30.64789
37372 2.69216 NaN NaN NaN 192.11661 -132.65683 9.76802 284.79184 -184.55507 -58.92880 NaN NaN NaN 58.99669 -105.92396 -21.51555 -39.21658 -191.55734 -30.55933
37373 2.70049 NaN NaN NaN 192.13763 -132.73630 9.84251 284.79700 -184.58563 -58.97221 NaN NaN NaN 59.08221 -105.79533 -21.58271 -39.02831 -191.50899 -30.46681
37374 2.70882 NaN NaN NaN 192.19812 -132.82613 9.90975 284.77914 -184.56090 -59.06762 NaN NaN NaN 59.26217 -105.69831 -21.73714 -38.80708 -191.43370 -30.37637
37375 2.71715 NaN NaN NaN 192.26851 -132.94978 9.96594 284.76727 -184.56792 -59.15672 NaN NaN NaN 59.42961 -105.59225 -21.83453 -38.62642 -191.34996 -30.25852
37376 2.72548 NaN NaN NaN 192.33774 -133.06334 10.00507 284.77036 -184.58052 -59.21930 NaN NaN NaN 59.57828 -105.47359 -21.93693 -38.44938 -191.17920 -30.19163
37377 2.73381 NaN NaN NaN 192.37927 -133.15625 10.06080 284.76535 -184.57625 -59.31495 NaN NaN NaN 59.68198 -105.26450 -22.02538 -38.34181 -191.06941 -30.14312
37378 2.74215 NaN NaN NaN 192.41455 -133.21230 10.11586 284.74850 -184.59846 -59.43510 NaN NaN NaN 59.72754 -104.99027 -22.02111 -38.21130 -190.95741 -30.11301
37379 2.75048 NaN NaN NaN 192.49037 -133.23305 10.14847 284.75620 -184.61287 -59.48569 NaN NaN NaN 59.79584 -104.89595 -22.12321 -38.07098 -190.88710 -30.09244
37380 2.75881 NaN NaN NaN 192.52821 -133.33633 10.22750 284.75131 -184.65604 -59.52498 NaN NaN NaN 59.89545 -104.64769 -22.26366 -37.94215 -190.80473 -30.08934
37381 2.76714 NaN NaN NaN 192.60960 -133.42931 10.28757 284.77023 -184.66591 -59.56293 NaN NaN NaN 59.96601 -104.51326 -22.30278 -37.86510 -190.74834 -30.07483
37382 2.77547 NaN NaN NaN 192.65218 -133.52293 10.33845 284.78848 -184.70013 -59.62856 NaN NaN NaN 60.01733 -104.45002 -22.32087 -37.81389 -190.66788 -30.04780
37383 2.78380 NaN NaN NaN 192.69093 -133.57597 10.36757 284.77658 -184.75330 -59.69295 NaN NaN NaN 60.08389 -104.36158 -22.31388 -37.76958 -190.60109 -30.01307
37384 2.79213 NaN NaN NaN 192.73897 -133.64159 10.40227 284.77463 -184.76967 -59.73026 NaN NaN NaN 60.11818 -104.27418 -22.34062 -37.72989 -190.55678 -29.97419
37385 2.80046 NaN NaN NaN 192.77829 -133.70233 10.43813 284.76636 -184.76462 -59.75291 NaN NaN NaN 60.15498 -104.23949 -22.40178 -37.70032 -190.50948 -29.88427
37386 2.80880 NaN NaN NaN 192.85068 -133.79478 10.52415 284.77048 -184.76828 -59.80506 NaN NaN NaN 60.19536 -104.20228 -22.42327 -37.67456 -190.45775 -29.77903
37387 2.81713 NaN NaN NaN 192.90283 -133.86996 10.57138 284.77484 -184.75826 -59.85710 NaN NaN NaN 60.21116 -104.14238 -22.49499 -37.64492 -190.42224 -29.69043
37388 2.82546 NaN NaN NaN 192.96484 -133.97073 10.61172 284.78696 -184.77516 -59.91789 NaN NaN NaN 60.19852 -104.10757 -22.56357 -37.63663 -190.40059 -29.61197
37389 2.83379 NaN NaN NaN 193.01106 -133.99947 10.62923 284.80609 -184.76958 -59.97878 NaN NaN NaN 60.21381 -104.08315 -22.63083 -37.62277 -190.36917 -29.58778
37390 2.84212 NaN NaN NaN 193.06209 -134.04794 10.65636 284.83096 -184.77342 -60.01377 NaN NaN NaN 60.23251 -104.05496 -22.69416 -37.61231 -190.36064 -29.53455
37391 2.85045 NaN NaN NaN 193.12581 -134.08789 10.70944 284.84409 -184.78777 -60.05432 NaN NaN NaN 60.26570 -104.02857 -22.73937 -37.62851 -190.33614 -29.46445
37392 2.85878 NaN NaN NaN 193.18352 -134.14395 10.75301 284.85724 -184.78807 -60.10899 NaN NaN NaN 60.28510 -104.04486 -22.66403 -37.61613 -190.33418 -29.41515
37393 2.86711 NaN NaN NaN 193.23883 -134.19487 10.78071 284.86591 -184.77203 -60.19828 NaN NaN NaN 60.31937 -104.06355 -22.60240 -37.63085 -190.30521 -29.38702
37394 2.87545 NaN NaN NaN 193.31239 -134.24873 10.86791 284.90186 -184.78882 -60.27438 NaN NaN NaN 60.32876 -104.06894 -22.62430 -37.61834 -190.30183 -29.38702
37395 2.88378 NaN NaN NaN 193.42137 -134.31180 10.97048 284.89380 -184.84962 -60.32978 NaN NaN NaN 60.35228 -104.06271 -22.58902 -37.60232 -190.26711 -29.39974
37396 2.89211 NaN NaN NaN 193.51256 -134.36899 11.03255 284.88654 -184.86360 -60.36459 NaN NaN NaN 60.37468 -104.06994 -22.56785 -37.58433 -190.24059 -29.40598
37397 2.90044 NaN NaN NaN 193.57159 -134.44691 11.08223 284.89706 -184.87373 -60.41252 NaN NaN NaN 60.39086 -104.06322 -22.54699 -37.54005 -190.20410 -29.36717
37398 2.90877 NaN NaN NaN 193.63704 -134.53784 11.12939 284.91925 -184.91815 -60.44645 NaN NaN NaN 60.46344 -104.00146 -22.54973 -37.47911 -190.16756 -29.33741
37399 2.91710 NaN NaN NaN 193.70575 -134.60397 11.16458 284.96521 -184.93158 -60.49086 NaN NaN NaN 60.52245 -103.97312 -22.56649 -37.41954 -190.15962 -29.27899
37400 2.92543 NaN NaN NaN 193.76054 -134.66458 11.19763 284.98154 -184.93185 -60.55417 NaN NaN NaN 60.55616 -103.95053 -22.59289 -37.36716 -190.11978 -29.19430
37401 2.93377 NaN NaN NaN 193.82210 -134.70277 11.23310 285.00269 -184.92244 -60.60873 NaN NaN NaN 60.58609 -103.91854 -22.60888 -37.34008 -190.11241 -29.13385
37402 2.94210 NaN NaN NaN 193.86696 -134.72408 11.25314 285.00308 -184.92024 -60.66187 NaN NaN NaN 60.61106 -103.91587 -22.65585 -37.30955 -190.09990 -29.09142
37403 2.95043 NaN NaN NaN 193.88950 -134.71910 11.25316 285.01047 -184.89400 -60.72391 NaN NaN NaN 60.63823 -103.87537 -22.69843 -37.28621 -190.09016 -29.05396
37404 2.95876 NaN NaN NaN 193.90268 -134.71799 11.24934 285.01617 -184.90208 -60.76893 NaN NaN NaN 60.67784 -103.84067 -22.70452 -37.24906 -190.07887 -29.00775
37405 2.96709 NaN NaN NaN 193.94627 -134.73750 11.24495 285.03333 -184.90852 -60.80470 NaN NaN NaN 60.72434 -103.83697 -22.70240 -37.19646 -190.07787 -28.92285
37406 2.97542 NaN NaN NaN 193.96442 -134.76331 11.25854 285.05069 -184.92566 -60.84491 NaN NaN NaN 60.77579 -103.86208 -22.69986 -37.16690 -190.07388 -28.81525
37407 2.98375 NaN NaN NaN 194.03110 -134.81946 11.27093 285.06772 -184.91298 -60.89430 NaN NaN NaN 60.82217 -103.88277 -22.69682 -37.17155 -190.06793 -28.71230
37408 2.99208 NaN NaN NaN 194.06914 -134.87349 11.29480 285.09296 -184.92087 -60.92332 NaN NaN NaN 60.85325 -103.89449 -22.70781 -37.15056 -190.04808 -28.60813
37409 3.00042 NaN NaN NaN 194.12810 -134.92998 11.32934 285.08316 -184.89172 -60.94810 NaN NaN NaN 60.86978 -103.88992 -22.70712 -37.13640 -190.01744 -28.54887
37410 3.00875 NaN NaN NaN 194.14935 -134.99426 11.37794 285.08679 -184.90492 -60.98162 NaN NaN NaN 60.88854 -103.88074 -22.73113 -37.11900 -190.03914 -28.42903
37411 3.01708 NaN NaN NaN 194.20702 -135.05917 11.41026 285.07300 -184.89818 -61.01718 NaN NaN NaN 60.90020 -103.85733 -22.75594 -37.09547 -190.03313 -28.34537
37412 3.02541 NaN NaN NaN 194.26381 -135.09958 11.42678 285.07504 -184.92090 -61.03924 NaN NaN NaN 60.93633 -103.84196 -22.76281 -37.05002 -190.02597 -28.28149
37413 3.03374 NaN NaN NaN 194.28647 -135.13730 11.44190 285.07410 -184.89772 -61.07561 NaN NaN NaN 60.97554 -103.84446 -22.75776 -37.03236 -190.03700 -28.23569
37414 3.04207 NaN NaN NaN 194.30618 -135.17125 11.46449 285.07034 -184.92526 -61.11284 NaN NaN NaN 61.02637 -103.84479 -22.76448 -37.00711 -190.04724 -28.24046
37415 3.05040 NaN NaN NaN 194.29852 -135.20033 11.48439 285.05005 -184.92732 -61.14456 NaN NaN NaN 61.03329 -103.87176 -22.70343 -37.01654 -190.04626 -28.23957
37416 3.05873 NaN NaN NaN 194.30167 -135.23778 11.53708 285.03983 -184.95277 -61.15790 NaN NaN NaN 61.03516 -103.89614 -22.68913 -37.03198 -190.05548 -28.23140
37417 3.06707 NaN NaN NaN 194.31667 -135.29037 11.56665 285.05090 -184.97968 -61.17316 NaN NaN NaN 61.00980 -103.91634 -22.70784 -37.03407 -190.05025 -28.20845
37418 3.07540 NaN NaN NaN 194.33778 -135.34668 11.57004 285.04572 -185.01123 -61.17802 NaN NaN NaN 61.01626 -103.92775 -22.72547 -37.00980 -190.06018 -28.21935
37419 3.08373 NaN NaN NaN 194.34761 -135.38293 11.57437 285.03232 -185.04163 -61.20818 NaN NaN NaN 61.05879 -103.94740 -22.77015 -37.02140 -190.03957 -28.25628
37420 3.09206 NaN NaN NaN 194.35619 -135.41037 11.57088 285.02109 -185.08427 -61.23469 NaN NaN NaN 61.06349 -103.93623 -22.79024 -37.01876 -190.03624 -28.28362
37421 3.10039 NaN NaN NaN 194.36308 -135.42569 11.56738 285.01343 -185.10048 -61.24845 NaN NaN NaN 61.06826 -103.91978 -22.79393 -37.01482 -190.00990 -28.29427
37422 3.10872 NaN NaN NaN 194.34828 -135.47206 11.56392 285.00345 -185.12888 -61.26963 NaN NaN NaN 61.08622 -103.88780 -22.77367 -36.98671 -189.99988 -28.28267
37423 3.11705 NaN NaN NaN 194.34032 -135.50218 11.55692 284.99493 -185.18146 -61.26457 NaN NaN NaN 61.09393 -103.91041 -22.82738 -36.98098 -189.98232 -28.26672
37424 3.12539 NaN NaN NaN 194.33014 -135.52484 11.55158 284.98907 -185.21951 -61.29098 NaN NaN NaN 61.09630 -103.87009 -22.80888 -36.96957 -189.98059 -28.23732
37425 3.13372 NaN NaN NaN 194.32193 -135.55569 11.53155 284.97928 -185.25140 -61.32272 NaN NaN NaN 61.10654 -103.84318 -22.87429 -36.94798 -189.98410 -28.22729
37426 3.14205 NaN NaN NaN 194.32802 -135.57506 11.50261 284.97845 -185.26488 -61.35325 NaN NaN NaN 61.15379 -103.79961 -22.83472 -36.91693 -189.95593 -28.21929
37427 3.15038 NaN NaN NaN 194.33527 -135.59665 11.48976 284.96457 -185.26964 -61.35660 NaN NaN NaN 61.17904 -103.76627 -22.82691 -36.89535 -189.91873 -28.16510
37428 3.15871 NaN NaN NaN 194.34160 -135.59891 11.48462 284.96896 -185.28638 -61.37011 NaN NaN NaN 61.20325 -103.71240 -22.84546 -36.85617 -189.86307 -28.13256
37429 3.16704 NaN NaN NaN 194.34709 -135.63162 11.49698 284.98090 -185.30064 -61.37564 NaN NaN NaN 61.24684 -103.71546 -22.91370 -36.84825 -189.82144 -28.09824
37430 3.17537 NaN NaN NaN 194.35970 -135.65981 11.51015 284.98654 -185.30469 -61.39705 NaN NaN NaN 61.26033 -103.71127 -22.85550 -36.84584 -189.81610 -28.10311
37431 3.18370 NaN NaN NaN 194.39671 -135.71425 11.51717 285.00412 -185.31880 -61.42472 NaN NaN NaN 61.26132 -103.73151 -22.80608 -36.84737 -189.80901 -28.11470
37432 3.19204 NaN NaN NaN 194.42545 -135.78815 11.54024 285.01593 -185.33777 -61.43615 NaN NaN NaN 61.24156 -103.79089 -22.75685 -36.87657 -189.81735 -28.12440
37433 3.20037 NaN NaN NaN 194.42702 -135.82433 11.55670 285.02261 -185.35616 -61.47911 NaN NaN NaN 61.23219 -103.82391 -22.69588 -36.89373 -189.83995 -28.14707
37434 3.20870 NaN NaN NaN 194.44260 -135.86974 11.55120 285.03168 -185.35329 -61.48166 NaN NaN NaN 61.24994 -103.81293 -22.68908 -36.89663 -189.82364 -28.11788
37435 3.21703 NaN NaN NaN 194.44737 -135.89967 11.55825 285.03513 -185.36049 -61.50206 NaN NaN NaN 61.25092 -103.82419 -22.68089 -36.88298 -189.82655 -28.05202
37436 3.22536 NaN NaN NaN 194.45428 -135.90204 11.55133 285.04666 -185.36395 -61.52699 NaN NaN NaN 61.25269 -103.76598 -22.74393 -36.87882 -189.79869 -27.99042
37437 3.23369 NaN NaN NaN 194.45425 -135.90314 11.54551 285.04919 -185.35770 -61.53420 NaN NaN NaN 61.25935 -103.74727 -22.75352 -36.84053 -189.77629 -27.93296
37438 3.24202 NaN NaN NaN 194.45319 -135.91556 11.53809 285.05151 -185.35919 -61.53825 NaN NaN NaN 61.32391 -103.79068 -22.71774 -36.83324 -189.77013 -27.89570
37439 3.25035 NaN NaN NaN 194.44693 -135.92052 11.54045 285.04169 -185.37152 -61.54116 NaN NaN NaN 61.35086 -103.80842 -22.69758 -36.82886 -189.76746 -27.85787
37440 3.25869 NaN NaN NaN 194.44865 -135.92288 11.52742 285.03995 -185.37793 -61.55332 NaN NaN NaN 61.39174 -103.79794 -22.71145 -36.81400 -189.76381 -27.84247
37441 3.26702 NaN NaN NaN 194.44478 -135.93106 11.53841 285.03809 -185.37984 -61.55226 NaN NaN NaN 61.43249 -103.75923 -22.68598 -36.78335 -189.76149 -27.85322
37442 3.27535 NaN NaN NaN 194.45166 -135.91647 11.53532 285.04700 -185.37334 -61.54889 NaN NaN NaN 61.46883 -103.76167 -22.69486 -36.75881 -189.75066 -27.87005
37443 3.28368 NaN NaN NaN 194.44620 -135.90237 11.54351 285.03806 -185.36732 -61.54350 NaN NaN NaN 61.45315 -103.72777 -22.68368 -36.74150 -189.75098 -27.89559
37444 3.29201 NaN NaN NaN 194.44917 -135.91006 11.53975 285.03287 -185.37341 -61.54332 NaN NaN NaN 61.42941 -103.72739 -22.68841 -36.71978 -189.74284 -27.94034
37445 3.30034 NaN NaN NaN 194.46074 -135.90692 11.55106 285.02850 -185.38298 -61.55286 NaN NaN NaN 61.46466 -103.72318 -22.68784 -36.70132 -189.72771 -27.99202
37446 3.30867 NaN NaN NaN 194.46532 -135.91605 11.56518 285.03375 -185.36864 -61.55590 NaN NaN NaN 61.47191 -103.71588 -22.68658 -36.65806 -189.70081 -28.05512
37447 3.31701 NaN NaN NaN 194.48497 -135.92955 11.58506 285.03406 -185.36443 -61.56526 NaN NaN NaN 61.50521 -103.69326 -22.64162 -36.64158 -189.67436 -28.10750
37448 3.32534 NaN NaN NaN 194.49005 -135.93010 11.57234 285.04181 -185.33722 -61.57497 NaN NaN NaN 61.46858 -103.65256 -22.64648 -36.62612 -189.67438 -28.18843
37449 3.33367 NaN NaN NaN 194.49901 -135.93413 11.58612 285.05014 -185.33913 -61.58504 NaN NaN NaN 61.47247 -103.66805 -22.61817 -36.64252 -189.69022 -28.23221
37450 3.34200 NaN NaN NaN 194.50174 -135.92615 11.58361 285.04678 -185.33340 -61.58642 NaN NaN NaN 61.42493 -103.61822 -22.62099 -36.65072 -189.69240 -28.25445
37451 3.35033 NaN NaN NaN 194.50572 -135.92969 11.59014 285.03934 -185.35236 -61.58852 NaN NaN NaN 61.43279 -103.59672 -22.57468 -36.65821 -189.69127 -28.28905
37452 3.35866 NaN NaN NaN 194.50700 -135.91438 11.58384 285.04160 -185.35753 -61.58619 NaN NaN NaN 61.42459 -103.58592 -22.55736 -36.66601 -189.70671 -28.31249
37453 3.36699 NaN NaN NaN 194.51138 -135.91980 11.58051 285.05441 -185.36404 -61.58236 NaN NaN NaN 61.42196 -103.55286 -22.53327 -36.64951 -189.68288 -28.39364
37454 3.37532 NaN NaN NaN 194.51407 -135.90471 11.57884 285.05414 -185.35381 -61.58197 NaN NaN NaN 61.40345 -103.58438 -22.52374 -36.63338 -189.65720 -28.41845
37455 3.38366 NaN NaN NaN 194.50964 -135.90547 11.58442 285.05383 -185.34940 -61.57883 NaN NaN NaN 61.41820 -103.57965 -22.50975 -36.62692 -189.61813 -28.48383
37456 3.39199 NaN NaN NaN 194.50150 -135.91380 11.58719 285.05597 -185.33589 -61.57962 NaN NaN NaN 61.40229 -103.57259 -22.49672 -36.63476 -189.57040 -28.55146
37457 3.40032 NaN NaN NaN 194.50737 -135.94560 11.59922 285.04849 -185.34438 -61.57321 NaN NaN NaN 61.41888 -103.56841 -22.49021 -36.63873 -189.55237 -28.58681
37458 3.40865 NaN NaN NaN 194.51436 -135.92070 11.58294 285.05551 -185.33603 -61.56928 NaN NaN NaN 61.43111 -103.56009 -22.47451 -36.61396 -189.54909 -28.62296
37459 3.41698 NaN NaN NaN 194.51984 -135.92241 11.58261 285.06329 -185.33963 -61.57066 NaN NaN NaN 61.44430 -103.50385 -22.43887 -36.58179 -189.52379 -28.68337
37460 3.42531 NaN NaN NaN 194.50755 -135.89333 11.57477 285.07327 -185.33369 -61.57072 NaN NaN NaN 61.45058 -103.47450 -22.35998 -36.56812 -189.52264 -28.73669
37461 3.43364 NaN NaN NaN 194.51614 -135.88991 11.58115 285.07013 -185.32895 -61.56379 NaN NaN NaN 61.43928 -103.48767 -22.31483 -36.56086 -189.53061 -28.80481
37462 3.44197 NaN NaN NaN 194.51584 -135.88081 11.58066 285.05817 -185.31900 -61.56613 NaN NaN NaN 61.43920 -103.50528 -22.30032 -36.55589 -189.53993 -28.84876
37463 3.45031 NaN NaN NaN 194.51231 -135.89560 11.57945 285.05447 -185.33035 -61.57265 NaN NaN NaN 61.46966 -103.50086 -22.28995 -36.54790 -189.55147 -28.86065
37464 3.45864 NaN NaN NaN 194.50700 -135.92003 11.59908 285.06116 -185.34297 -61.56498 NaN NaN NaN 61.46754 -103.48692 -22.33419 -36.52793 -189.56834 -28.86321
37465 3.46697 NaN NaN NaN 194.51146 -135.92265 11.59325 285.06216 -185.34514 -61.56445 NaN NaN NaN 61.51441 -103.50494 -22.38757 -36.50648 -189.56812 -28.86943
37466 3.47530 NaN NaN NaN 194.51065 -135.91635 11.59236 285.06198 -185.34100 -61.55662 NaN NaN NaN 61.52412 -103.49073 -22.42658 -36.48934 -189.58107 -28.92076
37467 3.48363 NaN NaN NaN 194.50844 -135.95326 11.60733 285.06134 -185.34534 -61.56452 NaN NaN NaN 61.55367 -103.50117 -22.50072 -36.45514 -189.59253 -28.95299
37468 3.49196 NaN NaN NaN 194.51131 -135.94516 11.61944 285.05545 -185.35275 -61.56516 NaN NaN NaN 61.56957 -103.48848 -22.49919 -36.43931 -189.61394 -28.98737
37469 3.50029 NaN NaN NaN 194.53999 -135.96770 11.61522 285.05331 -185.36906 -61.57303 NaN NaN NaN 61.61291 -103.48636 -22.56924 -36.42329 -189.60628 -29.02242
37470 3.50862 NaN NaN NaN 194.54457 -135.99646 11.63839 285.04901 -185.38596 -61.58429 NaN NaN NaN 61.65659 -103.51179 -22.59907 -36.39297 -189.63875 -29.05066
37471 3.51696 NaN NaN NaN 194.56244 -136.00735 11.62426 285.05548 -185.39162 -61.58918 NaN NaN NaN 61.72509 -103.57573 -22.61021 -36.36001 -189.64854 -29.09080
37472 3.52529 NaN NaN NaN 194.57346 -136.03632 11.64427 285.05356 -185.39796 -61.59314 NaN NaN NaN 61.71729 -103.56462 -22.66141 -36.34083 -189.65245 -29.14328
37473 3.53362 NaN NaN NaN 194.58452 -136.03777 11.63942 285.04846 -185.41129 -61.60535 NaN NaN NaN 61.76768 -103.60040 -22.66748 -36.31870 -189.63863 -29.18217
37474 3.54195 NaN NaN NaN 194.58020 -136.02852 11.63407 285.06119 -185.43001 -61.59820 NaN NaN NaN 61.80834 -103.61903 -22.67828 -36.29223 -189.62263 -29.22319
37475 3.55028 NaN NaN NaN 194.57281 -136.03096 11.62309 285.05933 -185.43961 -61.60482 NaN NaN NaN 61.83369 -103.62299 -22.68250 -36.27042 -189.62044 -29.25901
37476 3.55861 NaN NaN NaN 194.55493 -136.04912 11.64001 285.04831 -185.44695 -61.58928 NaN NaN NaN 61.84310 -103.63268 -22.69284 -36.23775 -189.61072 -29.30352
37477 3.56694 NaN NaN NaN 194.55290 -136.04370 11.64232 285.05392 -185.42590 -61.57898 NaN NaN NaN 61.79669 -103.59563 -22.72596 -36.20173 -189.60414 -29.37752
37478 3.57528 NaN NaN NaN 194.53514 -136.06166 11.63853 285.05200 -185.43016 -61.57232 NaN NaN NaN 61.83731 -103.59280 -22.73583 -36.17968 -189.62746 -29.42291
37479 3.58361 NaN NaN NaN 194.55287 -136.08810 11.66143 285.04401 -185.42546 -61.57222 NaN NaN NaN 61.84436 -103.61555 -22.73491 -36.15619 -189.63814 -29.45237
37480 3.59194 NaN NaN NaN 194.54111 -136.08719 11.67653 285.03802 -185.45172 -61.56008 NaN NaN NaN 61.87714 -103.61154 -22.72793 -36.14311 -189.65686 -29.48071
37481 3.60027 NaN NaN NaN 194.54953 -136.09633 11.68191 285.03220 -185.45236 -61.56412 NaN NaN NaN 61.91544 -103.63735 -22.73232 -36.07741 -189.66136 -29.55534
37482 3.60860 NaN NaN NaN 194.56549 -136.10754 11.69530 285.03894 -185.45421 -61.55420 NaN NaN NaN 61.95872 -103.65652 -22.71655 -36.05483 -189.65839 -29.61510
37483 3.61693 NaN NaN NaN 194.57428 -136.10298 11.70122 285.03366 -185.44676 -61.57151 NaN NaN NaN 61.99366 -103.68506 -22.71128 -36.02010 -189.68185 -29.65440
37484 3.62526 NaN NaN NaN 194.59099 -136.08960 11.69754 285.04175 -185.46487 -61.56438 NaN NaN NaN 62.05331 -103.75101 -22.67700 -36.02402 -189.68161 -29.73322
37485 3.63359 NaN NaN NaN 194.58624 -136.10573 11.71066 285.03864 -185.43802 -61.57356 NaN NaN NaN 62.08893 -103.77653 -22.66431 -36.01868 -189.67902 -29.75175
37486 3.64193 NaN NaN NaN 194.59262 -136.08514 11.70177 285.03955 -185.42957 -61.57720 NaN NaN NaN 62.07593 -103.80648 -22.71945 -35.99063 -189.69888 -29.78103
37487 3.65026 NaN NaN NaN 194.58247 -136.11314 11.73545 285.04019 -185.41026 -61.57891 NaN NaN NaN 62.08609 -103.76475 -22.71448 -35.96388 -189.71156 -29.79245
37488 3.65859 NaN NaN NaN 194.59430 -136.13623 11.75103 285.04584 -185.43297 -61.58171 NaN NaN NaN 62.05065 -103.70078 -22.73119 -35.93133 -189.73099 -29.82246
37489 3.66692 NaN NaN NaN 194.58669 -136.14136 11.72515 285.03598 -185.44255 -61.59824 NaN NaN NaN 62.08262 -103.64376 -22.77356 -35.90548 -189.73013 -29.83949
