Frame# Time LH1 LH2 LH3 RH1 RH2 RH3
X54 Y54 Z54 X55 Y55 Z55 X56 Y56 Z56 X57 Y57 Z57 X58 Y58 Z58 X59 Y59 Z59
48379 0.00476 NaN NaN NaN 191.39565 -107.46825 -10.36907 301.01657 -170.64616 -11.68333 NaN NaN NaN 3.01575 -152.33035 30.15094 0.02993 -133.32858 -98.43138
48380 0.01310 NaN NaN NaN 191.26025 -107.06888 -10.81812 300.87976 -170.30719 -11.61242 NaN NaN NaN 3.00912 -151.67198 30.00319 0.07099 -132.47749 -98.51881
48381 0.02143 NaN NaN NaN 191.12387 -106.64144 -11.28248 300.69174 -169.88638 -11.51076 NaN NaN NaN 3.04005 -151.08832 29.88874 0.20767 -131.56194 -98.64905
48382 0.02976 NaN NaN NaN 191.02455 -106.11888 -11.71665 300.46915 -169.45917 -11.38329 NaN NaN NaN 3.10185 -150.43404 29.74294 0.30302 -130.58992 -98.81969
48383 0.03809 NaN NaN NaN 190.96643 -105.48753 -12.22757 300.20483 -169.02763 -11.24314 NaN NaN NaN 3.22313 -149.76451 29.56567 0.39515 -129.63605 -98.92865
48384 0.04642 NaN NaN NaN 190.76521 -104.84434 -12.58742 299.90237 -168.56299 -11.06009 NaN NaN NaN 3.32501 -149.07478 29.38652 0.53762 -128.82764 -99.07513
48385 0.05475 NaN NaN NaN 190.49792 -104.30613 -12.76093 299.60172 -168.10106 -10.91655 NaN NaN NaN 3.45910 -148.39574 29.19381 0.70455 -127.91055 -99.29744
48386 0.06308 NaN NaN NaN 190.28615 -103.75851 -12.91233 299.37735 -167.73232 -10.76580 NaN NaN NaN 3.60113 -147.73489 28.98972 0.85579 -127.08089 -99.44446
48387 0.07141 NaN NaN NaN 190.08199 -103.25986 -12.83605 299.13547 -167.37743 -10.76097 NaN NaN NaN 3.74663 -147.02390 28.82054 1.02196 -126.15160 -99.42656
48388 0.07975 NaN NaN NaN 189.96167 -102.90139 -13.06159 298.91336 -167.04501 -10.71838 NaN NaN NaN 3.83731 -146.29271 28.63571 1.14254 -125.26162 -99.57905
48389 0.08808 NaN NaN NaN 189.84189 -102.47281 -13.06002 298.74503 -166.75403 -10.63157 NaN NaN NaN 3.96483 -145.61156 28.47926 1.35049 -123.89031 -100.03613
48390 0.09641 NaN NaN NaN 189.73093 -102.10121 -13.33516 298.58029 -166.43370 -10.54957 NaN NaN NaN 4.05060 -144.94189 28.39954 1.36188 -122.95448 -100.03054
48391 0.10474 NaN NaN NaN 189.65439 -101.70314 -13.83416 298.42429 -166.16914 -10.43758 NaN NaN NaN 4.10347 -144.27652 28.39387 1.43784 -122.05402 -100.06635
48392 0.11307 NaN NaN NaN 189.49370 -101.46655 -14.27364 298.29037 -165.84489 -10.34495 NaN NaN NaN 4.13692 -143.62431 28.44480 1.41858 -121.44680 -99.99165
48393 0.12140 NaN NaN NaN 189.40486 -101.13388 -14.69685 298.12241 -165.55383 -10.27739 NaN NaN NaN 4.18975 -143.02209 28.56740 1.41009 -121.09647 -99.93330
48394 0.12973 NaN NaN NaN 189.31572 -100.85771 -15.21206 297.97369 -165.27505 -10.32587 NaN NaN NaN 4.24024 -142.53191 28.69215 1.38639 -120.85300 -99.85718
48395 0.13806 NaN NaN NaN 189.31465 -100.62021 -15.71378 297.90359 -165.02855 -10.48680 NaN NaN NaN 4.22015 -142.20651 28.71470 1.38832 -120.47282 -100.00121
48396 0.14640 NaN NaN NaN 189.34521 -100.43147 -16.11327 297.93335 -164.85344 -10.79804 NaN NaN NaN 4.09810 -142.05833 28.71037 1.39849 -120.19193 -99.73351
48397 0.15473 NaN NaN NaN 189.38193 -100.21605 -16.40009 297.97961 -164.68501 -11.07953 NaN NaN NaN 3.91552 -142.04486 28.64600 1.48996 -119.82141 -99.55737
48398 0.16306 NaN NaN NaN 189.45401 -100.05521 -16.63495 298.00195 -164.47791 -11.23981 NaN NaN NaN 3.76373 -142.12621 28.55390 1.55582 -119.55338 -99.57730
48399 0.17139 NaN NaN NaN 189.47867 -99.90404 -16.65605 298.03247 -164.28888 -11.27292 NaN NaN NaN 3.62176 -142.35715 28.38545 1.67814 -119.40042 -99.87394
48400 0.17972 NaN NaN NaN 189.45996 -99.76375 -16.46888 298.05930 -164.03603 -11.27472 NaN NaN NaN 3.48715 -142.62492 28.18929 1.86916 -119.22598 -100.06355
48401 0.18805 NaN NaN NaN 189.44693 -99.71926 -16.82103 298.06396 -163.74335 -11.22683 NaN NaN NaN 3.39007 -142.95845 27.89537 2.09895 -119.19138 -100.34413
48402 0.19638 NaN NaN NaN 189.41418 -99.50732 -16.98586 298.07956 -163.46629 -11.17033 NaN NaN NaN 3.39980 -143.42447 27.62969 2.43745 -119.25450 -100.47060
48403 0.20471 NaN NaN NaN 189.38760 -99.23777 -17.32337 298.09647 -163.13072 -11.13239 NaN NaN NaN 3.48445 -143.91962 27.40059 2.86607 -119.33302 -100.57539
48404 0.21305 NaN NaN NaN 189.39285 -98.93828 -17.63605 298.10730 -162.80582 -11.17185 NaN NaN NaN 3.68897 -144.42281 27.26058 3.23280 -119.72198 -100.57730
48405 0.22138 NaN NaN NaN 189.71368 -98.67681 -17.30901 298.19138 -162.50778 -11.20159 NaN NaN NaN 3.94493 -144.88779 27.20922 3.62712 -120.28301 -100.53080
48406 0.22971 NaN NaN NaN 189.57855 -98.53725 -17.46542 298.30930 -162.22119 -11.28089 NaN NaN NaN 4.23017 -145.33095 27.20243 4.07683 -121.01197 -100.43365
48407 0.23804 NaN NaN NaN 189.48631 -98.51359 -17.63171 298.48062 -161.93854 -11.35102 NaN NaN NaN 4.58414 -145.75084 27.27924 4.49164 -121.60135 -100.42774
48408 0.24637 NaN NaN NaN 189.43227 -98.29301 -17.68422 298.67419 -161.67766 -11.47597 NaN NaN NaN 4.96039 -146.11543 27.42859 5.04213 -121.54607 -100.46839
48409 0.25470 NaN NaN NaN 189.86916 -98.22943 -17.27653 298.93329 -161.46440 -11.64506 NaN NaN NaN 5.40701 -146.42798 27.69025 5.52157 -121.65356 -100.46264
48410 0.26303 NaN NaN NaN 189.93169 -98.36575 -17.55888 299.24738 -161.29015 -11.81173 NaN NaN NaN 5.88878 -146.72063 27.93658 5.71815 -122.69015 -100.29039
48411 0.27137 NaN NaN NaN 190.11949 -98.54624 -17.88436 299.56351 -161.17587 -11.95493 NaN NaN NaN 6.34026 -147.02455 28.16282 5.98634 -123.62643 -100.01827
48412 0.27970 NaN NaN NaN 190.24829 -98.55896 -17.88050 299.86520 -161.10393 -11.98511 NaN NaN NaN 6.80633 -147.33160 28.43105 6.35880 -124.48766 -99.77929
48413 0.28803 NaN NaN NaN 190.54256 -98.46062 -17.46047 300.18188 -161.04317 -12.00859 NaN NaN NaN 7.18172 -147.67088 28.61082 6.72178 -125.16629 -99.55230
48414 0.29636 NaN NaN NaN 190.79398 -98.47894 -17.33356 300.46283 -161.00807 -11.93565 NaN NaN NaN 7.50540 -148.03311 28.74856 7.08688 -125.46752 -99.30556
48415 0.30469 NaN NaN NaN 190.99237 -98.66552 -17.46614 300.71799 -160.97769 -11.91700 NaN NaN NaN 7.77342 -148.43555 28.81621 7.42817 -125.81155 -99.25277
48416 0.31302 NaN NaN NaN 191.20174 -98.75793 -17.23957 300.95853 -160.98193 -11.80983 NaN NaN NaN 7.98351 -148.90659 28.84013 7.72802 -126.17230 -99.20657
48417 0.32135 NaN NaN NaN 191.31963 -98.84663 -17.22469 301.12546 -161.00336 -11.71729 NaN NaN NaN 8.13353 -149.34979 28.83787 7.99285 -126.39329 -99.17566
48418 0.32968 NaN NaN NaN 191.40829 -98.87004 -17.17595 301.22855 -161.06104 -11.62904 NaN NaN NaN 8.21321 -149.81625 28.78527 8.23788 -126.63095 -99.13236
48419 0.33802 NaN NaN NaN 191.48346 -98.89624 -17.09250 301.30957 -161.14108 -11.50840 NaN NaN NaN 8.27840 -150.26712 28.73428 8.45820 -126.80902 -99.16202
48420 0.34635 NaN NaN NaN 191.54308 -98.92388 -16.93020 301.36084 -161.20709 -11.43995 NaN NaN NaN 8.30257 -150.66731 28.71006 8.61434 -127.08569 -99.19267
48421 0.35468 NaN NaN NaN 191.60507 -99.00799 -16.83923 301.42487 -161.33763 -11.49399 NaN NaN NaN 8.35393 -151.03288 28.70840 8.74948 -127.29412 -99.17389
48422 0.36301 NaN NaN NaN 191.69427 -99.13122 -16.68098 301.46207 -161.49858 -11.60786 NaN NaN NaN 8.42295 -151.31674 28.72125 8.86813 -127.53996 -99.21285
48423 0.37134 NaN NaN NaN 191.78255 -99.28308 -16.76273 301.44913 -161.66960 -11.71582 NaN NaN NaN 8.46867 -151.52820 28.72766 8.91428 -127.88062 -99.23138
48424 0.37967 NaN NaN NaN 191.80264 -99.44099 -16.83015 301.45319 -161.85214 -11.85163 NaN NaN NaN 8.52884 -151.71252 28.75170 8.94949 -128.14975 -99.23879
48425 0.38800 NaN NaN NaN 191.81880 -99.56525 -16.99286 301.49435 -162.10049 -12.09418 NaN NaN NaN 8.62317 -151.87679 28.73868 9.01247 -128.35654 -99.22322
48426 0.39633 NaN NaN NaN 191.85637 -99.70485 -16.90337 301.51736 -162.33992 -12.31161 NaN NaN NaN 8.70143 -152.02431 28.69108 9.16329 -128.47870 -99.29548
48427 0.40467 NaN NaN NaN 191.86456 -99.98464 -16.83731 301.53656 -162.53639 -12.49265 NaN NaN NaN 8.78827 -152.15645 28.58548 9.28760 -128.49823 -99.35973
48428 0.41300 NaN NaN NaN 191.87935 -100.22701 -16.73592 301.51270 -162.74007 -12.63979 NaN NaN NaN 8.91998 -152.28947 28.47339 9.43040 -128.57678 -99.40917
48429 0.42133 NaN NaN NaN 191.86557 -100.33973 -16.58515 301.50571 -162.93690 -12.79375 NaN NaN NaN 9.06407 -152.42105 28.33240 9.65795 -128.51843 -99.50430
48430 0.42966 NaN NaN NaN 191.80342 -100.40852 -16.32328 301.52048 -163.16908 -12.86841 NaN NaN NaN 9.17846 -152.51744 28.17715 9.85486 -128.46294 -99.65765
48431 0.43799 NaN NaN NaN 191.68942 -100.51796 -16.24283 301.52734 -163.38647 -12.88548 NaN NaN NaN 9.32955 -152.61482 27.97648 10.13296 -128.36060 -99.77775
48432 0.44632 NaN NaN NaN 191.69684 -100.73721 -16.22991 301.55862 -163.62213 -12.87537 NaN NaN NaN 9.51956 -152.71230 27.78515 10.40856 -128.24675 -99.90238
48433 0.45465 NaN NaN NaN 191.71628 -100.99840 -16.36017 301.59363 -163.79108 -12.82264 NaN NaN NaN 9.67079 -152.78282 27.59782 10.59997 -128.21545 -99.96452
48434 0.46299 NaN NaN NaN 191.83359 -101.18350 -16.44142 301.63361 -163.93459 -12.81069 NaN NaN NaN 9.82318 -152.88089 27.45425 10.82277 -128.10103 -100.10242
48435 0.47132 NaN NaN NaN 191.86258 -101.44653 -16.50975 301.71414 -164.12254 -12.83340 NaN NaN NaN 9.96840 -152.99727 27.27871 11.06481 -127.93171 -100.28712
48436 0.47965 NaN NaN NaN 191.95538 -101.57957 -16.53026 301.82220 -164.32512 -12.87759 NaN NaN NaN 10.04358 -153.07530 27.07691 11.33412 -127.63924 -100.49860
48437 0.48798 NaN NaN NaN 192.06409 -101.68565 -16.49159 301.88553 -164.44815 -12.92468 NaN NaN NaN 10.05287 -153.17036 26.91158 11.55986 -127.46545 -100.57739
48438 0.49631 NaN NaN NaN 192.13022 -102.06400 -16.74420 301.93576 -164.62511 -13.03008 NaN NaN NaN 10.06397 -153.23917 26.72857 11.74551 -127.31489 -100.70984
48439 0.50464 NaN NaN NaN 192.17195 -102.28735 -16.68444 301.96909 -164.77565 -13.22486 NaN NaN NaN 10.07974 -153.35861 26.60749 11.93132 -127.10509 -100.75929
48440 0.51297 NaN NaN NaN 192.22711 -102.47313 -16.83327 302.00107 -164.94287 -13.45871 NaN NaN NaN 10.04489 -153.50468 26.40450 12.17511 -126.87957 -100.76485
48441 0.52130 NaN NaN NaN 192.13910 -102.39496 -16.54786 301.99533 -165.10098 -13.75081 NaN NaN NaN 10.11529 -153.51813 26.25165 12.25244 -126.70383 -100.91149
48442 0.52964 NaN NaN NaN 192.15233 -102.52052 -16.49311 301.94659 -165.19275 -14.06135 NaN NaN NaN 10.23778 -153.46500 26.07720 12.26653 -126.57934 -101.01442
48443 0.53797 NaN NaN NaN 192.08144 -102.42658 -16.42016 301.91666 -165.28862 -14.46062 NaN NaN NaN 10.36486 -153.43378 25.94611 12.34883 -126.44608 -101.12623
48444 0.54630 NaN NaN NaN 191.98564 -102.46245 -16.17270 301.84988 -165.37535 -14.83484 NaN NaN NaN 10.49238 -153.35098 25.78328 12.41905 -126.36499 -101.19123
48445 0.55463 NaN NaN NaN 191.87782 -102.51801 -16.16029 301.75082 -165.42715 -15.24259 NaN NaN NaN 10.66136 -153.25150 25.67092 12.48954 -126.23695 -101.36920
48446 0.56296 NaN NaN NaN 191.76640 -102.55595 -16.33818 301.65448 -165.44229 -15.55062 NaN NaN NaN 10.84504 -153.14642 25.57466 12.51567 -126.24227 -101.59584
48447 0.57129 NaN NaN NaN 191.72481 -102.48927 -16.67364 301.54013 -165.47131 -15.94914 NaN NaN NaN 11.08452 -153.02010 25.45652 12.59795 -126.14974 -101.75990
48448 0.57962 NaN NaN NaN 191.67778 -102.53689 -16.84602 301.38913 -165.51201 -16.36047 NaN NaN NaN 11.36726 -152.85172 25.35368 12.63778 -126.05676 -101.92159
48449 0.58795 NaN NaN NaN 191.35948 -103.03425 -17.26837 301.22739 -165.49051 -16.72856 NaN NaN NaN 11.65088 -152.66908 25.19817 12.71882 -125.97658 -102.02460
48450 0.59629 NaN NaN NaN 191.40932 -102.91369 -17.45964 301.06406 -165.50174 -17.11880 NaN NaN NaN 11.97573 -152.47415 25.03234 12.74203 -125.98093 -102.19728
48451 0.60462 NaN NaN NaN 191.28940 -102.89146 -17.71225 300.89737 -165.48575 -17.52926 NaN NaN NaN 12.26569 -152.25967 24.84966 12.77711 -125.94363 -102.37257
48452 0.61295 NaN NaN NaN 190.91040 -102.86233 -17.92724 300.76193 -165.51604 -17.88500 NaN NaN NaN 12.58710 -152.00197 24.69692 12.89002 -125.74681 -102.59765
48453 0.62128 NaN NaN NaN 190.87103 -102.40587 -18.30462 300.61331 -165.48747 -18.26372 NaN NaN NaN 12.89070 -151.77455 24.50890 12.99309 -125.62553 -102.80577
48454 0.62961 NaN NaN NaN 190.64784 -102.27334 -18.56960 300.46307 -165.47041 -18.61924 NaN NaN NaN 13.19503 -151.52065 24.34849 13.06388 -125.49192 -102.89301
48455 0.63794 NaN NaN NaN 190.59863 -102.32805 -18.82046 300.30063 -165.43655 -18.93398 NaN NaN NaN 13.52717 -151.32372 24.22098 13.11373 -125.44831 -103.02387
48456 0.64627 NaN NaN NaN 190.51608 -102.51584 -19.04244 300.15756 -165.48515 -19.43979 NaN NaN NaN 13.83656 -151.16068 24.09472 13.14239 -125.49635 -103.26616
48457 0.65461 NaN NaN NaN 190.33977 -102.51031 -18.96093 300.02551 -165.56335 -19.96206 NaN NaN NaN 14.11738 -151.00053 23.99011 13.24245 -125.45966 -103.48109
48458 0.66294 NaN NaN NaN 190.03992 -102.78246 -18.95255 299.96664 -165.67781 -20.71338 NaN NaN NaN 14.41011 -150.81566 23.88438 13.27816 -125.38956 -103.57401
48459 0.67127 NaN NaN NaN 189.89629 -102.94035 -18.83299 299.89688 -165.74513 -21.52332 NaN NaN NaN 14.65960 -150.70834 23.79478 13.30513 -125.25155 -103.72034
48460 0.67960 NaN NaN NaN 190.11856 -102.64924 -18.43362 299.81210 -165.79858 -22.43467 NaN NaN NaN 14.88822 -150.59943 23.68153 13.25786 -125.16432 -103.80869
48461 0.68793 NaN NaN NaN 190.26466 -102.52645 -18.08738 299.76816 -165.87492 -23.38096 NaN NaN NaN 15.11531 -150.55684 23.57662 13.30191 -125.06084 -103.96679
48462 0.69626 NaN NaN NaN 190.34827 -102.59840 -17.66900 299.71426 -165.96416 -24.10406 NaN NaN NaN 15.31447 -150.58430 23.42778 13.34155 -125.02335 -103.96213
48463 0.70459 NaN NaN NaN 190.36073 -102.75965 -17.54754 299.65451 -166.00058 -24.64558 NaN NaN NaN 15.50684 -150.57648 23.31474 13.33872 -125.00153 -104.06774
48464 0.71292 NaN NaN NaN 190.30060 -102.83501 -17.71917 299.61469 -166.04175 -24.90339 NaN NaN NaN 15.66733 -150.61685 23.23854 13.34793 -124.96297 -104.20375
48465 0.72126 NaN NaN NaN 190.20920 -102.81581 -17.84583 299.60974 -166.07034 -25.02879 NaN NaN NaN 15.80369 -150.75101 23.17566 13.35694 -124.88680 -104.32143
48466 0.72959 NaN NaN NaN 190.20857 -102.78110 -17.81580 299.58234 -166.09731 -25.09885 NaN NaN NaN 15.86355 -150.87579 23.11526 13.35231 -124.81129 -104.35030
48467 0.73792 NaN NaN NaN 190.17345 -102.69700 -17.87134 299.52106 -166.11414 -25.20555 NaN NaN NaN 15.84492 -150.96796 23.07326 13.33709 -124.76095 -104.38163
48468 0.74625 NaN NaN NaN 190.17572 -102.61318 -17.80150 299.47089 -166.14470 -25.37010 NaN NaN NaN 15.77327 -151.04312 23.06109 13.33604 -124.74399 -104.36213
48469 0.75458 NaN NaN NaN 190.23128 -102.54262 -17.66325 299.39716 -166.11819 -25.61677 NaN NaN NaN 15.70746 -151.11093 23.09826 13.29650 -124.81379 -104.30207
48470 0.76291 NaN NaN NaN 190.28709 -102.55063 -17.27261 299.38937 -166.11716 -25.87360 NaN NaN NaN 15.62970 -151.16769 23.17208 13.27252 -124.86700 -104.23780
48471 0.77124 NaN NaN NaN 190.34157 -102.64034 -16.69243 299.38864 -166.15227 -26.17493 NaN NaN NaN 15.55399 -151.19037 23.31143 13.19528 -124.99879 -103.97668
48472 0.77957 NaN NaN NaN 190.49191 -102.73414 -16.18051 299.45303 -166.23947 -26.56271 NaN NaN NaN 15.45994 -151.19385 23.51418 13.11358 -125.07858 -103.74834
48473 0.78791 NaN NaN NaN 190.58733 -102.81581 -15.64055 299.53082 -166.31628 -26.89241 NaN NaN NaN 15.43643 -151.09637 23.82731 12.99918 -125.31947 -103.56279
48474 0.79624 NaN NaN NaN 190.77930 -102.83596 -15.25798 299.60974 -166.41721 -27.13422 NaN NaN NaN 15.38218 -151.01886 24.01563 12.86459 -125.47917 -103.32620
48475 0.80457 NaN NaN NaN 191.00504 -102.93833 -15.03332 299.71289 -166.50363 -27.31513 NaN NaN NaN 15.37635 -150.88213 24.24023 12.74811 -125.62412 -103.16318
48476 0.81290 NaN NaN NaN 191.22327 -103.00817 -14.74637 299.83084 -166.58772 -27.43495 NaN NaN NaN 15.35103 -150.73793 24.47667 12.63244 -125.68059 -102.98303
48477 0.82123 NaN NaN NaN 191.36206 -103.11234 -14.59247 299.94873 -166.63774 -27.56074 NaN NaN NaN 15.38719 -150.64587 24.76416 12.53248 -125.81206 -102.78192
48478 0.82956 NaN NaN NaN 191.45534 -103.23050 -14.38460 300.05579 -166.69965 -27.62076 NaN NaN NaN 15.39213 -150.53091 25.01933 12.36574 -126.03943 -102.68616
48479 0.83789 NaN NaN NaN 191.62599 -103.32951 -14.17946 300.16180 -166.72452 -27.65921 NaN NaN NaN 15.41369 -150.31229 25.24809 12.16523 -126.37547 -102.53825
48480 0.84622 NaN NaN NaN 191.82458 -103.33808 -14.05629 300.26404 -166.77948 -27.67112 NaN NaN NaN 15.49212 -150.09898 25.47900 11.88475 -126.76218 -102.37311
48481 0.85456 NaN NaN NaN 192.05949 -103.27176 -13.90821 300.34259 -166.82616 -27.67622 NaN NaN NaN 15.55758 -149.88002 25.72523 11.64850 -127.15845 -102.21537
48482 0.86289 NaN NaN NaN 192.17459 -103.20925 -13.83435 300.43741 -166.88547 -27.66752 NaN NaN NaN 15.61800 -149.61862 25.95516 11.38779 -127.49265 -102.10159
48483 0.87122 NaN NaN NaN 192.17502 -103.26825 -13.80383 300.50293 -166.92960 -27.62144 NaN NaN NaN 15.65654 -149.32915 26.20161 11.10045 -127.84243 -101.95293
48484 0.87955 NaN NaN NaN 192.28087 -103.32222 -13.67833 300.59677 -166.98210 -27.61208 NaN NaN NaN 15.75020 -149.01683 26.48591 10.77823 -128.15742 -101.77629
48485 0.88788 NaN NaN NaN 192.42799 -103.41688 -13.59830 300.72501 -167.05606 -27.59562 NaN NaN NaN 15.84408 -148.77316 26.75041 10.42645 -128.43179 -101.59853
48486 0.89621 NaN NaN NaN 192.50943 -103.51132 -13.50271 300.87903 -167.20619 -27.55385 NaN NaN NaN 15.94060 -148.49243 27.03983 10.09593 -128.81161 -101.39692
48487 0.90454 NaN NaN NaN 192.75993 -103.60091 -13.30332 301.01111 -167.32492 -27.54151 NaN NaN NaN 16.08427 -148.18886 27.42218 9.75661 -129.17863 -101.05311
48488 0.91288 NaN NaN NaN 192.99751 -103.68493 -13.15725 301.15170 -167.41280 -27.51163 NaN NaN NaN 16.19673 -147.80891 27.73407 9.47321 -129.55647 -100.81455
48489 0.92121 NaN NaN NaN 193.16577 -103.83173 -12.95574 301.32480 -167.50107 -27.44104 NaN NaN NaN 16.32169 -147.42633 28.04500 9.16684 -129.92628 -100.58636
48490 0.92954 NaN NaN NaN 193.30519 -103.96033 -12.84436 301.48502 -167.62949 -27.37621 NaN NaN NaN 16.47560 -147.06380 28.42999 8.84636 -130.28604 -100.32493
48491 0.93787 NaN NaN NaN 193.40076 -104.09766 -12.70047 301.60507 -167.69917 -27.30029 NaN NaN NaN 16.57589 -146.76846 28.74492 8.54150 -130.68185 -100.04794
48492 0.94620 NaN NaN NaN 193.52754 -104.17456 -12.64937 301.72253 -167.77798 -27.23169 NaN NaN NaN 16.66594 -146.46986 29.03117 8.28995 -131.00449 -99.85075
48493 0.95453 NaN NaN NaN 193.66376 -104.22417 -12.65981 301.79825 -167.86334 -27.15996 NaN NaN NaN 16.71828 -146.23378 29.34625 8.06135 -131.30557 -99.62002
48494 0.96286 NaN NaN NaN 193.72369 -104.25577 -12.63887 301.84790 -167.92113 -27.04031 NaN NaN NaN 16.75224 -146.10779 29.56393 7.85184 -131.60939 -99.40928
48495 0.97119 NaN NaN NaN 193.76659 -104.30812 -12.57904 301.91821 -167.98619 -26.96615 NaN NaN NaN 16.72966 -145.98528 29.82591 7.59293 -131.86388 -99.16956
48496 0.97953 NaN NaN NaN 193.80055 -104.31449 -12.54233 301.98660 -168.07700 -26.84226 NaN NaN NaN 16.73048 -145.93672 30.16469 7.41112 -132.21162 -98.87418
48497 0.98786 NaN NaN NaN 193.85370 -104.31203 -12.57310 302.02716 -168.15556 -26.76430 NaN NaN NaN 16.69595 -145.87007 30.44971 7.22660 -132.61079 -98.68156
48498 0.99619 NaN NaN NaN 193.86334 -104.33104 -12.51985 302.06921 -168.22954 -26.63412 NaN NaN NaN 16.65441 -145.85085 30.72595 7.02257 -132.96857 -98.44450
48499 1.00452 NaN NaN NaN 193.90445 -104.42564 -12.49096 302.16263 -168.31277 -26.52585 NaN NaN NaN 16.60481 -145.78755 31.05292 6.79735 -133.33449 -98.12804
48500 1.01285 NaN NaN NaN 194.06932 -104.54817 -12.34450 302.24625 -168.41652 -26.45142 NaN NaN NaN 16.55130 -145.73128 31.39262 6.51366 -133.67766 -97.83064
48501 1.02118 NaN NaN NaN 194.26485 -104.70799 -12.17026 302.38705 -168.52615 -26.40553 NaN NaN NaN 16.49524 -145.62083 31.76411 6.20718 -134.07794 -97.55051
48502 1.02951 NaN NaN NaN 194.43178 -104.89153 -11.93616 302.55194 -168.71082 -26.31731 NaN NaN NaN 16.46675 -145.48433 32.12835 5.81374 -134.53584 -97.15518
48503 1.03784 NaN NaN NaN 194.65581 -105.09106 -11.78511 302.73785 -168.88052 -26.25204 NaN NaN NaN 16.47058 -145.28963 32.47586 5.42584 -134.98465 -96.87772
48504 1.04618 NaN NaN NaN 194.85789 -105.26015 -11.70860 302.91644 -169.04457 -26.18633 NaN NaN NaN 16.47953 -145.11671 32.73831 5.03288 -135.58035 -96.60893
48505 1.05451 NaN NaN NaN 194.97221 -105.44780 -11.65835 303.10767 -169.17928 -26.12322 NaN NaN NaN 16.47066 -144.95015 32.95546 4.62171 -136.06038 -96.40291
48506 1.06284 NaN NaN NaN 195.09694 -105.63470 -11.60585 303.29016 -169.29855 -26.05882 NaN NaN NaN 16.44023 -144.87115 33.14194 4.26709 -136.53067 -96.21777
48507 1.07117 NaN NaN NaN 195.23199 -105.78427 -11.54063 303.44748 -169.39209 -26.03382 NaN NaN NaN 16.40258 -144.83583 33.32087 3.93051 -136.89575 -96.03920
48508 1.07950 NaN NaN NaN 195.29393 -105.86922 -11.42734 303.58319 -169.51506 -25.99704 NaN NaN NaN 16.35306 -144.85611 33.46543 3.63135 -137.28488 -95.92648
48509 1.08783 NaN NaN NaN 195.37172 -105.98316 -11.34584 303.68451 -169.57802 -25.97211 NaN NaN NaN 16.29116 -144.92416 33.54826 3.29259 -137.65622 -95.82783
48510 1.09616 NaN NaN NaN 195.42111 -106.12066 -11.26537 303.74252 -169.59668 -25.96420 NaN NaN NaN 16.21723 -144.97035 33.63864 3.00475 -138.00745 -95.77643
48511 1.10450 NaN NaN NaN 195.48421 -106.17622 -11.25832 303.79608 -169.61000 -25.92239 NaN NaN NaN 16.15602 -145.01048 33.71772 2.72164 -138.33069 -95.68355
48512 1.11283 NaN NaN NaN 195.47896 -106.20314 -11.28441 303.80722 -169.61382 -25.80962 NaN NaN NaN 16.11830 -145.02461 33.80318 2.39760 -138.69327 -95.55874
48513 1.12116 NaN NaN NaN 195.44812 -106.18932 -11.33532 303.79623 -169.59874 -25.76382 NaN NaN NaN 16.12438 -144.99005 33.90081 2.13660 -139.06837 -95.42502
48514 1.12949 NaN NaN NaN 195.40601 -106.12273 -11.43522 303.78482 -169.59122 -25.68811 NaN NaN NaN 16.14034 -144.97658 33.98489 1.85740 -139.42703 -95.30269
48515 1.13782 NaN NaN NaN 195.33640 -106.08218 -11.50834 303.78851 -169.54663 -25.55975 NaN NaN NaN 16.17587 -144.93256 34.11534 1.59710 -139.78691 -95.19556
48516 1.14615 NaN NaN NaN 195.28554 -106.06300 -11.60685 303.77750 -169.50552 -25.46748 NaN NaN NaN 16.25000 -144.84746 34.26456 1.34419 -140.14030 -95.07117
48517 1.15448 NaN NaN NaN 195.24423 -106.05922 -11.74507 303.77731 -169.43872 -25.38207 NaN NaN NaN 16.29712 -144.75475 34.36634 1.07842 -140.46179 -95.00450
48518 1.16281 NaN NaN NaN 195.18782 -106.08120 -11.84353 303.78485 -169.37292 -25.33284 NaN NaN NaN 16.30085 -144.67670 34.44300 0.83260 -140.75401 -94.90894
48519 1.17115 NaN NaN NaN 195.09656 -106.10043 -12.01787 303.77533 -169.34193 -25.25497 NaN NaN NaN 16.29863 -144.62234 34.48301 0.58048 -141.00392 -94.81577
48520 1.17948 NaN NaN NaN 195.12907 -106.06980 -12.13232 303.77377 -169.29085 -25.18946 NaN NaN NaN 16.28034 -144.60725 34.54187 0.40335 -141.18867 -94.75817
48521 1.18781 NaN NaN NaN 195.09547 -106.12238 -12.24875 303.76889 -169.25671 -25.07522 NaN NaN NaN 16.23190 -144.61743 34.58932 0.24433 -141.36237 -94.68097
48522 1.19614 NaN NaN NaN 195.07138 -106.12740 -12.46738 303.76385 -169.22923 -25.03431 NaN NaN NaN 16.15393 -144.61894 34.64676 0.04806 -141.51784 -94.62690
48523 1.20447 NaN NaN NaN 194.95828 -106.16694 -12.64981 303.77286 -169.19649 -25.02679 NaN NaN NaN 16.07080 -144.61215 34.68364 -0.15478 -141.72505 -94.54527
48524 1.21280 NaN NaN NaN 194.85281 -106.22314 -12.77684 303.74991 -169.15829 -25.04768 NaN NaN NaN 16.03237 -144.60500 34.71404 -0.45849 -141.94702 -94.29456
48525 1.22113 NaN NaN NaN 194.81668 -106.26259 -12.86268 303.70911 -169.11026 -25.08215 NaN NaN NaN 16.01468 -144.60959 34.74933 -0.62900 -142.16405 -94.15097
48526 1.22946 NaN NaN NaN 194.74248 -106.25546 -12.92850 303.65482 -169.07678 -25.18529 NaN NaN NaN 15.98284 -144.62720 34.77650 -0.73466 -142.21623 -94.29189
48527 1.23780 NaN NaN NaN 194.64806 -106.25758 -12.98643 303.57953 -169.07431 -25.31533 NaN NaN NaN 15.94538 -144.64255 34.79266 -0.93896 -142.46941 -94.18103
48528 1.24613 NaN NaN NaN 194.56389 -106.24474 -13.33104 303.51532 -169.04840 -25.47091 NaN NaN NaN 15.90727 -144.67076 34.79325 -1.05488 -142.52654 -94.26012
48529 1.25446 NaN NaN NaN 194.49805 -106.31601 -13.61913 303.45468 -169.04282 -25.55332 NaN NaN NaN 15.90761 -144.64711 34.81444 -1.27516 -142.75034 -94.14985
48530 1.26279 NaN NaN NaN 194.43065 -106.27575 -13.75129 303.37628 -169.08224 -25.64932 NaN NaN NaN 15.89834 -144.56474 34.84250 -1.49431 -142.96754 -94.09737
48531 1.27112 NaN NaN NaN 194.25858 -106.21688 -14.18435 303.34863 -169.11871 -25.73517 NaN NaN NaN 15.92264 -144.46382 34.88382 -1.67018 -143.22925 -94.02853
48532 1.27945 NaN NaN NaN 194.32285 -106.25565 -14.32681 303.31482 -169.15140 -25.79832 NaN NaN NaN 15.93555 -144.38612 34.94211 -1.81713 -143.44215 -93.91502
48533 1.28778 NaN NaN NaN 194.30011 -106.29951 -14.40164 303.26184 -169.18527 -25.84284 NaN NaN NaN 15.91672 -144.34941 35.00599 -1.95024 -143.64058 -93.83230
48534 1.29612 NaN NaN NaN 194.29872 -106.40575 -14.46739 303.23746 -169.20604 -25.87317 NaN NaN NaN 15.86750 -144.36859 35.04918 -2.06300 -143.72479 -93.80360
48535 1.30445 NaN NaN NaN 194.21918 -106.51124 -14.54066 303.22562 -169.19972 -25.90267 NaN NaN NaN 15.77362 -144.40227 35.08086 -2.13683 -143.80453 -93.77016
48536 1.31278 NaN NaN NaN 194.09233 -106.44666 -14.85005 303.22159 -169.20329 -25.90111 NaN NaN NaN 15.66005 -144.48344 35.09290 -2.17002 -143.87193 -93.77084
48537 1.32111 NaN NaN NaN 193.98959 -106.39381 -15.01082 303.23358 -169.20346 -25.94230 NaN NaN NaN 15.48533 -144.60301 35.10983 -2.18127 -143.88985 -93.79246
48538 1.32944 NaN NaN NaN 194.02899 -106.53915 -15.34600 303.22635 -169.21799 -25.92044 NaN NaN NaN 15.32840 -144.73010 35.15764 -2.17749 -143.90257 -93.79970
48539 1.33777 NaN NaN NaN 194.01624 -106.71587 -15.56371 303.21982 -169.24190 -25.92836 NaN NaN NaN 15.14838 -144.81525 35.20477 -2.17225 -143.87260 -93.78973
48540 1.34610 NaN NaN NaN 193.96307 -106.88566 -15.57942 303.19971 -169.26669 -26.00731 NaN NaN NaN 14.98229 -144.96753 35.23767 -2.15704 -143.84680 -93.76118
48541 1.35443 NaN NaN NaN 193.92747 -107.01060 -15.54838 303.20001 -169.34995 -26.07454 NaN NaN NaN 14.83446 -145.09447 35.24882 -2.16544 -143.82170 -93.76123
48542 1.36277 NaN NaN NaN 193.90933 -107.11115 -15.60818 303.22849 -169.43613 -26.18847 NaN NaN NaN 14.70703 -145.19957 35.25001 -2.16909 -143.78287 -93.75300
48543 1.37110 NaN NaN NaN 193.94327 -107.16134 -15.84054 303.22754 -169.50107 -26.26297 NaN NaN NaN 14.59121 -145.26598 35.23891 -2.15805 -143.72223 -93.72832
48544 1.37943 NaN NaN NaN 193.90282 -107.23618 -16.04777 303.19415 -169.53011 -26.25519 NaN NaN NaN 14.52117 -145.28868 35.21927 -2.21746 -143.73933 -93.74787
48545 1.38776 NaN NaN NaN 193.79855 -107.24393 -16.23392 303.14908 -169.55252 -26.21181 NaN NaN NaN 14.50206 -145.29366 35.19131 -2.28538 -143.79143 -93.82431
48546 1.39609 NaN NaN NaN 193.66322 -107.18752 -16.16174 303.04147 -169.58417 -26.13456 NaN NaN NaN 14.49179 -145.27019 35.13668 -2.36646 -143.84824 -93.88558
48547 1.40442 NaN NaN NaN 193.58105 -107.14263 -16.12125 302.95663 -169.63271 -26.05156 NaN NaN NaN 14.46966 -145.22572 35.06798 -2.44342 -143.85590 -93.88609
48548 1.41275 NaN NaN NaN 193.53036 -107.08002 -16.24454 302.86926 -169.66373 -25.99327 NaN NaN NaN 14.46747 -145.17378 35.00671 -2.53715 -143.83400 -93.88230
48549 1.42108 NaN NaN NaN 193.48311 -107.06755 -16.34152 302.80676 -169.66386 -25.96530 NaN NaN NaN 14.45415 -145.14954 34.95414 -2.59225 -143.82378 -93.89326
48550 1.42942 NaN NaN NaN 193.42584 -107.12292 -16.42155 302.73996 -169.64357 -25.96119 NaN NaN NaN 14.44987 -145.22565 34.90065 -2.58388 -143.81485 -93.94088
48551 1.43775 NaN NaN NaN 193.37764 -107.16608 -16.49035 302.69455 -169.67947 -25.97258 NaN NaN NaN 14.40183 -145.29097 34.86008 -2.59333 -143.93231 -94.00912
48552 1.44608 NaN NaN NaN 193.33342 -107.25604 -16.47480 302.66238 -169.70880 -25.98530 NaN NaN NaN 14.36435 -145.36020 34.81696 -2.60217 -143.97113 -94.01286
48553 1.45441 NaN NaN NaN 193.30983 -107.28052 -16.44460 302.65210 -169.77831 -26.03098 NaN NaN NaN 14.31137 -145.42242 34.76928 -2.59949 -143.99368 -94.08117
48554 1.46274 NaN NaN NaN 193.32536 -107.31454 -16.53827 302.65219 -169.84927 -26.07797 NaN NaN NaN 14.25646 -145.52654 34.74299 -2.59587 -144.00105 -94.12933
48555 1.47107 NaN NaN NaN 193.34540 -107.33758 -16.59816 302.63583 -169.92958 -26.09817 NaN NaN NaN 14.21213 -145.64185 34.72923 -2.57785 -143.95789 -94.17309
48556 1.47940 NaN NaN NaN 193.32372 -107.43381 -16.79699 302.62982 -169.99960 -26.10423 NaN NaN NaN 14.17566 -145.72693 34.72686 -2.54437 -143.95853 -94.18204
48557 1.48773 NaN NaN NaN 193.29497 -107.46344 -16.89286 302.60223 -170.02228 -26.11407 NaN NaN NaN 14.15202 -145.77588 34.71822 -2.52271 -143.94682 -94.19499
48558 1.49607 NaN NaN NaN 193.29463 -107.53172 -16.73424 302.58072 -170.05745 -26.06520 NaN NaN NaN 14.12163 -145.81297 34.70832 -2.51469 -143.97264 -94.19240
48559 1.50440 NaN NaN NaN 193.26154 -107.52100 -16.82450 302.54279 -170.03220 -26.02762 NaN NaN NaN 14.09747 -145.84802 34.67679 -2.52528 -143.99870 -94.22643
48560 1.51273 NaN NaN NaN 193.24959 -107.45579 -16.67604 302.50223 -170.01166 -25.96122 NaN NaN NaN 14.09625 -145.91977 34.65729 -2.53735 -144.01437 -94.27055
48561 1.52106 NaN NaN NaN 193.19698 -107.42146 -16.84514 302.44907 -170.02310 -25.89744 NaN NaN NaN 14.11538 -145.96292 34.62062 -2.52754 -144.02969 -94.29812
48562 1.52939 NaN NaN NaN 193.15323 -107.43389 -16.88092 302.39996 -170.00125 -25.79859 NaN NaN NaN 14.12556 -146.00652 34.60345 -2.56002 -144.05122 -94.30094
48563 1.53772 NaN NaN NaN 193.09415 -107.39651 -16.89335 302.38126 -169.99023 -25.73977 NaN NaN NaN 14.12428 -146.02025 34.59018 -2.52580 -143.99084 -94.36495
48564 1.54605 NaN NaN NaN 193.10687 -107.41035 -16.86712 302.36313 -169.97980 -25.71558 NaN NaN NaN 14.13061 -146.01814 34.56425 -2.55725 -144.02710 -94.31760
48565 1.55439 NaN NaN NaN 193.15286 -107.24414 -16.68542 302.37259 -169.97847 -25.73194 NaN NaN NaN 14.12546 -146.00398 34.55837 -2.56727 -144.00096 -94.36681
48566 1.56272 NaN NaN NaN 193.16347 -107.16565 -16.54111 302.36823 -169.97459 -25.74177 NaN NaN NaN 14.13439 -145.96802 34.54997 -2.53952 -143.94963 -94.49305
48567 1.57105 NaN NaN NaN 193.16959 -107.15091 -16.42840 302.37811 -169.97913 -25.76708 NaN NaN NaN 14.09225 -145.97011 34.54776 -2.56470 -143.91283 -94.44332
48568 1.57938 NaN NaN NaN 193.18784 -107.15116 -16.41693 302.38971 -169.96733 -25.80511 NaN NaN NaN 14.04800 -145.97475 34.52588 -2.58899 -143.94095 -94.34475
48569 1.58771 NaN NaN NaN 193.19746 -107.15837 -16.41570 302.41440 -169.95032 -25.85414 NaN NaN NaN 13.98439 -146.01474 34.50738 -2.57063 -143.97665 -94.31586
48570 1.59604 NaN NaN NaN 193.26004 -107.15073 -16.39538 302.42188 -169.93376 -25.87366 NaN NaN NaN 13.93846 -146.06496 34.48132 -2.50694 -143.86612 -94.39247
48571 1.60437 NaN NaN NaN 193.28033 -107.06764 -16.36934 302.41251 -169.92233 -25.86722 NaN NaN NaN 13.86266 -146.10687 34.44830 -2.44076 -143.73364 -94.47376
48572 1.61270 NaN NaN NaN 193.30125 -106.98390 -16.36124 302.38113 -169.91832 -25.80297 NaN NaN NaN 13.80073 -146.13683 34.41444 -2.38924 -143.56305 -94.54961
48573 1.62104 NaN NaN NaN 193.26387 -106.94148 -16.32156 302.35782 -169.89799 -25.74940 NaN NaN NaN 13.71144 -146.16263 34.41379 -2.37039 -143.44244 -94.58603
48574 1.62937 NaN NaN NaN 193.24471 -106.85594 -16.34369 302.31766 -169.87900 -25.71343 NaN NaN NaN 13.65123 -146.17619 34.44258 -2.31619 -143.29922 -94.71647
48575 1.63770 NaN NaN NaN 193.19536 -106.77766 -16.35257 302.25098 -169.82347 -25.69009 NaN NaN NaN 13.61691 -146.17548 34.45358 -2.30927 -143.24529 -94.76019
48576 1.64603 NaN NaN NaN 193.08147 -106.72960 -16.23300 302.21652 -169.74728 -25.73550 NaN NaN NaN 13.57480 -146.09532 34.47104 -2.34201 -143.20580 -94.75222
48577 1.65436 NaN NaN NaN 193.07239 -106.64693 -16.27995 302.15573 -169.67148 -25.77251 NaN NaN NaN 13.56363 -146.01111 34.49614 -2.43469 -143.26566 -94.64694
48578 1.66269 NaN NaN NaN 193.06436 -106.60976 -16.28256 302.12027 -169.63904 -25.85272 NaN NaN NaN 13.57174 -145.89464 34.59206 -2.48060 -143.32602 -94.52132
48579 1.67102 NaN NaN NaN 193.10629 -106.60554 -16.20863 302.11920 -169.63206 -25.93130 NaN NaN NaN 13.57326 -145.79745 34.64095 -2.52749 -143.37061 -94.46996
48580 1.67935 NaN NaN NaN 193.13585 -106.60146 -16.15277 302.10779 -169.62532 -25.98360 NaN NaN NaN 13.56683 -145.71739 34.68369 -2.63008 -143.48076 -94.38683
48581 1.68769 NaN NaN NaN 193.15976 -106.65975 -16.06937 302.13110 -169.67787 -26.02468 NaN NaN NaN 13.54761 -145.66901 34.71895 -2.64201 -143.43668 -94.47210
48582 1.69602 NaN NaN NaN 193.18420 -106.64944 -16.02938 302.11935 -169.66280 -26.06779 NaN NaN NaN 13.54426 -145.65759 34.74301 -2.69651 -143.36838 -94.43998
48583 1.70435 NaN NaN NaN 193.20541 -106.57500 -16.10219 302.10791 -169.64778 -26.08837 NaN NaN NaN 13.52672 -145.64229 34.78897 -2.74243 -143.39867 -94.24781
48584 1.71268 NaN NaN NaN 193.20116 -106.44872 -16.11908 302.08734 -169.59901 -26.10104 NaN NaN NaN 13.52582 -145.62949 34.80555 -2.74432 -143.30360 -94.30144
48585 1.72101 NaN NaN NaN 193.18173 -106.41048 -16.28231 302.05072 -169.57449 -26.11587 NaN NaN NaN 13.49880 -145.60333 34.83355 -2.76483 -143.34076 -94.19756
48586 1.72934 NaN NaN NaN 193.10913 -106.34508 -16.31104 302.01566 -169.53711 -26.14215 NaN NaN NaN 13.47704 -145.57588 34.83744 -2.73992 -143.28500 -94.28455
48587 1.73767 NaN NaN NaN 193.08330 -106.31004 -16.28514 301.98523 -169.50829 -26.16918 NaN NaN NaN 13.46643 -145.53604 34.85363 -2.70990 -143.23471 -94.30067
48588 1.74601 NaN NaN NaN 193.08778 -106.26975 -16.19028 301.93350 -169.46394 -26.17109 NaN NaN NaN 13.48671 -145.51529 34.87192 -2.70524 -143.17500 -94.31143
48589 1.75434 NaN NaN NaN 193.05844 -106.23912 -16.09902 301.89673 -169.45251 -26.18414 NaN NaN NaN 13.48852 -145.49208 34.91645 -2.67729 -143.13226 -94.29881
48590 1.76267 NaN NaN NaN 193.04326 -106.20287 -16.05043 301.82361 -169.39670 -26.17183 NaN NaN NaN 13.50297 -145.46991 34.92695 -2.65173 -143.11714 -94.26969
48591 1.77100 NaN NaN NaN 192.98793 -106.13097 -16.02846 301.77802 -169.35266 -26.14393 NaN NaN NaN 13.52908 -145.46144 34.94399 -2.61626 -143.10838 -94.24557
48592 1.77933 NaN NaN NaN 192.92181 -106.06236 -16.01308 301.72906 -169.26729 -26.12675 NaN NaN NaN 13.56389 -145.42772 34.95511 -2.58174 -143.10114 -94.22905
48593 1.78766 NaN NaN NaN 192.89917 -105.99136 -16.00292 301.71005 -169.25548 -26.13497 NaN NaN NaN 13.62662 -145.37062 34.97095 -2.61306 -143.19141 -94.08156
48594 1.79599 NaN NaN NaN 192.88683 -105.97696 -15.98227 301.69577 -169.23642 -26.11480 NaN NaN NaN 13.71013 -145.29106 34.95187 -2.57359 -143.21735 -94.03364
48595 1.80432 NaN NaN NaN 192.89677 -105.96227 -15.96805 301.68149 -169.23651 -26.11924 NaN NaN NaN 13.77746 -145.22800 34.94022 -2.51092 -143.22066 -94.04135
48596 1.81266 NaN NaN NaN 192.87813 -106.02449 -15.85478 301.67496 -169.25372 -26.10174 NaN NaN NaN 13.84873 -145.16838 34.92288 -2.39101 -143.08788 -94.19255
48597 1.82099 NaN NaN NaN 192.88196 -106.04161 -15.86103 301.68466 -169.23885 -26.14519 NaN NaN NaN 13.92658 -145.11632 34.91218 -2.32647 -142.96692 -94.28203
48598 1.82932 NaN NaN NaN 192.89470 -106.05998 -15.91325 301.67075 -169.22539 -26.15663 NaN NaN NaN 13.97892 -145.09488 34.90055 -2.28124 -142.88817 -94.32188
48599 1.83765 NaN NaN NaN 192.90419 -106.04256 -15.95411 301.66641 -169.21759 -26.20659 NaN NaN NaN 14.02908 -145.09702 34.88282 -2.26101 -142.86191 -94.31473
48600 1.84598 NaN NaN NaN 192.87593 -106.04688 -15.88657 301.66306 -169.21564 -26.24746 NaN NaN NaN 14.08558 -145.11794 34.85938 -2.23585 -142.86176 -94.28733
48601 1.85431 NaN NaN NaN 192.86040 -105.99084 -15.94251 301.65149 -169.21634 -26.28248 NaN NaN NaN 14.13157 -145.11954 34.84414 -2.19682 -142.89362 -94.29931
48602 1.86264 NaN NaN NaN 192.86784 -106.00333 -15.95008 301.63364 -169.21817 -26.29317 NaN NaN NaN 14.18205 -145.12648 34.83675 -2.15509 -142.95398 -94.30571
48603 1.87097 NaN NaN NaN 192.85941 -105.98026 -15.95592 301.62759 -169.22092 -26.29271 NaN NaN NaN 14.22096 -145.11592 34.83544 -2.10894 -143.00131 -94.31719
48604 1.87931 NaN NaN NaN 192.84956 -105.98814 -15.88898 301.63254 -169.22340 -26.29673 NaN NaN NaN 14.24837 -145.10788 34.82876 -2.09167 -143.03111 -94.30524
48605 1.88764 NaN NaN NaN 192.84245 -105.98071 -15.83916 301.64496 -169.23039 -26.33609 NaN NaN NaN 14.28478 -145.09680 34.82132 -2.08250 -143.03854 -94.33248
48606 1.89597 NaN NaN NaN 192.86530 -106.06458 -15.69024 301.63681 -169.24312 -26.36796 NaN NaN NaN 14.32074 -145.10742 34.81858 -2.06756 -143.02560 -94.33209
48607 1.90430 NaN NaN NaN 192.87247 -106.20081 -15.73931 301.64325 -169.27530 -26.42780 NaN NaN NaN 14.35559 -145.09691 34.80460 -2.04722 -143.05159 -94.38174
48608 1.91263 NaN NaN NaN 192.86673 -106.25449 -15.67437 301.67657 -169.29633 -26.49077 NaN NaN NaN 14.41376 -145.07686 34.82191 -2.06211 -143.08076 -94.33810
48609 1.92096 NaN NaN NaN 192.88110 -106.26696 -15.66860 301.71176 -169.30331 -26.57831 NaN NaN NaN 14.47391 -145.05585 34.82452 -2.06917 -143.14549 -94.34456
48610 1.92929 NaN NaN NaN 192.97308 -106.22567 -15.64112 301.76849 -169.35046 -26.64264 NaN NaN NaN 14.51878 -145.05132 34.83805 -2.10611 -143.18726 -94.27261
48611 1.93763 NaN NaN NaN 193.00221 -106.31413 -15.48332 301.81763 -169.39561 -26.69091 NaN NaN NaN 14.52980 -145.03793 34.83810 -2.06344 -143.20937 -94.30994
48612 1.94596 NaN NaN NaN 193.01112 -106.32056 -15.45486 301.83963 -169.44144 -26.74378 NaN NaN NaN 14.56210 -145.03920 34.82732 -2.06463 -143.20435 -94.27208
48613 1.95429 NaN NaN NaN 193.14297 -106.34113 -15.45619 301.87119 -169.45654 -26.76718 NaN NaN NaN 14.57071 -145.04153 34.81804 -2.05709 -143.19427 -94.25704
48614 1.96262 NaN NaN NaN 193.19638 -106.36290 -15.45832 301.87119 -169.48531 -26.82567 NaN NaN NaN 14.60131 -145.01018 34.83155 -2.07069 -143.16592 -94.25364
48615 1.97095 NaN NaN NaN 193.22604 -106.33977 -15.44419 301.89539 -169.49127 -26.88610 NaN NaN NaN 14.61810 -144.97363 34.84846 -2.06756 -143.15228 -94.24945
48616 1.97928 NaN NaN NaN 193.22858 -106.31702 -15.40226 301.92719 -169.49130 -26.97022 NaN NaN NaN 14.63561 -144.94234 34.85460 -2.05708 -143.13589 -94.26381
48617 1.98761 NaN NaN NaN 193.24083 -106.30693 -15.35785 301.95050 -169.52829 -27.09489 NaN NaN NaN 14.63434 -144.92317 34.85442 -2.14470 -143.25258 -94.10590
48618 1.99594 NaN NaN NaN 193.27036 -106.39024 -15.33247 301.96552 -169.55661 -27.20462 NaN NaN NaN 14.64365 -144.92052 34.87014 -2.16391 -143.34280 -94.00578
48619 2.00428 NaN NaN NaN 193.24355 -106.28324 -15.21294 302.01654 -169.57492 -27.29128 NaN NaN NaN 14.66872 -144.90843 34.89717 -2.14807 -143.42317 -93.98882
48620 2.01261 NaN NaN NaN 193.25961 -106.26602 -15.21093 302.07141 -169.59973 -27.36789 NaN NaN NaN 14.69860 -144.89587 34.90486 -2.08623 -143.33092 -94.12486
48621 2.02094 NaN NaN NaN 193.37149 -106.37879 -15.08528 302.12985 -169.61482 -27.43709 NaN NaN NaN 14.71892 -144.87047 34.90605 -2.11008 -143.32497 -94.04507
48622 2.02927 NaN NaN NaN 193.37114 -106.35435 -15.11716 302.15372 -169.62552 -27.51580 NaN NaN NaN 14.74967 -144.85876 34.90993 -2.14504 -143.32892 -94.00294
48623 2.03760 NaN NaN NaN 193.48389 -106.52299 -14.97824 302.17468 -169.64352 -27.54340 NaN NaN NaN 14.77156 -144.86449 34.91662 -2.15277 -143.35614 -93.98872
48624 2.04593 NaN NaN NaN 193.54042 -106.64109 -14.89685 302.18814 -169.67047 -27.60032 NaN NaN NaN 14.82937 -144.89496 34.90962 -2.09646 -143.29549 -94.12637
48625 2.05426 NaN NaN NaN 193.62250 -106.78705 -14.98376 302.23236 -169.72139 -27.67967 NaN NaN NaN 14.88451 -144.91798 34.88424 -2.06142 -143.23433 -94.20770
48626 2.06259 NaN NaN NaN 193.58125 -106.66246 -15.02533 302.27353 -169.79453 -27.76858 NaN NaN NaN 14.92759 -144.93550 34.88397 -2.13744 -143.31398 -94.06812
48627 2.07093 NaN NaN NaN 193.59126 -106.65347 -15.05121 302.28741 -169.82959 -27.85131 NaN NaN NaN 14.98735 -144.95863 34.86777 -2.10195 -143.29271 -94.14199
48628 2.07926 NaN NaN NaN 193.52803 -106.63620 -15.07421 302.28046 -169.87123 -27.98079 NaN NaN NaN 15.04623 -144.94667 34.87533 -2.17697 -143.44502 -94.03142
48629 2.08759 NaN NaN NaN 193.59290 -106.71926 -14.91677 302.31189 -169.91518 -28.16529 NaN NaN NaN 15.10069 -144.91116 34.88781 -2.21163 -143.55159 -93.98463
48630 2.09592 NaN NaN NaN 193.67661 -106.83585 -14.81289 302.34302 -169.99490 -28.32967 NaN NaN NaN 15.14000 -144.87968 34.87492 -2.22348 -143.62419 -93.96461
48631 2.10425 NaN NaN NaN 193.78705 -106.91719 -14.77503 302.39630 -170.06302 -28.48358 NaN NaN NaN 15.14655 -144.89809 34.86640 -2.23237 -143.67641 -93.96655
48632 2.11258 NaN NaN NaN 193.87051 -107.02057 -14.75820 302.44165 -170.12546 -28.60325 NaN NaN NaN 15.17331 -144.94360 34.85321 -2.17020 -143.57521 -94.10098
48633 2.12091 NaN NaN NaN 193.92955 -107.11085 -14.70832 302.50641 -170.21132 -28.71552 NaN NaN NaN 15.16703 -144.98595 34.84986 -2.23000 -143.56186 -94.05977
48634 2.12924 NaN NaN NaN 193.95901 -107.15389 -14.66542 302.51413 -170.28407 -28.75643 NaN NaN NaN 15.19079 -145.02792 34.84808 -2.20374 -143.44458 -94.14881
48635 2.13758 NaN NaN NaN 193.96707 -107.24584 -14.58690 302.54584 -170.37401 -28.89693 NaN NaN NaN 15.19521 -145.03531 34.81846 -2.17133 -143.38945 -94.26965
48636 2.14591 NaN NaN NaN 193.97557 -107.28301 -14.52804 302.57327 -170.45746 -29.06594 NaN NaN NaN 15.21430 -145.02180 34.80518 -2.21707 -143.31755 -94.25184
48637 2.15424 NaN NaN NaN 194.00821 -107.41345 -14.33945 302.61420 -170.52046 -29.25096 NaN NaN NaN 15.22574 -145.01781 34.78758 -2.23467 -143.33629 -94.32211
48638 2.16257 NaN NaN NaN 194.07170 -107.52392 -14.16852 302.63965 -170.60883 -29.41520 NaN NaN NaN 15.26363 -144.99298 34.74436 -2.27820 -143.32178 -94.28078
48639 2.17090 NaN NaN NaN 194.22678 -107.58846 -14.10172 302.69876 -170.67599 -29.58915 NaN NaN NaN 15.30102 -144.99480 34.70537 -2.31401 -143.34302 -94.35140
48640 2.17923 NaN NaN NaN 194.30887 -107.67434 -13.95125 302.74576 -170.77164 -29.79280 NaN NaN NaN 15.33313 -144.96527 34.67731 -2.34985 -143.35674 -94.40282
48641 2.18756 NaN NaN NaN 194.42683 -107.76359 -13.87062 302.80698 -170.84276 -30.04725 NaN NaN NaN 15.35608 -144.96878 34.65890 -2.36089 -143.36488 -94.44289
48642 2.19590 NaN NaN NaN 194.54941 -107.83664 -13.74158 302.88452 -170.88313 -30.23919 NaN NaN NaN 15.38271 -144.96672 34.59774 -2.37541 -143.34450 -94.46445
48643 2.20423 NaN NaN NaN 194.67087 -107.95417 -13.56146 302.98596 -170.99194 -30.35310 NaN NaN NaN 15.44178 -144.97812 34.55302 -2.42046 -143.32814 -94.49979
48644 2.21256 NaN NaN NaN 194.76906 -108.15327 -13.34324 303.11230 -171.11017 -30.43546 NaN NaN NaN 15.48648 -144.95689 34.51384 -2.45331 -143.30037 -94.52560
48645 2.22089 NaN NaN NaN 194.90773 -108.29092 -13.19917 303.23676 -171.27628 -30.53365 NaN NaN NaN 15.54224 -144.93037 34.50295 -2.48491 -143.27032 -94.55581
48646 2.22922 NaN NaN NaN 195.04884 -108.37508 -13.10874 303.34967 -171.40254 -30.60246 NaN NaN NaN 15.56919 -144.87666 34.46004 -2.51745 -143.27049 -94.57919
48647 2.23755 NaN NaN NaN 195.19353 -108.37971 -13.07060 303.43399 -171.47777 -30.64491 NaN NaN NaN 15.60833 -144.83791 34.42650 -2.52318 -143.27090 -94.58709
48648 2.24588 NaN NaN NaN 195.27115 -108.41125 -13.07680 303.48862 -171.52654 -30.66330 NaN NaN NaN 15.64993 -144.79227 34.41618 -2.52123 -143.27623 -94.59884
48649 2.25421 NaN NaN NaN 195.34261 -108.45430 -13.07884 303.52136 -171.52303 -30.68914 NaN NaN NaN 15.68102 -144.75578 34.40756 -2.49676 -143.25070 -94.59750
48650 2.26255 NaN NaN NaN 195.42287 -108.41068 -13.08049 303.54312 -171.55556 -30.68701 NaN NaN NaN 15.70614 -144.73904 34.39796 -2.45827 -143.22675 -94.62865
48651 2.27088 NaN NaN NaN 195.48955 -108.37199 -13.12973 303.55429 -171.56718 -30.71899 NaN NaN NaN 15.70613 -144.76266 34.36545 -2.37244 -143.14146 -94.67489
48652 2.27921 NaN NaN NaN 195.48233 -108.31679 -13.20340 303.55103 -171.57324 -30.71014 NaN NaN NaN 15.70455 -144.75998 34.34838 -2.33333 -143.04626 -94.73550
48653 2.28754 NaN NaN NaN 195.46579 -108.23092 -13.31557 303.53226 -171.57555 -30.71253 NaN NaN NaN 15.70236 -144.75558 34.35162 -2.29741 -142.96930 -94.78803
48654 2.29587 NaN NaN NaN 195.47383 -108.19241 -13.38122 303.53772 -171.57478 -30.73956 NaN NaN NaN 15.69528 -144.73364 34.39885 -2.25169 -142.94817 -94.73471
48655 2.30420 NaN NaN NaN 195.48347 -108.21220 -13.32762 303.54517 -171.60098 -30.79730 NaN NaN NaN 15.68990 -144.68086 34.41905 -2.23053 -142.94812 -94.69057
48656 2.31253 NaN NaN NaN 195.51768 -108.30904 -13.19674 303.57513 -171.61165 -30.91155 NaN NaN NaN 15.70908 -144.64053 34.43645 -2.20919 -142.96132 -94.66287
48657 2.32086 NaN NaN NaN 195.58371 -108.38297 -13.13749 303.59955 -171.66068 -31.02849 NaN NaN NaN 15.70511 -144.60777 34.43656 -2.20715 -143.08186 -94.58453
48658 2.32920 NaN NaN NaN 195.66829 -108.46142 -13.04918 303.62521 -171.70192 -31.09028 NaN NaN NaN 15.72457 -144.57639 34.43422 -2.16884 -143.09247 -94.59401
48659 2.33753 NaN NaN NaN 195.71550 -108.48567 -12.96225 303.64496 -171.73869 -31.14919 NaN NaN NaN 15.71542 -144.57169 34.43040 -2.15565 -143.10153 -94.61117
48660 2.34586 NaN NaN NaN 195.73871 -108.54134 -12.84736 303.65930 -171.77054 -31.21051 NaN NaN NaN 15.73147 -144.58366 34.42848 -2.12812 -143.09854 -94.63789
48661 2.35419 NaN NaN NaN 195.80537 -108.57890 -12.69738 303.67868 -171.80704 -31.31364 NaN NaN NaN 15.74525 -144.59518 34.40792 -2.11604 -143.10698 -94.65834
48662 2.36252 NaN NaN NaN 195.87845 -108.62557 -12.50699 303.73813 -171.89371 -31.44379 NaN NaN NaN 15.77684 -144.60880 34.39061 -2.09581 -143.10426 -94.65968
48663 2.37085 NaN NaN NaN 196.01567 -108.74059 -12.26408 303.82355 -172.02400 -31.59274 NaN NaN NaN 15.80309 -144.62477 34.36309 -2.10859 -143.11476 -94.72466
48664 2.37918 NaN NaN NaN 196.15822 -108.86593 -11.99409 303.90402 -172.11594 -31.71250 NaN NaN NaN 15.82448 -144.62379 34.32330 -2.12150 -143.12607 -94.76777
48665 2.38752 NaN NaN NaN 196.29819 -108.98171 -11.77363 304.00565 -172.19511 -31.80719 NaN NaN NaN 15.84421 -144.61690 34.27987 -2.11326 -143.12737 -94.78730
48666 2.39585 NaN NaN NaN 196.45128 -109.12207 -11.61922 304.11353 -172.25595 -31.89832 NaN NaN NaN 15.86818 -144.58905 34.25233 -2.09191 -143.09949 -94.82320
48667 2.40418 NaN NaN NaN 196.59534 -109.30544 -11.48948 304.21552 -172.33113 -31.96202 NaN NaN NaN 15.90143 -144.53638 34.22001 -2.08501 -143.08775 -94.82909
48668 2.41251 NaN NaN NaN 196.72496 -109.32764 -11.39146 304.34009 -172.41112 -32.01248 NaN NaN NaN 15.95293 -144.50821 34.17434 -2.07880 -143.07245 -94.83002
48669 2.42084 NaN NaN NaN 196.81375 -109.40751 -11.21437 304.41956 -172.44119 -32.07802 NaN NaN NaN 15.99095 -144.45842 34.12407 -2.07546 -143.06375 -94.84813
48670 2.42917 NaN NaN NaN 196.90636 -109.40967 -10.98674 304.50592 -172.50620 -32.14233 NaN NaN NaN 16.07507 -144.43184 34.07087 -2.05484 -143.06769 -94.85906
48671 2.43750 NaN NaN NaN 196.99570 -109.53060 -10.75265 304.58115 -172.52249 -32.24636 NaN NaN NaN 16.14442 -144.39767 34.02875 -2.02860 -143.04987 -94.90997
48672 2.44583 NaN NaN NaN 197.10434 -109.63516 -10.51453 304.61441 -172.54941 -32.40481 NaN NaN NaN 16.22213 -144.37328 33.99089 -1.98640 -143.01210 -94.94877
48673 2.45417 NaN NaN NaN 197.18832 -109.76004 -10.35681 304.67599 -172.58778 -32.57978 NaN NaN NaN 16.29320 -144.36172 33.94257 -1.95856 -142.98172 -94.99931
48674 2.46250 NaN NaN NaN 197.28123 -109.89785 -10.18013 304.73718 -172.64389 -32.78806 NaN NaN NaN 16.38578 -144.31509 33.89469 -1.93762 -142.97487 -95.02760
48675 2.47083 NaN NaN NaN 197.38602 -110.05511 -9.99397 304.80283 -172.69600 -33.06765 NaN NaN NaN 16.45148 -144.28473 33.86046 -1.90558 -142.98166 -95.05857
48676 2.47916 NaN NaN NaN 197.53716 -110.24082 -9.78318 304.89777 -172.76437 -33.31906 NaN NaN NaN 16.51206 -144.29053 33.81947 -1.86936 -142.98537 -95.07760
48677 2.48749 NaN NaN NaN 197.70403 -110.33739 -9.55222 304.98541 -172.83934 -33.53183 NaN NaN NaN 16.56102 -144.33476 33.73390 -1.80117 -142.99495 -95.12856
48678 2.49582 NaN NaN NaN 197.86667 -110.51083 -9.25048 305.10852 -172.94194 -33.74081 NaN NaN NaN 16.59865 -144.37392 33.65429 -1.74481 -142.99007 -95.17081
48679 2.50415 NaN NaN NaN 198.04134 -110.73134 -8.96325 305.21390 -173.04144 -34.06193 NaN NaN NaN 16.63929 -144.39471 33.59427 -1.72455 -142.97278 -95.25758
48680 2.51248 NaN NaN NaN 198.22119 -110.97058 -8.65115 305.32153 -173.12764 -34.38377 NaN NaN NaN 16.69847 -144.42805 33.51955 -1.71229 -142.96252 -95.35516
48681 2.52082 NaN NaN NaN 198.45230 -111.19574 -8.29955 305.45535 -173.26431 -34.71536 NaN NaN NaN 16.76294 -144.48790 33.45499 -1.68628 -142.96783 -95.44215
48682 2.52915 NaN NaN NaN 198.72998 -111.42982 -7.90437 305.58517 -173.39862 -35.17313 NaN NaN NaN 16.84650 -144.55983 33.39779 -1.65917 -143.02467 -95.53496
48683 2.53748 NaN NaN NaN 199.01697 -111.70809 -7.40785 305.73016 -173.53069 -35.61398 NaN NaN NaN 16.91766 -144.60898 33.35219 -1.58103 -143.07906 -95.66181
48684 2.54581 NaN NaN NaN 199.31686 -112.05152 -6.96893 305.88315 -173.61937 -36.11064 NaN NaN NaN 17.00998 -144.65286 33.29837 -1.51500 -143.13326 -95.73490
48685 2.55414 NaN NaN NaN 199.63124 -112.28168 -6.56708 306.03403 -173.73990 -36.56329 NaN NaN NaN 17.08348 -144.71158 33.22789 -1.47637 -143.18498 -95.82317
48686 2.56247 NaN NaN NaN 199.87886 -112.56841 -6.20925 306.17908 -173.83385 -36.94569 NaN NaN NaN 17.12772 -144.81638 33.15247 -1.43889 -143.27011 -95.84438
48687 2.57080 NaN NaN NaN 200.09967 -112.84353 -5.95291 306.30222 -173.94965 -37.29324 NaN NaN NaN 17.16619 -144.95015 33.09199 -1.38262 -143.33510 -95.84711
48688 2.57914 NaN NaN NaN 200.32130 -113.09358 -5.75437 306.41724 -174.10487 -37.55014 NaN NaN NaN 17.18212 -145.11160 33.02725 -1.36726 -143.46523 -95.86345
48689 2.58747 NaN NaN NaN 200.51054 -113.20402 -5.55870 306.51324 -174.22430 -37.74268 NaN NaN NaN 17.21695 -145.25180 32.97142 -1.37131 -143.62971 -95.89343
48690 2.59580 NaN NaN NaN 200.68306 -113.28602 -5.36832 306.60287 -174.31747 -37.93405 NaN NaN NaN 17.26808 -145.35129 32.95232 -1.42697 -143.82617 -95.93481
48691 2.60413 NaN NaN NaN 200.81964 -113.35900 -5.13370 306.65109 -174.38318 -38.16248 NaN NaN NaN 17.31022 -145.42278 32.93254 -1.46674 -144.01076 -95.94981
48692 2.61246 NaN NaN NaN 200.97041 -113.52390 -4.89501 306.69745 -174.42128 -38.31520 NaN NaN NaN 17.33557 -145.51566 32.92102 -1.50613 -144.20270 -95.91747
48693 2.62079 NaN NaN NaN 201.07909 -113.75938 -4.63527 306.75076 -174.49281 -38.50526 NaN NaN NaN 17.34514 -145.60945 32.93020 -1.57815 -144.39278 -95.87496
48694 2.62912 NaN NaN NaN 201.23369 -113.97911 -4.37799 306.79819 -174.59566 -38.69984 NaN NaN NaN 17.34070 -145.70758 32.94822 -1.63686 -144.57742 -95.82306
48695 2.63745 NaN NaN NaN 201.38524 -114.26973 -4.11226 306.85605 -174.72049 -39.02112 NaN NaN NaN 17.34188 -145.78940 32.98009 -1.70287 -144.75346 -95.76367
48696 2.64579 NaN NaN NaN 201.57465 -114.51479 -3.84861 306.92123 -174.83968 -39.35358 NaN NaN NaN 17.33184 -145.89091 33.03475 -1.77483 -144.94229 -95.71637
48697 2.65412 NaN NaN NaN 201.74071 -114.79543 -3.51052 306.95172 -174.92393 -39.72926 NaN NaN NaN 17.32533 -145.95891 33.12023 -1.86007 -145.13889 -95.64569
48698 2.66245 NaN NaN NaN 201.90491 -115.07467 -3.19042 306.98184 -175.02962 -40.17351 NaN NaN NaN 17.34249 -146.02229 33.21151 -1.92324 -145.34836 -95.57966
48699 2.67078 NaN NaN NaN 202.05550 -115.45584 -2.90008 306.99390 -175.09039 -40.58479 NaN NaN NaN 17.37590 -146.05754 33.28304 -1.96716 -145.55078 -95.49444
48700 2.67911 NaN NaN NaN 202.23470 -115.81324 -2.66482 307.05682 -175.19926 -41.02917 NaN NaN NaN 17.45173 -146.12141 33.40329 -2.03427 -145.76985 -95.39977
48701 2.68744 NaN NaN NaN 202.37521 -116.14233 -2.48261 307.08179 -175.43347 -41.51419 NaN NaN NaN 17.53239 -146.19156 33.47951 -2.07690 -145.99792 -95.30788
48702 2.69577 NaN NaN NaN 202.50908 -116.42378 -2.35123 307.07333 -175.67174 -41.89906 NaN NaN NaN 17.63851 -146.25854 33.55574 -2.12447 -146.29590 -95.18839
48703 2.70410 NaN NaN NaN 202.62950 -116.75221 -2.18588 307.06833 -175.79315 -42.37944 NaN NaN NaN 17.72856 -146.36429 33.59713 -2.13775 -146.56007 -95.10298
48704 2.71244 NaN NaN NaN 202.64455 -117.03331 -2.07600 307.06693 -175.98088 -42.85972 NaN NaN NaN 17.81553 -146.46521 33.62434 -2.14775 -146.77139 -95.03030
48705 2.72077 NaN NaN NaN 202.63986 -117.40468 -2.01212 307.05237 -176.09717 -43.35129 NaN NaN NaN 17.92686 -146.61552 33.64532 -2.13017 -147.11554 -94.89548
48706 2.72910 NaN NaN NaN 202.66464 -117.73547 -1.98857 307.02084 -176.27660 -43.81196 NaN NaN NaN 18.02463 -146.82780 33.66882 -2.16239 -147.30804 -94.96974
48707 2.73743 NaN NaN NaN 202.74205 -118.06737 -1.98474 307.01837 -176.41261 -44.27365 NaN NaN NaN 18.08671 -147.01561 33.69507 -2.17284 -147.50925 -94.83399
48708 2.74576 NaN NaN NaN 202.77969 -118.47954 -2.00497 306.99994 -176.62936 -44.72558 NaN NaN NaN 18.16459 -147.23329 33.71812 -2.18834 -147.70416 -94.89333
48709 2.75409 NaN NaN NaN 202.85234 -118.90397 -2.01772 306.95483 -176.80965 -45.22203 NaN NaN NaN 18.26802 -147.44244 33.74672 -2.18692 -147.86063 -94.90525
48710 2.76242 NaN NaN NaN 202.88069 -119.39485 -1.98196 306.92453 -177.01363 -45.64386 NaN NaN NaN 18.36253 -147.62650 33.73745 -2.18117 -148.04105 -94.84008
48711 2.77076 NaN NaN NaN 202.91042 -119.81411 -1.97920 306.93848 -177.22372 -46.11787 NaN NaN NaN 18.46492 -147.81746 33.73536 -2.10635 -148.20868 -94.80554
48712 2.77909 NaN NaN NaN 202.95108 -120.28333 -1.97797 306.91586 -177.34445 -46.55299 NaN NaN NaN 18.59740 -148.01965 33.71259 -2.02520 -148.34712 -94.76373
48713 2.78742 NaN NaN NaN 203.01137 -120.63815 -1.98670 306.90997 -177.51141 -46.92913 NaN NaN NaN 18.73623 -148.24081 33.72173 -1.98002 -148.51239 -94.70210
48714 2.79575 NaN NaN NaN 203.03674 -121.02162 -2.04992 306.89398 -177.66212 -47.31118 NaN NaN NaN 18.90409 -148.41034 33.68166 -1.90346 -148.60757 -94.73555
48715 2.80408 NaN NaN NaN 202.99554 -121.34053 -2.18370 306.86469 -177.79187 -47.54578 NaN NaN NaN 19.06608 -148.57552 33.65024 -1.89594 -148.76575 -94.70975
48716 2.81241 NaN NaN NaN 202.94327 -121.59004 -2.30006 306.84558 -177.91736 -47.67992 NaN NaN NaN 19.20018 -148.72684 33.61229 -1.80882 -148.92352 -94.72184
48717 2.82074 NaN NaN NaN 202.85950 -121.78226 -2.37796 306.84818 -178.06000 -47.79918 NaN NaN NaN 19.34401 -148.84128 33.54278 -1.67905 -149.10846 -94.77925
48718 2.82907 NaN NaN NaN 202.73833 -121.96678 -2.43301 306.83466 -178.09842 -47.87296 NaN NaN NaN 19.51992 -148.97766 33.50074 -1.49707 -149.17506 -94.94377
48719 2.83741 NaN NaN NaN 202.63231 -122.04939 -2.52613 306.78241 -178.12958 -47.89352 NaN NaN NaN 19.68772 -149.09047 33.47862 -1.37028 -149.35245 -94.97511
48720 2.84574 NaN NaN NaN 202.54189 -122.12021 -2.62733 306.71503 -178.17294 -47.86128 NaN NaN NaN 19.86877 -149.20442 33.46211 -1.28300 -149.40382 -94.98728
48721 2.85407 NaN NaN NaN 202.42682 -122.17162 -2.71859 306.65652 -178.11852 -47.87415 NaN NaN NaN 20.02353 -149.28857 33.47006 -1.19341 -149.49553 -94.98815
48722 2.86240 NaN NaN NaN 202.29070 -122.26997 -2.83293 306.58786 -178.06343 -47.89101 NaN NaN NaN 20.16898 -149.40134 33.47249 -1.10139 -149.57869 -94.97717
48723 2.87073 NaN NaN NaN 202.19786 -122.34281 -2.91177 306.54501 -178.02631 -47.95700 NaN NaN NaN 20.39547 -149.47430 33.43978 -1.02704 -149.71373 -94.98046
48724 2.87906 NaN NaN NaN 202.13875 -122.34856 -2.99113 306.51559 -177.97926 -47.96743 NaN NaN NaN 20.59720 -149.52364 33.40091 -0.90790 -149.82611 -94.97501
48725 2.88739 NaN NaN NaN 202.05066 -122.35461 -3.10078 306.47327 -177.96722 -48.04786 NaN NaN NaN 20.81202 -149.53348 33.36531 -0.82859 -149.93781 -94.99424
48726 2.89572 NaN NaN NaN 201.95908 -122.38337 -3.21408 306.44550 -177.94936 -48.09253 NaN NaN NaN 21.00728 -149.54230 33.29322 -0.76638 -150.00018 -95.01035
48727 2.90406 NaN NaN NaN 201.87337 -122.44430 -3.36949 306.44260 -177.93340 -48.14605 NaN NaN NaN 21.19146 -149.56381 33.23235 -0.70356 -150.18866 -95.03693
48728 2.91239 NaN NaN NaN 201.76759 -122.54613 -3.46455 306.43491 -177.93713 -48.14863 NaN NaN NaN 21.38500 -149.56342 33.15968 -0.66197 -150.31688 -95.09113
48729 2.92072 NaN NaN NaN 201.63632 -122.52414 -3.64684 306.42096 -177.95052 -48.09858 NaN NaN NaN 21.56317 -149.57191 33.09932 -0.60475 -150.38788 -95.20465
48730 2.92905 NaN NaN NaN 201.48454 -122.52029 -3.89431 306.39313 -177.95340 -47.94707 NaN NaN NaN 21.75571 -149.59094 33.01091 -0.56258 -150.42052 -95.30765
48731 2.93738 NaN NaN NaN 201.29124 -122.37326 -4.21358 306.36252 -177.93198 -47.71735 NaN NaN NaN 21.91750 -149.61314 32.85772 -0.46450 -150.14992 -95.53830
48732 2.94571 NaN NaN NaN 200.96533 -122.20696 -4.63730 306.27634 -177.95221 -47.46268 NaN NaN NaN 22.06479 -149.57817 32.68784 -0.40356 -150.08682 -95.73231
48733 2.95404 NaN NaN NaN 200.64090 -122.01647 -5.05850 306.15524 -177.91101 -47.24422 NaN NaN NaN 22.22644 -149.52721 32.56110 -0.33675 -149.99127 -95.82195
48734 2.96237 NaN NaN NaN 200.27997 -121.87219 -5.42784 306.01578 -177.87143 -46.89537 NaN NaN NaN 22.35009 -149.45461 32.43710 -0.29270 -150.02373 -95.86388
48735 2.97071 NaN NaN NaN 199.93164 -121.66765 -5.83659 305.85849 -177.79692 -46.58537 NaN NaN NaN 22.50469 -149.32237 32.28629 -0.24324 -149.99309 -95.90248
48736 2.97904 NaN NaN NaN 199.56113 -121.49805 -6.18005 305.71597 -177.75130 -46.31461 NaN NaN NaN 22.59736 -149.18690 32.18049 -0.14132 -149.86858 -95.95863
48737 2.98737 NaN NaN NaN 199.20088 -121.31958 -6.55991 305.59366 -177.70163 -46.04268 NaN NaN NaN 22.70540 -149.04184 32.10433 -0.05333 -149.72536 -96.01842
48738 2.99570 NaN NaN NaN 198.81459 -121.20614 -7.10999 305.47821 -177.61969 -45.64689 NaN NaN NaN 22.75491 -148.94702 32.05501 0.00526 -149.57964 -96.09884
48739 3.00403 NaN NaN NaN 198.33553 -121.01164 -7.75090 305.32843 -177.57283 -45.14185 NaN NaN NaN 22.77457 -148.88812 32.01559 0.05472 -149.47462 -96.13146
48740 3.01236 NaN NaN NaN 197.82083 -120.69700 -8.54365 305.19318 -177.53432 -44.59237 NaN NaN NaN 22.72187 -148.90948 31.96293 0.07094 -149.40189 -96.13602
48741 3.02069 NaN NaN NaN 197.23573 -120.39535 -9.31959 304.97714 -177.42438 -43.94122 NaN NaN NaN 22.65074 -148.97562 31.93494 0.05711 -149.38565 -96.11765
48742 3.02903 NaN NaN NaN 196.66515 -119.96889 -10.22269 304.74536 -177.30846 -43.28798 NaN NaN NaN 22.53407 -148.99501 31.94624 0.06696 -149.32877 -96.13307
48743 3.03736 NaN NaN NaN 196.05518 -119.59895 -11.04066 304.47070 -177.23306 -42.62641 NaN NaN NaN 22.41831 -148.97064 31.97243 0.07551 -149.17101 -96.15511
48744 3.04569 NaN NaN NaN 195.42520 -119.25245 -11.85308 304.15030 -177.11304 -42.09964 NaN NaN NaN 22.27061 -148.97513 31.99802 0.03281 -149.19281 -96.14356
48745 3.05402 NaN NaN NaN 194.88101 -118.95167 -12.56514 303.89932 -176.97211 -41.54161 NaN NaN NaN 22.08525 -149.03851 31.99058 0.01177 -149.14125 -96.17131
48746 3.06235 NaN NaN NaN 194.40544 -118.73470 -13.23676 303.60938 -176.85129 -41.02972 NaN NaN NaN 21.89170 -149.19316 31.99198 -0.03060 -149.11623 -96.23148
48747 3.07068 NaN NaN NaN 193.94643 -118.50311 -13.86809 303.31750 -176.78442 -40.59414 NaN NaN NaN 21.66250 -149.34418 31.97243 -0.14130 -149.13422 -96.20060
48748 3.07901 NaN NaN NaN 193.54144 -118.41916 -14.49447 303.04175 -176.69597 -40.13491 NaN NaN NaN 21.44728 -149.48895 31.94482 -0.23319 -149.17352 -96.22462
48749 3.08734 NaN NaN NaN 193.19272 -118.33775 -15.05827 302.79044 -176.65784 -39.71764 NaN NaN NaN 21.27799 -149.62056 31.90926 -0.34292 -149.22997 -96.24570
48750 3.09568 NaN NaN NaN 192.83458 -118.23004 -15.68454 302.52823 -176.63460 -39.31900 NaN NaN NaN 21.14743 -149.71565 31.89004 -0.38807 -149.20081 -96.31408
48751 3.10401 NaN NaN NaN 192.42419 -118.03974 -16.25624 302.24799 -176.57860 -38.75786 NaN NaN NaN 21.02923 -149.84720 31.87730 -0.46285 -149.25102 -96.30670
48752 3.11234 NaN NaN NaN 191.96722 -117.85555 -16.80745 301.96783 -176.51437 -38.19986 NaN NaN NaN 20.87856 -149.93710 31.84551 -0.51010 -149.25285 -96.39579
48753 3.12067 NaN NaN NaN 191.52637 -117.56782 -17.42417 301.70956 -176.41827 -37.69191 NaN NaN NaN 20.74493 -150.01213 31.80432 -0.51625 -149.22162 -96.49107
48754 3.12900 NaN NaN NaN 191.11566 -117.37859 -17.98469 301.37830 -176.32156 -37.18713 NaN NaN NaN 20.59489 -150.16060 31.72741 -0.44939 -149.20496 -96.55245
48755 3.13733 NaN NaN NaN 190.71304 -117.07433 -18.61834 301.10294 -176.20926 -36.66554 NaN NaN NaN 20.43674 -150.30557 31.64233 -0.33309 -149.15985 -96.60077
48756 3.14566 NaN NaN NaN 190.31659 -116.81371 -19.20057 300.78607 -175.99806 -36.11021 NaN NaN NaN 20.22746 -150.51126 31.58679 -0.21356 -149.06198 -96.68048
48757 3.15399 NaN NaN NaN 189.87999 -116.54376 -19.92283 300.48087 -175.80930 -35.63592 NaN NaN NaN 19.97141 -150.74402 31.54994 -0.06283 -148.92799 -96.78162
48758 3.16233 NaN NaN NaN 189.45204 -116.32984 -20.56918 300.19772 -175.58380 -35.08107 NaN NaN NaN 19.70507 -150.98047 31.48726 0.10322 -148.74965 -96.91439
48759 3.17066 NaN NaN NaN 189.08963 -116.04109 -21.21604 299.94699 -175.41096 -34.59062 NaN NaN NaN 19.45307 -151.21182 31.45078 0.31253 -148.54149 -97.00875
48760 3.17899 NaN NaN NaN 188.68291 -115.71804 -21.78183 299.66415 -175.20541 -34.04813 NaN NaN NaN 19.22368 -151.40640 31.44766 0.46714 -148.31981 -97.14214
48761 3.18732 NaN NaN NaN 188.36397 -115.51176 -22.38131 299.41965 -174.99416 -33.53500 NaN NaN NaN 18.97723 -151.62387 31.41625 0.56701 -148.20218 -97.17325
48762 3.19565 NaN NaN NaN 188.04799 -115.25314 -22.92584 299.19168 -174.79387 -32.96712 NaN NaN NaN 18.77147 -151.78362 31.38753 0.74190 -147.96616 -97.29009
48763 3.20398 NaN NaN NaN 187.72069 -115.04893 -23.43373 298.95599 -174.55362 -32.41661 NaN NaN NaN 18.57221 -151.93788 31.34284 0.93317 -147.81259 -97.46218
48764 3.21231 NaN NaN NaN 187.43881 -114.84485 -23.94537 298.68271 -174.35344 -31.90907 NaN NaN NaN 18.45407 -152.05557 31.29281 1.06601 -147.62094 -97.57722
48765 3.22065 NaN NaN NaN 187.12701 -114.64764 -24.41285 298.42538 -174.11813 -31.38150 NaN NaN NaN 18.38288 -152.14807 31.18688 1.21304 -147.32928 -97.69557
48766 3.22898 NaN NaN NaN 186.81892 -114.50928 -24.82200 298.20322 -173.93141 -30.90389 NaN NaN NaN 18.36756 -152.26913 31.04839 1.36704 -147.06204 -97.89708
48767 3.23731 NaN NaN NaN 186.52449 -114.31644 -25.26960 297.96643 -173.69455 -30.51721 NaN NaN NaN 18.33077 -152.36006 30.86327 1.52419 -146.78325 -98.07335
48768 3.24564 NaN NaN NaN 186.28511 -114.09938 -25.65424 297.74466 -173.50078 -30.09883 NaN NaN NaN 18.28914 -152.46042 30.67375 1.67680 -146.51653 -98.32096
48769 3.25397 NaN NaN NaN 186.03459 -113.87469 -25.98126 297.55432 -173.32610 -29.80337 NaN NaN NaN 18.23663 -152.57632 30.44813 1.83216 -146.18849 -98.56209
48770 3.26230 NaN NaN NaN 185.85216 -113.83394 -26.21750 297.37589 -173.19125 -29.57324 NaN NaN NaN 18.19881 -152.69534 30.23698 2.07631 -145.83905 -98.72096
48771 3.27063 NaN NaN NaN 185.72603 -113.69493 -26.43159 297.27084 -173.06052 -29.26374 NaN NaN NaN 18.18533 -152.88531 30.01599 2.37579 -145.49698 -99.01001
48772 3.27896 NaN NaN NaN 185.62407 -113.61431 -26.60621 297.17191 -172.94699 -29.03521 NaN NaN NaN 18.13579 -153.12605 29.73138 2.69189 -145.09109 -99.25420
48773 3.28730 NaN NaN NaN 185.50093 -113.69019 -26.70859 297.07791 -172.85371 -28.83472 NaN NaN NaN 18.03421 -153.33836 29.43679 2.97093 -144.70578 -99.52554
48774 3.29563 NaN NaN NaN 185.38876 -113.74477 -26.83438 296.95700 -172.81657 -28.65697 NaN NaN NaN 17.96028 -153.57057 29.20939 3.29506 -144.27036 -99.86067
48775 3.30396 NaN NaN NaN 185.25287 -113.71876 -27.02890 296.86380 -172.76068 -28.50272 NaN NaN NaN 17.90936 -153.81929 28.93464 3.58031 -143.82733 -100.10337
48776 3.31229 NaN NaN NaN 185.15251 -113.76864 -27.12712 296.77158 -172.72455 -28.34801 NaN NaN NaN 17.84692 -154.04599 28.67088 3.84378 -143.40710 -100.33407
48777 3.32062 NaN NaN NaN 185.06104 -113.75982 -27.19890 296.72769 -172.70866 -28.27186 NaN NaN NaN 17.80827 -154.25719 28.43143 4.13278 -143.01736 -100.50507
48778 3.32895 NaN NaN NaN 184.98785 -113.77263 -27.22545 296.66714 -172.66779 -28.26576 NaN NaN NaN 17.74944 -154.43268 28.26089 4.40684 -142.66759 -100.67352
48779 3.33728 NaN NaN NaN 184.96806 -113.80063 -27.27929 296.63284 -172.64984 -28.29798 NaN NaN NaN 17.68253 -154.55637 28.04073 4.63378 -142.30566 -100.91674
48780 3.34561 NaN NaN NaN 184.97896 -113.83066 -27.29228 296.63223 -172.62500 -28.33039 NaN NaN NaN 17.63604 -154.66591 27.86628 4.82662 -141.99861 -101.08208
48781 3.35395 NaN NaN NaN 185.01204 -113.85497 -27.28443 296.67105 -172.63426 -28.37514 NaN NaN NaN 17.51557 -154.77077 27.71045 4.98052 -141.76837 -101.18824
48782 3.36228 NaN NaN NaN 184.94928 -113.85291 -27.21329 296.66272 -172.63660 -28.36153 NaN NaN NaN 17.37492 -154.84305 27.61207 5.10391 -141.55237 -101.25110
48783 3.37061 NaN NaN NaN 184.93607 -113.85710 -27.19987 296.63583 -172.59903 -28.28288 NaN NaN NaN 17.20520 -154.96626 27.49217 5.22171 -141.30560 -101.34766
48784 3.37894 NaN NaN NaN 184.83400 -113.78662 -27.26725 296.57239 -172.50201 -28.11312 NaN NaN NaN 16.99997 -155.13058 27.41659 5.28913 -141.09828 -101.43256
48785 3.38727 NaN NaN NaN 184.74503 -113.69972 -27.33759 296.45300 -172.34802 -27.94109 NaN NaN NaN 16.78338 -155.33919 27.30467 5.42636 -140.86520 -101.50906
48786 3.39560 NaN NaN NaN 184.61430 -113.53333 -27.34467 296.30914 -172.16534 -27.69712 NaN NaN NaN 16.53925 -155.54613 27.23405 5.61014 -140.58159 -101.60238
48787 3.40393 NaN NaN NaN 184.42824 -113.62042 -27.57942 296.12933 -172.02817 -27.49164 NaN NaN NaN 16.29637 -155.77217 27.12928 5.67654 -140.39304 -101.61811
48788 3.41227 NaN NaN NaN 184.15752 -113.55963 -27.84444 295.96454 -171.89244 -27.24466 NaN NaN NaN 16.09856 -155.95920 27.04511 5.74377 -140.16713 -101.70184
48789 3.42060 NaN NaN NaN 183.84895 -113.42070 -28.05597 295.79660 -171.79085 -27.00994 NaN NaN NaN 15.94915 -156.08693 26.97858 5.80096 -140.01875 -101.77834
48790 3.42893 NaN NaN NaN 183.66692 -113.25424 -28.17541 295.63983 -171.70088 -26.84414 NaN NaN NaN 15.91720 -156.14966 26.93608 5.77290 -139.91328 -101.87672
48791 3.43726 NaN NaN NaN 183.57141 -113.08949 -28.24315 295.50980 -171.57796 -26.74852 NaN NaN NaN 15.94328 -156.14503 26.91242 5.79413 -139.81891 -101.90284
48792 3.44559 NaN NaN NaN 183.37979 -112.97908 -28.35106 295.40402 -171.48077 -26.70483 NaN NaN NaN 15.97872 -156.11771 26.91425 5.82079 -139.80080 -101.87186
48793 3.45392 NaN NaN NaN 183.33392 -112.81036 -28.40033 295.30243 -171.40909 -26.67458 NaN NaN NaN 16.05654 -156.02527 26.90417 5.82640 -139.87131 -101.79894
48794 3.46225 NaN NaN NaN 183.27672 -112.85229 -28.46278 295.24060 -171.35782 -26.62966 NaN NaN NaN 16.19008 -155.89973 26.87810 5.81193 -139.90819 -101.86185
48795 3.47058 NaN NaN NaN 183.42221 -112.50634 -28.42902 295.20862 -171.34549 -26.59686 NaN NaN NaN 16.31796 -155.79373 26.81530 5.90412 -139.92618 -101.87298
48796 3.47892 NaN NaN NaN 183.33824 -112.71520 -28.55480 295.17468 -171.34282 -26.47925 NaN NaN NaN 16.37690 -155.77246 26.69613 6.02711 -139.83008 -101.97794
48797 3.48725 NaN NaN NaN 183.34105 -112.54932 -28.43300 295.12384 -171.31822 -26.30253 NaN NaN NaN 16.34421 -155.91911 26.46173 6.21477 -139.62805 -102.10365
48798 3.49558 NaN NaN NaN 183.21822 -112.63086 -28.62319 295.04236 -171.24422 -26.03450 NaN NaN NaN 16.22634 -156.19701 26.15922 6.52376 -139.19783 -102.40760
48799 3.50391 NaN NaN NaN 183.06326 -112.70491 -28.79670 294.89786 -171.11829 -25.78560 NaN NaN NaN 16.15104 -156.45869 25.85640 6.78931 -138.73734 -102.67120
48800 3.51224 NaN NaN NaN 182.95811 -112.52644 -28.92625 294.74582 -170.99368 -25.41170 NaN NaN NaN 16.17679 -156.60657 25.55544 6.98215 -138.30701 -103.00681
48801 3.52057 NaN NaN NaN 182.93808 -112.16580 -28.85570 294.61627 -170.91241 -25.09031 NaN NaN NaN 16.21989 -156.64658 25.26599 7.14597 -138.00444 -103.33635
48802 3.52890 NaN NaN NaN 182.88744 -111.90357 -28.89530 294.47079 -170.87474 -24.85799 NaN NaN NaN 16.28672 -156.70535 25.00671 7.21357 -137.84924 -103.58739
48803 3.53723 NaN NaN NaN 182.81476 -111.64474 -28.90396 294.35855 -170.83827 -24.71115 NaN NaN NaN 16.37155 -156.72182 24.81324 7.31366 -137.72847 -103.75644
48804 3.54557 NaN NaN NaN 182.70821 -111.50295 -28.97173 294.24893 -170.77271 -24.60226 NaN NaN NaN 16.48632 -156.67015 24.71729 7.35228 -137.72569 -103.84472
48805 3.55390 NaN NaN NaN 182.62514 -111.55737 -29.08866 294.19846 -170.74696 -24.57162 NaN NaN NaN 16.60911 -156.58812 24.60662 7.38272 -137.78564 -103.89167
48806 3.56223 NaN NaN NaN 182.56458 -111.58064 -29.16933 294.20053 -170.71074 -24.60339 NaN NaN NaN 16.72469 -156.47784 24.50016 7.43794 -137.84319 -103.95852
48807 3.57056 NaN NaN NaN 182.58051 -111.61389 -29.21227 294.21890 -170.72519 -24.65337 NaN NaN NaN 16.75760 -156.37701 24.44600 7.49621 -137.82593 -103.95502
48808 3.57889 NaN NaN NaN 182.66342 -111.64946 -29.16585 294.30005 -170.77838 -24.77461 NaN NaN NaN 16.76635 -156.34898 24.43721 7.55763 -137.80711 -103.95585
48809 3.58722 NaN NaN NaN 182.69455 -111.98343 -29.22826 294.42050 -170.84444 -24.90406 NaN NaN NaN 16.70474 -156.32986 24.48071 7.59762 -137.72420 -103.95357
48810 3.59555 NaN NaN NaN 182.84128 -112.17829 -29.17087 294.59424 -170.93983 -25.05782 NaN NaN NaN 16.57121 -156.35123 24.54478 7.67908 -137.65594 -103.89075
48811 3.60388 NaN NaN NaN 183.06676 -112.28370 -28.92042 294.77872 -171.00031 -25.20206 NaN NaN NaN 16.36826 -156.46954 24.63263 7.67887 -137.63167 -103.82761
