Frame# Time LH1 LH2 LH3 RH1 RH2 RH3
X54 Y54 Z54 X55 Y55 Z55 X56 Y56 Z56 X57 Y57 Z57 X58 Y58 Z58 X59 Y59 Z59
43050 0.00727 NaN NaN NaN 158.87263 -81.77657 -27.62679 256.46106 -162.07927 -27.78967 NaN NaN NaN 4.13298 -150.85051 29.96587 -70.63302 -189.00755 -69.82253
43051 0.01560 NaN NaN NaN 158.80453 -81.79776 -27.57904 256.40747 -162.12079 -27.77792 NaN NaN NaN 4.21328 -150.77351 29.92318 -70.64129 -188.94266 -69.80163
43052 0.02393 NaN NaN NaN 158.77808 -81.83833 -27.56322 256.35873 -162.16954 -27.77581 NaN NaN NaN 4.24740 -150.73572 29.89192 -70.64908 -188.90358 -69.80232
43053 0.03227 NaN NaN NaN 158.76207 -81.88403 -27.56283 256.32977 -162.21805 -27.76463 NaN NaN NaN 4.27570 -150.72267 29.87998 -70.62521 -188.91071 -69.79111
43054 0.04060 NaN NaN NaN 158.76878 -81.93279 -27.52200 256.29163 -162.29967 -27.75694 NaN NaN NaN 4.30178 -150.72495 29.84139 -70.65091 -188.92410 -69.82930
43055 0.04893 NaN NaN NaN 158.72432 -82.03075 -27.49068 256.28726 -162.39850 -27.70888 NaN NaN NaN 4.37198 -150.74986 29.79316 -70.64655 -188.94025 -69.83620
43056 0.05726 NaN NaN NaN 158.72681 -82.09451 -27.49137 256.25385 -162.48582 -27.72877 NaN NaN NaN 4.44940 -150.81171 29.74231 -70.62479 -189.04608 -69.81413
43057 0.06559 NaN NaN NaN 158.70499 -82.20471 -27.44766 256.22791 -162.61292 -27.72181 NaN NaN NaN 4.51416 -150.83044 29.67140 -70.61053 -189.12727 -69.78941
43058 0.07392 NaN NaN NaN 158.62514 -82.39273 -27.42423 256.20142 -162.70557 -27.72053 NaN NaN NaN 4.59990 -150.86490 29.60677 -70.59888 -189.22012 -69.78740
43059 0.08225 NaN NaN NaN 158.58640 -82.53036 -27.45724 256.16983 -162.82060 -27.71112 NaN NaN NaN 4.72539 -150.86008 29.51756 -70.53783 -189.31227 -69.71068
43060 0.09059 NaN NaN NaN 158.54109 -82.65961 -27.48393 256.14914 -162.96980 -27.71148 NaN NaN NaN 4.88969 -150.87437 29.44080 -70.50751 -189.43462 -69.66493
43061 0.09892 NaN NaN NaN 158.55087 -82.76842 -27.50642 256.14169 -163.13655 -27.74235 NaN NaN NaN 5.03340 -150.83257 29.36978 -70.46575 -189.59813 -69.56667
43062 0.10725 NaN NaN NaN 158.51279 -82.92220 -27.50202 256.15833 -163.27046 -27.79124 NaN NaN NaN 5.16050 -150.78004 29.29489 -70.40965 -189.71863 -69.46907
43063 0.11558 NaN NaN NaN 158.49817 -83.10558 -27.49251 256.19675 -163.40930 -27.86490 NaN NaN NaN 5.30001 -150.71471 29.22243 -70.40681 -189.81081 -69.39668
43064 0.12391 NaN NaN NaN 158.49133 -83.27919 -27.48083 256.21674 -163.50517 -27.92217 NaN NaN NaN 5.44344 -150.70496 29.13292 -70.39935 -189.90224 -69.32104
43065 0.13224 NaN NaN NaN 158.49448 -83.44130 -27.42106 256.23181 -163.61263 -27.97890 NaN NaN NaN 5.54357 -150.69833 29.07842 -70.39794 -189.95027 -69.26007
43066 0.14057 NaN NaN NaN 158.50687 -83.60691 -27.38193 256.25516 -163.73656 -28.02339 NaN NaN NaN 5.63342 -150.69855 29.01414 -70.35486 -190.02400 -69.20039
43067 0.14890 NaN NaN NaN 158.48335 -83.75620 -27.36930 256.28113 -163.84819 -28.07522 NaN NaN NaN 5.72945 -150.67717 28.95127 -70.38407 -190.10716 -69.13993
43068 0.15724 NaN NaN NaN 158.46278 -83.89206 -27.35374 256.29977 -163.94427 -28.12201 NaN NaN NaN 5.83010 -150.64659 28.89403 -70.40215 -190.15649 -69.09467
43069 0.16557 NaN NaN NaN 158.45891 -83.94038 -27.34791 256.30499 -164.02599 -28.13993 NaN NaN NaN 5.93126 -150.58128 28.85841 -70.44627 -190.19202 -69.03934
43070 0.17390 NaN NaN NaN 158.44601 -84.03219 -27.32238 256.30685 -164.07481 -28.14398 NaN NaN NaN 6.03555 -150.53047 28.79890 -70.49860 -190.27200 -68.95266
43071 0.18223 NaN NaN NaN 158.44373 -84.05201 -27.32724 256.32089 -164.11156 -28.13891 NaN NaN NaN 6.11334 -150.46028 28.70148 -70.50842 -190.31638 -68.88982
43072 0.19056 NaN NaN NaN 158.42589 -84.06715 -27.31680 256.33835 -164.11208 -28.12698 NaN NaN NaN 6.15144 -150.40253 28.66409 -70.52521 -190.37750 -68.82379
43073 0.19889 NaN NaN NaN 158.41359 -84.08091 -27.32722 256.34464 -164.10907 -28.12290 NaN NaN NaN 6.20263 -150.34972 28.65641 -70.49458 -190.40430 -68.75014
43074 0.20722 NaN NaN NaN 158.42113 -84.07696 -27.30941 256.37097 -164.10236 -28.10062 NaN NaN NaN 6.23517 -150.28593 28.63225 -70.50152 -190.40733 -68.72540
43075 0.21555 NaN NaN NaN 158.43367 -84.04177 -27.32230 256.38068 -164.06361 -28.08884 NaN NaN NaN 6.29322 -150.18500 28.60966 -70.51171 -190.35469 -68.70193
43076 0.22389 NaN NaN NaN 158.44946 -84.03828 -27.30673 256.40750 -164.01749 -28.07191 NaN NaN NaN 6.37351 -150.06732 28.56358 -70.49720 -190.31627 -68.67078
43077 0.23222 NaN NaN NaN 158.50087 -83.96980 -27.28606 256.42438 -163.98412 -28.07409 NaN NaN NaN 6.41449 -149.98233 28.55527 -70.49172 -190.26074 -68.64588
43078 0.24055 NaN NaN NaN 158.50700 -83.93686 -27.26976 256.44171 -163.94679 -28.08344 NaN NaN NaN 6.45221 -149.87151 28.55505 -70.48652 -190.24718 -68.65505
43079 0.24888 NaN NaN NaN 158.54288 -83.86919 -27.25898 256.44977 -163.90388 -28.05969 NaN NaN NaN 6.47416 -149.75702 28.51739 -70.47487 -190.13635 -68.60847
43080 0.25721 NaN NaN NaN 158.58620 -83.79602 -27.24452 256.47974 -163.86507 -28.05590 NaN NaN NaN 6.50731 -149.65143 28.48535 -70.46452 -190.00702 -68.58543
43081 0.26554 NaN NaN NaN 158.62494 -83.72842 -27.23247 256.53345 -163.81493 -28.03584 NaN NaN NaN 6.55497 -149.50371 28.45017 -70.47579 -189.84898 -68.58748
43082 0.27387 NaN NaN NaN 158.64296 -83.66923 -27.22905 256.55899 -163.74321 -28.00480 NaN NaN NaN 6.58788 -149.38200 28.43298 -70.46912 -189.73495 -68.61986
43083 0.28221 NaN NaN NaN 158.66190 -83.60031 -27.19850 256.58191 -163.68149 -27.99367 NaN NaN NaN 6.63685 -149.25511 28.40022 -70.46286 -189.63322 -68.63229
43084 0.29054 NaN NaN NaN 158.66394 -83.55824 -27.14023 256.58032 -163.60892 -27.98731 NaN NaN NaN 6.67131 -149.12148 28.35904 -70.46783 -189.52725 -68.64993
43085 0.29887 NaN NaN NaN 158.67696 -83.53011 -27.10573 256.59036 -163.54602 -28.00595 NaN NaN NaN 6.72988 -148.97749 28.29724 -70.46796 -189.42441 -68.66271
43086 0.30720 NaN NaN NaN 158.69490 -83.44619 -27.06432 256.59430 -163.49683 -28.00485 NaN NaN NaN 6.76423 -148.84836 28.25028 -70.48793 -189.30849 -68.67805
43087 0.31553 NaN NaN NaN 158.70372 -83.37993 -27.02500 256.59848 -163.45226 -27.99355 NaN NaN NaN 6.78723 -148.74553 28.22310 -70.51325 -189.17650 -68.68132
43088 0.32386 NaN NaN NaN 158.70110 -83.30953 -26.99772 256.57074 -163.39717 -27.94051 NaN NaN NaN 6.77592 -148.61415 28.19406 -70.53323 -189.04073 -68.68846
43089 0.33219 NaN NaN NaN 158.67368 -83.27318 -26.97050 256.54568 -163.35194 -27.94343 NaN NaN NaN 6.78619 -148.45937 28.14553 -70.54707 -188.91418 -68.70847
43090 0.34052 NaN NaN NaN 158.67589 -83.21197 -26.95153 256.52588 -163.32108 -27.94142 NaN NaN NaN 6.78710 -148.32364 28.09951 -70.58701 -188.79858 -68.66472
43091 0.34886 NaN NaN NaN 158.65146 -83.13638 -26.93806 256.49872 -163.28200 -27.94413 NaN NaN NaN 6.78877 -148.21927 28.07400 -70.65459 -188.67680 -68.64803
43092 0.35719 NaN NaN NaN 158.62096 -83.07061 -26.88561 256.47070 -163.27695 -27.93758 NaN NaN NaN 6.79195 -148.13228 28.04569 -70.73746 -188.55612 -68.57232
43093 0.36552 NaN NaN NaN 158.59827 -83.02236 -26.84023 256.42972 -163.25786 -27.94240 NaN NaN NaN 6.80782 -148.04300 28.05238 -70.79788 -188.46428 -68.51508
43094 0.37385 NaN NaN NaN 158.59949 -82.97672 -26.87053 256.39645 -163.23001 -27.93898 NaN NaN NaN 6.79017 -147.88416 28.04511 -70.84027 -188.43208 -68.44405
43095 0.38218 NaN NaN NaN 158.58031 -82.97601 -26.84165 256.36917 -163.22212 -27.94071 NaN NaN NaN 6.79811 -147.70111 28.02743 -70.87070 -188.39612 -68.38847
43096 0.39051 NaN NaN NaN 158.56834 -82.93061 -26.86705 256.32162 -163.22224 -27.93774 NaN NaN NaN 6.77991 -147.55132 28.03226 -70.92857 -188.31541 -68.36269
43097 0.39884 NaN NaN NaN 158.54781 -82.91911 -26.84542 256.29050 -163.24452 -27.93448 NaN NaN NaN 6.77275 -147.41803 28.02526 -70.98782 -188.22873 -68.28934
43098 0.40717 NaN NaN NaN 158.52348 -82.94204 -26.83073 256.26199 -163.27348 -27.93438 NaN NaN NaN 6.79778 -147.27504 28.00346 -71.06533 -188.15657 -68.20155
43099 0.41551 NaN NaN NaN 158.55807 -82.95308 -26.80501 256.26019 -163.31116 -27.92052 NaN NaN NaN 6.85663 -147.06995 27.97243 -71.22868 -187.83627 -68.25092
43100 0.42384 NaN NaN NaN 158.58658 -82.95959 -26.78578 256.24301 -163.34807 -27.93370 NaN NaN NaN 6.93693 -146.89088 27.92658 -71.29131 -187.71497 -68.18233
43101 0.43217 NaN NaN NaN 158.60280 -82.97868 -26.76869 256.25494 -163.41603 -27.93415 NaN NaN NaN 7.00748 -146.72835 27.87187 -71.31398 -187.61284 -68.09282
43102 0.44050 NaN NaN NaN 158.60934 -83.00604 -26.75466 256.26520 -163.46584 -27.96823 NaN NaN NaN 7.04530 -146.53604 27.82365 -71.38111 -187.51498 -68.01138
43103 0.44883 NaN NaN NaN 158.60994 -83.04597 -26.72729 256.26514 -163.51921 -27.98459 NaN NaN NaN 7.14732 -146.37131 27.76762 -71.40918 -187.46495 -67.89149
43104 0.45716 NaN NaN NaN 158.63564 -83.08038 -26.67607 256.27924 -163.57187 -27.99025 NaN NaN NaN 7.26533 -146.17529 27.69720 -71.36840 -187.59579 -67.69049
43105 0.46549 NaN NaN NaN 158.63686 -83.14965 -26.65603 256.29364 -163.63786 -27.98676 NaN NaN NaN 7.36647 -145.98567 27.62502 -71.31774 -187.73077 -67.52707
43106 0.47383 NaN NaN NaN 158.65500 -83.19570 -26.62586 256.29782 -163.69788 -27.98297 NaN NaN NaN 7.46410 -145.78636 27.54278 -71.29453 -187.83995 -67.41520
43107 0.48216 NaN NaN NaN 158.72687 -83.22546 -26.54904 256.32666 -163.77554 -27.99366 NaN NaN NaN 7.52218 -145.64966 27.51603 -71.25161 -187.86035 -67.31792
43108 0.49049 NaN NaN NaN 158.77003 -83.29462 -26.47494 256.35251 -163.85274 -27.97901 NaN NaN NaN 7.59444 -145.53517 27.50165 -71.25366 -187.85310 -67.24612
43109 0.49882 NaN NaN NaN 158.85066 -83.33408 -26.39268 256.37854 -163.95358 -27.96317 NaN NaN NaN 7.66809 -145.44693 27.50811 -71.22600 -187.81490 -67.18602
43110 0.50715 NaN NaN NaN 158.87750 -83.41560 -26.31478 256.40280 -164.00989 -27.94408 NaN NaN NaN 7.73641 -145.40402 27.49668 -71.22914 -187.79034 -67.13611
43111 0.51548 NaN NaN NaN 158.91602 -83.45932 -26.25585 256.42664 -164.08167 -27.93492 NaN NaN NaN 7.81469 -145.34073 27.49152 -71.25935 -187.71992 -67.11459
43112 0.52381 NaN NaN NaN 158.94289 -83.53851 -26.16678 256.47781 -164.17374 -27.94305 NaN NaN NaN 7.89372 -145.27490 27.48611 -71.22203 -187.80019 -67.01477
43113 0.53214 NaN NaN NaN 159.04770 -83.60255 -26.09418 256.53613 -164.27490 -27.95568 NaN NaN NaN 7.92827 -145.23065 27.48505 -71.18176 -187.93776 -66.89359
43114 0.54048 NaN NaN NaN 159.13084 -83.67326 -26.03218 256.58929 -164.38394 -27.98793 NaN NaN NaN 7.95233 -145.17792 27.47612 -71.18526 -188.03726 -66.80959
43115 0.54881 NaN NaN NaN 159.21657 -83.74097 -25.96305 256.62933 -164.49965 -28.02507 NaN NaN NaN 7.95927 -145.15451 27.47042 -71.17494 -188.10783 -66.76162
43116 0.55714 NaN NaN NaN 159.23788 -83.82153 -25.89374 256.68109 -164.58415 -28.07335 NaN NaN NaN 7.98592 -145.15508 27.47260 -71.18622 -188.12985 -66.70557
43117 0.56547 NaN NaN NaN 159.25652 -83.87634 -25.83202 256.71469 -164.63568 -28.08776 NaN NaN NaN 8.03979 -145.14018 27.46042 -71.17126 -188.12709 -66.67545
43118 0.57380 NaN NaN NaN 159.31244 -83.95535 -25.76649 256.77637 -164.66470 -28.11331 NaN NaN NaN 8.07577 -145.10849 27.40997 -71.16382 -188.12396 -66.65857
43119 0.58213 NaN NaN NaN 159.40964 -83.99027 -25.76087 256.83380 -164.70020 -28.18397 NaN NaN NaN 8.10501 -145.07037 27.38184 -71.17375 -188.16428 -66.60164
43120 0.59046 NaN NaN NaN 159.45480 -84.03864 -25.72322 256.89832 -164.75684 -28.23844 NaN NaN NaN 8.16022 -145.04417 27.32307 -71.16226 -188.18140 -66.56355
43121 0.59879 NaN NaN NaN 159.51550 -84.08588 -25.71009 256.94159 -164.82532 -28.26249 NaN NaN NaN 8.21430 -144.99826 27.28460 -71.14023 -188.19019 -66.55541
43122 0.60713 NaN NaN NaN 159.55586 -84.07747 -25.71121 256.98221 -164.87674 -28.27583 NaN NaN NaN 8.26675 -144.96783 27.26824 -71.10854 -188.16522 -66.59301
43123 0.61546 NaN NaN NaN 159.60434 -84.09005 -25.68783 257.02173 -164.90964 -28.27181 NaN NaN NaN 8.33911 -144.92241 27.24850 -71.07594 -188.10478 -66.58669
43124 0.62379 NaN NaN NaN 159.63654 -84.09624 -25.66080 257.04181 -164.90535 -28.27355 NaN NaN NaN 8.39167 -144.87500 27.22211 -71.05963 -188.06294 -66.59716
43125 0.63212 NaN NaN NaN 159.65149 -84.10249 -25.65901 257.06775 -164.86342 -28.28321 NaN NaN NaN 8.43046 -144.84480 27.19736 -71.04404 -188.01367 -66.60765
43126 0.64045 NaN NaN NaN 159.66234 -84.09406 -25.65057 257.08105 -164.86687 -28.28108 NaN NaN NaN 8.44648 -144.83025 27.18044 -71.01897 -188.00092 -66.62778
43127 0.64878 NaN NaN NaN 159.68727 -84.08022 -25.63544 257.08694 -164.85049 -28.28486 NaN NaN NaN 8.48411 -144.81126 27.16389 -71.01461 -187.98503 -66.65015
43128 0.65711 NaN NaN NaN 159.71031 -84.06422 -25.62169 257.10663 -164.85449 -28.30881 NaN NaN NaN 8.48258 -144.81509 27.14259 -71.00690 -187.95763 -66.68233
43129 0.66544 NaN NaN NaN 159.69225 -84.07610 -25.60139 257.12445 -164.85341 -28.30030 NaN NaN NaN 8.47435 -144.80727 27.13375 -71.00875 -187.96518 -66.66731
43130 0.67378 NaN NaN NaN 159.71082 -84.07561 -25.55235 257.12000 -164.86055 -28.31759 NaN NaN NaN 8.45922 -144.78442 27.15037 -71.01276 -187.92906 -66.68901
43131 0.68211 NaN NaN NaN 159.70886 -84.05429 -25.55149 257.11523 -164.85498 -28.30216 NaN NaN NaN 8.44504 -144.78246 27.16013 -71.03075 -187.89763 -66.71011
43132 0.69044 NaN NaN NaN 159.71004 -84.05668 -25.53769 257.12418 -164.86205 -28.31731 NaN NaN NaN 8.42690 -144.79054 27.17645 -71.05228 -187.83017 -66.73601
43133 0.69877 NaN NaN NaN 159.71594 -84.04206 -25.48160 257.12195 -164.85364 -28.30788 NaN NaN NaN 8.39587 -144.78064 27.17909 -71.07085 -187.80266 -66.74989
43134 0.70710 NaN NaN NaN 159.73276 -84.00849 -25.43818 257.12726 -164.85837 -28.32400 NaN NaN NaN 8.35947 -144.77403 27.18428 -71.09817 -187.76843 -66.75156
43135 0.71543 NaN NaN NaN 159.76361 -83.96664 -25.43971 257.12372 -164.85364 -28.31343 NaN NaN NaN 8.33167 -144.78023 27.19045 -71.14101 -187.72287 -66.78812
43136 0.72376 NaN NaN NaN 159.77699 -83.94725 -25.43305 257.13412 -164.85564 -28.32679 NaN NaN NaN 8.32077 -144.77309 27.18550 -71.13460 -187.69504 -66.79556
43137 0.73210 NaN NaN NaN 159.75774 -83.93738 -25.44261 257.13116 -164.84352 -28.32059 NaN NaN NaN 8.31307 -144.76886 27.18903 -71.13762 -187.68071 -66.81277
43138 0.74043 NaN NaN NaN 159.76743 -83.92027 -25.42712 257.12888 -164.83519 -28.33060 NaN NaN NaN 8.27517 -144.77818 27.17844 -71.15240 -187.64328 -66.84109
43139 0.74876 NaN NaN NaN 159.80284 -83.90761 -25.37108 257.13736 -164.82135 -28.32353 NaN NaN NaN 8.26666 -144.78352 27.18157 -71.19774 -187.59315 -66.89729
43140 0.75709 NaN NaN NaN 159.82504 -83.85382 -25.33953 257.13812 -164.80420 -28.33194 NaN NaN NaN 8.23892 -144.76524 27.16819 -71.20500 -187.52380 -66.93786
43141 0.76542 NaN NaN NaN 159.83022 -83.83488 -25.31831 257.12134 -164.78633 -28.32039 NaN NaN NaN 8.22968 -144.75269 27.17725 -71.20689 -187.45258 -66.96392
43142 0.77375 NaN NaN NaN 159.81218 -83.79697 -25.32634 257.10980 -164.77417 -28.31036 NaN NaN NaN 8.22356 -144.71858 27.16540 -71.21672 -187.41479 -66.96566
43143 0.78208 NaN NaN NaN 159.80252 -83.77144 -25.32416 257.09616 -164.72513 -28.29054 NaN NaN NaN 8.20845 -144.68971 27.17243 -71.23605 -187.38625 -66.95503
43144 0.79041 NaN NaN NaN 159.77397 -83.73473 -25.33214 257.06870 -164.66203 -28.25587 NaN NaN NaN 8.21364 -144.66287 27.15914 -71.26303 -187.29893 -66.99817
43145 0.79875 NaN NaN NaN 159.76659 -83.70706 -25.34896 257.03903 -164.61478 -28.23808 NaN NaN NaN 8.20531 -144.62396 27.15388 -71.30911 -187.19682 -67.04018
43146 0.80708 NaN NaN NaN 159.74316 -83.67533 -25.35846 257.00537 -164.56514 -28.23222 NaN NaN NaN 8.20386 -144.61412 27.14337 -71.37157 -187.07997 -67.06391
43147 0.81541 NaN NaN NaN 159.72929 -83.64094 -25.38414 256.97784 -164.52675 -28.21316 NaN NaN NaN 8.19561 -144.59053 27.14325 -71.40676 -186.99275 -67.10468
43148 0.82374 NaN NaN NaN 159.71623 -83.60384 -25.40134 256.93631 -164.51285 -28.18191 NaN NaN NaN 8.18302 -144.58455 27.13141 -71.38755 -187.07341 -67.05131
43149 0.83207 NaN NaN NaN 159.74762 -83.56128 -25.45814 256.93173 -164.50734 -28.16403 NaN NaN NaN 8.18076 -144.56842 27.13463 -71.40389 -186.99725 -67.08594
43150 0.84040 NaN NaN NaN 159.72942 -83.56089 -25.46035 256.92249 -164.52336 -28.17294 NaN NaN NaN 8.18731 -144.55962 27.08287 -71.42294 -186.96568 -67.09676
43151 0.84873 NaN NaN NaN 159.71095 -83.57410 -25.48084 256.93918 -164.51665 -28.19627 NaN NaN NaN 8.20565 -144.55263 27.07324 -71.37330 -187.09340 -67.01089
43152 0.85706 NaN NaN NaN 159.70607 -83.59455 -25.48698 256.95117 -164.53584 -28.20744 NaN NaN NaN 8.22990 -144.54190 27.04897 -71.42616 -187.01274 -67.05433
43153 0.86540 NaN NaN NaN 159.72298 -83.62585 -25.49743 256.95651 -164.54720 -28.21554 NaN NaN NaN 8.26303 -144.52136 27.03469 -71.44070 -186.94293 -67.03635
43154 0.87373 NaN NaN NaN 159.73712 -83.64969 -25.48311 256.97516 -164.54869 -28.24377 NaN NaN NaN 8.29980 -144.53017 27.03058 -71.43578 -186.91545 -67.02561
43155 0.88206 NaN NaN NaN 159.75127 -83.66242 -25.48655 256.97592 -164.57231 -28.24935 NaN NaN NaN 8.32395 -144.50441 27.00399 -71.41428 -186.91339 -67.00809
43156 0.89039 NaN NaN NaN 159.71124 -83.70361 -25.49709 256.97949 -164.60210 -28.25803 NaN NaN NaN 8.37440 -144.49873 27.00869 -71.39174 -186.92824 -67.00442
43157 0.89872 NaN NaN NaN 159.73680 -83.67920 -25.49382 256.99774 -164.62015 -28.26048 NaN NaN NaN 8.41105 -144.44388 27.00267 -71.37626 -186.97774 -66.92191
43158 0.90705 NaN NaN NaN 159.74251 -83.69471 -25.49192 256.99249 -164.61923 -28.26399 NaN NaN NaN 8.43216 -144.41835 26.99163 -71.36018 -186.98502 -66.92910
43159 0.91538 NaN NaN NaN 159.73990 -83.68877 -25.50957 257.00699 -164.63647 -28.25767 NaN NaN NaN 8.43450 -144.39180 26.98865 -71.34343 -187.02977 -66.87637
43160 0.92372 NaN NaN NaN 159.72841 -83.70535 -25.50347 257.00168 -164.64342 -28.27277 NaN NaN NaN 8.43946 -144.39149 26.99044 -71.29678 -187.19090 -66.80733
43161 0.93205 NaN NaN NaN 159.75603 -83.69949 -25.51562 256.99942 -164.65604 -28.27470 NaN NaN NaN 8.42883 -144.38925 27.00271 -71.27925 -187.30916 -66.73881
43162 0.94038 NaN NaN NaN 159.72438 -83.74408 -25.49706 257.00500 -164.66862 -28.27764 NaN NaN NaN 8.41233 -144.39017 27.01708 -71.28168 -187.37616 -66.70703
43163 0.94871 NaN NaN NaN 159.71446 -83.76134 -25.50837 257.00638 -164.69270 -28.27077 NaN NaN NaN 8.41029 -144.40443 27.00452 -71.30284 -187.41728 -66.67392
43164 0.95704 NaN NaN NaN 159.67310 -83.79834 -25.49833 257.00357 -164.71094 -28.27814 NaN NaN NaN 8.39407 -144.40170 27.00320 -71.34026 -187.43810 -66.64468
43165 0.96537 NaN NaN NaN 159.67621 -83.80531 -25.50709 256.99945 -164.73312 -28.29153 NaN NaN NaN 8.34380 -144.40590 27.02903 -71.38243 -187.42929 -66.65854
43166 0.97370 NaN NaN NaN 159.64935 -83.83617 -25.48232 256.96988 -164.72217 -28.29646 NaN NaN NaN 8.29537 -144.43655 27.05620 -71.40134 -187.42084 -66.66879
43167 0.98203 NaN NaN NaN 159.63841 -83.83964 -25.51133 256.94751 -164.73996 -28.30835 NaN NaN NaN 8.25261 -144.45911 27.09192 -71.42857 -187.41957 -66.70351
43168 0.99037 NaN NaN NaN 159.62875 -83.85496 -25.53412 256.93542 -164.75107 -28.31619 NaN NaN NaN 8.20585 -144.51106 27.09517 -71.44824 -187.42587 -66.69468
43169 0.99870 NaN NaN NaN 159.62856 -83.85973 -25.56099 256.94431 -164.76685 -28.31883 NaN NaN NaN 8.18020 -144.52168 27.12143 -71.48729 -187.43112 -66.70891
43170 1.00703 NaN NaN NaN 159.61467 -83.88560 -25.55174 256.92953 -164.78854 -28.32328 NaN NaN NaN 8.16032 -144.52122 27.12979 -71.49258 -187.47206 -66.69354
43171 1.01536 NaN NaN NaN 159.60402 -83.90234 -25.54060 256.91577 -164.79356 -28.31882 NaN NaN NaN 8.16761 -144.52609 27.12149 -71.51053 -187.48566 -66.69740
43172 1.02369 NaN NaN NaN 159.59116 -83.90910 -25.54674 256.91898 -164.81607 -28.32383 NaN NaN NaN 8.16321 -144.52681 27.12250 -71.51891 -187.46985 -66.69547
43173 1.03202 NaN NaN NaN 159.59135 -83.90882 -25.54204 256.91895 -164.83305 -28.31646 NaN NaN NaN 8.13926 -144.51740 27.11946 -71.53999 -187.41805 -66.72147
43174 1.04035 NaN NaN NaN 159.58156 -83.92921 -25.54191 256.91260 -164.85596 -28.32601 NaN NaN NaN 8.12815 -144.54265 27.12673 -71.52426 -187.46457 -66.71811
43175 1.04868 NaN NaN NaN 159.58200 -83.94499 -25.53087 256.89642 -164.85500 -28.32105 NaN NaN NaN 8.08584 -144.55011 27.13512 -71.52122 -187.52429 -66.71234
43176 1.05702 NaN NaN NaN 159.58386 -83.96232 -25.54366 256.90530 -164.86438 -28.31557 NaN NaN NaN 8.07512 -144.58142 27.13650 -71.52358 -187.56810 -66.69371
43177 1.06535 NaN NaN NaN 159.60791 -83.96065 -25.54958 256.89713 -164.86404 -28.31316 NaN NaN NaN 8.07002 -144.61746 27.14099 -71.50989 -187.60130 -66.69174
43178 1.07368 NaN NaN NaN 159.61163 -83.95249 -25.53913 256.90414 -164.87125 -28.32878 NaN NaN NaN 8.08632 -144.62555 27.15366 -71.50854 -187.60416 -66.68557
43179 1.08201 NaN NaN NaN 159.59129 -83.94470 -25.56355 256.89395 -164.86482 -28.33220 NaN NaN NaN 8.06940 -144.64696 27.14980 -71.51648 -187.59431 -66.70143
43180 1.09034 NaN NaN NaN 159.57967 -83.94595 -25.55344 256.90439 -164.86823 -28.34178 NaN NaN NaN 8.05325 -144.66327 27.16022 -71.54325 -187.56902 -66.73102
43181 1.09867 NaN NaN NaN 159.57858 -83.94698 -25.57930 256.89117 -164.88104 -28.32146 NaN NaN NaN 8.05151 -144.67169 27.16159 -71.53913 -187.54004 -66.74657
43182 1.10700 NaN NaN NaN 159.57961 -83.95323 -25.56615 256.89075 -164.89099 -28.32539 NaN NaN NaN 8.03336 -144.68573 27.16512 -71.55254 -187.51984 -66.75642
43183 1.11534 NaN NaN NaN 159.56221 -83.99675 -25.56661 256.89014 -164.91624 -28.30910 NaN NaN NaN 8.05142 -144.68073 27.15201 -71.54369 -187.50587 -66.75574
43184 1.12367 NaN NaN NaN 159.56296 -83.98170 -25.55792 256.88153 -164.88197 -28.31421 NaN NaN NaN 8.04812 -144.67906 27.15236 -71.60820 -187.36916 -66.83099
43185 1.13200 NaN NaN NaN 159.57050 -83.96883 -25.56349 256.87912 -164.88173 -28.32196 NaN NaN NaN 8.02981 -144.68950 27.13971 -71.60703 -187.33231 -66.86353
43186 1.14033 NaN NaN NaN 159.56050 -83.96286 -25.55841 256.88138 -164.87787 -28.31947 NaN NaN NaN 8.00251 -144.68423 27.15060 -71.64765 -187.20770 -66.92358
43187 1.14866 NaN NaN NaN 159.55115 -83.96117 -25.57941 256.88690 -164.88046 -28.31276 NaN NaN NaN 7.99805 -144.66223 27.15134 -71.66792 -187.13876 -66.94863
43188 1.15699 NaN NaN NaN 159.55345 -83.97716 -25.57415 256.87943 -164.86089 -28.31712 NaN NaN NaN 7.99678 -144.65572 27.15494 -71.67478 -187.07990 -66.96150
43189 1.16532 NaN NaN NaN 159.55612 -83.96480 -25.59615 256.87857 -164.86267 -28.31841 NaN NaN NaN 7.96267 -144.64986 27.13934 -71.67924 -187.06987 -66.98491
43190 1.17365 NaN NaN NaN 159.57062 -83.96934 -25.56243 256.88510 -164.86479 -28.33260 NaN NaN NaN 7.95738 -144.66899 27.15160 -71.69514 -187.05678 -66.98452
43191 1.18199 NaN NaN NaN 159.58548 -83.94566 -25.56725 256.89667 -164.86481 -28.32453 NaN NaN NaN 7.92284 -144.66948 27.13230 -71.70780 -187.05135 -67.00143
43192 1.19032 NaN NaN NaN 159.56873 -83.94301 -25.56894 256.90030 -164.87128 -28.33099 NaN NaN NaN 7.92452 -144.68204 27.13259 -71.72576 -187.02026 -67.01314
43193 1.19865 NaN NaN NaN 159.57205 -83.96921 -25.54281 256.90396 -164.85896 -28.31687 NaN NaN NaN 7.92256 -144.66431 27.12397 -71.72938 -187.00420 -67.03989
43194 1.20698 NaN NaN NaN 159.57765 -83.96765 -25.54202 256.90024 -164.85638 -28.31437 NaN NaN NaN 7.90880 -144.65465 27.12221 -71.63057 -187.23949 -66.91070
43195 1.21531 NaN NaN NaN 159.60078 -83.96909 -25.54488 256.92105 -164.85796 -28.31756 NaN NaN NaN 7.89740 -144.66360 27.11651 -71.63494 -187.26276 -66.91068
43196 1.22364 NaN NaN NaN 159.60663 -83.98055 -25.56623 256.95337 -164.87878 -28.33146 NaN NaN NaN 7.91362 -144.65573 27.12243 -71.60208 -187.33426 -66.88584
43197 1.23197 NaN NaN NaN 159.62883 -83.98098 -25.57985 256.95685 -164.89284 -28.32350 NaN NaN NaN 7.91512 -144.65765 27.09036 -71.65247 -187.20615 -66.97936
43198 1.24030 NaN NaN NaN 159.63359 -84.01028 -25.56569 256.96182 -164.90820 -28.33212 NaN NaN NaN 7.91333 -144.66074 27.07588 -71.67853 -187.06654 -67.05426
43199 1.24864 NaN NaN NaN 159.62715 -84.00314 -25.54741 256.95615 -164.91357 -28.31508 NaN NaN NaN 7.91189 -144.65697 27.05957 -71.62926 -187.17192 -67.00594
43200 1.25697 NaN NaN NaN 159.63625 -83.99924 -25.56420 256.96231 -164.91032 -28.32312 NaN NaN NaN 7.92372 -144.65944 27.06276 -71.60551 -187.22746 -66.97574
43201 1.26530 NaN NaN NaN 159.65668 -83.98705 -25.56649 256.98639 -164.90601 -28.31943 NaN NaN NaN 7.93731 -144.65469 27.04524 -71.62706 -187.16032 -67.02576
43202 1.27363 NaN NaN NaN 159.66951 -84.00320 -25.56979 256.98880 -164.90199 -28.33603 NaN NaN NaN 7.95303 -144.65955 27.04404 -71.65004 -187.07254 -67.07587
43203 1.28196 NaN NaN NaN 159.66635 -83.98607 -25.58703 256.99893 -164.91440 -28.31592 NaN NaN NaN 7.95513 -144.68256 27.03828 -71.62450 -187.14871 -67.06713
43204 1.29029 NaN NaN NaN 159.68300 -84.00410 -25.58098 257.01089 -164.93428 -28.31918 NaN NaN NaN 7.95456 -144.69829 27.03160 -71.68517 -186.92198 -67.19763
43205 1.29862 NaN NaN NaN 159.70566 -83.99549 -25.57901 257.01428 -164.92900 -28.32644 NaN NaN NaN 7.94620 -144.73195 27.03265 -71.73747 -186.80499 -67.25688
43206 1.30695 NaN NaN NaN 159.70790 -84.01369 -25.57559 257.03094 -164.93022 -28.33531 NaN NaN NaN 7.94086 -144.75499 27.04156 -71.75151 -186.78145 -67.28777
43207 1.31529 NaN NaN NaN 159.71323 -84.01980 -25.56544 257.02322 -164.93904 -28.34221 NaN NaN NaN 7.92732 -144.79424 27.03274 -71.73812 -186.78978 -67.30678
43208 1.32362 NaN NaN NaN 159.70499 -84.03695 -25.57357 257.03091 -164.93721 -28.34637 NaN NaN NaN 7.91829 -144.84106 27.00326 -71.73112 -186.82825 -67.30302
43209 1.33195 NaN NaN NaN 159.72522 -84.04798 -25.57398 257.01944 -164.93860 -28.36158 NaN NaN NaN 7.92325 -144.87328 27.00825 -71.72118 -186.87556 -67.30774
43210 1.34028 NaN NaN NaN 159.73457 -84.06718 -25.54821 257.02884 -164.93578 -28.35105 NaN NaN NaN 7.91009 -144.92955 27.01641 -71.71429 -186.92395 -67.30289
43211 1.34861 NaN NaN NaN 159.74878 -84.07385 -25.57611 257.02869 -164.94719 -28.37784 NaN NaN NaN 7.90829 -144.97791 27.01750 -71.63555 -187.16641 -67.21133
43212 1.35694 NaN NaN NaN 159.72707 -84.08697 -25.55362 257.03116 -164.96300 -28.37481 NaN NaN NaN 7.89667 -144.99191 27.01434 -71.66376 -187.11151 -67.25895
43213 1.36527 NaN NaN NaN 159.73466 -84.10284 -25.56374 257.03470 -164.97597 -28.38873 NaN NaN NaN 7.89192 -145.03635 27.02354 -71.62257 -187.29041 -67.20658
43214 1.37361 NaN NaN NaN 159.71883 -84.11859 -25.55266 257.03400 -165.00252 -28.38589 NaN NaN NaN 7.88261 -145.05324 27.02950 -71.67982 -187.12115 -67.30334
43215 1.38194 NaN NaN NaN 159.72835 -84.10871 -25.56829 257.02704 -165.03232 -28.38822 NaN NaN NaN 7.87468 -145.06659 27.02405 -71.73290 -187.01472 -67.35131
43216 1.39027 NaN NaN NaN 159.72797 -84.11663 -25.55177 257.02020 -165.05807 -28.37221 NaN NaN NaN 7.87509 -145.08224 27.01871 -71.75462 -186.95441 -67.39391
43217 1.39860 NaN NaN NaN 159.73228 -84.13554 -25.54476 257.02396 -165.06029 -28.38596 NaN NaN NaN 7.86899 -145.11586 27.02040 -71.77588 -186.94450 -67.41314
43218 1.40693 NaN NaN NaN 159.73900 -84.14618 -25.54196 257.04950 -165.09270 -28.38347 NaN NaN NaN 7.87182 -145.15565 27.01975 -71.76324 -186.95378 -67.42899
43219 1.41526 NaN NaN NaN 159.74628 -84.17461 -25.52841 257.04245 -165.10402 -28.39272 NaN NaN NaN 7.87123 -145.17917 27.00929 -71.77186 -186.97617 -67.43826
43220 1.42359 NaN NaN NaN 159.75085 -84.18151 -25.50833 257.04623 -165.12257 -28.38256 NaN NaN NaN 7.86366 -145.18916 27.01099 -71.75812 -187.00473 -67.44497
43221 1.43192 NaN NaN NaN 159.74988 -84.17762 -25.49619 257.05219 -165.12639 -28.39831 NaN NaN NaN 7.85515 -145.19292 26.99322 -71.78362 -186.99730 -67.45567
43222 1.44026 NaN NaN NaN 159.75261 -84.18643 -25.50090 257.07361 -165.16566 -28.39031 NaN NaN NaN 7.83869 -145.20403 26.99347 -71.77191 -186.99817 -67.46946
43223 1.44859 NaN NaN NaN 159.77431 -84.19443 -25.52018 257.06607 -165.17099 -28.40877 NaN NaN NaN 7.84118 -145.21199 26.99531 -71.79134 -186.97305 -67.49313
43224 1.45692 NaN NaN NaN 159.78532 -84.21663 -25.52152 257.08200 -165.17389 -28.40295 NaN NaN NaN 7.83610 -145.21756 26.99323 -71.79398 -186.97345 -67.49378
43225 1.46525 NaN NaN NaN 159.78795 -84.20849 -25.53214 257.07648 -165.17049 -28.41535 NaN NaN NaN 7.83208 -145.23439 26.99299 -71.78664 -186.94492 -67.48475
43226 1.47358 NaN NaN NaN 159.77463 -84.21448 -25.51003 257.06677 -165.15085 -28.40078 NaN NaN NaN 7.82560 -145.23441 26.99942 -71.78349 -186.96469 -67.47953
43227 1.48191 NaN NaN NaN 159.77707 -84.21856 -25.47194 257.07416 -165.14915 -28.41380 NaN NaN NaN 7.82831 -145.25201 26.99973 -71.79348 -186.96628 -67.48693
43228 1.49024 NaN NaN NaN 159.78896 -84.18983 -25.46107 257.06229 -165.14719 -28.38150 NaN NaN NaN 7.82448 -145.22455 27.02097 -71.78246 -186.96741 -67.47129
43229 1.49857 NaN NaN NaN 159.78737 -84.20458 -25.49777 257.06723 -165.14476 -28.38535 NaN NaN NaN 7.82025 -145.23296 27.02363 -71.78658 -186.97546 -67.47247
43230 1.50691 NaN NaN NaN 159.78357 -84.17871 -25.46469 257.07764 -165.15572 -28.36838 NaN NaN NaN 7.80443 -145.22139 27.02856 -71.78201 -186.98166 -67.45615
43231 1.51524 NaN NaN NaN 159.79262 -84.17133 -25.46609 257.07608 -165.13664 -28.37304 NaN NaN NaN 7.78581 -145.20869 27.03048 -71.78693 -186.97536 -67.46142
43232 1.52357 NaN NaN NaN 159.78583 -84.17719 -25.46353 257.07529 -165.11928 -28.36108 NaN NaN NaN 7.77229 -145.19290 27.04513 -71.76875 -187.00841 -67.45335
43233 1.53190 NaN NaN NaN 159.78517 -84.18670 -25.45621 257.06961 -165.10809 -28.37409 NaN NaN NaN 7.75756 -145.19368 27.04532 -71.78784 -186.98758 -67.45016
43234 1.54023 NaN NaN NaN 159.77046 -84.19685 -25.45482 257.06931 -165.10760 -28.35774 NaN NaN NaN 7.75184 -145.18993 27.05282 -71.77200 -187.00345 -67.43199
43235 1.54856 NaN NaN NaN 159.77222 -84.18056 -25.48522 257.06363 -165.08820 -28.36576 NaN NaN NaN 7.74585 -145.19609 27.05626 -71.80477 -186.96948 -67.45277
43236 1.55689 NaN NaN NaN 159.76884 -84.16039 -25.46482 257.06244 -165.08046 -28.34839 NaN NaN NaN 7.71404 -145.19000 27.06386 -71.83022 -186.93584 -67.48093
43237 1.56523 NaN NaN NaN 159.76329 -84.15620 -25.46211 257.07098 -165.04086 -28.36151 NaN NaN NaN 7.70468 -145.17293 27.05590 -71.83382 -186.90109 -67.46227
43238 1.57356 NaN NaN NaN 159.74968 -84.15681 -25.49330 257.07391 -165.03616 -28.34367 NaN NaN NaN 7.68818 -145.15129 27.05681 -71.82916 -186.89322 -67.45975
43239 1.58189 NaN NaN NaN 159.76021 -84.17039 -25.50003 257.06046 -165.05176 -28.32973 NaN NaN NaN 7.67719 -145.14771 27.06165 -71.85255 -186.86174 -67.45242
43240 1.59022 NaN NaN NaN 159.73874 -84.15163 -25.48805 257.03732 -165.05197 -28.34107 NaN NaN NaN 7.66620 -145.14120 27.07934 -71.87281 -186.85800 -67.45777
43241 1.59855 NaN NaN NaN 159.74059 -84.13075 -25.50061 257.02643 -165.03297 -28.36758 NaN NaN NaN 7.65507 -145.14253 27.09548 -71.89793 -186.85460 -67.45845
43242 1.60688 NaN NaN NaN 159.72934 -84.12286 -25.48365 257.03534 -165.03094 -28.33342 NaN NaN NaN 7.63662 -145.14618 27.08058 -71.90407 -186.84836 -67.44805
43243 1.61521 NaN NaN NaN 159.72028 -84.10863 -25.51287 257.01831 -165.02748 -28.34404 NaN NaN NaN 7.61815 -145.14133 27.09442 -71.93795 -186.83276 -67.44380
43244 1.62354 NaN NaN NaN 159.71465 -84.10015 -25.50514 257.01837 -165.01530 -28.32339 NaN NaN NaN 7.59912 -145.10464 27.10327 -71.95035 -186.80426 -67.44102
43245 1.63188 NaN NaN NaN 159.71315 -84.09571 -25.51016 256.99786 -165.02007 -28.31662 NaN NaN NaN 7.57571 -145.08228 27.10244 -71.97299 -186.78316 -67.43289
43246 1.64021 NaN NaN NaN 159.70792 -84.08519 -25.48253 256.99960 -165.02505 -28.31152 NaN NaN NaN 7.58536 -145.07509 27.12049 -71.87079 -187.03427 -67.28657
43247 1.64854 NaN NaN NaN 159.71873 -84.08351 -25.51970 256.99362 -165.01726 -28.30483 NaN NaN NaN 7.55213 -145.06989 27.11803 -71.92125 -186.91289 -67.38039
43248 1.65687 NaN NaN NaN 159.70032 -84.08472 -25.50028 256.98981 -165.00450 -28.31852 NaN NaN NaN 7.54089 -145.06870 27.14244 -71.96030 -186.81047 -67.39765
43249 1.66520 NaN NaN NaN 159.69322 -84.05352 -25.49995 256.98859 -164.99124 -28.32261 NaN NaN NaN 7.53227 -145.05775 27.14212 -71.91657 -187.00024 -67.29510
43250 1.67353 NaN NaN NaN 159.69286 -84.05128 -25.47957 256.98010 -164.99727 -28.31659 NaN NaN NaN 7.53804 -145.05653 27.14989 -71.86122 -187.11082 -67.23125
43251 1.68186 NaN NaN NaN 159.69572 -84.03847 -25.50939 256.98837 -164.99442 -28.32702 NaN NaN NaN 7.52791 -145.06384 27.12407 -71.85211 -187.17584 -67.21731
43252 1.69019 NaN NaN NaN 159.69966 -84.05990 -25.49759 256.99103 -165.00397 -28.34753 NaN NaN NaN 7.53434 -145.06723 27.14038 -71.96368 -186.89107 -67.35368
43253 1.69853 NaN NaN NaN 159.69603 -84.05486 -25.49806 256.99509 -164.99599 -28.36290 NaN NaN NaN 7.53408 -145.04283 27.14217 -71.93224 -186.99802 -67.28861
43254 1.70686 NaN NaN NaN 159.69662 -84.07924 -25.49555 256.98520 -165.00334 -28.34782 NaN NaN NaN 7.52327 -145.05519 27.14874 -71.99904 -186.80379 -67.37816
43255 1.71519 NaN NaN NaN 159.69453 -84.05607 -25.50894 256.98672 -165.00812 -28.35463 NaN NaN NaN 7.51177 -145.05161 27.15062 -71.93532 -186.96860 -67.28026
43256 1.72352 NaN NaN NaN 159.68993 -84.04318 -25.49449 256.99222 -164.99352 -28.35449 NaN NaN NaN 7.49736 -145.04996 27.15280 -71.98710 -186.82118 -67.34816
43257 1.73185 NaN NaN NaN 159.69469 -84.04044 -25.50209 256.98938 -164.98669 -28.36364 NaN NaN NaN 7.49903 -145.06055 27.15583 -71.91827 -187.01489 -67.26561
43258 1.74018 NaN NaN NaN 159.69614 -84.07227 -25.51473 256.98203 -165.00937 -28.35168 NaN NaN NaN 7.50112 -145.06659 27.15140 -71.98864 -186.88164 -67.34750
43259 1.74851 NaN NaN NaN 159.70277 -84.08659 -25.50160 256.98483 -165.01891 -28.36279 NaN NaN NaN 7.50438 -145.09184 27.15152 -71.92740 -187.04390 -67.26306
43260 1.75685 NaN NaN NaN 159.69745 -84.09508 -25.49999 256.99210 -165.03027 -28.35590 NaN NaN NaN 7.49740 -145.08990 27.17908 -71.89221 -187.13358 -67.22010
43261 1.76518 NaN NaN NaN 159.70834 -84.10202 -25.51996 256.99384 -165.02547 -28.36119 NaN NaN NaN 7.48825 -145.09665 27.16740 -71.86819 -187.18307 -67.19803
43262 1.77351 NaN NaN NaN 159.71260 -84.09570 -25.52636 256.99045 -165.05289 -28.35686 NaN NaN NaN 7.48700 -145.09747 27.15681 -71.95490 -186.95357 -67.32607
43263 1.78184 NaN NaN NaN 159.73257 -84.12913 -25.54528 257.00220 -165.04918 -28.37773 NaN NaN NaN 7.49521 -145.09911 27.18148 -72.00506 -186.80183 -67.39886
43264 1.79017 NaN NaN NaN 159.73686 -84.14016 -25.53866 257.01157 -165.06625 -28.36803 NaN NaN NaN 7.51482 -145.10390 27.19230 -72.01653 -186.72697 -67.43159
43265 1.79850 NaN NaN NaN 159.74919 -84.15926 -25.55814 257.03253 -165.08348 -28.38471 NaN NaN NaN 7.52381 -145.12096 27.16168 -72.02252 -186.72733 -67.42609
43266 1.80683 NaN NaN NaN 159.76465 -84.16103 -25.51858 257.04721 -165.11227 -28.37733 NaN NaN NaN 7.50799 -145.13838 27.15826 -72.01191 -186.77438 -67.40543
43267 1.81516 NaN NaN NaN 159.79535 -84.18302 -25.52829 257.04370 -165.13426 -28.38744 NaN NaN NaN 7.54183 -145.16206 27.16451 -71.91320 -187.09308 -67.28138
43268 1.82350 NaN NaN NaN 159.79675 -84.17239 -25.52714 257.05655 -165.15414 -28.39089 NaN NaN NaN 7.53913 -145.17336 27.16884 -71.94256 -187.02744 -67.32673
43269 1.83183 NaN NaN NaN 159.80469 -84.18226 -25.52802 257.06921 -165.16225 -28.39950 NaN NaN NaN 7.54130 -145.19443 27.16555 -71.97312 -186.95226 -67.38853
43270 1.84016 NaN NaN NaN 159.80611 -84.19527 -25.54630 257.08850 -165.18881 -28.39489 NaN NaN NaN 7.55476 -145.21239 27.17451 -72.01109 -186.86003 -67.41958
43271 1.84849 NaN NaN NaN 159.81374 -84.22957 -25.52621 257.09213 -165.18703 -28.41526 NaN NaN NaN 7.54794 -145.24472 27.17802 -72.02483 -186.79831 -67.44333
43272 1.85682 NaN NaN NaN 159.82266 -84.23865 -25.52060 257.08075 -165.21547 -28.40421 NaN NaN NaN 7.53916 -145.24644 27.17107 -72.04183 -186.79301 -67.44378
43273 1.86515 NaN NaN NaN 159.84140 -84.25392 -25.51255 257.10651 -165.24403 -28.40462 NaN NaN NaN 7.52797 -145.26410 27.17519 -72.03947 -186.83592 -67.43756
43274 1.87348 NaN NaN NaN 159.86072 -84.29090 -25.51897 257.11795 -165.28941 -28.39990 NaN NaN NaN 7.52488 -145.28033 27.18036 -71.97904 -186.99208 -67.36751
43275 1.88181 NaN NaN NaN 159.87105 -84.29695 -25.52469 257.12817 -165.30629 -28.40441 NaN NaN NaN 7.53208 -145.30547 27.18359 -72.00440 -186.98650 -67.40052
43276 1.89015 NaN NaN NaN 159.86931 -84.30473 -25.52390 257.12833 -165.32530 -28.39709 NaN NaN NaN 7.53749 -145.32336 27.19167 -72.01769 -186.94989 -67.41331
43277 1.89848 NaN NaN NaN 159.87299 -84.31258 -25.50581 257.14215 -165.32887 -28.40947 NaN NaN NaN 7.54786 -145.32899 27.19653 -72.03324 -186.92549 -67.44341
43278 1.90681 NaN NaN NaN 159.85210 -84.32458 -25.51903 257.15771 -165.35413 -28.40381 NaN NaN NaN 7.55638 -145.34924 27.18756 -72.03380 -186.89574 -67.44922
43279 1.91514 NaN NaN NaN 159.87811 -84.33484 -25.49777 257.16846 -165.35220 -28.40806 NaN NaN NaN 7.53450 -145.35764 27.17957 -72.01875 -186.89342 -67.45721
43280 1.92347 NaN NaN NaN 159.86148 -84.34415 -25.50548 257.17017 -165.36020 -28.40548 NaN NaN NaN 7.53212 -145.35484 27.18913 -72.00074 -186.92844 -67.46034
43281 1.93180 NaN NaN NaN 159.88210 -84.33593 -25.49306 257.16766 -165.33322 -28.45870 NaN NaN NaN 7.51516 -145.36531 27.17815 -72.00471 -186.96169 -67.45907
43282 1.94013 NaN NaN NaN 159.90150 -84.32339 -25.48562 257.16138 -165.35512 -28.40843 NaN NaN NaN 7.50283 -145.37790 27.18641 -71.99492 -186.98863 -67.45201
43283 1.94846 NaN NaN NaN 159.89236 -84.34624 -25.46042 257.18692 -165.35132 -28.41035 NaN NaN NaN 7.49575 -145.38037 27.19996 -72.00932 -186.97620 -67.44753
43284 1.95680 NaN NaN NaN 159.90337 -84.32803 -25.45410 257.17722 -165.36087 -28.39184 NaN NaN NaN 7.48040 -145.39998 27.20695 -72.01332 -186.95634 -67.46277
43285 1.96513 NaN NaN NaN 159.91299 -84.32022 -25.45657 257.17825 -165.36330 -28.42524 NaN NaN NaN 7.47072 -145.41609 27.23324 -72.02106 -186.94539 -67.47030
43286 1.97346 NaN NaN NaN 159.94292 -84.29510 -25.44544 257.17709 -165.37364 -28.41334 NaN NaN NaN 7.46686 -145.41679 27.23116 -72.02242 -186.95036 -67.47701
43287 1.98179 NaN NaN NaN 159.95329 -84.31017 -25.42465 257.19153 -165.37471 -28.41893 NaN NaN NaN 7.47541 -145.40633 27.22201 -72.03879 -186.93367 -67.48648
43288 1.99012 NaN NaN NaN 159.95833 -84.33363 -25.43762 257.19644 -165.36072 -28.41371 NaN NaN NaN 7.46800 -145.40216 27.22599 -72.02099 -186.95367 -67.48112
43289 1.99845 NaN NaN NaN 159.97571 -84.30879 -25.41105 257.20099 -165.33701 -28.45708 NaN NaN NaN 7.45407 -145.39755 27.21129 -72.02762 -186.93349 -67.48322
43290 2.00678 NaN NaN NaN 159.95174 -84.31499 -25.44328 257.19977 -165.33467 -28.42744 NaN NaN NaN 7.45887 -145.39424 27.21324 -72.03491 -186.93468 -67.46910
43291 2.01512 NaN NaN NaN 159.99367 -84.29617 -25.43568 257.20251 -165.32947 -28.45736 NaN NaN NaN 7.45717 -145.38667 27.21691 -72.03622 -186.92998 -67.48162
43292 2.02345 NaN NaN NaN 159.96811 -84.31685 -25.45994 257.20126 -165.33235 -28.43445 NaN NaN NaN 7.45858 -145.39520 27.22585 -72.02597 -186.90285 -67.49548
43293 2.03178 NaN NaN NaN 159.95149 -84.29079 -25.44494 257.21164 -165.33830 -28.42135 NaN NaN NaN 7.45052 -145.39134 27.22838 -72.02923 -186.87469 -67.50654
43294 2.04011 NaN NaN NaN 159.96208 -84.25153 -25.43439 257.20395 -165.32787 -28.40457 NaN NaN NaN 7.45765 -145.38803 27.23394 -72.02229 -186.86617 -67.50212
43295 2.04844 NaN NaN NaN 159.98518 -84.25577 -25.41644 257.21292 -165.31145 -28.40807 NaN NaN NaN 7.45155 -145.37047 27.23630 -72.05078 -186.83882 -67.51408
43296 2.05677 NaN NaN NaN 159.98741 -84.24317 -25.40530 257.20734 -165.29556 -28.40416 NaN NaN NaN 7.44432 -145.34642 27.25141 -72.00752 -186.88792 -67.48432
43297 2.06510 NaN NaN NaN 160.00406 -84.22331 -25.43374 257.21173 -165.29591 -28.40988 NaN NaN NaN 7.43094 -145.34814 27.25122 -72.00806 -186.88037 -67.49448
43298 2.07343 NaN NaN NaN 159.98811 -84.21640 -25.41356 257.19675 -165.29361 -28.38108 NaN NaN NaN 7.43451 -145.35391 27.25017 -72.01066 -186.89575 -67.48695
43299 2.08177 NaN NaN NaN 159.98535 -84.20636 -25.41300 257.20462 -165.29315 -28.38085 NaN NaN NaN 7.41559 -145.35706 27.25493 -72.02677 -186.86320 -67.49410
43300 2.09010 NaN NaN NaN 159.95491 -84.22304 -25.39030 257.20395 -165.27396 -28.35982 NaN NaN NaN 7.42445 -145.35561 27.26625 -72.03809 -186.85703 -67.49615
43301 2.09843 NaN NaN NaN 159.97482 -84.16503 -25.40871 257.19843 -165.26425 -28.36814 NaN NaN NaN 7.41203 -145.34438 27.26780 -72.04005 -186.84724 -67.49674
43302 2.10676 NaN NaN NaN 159.94682 -84.19723 -25.40605 257.18970 -165.25368 -28.35276 NaN NaN NaN 7.38491 -145.32137 27.27971 -72.05811 -186.84108 -67.48505
43303 2.11509 NaN NaN NaN 159.92088 -84.20221 -25.39670 257.17737 -165.25352 -28.36221 NaN NaN NaN 7.35986 -145.30817 27.26444 -72.04074 -186.85733 -67.48300
43304 2.12342 NaN NaN NaN 159.95268 -84.16785 -25.38960 257.16473 -165.23671 -28.36438 NaN NaN NaN 7.34770 -145.29550 27.28473 -72.04725 -186.85339 -67.47401
43305 2.13175 NaN NaN NaN 159.94858 -84.18562 -25.40281 257.17960 -165.23232 -28.36016 NaN NaN NaN 7.32935 -145.29942 27.28384 -72.04210 -186.86388 -67.48055
43306 2.14008 NaN NaN NaN 159.90349 -84.17870 -25.40021 257.16971 -165.21877 -28.37418 NaN NaN NaN 7.33762 -145.28381 27.28409 -72.06796 -186.85414 -67.47813
43307 2.14842 NaN NaN NaN 159.90982 -84.19038 -25.42901 257.16440 -165.22783 -28.37671 NaN NaN NaN 7.31666 -145.29105 27.28692 -72.06561 -186.85649 -67.49078
43308 2.15675 NaN NaN NaN 159.89281 -84.18999 -25.44804 257.15253 -165.24179 -28.37301 NaN NaN NaN 7.32297 -145.27968 27.29030 -72.07004 -186.87042 -67.47408
43309 2.16508 NaN NaN NaN 159.91934 -84.19265 -25.41996 257.14209 -165.22964 -28.37844 NaN NaN NaN 7.31381 -145.29814 27.29691 -72.07719 -186.85338 -67.48350
43310 2.17341 NaN NaN NaN 159.89067 -84.20790 -25.43307 257.13214 -165.23888 -28.35417 NaN NaN NaN 7.30280 -145.31056 27.30095 -72.08404 -186.83884 -67.48054
43311 2.18174 NaN NaN NaN 159.92580 -84.18127 -25.45647 257.13681 -165.24335 -28.36243 NaN NaN NaN 7.29777 -145.33360 27.32878 -72.08192 -186.84106 -67.48901
43312 2.19007 NaN NaN NaN 159.89307 -84.20216 -25.45684 257.13339 -165.25175 -28.36765 NaN NaN NaN 7.28989 -145.31595 27.32472 -72.07753 -186.85706 -67.48636
43313 2.19840 NaN NaN NaN 159.92021 -84.18758 -25.44585 257.12042 -165.24178 -28.37621 NaN NaN NaN 7.26260 -145.32567 27.33337 -72.10419 -186.86896 -67.48184
43314 2.20674 NaN NaN NaN 159.86409 -84.20679 -25.45857 257.10321 -165.24788 -28.35299 NaN NaN NaN 7.22481 -145.34810 27.32425 -72.12126 -186.88051 -67.48074
43315 2.21507 NaN NaN NaN 159.85547 -84.21142 -25.45282 257.07693 -165.25287 -28.36393 NaN NaN NaN 7.21216 -145.38208 27.34488 -72.14664 -186.87167 -67.49645
43316 2.22340 NaN NaN NaN 159.86696 -84.19418 -25.43841 257.07306 -165.25410 -28.35138 NaN NaN NaN 7.20359 -145.40953 27.36630 -72.15965 -186.85535 -67.48908
43317 2.23173 NaN NaN NaN 159.91006 -84.18002 -25.44269 257.08698 -165.24660 -28.36917 NaN NaN NaN 7.18459 -145.42645 27.37252 -72.16342 -186.84131 -67.50191
43318 2.24006 NaN NaN NaN 159.91133 -84.16559 -25.43731 257.09921 -165.25023 -28.37271 NaN NaN NaN 7.16714 -145.44673 27.38740 -72.16001 -186.85484 -67.50620
43319 2.24839 NaN NaN NaN 159.90590 -84.16211 -25.44425 257.07553 -165.23763 -28.37885 NaN NaN NaN 7.15582 -145.45930 27.39234 -72.16441 -186.85915 -67.51544
43320 2.25672 NaN NaN NaN 159.85803 -84.17594 -25.43608 257.08411 -165.25667 -28.37346 NaN NaN NaN 7.15049 -145.46405 27.39936 -72.17268 -186.89142 -67.51011
43321 2.26505 NaN NaN NaN 159.88896 -84.16355 -25.44597 257.09225 -165.26971 -28.37251 NaN NaN NaN 7.14722 -145.48666 27.40859 -72.18458 -186.88060 -67.51640
43322 2.27339 NaN NaN NaN 159.85831 -84.21667 -25.44674 257.08429 -165.27646 -28.35916 NaN NaN NaN 7.13553 -145.49490 27.41383 -72.18333 -186.90198 -67.51155
43323 2.28172 NaN NaN NaN 159.87384 -84.22411 -25.44169 257.09122 -165.27745 -28.37395 NaN NaN NaN 7.13061 -145.51186 27.41159 -72.18690 -186.88275 -67.51904
43324 2.29005 NaN NaN NaN 159.91183 -84.23569 -25.45545 257.09509 -165.28793 -28.38087 NaN NaN NaN 7.13314 -145.52356 27.41894 -72.19009 -186.88208 -67.52557
43325 2.29838 NaN NaN NaN 159.89874 -84.25346 -25.46860 257.11951 -165.28162 -28.38770 NaN NaN NaN 7.12516 -145.53374 27.42058 -72.18114 -186.86685 -67.52055
43326 2.30671 NaN NaN NaN 159.88274 -84.25155 -25.45184 257.12164 -165.30498 -28.40014 NaN NaN NaN 7.11020 -145.54982 27.43336 -72.18178 -186.88866 -67.52010
43327 2.31504 NaN NaN NaN 159.90071 -84.21234 -25.45644 257.10800 -165.29707 -28.39805 NaN NaN NaN 7.09130 -145.56345 27.44215 -72.21420 -186.88800 -67.52399
43328 2.32337 NaN NaN NaN 159.88622 -84.23238 -25.45964 257.11371 -165.31161 -28.39879 NaN NaN NaN 7.07303 -145.58209 27.44776 -72.21049 -186.87949 -67.52731
43329 2.33170 NaN NaN NaN 159.90956 -84.21805 -25.48811 257.13638 -165.31133 -28.40268 NaN NaN NaN 7.07190 -145.57896 27.43811 -72.20985 -186.89276 -67.52552
43330 2.34004 NaN NaN NaN 159.89185 -84.24081 -25.46841 257.12573 -165.30518 -28.39657 NaN NaN NaN 7.04985 -145.59642 27.42959 -72.21288 -186.88788 -67.54027
43331 2.34837 NaN NaN NaN 159.88824 -84.25732 -25.51038 257.13849 -165.30026 -28.39974 NaN NaN NaN 7.05015 -145.61794 27.42965 -72.22736 -186.90311 -67.55878
43332 2.35670 NaN NaN NaN 159.87932 -84.26054 -25.48911 257.13217 -165.30547 -28.41593 NaN NaN NaN 7.04348 -145.62323 27.42870 -72.23393 -186.91238 -67.56861
43333 2.36503 NaN NaN NaN 159.88557 -84.26007 -25.47157 257.13605 -165.30742 -28.42242 NaN NaN NaN 7.03383 -145.65541 27.41607 -72.24833 -186.90283 -67.57559
43334 2.37336 NaN NaN NaN 159.91382 -84.28036 -25.46218 257.13885 -165.31480 -28.40019 NaN NaN NaN 7.03568 -145.64879 27.40695 -72.25267 -186.88614 -67.58191
43335 2.38169 NaN NaN NaN 159.92268 -84.26780 -25.45853 257.15253 -165.32152 -28.41954 NaN NaN NaN 7.03693 -145.65399 27.37592 -72.27716 -186.89360 -67.58834
43336 2.39002 NaN NaN NaN 159.91914 -84.27379 -25.45212 257.15347 -165.34116 -28.42350 NaN NaN NaN 7.03064 -145.67766 27.34819 -72.26628 -186.87589 -67.60332
43337 2.39836 NaN NaN NaN 159.91989 -84.28107 -25.43754 257.14777 -165.34195 -28.48942 NaN NaN NaN 7.03421 -145.69124 27.34283 -72.28014 -186.89502 -67.61713
43338 2.40669 NaN NaN NaN 159.89790 -84.31411 -25.45311 257.15424 -165.34515 -28.46495 NaN NaN NaN 7.01461 -145.72234 27.34707 -72.29904 -186.90471 -67.63418
43339 2.41502 NaN NaN NaN 159.91425 -84.32648 -25.41345 257.15622 -165.35074 -28.50219 NaN NaN NaN 7.01621 -145.73433 27.34487 -72.31356 -186.91899 -67.64248
43340 2.42335 NaN NaN NaN 159.93535 -84.32293 -25.37597 257.18347 -165.38556 -28.49234 NaN NaN NaN 7.01312 -145.74335 27.34771 -72.30604 -186.91956 -67.65733
43341 2.43168 NaN NaN NaN 159.94730 -84.34122 -25.39081 257.16760 -165.36902 -28.51785 NaN NaN NaN 6.98873 -145.78180 27.35519 -72.30772 -186.91667 -67.69945
43342 2.44001 NaN NaN NaN 159.92813 -84.36591 -25.38578 257.17966 -165.40965 -28.50342 NaN NaN NaN 6.94844 -145.82930 27.38474 -72.30736 -186.93135 -67.72324
43343 2.44834 NaN NaN NaN 159.96065 -84.37791 -25.35577 257.17938 -165.40627 -28.54022 NaN NaN NaN 6.91683 -145.88139 27.40925 -72.31431 -186.92508 -67.73486
43344 2.45667 NaN NaN NaN 159.96075 -84.40257 -25.34851 257.19376 -165.42464 -28.51881 NaN NaN NaN 6.87433 -145.95578 27.44418 -72.31555 -186.94864 -67.76051
43345 2.46501 NaN NaN NaN 159.99803 -84.42420 -25.31618 257.20200 -165.42403 -28.55896 NaN NaN NaN 6.79892 -146.02545 27.45321 -72.32312 -186.96898 -67.81764
43346 2.47334 NaN NaN NaN 159.99446 -84.42734 -25.28851 257.20316 -165.44583 -28.55396 NaN NaN NaN 6.75181 -146.09509 27.45316 -72.32132 -186.98442 -67.84838
43347 2.48167 NaN NaN NaN 160.01024 -84.46085 -25.27601 257.19855 -165.43098 -28.58702 NaN NaN NaN 6.70935 -146.15508 27.46110 -72.35221 -187.01788 -67.90730
43348 2.49000 NaN NaN NaN 160.03297 -84.48425 -25.26255 257.20163 -165.45103 -28.59447 NaN NaN NaN 6.66738 -146.21748 27.47496 -72.38118 -187.07159 -67.96997
43349 2.49833 NaN NaN NaN 160.00070 -84.51194 -25.24445 257.22064 -165.44983 -28.60241 NaN NaN NaN 6.61117 -146.31334 27.50508 -72.37730 -187.08965 -68.01419
43350 2.50666 NaN NaN NaN 160.01726 -84.52116 -25.22576 257.21988 -165.48419 -28.58744 NaN NaN NaN 6.59050 -146.39490 27.49511 -72.38528 -187.09390 -68.06715
43351 2.51499 NaN NaN NaN 160.02602 -84.51856 -25.21468 257.23865 -165.50520 -28.58536 NaN NaN NaN 6.57263 -146.44655 27.48874 -72.38821 -187.09753 -68.09351
43352 2.52332 NaN NaN NaN 160.03470 -84.51080 -25.22983 257.24841 -165.52220 -28.54179 NaN NaN NaN 6.55892 -146.50089 27.47017 -72.40013 -187.10063 -68.12268
43353 2.53166 NaN NaN NaN 160.03665 -84.51302 -25.23035 257.25256 -165.53032 -28.57293 NaN NaN NaN 6.54624 -146.53778 27.44389 -72.41416 -187.10435 -68.14384
43354 2.53999 NaN NaN NaN 160.06052 -84.52438 -25.24632 257.24847 -165.55457 -28.58844 NaN NaN NaN 6.54015 -146.60381 27.41465 -72.44710 -187.13322 -68.16532
43355 2.54832 NaN NaN NaN 160.03964 -84.59026 -25.24271 257.25153 -165.55843 -28.59748 NaN NaN NaN 6.53423 -146.66853 27.41425 -72.46066 -187.15111 -68.19909
43356 2.55665 NaN NaN NaN 160.06181 -84.64780 -25.23078 257.27377 -165.56845 -28.59094 NaN NaN NaN 6.53235 -146.73390 27.41247 -72.45704 -187.14880 -68.23816
43357 2.56498 NaN NaN NaN 160.07515 -84.67981 -25.22126 257.29810 -165.60555 -28.59980 NaN NaN NaN 6.51069 -146.77708 27.37540 -72.46835 -187.14894 -68.25812
43358 2.57331 NaN NaN NaN 160.08643 -84.68811 -25.23028 257.30096 -165.61804 -28.61811 NaN NaN NaN 6.50221 -146.81012 27.32053 -72.44607 -187.13834 -68.27041
43359 2.58164 NaN NaN NaN 160.08978 -84.67967 -25.22288 257.30972 -165.62605 -28.61827 NaN NaN NaN 6.50600 -146.84599 27.33362 -72.45887 -187.14546 -68.29592
43360 2.58997 NaN NaN NaN 160.09689 -84.68447 -25.23651 257.32239 -165.64226 -28.61748 NaN NaN NaN 6.49915 -146.88347 27.29054 -72.47072 -187.14247 -68.30690
43361 2.59831 NaN NaN NaN 160.10455 -84.71082 -25.21138 257.33591 -165.65454 -28.61607 NaN NaN NaN 6.51693 -146.92569 27.29548 -72.50166 -187.16290 -68.32911
43362 2.60664 NaN NaN NaN 160.10529 -84.74341 -25.21317 257.33670 -165.69016 -28.61426 NaN NaN NaN 6.46732 -146.96577 27.30169 -72.52087 -187.20390 -68.35380
43363 2.61497 NaN NaN NaN 160.08920 -84.76071 -25.18832 257.36191 -165.71683 -28.59832 NaN NaN NaN 6.42337 -146.99597 27.30153 -72.52160 -187.18896 -68.36548
43364 2.62330 NaN NaN NaN 160.09099 -84.78138 -25.18912 257.34644 -165.73137 -28.60849 NaN NaN NaN 6.39749 -147.04372 27.30972 -72.53598 -187.21115 -68.38299
43365 2.63163 NaN NaN NaN 160.08032 -84.77386 -25.17596 257.35944 -165.72795 -28.61209 NaN NaN NaN 6.33980 -147.10017 27.35026 -72.55796 -187.21236 -68.39688
43366 2.63996 NaN NaN NaN 160.07603 -84.79668 -25.18266 257.36301 -165.74318 -28.60606 NaN NaN NaN 6.31322 -147.14922 27.39371 -72.55693 -187.20575 -68.40799
43367 2.64829 NaN NaN NaN 160.06119 -84.82667 -25.17782 257.35959 -165.74576 -28.60732 NaN NaN NaN 6.28584 -147.19907 27.38477 -72.58488 -187.22993 -68.44480
43368 2.65663 NaN NaN NaN 160.07091 -84.82796 -25.18115 257.36319 -165.75281 -28.60458 NaN NaN NaN 6.24619 -147.22180 27.38186 -72.58707 -187.23196 -68.47054
43369 2.66496 NaN NaN NaN 160.05820 -84.85100 -25.18033 257.37762 -165.75551 -28.60115 NaN NaN NaN 6.21631 -147.24007 27.38201 -72.60594 -187.24164 -68.47918
43370 2.67329 NaN NaN NaN 160.07626 -84.85488 -25.20200 257.38641 -165.76599 -28.61534 NaN NaN NaN 6.17415 -147.26268 27.38593 -72.65088 -187.23624 -68.48868
43371 2.68162 NaN NaN NaN 160.05592 -84.86634 -25.19894 257.40860 -165.78857 -28.63763 NaN NaN NaN 6.14451 -147.28246 27.41592 -72.67426 -187.20576 -68.49933
43372 2.68995 NaN NaN NaN 160.03842 -84.91160 -25.20483 257.41138 -165.79756 -28.64425 NaN NaN NaN 6.11552 -147.29793 27.42095 -72.70744 -187.19408 -68.52021
43373 2.69828 NaN NaN NaN 160.04129 -84.93962 -25.16829 257.41510 -165.81123 -28.66654 NaN NaN NaN 6.06838 -147.32837 27.40674 -72.73809 -187.17963 -68.54562
43374 2.70661 NaN NaN NaN 160.04640 -84.96406 -25.15354 257.41309 -165.80521 -28.68894 NaN NaN NaN 6.03001 -147.34789 27.43026 -72.76064 -187.17802 -68.55795
43375 2.71494 NaN NaN NaN 160.06010 -84.97383 -25.14134 257.41220 -165.82243 -28.70265 NaN NaN NaN 5.99979 -147.37086 27.48413 -72.76862 -187.19247 -68.57481
43376 2.72328 NaN NaN NaN 160.04674 -84.97749 -25.13984 257.40424 -165.81479 -28.71236 NaN NaN NaN 5.95735 -147.39331 27.48548 -72.79005 -187.20988 -68.57130
43377 2.73161 NaN NaN NaN 160.03502 -84.96278 -25.15332 257.39459 -165.82196 -28.73349 NaN NaN NaN 5.92531 -147.40247 27.48628 -72.80136 -187.19690 -68.58029
43378 2.73994 NaN NaN NaN 160.02364 -84.96527 -25.17128 257.39502 -165.80984 -28.71032 NaN NaN NaN 5.89591 -147.42960 27.47443 -72.81645 -187.21124 -68.58092
43379 2.74827 NaN NaN NaN 159.99268 -84.96131 -25.16981 257.37656 -165.79131 -28.70434 NaN NaN NaN 5.86603 -147.41982 27.47189 -72.81629 -187.19775 -68.59979
43380 2.75660 NaN NaN NaN 159.98701 -84.97639 -25.17116 257.36697 -165.77150 -28.70335 NaN NaN NaN 5.83988 -147.41315 27.47695 -72.85529 -187.18512 -68.60153
43381 2.76493 NaN NaN NaN 159.98524 -84.97147 -25.14923 257.36310 -165.78134 -28.71293 NaN NaN NaN 5.81033 -147.39272 27.50061 -72.85072 -187.17865 -68.61632
43382 2.77326 NaN NaN NaN 159.96965 -84.99120 -25.12979 257.35767 -165.77611 -28.70709 NaN NaN NaN 5.78270 -147.38663 27.47850 -72.87282 -187.18848 -68.61736
43383 2.78159 NaN NaN NaN 159.98364 -84.97237 -25.12531 257.35565 -165.77719 -28.70403 NaN NaN NaN 5.75460 -147.38608 27.45996 -72.86251 -187.16096 -68.64933
43384 2.78993 NaN NaN NaN 159.95938 -84.94985 -25.15188 257.35968 -165.75978 -28.68602 NaN NaN NaN 5.72852 -147.39726 27.45406 -72.88041 -187.16699 -68.66227
43385 2.79826 NaN NaN NaN 159.96407 -84.93020 -25.13654 257.36102 -165.75867 -28.69782 NaN NaN NaN 5.70766 -147.42247 27.49010 -72.87833 -187.15479 -68.66812
43386 2.80659 NaN NaN NaN 159.93721 -84.93675 -25.14863 257.34317 -165.74930 -28.68941 NaN NaN NaN 5.70930 -147.42874 27.51570 -72.88582 -187.17365 -68.65654
43387 2.81492 NaN NaN NaN 159.96405 -84.92558 -25.13541 257.33493 -165.75378 -28.69372 NaN NaN NaN 5.68938 -147.44160 27.50155 -72.90376 -187.18472 -68.66632
43388 2.82325 NaN NaN NaN 159.94597 -84.97310 -25.13744 257.35461 -165.75340 -28.70887 NaN NaN NaN 5.68552 -147.44838 27.50238 -72.90250 -187.17676 -68.67878
43389 2.83158 NaN NaN NaN 159.96535 -84.96159 -25.12844 257.36264 -165.75671 -28.73413 NaN NaN NaN 5.65998 -147.47771 27.50305 -72.90334 -187.17175 -68.69105
43390 2.83991 NaN NaN NaN 159.94943 -84.99654 -25.11982 257.37585 -165.75925 -28.74147 NaN NaN NaN 5.64341 -147.47906 27.51549 -72.91260 -187.16689 -68.68962
43391 2.84825 NaN NaN NaN 159.97955 -84.97593 -25.12673 257.36285 -165.78160 -28.75231 NaN NaN NaN 5.63498 -147.49763 27.53233 -72.91438 -187.16068 -68.69119
43392 2.85658 NaN NaN NaN 159.96021 -85.01125 -25.14414 257.37057 -165.78128 -28.75188 NaN NaN NaN 5.61370 -147.52754 27.55586 -72.90454 -187.18614 -68.69240
43393 2.86491 NaN NaN NaN 159.99344 -85.01537 -25.13791 257.37494 -165.80438 -28.75275 NaN NaN NaN 5.59959 -147.55382 27.57485 -72.91982 -187.20036 -68.69692
43394 2.87324 NaN NaN NaN 159.99460 -85.04128 -25.12552 257.37997 -165.81113 -28.76404 NaN NaN NaN 5.58285 -147.57790 27.57363 -72.92494 -187.21011 -68.69031
43395 2.88157 NaN NaN NaN 159.98895 -85.02031 -25.11367 257.37082 -165.83630 -28.75671 NaN NaN NaN 5.58274 -147.57565 27.58012 -72.93192 -187.19827 -68.70681
43396 2.88990 NaN NaN NaN 159.96608 -85.03850 -25.11862 257.37033 -165.82767 -28.76751 NaN NaN NaN 5.53694 -147.58011 27.59556 -72.93819 -187.20773 -68.69711
43397 2.89823 NaN NaN NaN 159.98364 -85.02731 -25.12139 257.37289 -165.83997 -28.75220 NaN NaN NaN 5.50766 -147.59584 27.62673 -72.94389 -187.21317 -68.71467
43398 2.90656 NaN NaN NaN 160.00145 -85.02441 -25.13477 257.37851 -165.82333 -28.77011 NaN NaN NaN 5.47486 -147.62811 27.64941 -72.93876 -187.22202 -68.71354
43399 2.91490 NaN NaN NaN 160.00021 -85.03740 -25.14483 257.40109 -165.83820 -28.75516 NaN NaN NaN 5.45998 -147.65311 27.66373 -72.94611 -187.23187 -68.71807
43400 2.92323 NaN NaN NaN 159.97768 -85.06563 -25.14443 257.41049 -165.84146 -28.77013 NaN NaN NaN 5.43687 -147.68059 27.66951 -72.94608 -187.22357 -68.70602
43401 2.93156 NaN NaN NaN 160.00664 -85.07076 -25.14708 257.42502 -165.86102 -28.76340 NaN NaN NaN 5.43642 -147.69165 27.67813 -72.96300 -187.21445 -68.72346
43402 2.93989 NaN NaN NaN 160.01955 -85.05910 -25.13769 257.43588 -165.86606 -28.77532 NaN NaN NaN 5.42782 -147.69470 27.68955 -72.96428 -187.20918 -68.71092
43403 2.94822 NaN NaN NaN 160.04752 -85.06645 -25.16205 257.44910 -165.88297 -28.77292 NaN NaN NaN 5.40862 -147.69133 27.69919 -72.96564 -187.22118 -68.71799
43404 2.95655 NaN NaN NaN 160.02641 -85.06941 -25.16718 257.44980 -165.88655 -28.78030 NaN NaN NaN 5.39793 -147.70804 27.68684 -72.94884 -187.23262 -68.71067
43405 2.96488 NaN NaN NaN 160.04897 -85.05206 -25.17961 257.45407 -165.88966 -28.77942 NaN NaN NaN 5.38787 -147.71994 27.70001 -72.96937 -187.23753 -68.72109
43406 2.97321 NaN NaN NaN 160.06258 -85.05853 -25.16560 257.46292 -165.90399 -28.78646 NaN NaN NaN 5.36868 -147.72255 27.69738 -72.98468 -187.24635 -68.72802
43407 2.98155 NaN NaN NaN 160.08156 -85.07750 -25.17454 257.47806 -165.91446 -28.79863 NaN NaN NaN 5.35630 -147.73640 27.71340 -72.98330 -187.23943 -68.72963
43408 2.98988 NaN NaN NaN 160.08510 -85.09763 -25.15606 257.48947 -165.92867 -28.80198 NaN NaN NaN 5.33205 -147.75288 27.71343 -72.98814 -187.23079 -68.72791
43409 2.99821 NaN NaN NaN 160.06895 -85.12614 -25.17878 257.49896 -165.94844 -28.81199 NaN NaN NaN 5.32510 -147.78465 27.73004 -72.99778 -187.22865 -68.74512
43410 3.00654 NaN NaN NaN 160.07454 -85.13683 -25.15904 257.51569 -165.95551 -28.82781 NaN NaN NaN 5.28386 -147.80614 27.75005 -72.99879 -187.24254 -68.74520
43411 3.01487 NaN NaN NaN 160.06885 -85.12345 -25.18037 257.50977 -165.95134 -28.83234 NaN NaN NaN 5.27304 -147.83455 27.75458 -73.02441 -187.26163 -68.76862
43412 3.02320 NaN NaN NaN 160.07066 -85.11715 -25.18267 257.51199 -165.94881 -28.82964 NaN NaN NaN 5.22192 -147.84503 27.75444 -73.03525 -187.25941 -68.79404
43413 3.03153 NaN NaN NaN 160.07907 -85.12373 -25.18692 257.52045 -165.94740 -28.82657 NaN NaN NaN 5.14233 -147.88493 27.78768 -73.05726 -187.25414 -68.82455
43414 3.03987 NaN NaN NaN 160.10374 -85.13088 -25.15932 257.51331 -165.95273 -28.82726 NaN NaN NaN 5.08148 -147.95268 27.81918 -73.06080 -187.27145 -68.81458
43415 3.04820 NaN NaN NaN 160.09496 -85.15913 -25.15142 257.52017 -165.96530 -28.83669 NaN NaN NaN 5.01415 -148.02219 27.85796 -73.09027 -187.31226 -68.81331
43416 3.05653 NaN NaN NaN 160.08388 -85.16239 -25.14208 257.53156 -165.96387 -28.84295 NaN NaN NaN 4.97709 -148.08929 27.89747 -73.12017 -187.34805 -68.81942
43417 3.06486 NaN NaN NaN 160.07739 -85.17311 -25.14727 257.52960 -165.96640 -28.85414 NaN NaN NaN 4.91327 -148.13564 27.91719 -73.13853 -187.35017 -68.84275
43418 3.07319 NaN NaN NaN 160.09656 -85.19578 -25.14405 257.52832 -165.98543 -28.86696 NaN NaN NaN 4.86786 -148.18677 27.94687 -73.16064 -187.36111 -68.88393
43419 3.08152 NaN NaN NaN 160.10432 -85.22224 -25.13724 257.53665 -165.97490 -28.85779 NaN NaN NaN 4.81470 -148.22772 27.98730 -73.17753 -187.35580 -68.91349
43420 3.08985 NaN NaN NaN 160.10361 -85.23214 -25.14431 257.53848 -165.98668 -28.86987 NaN NaN NaN 4.75843 -148.26811 28.02709 -73.20996 -187.33916 -68.93615
43421 3.09818 NaN NaN NaN 160.11723 -85.23397 -25.15234 257.55807 -165.97446 -28.87635 NaN NaN NaN 4.67930 -148.31728 28.06483 -73.24145 -187.34019 -68.95919
43422 3.10652 NaN NaN NaN 160.11594 -85.23264 -25.14226 257.56451 -165.99632 -28.89469 NaN NaN NaN 4.61081 -148.39502 28.10255 -73.26453 -187.31824 -68.97838
43423 3.11485 NaN NaN NaN 160.11400 -85.24236 -25.15746 257.58777 -165.99867 -28.90144 NaN NaN NaN 4.52501 -148.47162 28.16113 -73.30003 -187.31583 -69.00099
43424 3.12318 NaN NaN NaN 160.13426 -85.25811 -25.14436 257.59470 -166.02826 -28.91973 NaN NaN NaN 4.39773 -148.55502 28.20416 -73.32304 -187.32318 -69.01296
43425 3.13151 NaN NaN NaN 160.15907 -85.31334 -25.14281 257.62180 -166.03448 -28.92881 NaN NaN NaN 4.26916 -148.60683 28.25221 -73.36192 -187.36342 -69.05658
43426 3.13984 NaN NaN NaN 160.18539 -85.34328 -25.13745 257.64975 -166.03127 -28.96268 NaN NaN NaN 4.13386 -148.72031 28.34792 -73.40977 -187.38867 -69.08072
43427 3.14817 NaN NaN NaN 160.20784 -85.34330 -25.15151 257.66431 -166.04173 -29.01363 NaN NaN NaN 3.95998 -148.85350 28.47664 -73.47146 -187.41158 -69.15157
43428 3.15650 NaN NaN NaN 160.21870 -85.36799 -25.13846 257.68738 -166.03879 -29.02649 NaN NaN NaN 3.76215 -148.98160 28.55471 -73.53374 -187.48874 -69.21911
43429 3.16483 NaN NaN NaN 160.25380 -85.36723 -25.15050 257.72104 -166.04514 -29.05433 NaN NaN NaN 3.55182 -149.14079 28.71290 -73.60129 -187.52744 -69.25030
43430 3.17317 NaN NaN NaN 160.27357 -85.38920 -25.11795 257.76193 -166.06554 -29.10024 NaN NaN NaN 3.29997 -149.26878 28.83132 -73.65005 -187.51546 -69.29248
43431 3.18150 NaN NaN NaN 160.31410 -85.40181 -25.11477 257.78427 -166.08960 -29.12468 NaN NaN NaN 3.03119 -149.44113 28.96085 -73.72348 -187.52335 -69.35888
43432 3.18983 NaN NaN NaN 160.35394 -85.45874 -25.08814 257.80533 -166.10562 -29.13715 NaN NaN NaN 2.76266 -149.62244 29.08892 -73.81465 -187.50392 -69.42148
43433 3.19816 NaN NaN NaN 160.35841 -85.49971 -25.09059 257.84247 -166.13504 -29.16584 NaN NaN NaN 2.46233 -149.78801 29.22361 -73.93233 -187.54254 -69.49008
43434 3.20649 NaN NaN NaN 160.37404 -85.53606 -25.10021 257.86322 -166.11035 -29.21656 NaN NaN NaN 2.14300 -150.00925 29.38486 -74.02352 -187.52567 -69.54004
43435 3.21482 NaN NaN NaN 160.36604 -85.56023 -25.11670 257.87909 -166.10829 -29.25537 NaN NaN NaN 1.81539 -150.21107 29.51917 -74.09828 -187.51476 -69.61470
43436 3.22315 NaN NaN NaN 160.38481 -85.56073 -25.12967 257.90198 -166.08749 -29.28992 NaN NaN NaN 1.45673 -150.46603 29.69842 -74.20524 -187.51195 -69.71331
43437 3.23148 NaN NaN NaN 160.40005 -85.52903 -25.24393 257.92929 -166.04649 -29.31708 NaN NaN NaN 1.09223 -150.66945 29.88396 -74.34880 -187.49716 -69.83988
43438 3.23982 NaN NaN NaN 160.40456 -85.50630 -25.39050 257.96408 -166.00703 -29.34196 NaN NaN NaN 0.67434 -150.91112 30.03891 -74.50546 -187.52342 -69.95222
43439 3.24815 NaN NaN NaN 160.42618 -85.46880 -25.53623 258.01553 -165.97069 -29.38620 NaN NaN NaN 0.24477 -151.16956 30.21961 -74.66362 -187.56253 -70.05639
43440 3.25648 NaN NaN NaN 160.42958 -85.46158 -25.70467 258.07318 -165.92122 -29.43537 NaN NaN NaN -0.22552 -151.48773 30.45185 -74.88055 -187.62616 -70.14306
43441 3.26481 NaN NaN NaN 160.42833 -85.45470 -25.77241 258.09534 -165.89229 -29.48101 NaN NaN NaN -0.78368 -151.82355 30.63900 -75.11612 -187.64644 -70.25225
43442 3.27314 NaN NaN NaN 160.41666 -85.53398 -25.84621 258.10617 -165.88911 -29.53530 NaN NaN NaN -1.39080 -152.22073 30.84058 -75.37104 -187.73763 -70.41488
43443 3.28147 NaN NaN NaN 160.41263 -85.60716 -25.90677 258.14920 -165.86818 -29.60507 NaN NaN NaN -2.04438 -152.69872 31.05147 -75.64573 -187.83263 -70.55070
43444 3.28980 NaN NaN NaN 160.43282 -85.69068 -25.93645 258.21021 -165.88437 -29.71853 NaN NaN NaN -2.76528 -153.18051 31.29187 -75.92899 -187.88727 -70.75317
43445 3.29814 NaN NaN NaN 160.43924 -85.79929 -25.93516 258.30997 -165.93471 -29.87529 NaN NaN NaN -3.49683 -153.71170 31.52245 -76.26972 -187.92474 -70.96213
43446 3.30647 NaN NaN NaN 160.47144 -85.91752 -25.86823 258.42963 -166.01886 -30.00912 NaN NaN NaN -4.26466 -154.17851 31.74695 -76.64320 -187.90820 -71.11423
43447 3.31480 NaN NaN NaN 160.61438 -86.06634 -25.75086 258.53766 -166.09384 -30.13819 NaN NaN NaN -5.00355 -154.66447 31.92621 -77.04520 -187.94852 -71.26215
43448 3.32313 NaN NaN NaN 160.74728 -86.21512 -25.60167 258.68942 -166.19208 -30.23390 NaN NaN NaN -5.77335 -155.15106 32.04952 -77.48273 -188.05099 -71.46916
43449 3.33146 NaN NaN NaN 160.85216 -86.35800 -25.31109 258.85370 -166.33551 -30.37087 NaN NaN NaN -6.54749 -155.70824 32.15641 -77.94593 -188.16519 -71.72573
43450 3.33979 NaN NaN NaN 161.02864 -86.53479 -24.99543 259.05133 -166.46822 -30.53813 NaN NaN NaN -7.33428 -156.18721 32.24235 -78.36385 -188.24109 -71.96342
43451 3.34812 NaN NaN NaN 161.20320 -86.74413 -24.69585 259.27841 -166.58438 -30.77539 NaN NaN NaN -8.08206 -156.70042 32.34766 -78.77198 -188.28305 -72.14854
43452 3.35645 NaN NaN NaN 161.37885 -86.96968 -24.34910 259.47531 -166.72180 -31.02998 NaN NaN NaN -8.82607 -157.17288 32.43856 -79.18083 -188.33815 -72.36023
43453 3.36479 NaN NaN NaN 161.52380 -87.21218 -24.03858 259.65341 -166.86816 -31.26496 NaN NaN NaN -9.54317 -157.61710 32.54760 -79.53296 -188.38786 -72.60104
43454 3.37312 NaN NaN NaN 161.73312 -87.45548 -23.61053 259.86542 -167.01987 -31.49323 NaN NaN NaN -10.21824 -157.99678 32.64814 -79.84019 -188.40384 -72.86217
43455 3.38145 NaN NaN NaN 161.98221 -87.65484 -23.16796 260.11151 -167.18066 -31.74705 NaN NaN NaN -10.92030 -158.36841 32.73860 -80.11478 -188.43332 -73.07030
43456 3.38978 NaN NaN NaN 162.21832 -87.87672 -22.69031 260.34570 -167.32133 -32.02127 NaN NaN NaN -11.61697 -158.70003 32.86781 -80.34158 -188.31361 -73.38457
43457 3.39811 NaN NaN NaN 162.41371 -88.07008 -22.21090 260.54263 -167.41479 -32.24900 NaN NaN NaN -12.25574 -158.94452 32.97723 -80.43327 -188.27724 -73.63159
43458 3.40644 NaN NaN NaN 162.58632 -88.26861 -21.84031 260.73926 -167.54559 -32.52610 NaN NaN NaN -12.83746 -159.15593 33.10165 -80.48670 -188.27318 -73.84294
43459 3.41477 NaN NaN NaN 162.79576 -88.46839 -21.49665 260.95560 -167.65150 -32.77223 NaN NaN NaN -13.34168 -159.33159 33.17128 -80.55035 -188.15656 -74.22463
43460 3.42310 NaN NaN NaN 163.04674 -88.58275 -21.12831 261.15125 -167.66818 -32.96991 NaN NaN NaN -13.71748 -159.43288 33.16639 -80.58039 -188.04118 -74.57368
43461 3.43144 NaN NaN NaN 163.27608 -88.60332 -20.81485 261.35489 -167.67046 -33.16376 NaN NaN NaN -14.06007 -159.50632 33.10227 -80.66357 -187.81290 -74.84972
43462 3.43977 NaN NaN NaN 163.47533 -88.67444 -20.59303 261.55316 -167.67770 -33.38874 NaN NaN NaN -14.46258 -159.65012 33.06132 -80.56606 -187.61520 -75.19368
43463 3.44810 NaN NaN NaN 163.70052 -88.64532 -20.34296 261.72070 -167.65002 -33.61182 NaN NaN NaN -14.77166 -159.74525 32.96322 -80.54588 -187.39622 -75.57030
43464 3.45643 NaN NaN NaN 163.86888 -88.71323 -19.90527 261.88446 -167.61342 -33.84122 NaN NaN NaN -14.98464 -159.84145 32.87809 -80.58044 -187.20848 -75.84212
43465 3.46476 NaN NaN NaN 164.14841 -88.69950 -19.67221 262.06738 -167.55571 -34.01152 NaN NaN NaN -15.21541 -160.05435 32.74959 -80.68658 -186.97159 -76.19495
43466 3.47309 NaN NaN NaN 164.36340 -88.64536 -19.33972 262.29178 -167.47417 -34.17735 NaN NaN NaN -15.49824 -160.14372 32.68322 -80.66833 -186.76344 -76.62984
43467 3.48142 NaN NaN NaN 164.67445 -88.58611 -19.01320 262.49506 -167.42804 -34.31833 NaN NaN NaN -15.69941 -160.17039 32.64122 -80.62847 -186.54643 -76.89339
43468 3.48976 NaN NaN NaN 164.88121 -88.55315 -18.64484 262.67044 -167.33290 -34.54513 NaN NaN NaN -15.75638 -160.10815 32.59551 -80.61545 -186.43568 -77.05422
43469 3.49809 NaN NaN NaN 165.07677 -88.52511 -18.37465 262.84113 -167.23376 -34.76827 NaN NaN NaN -15.80349 -160.02664 32.51868 -80.57793 -186.45036 -77.11716
43470 3.50642 NaN NaN NaN 165.29793 -88.44272 -18.11496 262.98373 -167.15329 -35.01181 NaN NaN NaN -15.95328 -159.94919 32.53685 -80.38417 -186.39554 -77.24931
43471 3.51475 NaN NaN NaN 165.53656 -88.38810 -17.89189 263.14755 -167.06111 -35.28592 NaN NaN NaN -16.30120 -159.97037 32.62545 -80.03362 -186.24524 -77.53600
43472 3.52308 NaN NaN NaN 165.76482 -88.32716 -17.70327 263.29059 -166.98106 -35.51027 NaN NaN NaN -16.61423 -159.99391 32.69750 -79.73890 -185.92236 -77.87431
43473 3.53141 NaN NaN NaN 165.95930 -88.25536 -17.43032 263.43469 -166.89833 -35.78028 NaN NaN NaN -17.06318 -160.09386 32.82558 -79.46140 -185.30278 -78.37540
43474 3.53974 NaN NaN NaN 166.11923 -88.28453 -17.18705 263.53537 -166.87128 -36.02674 NaN NaN NaN -17.53880 -160.19492 32.95722 -78.97955 -184.82344 -78.81024
43475 3.54807 NaN NaN NaN 166.26540 -88.28931 -17.02297 263.65210 -166.79265 -36.24463 NaN NaN NaN -18.09299 -160.29808 33.11833 -78.63525 -184.10197 -79.45656
43476 3.55641 NaN NaN NaN 166.42130 -88.26629 -16.86896 263.74857 -166.76907 -36.45057 NaN NaN NaN -18.65983 -160.48015 33.25479 -78.23592 -183.37831 -80.00999
43477 3.56474 NaN NaN NaN 166.55923 -88.26214 -16.65759 263.82901 -166.70827 -36.65706 NaN NaN NaN -19.26397 -160.69241 33.46017 -77.66882 -182.68988 -80.58865
43478 3.57307 NaN NaN NaN 166.68900 -88.28786 -16.33030 263.89386 -166.65866 -36.85721 NaN NaN NaN -19.87274 -160.94405 33.68780 -77.15178 -182.05775 -81.04147
43479 3.58140 NaN NaN NaN 166.74480 -88.40427 -15.90144 263.95813 -166.62732 -37.01702 NaN NaN NaN -20.45921 -161.07454 33.86629 -76.63736 -181.51682 -81.34734
43480 3.58973 NaN NaN NaN 166.91322 -88.42664 -15.63388 264.03290 -166.64658 -37.19477 NaN NaN NaN -21.13642 -161.36604 34.14339 -75.91628 -180.78162 -81.74537
43481 3.59806 NaN NaN NaN 166.99283 -88.51173 -15.29099 264.08801 -166.63725 -37.34401 NaN NaN NaN -22.29743 -161.95941 34.49156 -74.61455 -179.58852 -82.51469
43482 3.60639 NaN NaN NaN 167.10263 -88.64456 -14.87938 264.11746 -166.65434 -37.45874 NaN NaN NaN -23.96437 -163.35089 34.94987 -72.61250 -177.78688 -83.47861
43483 3.61472 NaN NaN NaN 167.22478 -88.72603 -14.47697 264.16669 -166.70663 -37.57627 NaN NaN NaN -25.60068 -164.72194 35.28162 -71.17336 -175.97188 -84.62913
43484 3.62306 NaN NaN NaN 167.31151 -88.86510 -14.01127 264.20416 -166.77037 -37.70558 NaN NaN NaN -26.49829 -165.18289 35.41105 -70.85441 -174.68373 -85.33096
43485 3.63139 NaN NaN NaN 167.43349 -89.08961 -13.50736 264.23041 -166.85248 -37.80509 NaN NaN NaN -26.64419 -164.82141 35.51335 -71.16457 -174.05539 -85.62380
43486 3.63972 NaN NaN NaN 167.55763 -89.23838 -13.03591 264.27054 -166.94995 -37.96472 NaN NaN NaN -26.69212 -164.15688 35.63321 -71.62993 -173.24323 -85.73602
43487 3.64805 NaN NaN NaN 167.71191 -89.30039 -12.53549 264.29355 -167.01176 -38.04468 NaN NaN NaN -26.88323 -163.64940 35.80418 -71.73623 -172.50107 -85.70798
43488 3.65638 NaN NaN NaN 167.84248 -89.48215 -12.05702 264.34131 -167.10710 -38.14443 NaN NaN NaN -27.13883 -163.35428 35.97124 -71.46306 -171.84966 -85.66448
43489 3.66471 NaN NaN NaN 168.03619 -89.53288 -11.61394 264.40759 -167.16141 -38.21233 NaN NaN NaN -27.29911 -163.09096 36.17118 -71.19879 -171.29416 -85.74547
43490 3.67304 NaN NaN NaN 168.20520 -89.65710 -11.19160 264.46231 -167.21230 -38.26508 NaN NaN NaN -27.23480 -162.68666 36.43314 -70.98623 -170.83241 -85.63132
43491 3.68138 NaN NaN NaN 168.33026 -89.84042 -10.80535 264.54535 -167.28461 -38.30820 NaN NaN NaN -26.98560 -162.18283 36.72651 -70.76762 -170.48039 -85.24974
43492 3.68971 NaN NaN NaN 168.53928 -89.84866 -10.43599 264.63385 -167.33421 -38.32130 NaN NaN NaN -26.62470 -161.59438 36.96026 -70.61865 -170.08823 -84.87559
43493 3.69804 NaN NaN NaN 168.77173 -89.88519 -10.03745 264.77084 -167.37909 -38.30843 NaN NaN NaN -26.17849 -160.92407 37.24500 -70.47228 -169.67172 -84.56211
43494 3.70637 NaN NaN NaN 169.00911 -90.00484 -9.72320 264.93024 -167.41507 -38.33509 NaN NaN NaN -25.63547 -160.21974 37.52879 -70.32893 -169.24831 -84.20385
43495 3.71470 NaN NaN NaN 169.25850 -90.08563 -9.39013 265.08362 -167.44586 -38.40389 NaN NaN NaN -24.91373 -159.42812 37.80689 -70.21390 -168.84952 -83.71972
43496 3.72303 NaN NaN NaN 169.52841 -90.13217 -9.10012 265.32422 -167.43034 -38.41065 NaN NaN NaN -24.01998 -158.62093 38.03161 -70.15535 -168.49535 -83.25371
43497 3.73136 NaN NaN NaN 169.79195 -90.22723 -8.75761 265.58563 -167.44751 -38.47246 NaN NaN NaN -23.04027 -157.73042 38.34900 -70.15965 -168.23402 -82.59810
43498 3.73969 NaN NaN NaN 170.10022 -90.30237 -8.49624 265.84253 -167.46725 -38.50110 NaN NaN NaN -21.98988 -156.85553 38.60514 -70.12695 -168.02193 -81.95441
43499 3.74803 NaN NaN NaN 170.37567 -90.38641 -8.28641 266.08902 -167.42255 -38.47073 NaN NaN NaN -20.95975 -156.00046 38.86720 -70.01752 -167.86324 -81.26716
43500 3.75636 NaN NaN NaN 170.67320 -90.34702 -8.12942 266.35376 -167.39352 -38.40723 NaN NaN NaN -19.92561 -155.19394 39.16959 -69.81847 -167.81235 -80.62773
43501 3.76469 NaN NaN NaN 170.93890 -90.36629 -7.95783 266.67258 -167.32803 -38.30359 NaN NaN NaN -18.98254 -154.43422 39.44440 -69.55130 -167.70538 -79.93527
43502 3.77302 NaN NaN NaN 171.26389 -90.22013 -7.85999 266.92712 -167.21927 -38.16482 NaN NaN NaN -18.06126 -153.76175 39.75386 -69.19926 -167.61092 -79.38000
43503 3.78135 NaN NaN NaN 171.50307 -90.05195 -7.77089 267.19656 -167.07541 -37.97243 NaN NaN NaN -17.23890 -153.20230 40.05209 -68.80700 -167.54765 -78.80832
43504 3.78968 NaN NaN NaN 171.73824 -89.88643 -7.70768 267.48889 -166.92805 -37.75667 NaN NaN NaN -16.42035 -152.72058 40.36421 -68.10922 -167.86168 -78.00590
