Frame# Time LH1 LH2 LH3 RH1 RH2 RH3
X54 Y54 Z54 X55 Y55 Z55 X56 Y56 Z56 X57 Y57 Z57 X58 Y58 Z58 X59 Y59 Z59
4798 0.00296 NaN NaN NaN 135.90273 -137.99519 -62.19413 243.49257 -187.84341 -106.68235 NaN NaN NaN 87.97607 -149.95412 -83.38034 -23.00982 -218.10912 -90.19410
4799 0.01131 NaN NaN NaN 135.91988 -138.00981 -62.17986 243.50368 -187.83864 -106.68688 NaN NaN NaN 87.96153 -149.97852 -83.36919 -23.01861 -218.10350 -90.21976
4800 0.01965 NaN NaN NaN 135.92249 -138.02885 -62.15369 243.52063 -187.85803 -106.69790 NaN NaN NaN 87.93168 -150.00645 -83.36662 -23.04914 -218.15106 -90.22989
4801 0.02799 NaN NaN NaN 135.92667 -138.03844 -62.14331 243.52721 -187.84135 -106.71363 NaN NaN NaN 87.88622 -150.02715 -83.38847 -23.07155 -218.18579 -90.21954
4802 0.03633 NaN NaN NaN 135.93784 -138.03799 -62.13440 243.55127 -187.83997 -106.72311 NaN NaN NaN 87.87029 -150.02957 -83.40405 -23.08163 -218.21075 -90.22779
4803 0.04468 NaN NaN NaN 135.96948 -138.04903 -62.10871 243.54588 -187.82175 -106.73590 NaN NaN NaN 87.84351 -150.03101 -83.41157 -23.12267 -218.25012 -90.24648
4804 0.05302 NaN NaN NaN 135.98776 -138.07391 -62.04070 243.55603 -187.83102 -106.73547 NaN NaN NaN 87.81355 -150.01738 -83.41852 -23.17612 -218.24722 -90.27198
4805 0.06136 NaN NaN NaN 135.99792 -138.10295 -61.98470 243.55205 -187.83069 -106.74953 NaN NaN NaN 87.81480 -150.00621 -83.43431 -23.21504 -218.23738 -90.25031
4806 0.06971 NaN NaN NaN 135.99081 -138.16449 -61.94170 243.56381 -187.85522 -106.74233 NaN NaN NaN 87.80170 -150.01595 -83.45267 -23.14281 -218.22569 -90.23315
4807 0.07805 NaN NaN NaN 136.00655 -138.13713 -61.92429 243.56430 -187.86899 -106.73712 NaN NaN NaN 87.78959 -150.00574 -83.48726 -23.19655 -218.23466 -90.19629
4808 0.08639 NaN NaN NaN 136.03391 -138.14424 -61.87818 243.57341 -187.86783 -106.72587 NaN NaN NaN 87.77864 -149.97615 -83.53238 -23.16619 -218.24969 -90.18643
4809 0.09473 NaN NaN NaN 136.05547 -138.14561 -61.81229 243.59914 -187.85022 -106.71759 NaN NaN NaN 87.75893 -149.93073 -83.56742 -23.21487 -218.26482 -90.17261
4810 0.10308 NaN NaN NaN 136.07852 -138.18321 -61.76199 243.61147 -187.84416 -106.71918 NaN NaN NaN 87.73977 -149.92686 -83.55781 -23.18016 -218.27823 -90.18409
4811 0.11142 NaN NaN NaN 136.09891 -138.22296 -61.71572 243.62897 -187.84258 -106.71261 NaN NaN NaN 87.69780 -149.90483 -83.54763 -23.18356 -218.25835 -90.18226
4812 0.11976 NaN NaN NaN 136.10596 -138.22096 -61.68690 243.63538 -187.84315 -106.71573 NaN NaN NaN 87.69339 -149.91861 -83.54781 -23.17206 -218.24814 -90.18130
4813 0.12810 NaN NaN NaN 136.13963 -138.22227 -61.62566 243.63701 -187.84727 -106.69345 NaN NaN NaN 87.65274 -149.89925 -83.56094 -23.28274 -218.26398 -90.15900
4814 0.13645 NaN NaN NaN 136.14955 -138.18636 -61.56311 243.62024 -187.83009 -106.66598 NaN NaN NaN 87.60906 -149.90968 -83.57125 -23.28084 -218.29201 -90.14568
4815 0.14479 NaN NaN NaN 136.14380 -138.16141 -61.51458 243.57207 -187.83989 -106.65483 NaN NaN NaN 87.55759 -149.92583 -83.56609 -23.31049 -218.30580 -90.13618
4816 0.15313 NaN NaN NaN 136.12418 -138.11119 -61.48894 243.54095 -187.83588 -106.64290 NaN NaN NaN 87.50316 -149.94653 -83.53770 -23.34475 -218.30287 -90.16260
4817 0.16148 NaN NaN NaN 136.12509 -138.06606 -61.45889 243.52428 -187.80908 -106.60211 NaN NaN NaN 87.48149 -149.99936 -83.49023 -23.39580 -218.30742 -90.17139
4818 0.16982 NaN NaN NaN 136.11278 -138.02074 -61.42305 243.49120 -187.80281 -106.57612 NaN NaN NaN 87.45660 -150.04466 -83.45146 -23.49004 -218.31415 -90.19445
4819 0.17816 NaN NaN NaN 136.12134 -137.98109 -61.37485 243.46318 -187.79657 -106.55489 NaN NaN NaN 87.41785 -150.08937 -83.40318 -23.54763 -218.32544 -90.22607
4820 0.18650 NaN NaN NaN 136.12189 -137.95636 -61.30505 243.44485 -187.78813 -106.53283 NaN NaN NaN 87.37594 -150.11926 -83.33965 -23.61936 -218.34833 -90.28686
4821 0.19485 NaN NaN NaN 136.12988 -137.95702 -61.25610 243.43855 -187.79550 -106.53648 NaN NaN NaN 87.34569 -150.16057 -83.25874 -23.68761 -218.37234 -90.32183
4822 0.20319 NaN NaN NaN 136.15001 -137.95633 -61.20369 243.43315 -187.80559 -106.52070 NaN NaN NaN 87.30156 -150.19298 -83.19335 -23.72452 -218.40253 -90.33948
4823 0.21153 NaN NaN NaN 136.16042 -137.94289 -61.14977 243.42673 -187.80891 -106.52327 NaN NaN NaN 87.22878 -150.23921 -83.12244 -23.74924 -218.39923 -90.35701
4824 0.21987 NaN NaN NaN 136.16383 -137.93205 -61.12110 243.41148 -187.81357 -106.50323 NaN NaN NaN 87.16946 -150.30692 -83.07805 -23.80835 -218.41716 -90.39456
4825 0.22822 NaN NaN NaN 136.16762 -137.92728 -61.10363 243.40036 -187.82397 -106.50039 NaN NaN NaN 87.12816 -150.35294 -83.04811 -23.88786 -218.42142 -90.43939
4826 0.23656 NaN NaN NaN 136.16241 -137.90184 -61.10723 243.37886 -187.82425 -106.48978 NaN NaN NaN 87.09055 -150.39926 -83.00819 -23.94667 -218.41191 -90.46158
4827 0.24490 NaN NaN NaN 136.15842 -137.86160 -61.09084 243.36295 -187.82841 -106.48532 NaN NaN NaN 87.04636 -150.44598 -82.98914 -23.99124 -218.41284 -90.47361
4828 0.25325 NaN NaN NaN 136.16301 -137.81296 -61.06956 243.33900 -187.82524 -106.46984 NaN NaN NaN 87.04140 -150.46785 -82.90523 -24.01852 -218.43567 -90.49963
4829 0.26159 NaN NaN NaN 136.15532 -137.78845 -61.04258 243.32826 -187.82426 -106.45685 NaN NaN NaN 87.02013 -150.49583 -82.85984 -24.06651 -218.42001 -90.51931
4830 0.26993 NaN NaN NaN 136.16054 -137.76274 -61.00069 243.32513 -187.81885 -106.43618 NaN NaN NaN 86.98955 -150.51134 -82.83876 -24.10543 -218.40216 -90.58595
4831 0.27827 NaN NaN NaN 136.16475 -137.77579 -60.95443 243.29805 -187.80458 -106.42441 NaN NaN NaN 86.95235 -150.51727 -82.82929 -24.15867 -218.39412 -90.58682
4832 0.28662 NaN NaN NaN 136.14964 -137.77782 -60.90491 243.28532 -187.79611 -106.44112 NaN NaN NaN 86.92789 -150.51935 -82.78797 -24.18073 -218.40681 -90.58997
4833 0.29496 NaN NaN NaN 136.14767 -137.78557 -60.87267 243.26944 -187.79233 -106.43736 NaN NaN NaN 86.87818 -150.53976 -82.75148 -24.21209 -218.42386 -90.62292
4834 0.30330 NaN NaN NaN 136.14186 -137.78856 -60.85404 243.25766 -187.79276 -106.41833 NaN NaN NaN 86.85146 -150.56221 -82.68255 -24.27026 -218.44798 -90.64415
4835 0.31164 NaN NaN NaN 136.15700 -137.77271 -60.85314 243.22449 -187.80185 -106.39110 NaN NaN NaN 86.83585 -150.58899 -82.65481 -24.34174 -218.43008 -90.67110
4836 0.31999 NaN NaN NaN 136.14957 -137.74442 -60.84834 243.23740 -187.77834 -106.39787 NaN NaN NaN 86.81232 -150.62117 -82.61483 -24.33578 -218.43169 -90.68484
4837 0.32833 NaN NaN NaN 136.13936 -137.73549 -60.85188 243.22404 -187.77916 -106.38287 NaN NaN NaN 86.80557 -150.66383 -82.58981 -24.35351 -218.44583 -90.69447
4838 0.33667 NaN NaN NaN 136.14142 -137.69624 -60.85023 243.21516 -187.77882 -106.38554 NaN NaN NaN 86.77746 -150.69691 -82.54659 -24.34205 -218.45892 -90.72640
4839 0.34502 NaN NaN NaN 136.13612 -137.68028 -60.84861 243.19998 -187.76537 -106.38194 NaN NaN NaN 86.75430 -150.73293 -82.49712 -24.36450 -218.47545 -90.72244
4840 0.35336 NaN NaN NaN 136.13121 -137.63393 -60.84402 243.18013 -187.76103 -106.37432 NaN NaN NaN 86.74297 -150.75015 -82.48068 -24.41842 -218.49225 -90.73579
4841 0.36170 NaN NaN NaN 136.11189 -137.63148 -60.85466 243.16789 -187.76064 -106.37553 NaN NaN NaN 86.75585 -150.77446 -82.45029 -24.47492 -218.50089 -90.71518
4842 0.37004 NaN NaN NaN 136.11484 -137.62538 -60.85779 243.15060 -187.76079 -106.36414 NaN NaN NaN 86.73969 -150.81927 -82.41290 -24.50276 -218.50308 -90.73081
4843 0.37839 NaN NaN NaN 136.10484 -137.57719 -60.87066 243.14339 -187.75664 -106.36662 NaN NaN NaN 86.72608 -150.83861 -82.39093 -24.49505 -218.50668 -90.73739
4844 0.38673 NaN NaN NaN 136.12076 -137.55124 -60.88792 243.13232 -187.74467 -106.36217 NaN NaN NaN 86.71616 -150.87466 -82.35014 -24.49454 -218.49673 -90.74001
4845 0.39507 NaN NaN NaN 136.10709 -137.56133 -60.89182 243.12190 -187.75128 -106.35757 NaN NaN NaN 86.70834 -150.89352 -82.31902 -24.50374 -218.51170 -90.75047
4846 0.40342 NaN NaN NaN 136.10454 -137.53621 -60.90690 243.12903 -187.76521 -106.35044 NaN NaN NaN 86.69167 -150.92052 -82.29240 -24.56314 -218.51646 -90.74976
4847 0.41176 NaN NaN NaN 136.07909 -137.53186 -60.90945 243.13576 -187.77826 -106.33907 NaN NaN NaN 86.66446 -150.93407 -82.26797 -24.51761 -218.50069 -90.75998
4848 0.42010 NaN NaN NaN 136.06259 -137.53882 -60.94108 243.13292 -187.76631 -106.31796 NaN NaN NaN 86.64928 -150.94861 -82.24716 -24.54653 -218.53319 -90.78825
4849 0.42844 NaN NaN NaN 136.04625 -137.51196 -60.94712 243.13121 -187.77130 -106.31241 NaN NaN NaN 86.65269 -150.97502 -82.23590 -24.58278 -218.51080 -90.80839
4850 0.43679 NaN NaN NaN 136.07570 -137.52264 -60.95723 243.14220 -187.78354 -106.31123 NaN NaN NaN 86.64085 -151.00398 -82.22462 -24.58499 -218.50142 -90.81352
4851 0.44513 NaN NaN NaN 136.08589 -137.53191 -60.97672 243.15128 -187.78488 -106.31065 NaN NaN NaN 86.62033 -151.01768 -82.21071 -24.66984 -218.50069 -90.82001
4852 0.45347 NaN NaN NaN 136.10063 -137.52753 -60.98579 243.17276 -187.80626 -106.31630 NaN NaN NaN 86.59944 -151.04817 -82.18407 -24.70567 -218.50908 -90.83604
4853 0.46181 NaN NaN NaN 136.10167 -137.54559 -60.98997 243.17508 -187.81903 -106.30581 NaN NaN NaN 86.56409 -151.02267 -82.15861 -24.71834 -218.53589 -90.86484
4854 0.47016 NaN NaN NaN 136.11786 -137.57909 -60.98159 243.19987 -187.82417 -106.30895 NaN NaN NaN 86.58133 -151.07144 -82.09328 -24.72260 -218.56207 -90.85287
4855 0.47850 NaN NaN NaN 136.10893 -137.62000 -60.96680 243.19698 -187.83067 -106.32253 NaN NaN NaN 86.55353 -151.06351 -82.07298 -24.72399 -218.59132 -90.86568
4856 0.48684 NaN NaN NaN 136.11255 -137.62709 -60.94897 243.20102 -187.82550 -106.32566 NaN NaN NaN 86.55602 -151.09373 -82.05158 -24.74538 -218.57722 -90.87873
4857 0.49519 NaN NaN NaN 136.12247 -137.62607 -60.94230 243.19771 -187.84059 -106.32401 NaN NaN NaN 86.55591 -151.12433 -82.04207 -24.76667 -218.60437 -90.90964
4858 0.50353 NaN NaN NaN 136.12009 -137.61443 -60.93563 243.18816 -187.84090 -106.31325 NaN NaN NaN 86.56587 -151.21741 -81.98310 -24.77605 -218.60051 -90.93044
4859 0.51187 NaN NaN NaN 136.09146 -137.63666 -60.93434 243.18279 -187.83847 -106.30505 NaN NaN NaN 86.53639 -151.25288 -81.96410 -24.82779 -218.62595 -90.94598
4860 0.52021 NaN NaN NaN 136.08704 -137.65556 -60.93410 243.16524 -187.84889 -106.29813 NaN NaN NaN 86.53059 -151.36519 -81.90308 -24.86942 -218.63045 -90.95825
4861 0.52856 NaN NaN NaN 136.07629 -137.65858 -60.94054 243.15089 -187.85185 -106.29245 NaN NaN NaN 86.54037 -151.43370 -81.87127 -24.89074 -218.64966 -90.97499
4862 0.53690 NaN NaN NaN 136.08475 -137.57628 -60.94778 243.14745 -187.83879 -106.28378 NaN NaN NaN 86.54763 -151.51797 -81.82907 -24.88793 -218.66631 -91.01049
4863 0.54524 NaN NaN NaN 136.06613 -137.57680 -60.96414 243.13478 -187.83746 -106.26710 NaN NaN NaN 86.53388 -151.57690 -81.79901 -24.90761 -218.69676 -91.07074
4864 0.55358 NaN NaN NaN 136.05228 -137.53627 -60.96799 243.12708 -187.83653 -106.27338 NaN NaN NaN 86.51013 -151.63681 -81.79185 -24.93511 -218.69507 -91.09154
4865 0.56193 NaN NaN NaN 136.03441 -137.50171 -60.97557 243.12825 -187.85167 -106.24509 NaN NaN NaN 86.48304 -151.65768 -81.78062 -24.99872 -218.71274 -91.11475
4866 0.57027 NaN NaN NaN 136.02992 -137.47272 -60.98075 243.12396 -187.82068 -106.23928 NaN NaN NaN 86.46380 -151.66656 -81.76982 -25.02967 -218.68564 -91.13460
4867 0.57861 NaN NaN NaN 136.03334 -137.44171 -60.98594 243.12320 -187.82979 -106.23522 NaN NaN NaN 86.45270 -151.66866 -81.75356 -25.04287 -218.69362 -91.20753
4868 0.58696 NaN NaN NaN 136.04187 -137.42630 -60.98325 243.13086 -187.82387 -106.23640 NaN NaN NaN 86.45956 -151.68408 -81.74236 -25.04878 -218.65564 -91.23174
4869 0.59530 NaN NaN NaN 136.06116 -137.44299 -60.96490 243.13141 -187.81848 -106.24570 NaN NaN NaN 86.46024 -151.67923 -81.72321 -25.03141 -218.61514 -91.23397
4870 0.60364 NaN NaN NaN 136.06906 -137.46587 -60.96768 243.14944 -187.81050 -106.24847 NaN NaN NaN 86.48067 -151.65613 -81.71075 -25.01726 -218.60603 -91.22423
4871 0.61198 NaN NaN NaN 136.07510 -137.47379 -60.95482 243.14969 -187.80194 -106.24895 NaN NaN NaN 86.50917 -151.62332 -81.69068 -25.00226 -218.55940 -91.25449
4872 0.62033 NaN NaN NaN 136.06505 -137.49026 -60.96767 243.16151 -187.79996 -106.24163 NaN NaN NaN 86.54865 -151.57806 -81.67189 -24.94069 -218.50053 -91.27998
4873 0.62867 NaN NaN NaN 136.08051 -137.49054 -60.95061 243.16354 -187.79352 -106.24743 NaN NaN NaN 86.60165 -151.48347 -81.64367 -24.89903 -218.44017 -91.26560
4874 0.63701 NaN NaN NaN 136.10986 -137.53339 -60.95471 243.18817 -187.80310 -106.25809 NaN NaN NaN 86.68033 -151.40617 -81.65800 -24.85801 -218.40514 -91.27719
4875 0.64535 NaN NaN NaN 136.13448 -137.54759 -60.93337 243.20267 -187.78506 -106.28818 NaN NaN NaN 86.75247 -151.25333 -81.72444 -24.73152 -218.35426 -91.22691
4876 0.65370 NaN NaN NaN 136.14706 -137.58923 -60.92014 243.21979 -187.77313 -106.31603 NaN NaN NaN 86.85269 -151.16129 -81.69920 -24.59977 -218.30789 -91.21242
4877 0.66204 NaN NaN NaN 136.16463 -137.60141 -60.90760 243.22121 -187.74539 -106.33078 NaN NaN NaN 86.92451 -151.03043 -81.75785 -24.51261 -218.22879 -91.22340
4878 0.67038 NaN NaN NaN 136.16342 -137.62003 -60.90414 243.21866 -187.74962 -106.35085 NaN NaN NaN 87.00829 -150.94150 -81.77900 -24.37571 -218.13898 -91.16780
4879 0.67873 NaN NaN NaN 136.16429 -137.59592 -60.90594 243.22108 -187.74950 -106.34740 NaN NaN NaN 87.08503 -150.77837 -81.89223 -24.27416 -218.05164 -91.13531
4880 0.68707 NaN NaN NaN 136.16397 -137.63219 -60.89833 243.24341 -187.74075 -106.35109 NaN NaN NaN 87.18762 -150.68120 -81.93027 -24.12320 -217.99852 -91.08400
4881 0.69541 NaN NaN NaN 136.16911 -137.65698 -60.88738 243.24107 -187.73105 -106.37638 NaN NaN NaN 87.28911 -150.60559 -81.95459 -24.04538 -218.01208 -91.02930
4882 0.70375 NaN NaN NaN 136.17336 -137.68031 -60.88132 243.26457 -187.74338 -106.38174 NaN NaN NaN 87.36970 -150.53391 -81.98744 -23.96765 -218.02774 -90.98593
4883 0.71210 NaN NaN NaN 136.18420 -137.68126 -60.87728 243.26704 -187.74683 -106.39091 NaN NaN NaN 87.44632 -150.46074 -82.03809 -23.90006 -217.94940 -90.96144
4884 0.72044 NaN NaN NaN 136.18295 -137.69968 -60.87179 243.28136 -187.73819 -106.40205 NaN NaN NaN 87.51397 -150.37936 -82.11492 -23.78468 -217.86565 -90.90797
4885 0.72878 NaN NaN NaN 136.19174 -137.70836 -60.86898 243.27357 -187.73340 -106.42583 NaN NaN NaN 87.56613 -150.28775 -82.15240 -23.68042 -217.80681 -90.85703
4886 0.73712 NaN NaN NaN 136.17996 -137.71768 -60.88040 243.27065 -187.74478 -106.42246 NaN NaN NaN 87.59574 -150.23679 -82.18549 -23.58181 -217.81342 -90.82186
4887 0.74547 NaN NaN NaN 136.17023 -137.73305 -60.88248 243.25473 -187.73688 -106.43306 NaN NaN NaN 87.62576 -150.16629 -82.18650 -23.56709 -217.81779 -90.76615
4888 0.75381 NaN NaN NaN 136.16313 -137.74211 -60.87994 243.27289 -187.73898 -106.42373 NaN NaN NaN 87.68065 -150.07809 -82.18584 -23.50379 -217.81708 -90.71420
4889 0.76215 NaN NaN NaN 136.17819 -137.73048 -60.89085 243.27025 -187.75989 -106.43069 NaN NaN NaN 87.72629 -149.99017 -82.24405 -23.43800 -217.80370 -90.62804
4890 0.77050 NaN NaN NaN 136.17007 -137.73070 -60.89239 243.28181 -187.76393 -106.44852 NaN NaN NaN 87.79421 -149.92624 -82.20808 -23.33111 -217.76791 -90.59983
4891 0.77884 NaN NaN NaN 136.18909 -137.73328 -60.88624 243.28827 -187.75659 -106.47247 NaN NaN NaN 87.83485 -149.87852 -82.19254 -23.28762 -217.70285 -90.60558
4892 0.78718 NaN NaN NaN 136.18509 -137.77173 -60.87339 243.32422 -187.76462 -106.48454 NaN NaN NaN 87.86862 -149.87289 -82.17237 -23.20861 -217.67026 -90.60484
4893 0.79552 NaN NaN NaN 136.19534 -137.81606 -60.86049 243.33614 -187.78001 -106.49614 NaN NaN NaN 87.90800 -149.87424 -82.16302 -23.20077 -217.65291 -90.60615
4894 0.80387 NaN NaN NaN 136.22058 -137.87302 -60.84896 243.37003 -187.79997 -106.49953 NaN NaN NaN 87.95855 -149.83470 -82.15543 -23.11236 -217.64325 -90.55506
4895 0.81221 NaN NaN NaN 136.24542 -137.91879 -60.83188 243.38365 -187.81473 -106.51580 NaN NaN NaN 88.00956 -149.78725 -82.16904 -23.04243 -217.63014 -90.50866
4896 0.82055 NaN NaN NaN 136.24545 -137.96416 -60.84237 243.39194 -187.82149 -106.52339 NaN NaN NaN 88.05197 -149.72499 -82.19137 -22.98761 -217.63637 -90.46347
4897 0.82889 NaN NaN NaN 136.25429 -138.01314 -60.83322 243.40462 -187.83963 -106.54088 NaN NaN NaN 88.09328 -149.66966 -82.21855 -22.94779 -217.62518 -90.43120
4898 0.83724 NaN NaN NaN 136.26062 -138.03989 -60.83932 243.40919 -187.83748 -106.53723 NaN NaN NaN 88.14758 -149.58528 -82.26414 -22.89587 -217.64119 -90.37913
4899 0.84558 NaN NaN NaN 136.29587 -138.08401 -60.83833 243.42841 -187.87146 -106.55276 NaN NaN NaN 88.18607 -149.56258 -82.28797 -22.83458 -217.61203 -90.32954
4900 0.85392 NaN NaN NaN 136.30959 -138.12331 -60.84070 243.43690 -187.87886 -106.57571 NaN NaN NaN 88.21440 -149.53284 -82.29118 -22.78335 -217.64258 -90.30265
4901 0.86227 NaN NaN NaN 136.32222 -138.18983 -60.83938 243.46857 -187.90990 -106.59713 NaN NaN NaN 88.24934 -149.50870 -82.30995 -22.76686 -217.60916 -90.29391
4902 0.87061 NaN NaN NaN 136.33476 -138.24077 -60.84976 243.50087 -187.90852 -106.59945 NaN NaN NaN 88.28126 -149.48764 -82.29211 -22.71479 -217.57271 -90.27530
4903 0.87895 NaN NaN NaN 136.36211 -138.27295 -60.87476 243.54587 -187.94272 -106.62466 NaN NaN NaN 88.33377 -149.48123 -82.27954 -22.66089 -217.54356 -90.25128
4904 0.88729 NaN NaN NaN 136.39813 -138.35852 -60.86587 243.57504 -187.97791 -106.66413 NaN NaN NaN 88.38003 -149.45670 -82.25825 -22.58572 -217.55423 -90.22662
4905 0.89564 NaN NaN NaN 136.42497 -138.40782 -60.85406 243.59174 -188.01144 -106.68546 NaN NaN NaN 88.43447 -149.41098 -82.22360 -22.54381 -217.56934 -90.20747
4906 0.90398 NaN NaN NaN 136.43086 -138.44876 -60.82504 243.61578 -188.01422 -106.71612 NaN NaN NaN 88.49439 -149.40276 -82.17793 -22.49446 -217.57655 -90.19102
4907 0.91232 NaN NaN NaN 136.41176 -138.50299 -60.81430 243.60526 -188.04150 -106.71468 NaN NaN NaN 88.53188 -149.38246 -82.17213 -22.46881 -217.54170 -90.21761
4908 0.92067 NaN NaN NaN 136.41194 -138.51949 -60.81297 243.60670 -188.00813 -106.72555 NaN NaN NaN 88.57378 -149.35406 -82.17121 -22.42649 -217.49437 -90.18485
4909 0.92901 NaN NaN NaN 136.40079 -138.53035 -60.81897 243.60286 -188.00610 -106.72922 NaN NaN NaN 88.60596 -149.33217 -82.16935 -22.32641 -217.47505 -90.15189
4910 0.93735 NaN NaN NaN 136.39412 -138.52293 -60.79620 243.59778 -187.99202 -106.72637 NaN NaN NaN 88.64100 -149.28363 -82.18898 -22.22128 -217.45717 -90.13869
4911 0.94569 NaN NaN NaN 136.39806 -138.53163 -60.79343 243.59280 -188.00687 -106.70928 NaN NaN NaN 88.67580 -149.24586 -82.20220 -22.17346 -217.44884 -90.11333
4912 0.95404 NaN NaN NaN 136.41873 -138.52963 -60.77665 243.59862 -187.99701 -106.74175 NaN NaN NaN 88.69240 -149.19171 -82.21954 -22.15935 -217.46077 -90.06902
4913 0.96238 NaN NaN NaN 136.41405 -138.55391 -60.76254 243.61070 -188.01591 -106.72187 NaN NaN NaN 88.72984 -149.14891 -82.24257 -22.17149 -217.42795 -90.03553
4914 0.97072 NaN NaN NaN 136.42305 -138.54916 -60.76001 243.61739 -187.98947 -106.72568 NaN NaN NaN 88.74904 -149.11002 -82.26348 -22.12488 -217.39697 -90.01555
4915 0.97906 NaN NaN NaN 136.42174 -138.55869 -60.75246 243.61972 -187.99072 -106.71928 NaN NaN NaN 88.77229 -149.07224 -82.27945 -22.07581 -217.36066 -90.01053
4916 0.98741 NaN NaN NaN 136.42531 -138.52989 -60.76171 243.61954 -187.96213 -106.72447 NaN NaN NaN 88.79018 -149.05554 -82.27598 -22.06986 -217.32497 -90.00842
4917 0.99575 NaN NaN NaN 136.42870 -138.51344 -60.79134 243.62541 -187.95247 -106.72248 NaN NaN NaN 88.82151 -149.02176 -82.26736 -22.03649 -217.30974 -90.00005
4918 1.00409 NaN NaN NaN 136.43945 -138.50264 -60.79983 243.65170 -187.93692 -106.74027 NaN NaN NaN 88.83556 -149.02629 -82.25148 -22.04069 -217.30032 -90.01024
4919 1.01244 NaN NaN NaN 136.44872 -138.47250 -60.82439 243.66615 -187.93550 -106.73045 NaN NaN NaN 88.84428 -149.02074 -82.22925 -22.02712 -217.29105 -89.98810
4920 1.02078 NaN NaN NaN 136.45107 -138.44850 -60.82935 243.65697 -187.92105 -106.73698 NaN NaN NaN 88.86462 -148.99629 -82.19691 -22.02156 -217.25905 -89.99451
4921 1.02912 NaN NaN NaN 136.45529 -138.43462 -60.84624 243.66776 -187.92116 -106.71893 NaN NaN NaN 88.88271 -148.99155 -82.12240 -21.99307 -217.22894 -89.99637
4922 1.03746 NaN NaN NaN 136.45616 -138.42734 -60.84176 243.66891 -187.90862 -106.72231 NaN NaN NaN 88.87894 -148.98755 -82.07349 -21.98621 -217.21619 -90.01614
4923 1.04581 NaN NaN NaN 136.45421 -138.43491 -60.86432 243.67758 -187.90718 -106.71545 NaN NaN NaN 88.90920 -148.96779 -82.00915 -21.99205 -217.17912 -90.02078
4924 1.05415 NaN NaN NaN 136.44867 -138.44530 -60.88569 243.67252 -187.89474 -106.73608 NaN NaN NaN 88.91671 -148.97870 -81.99970 -21.98641 -217.15662 -90.01865
4925 1.06249 NaN NaN NaN 136.44415 -138.46733 -60.90288 243.69566 -187.89122 -106.72781 NaN NaN NaN 88.92960 -148.96544 -81.95432 -21.98463 -217.15395 -90.02935
4926 1.07083 NaN NaN NaN 136.45924 -138.49963 -60.90990 243.70445 -187.89142 -106.73695 NaN NaN NaN 88.93842 -148.98625 -81.91418 -21.94973 -217.12880 -90.03767
4927 1.07918 NaN NaN NaN 136.47539 -138.49956 -60.92688 243.72922 -187.91542 -106.76661 NaN NaN NaN 88.94036 -148.99417 -81.90137 -21.94838 -217.11810 -90.03922
4928 1.08752 NaN NaN NaN 136.48619 -138.55383 -60.94526 243.73064 -187.92607 -106.79321 NaN NaN NaN 88.96418 -149.00487 -81.89259 -21.96028 -217.10617 -90.03861
4929 1.09586 NaN NaN NaN 136.49405 -138.60373 -60.96052 243.74783 -187.92624 -106.81688 NaN NaN NaN 88.96847 -148.98207 -81.86301 -21.97588 -217.10095 -90.04441
4930 1.10421 NaN NaN NaN 136.51695 -138.65953 -60.96077 243.77858 -187.92465 -106.84056 NaN NaN NaN 88.98802 -148.98518 -81.82221 -21.95839 -217.08578 -90.04893
4931 1.11255 NaN NaN NaN 136.52145 -138.70213 -60.96727 243.80016 -187.93378 -106.88783 NaN NaN NaN 88.99593 -148.99689 -81.79807 -21.92069 -217.08261 -90.04040
4932 1.12089 NaN NaN NaN 136.53680 -138.73488 -60.96663 243.82413 -187.94344 -106.90750 NaN NaN NaN 88.99577 -148.99022 -81.77866 -21.94723 -217.06737 -90.03974
4933 1.12923 NaN NaN NaN 136.52257 -138.75819 -60.99714 243.84752 -187.96646 -106.92594 NaN NaN NaN 89.00401 -149.01256 -81.73813 -21.97379 -217.06723 -90.03898
4934 1.13758 NaN NaN NaN 136.53525 -138.76309 -61.00163 243.86815 -187.99098 -106.92590 NaN NaN NaN 89.00222 -149.00929 -81.71204 -21.97858 -217.05283 -90.03936
4935 1.14592 NaN NaN NaN 136.52962 -138.78169 -61.02097 243.88097 -188.00888 -106.97228 NaN NaN NaN 89.01498 -149.01877 -81.67172 -21.97380 -217.04747 -90.01537
4936 1.15426 NaN NaN NaN 136.54399 -138.77150 -61.04899 243.88182 -188.00105 -106.97281 NaN NaN NaN 89.01614 -149.02061 -81.63745 -21.96791 -217.04797 -90.03144
4937 1.16260 NaN NaN NaN 136.54050 -138.79175 -61.05402 243.88741 -187.99590 -106.99937 NaN NaN NaN 89.02757 -149.04985 -81.61173 -21.95759 -217.04124 -90.01064
4938 1.17095 NaN NaN NaN 136.51910 -138.81613 -61.06916 243.87604 -187.98944 -106.96910 NaN NaN NaN 89.03313 -149.08282 -81.57254 -21.97035 -217.03764 -90.03644
4939 1.17929 NaN NaN NaN 136.52328 -138.82968 -61.05977 243.88072 -187.97725 -107.00443 NaN NaN NaN 89.04225 -149.09950 -81.55504 -21.98406 -217.04694 -90.03339
4940 1.18763 NaN NaN NaN 136.52713 -138.84433 -61.06141 243.88722 -188.00233 -106.98155 NaN NaN NaN 89.03264 -149.08661 -81.58751 -21.95756 -217.05057 -90.02325
4941 1.19598 NaN NaN NaN 136.55705 -138.84753 -61.07714 243.90909 -187.99760 -106.99667 NaN NaN NaN 89.01438 -149.07065 -81.56269 -21.97774 -217.06145 -90.02399
4942 1.20432 NaN NaN NaN 136.55806 -138.82825 -61.07196 243.90865 -188.00330 -107.01334 NaN NaN NaN 89.01922 -149.13214 -81.49921 -21.99831 -217.07985 -90.02226
4943 1.21266 NaN NaN NaN 136.56683 -138.82904 -61.09117 243.91998 -188.01028 -107.01867 NaN NaN NaN 89.02164 -149.18147 -81.41936 -22.00078 -217.08974 -89.99681
4944 1.22100 NaN NaN NaN 136.55455 -138.84427 -61.11534 243.90376 -188.01566 -107.01831 NaN NaN NaN 89.01568 -149.24341 -81.36597 -22.01499 -217.08766 -90.01827
4945 1.22935 NaN NaN NaN 136.55655 -138.87064 -61.11969 243.91576 -188.00790 -107.02934 NaN NaN NaN 89.02378 -149.26515 -81.32971 -22.01043 -217.09706 -90.01706
4946 1.23769 NaN NaN NaN 136.54068 -138.86955 -61.13494 243.91092 -188.01433 -107.02500 NaN NaN NaN 89.00470 -149.28981 -81.30749 -22.03986 -217.09088 -90.05779
4947 1.24603 NaN NaN NaN 136.52931 -138.87065 -61.14654 243.89548 -187.99237 -107.03992 NaN NaN NaN 88.99614 -149.31479 -81.29944 -22.04257 -217.10388 -90.03781
4948 1.25437 NaN NaN NaN 136.52603 -138.86374 -61.16909 243.88528 -187.99316 -107.03821 NaN NaN NaN 88.99020 -149.31987 -81.26902 -22.05441 -217.11787 -90.03851
4949 1.26272 NaN NaN NaN 136.51210 -138.86398 -61.20690 243.89027 -188.00769 -107.04403 NaN NaN NaN 89.00019 -149.33223 -81.25692 -22.07298 -217.12622 -90.04866
4950 1.27106 NaN NaN NaN 136.51039 -138.85870 -61.23483 243.88692 -188.00423 -107.03963 NaN NaN NaN 88.97868 -149.33429 -81.22438 -22.09569 -217.14148 -90.06413
4951 1.27940 NaN NaN NaN 136.50125 -138.87918 -61.24548 243.87871 -188.00850 -107.04719 NaN NaN NaN 88.97756 -149.35701 -81.18571 -22.12605 -217.14929 -90.07523
4952 1.28775 NaN NaN NaN 136.49870 -138.90787 -61.25204 243.87854 -188.02798 -107.05190 NaN NaN NaN 88.97431 -149.37711 -81.16734 -22.13960 -217.15880 -90.07493
4953 1.29609 NaN NaN NaN 136.49812 -138.91858 -61.22449 243.85623 -188.04028 -107.08492 NaN NaN NaN 88.96823 -149.41110 -81.15398 -22.14909 -217.17511 -90.09627
4954 1.30443 NaN NaN NaN 136.48537 -138.92050 -61.26180 243.84059 -188.02820 -107.06881 NaN NaN NaN 88.96251 -149.46837 -81.12813 -22.13890 -217.20569 -90.09669
4955 1.31277 NaN NaN NaN 136.47160 -138.92015 -61.29783 243.83588 -188.03339 -107.06867 NaN NaN NaN 88.95370 -149.47989 -81.12017 -22.16308 -217.22234 -90.10914
4956 1.32112 NaN NaN NaN 136.45320 -138.89574 -61.31197 243.82396 -188.02431 -107.07493 NaN NaN NaN 88.96283 -149.49802 -81.11175 -22.19373 -217.25230 -90.13504
4957 1.32946 NaN NaN NaN 136.43251 -138.88306 -61.31404 243.81543 -188.02295 -107.09596 NaN NaN NaN 88.97060 -149.52092 -81.08537 -22.19760 -217.24971 -90.13335
4958 1.33780 NaN NaN NaN 136.41451 -138.84975 -61.33443 243.80264 -188.00479 -107.08889 NaN NaN NaN 88.97133 -149.54285 -81.07768 -22.14838 -217.27267 -90.16130
4959 1.34615 NaN NaN NaN 136.39043 -138.83640 -61.35900 243.79189 -188.01189 -107.09967 NaN NaN NaN 88.98084 -149.56343 -81.06826 -22.15767 -217.24426 -90.16762
4960 1.35449 NaN NaN NaN 136.36577 -138.80099 -61.38483 243.76718 -187.99147 -107.06657 NaN NaN NaN 88.98157 -149.56322 -81.05730 -22.17625 -217.25610 -90.19886
4961 1.36283 NaN NaN NaN 136.34108 -138.75551 -61.40689 243.74318 -187.99181 -107.06485 NaN NaN NaN 88.99023 -149.59285 -81.05363 -22.19041 -217.25859 -90.19828
4962 1.37117 NaN NaN NaN 136.33823 -138.73340 -61.41996 243.73985 -187.98907 -107.05271 NaN NaN NaN 88.98823 -149.63232 -81.03790 -22.19716 -217.27127 -90.21027
4963 1.37952 NaN NaN NaN 136.33096 -138.72530 -61.40821 243.73006 -187.97545 -107.05103 NaN NaN NaN 88.98412 -149.65276 -81.01060 -22.19835 -217.27240 -90.23352
4964 1.38786 NaN NaN NaN 136.32333 -138.74121 -61.41853 243.72295 -187.95393 -107.06140 NaN NaN NaN 88.96976 -149.67744 -81.00399 -22.20964 -217.25151 -90.26914
4965 1.39620 NaN NaN NaN 136.34290 -138.73941 -61.39624 243.71848 -187.96071 -107.05856 NaN NaN NaN 88.98547 -149.69261 -80.98115 -22.22853 -217.24794 -90.30647
4966 1.40454 NaN NaN NaN 136.34190 -138.72887 -61.38079 243.71234 -187.94402 -107.06390 NaN NaN NaN 88.95872 -149.72871 -80.97247 -22.27722 -217.24385 -90.32467
4967 1.41289 NaN NaN NaN 136.33711 -138.71214 -61.38757 243.69353 -187.95079 -107.03822 NaN NaN NaN 88.93925 -149.74380 -80.95471 -22.27238 -217.23714 -90.34680
4968 1.42123 NaN NaN NaN 136.31458 -138.67964 -61.40516 243.69008 -187.91989 -107.04353 NaN NaN NaN 88.92528 -149.74622 -80.95249 -22.28680 -217.24623 -90.36031
4969 1.42957 NaN NaN NaN 136.31213 -138.64363 -61.42009 243.69159 -187.92592 -107.03877 NaN NaN NaN 88.92342 -149.75076 -80.94460 -22.31162 -217.24738 -90.38802
4970 1.43792 NaN NaN NaN 136.29959 -138.59641 -61.41521 243.67940 -187.89757 -107.04902 NaN NaN NaN 88.92300 -149.76747 -80.94455 -22.34570 -217.24043 -90.39690
4971 1.44626 NaN NaN NaN 136.30803 -138.59322 -61.43005 243.67451 -187.89868 -107.03979 NaN NaN NaN 88.92117 -149.78230 -80.94713 -22.32447 -217.23686 -90.39898
4972 1.45460 NaN NaN NaN 136.29739 -138.56944 -61.43102 243.67130 -187.87807 -107.04620 NaN NaN NaN 88.91962 -149.76794 -80.93969 -22.33607 -217.22977 -90.39410
4973 1.46294 NaN NaN NaN 136.29332 -138.55023 -61.45331 243.65152 -187.88095 -107.03672 NaN NaN NaN 88.93105 -149.76295 -80.94231 -22.32382 -217.22041 -90.39632
4974 1.47129 NaN NaN NaN 136.28566 -138.51379 -61.45991 243.64749 -187.85669 -107.03712 NaN NaN NaN 88.91139 -149.72005 -80.96381 -22.31611 -217.21938 -90.40034
4975 1.47963 NaN NaN NaN 136.28481 -138.49603 -61.47820 243.61693 -187.83937 -107.02905 NaN NaN NaN 88.93114 -149.72787 -80.95773 -22.27431 -217.20999 -90.41374
4976 1.48797 NaN NaN NaN 136.26141 -138.43462 -61.47631 243.62772 -187.83609 -107.02747 NaN NaN NaN 88.92588 -149.71410 -80.96910 -22.31785 -217.20735 -90.41107
4977 1.49631 NaN NaN NaN 136.27710 -138.41161 -61.47544 243.63051 -187.80586 -107.02676 NaN NaN NaN 88.92336 -149.72527 -80.95606 -22.35427 -217.19962 -90.40707
4978 1.50466 NaN NaN NaN 136.26553 -138.36868 -61.47885 243.63341 -187.80528 -107.02515 NaN NaN NaN 88.93122 -149.74174 -80.91812 -22.36238 -217.18668 -90.41624
4979 1.51300 NaN NaN NaN 136.24632 -138.35103 -61.47087 243.61810 -187.79355 -106.99059 NaN NaN NaN 88.91483 -149.73439 -80.90645 -22.36747 -217.16864 -90.42831
4980 1.52134 NaN NaN NaN 136.23962 -138.32790 -61.49059 243.60841 -187.80699 -106.99828 NaN NaN NaN 88.89882 -149.75806 -80.84460 -22.39243 -217.13126 -90.46314
4981 1.52969 NaN NaN NaN 136.25688 -138.32346 -61.49342 243.60023 -187.76964 -106.99454 NaN NaN NaN 88.88890 -149.73091 -80.83843 -22.38664 -217.10182 -90.50099
4982 1.53803 NaN NaN NaN 136.23557 -138.30101 -61.49611 243.61218 -187.76295 -106.98045 NaN NaN NaN 88.92490 -149.77319 -80.71918 -22.39800 -217.09041 -90.52324
4983 1.54637 NaN NaN NaN 136.23668 -138.28694 -61.48080 243.59549 -187.73450 -106.97166 NaN NaN NaN 88.95659 -149.81044 -80.64791 -22.36903 -217.06827 -90.52758
4984 1.55471 NaN NaN NaN 136.20671 -138.25864 -61.49804 243.59741 -187.73415 -106.96321 NaN NaN NaN 88.96014 -149.85040 -80.61711 -22.36219 -217.07436 -90.54485
4985 1.56306 NaN NaN NaN 136.21930 -138.26491 -61.48357 243.59335 -187.70709 -106.98123 NaN NaN NaN 88.96670 -149.84653 -80.62492 -22.37040 -217.06201 -90.54906
4986 1.57140 NaN NaN NaN 136.22844 -138.27904 -61.50330 243.60367 -187.73782 -106.98172 NaN NaN NaN 88.97528 -149.85594 -80.61192 -22.37933 -217.08374 -90.56266
4987 1.57974 NaN NaN NaN 136.25122 -138.29973 -61.48606 243.60989 -187.73897 -106.99532 NaN NaN NaN 88.98586 -149.84540 -80.59872 -22.36475 -217.07246 -90.56655
4988 1.58808 NaN NaN NaN 136.24858 -138.31065 -61.48915 243.62964 -187.76094 -107.00350 NaN NaN NaN 88.99400 -149.85338 -80.59866 -22.39326 -217.08766 -90.58681
4989 1.59643 NaN NaN NaN 136.26488 -138.32756 -61.48377 243.62943 -187.75354 -107.03581 NaN NaN NaN 89.00392 -149.85864 -80.60883 -22.37490 -217.06938 -90.58457
4990 1.60477 NaN NaN NaN 136.26085 -138.33788 -61.50091 243.63522 -187.78439 -107.04054 NaN NaN NaN 89.00517 -149.87006 -80.60516 -22.37295 -217.09665 -90.59131
4991 1.61311 NaN NaN NaN 136.26518 -138.33485 -61.49284 243.62445 -187.78230 -107.03899 NaN NaN NaN 89.01168 -149.86235 -80.59772 -22.33540 -217.08598 -90.57709
4992 1.62146 NaN NaN NaN 136.25273 -138.32782 -61.50820 243.62297 -187.78777 -107.03376 NaN NaN NaN 88.99765 -149.85751 -80.59609 -22.32261 -217.10666 -90.57612
4993 1.62980 NaN NaN NaN 136.25729 -138.33705 -61.52853 243.60425 -187.78006 -107.02718 NaN NaN NaN 89.00867 -149.86810 -80.57548 -22.30371 -217.12102 -90.55673
4994 1.63814 NaN NaN NaN 136.21616 -138.30508 -61.52415 243.60869 -187.79141 -107.01397 NaN NaN NaN 88.98788 -149.86668 -80.55470 -22.35328 -217.12698 -90.57074
4995 1.64648 NaN NaN NaN 136.22363 -138.29428 -61.52657 243.59393 -187.79002 -107.01188 NaN NaN NaN 88.99328 -149.87627 -80.53297 -22.34413 -217.12521 -90.55704
4996 1.65483 NaN NaN NaN 136.19417 -138.26056 -61.53376 243.59055 -187.79228 -106.97947 NaN NaN NaN 88.97820 -149.89131 -80.52291 -22.36685 -217.14659 -90.57122
4997 1.66317 NaN NaN NaN 136.20789 -138.25624 -61.54943 243.57967 -187.77884 -106.99275 NaN NaN NaN 88.98547 -149.94101 -80.48339 -22.39046 -217.15138 -90.58142
4998 1.67151 NaN NaN NaN 136.19621 -138.23837 -61.54253 243.56889 -187.77298 -106.96735 NaN NaN NaN 88.95716 -149.98798 -80.43050 -22.39385 -217.18799 -90.57747
4999 1.67985 NaN NaN NaN 136.20155 -138.24339 -61.53982 243.55765 -187.75282 -106.97490 NaN NaN NaN 88.95332 -150.03688 -80.38143 -22.43443 -217.20944 -90.59914
5000 1.68820 NaN NaN NaN 136.18887 -138.21458 -61.54481 243.55273 -187.76657 -106.95369 NaN NaN NaN 88.93208 -150.05853 -80.33152 -22.47531 -217.24130 -90.63071
5001 1.69654 NaN NaN NaN 136.16991 -138.20711 -61.56315 243.53543 -187.76477 -106.95103 NaN NaN NaN 88.90012 -150.10185 -80.27757 -22.49763 -217.24751 -90.66064
5002 1.70488 NaN NaN NaN 136.15976 -138.18686 -61.56598 243.52467 -187.74968 -106.94456 NaN NaN NaN 88.86481 -150.12912 -80.19678 -22.53723 -217.22981 -90.67146
5003 1.71323 NaN NaN NaN 136.13179 -138.15218 -61.59095 243.51805 -187.74594 -106.93582 NaN NaN NaN 88.81430 -150.22313 -80.16602 -22.56850 -217.24472 -90.70871
5004 1.72157 NaN NaN NaN 136.12514 -138.13431 -61.57613 243.51526 -187.75125 -106.92769 NaN NaN NaN 88.78371 -150.26443 -80.12087 -22.59485 -217.24437 -90.75579
5005 1.72991 NaN NaN NaN 136.10902 -138.10815 -61.59801 243.50578 -187.74591 -106.89949 NaN NaN NaN 88.76925 -150.32283 -80.09295 -22.62066 -217.26570 -90.79112
5006 1.73825 NaN NaN NaN 136.10667 -138.10475 -61.59326 243.50082 -187.74281 -106.92075 NaN NaN NaN 88.75876 -150.34946 -80.05561 -22.66968 -217.26604 -90.85653
5007 1.74660 NaN NaN NaN 136.11037 -138.10773 -61.60365 243.47462 -187.74635 -106.91465 NaN NaN NaN 88.70540 -150.33521 -80.05920 -22.71189 -217.28929 -90.89700
5008 1.75494 NaN NaN NaN 136.10997 -138.09546 -61.59415 243.49205 -187.74014 -106.92149 NaN NaN NaN 88.71846 -150.39160 -80.01090 -22.75845 -217.28285 -90.96607
5009 1.76328 NaN NaN NaN 136.08862 -138.08842 -61.60834 243.47510 -187.74602 -106.88353 NaN NaN NaN 88.70187 -150.39606 -79.98383 -22.78070 -217.29291 -90.96695
5010 1.77162 NaN NaN NaN 136.09120 -138.08852 -61.58884 243.48047 -187.73375 -106.90871 NaN NaN NaN 88.70788 -150.43576 -79.95428 -22.78193 -217.27634 -90.98870
5011 1.77997 NaN NaN NaN 136.07254 -138.07678 -61.60563 243.47406 -187.74028 -106.88341 NaN NaN NaN 88.70029 -150.42665 -79.94355 -22.80455 -217.26825 -90.98472
5012 1.78831 NaN NaN NaN 136.08420 -138.06197 -61.58798 243.46040 -187.72859 -106.86623 NaN NaN NaN 88.68820 -150.40765 -79.94380 -22.78971 -217.22386 -91.01260
5013 1.79665 NaN NaN NaN 136.06879 -138.04185 -61.58647 243.45792 -187.73029 -106.85618 NaN NaN NaN 88.70371 -150.38094 -79.95229 -22.78413 -217.22375 -91.01896
5014 1.80500 NaN NaN NaN 136.07973 -138.05470 -61.57184 243.44412 -187.70445 -106.87450 NaN NaN NaN 88.69830 -150.35342 -79.96107 -22.77752 -217.19556 -91.00854
5015 1.81334 NaN NaN NaN 136.06686 -138.04393 -61.57703 243.43494 -187.71744 -106.86069 NaN NaN NaN 88.69471 -150.35234 -79.96468 -22.77414 -217.18854 -91.01124
5016 1.82168 NaN NaN NaN 136.07149 -138.03444 -61.57443 243.42790 -187.70335 -106.85425 NaN NaN NaN 88.67670 -150.34239 -79.95868 -22.77481 -217.16734 -91.01529
5017 1.83002 NaN NaN NaN 136.04750 -138.01640 -61.56775 243.41829 -187.70274 -106.84426 NaN NaN NaN 88.70256 -150.38153 -79.93757 -22.80624 -217.19095 -91.01378
5018 1.83837 NaN NaN NaN 136.04987 -138.01768 -61.57313 243.40858 -187.70229 -106.83762 NaN NaN NaN 88.68368 -150.39587 -79.92555 -22.79429 -217.18781 -91.01366
5019 1.84671 NaN NaN NaN 136.04044 -137.99963 -61.57775 243.39986 -187.70576 -106.82883 NaN NaN NaN 88.67294 -150.39514 -79.91132 -22.81183 -217.22243 -91.00069
5020 1.85505 NaN NaN NaN 136.04140 -137.97804 -61.58172 243.38417 -187.69334 -106.80927 NaN NaN NaN 88.68139 -150.40820 -79.90685 -22.78447 -217.21805 -91.01701
5021 1.86340 NaN NaN NaN 136.01299 -137.94878 -61.60604 243.35303 -187.68556 -106.78567 NaN NaN NaN 88.70133 -150.41525 -79.90042 -22.79390 -217.21933 -91.01929
5022 1.87174 NaN NaN NaN 135.98918 -137.90430 -61.64300 243.33484 -187.67393 -106.74249 NaN NaN NaN 88.71782 -150.42477 -79.89276 -22.79059 -217.20972 -91.01025
5023 1.88008 NaN NaN NaN 135.94968 -137.84515 -61.67027 243.32504 -187.69417 -106.71068 NaN NaN NaN 88.71820 -150.40231 -79.92485 -22.77106 -217.20770 -91.01770
5024 1.88842 NaN NaN NaN 135.93010 -137.81894 -61.65270 243.30482 -187.69417 -106.68441 NaN NaN NaN 88.70753 -150.40424 -79.93095 -22.77148 -217.20306 -91.01005
5025 1.89677 NaN NaN NaN 135.92770 -137.78441 -61.67559 243.30453 -187.71021 -106.69760 NaN NaN NaN 88.72019 -150.39296 -79.95019 -22.77538 -217.23782 -91.00186
5026 1.90511 NaN NaN NaN 135.92337 -137.78432 -61.69101 243.28694 -187.70378 -106.67324 NaN NaN NaN 88.72924 -150.40408 -79.93909 -22.75164 -217.25488 -90.98647
5027 1.91345 NaN NaN NaN 135.92390 -137.77611 -61.71235 243.29395 -187.71140 -106.69211 NaN NaN NaN 88.72897 -150.39558 -79.96376 -22.76680 -217.27734 -90.99668
5028 1.92179 NaN NaN NaN 135.91270 -137.76929 -61.71119 243.28046 -187.69514 -106.67754 NaN NaN NaN 88.74367 -150.41321 -79.96401 -22.74942 -217.24867 -90.99620
5029 1.93014 NaN NaN NaN 135.90898 -137.76180 -61.71296 243.27690 -187.71574 -106.69088 NaN NaN NaN 88.73228 -150.38982 -79.97147 -22.74058 -217.23639 -91.00848
5030 1.93848 NaN NaN NaN 135.91357 -137.76907 -61.70890 243.29303 -187.71829 -106.66189 NaN NaN NaN 88.74915 -150.39604 -79.96130 -22.72778 -217.20679 -90.99734
5031 1.94682 NaN NaN NaN 135.89980 -137.76686 -61.70471 243.28278 -187.73787 -106.65900 NaN NaN NaN 88.74221 -150.38205 -79.98026 -22.70119 -217.21738 -90.98405
5032 1.95517 NaN NaN NaN 135.90099 -137.75748 -61.70119 243.27951 -187.72667 -106.64042 NaN NaN NaN 88.75345 -150.36320 -79.98501 -22.66080 -217.21338 -90.99615
5033 1.96351 NaN NaN NaN 135.90639 -137.74411 -61.69515 243.26498 -187.71996 -106.64314 NaN NaN NaN 88.76775 -150.33472 -79.98576 -22.64530 -217.23978 -90.96613
5034 1.97185 NaN NaN NaN 135.89224 -137.74313 -61.70691 243.24591 -187.69798 -106.62327 NaN NaN NaN 88.78774 -150.34917 -79.96572 -22.62018 -217.24043 -90.95016
5035 1.98019 NaN NaN NaN 135.86617 -137.70009 -61.73933 243.24205 -187.70911 -106.63280 NaN NaN NaN 88.80525 -150.37375 -79.93288 -22.62584 -217.24687 -90.98355
5036 1.98854 NaN NaN NaN 135.86169 -137.68266 -61.74349 243.22760 -187.71646 -106.60742 NaN NaN NaN 88.83342 -150.42021 -79.91203 -22.63352 -217.23730 -90.99261
5037 1.99688 NaN NaN NaN 135.85692 -137.65750 -61.74866 243.20903 -187.71181 -106.61323 NaN NaN NaN 88.86195 -150.41782 -79.91596 -22.61611 -217.24937 -90.98312
5038 2.00522 NaN NaN NaN 135.84663 -137.64091 -61.77137 243.19043 -187.72203 -106.58645 NaN NaN NaN 88.86150 -150.41721 -79.91444 -22.59601 -217.23788 -90.99368
5039 2.01356 NaN NaN NaN 135.80467 -137.62074 -61.80444 243.15411 -187.72440 -106.57571 NaN NaN NaN 88.88254 -150.40350 -79.91441 -22.62482 -217.24588 -91.01627
5040 2.02191 NaN NaN NaN 135.77432 -137.58704 -61.83028 243.14587 -187.73878 -106.56107 NaN NaN NaN 88.89944 -150.38435 -79.90569 -22.58344 -217.21915 -90.99348
5041 2.03025 NaN NaN NaN 135.74493 -137.53528 -61.85175 243.13483 -187.71477 -106.55470 NaN NaN NaN 88.91418 -150.36121 -79.90732 -22.54585 -217.23294 -91.02570
5042 2.03859 NaN NaN NaN 135.70271 -137.46648 -61.91150 243.11720 -187.71695 -106.52727 NaN NaN NaN 88.93974 -150.35291 -79.91415 -22.51245 -217.22034 -91.00857
5043 2.04694 NaN NaN NaN 135.66940 -137.43040 -61.93824 243.09628 -187.69870 -106.52283 NaN NaN NaN 88.94962 -150.33269 -79.92370 -22.53048 -217.24008 -91.04288
5044 2.05528 NaN NaN NaN 135.63864 -137.39250 -61.98163 243.06015 -187.68211 -106.52004 NaN NaN NaN 88.96819 -150.33746 -79.93429 -22.51915 -217.25000 -91.00904
5045 2.06362 NaN NaN NaN 135.62282 -137.37704 -62.02327 243.03488 -187.67719 -106.49925 NaN NaN NaN 88.97198 -150.31458 -79.94264 -22.50779 -217.24023 -91.02210
5046 2.07196 NaN NaN NaN 135.60709 -137.37900 -62.05433 243.02492 -187.67332 -106.49632 NaN NaN NaN 89.01290 -150.30721 -79.96548 -22.46906 -217.23201 -90.96286
5047 2.08031 NaN NaN NaN 135.60124 -137.37341 -62.06570 243.00415 -187.68636 -106.48756 NaN NaN NaN 89.04478 -150.24377 -79.99209 -22.38773 -217.24759 -90.98528
5048 2.08865 NaN NaN NaN 135.57979 -137.34991 -62.07267 242.99171 -187.68004 -106.47422 NaN NaN NaN 89.07901 -150.20332 -80.01001 -22.33676 -217.25255 -90.95667
5049 2.09699 NaN NaN NaN 135.54796 -137.32521 -62.09058 242.96512 -187.67908 -106.48131 NaN NaN NaN 89.10323 -150.15025 -80.04546 -22.33014 -217.23894 -90.88486
5050 2.10533 NaN NaN NaN 135.53485 -137.32130 -62.10308 242.95903 -187.65674 -106.46557 NaN NaN NaN 89.09487 -150.09927 -80.06266 -22.26882 -217.22510 -90.86306
5051 2.11368 NaN NaN NaN 135.52321 -137.29980 -62.12091 242.95410 -187.68724 -106.46937 NaN NaN NaN 89.12931 -150.07599 -80.07815 -22.21560 -217.21111 -90.85751
5052 2.12202 NaN NaN NaN 135.51678 -137.29265 -62.13546 242.93356 -187.69746 -106.45541 NaN NaN NaN 89.15053 -150.05786 -80.08325 -22.18347 -217.18657 -90.84909
5053 2.13036 NaN NaN NaN 135.51126 -137.30647 -62.14180 242.91949 -187.70972 -106.46391 NaN NaN NaN 89.16582 -150.04735 -80.09336 -22.15630 -217.13480 -90.79144
5054 2.13871 NaN NaN NaN 135.50636 -137.31000 -62.17732 242.90042 -187.69901 -106.45927 NaN NaN NaN 89.20232 -150.04526 -80.09392 -22.17058 -217.14230 -90.77537
5055 2.14705 NaN NaN NaN 135.48453 -137.29050 -62.21662 242.87822 -187.70734 -106.45801 NaN NaN NaN 89.20611 -150.03079 -80.10021 -22.13968 -217.10959 -90.76945
5056 2.15539 NaN NaN NaN 135.46071 -137.27348 -62.23829 242.87009 -187.68768 -106.43353 NaN NaN NaN 89.22318 -150.01495 -80.10324 -22.11188 -217.10928 -90.76413
5057 2.16373 NaN NaN NaN 135.43393 -137.23865 -62.25965 242.85156 -187.69777 -106.41757 NaN NaN NaN 89.25060 -149.99718 -80.09480 -22.09308 -217.09845 -90.74802
5058 2.17208 NaN NaN NaN 135.41782 -137.20270 -62.27871 242.81581 -187.70784 -106.41039 NaN NaN NaN 89.27259 -149.99100 -80.08385 -22.05816 -217.08752 -90.72572
5059 2.18042 NaN NaN NaN 135.37703 -137.15480 -62.32717 242.80800 -187.70786 -106.40537 NaN NaN NaN 89.30718 -149.96907 -80.08385 -22.04495 -217.07861 -90.73668
5060 2.18876 NaN NaN NaN 135.35252 -137.11606 -62.35727 242.78619 -187.69733 -106.39274 NaN NaN NaN 89.33826 -149.91821 -80.09769 -22.02200 -217.06169 -90.72007
5061 2.19710 NaN NaN NaN 135.32523 -137.08437 -62.36362 242.78113 -187.69940 -106.38872 NaN NaN NaN 89.37320 -149.91217 -80.12277 -21.94331 -217.05777 -90.66779
5062 2.20545 NaN NaN NaN 135.30568 -137.07513 -62.35527 242.76346 -187.69727 -106.37711 NaN NaN NaN 89.41162 -149.86899 -80.16499 -21.91329 -217.04500 -90.64237
5063 2.21379 NaN NaN NaN 135.29694 -137.09300 -62.35493 242.75493 -187.70547 -106.37141 NaN NaN NaN 89.48455 -149.78589 -80.22855 -21.83483 -217.03041 -90.60213
5064 2.22213 NaN NaN NaN 135.28297 -137.09488 -62.37868 242.73213 -187.70576 -106.36891 NaN NaN NaN 89.56314 -149.71173 -80.23710 -21.74975 -217.03951 -90.54747
5065 2.23048 NaN NaN NaN 135.27385 -137.10396 -62.39005 242.73196 -187.72023 -106.36477 NaN NaN NaN 89.59196 -149.67326 -80.27259 -21.69016 -217.06502 -90.48711
5066 2.23882 NaN NaN NaN 135.26669 -137.12703 -62.38467 242.71393 -187.74886 -106.36336 NaN NaN NaN 89.62292 -149.65213 -80.29763 -21.60946 -217.05507 -90.44298
5067 2.24716 NaN NaN NaN 135.27135 -137.14000 -62.38354 242.72380 -187.77951 -106.36983 NaN NaN NaN 89.69828 -149.57671 -80.34606 -21.51722 -217.01007 -90.38974
5068 2.25550 NaN NaN NaN 135.27100 -137.15099 -62.37848 242.72377 -187.77425 -106.36187 NaN NaN NaN 89.75520 -149.50143 -80.38264 -21.43960 -216.95255 -90.35736
5069 2.26385 NaN NaN NaN 135.27391 -137.17107 -62.36926 242.72835 -187.77765 -106.37754 NaN NaN NaN 89.79682 -149.45230 -80.49756 -21.38849 -216.89325 -90.31678
5070 2.27219 NaN NaN NaN 135.27977 -137.18271 -62.36724 242.72595 -187.76167 -106.37527 NaN NaN NaN 89.83576 -149.38533 -80.59854 -21.36806 -216.90994 -90.30597
5071 2.28053 NaN NaN NaN 135.26881 -137.20078 -62.37484 242.73053 -187.78021 -106.38242 NaN NaN NaN 89.86756 -149.35918 -80.65435 -21.34488 -216.88982 -90.29147
5072 2.28887 NaN NaN NaN 135.27719 -137.21335 -62.36430 242.73543 -187.74535 -106.39231 NaN NaN NaN 89.84466 -149.26685 -80.66215 -21.29732 -216.88878 -90.27529
5073 2.29722 NaN NaN NaN 135.30907 -137.25310 -62.36023 242.74231 -187.75864 -106.42648 NaN NaN NaN 89.83657 -149.23877 -80.71321 -21.22412 -216.88780 -90.24532
5074 2.30556 NaN NaN NaN 135.30537 -137.29774 -62.35146 242.76065 -187.74936 -106.43761 NaN NaN NaN 89.81325 -149.20105 -80.77370 -21.25091 -216.90836 -90.22805
5075 2.31390 NaN NaN NaN 135.31166 -137.34352 -62.33723 242.77966 -187.75102 -106.46261 NaN NaN NaN 89.83125 -149.27090 -80.75470 -21.25395 -216.92282 -90.18745
5076 2.32225 NaN NaN NaN 135.31964 -137.37279 -62.31885 242.78732 -187.76161 -106.46026 NaN NaN NaN 89.80154 -149.24622 -80.77110 -21.26616 -216.95076 -90.21712
5077 2.33059 NaN NaN NaN 135.32761 -137.39586 -62.30564 242.77795 -187.77708 -106.45705 NaN NaN NaN 89.78596 -149.23764 -80.78930 -21.27180 -216.95325 -90.21485
5078 2.33893 NaN NaN NaN 135.33649 -137.40639 -62.29926 242.78317 -187.77530 -106.45419 NaN NaN NaN 89.79315 -149.23790 -80.80239 -21.23619 -216.94777 -90.24436
5079 2.34727 NaN NaN NaN 135.33403 -137.41104 -62.29704 242.78911 -187.78708 -106.45195 NaN NaN NaN 89.82717 -149.29855 -80.76447 -21.21319 -216.94720 -90.23476
5080 2.35562 NaN NaN NaN 135.34322 -137.42606 -62.28009 242.80006 -187.76588 -106.46207 NaN NaN NaN 89.80192 -149.28841 -80.77561 -21.27082 -216.98982 -90.22025
5081 2.36396 NaN NaN NaN 135.34897 -137.45595 -62.26512 242.79523 -187.76657 -106.47091 NaN NaN NaN 89.82913 -149.32018 -80.75928 -21.24067 -216.96848 -90.20735
5082 2.37230 NaN NaN NaN 135.35202 -137.47343 -62.23130 242.79823 -187.75514 -106.47495 NaN NaN NaN 89.79227 -149.27180 -80.78880 -21.27423 -216.96509 -90.20176
5083 2.38065 NaN NaN NaN 135.35455 -137.50986 -62.19196 242.80753 -187.76520 -106.48190 NaN NaN NaN 89.77843 -149.25916 -80.81692 -21.26674 -216.98380 -90.17160
5084 2.38899 NaN NaN NaN 135.35051 -137.53270 -62.17301 242.81227 -187.77596 -106.47730 NaN NaN NaN 89.77386 -149.23387 -80.84361 -21.27688 -217.00127 -90.18697
5085 2.39733 NaN NaN NaN 135.36923 -137.53708 -62.15749 242.81873 -187.79668 -106.46976 NaN NaN NaN 89.82413 -149.25078 -80.84691 -21.23066 -216.96515 -90.15384
5086 2.40567 NaN NaN NaN 135.35349 -137.55196 -62.14270 242.80437 -187.78107 -106.47150 NaN NaN NaN 89.84724 -149.25388 -80.90456 -21.22517 -216.97203 -90.14282
5087 2.41402 NaN NaN NaN 135.34933 -137.54639 -62.12704 242.80336 -187.78172 -106.47554 NaN NaN NaN 89.84734 -149.21001 -80.97136 -21.21237 -216.98035 -90.14304
5088 2.42236 NaN NaN NaN 135.32852 -137.56943 -62.07994 242.80316 -187.75136 -106.46452 NaN NaN NaN 89.80051 -149.17740 -81.07451 -21.24212 -216.97562 -90.17603
5089 2.43070 NaN NaN NaN 135.32808 -137.57080 -62.05531 242.79149 -187.76926 -106.46304 NaN NaN NaN 89.75748 -149.12769 -81.17873 -21.23223 -216.96036 -90.15859
5090 2.43904 NaN NaN NaN 135.30423 -137.57491 -62.03293 242.78497 -187.76329 -106.44497 NaN NaN NaN 89.72725 -149.07541 -81.23342 -21.27157 -216.99533 -90.19133
5091 2.44739 NaN NaN NaN 135.29813 -137.55705 -62.02997 242.76605 -187.78639 -106.40444 NaN NaN NaN 89.69411 -149.03941 -81.27976 -21.26975 -216.99055 -90.16566
5092 2.45573 NaN NaN NaN 135.27960 -137.55104 -62.03484 242.74443 -187.78476 -106.35107 NaN NaN NaN 89.65279 -149.04718 -81.35166 -21.27903 -217.00551 -90.17609
5093 2.46407 NaN NaN NaN 135.23875 -137.51527 -62.04124 242.72372 -187.81082 -106.30653 NaN NaN NaN 89.63335 -149.04918 -81.40289 -21.34637 -216.98439 -90.24921
5094 2.47242 NaN NaN NaN 135.20952 -137.47000 -62.05931 242.69853 -187.80942 -106.25990 NaN NaN NaN 89.58152 -149.06076 -81.41824 -21.39172 -216.99187 -90.30899
5095 2.48076 NaN NaN NaN 135.17078 -137.43610 -62.07544 242.69058 -187.81596 -106.21876 NaN NaN NaN 89.51807 -149.06572 -81.40241 -21.44732 -217.01407 -90.34920
5096 2.48910 NaN NaN NaN 135.13496 -137.36549 -62.13252 242.68553 -187.79129 -106.15531 NaN NaN NaN 89.41286 -149.09145 -81.32993 -21.58060 -217.06992 -90.42124
5097 2.49744 NaN NaN NaN 135.10323 -137.27153 -62.21036 242.66989 -187.80984 -106.08566 NaN NaN NaN 89.31649 -149.19553 -81.21670 -21.73561 -217.11659 -90.48112
5098 2.50579 NaN NaN NaN 135.06207 -137.18098 -62.29685 242.66133 -187.80331 -106.02238 NaN NaN NaN 89.19112 -149.33261 -81.05533 -21.84516 -217.10483 -90.60538
5099 2.51413 NaN NaN NaN 135.02223 -137.10573 -62.35052 242.62000 -187.82022 -105.93856 NaN NaN NaN 89.05096 -149.45607 -80.90332 -22.02060 -217.10214 -90.75014
5100 2.52247 NaN NaN NaN 134.99794 -137.03041 -62.39309 242.61653 -187.81218 -105.90360 NaN NaN NaN 88.93861 -149.67915 -80.61307 -22.16106 -217.14635 -90.79939
5101 2.53081 NaN NaN NaN 135.01558 -136.99896 -62.42402 242.62581 -187.82936 -105.88703 NaN NaN NaN 88.87177 -149.89215 -80.36799 -22.29792 -217.22220 -90.87379
5102 2.53916 NaN NaN NaN 135.03282 -136.99394 -62.43909 242.66843 -187.81679 -105.92606 NaN NaN NaN 88.79076 -150.02283 -80.14722 -22.51848 -217.24310 -90.95499
5103 2.54750 NaN NaN NaN 135.05821 -137.01642 -62.45004 242.67099 -187.82439 -105.97404 NaN NaN NaN 88.68215 -150.13805 -80.00529 -22.63781 -217.26372 -91.03605
5104 2.55584 NaN NaN NaN 135.07857 -137.05608 -62.43879 242.70512 -187.79750 -106.01320 NaN NaN NaN 88.59766 -150.20226 -79.89845 -22.77295 -217.28134 -91.11210
5105 2.56419 NaN NaN NaN 135.10031 -137.11850 -62.42782 242.71414 -187.79547 -106.05859 NaN NaN NaN 88.49908 -150.25749 -79.82028 -22.84977 -217.29570 -91.20390
5106 2.57253 NaN NaN NaN 135.11249 -137.17438 -62.42583 242.74666 -187.81204 -106.06931 NaN NaN NaN 88.41604 -150.29727 -79.75023 -22.93580 -217.28099 -91.25285
5107 2.58087 NaN NaN NaN 135.13789 -137.23653 -62.41468 242.76157 -187.81934 -106.10370 NaN NaN NaN 88.34176 -150.29510 -79.77227 -23.01034 -217.27185 -91.27513
5108 2.58921 NaN NaN NaN 135.17180 -137.27454 -62.40600 242.78374 -187.83354 -106.13742 NaN NaN NaN 88.30848 -150.30354 -79.70902 -23.01266 -217.29602 -91.30012
5109 2.59756 NaN NaN NaN 135.20895 -137.28439 -62.40393 242.81433 -187.84966 -106.13931 NaN NaN NaN 88.26839 -150.26553 -79.74628 -23.04285 -217.33357 -91.32557
5110 2.60590 NaN NaN NaN 135.22527 -137.32724 -62.40251 242.83836 -187.85193 -106.15037 NaN NaN NaN 88.23590 -150.29875 -79.68456 -23.04338 -217.34743 -91.30243
5111 2.61424 NaN NaN NaN 135.22157 -137.33516 -62.39054 242.84476 -187.84949 -106.15073 NaN NaN NaN 88.18878 -150.30536 -79.72087 -23.09786 -217.36551 -91.32689
5112 2.62258 NaN NaN NaN 135.23639 -137.36722 -62.37453 242.85037 -187.83104 -106.16611 NaN NaN NaN 88.14597 -150.35072 -79.64921 -23.18497 -217.36282 -91.35085
5113 2.63093 NaN NaN NaN 135.25449 -137.38026 -62.35360 242.85408 -187.82045 -106.18548 NaN NaN NaN 88.10745 -150.38197 -79.61063 -23.23795 -217.39046 -91.36958
5114 2.63927 NaN NaN NaN 135.26082 -137.41920 -62.33671 242.86565 -187.83127 -106.16874 NaN NaN NaN 88.03938 -150.40199 -79.59914 -23.28153 -217.36609 -91.41213
5115 2.64761 NaN NaN NaN 135.26979 -137.44910 -62.30730 242.88751 -187.86505 -106.15969 NaN NaN NaN 87.98551 -150.42715 -79.55849 -23.34509 -217.37383 -91.43001
5116 2.65596 NaN NaN NaN 135.29257 -137.46523 -62.27693 242.89671 -187.85381 -106.15174 NaN NaN NaN 87.93523 -150.45937 -79.51833 -23.42251 -217.40533 -91.42619
5117 2.66430 NaN NaN NaN 135.33331 -137.48102 -62.25506 242.91132 -187.87160 -106.15350 NaN NaN NaN 87.87705 -150.48653 -79.49587 -23.48196 -217.45897 -91.45025
5118 2.67264 NaN NaN NaN 135.32320 -137.51173 -62.21955 242.91855 -187.85486 -106.14731 NaN NaN NaN 87.82829 -150.52185 -79.48316 -23.53045 -217.49864 -91.51467
5119 2.68098 NaN NaN NaN 135.35100 -137.53123 -62.18233 242.93187 -187.87730 -106.15990 NaN NaN NaN 87.75350 -150.58817 -79.43543 -23.52380 -217.52344 -91.53780
5120 2.68933 NaN NaN NaN 135.34816 -137.54726 -62.12925 242.93718 -187.85271 -106.15170 NaN NaN NaN 87.67786 -150.65663 -79.41483 -23.58015 -217.55629 -91.55199
5121 2.69767 NaN NaN NaN 135.35878 -137.54868 -62.13583 242.94489 -187.86877 -106.12344 NaN NaN NaN 87.61545 -150.71283 -79.38578 -23.66941 -217.60083 -91.53477
5122 2.70601 NaN NaN NaN 135.34294 -137.56482 -62.10780 242.93735 -187.87175 -106.12629 NaN NaN NaN 87.54333 -150.77527 -79.36600 -23.75202 -217.65894 -91.53042
5123 2.71435 NaN NaN NaN 135.37086 -137.54756 -62.08229 242.94623 -187.89435 -106.09869 NaN NaN NaN 87.46867 -150.81427 -79.34303 -23.84661 -217.72762 -91.57183
5124 2.72270 NaN NaN NaN 135.38721 -137.53215 -62.06095 242.96034 -187.89873 -106.08237 NaN NaN NaN 87.40483 -150.86108 -79.34533 -23.94650 -217.77077 -91.59885
5125 2.73104 NaN NaN NaN 135.39449 -137.51091 -62.05478 242.95921 -187.90540 -106.06335 NaN NaN NaN 87.31444 -150.95697 -79.34429 -24.05609 -217.82341 -91.64587
5126 2.73938 NaN NaN NaN 135.40982 -137.44942 -62.04765 242.94768 -187.90717 -106.00615 NaN NaN NaN 87.17609 -151.05739 -79.34138 -24.14766 -217.88869 -91.63879
5127 2.74773 NaN NaN NaN 135.41685 -137.42001 -62.05608 242.94051 -187.90103 -105.96939 NaN NaN NaN 87.07169 -151.13329 -79.33270 -24.26316 -217.96251 -91.74456
5128 2.75607 NaN NaN NaN 135.41266 -137.36574 -62.06340 242.94272 -187.89894 -105.93674 NaN NaN NaN 87.01031 -151.23990 -79.27230 -24.38199 -217.98241 -91.78197
5129 2.76441 NaN NaN NaN 135.43686 -137.33473 -62.06595 242.93892 -187.88792 -105.90376 NaN NaN NaN 86.93338 -151.33145 -79.27671 -24.49143 -218.04373 -91.85233
5130 2.77275 NaN NaN NaN 135.43674 -137.28349 -62.08696 242.94025 -187.88095 -105.86662 NaN NaN NaN 86.84541 -151.43179 -79.28778 -24.59060 -218.09764 -91.88951
5131 2.78110 NaN NaN NaN 135.43440 -137.24355 -62.10150 242.94044 -187.89252 -105.86326 NaN NaN NaN 86.72576 -151.47923 -79.32414 -24.68420 -218.12515 -91.92441
5132 2.78944 NaN NaN NaN 135.44493 -137.20848 -62.11014 242.94670 -187.88780 -105.87691 NaN NaN NaN 86.62254 -151.52849 -79.35769 -24.83426 -218.19951 -91.95235
5133 2.79778 NaN NaN NaN 135.47719 -137.18381 -62.13490 242.96411 -187.90833 -105.86642 NaN NaN NaN 86.50653 -151.56088 -79.43705 -24.92848 -218.26671 -91.99641
5134 2.80613 NaN NaN NaN 135.51160 -137.12402 -62.14824 242.96980 -187.89233 -105.88806 NaN NaN NaN 86.45399 -151.60574 -79.47473 -24.99633 -218.30099 -92.01583
5135 2.81447 NaN NaN NaN 135.55980 -137.11119 -62.14679 242.99420 -187.90953 -105.88344 NaN NaN NaN 86.36681 -151.69044 -79.47565 -25.07089 -218.32510 -92.02911
5136 2.82281 NaN NaN NaN 135.57950 -137.06902 -62.14767 242.98947 -187.90443 -105.88892 NaN NaN NaN 86.30492 -151.80173 -79.45010 -25.14298 -218.33134 -92.03577
5137 2.83115 NaN NaN NaN 135.61235 -137.06654 -62.15804 243.00595 -187.91008 -105.88183 NaN NaN NaN 86.23066 -151.91266 -79.45927 -25.23943 -218.37411 -92.04001
5138 2.83950 NaN NaN NaN 135.61423 -137.03070 -62.16095 243.00279 -187.89346 -105.89009 NaN NaN NaN 86.16273 -151.99356 -79.45627 -25.37125 -218.46777 -92.07578
5139 2.84784 NaN NaN NaN 135.64053 -136.95961 -62.17793 243.00581 -187.90764 -105.86774 NaN NaN NaN 86.10545 -152.05647 -79.45704 -25.42698 -218.50420 -92.09313
5140 2.85618 NaN NaN NaN 135.63965 -136.89677 -62.17485 243.00533 -187.89082 -105.81902 NaN NaN NaN 86.04387 -152.10779 -79.45537 -25.50175 -218.54283 -92.08595
5141 2.86452 NaN NaN NaN 135.64606 -136.83049 -62.17278 243.00021 -187.88919 -105.79013 NaN NaN NaN 85.93979 -152.18016 -79.47665 -25.58181 -218.59738 -92.09148
5142 2.87287 NaN NaN NaN 135.64029 -136.77528 -62.17068 243.00381 -187.87396 -105.74847 NaN NaN NaN 85.82859 -152.24864 -79.47385 -25.67183 -218.69730 -92.10998
5143 2.88121 NaN NaN NaN 135.63846 -136.73064 -62.18427 242.97533 -187.86543 -105.75420 NaN NaN NaN 85.71209 -152.33138 -79.46553 -25.76761 -218.79037 -92.13634
5144 2.88955 NaN NaN NaN 135.62402 -136.65715 -62.19159 242.95100 -187.83150 -105.72886 NaN NaN NaN 85.62688 -152.43536 -79.42239 -25.87196 -218.88676 -92.15891
5145 2.89790 NaN NaN NaN 135.59892 -136.56142 -62.20547 242.92522 -187.80649 -105.68099 NaN NaN NaN 85.53314 -152.50835 -79.39288 -26.00706 -218.92436 -92.23066
5146 2.90624 NaN NaN NaN 135.56807 -136.46822 -62.19668 242.87779 -187.77620 -105.61113 NaN NaN NaN 85.45437 -152.63853 -79.34407 -26.16550 -218.95174 -92.32988
5147 2.91458 NaN NaN NaN 135.54350 -136.34280 -62.19035 242.83241 -187.76558 -105.55791 NaN NaN NaN 85.33350 -152.77034 -79.28094 -26.30918 -218.99289 -92.40627
5148 2.92292 NaN NaN NaN 135.48923 -136.21318 -62.16498 242.79402 -187.75697 -105.53780 NaN NaN NaN 85.19200 -152.91853 -79.22006 -26.43985 -219.04654 -92.52228
5149 2.93127 NaN NaN NaN 135.45689 -136.12396 -62.16528 242.75467 -187.75484 -105.51353 NaN NaN NaN 85.08444 -153.05450 -79.15018 -26.56369 -219.15842 -92.57557
5150 2.93961 NaN NaN NaN 135.45427 -136.05334 -62.14363 242.72136 -187.72142 -105.46849 NaN NaN NaN 84.98760 -153.17198 -79.03712 -26.72301 -219.22205 -92.63631
5151 2.94795 NaN NaN NaN 135.47362 -136.00798 -62.10183 242.70891 -187.68291 -105.40718 NaN NaN NaN 84.89436 -153.29398 -78.93866 -26.82922 -219.26385 -92.69624
5152 2.95629 NaN NaN NaN 135.49048 -135.91821 -62.11732 242.69325 -187.66245 -105.37840 NaN NaN NaN 84.81561 -153.39212 -78.88279 -26.92445 -219.26576 -92.74586
5153 2.96464 NaN NaN NaN 135.51740 -135.84152 -62.08185 242.68539 -187.64226 -105.36953 NaN NaN NaN 84.71717 -153.50113 -78.74392 -27.00681 -219.31715 -92.76778
5154 2.97298 NaN NaN NaN 135.51979 -135.79955 -62.07249 242.68350 -187.62360 -105.35600 NaN NaN NaN 84.58494 -153.61154 -78.58791 -27.18100 -219.35687 -92.85519
5155 2.98132 NaN NaN NaN 135.50655 -135.76321 -62.06837 242.69955 -187.61398 -105.29807 NaN NaN NaN 84.46642 -153.76717 -78.41455 -27.34530 -219.40804 -92.91621
5156 2.98967 NaN NaN NaN 135.51306 -135.68530 -62.07907 242.69804 -187.59084 -105.23442 NaN NaN NaN 84.39400 -153.87996 -78.17153 -27.45272 -219.44545 -92.93864
5157 2.99801 NaN NaN NaN 135.52505 -135.59244 -62.09850 242.68170 -187.56204 -105.21856 NaN NaN NaN 84.30402 -153.96010 -78.09679 -27.54993 -219.47588 -92.93935
5158 3.00635 NaN NaN NaN 135.50121 -135.49371 -62.16556 242.65018 -187.54414 -105.19447 NaN NaN NaN 84.20415 -153.96452 -78.03503 -27.60463 -219.48605 -92.95279
5159 3.01469 NaN NaN NaN 135.47311 -135.36694 -62.22149 242.61063 -187.52139 -105.16422 NaN NaN NaN 84.11697 -153.96490 -77.96263 -27.64501 -219.50177 -92.96346
5160 3.02304 NaN NaN NaN 135.44008 -135.22409 -62.30600 242.57057 -187.50139 -105.14967 NaN NaN NaN 84.04002 -153.98734 -77.88263 -27.73787 -219.48027 -92.97387
5161 3.03138 NaN NaN NaN 135.43080 -135.08475 -62.37255 242.56773 -187.49992 -105.12991 NaN NaN NaN 83.98370 -154.03395 -77.81031 -27.79236 -219.50964 -92.99141
5162 3.03972 NaN NaN NaN 135.42201 -135.00681 -62.42966 242.53520 -187.46997 -105.12521 NaN NaN NaN 83.93251 -154.10477 -77.74714 -27.86674 -219.49693 -93.02856
5163 3.04806 NaN NaN NaN 135.43102 -134.94376 -62.44897 242.49930 -187.44096 -105.11391 NaN NaN NaN 83.89233 -154.12262 -77.66046 -27.93475 -219.50198 -93.04538
5164 3.05641 NaN NaN NaN 135.41971 -134.90431 -62.46215 242.49297 -187.41219 -105.11427 NaN NaN NaN 83.86517 -154.14685 -77.65043 -27.97299 -219.50877 -93.07136
5165 3.06475 NaN NaN NaN 135.43250 -134.94463 -62.46302 242.50981 -187.43179 -105.12249 NaN NaN NaN 83.86546 -154.12770 -77.61546 -27.97481 -219.51001 -93.05614
5166 3.07309 NaN NaN NaN 135.43410 -134.97290 -62.45685 242.51979 -187.42082 -105.14366 NaN NaN NaN 83.86441 -154.14792 -77.59710 -27.94855 -219.48778 -93.04713
5167 3.08144 NaN NaN NaN 135.46095 -134.98280 -62.44059 242.54362 -187.46121 -105.14207 NaN NaN NaN 83.88062 -154.13837 -77.60703 -27.92763 -219.45602 -93.07017
5168 3.08978 NaN NaN NaN 135.44478 -135.02838 -62.42717 242.55125 -187.49817 -105.15356 NaN NaN NaN 83.93510 -154.12192 -77.62057 -27.91069 -219.42542 -93.05173
5169 3.09812 NaN NaN NaN 135.45724 -135.11308 -62.40334 242.58371 -187.53484 -105.15172 NaN NaN NaN 84.01402 -154.05345 -77.63586 -27.80674 -219.39365 -93.02933
5170 3.10646 NaN NaN NaN 135.48785 -135.21796 -62.37678 242.60724 -187.56056 -105.17168 NaN NaN NaN 84.18066 -153.96684 -77.71828 -27.65615 -219.34610 -92.95896
5171 3.11481 NaN NaN NaN 135.48357 -135.32256 -62.37514 242.62639 -187.59425 -105.18364 NaN NaN NaN 84.34758 -153.82092 -77.76958 -27.49092 -219.28389 -92.91364
5172 3.12315 NaN NaN NaN 135.48810 -135.40059 -62.38897 242.66463 -187.63237 -105.21098 NaN NaN NaN 84.55405 -153.62463 -77.85886 -27.27879 -219.12645 -92.85425
5173 3.13149 NaN NaN NaN 135.50755 -135.51227 -62.40163 242.70526 -187.66148 -105.25845 NaN NaN NaN 84.75545 -153.33888 -77.95796 -26.99255 -219.04642 -92.72987
5174 3.13983 NaN NaN NaN 135.51187 -135.58127 -62.43102 242.72797 -187.68544 -105.30088 NaN NaN NaN 84.96091 -153.08464 -78.13726 -26.72160 -218.93695 -92.57935
5175 3.14818 NaN NaN NaN 135.52455 -135.65633 -62.52139 242.73386 -187.72086 -105.32018 NaN NaN NaN 85.10069 -152.85420 -78.30447 -26.50851 -218.87784 -92.39486
5176 3.15652 NaN NaN NaN 135.52272 -135.68317 -62.55866 242.75294 -187.75044 -105.31960 NaN NaN NaN 85.21681 -152.64818 -78.41804 -26.35343 -218.84654 -92.25034
5177 3.16486 NaN NaN NaN 135.52301 -135.68239 -62.56799 242.74876 -187.74722 -105.30589 NaN NaN NaN 85.29833 -152.49072 -78.57066 -26.21725 -218.84431 -92.17371
5178 3.17321 NaN NaN NaN 135.50272 -135.69490 -62.54476 242.75349 -187.76086 -105.28719 NaN NaN NaN 85.34682 -152.38489 -78.70630 -26.15279 -218.78616 -92.10270
5179 3.18155 NaN NaN NaN 135.51099 -135.70514 -62.51907 242.75732 -187.75179 -105.29943 NaN NaN NaN 85.39283 -152.27238 -78.77441 -26.07991 -218.71556 -92.07496
5180 3.18989 NaN NaN NaN 135.52661 -135.70755 -62.45024 242.77411 -187.76347 -105.30003 NaN NaN NaN 85.46849 -152.22450 -78.78052 -26.02066 -218.69034 -92.02996
5181 3.19823 NaN NaN NaN 135.55521 -135.72562 -62.41224 242.77065 -187.73982 -105.29263 NaN NaN NaN 85.49498 -152.20967 -78.79777 -25.96948 -218.68588 -91.99365
5182 3.20658 NaN NaN NaN 135.58589 -135.72957 -62.35086 242.78827 -187.75548 -105.30349 NaN NaN NaN 85.50772 -152.18501 -78.83450 -25.91429 -218.69414 -91.93401
5183 3.21492 NaN NaN NaN 135.57912 -135.78009 -62.35021 242.79453 -187.75731 -105.31403 NaN NaN NaN 85.51704 -152.18504 -78.88583 -25.89659 -218.65552 -91.89282
5184 3.22326 NaN NaN NaN 135.58257 -135.80141 -62.32423 242.80945 -187.75519 -105.31699 NaN NaN NaN 85.53651 -152.09746 -78.99532 -25.86651 -218.67244 -91.85340
5185 3.23160 NaN NaN NaN 135.58345 -135.81876 -62.33373 242.82527 -187.75856 -105.32766 NaN NaN NaN 85.51660 -151.99062 -79.16595 -25.82819 -218.69102 -91.81764
5186 3.23995 NaN NaN NaN 135.57460 -135.84494 -62.31594 242.82208 -187.75612 -105.32704 NaN NaN NaN 85.53172 -151.91339 -79.25901 -25.81396 -218.70168 -91.79007
5187 3.24829 NaN NaN NaN 135.57089 -135.81049 -62.34728 242.80508 -187.74875 -105.31487 NaN NaN NaN 85.52487 -151.86334 -79.32247 -25.81368 -218.71884 -91.77274
5188 3.25663 NaN NaN NaN 135.53706 -135.79175 -62.32853 242.80193 -187.74980 -105.31741 NaN NaN NaN 85.52521 -151.84070 -79.35587 -25.81642 -218.71005 -91.76746
5189 3.26498 NaN NaN NaN 135.52913 -135.79179 -62.36420 242.80228 -187.74434 -105.29756 NaN NaN NaN 85.52023 -151.87659 -79.37659 -25.79562 -218.73016 -91.77104
5190 3.27332 NaN NaN NaN 135.51636 -135.77646 -62.38343 242.78174 -187.74464 -105.29411 NaN NaN NaN 85.51514 -151.93941 -79.39567 -25.85440 -218.75233 -91.76355
5191 3.28166 NaN NaN NaN 135.50322 -135.79225 -62.40402 242.75977 -187.73811 -105.29434 NaN NaN NaN 85.48395 -152.00009 -79.41550 -25.85989 -218.78214 -91.76568
5192 3.29000 NaN NaN NaN 135.48639 -135.76099 -62.40100 242.74834 -187.72667 -105.30896 NaN NaN NaN 85.46084 -152.03751 -79.42914 -25.92301 -218.83362 -91.77636
5193 3.29835 NaN NaN NaN 135.48651 -135.76968 -62.44970 242.74423 -187.72046 -105.31213 NaN NaN NaN 85.45480 -152.06577 -79.42694 -25.92882 -218.88248 -91.75873
5194 3.30669 NaN NaN NaN 135.46747 -135.72650 -62.49078 242.73296 -187.71269 -105.31661 NaN NaN NaN 85.43443 -152.07129 -79.45145 -25.94791 -218.87979 -91.74928
5195 3.31503 NaN NaN NaN 135.46732 -135.73637 -62.47240 242.72130 -187.71657 -105.31354 NaN NaN NaN 85.38912 -152.06073 -79.47963 -25.95699 -218.90143 -91.74947
5196 3.32338 NaN NaN NaN 135.45676 -135.70207 -62.49434 242.72147 -187.72215 -105.31748 NaN NaN NaN 85.37782 -152.04642 -79.50494 -25.96878 -218.88847 -91.76076
5197 3.33172 NaN NaN NaN 135.46405 -135.74481 -62.47522 242.71977 -187.73273 -105.31464 NaN NaN NaN 85.37769 -152.04720 -79.52591 -25.97255 -218.91409 -91.73274
5198 3.34006 NaN NaN NaN 135.46777 -135.70801 -62.47311 242.71927 -187.75899 -105.31019 NaN NaN NaN 85.38441 -152.05901 -79.58190 -25.98245 -218.91159 -91.71564
5199 3.34840 NaN NaN NaN 135.46043 -135.73875 -62.47511 242.71033 -187.75887 -105.30630 NaN NaN NaN 85.40025 -152.02303 -79.63913 -25.95598 -218.89261 -91.70299
5200 3.35675 NaN NaN NaN 135.44817 -135.75194 -62.47828 242.71968 -187.77676 -105.31681 NaN NaN NaN 85.41351 -151.96381 -79.69975 -25.92260 -218.88832 -91.68617
5201 3.36509 NaN NaN NaN 135.46301 -135.75247 -62.50260 242.71518 -187.77089 -105.29761 NaN NaN NaN 85.43226 -151.90002 -79.76474 -25.88018 -218.89276 -91.64889
5202 3.37343 NaN NaN NaN 135.46803 -135.77072 -62.50504 242.72198 -187.78908 -105.27369 NaN NaN NaN 85.43558 -151.84274 -79.83207 -25.85399 -218.88020 -91.61035
5203 3.38177 NaN NaN NaN 135.47185 -135.77182 -62.49887 242.72929 -187.80832 -105.29966 NaN NaN NaN 85.46104 -151.78835 -79.90275 -25.84339 -218.90610 -91.55567
5204 3.39012 NaN NaN NaN 135.47984 -135.75992 -62.50761 242.73976 -187.82294 -105.28825 NaN NaN NaN 85.48033 -151.72769 -79.97658 -25.83442 -218.91423 -91.52697
5205 3.39846 NaN NaN NaN 135.49835 -135.77280 -62.50550 242.74869 -187.82407 -105.29395 NaN NaN NaN 85.49819 -151.69363 -80.01649 -25.80938 -218.91978 -91.51250
5206 3.40680 NaN NaN NaN 135.50958 -135.82430 -62.48217 242.75859 -187.83705 -105.28760 NaN NaN NaN 85.48894 -151.69196 -80.08217 -25.79792 -218.93845 -91.50890
5207 3.41515 NaN NaN NaN 135.51785 -135.83009 -62.49572 242.76569 -187.83238 -105.28835 NaN NaN NaN 85.48665 -151.75797 -80.06311 -25.76853 -218.97272 -91.49796
5208 3.42349 NaN NaN NaN 135.53171 -135.80023 -62.48683 242.77402 -187.84885 -105.27106 NaN NaN NaN 85.47262 -151.82164 -80.08586 -25.80481 -218.96263 -91.50414
5209 3.43183 NaN NaN NaN 135.52887 -135.77917 -62.50785 242.78944 -187.84453 -105.26098 NaN NaN NaN 85.45705 -151.85527 -80.14740 -25.84658 -218.97421 -91.52119
5210 3.44017 NaN NaN NaN 135.53339 -135.79463 -62.48851 242.80432 -187.86752 -105.26751 NaN NaN NaN 85.44839 -151.87999 -80.19346 -25.86722 -218.98697 -91.53114
5211 3.44852 NaN NaN NaN 135.54739 -135.77095 -62.47567 242.81693 -187.85440 -105.26273 NaN NaN NaN 85.42807 -151.88765 -80.22125 -25.88441 -219.01411 -91.54899
5212 3.45686 NaN NaN NaN 135.57541 -135.75819 -62.46394 242.81343 -187.85551 -105.25372 NaN NaN NaN 85.40708 -151.88686 -80.24487 -25.86186 -219.02254 -91.55849
5213 3.46520 NaN NaN NaN 135.59732 -135.75772 -62.45567 242.81123 -187.84142 -105.20862 NaN NaN NaN 85.38666 -151.88304 -80.27926 -25.86494 -219.04065 -91.59567
5214 3.47354 NaN NaN NaN 135.59132 -135.73846 -62.45399 242.81714 -187.83038 -105.21367 NaN NaN NaN 85.38413 -151.91658 -80.31062 -25.86085 -219.02649 -91.60795
5215 3.48189 NaN NaN NaN 135.58669 -135.74332 -62.48089 242.82016 -187.85316 -105.23038 NaN NaN NaN 85.36796 -151.90106 -80.33595 -25.89157 -219.04454 -91.60355
5216 3.49023 NaN NaN NaN 135.58791 -135.71353 -62.46705 242.82243 -187.83675 -105.20677 NaN NaN NaN 85.37232 -151.89662 -80.35264 -25.91914 -219.04520 -91.58316
5217 3.49857 NaN NaN NaN 135.59975 -135.72995 -62.45461 242.84285 -187.84763 -105.20910 NaN NaN NaN 85.37817 -151.86179 -80.38881 -25.91187 -219.04745 -91.57829
5218 3.50692 NaN NaN NaN 135.62291 -135.68477 -62.47743 242.84888 -187.83473 -105.20763 NaN NaN NaN 85.39520 -151.84586 -80.42366 -25.91747 -219.03847 -91.55434
5219 3.51526 NaN NaN NaN 135.61966 -135.68723 -62.48436 242.85023 -187.83437 -105.19685 NaN NaN NaN 85.39719 -151.80392 -80.48286 -25.84772 -219.01714 -91.52097
5220 3.52360 NaN NaN NaN 135.65054 -135.62630 -62.48509 242.83298 -187.81778 -105.18735 NaN NaN NaN 85.38815 -151.76451 -80.53665 -25.85815 -219.03362 -91.52035
5221 3.53194 NaN NaN NaN 135.61621 -135.64027 -62.50794 242.83765 -187.82242 -105.17516 NaN NaN NaN 85.38662 -151.74364 -80.58936 -25.81429 -219.02750 -91.49940
5222 3.54029 NaN NaN NaN 135.62567 -135.61397 -62.51672 242.82455 -187.82010 -105.17530 NaN NaN NaN 85.37009 -151.69072 -80.69547 -25.85358 -219.04733 -91.49065
5223 3.54863 NaN NaN NaN 135.61169 -135.65009 -62.51961 242.82895 -187.81516 -105.16214 NaN NaN NaN 85.34365 -151.63469 -80.79060 -25.83850 -219.05389 -91.48283
5224 3.55697 NaN NaN NaN 135.62270 -135.60475 -62.48636 242.83029 -187.80893 -105.16665 NaN NaN NaN 85.34008 -151.58397 -80.86904 -25.84560 -219.03529 -91.46667
5225 3.56531 NaN NaN NaN 135.62193 -135.58748 -62.49542 242.83772 -187.79489 -105.15820 NaN NaN NaN 85.35888 -151.53973 -80.90855 -25.80410 -219.01537 -91.45649
5226 3.57366 NaN NaN NaN 135.63036 -135.56612 -62.48195 242.82689 -187.78220 -105.16117 NaN NaN NaN 85.35748 -151.53020 -80.92456 -25.83156 -219.01265 -91.46270
5227 3.58200 NaN NaN NaN 135.62347 -135.56158 -62.48532 242.81815 -187.78510 -105.16369 NaN NaN NaN 85.33353 -151.48032 -80.95383 -25.80812 -218.98671 -91.45464
5228 3.59034 NaN NaN NaN 135.60095 -135.57504 -62.44691 242.81558 -187.77631 -105.16142 NaN NaN NaN 85.30486 -151.46980 -81.01551 -25.84643 -219.00801 -91.46172
5229 3.59869 NaN NaN NaN 135.59996 -135.58319 -62.44889 242.82111 -187.77361 -105.15166 NaN NaN NaN 85.29618 -151.41505 -81.00674 -25.83232 -219.00922 -91.44053
5230 3.60703 NaN NaN NaN 135.61143 -135.59433 -62.41535 242.82364 -187.76347 -105.14654 NaN NaN NaN 85.28595 -151.41248 -81.06050 -25.80532 -219.02046 -91.40681
5231 3.61537 NaN NaN NaN 135.62184 -135.59822 -62.43577 242.82043 -187.76324 -105.14636 NaN NaN NaN 85.27525 -151.38893 -81.12203 -25.82513 -219.04904 -91.38224
5232 3.62371 NaN NaN NaN 135.63295 -135.58092 -62.39995 242.82735 -187.74939 -105.14845 NaN NaN NaN 85.23608 -151.38658 -81.17903 -25.84525 -219.02309 -91.39503
5233 3.63206 NaN NaN NaN 135.63663 -135.57831 -62.39310 242.83435 -187.75894 -105.14642 NaN NaN NaN 85.23946 -151.36568 -81.20638 -25.83586 -219.03113 -91.35934
5234 3.64040 NaN NaN NaN 135.63374 -135.58267 -62.37469 242.84279 -187.74837 -105.14361 NaN NaN NaN 85.21172 -151.35840 -81.22256 -25.84341 -219.03247 -91.35995
5235 3.64874 NaN NaN NaN 135.63875 -135.56070 -62.38062 242.83018 -187.74197 -105.15192 NaN NaN NaN 85.18887 -151.33516 -81.26587 -25.83750 -219.03043 -91.29350
5236 3.65708 NaN NaN NaN 135.63278 -135.56631 -62.39352 242.83647 -187.72911 -105.15199 NaN NaN NaN 85.16797 -151.27238 -81.31783 -25.83340 -219.02684 -91.29241
5237 3.66543 NaN NaN NaN 135.64294 -135.56952 -62.38921 242.83896 -187.72946 -105.15088 NaN NaN NaN 85.15491 -151.24413 -81.34734 -25.82830 -219.03967 -91.29572
5238 3.67377 NaN NaN NaN 135.64404 -135.59056 -62.37616 242.84700 -187.72414 -105.15027 NaN NaN NaN 85.18237 -151.26469 -81.31059 -25.81509 -219.02751 -91.24311
5239 3.68211 NaN NaN NaN 135.65387 -135.61353 -62.38694 242.87622 -187.74054 -105.15057 NaN NaN NaN 85.18554 -151.24635 -81.43578 -25.82001 -219.02715 -91.27922
5240 3.69046 NaN NaN NaN 135.66377 -135.61769 -62.36402 242.88725 -187.73218 -105.15786 NaN NaN NaN 85.21022 -151.24905 -81.45898 -25.83151 -218.99857 -91.23548
5241 3.69880 NaN NaN NaN 135.69376 -135.62680 -62.34720 242.91585 -187.74356 -105.16183 NaN NaN NaN 85.21342 -151.22749 -81.46579 -25.81625 -219.00771 -91.24384
5242 3.70714 NaN NaN NaN 135.71349 -135.66704 -62.28461 242.94016 -187.74599 -105.21207 NaN NaN NaN 85.20143 -151.17119 -81.49468 -25.79087 -218.97920 -91.21301
5243 3.71548 NaN NaN NaN 135.74727 -135.73637 -62.23313 242.97697 -187.74753 -105.21465 NaN NaN NaN 85.26255 -151.14964 -81.56374 -25.73599 -218.99443 -91.16704
5244 3.72383 NaN NaN NaN 135.81889 -135.85106 -62.13102 243.02931 -187.77045 -105.27097 NaN NaN NaN 85.32809 -151.10124 -81.64236 -25.71584 -218.99542 -91.13924
5245 3.73217 NaN NaN NaN 135.86459 -135.95200 -62.02486 243.09955 -187.82721 -105.30904 NaN NaN NaN 85.35285 -151.07655 -81.72248 -25.67869 -219.00969 -91.10436
5246 3.74051 NaN NaN NaN 135.92227 -136.08424 -61.94122 243.14827 -187.85774 -105.36426 NaN NaN NaN 85.37508 -151.07701 -81.77869 -25.67347 -219.01395 -91.07016
5247 3.74885 NaN NaN NaN 135.99083 -136.27199 -61.84829 243.18176 -187.88989 -105.40163 NaN NaN NaN 85.38123 -151.07541 -81.83719 -25.64354 -219.00877 -91.03925
5248 3.75720 NaN NaN NaN 136.04544 -136.36954 -61.77767 243.20659 -187.89340 -105.41443 NaN NaN NaN 85.39986 -151.04102 -81.89224 -25.61458 -219.01381 -91.01958
5249 3.76554 NaN NaN NaN 136.06656 -136.46379 -61.68479 243.22971 -187.88875 -105.43184 NaN NaN NaN 85.40147 -151.02774 -81.95509 -25.58840 -219.01460 -91.01401
5250 3.77388 NaN NaN NaN 136.05988 -136.52065 -61.63462 243.25223 -187.86794 -105.46262 NaN NaN NaN 85.39261 -150.99782 -82.02214 -25.56707 -219.02426 -91.01071
5251 3.78223 NaN NaN NaN 136.06442 -136.55479 -61.61922 243.25212 -187.87823 -105.47179 NaN NaN NaN 85.39256 -150.99480 -82.06522 -25.55144 -219.03108 -91.00826
5252 3.79057 NaN NaN NaN 136.05772 -136.55399 -61.61726 243.25281 -187.87579 -105.46681 NaN NaN NaN 85.40288 -150.97801 -82.07621 -25.58130 -219.03130 -91.01057
5253 3.79891 NaN NaN NaN 136.04324 -136.55632 -61.62012 243.24063 -187.88701 -105.46054 NaN NaN NaN 85.41663 -150.98882 -82.08376 -25.55615 -219.02840 -91.02135
5254 3.80725 NaN NaN NaN 136.05214 -136.51601 -61.64893 243.23219 -187.89592 -105.46387 NaN NaN NaN 85.44595 -150.99980 -82.09070 -25.57057 -219.01706 -91.02039
5255 3.81560 NaN NaN NaN 136.03833 -136.50352 -61.66665 243.22316 -187.90379 -105.44211 NaN NaN NaN 85.49688 -151.00156 -82.09715 -25.51751 -219.01268 -91.01455
5256 3.82394 NaN NaN NaN 136.04753 -136.51324 -61.69970 243.21732 -187.89622 -105.46233 NaN NaN NaN 85.55608 -150.99724 -82.10297 -25.44621 -219.00003 -91.01422
5257 3.83228 NaN NaN NaN 136.04149 -136.51576 -61.68903 243.22412 -187.89812 -105.46959 NaN NaN NaN 85.61373 -150.98613 -82.13049 -25.43304 -218.92499 -91.01594
5258 3.84063 NaN NaN NaN 136.03871 -136.54428 -61.72231 243.22330 -187.89604 -105.47139 NaN NaN NaN 85.67431 -150.98209 -82.14009 -25.38010 -218.87263 -90.96117
5259 3.84897 NaN NaN NaN 136.01892 -136.58606 -61.72480 243.22717 -187.92575 -105.47940 NaN NaN NaN 85.72175 -150.92476 -82.17619 -25.32208 -218.83916 -90.93353
5260 3.85731 NaN NaN NaN 136.03564 -136.63937 -61.76580 243.27074 -187.94179 -105.49547 NaN NaN NaN 85.76582 -150.89647 -82.21082 -25.25355 -218.82935 -90.90761
5261 3.86565 NaN NaN NaN 136.05104 -136.67441 -61.71677 243.30388 -187.95050 -105.52206 NaN NaN NaN 85.79208 -150.86331 -82.28425 -25.21031 -218.81569 -90.89577
5262 3.87400 NaN NaN NaN 136.05188 -136.76804 -61.72849 243.32779 -187.97018 -105.53818 NaN NaN NaN 85.80147 -150.82997 -82.31454 -25.18541 -218.78882 -90.87885
5263 3.88234 NaN NaN NaN 136.06442 -136.83435 -61.67542 243.34276 -187.98607 -105.55411 NaN NaN NaN 85.83945 -150.79872 -82.40363 -25.16186 -218.78056 -90.85452
5264 3.89068 NaN NaN NaN 136.08876 -136.88792 -61.65632 243.35333 -187.98465 -105.55165 NaN NaN NaN 85.84676 -150.74208 -82.47333 -25.07942 -218.75200 -90.82790
5265 3.89902 NaN NaN NaN 136.09099 -136.90660 -61.63843 243.35574 -187.99278 -105.55768 NaN NaN NaN 85.85957 -150.68269 -82.53249 -25.06753 -218.73099 -90.82641
5266 3.90737 NaN NaN NaN 136.09650 -136.90839 -61.60915 243.35329 -187.98987 -105.55701 NaN NaN NaN 85.88292 -150.62294 -82.62395 -25.05848 -218.73853 -90.77914
5267 3.91571 NaN NaN NaN 136.09747 -136.92316 -61.58934 243.36026 -187.98964 -105.53397 NaN NaN NaN 85.88519 -150.55556 -82.70533 -25.03249 -218.73093 -90.76051
5268 3.92405 NaN NaN NaN 136.10754 -136.92722 -61.56856 243.35962 -187.98111 -105.55025 NaN NaN NaN 85.90790 -150.53333 -82.72890 -25.04947 -218.73082 -90.71597
5269 3.93240 NaN NaN NaN 136.10988 -136.93431 -61.55610 243.36899 -187.98885 -105.55573 NaN NaN NaN 85.90910 -150.48482 -82.79533 -24.99815 -218.76671 -90.65495
5270 3.94074 NaN NaN NaN 136.13919 -136.95793 -61.52813 243.36179 -187.97212 -105.56094 NaN NaN NaN 85.90726 -150.43568 -82.90968 -24.97097 -218.76921 -90.59705
5271 3.94908 NaN NaN NaN 136.13857 -136.97211 -61.52491 243.37404 -187.98151 -105.54872 NaN NaN NaN 85.91228 -150.38977 -83.02418 -24.91018 -218.77190 -90.52221
5272 3.95742 NaN NaN NaN 136.13628 -136.98285 -61.50303 243.37863 -187.95276 -105.55454 NaN NaN NaN 85.93233 -150.36769 -83.12898 -24.84239 -218.79585 -90.45867
5273 3.96577 NaN NaN NaN 136.16022 -136.99123 -61.48063 243.40181 -187.96616 -105.56720 NaN NaN NaN 85.95325 -150.27969 -83.22841 -24.82701 -218.78589 -90.42522
5274 3.97411 NaN NaN NaN 136.18040 -136.99728 -61.46487 243.40616 -187.94539 -105.57027 NaN NaN NaN 85.99151 -150.24689 -83.23252 -24.82594 -218.77907 -90.39980
5275 3.98245 NaN NaN NaN 136.19176 -137.03532 -61.43730 243.40564 -187.96014 -105.56979 NaN NaN NaN 86.00328 -150.20985 -83.28237 -24.80673 -218.75673 -90.37367
5276 3.99079 NaN NaN NaN 136.19405 -137.05658 -61.40644 243.42361 -187.93039 -105.56528 NaN NaN NaN 86.02336 -150.21515 -83.31038 -24.77628 -218.75584 -90.32650
5277 3.99914 NaN NaN NaN 136.21985 -137.05753 -61.39744 243.44757 -187.92154 -105.57778 NaN NaN NaN 86.03710 -150.21313 -83.38605 -24.73884 -218.74687 -90.29894
5278 4.00748 NaN NaN NaN 136.22214 -137.08388 -61.35923 243.46535 -187.92505 -105.57700 NaN NaN NaN 86.06754 -150.19148 -83.43806 -24.71386 -218.76367 -90.29823
5279 4.01582 NaN NaN NaN 136.23650 -137.11392 -61.34005 243.51115 -187.92479 -105.59912 NaN NaN NaN 86.07859 -150.13297 -83.51046 -24.70575 -218.75331 -90.28834
5280 4.02417 NaN NaN NaN 136.24521 -137.20135 -61.29433 243.52437 -187.92339 -105.60204 NaN NaN NaN 86.10281 -150.15820 -83.52930 -24.66606 -218.72954 -90.29729
5281 4.03251 NaN NaN NaN 136.27711 -137.25172 -61.27652 243.54465 -187.92625 -105.61484 NaN NaN NaN 86.14054 -150.16708 -83.53587 -24.67344 -218.70839 -90.30601
5282 4.04085 NaN NaN NaN 136.28032 -137.29079 -61.25469 243.55893 -187.93201 -105.62207 NaN NaN NaN 86.16679 -150.17542 -83.54877 -24.66565 -218.68710 -90.29903
5283 4.04919 NaN NaN NaN 136.31607 -137.32556 -61.24542 243.58199 -187.93272 -105.64128 NaN NaN NaN 86.19582 -150.18704 -83.56190 -24.63498 -218.66101 -90.29514
5284 4.05754 NaN NaN NaN 136.30765 -137.36618 -61.23666 243.59410 -187.93248 -105.66135 NaN NaN NaN 86.23033 -150.14804 -83.59356 -24.60635 -218.64621 -90.29061
5285 4.06588 NaN NaN NaN 136.33867 -137.42052 -61.22809 243.63557 -187.92278 -105.68421 NaN NaN NaN 86.26653 -150.09343 -83.64452 -24.59379 -218.63129 -90.27139
5286 4.07422 NaN NaN NaN 136.36472 -137.49590 -61.21886 243.64986 -187.92830 -105.69978 NaN NaN NaN 86.29893 -150.06226 -83.67501 -24.56629 -218.60312 -90.26306
5287 4.08256 NaN NaN NaN 136.36221 -137.54462 -61.22247 243.69109 -187.95320 -105.71256 NaN NaN NaN 86.32070 -150.02516 -83.68642 -24.51131 -218.58734 -90.26153
5288 4.09091 NaN NaN NaN 136.36864 -137.56064 -61.22614 243.69278 -187.97188 -105.72339 NaN NaN NaN 86.34466 -150.01752 -83.68469 -24.47615 -218.57225 -90.25462
5289 4.09925 NaN NaN NaN 136.35265 -137.54974 -61.24685 243.70302 -187.97630 -105.72023 NaN NaN NaN 86.36385 -150.02946 -83.70734 -24.45972 -218.55620 -90.27209
5290 4.10759 NaN NaN NaN 136.34140 -137.51669 -61.29400 243.69072 -187.97795 -105.71555 NaN NaN NaN 86.40247 -150.00134 -83.72633 -24.42999 -218.56984 -90.25612
5291 4.11594 NaN NaN NaN 136.33064 -137.47826 -61.33428 243.69388 -187.97681 -105.72009 NaN NaN NaN 86.43056 -149.95720 -83.73022 -24.41462 -218.56799 -90.21136
5292 4.12428 NaN NaN NaN 136.29936 -137.44362 -61.36313 243.66695 -187.95660 -105.71736 NaN NaN NaN 86.46913 -149.91249 -83.72073 -24.31987 -218.54071 -90.16061
5293 4.13262 NaN NaN NaN 136.28860 -137.40842 -61.41254 243.65749 -187.95665 -105.72810 NaN NaN NaN 86.48370 -149.86708 -83.70699 -24.27025 -218.50043 -90.12094
5294 4.14096 NaN NaN NaN 136.26213 -137.38364 -61.44991 243.63541 -187.94344 -105.71973 NaN NaN NaN 86.54275 -149.89281 -83.66856 -24.20867 -218.48627 -90.09856
5295 4.14931 NaN NaN NaN 136.24626 -137.36617 -61.53183 243.62068 -187.96611 -105.70432 NaN NaN NaN 86.61081 -149.89980 -83.65149 -24.18738 -218.48730 -90.04977
5296 4.15765 NaN NaN NaN 136.22226 -137.36647 -61.58326 243.60516 -187.96068 -105.70110 NaN NaN NaN 86.60844 -149.84108 -83.71201 -24.10754 -218.47685 -90.03142
5297 4.16599 NaN NaN NaN 136.20470 -137.37759 -61.65355 243.59729 -187.97078 -105.69496 NaN NaN NaN 86.60686 -149.77707 -83.72484 -24.08611 -218.48277 -89.99590
5298 4.17433 NaN NaN NaN 136.16112 -137.38455 -61.69320 243.57962 -187.98247 -105.68793 NaN NaN NaN 86.61916 -149.76033 -83.74512 -24.06791 -218.49132 -89.99102
5299 4.18268 NaN NaN NaN 136.13701 -137.41119 -61.74438 243.56413 -187.99640 -105.67738 NaN NaN NaN 86.61240 -149.73486 -83.75069 -24.05418 -218.49556 -89.96978
5300 4.19102 NaN NaN NaN 136.13091 -137.40228 -61.77953 243.55727 -187.99881 -105.68552 NaN NaN NaN 86.64346 -149.74451 -83.73676 -24.00075 -218.49074 -89.97423
5301 4.19936 NaN NaN NaN 136.13895 -137.39990 -61.81431 243.58389 -188.03490 -105.67754 NaN NaN NaN 86.70008 -149.79926 -83.69084 -24.00598 -218.49791 -89.96104
5302 4.20771 NaN NaN NaN 136.11649 -137.40839 -61.82700 243.56207 -188.04932 -105.67763 NaN NaN NaN 86.70003 -149.81412 -83.67848 -24.00505 -218.48921 -89.97298
5303 4.21605 NaN NaN NaN 136.11024 -137.40271 -61.82759 243.56810 -188.06763 -105.67031 NaN NaN NaN 86.70438 -149.84200 -83.65783 -24.00978 -218.49448 -89.95409
5304 4.22439 NaN NaN NaN 136.09045 -137.39909 -61.84875 243.55336 -188.06880 -105.68994 NaN NaN NaN 86.72907 -149.91399 -83.58897 -23.99903 -218.49124 -89.97286
5305 4.23273 NaN NaN NaN 136.06721 -137.41371 -61.87977 243.54842 -188.08247 -105.68177 NaN NaN NaN 86.77012 -149.97032 -83.53236 -23.99085 -218.48703 -89.96810
5306 4.24108 NaN NaN NaN 136.05559 -137.42319 -61.90691 243.53160 -188.06039 -105.72118 NaN NaN NaN 86.79029 -149.98859 -83.48370 -23.96290 -218.46664 -90.00164
5307 4.24942 NaN NaN NaN 136.03214 -137.43056 -61.91848 243.52049 -188.08052 -105.72327 NaN NaN NaN 86.83390 -149.97099 -83.42667 -23.95127 -218.45775 -89.99425
5308 4.25776 NaN NaN NaN 136.02097 -137.42328 -61.94347 243.50098 -188.06902 -105.70401 NaN NaN NaN 86.86753 -149.97623 -83.39938 -23.93530 -218.43649 -90.03104
5309 4.26611 NaN NaN NaN 136.01225 -137.42827 -62.00160 243.49693 -188.08809 -105.71373 NaN NaN NaN 86.89364 -149.95706 -83.38499 -23.91330 -218.43477 -89.99160
5310 4.27445 NaN NaN NaN 135.98639 -137.41728 -62.07394 243.46907 -188.06969 -105.72580 NaN NaN NaN 86.90141 -149.94881 -83.38870 -23.86227 -218.43677 -89.97604
5311 4.28279 NaN NaN NaN 135.94983 -137.38884 -62.11504 243.46265 -188.08606 -105.72015 NaN NaN NaN 86.92592 -149.93518 -83.40942 -23.83184 -218.45328 -89.92468
5312 4.29113 NaN NaN NaN 135.93089 -137.33307 -62.14302 243.44475 -188.08784 -105.70575 NaN NaN NaN 86.94551 -149.91634 -83.41628 -23.79602 -218.45351 -89.92338
5313 4.29948 NaN NaN NaN 135.89482 -137.31636 -62.18016 243.45132 -188.09229 -105.68801 NaN NaN NaN 86.98786 -149.88579 -83.42171 -23.79041 -218.44400 -89.90112
5314 4.30782 NaN NaN NaN 135.88480 -137.29552 -62.20944 243.43587 -188.08537 -105.69353 NaN NaN NaN 87.01799 -149.85771 -83.43335 -23.74942 -218.40964 -89.88055
5315 4.31616 NaN NaN NaN 135.86281 -137.29448 -62.23894 243.41998 -188.09212 -105.71226 NaN NaN NaN 87.01768 -149.84380 -83.44505 -23.75888 -218.38614 -89.89263
5316 4.32450 NaN NaN NaN 135.85104 -137.27957 -62.26141 243.40862 -188.08487 -105.70673 NaN NaN NaN 87.02132 -149.84126 -83.45211 -23.76199 -218.39357 -89.90646
5317 4.33285 NaN NaN NaN 135.83180 -137.26343 -62.28426 243.40221 -188.07880 -105.69163 NaN NaN NaN 87.04388 -149.80373 -83.45216 -23.72142 -218.39919 -89.89901
5318 4.34119 NaN NaN NaN 135.83334 -137.26836 -62.28476 243.40468 -188.07397 -105.69792 NaN NaN NaN 87.06738 -149.79974 -83.44327 -23.68642 -218.40446 -89.89604
5319 4.34953 NaN NaN NaN 135.82689 -137.26570 -62.29361 243.40814 -188.08188 -105.69004 NaN NaN NaN 87.07180 -149.78746 -83.43594 -23.69811 -218.42003 -89.89331
5320 4.35788 NaN NaN NaN 135.80629 -137.25394 -62.29465 243.40933 -188.09184 -105.68809 NaN NaN NaN 87.08344 -149.79654 -83.42935 -23.70330 -218.40799 -89.90736
5321 4.36622 NaN NaN NaN 135.81245 -137.26683 -62.28619 243.41223 -188.08267 -105.70997 NaN NaN NaN 87.08315 -149.78935 -83.43038 -23.70056 -218.40309 -89.89460
5322 4.37456 NaN NaN NaN 135.81107 -137.26147 -62.29560 243.40868 -188.07962 -105.70445 NaN NaN NaN 87.08194 -149.77223 -83.43198 -23.69921 -218.39285 -89.89157
5323 4.38290 NaN NaN NaN 135.81329 -137.26025 -62.29816 243.39821 -188.07101 -105.71606 NaN NaN NaN 87.09483 -149.76479 -83.41672 -23.69355 -218.41318 -89.88326
5324 4.39125 NaN NaN NaN 135.80711 -137.24594 -62.31132 243.40320 -188.05283 -105.70874 NaN NaN NaN 87.12421 -149.76913 -83.41363 -23.61099 -218.40318 -89.86703
5325 4.39959 NaN NaN NaN 135.79117 -137.24750 -62.30851 243.40387 -188.04826 -105.69762 NaN NaN NaN 87.13347 -149.77014 -83.38814 -23.63331 -218.41652 -89.84390
5326 4.40793 NaN NaN NaN 135.79361 -137.23943 -62.32437 243.40849 -188.04828 -105.69264 NaN NaN NaN 87.15518 -149.77222 -83.38980 -23.56362 -218.40572 -89.84950
5327 4.41627 NaN NaN NaN 135.78471 -137.23259 -62.34138 243.40907 -188.06160 -105.68485 NaN NaN NaN 87.16623 -149.75923 -83.38094 -23.59269 -218.40195 -89.81525
5328 4.42462 NaN NaN NaN 135.76318 -137.21896 -62.35520 243.40256 -188.06146 -105.68003 NaN NaN NaN 87.16792 -149.75990 -83.41631 -23.57386 -218.37395 -89.83412
5329 4.43296 NaN NaN NaN 135.76041 -137.21852 -62.36186 243.38278 -188.06538 -105.67911 NaN NaN NaN 87.18690 -149.75220 -83.37930 -23.60579 -218.38539 -89.81274
5330 4.44130 NaN NaN NaN 135.74850 -137.21262 -62.37196 243.38408 -188.05359 -105.68481 NaN NaN NaN 87.19444 -149.75406 -83.39071 -23.59618 -218.36186 -89.81066
5331 4.44965 NaN NaN NaN 135.73466 -137.21053 -62.37086 243.36673 -188.04669 -105.68233 NaN NaN NaN 87.18678 -149.74576 -83.39309 -23.56882 -218.35893 -89.78564
5332 4.45799 NaN NaN NaN 135.73341 -137.20953 -62.36670 243.36688 -188.04796 -105.68170 NaN NaN NaN 87.20048 -149.75316 -83.39024 -23.52020 -218.35721 -89.81584
5333 4.46633 NaN NaN NaN 135.74098 -137.20898 -62.36414 243.35640 -188.06529 -105.66895 NaN NaN NaN 87.20001 -149.72610 -83.38889 -23.48471 -218.35033 -89.77600
5334 4.47467 NaN NaN NaN 135.73033 -137.22740 -62.35447 243.33644 -188.06374 -105.67558 NaN NaN NaN 87.21733 -149.73030 -83.36792 -23.53309 -218.35309 -89.79705
5335 4.48302 NaN NaN NaN 135.71422 -137.22023 -62.35567 243.33315 -188.07272 -105.64096 NaN NaN NaN 87.21883 -149.70311 -83.34299 -23.49521 -218.34467 -89.78181
5336 4.49136 NaN NaN NaN 135.69662 -137.19722 -62.35978 243.32484 -188.04175 -105.65184 NaN NaN NaN 87.23519 -149.71715 -83.31398 -23.50094 -218.34256 -89.78049
5337 4.49970 NaN NaN NaN 135.69124 -137.18352 -62.37677 243.29573 -188.04178 -105.62086 NaN NaN NaN 87.24932 -149.71269 -83.31174 -23.46375 -218.36363 -89.75729
5338 4.50804 NaN NaN NaN 135.68933 -137.15979 -62.37872 243.27788 -188.05096 -105.58282 NaN NaN NaN 87.25777 -149.70714 -83.31073 -23.43800 -218.35411 -89.75633
5339 4.51639 NaN NaN NaN 135.68170 -137.15347 -62.37609 243.26541 -188.05418 -105.59757 NaN NaN NaN 87.26413 -149.69147 -83.31372 -23.43228 -218.38013 -89.73960
5340 4.52473 NaN NaN NaN 135.67012 -137.14662 -62.38766 243.25142 -188.05533 -105.57332 NaN NaN NaN 87.28813 -149.67238 -83.31870 -23.43033 -218.36272 -89.74352
5341 4.53307 NaN NaN NaN 135.64626 -137.13832 -62.39310 243.24268 -188.04846 -105.56262 NaN NaN NaN 87.30103 -149.66386 -83.32315 -23.40635 -218.34119 -89.72340
5342 4.54142 NaN NaN NaN 135.62369 -137.11061 -62.41331 243.22169 -188.04663 -105.54961 NaN NaN NaN 87.32497 -149.63951 -83.31330 -23.38164 -218.31398 -89.74196
5343 4.54976 NaN NaN NaN 135.60835 -137.07674 -62.44052 243.20435 -188.06848 -105.54206 NaN NaN NaN 87.32035 -149.65039 -83.32809 -23.34892 -218.31787 -89.72841
5344 4.55810 NaN NaN NaN 135.60031 -137.06171 -62.44471 243.18454 -188.08783 -105.53909 NaN NaN NaN 87.32605 -149.63821 -83.30862 -23.32969 -218.31339 -89.69669
5345 4.56644 NaN NaN NaN 135.58951 -137.04301 -62.44705 243.19252 -188.08377 -105.53189 NaN NaN NaN 87.33135 -149.63387 -83.33369 -23.33422 -218.30299 -89.70766
5346 4.57479 NaN NaN NaN 135.57632 -137.05467 -62.44842 243.18442 -188.07907 -105.51716 NaN NaN NaN 87.34546 -149.61723 -83.32552 -23.32305 -218.29770 -89.69598
5347 4.58313 NaN NaN NaN 135.56291 -137.06084 -62.43643 243.20036 -188.07593 -105.52499 NaN NaN NaN 87.34248 -149.62141 -83.32477 -23.34738 -218.29138 -89.69907
5348 4.59147 NaN NaN NaN 135.55956 -137.06166 -62.43784 243.17632 -188.07410 -105.51826 NaN NaN NaN 87.35087 -149.62155 -83.30873 -23.31677 -218.29861 -89.68768
5349 4.59981 NaN NaN NaN 135.57379 -137.04158 -62.42881 243.17807 -188.08492 -105.52214 NaN NaN NaN 87.36877 -149.63861 -83.30474 -23.30841 -218.30209 -89.69248
5350 4.60816 NaN NaN NaN 135.57335 -137.05016 -62.42640 243.18010 -188.09709 -105.51314 NaN NaN NaN 87.35809 -149.62665 -83.28915 -23.29560 -218.32008 -89.68462
5351 4.61650 NaN NaN NaN 135.56924 -137.06569 -62.42241 243.16078 -188.11154 -105.49775 NaN NaN NaN 87.35434 -149.62119 -83.30823 -23.33912 -218.30965 -89.69936
5352 4.62484 NaN NaN NaN 135.56941 -137.06313 -62.41935 243.15497 -188.09430 -105.49800 NaN NaN NaN 87.35933 -149.60725 -83.30611 -23.28916 -218.30127 -89.68633
5353 4.63319 NaN NaN NaN 135.56680 -137.06061 -62.41376 243.15631 -188.09515 -105.48402 NaN NaN NaN 87.37093 -149.60657 -83.32083 -23.32530 -218.28595 -89.68298
5354 4.64153 NaN NaN NaN 135.56772 -137.06659 -62.42121 243.15384 -188.08960 -105.48827 NaN NaN NaN 87.36939 -149.59850 -83.31454 -23.28082 -218.28239 -89.68929
5355 4.64987 NaN NaN NaN 135.57629 -137.06076 -62.41925 243.15199 -188.11394 -105.48472 NaN NaN NaN 87.36932 -149.61159 -83.32057 -23.30804 -218.27599 -89.68813
5356 4.65821 NaN NaN NaN 135.57341 -137.05826 -62.40545 243.15057 -188.12311 -105.48519 NaN NaN NaN 87.37906 -149.60777 -83.30676 -23.27209 -218.28526 -89.68206
5357 4.66656 NaN NaN NaN 135.56422 -137.06175 -62.40536 243.15305 -188.11488 -105.46714 NaN NaN NaN 87.37523 -149.60466 -83.29680 -23.25686 -218.29453 -89.67820
5358 4.67490 NaN NaN NaN 135.55635 -137.05205 -62.41077 243.14461 -188.12541 -105.46860 NaN NaN NaN 87.37724 -149.59557 -83.29874 -23.27639 -218.30247 -89.68574
5359 4.68324 NaN NaN NaN 135.56148 -137.05333 -62.41379 243.14113 -188.12383 -105.46032 NaN NaN NaN 87.38780 -149.61577 -83.31260 -23.26633 -218.29321 -89.67364
5360 4.69158 NaN NaN NaN 135.55322 -137.04454 -62.41953 243.12920 -188.12332 -105.46073 NaN NaN NaN 87.40992 -149.60324 -83.30739 -23.18101 -218.28593 -89.64518
5361 4.69993 NaN NaN NaN 135.55495 -137.02307 -62.41750 243.12346 -188.12457 -105.45250 NaN NaN NaN 87.41004 -149.59299 -83.28980 -23.19853 -218.26863 -89.62785
5362 4.70827 NaN NaN NaN 135.53360 -137.00061 -62.42823 243.12125 -188.12476 -105.45440 NaN NaN NaN 87.40392 -149.59137 -83.29362 -23.16287 -218.27567 -89.65337
5363 4.71661 NaN NaN NaN 135.52043 -136.98654 -62.42784 243.10173 -188.14171 -105.44378 NaN NaN NaN 87.39384 -149.60423 -83.29169 -23.20668 -218.27190 -89.66674
5364 4.72496 NaN NaN NaN 135.51854 -136.99376 -62.43291 243.10155 -188.14146 -105.45902 NaN NaN NaN 87.40726 -149.63058 -83.32218 -23.25905 -218.28632 -89.68439
5365 4.73330 NaN NaN NaN 135.51860 -137.01595 -62.42382 243.10861 -188.13402 -105.45016 NaN NaN NaN 87.40275 -149.63678 -83.32809 -23.19749 -218.27118 -89.65634
5366 4.74164 NaN NaN NaN 135.51759 -137.00943 -62.42204 243.11504 -188.12877 -105.45586 NaN NaN NaN 87.40454 -149.61179 -83.30838 -23.20720 -218.28192 -89.66526
5367 4.74998 NaN NaN NaN 135.52599 -137.00732 -62.43438 243.08992 -188.15176 -105.43167 NaN NaN NaN 87.41235 -149.61618 -83.31493 -23.22295 -218.26244 -89.66695
5368 4.75833 NaN NaN NaN 135.52638 -136.97052 -62.43059 243.09084 -188.14442 -105.44501 NaN NaN NaN 87.42020 -149.59961 -83.31585 -23.17640 -218.23921 -89.66713
5369 4.76667 NaN NaN NaN 135.51631 -136.96394 -62.44771 243.08351 -188.16335 -105.42148 NaN NaN NaN 87.40897 -149.62253 -83.31983 -23.20201 -218.24475 -89.68498
5370 4.77501 NaN NaN NaN 135.50380 -136.95139 -62.45075 243.08739 -188.15228 -105.43582 NaN NaN NaN 87.42648 -149.59641 -83.31184 -23.18574 -218.25618 -89.66315
5371 4.78336 NaN NaN NaN 135.49933 -136.95313 -62.47484 243.07895 -188.15959 -105.41411 NaN NaN NaN 87.42250 -149.58698 -83.29648 -23.15170 -218.25772 -89.64426
5372 4.79170 NaN NaN NaN 135.49091 -136.93706 -62.47348 243.07642 -188.14438 -105.42667 NaN NaN NaN 87.42828 -149.57420 -83.29839 -23.15234 -218.24902 -89.64380
5373 4.80004 NaN NaN NaN 135.48096 -136.93156 -62.48554 243.08070 -188.14029 -105.41681 NaN NaN NaN 87.43195 -149.56642 -83.33096 -23.16860 -218.24486 -89.62139
5374 4.80838 NaN NaN NaN 135.48042 -136.92014 -62.49637 243.07132 -188.15086 -105.40934 NaN NaN NaN 87.44477 -149.55704 -83.31942 -23.12367 -218.23322 -89.64915
5375 4.81673 NaN NaN NaN 135.46306 -136.90488 -62.51113 243.06407 -188.14581 -105.40952 NaN NaN NaN 87.45343 -149.52504 -83.30254 -23.13722 -218.22536 -89.61868
5376 4.82507 NaN NaN NaN 135.46800 -136.89180 -62.51566 243.04681 -188.15230 -105.38916 NaN NaN NaN 87.45015 -149.51303 -83.29211 -23.13621 -218.21884 -89.63461
5377 4.83341 NaN NaN NaN 135.46039 -136.86931 -62.52416 243.03905 -188.15300 -105.37701 NaN NaN NaN 87.45648 -149.48921 -83.28664 -23.18488 -218.23369 -89.64367
5378 4.84175 NaN NaN NaN 135.46274 -136.87146 -62.51386 243.04166 -188.17084 -105.38513 NaN NaN NaN 87.46049 -149.50172 -83.27584 -23.18010 -218.22701 -89.63988
5379 4.85010 NaN NaN NaN 135.44441 -136.85219 -62.51188 243.04510 -188.16174 -105.37305 NaN NaN NaN 87.45369 -149.49757 -83.26164 -23.15104 -218.22684 -89.63659
5380 4.85844 NaN NaN NaN 135.44041 -136.83383 -62.51345 243.03894 -188.16811 -105.37049 NaN NaN NaN 87.45631 -149.50681 -83.27434 -23.12688 -218.21803 -89.64980
5381 4.86678 NaN NaN NaN 135.43640 -136.82191 -62.52198 243.03116 -188.17252 -105.36759 NaN NaN NaN 87.45596 -149.48930 -83.27061 -23.15723 -218.24092 -89.61774
5382 4.87513 NaN NaN NaN 135.44954 -136.81187 -62.52185 243.02843 -188.17068 -105.35560 NaN NaN NaN 87.45340 -149.48218 -83.25817 -23.15759 -218.24178 -89.62584
5383 4.88347 NaN NaN NaN 135.44341 -136.80675 -62.52278 243.02176 -188.17125 -105.36046 NaN NaN NaN 87.46301 -149.45667 -83.26949 -23.17237 -218.22556 -89.60303
5384 4.89181 NaN NaN NaN 135.43329 -136.78462 -62.51496 243.02463 -188.16690 -105.35852 NaN NaN NaN 87.45987 -149.44720 -83.27325 -23.13575 -218.22139 -89.62051
5385 4.90015 NaN NaN NaN 135.42326 -136.80109 -62.53106 243.01747 -188.16428 -105.36427 NaN NaN NaN 87.47311 -149.43915 -83.26388 -23.13698 -218.21762 -89.60498
5386 4.90850 NaN NaN NaN 135.42906 -136.78604 -62.52288 243.01746 -188.16837 -105.35157 NaN NaN NaN 87.47228 -149.43694 -83.27354 -23.14016 -218.22293 -89.62725
5387 4.91684 NaN NaN NaN 135.43832 -136.78777 -62.53211 243.00816 -188.17992 -105.34954 NaN NaN NaN 87.48476 -149.43808 -83.26746 -23.08595 -218.21326 -89.58426
5388 4.92518 NaN NaN NaN 135.43811 -136.78134 -62.52687 243.00575 -188.17952 -105.34627 NaN NaN NaN 87.48963 -149.41307 -83.28015 -23.10659 -218.23033 -89.61600
5389 4.93352 NaN NaN NaN 135.42990 -136.80278 -62.52823 242.99469 -188.16318 -105.34592 NaN NaN NaN 87.47662 -149.38274 -83.29037 -23.09006 -218.23729 -89.59380
5390 4.94187 NaN NaN NaN 135.42157 -136.77118 -62.53124 243.00362 -188.16708 -105.35212 NaN NaN NaN 87.48106 -149.36494 -83.29755 -23.10606 -218.25128 -89.61201
