Frame# Time LH1 LH2 LH3 RH1 RH2 RH3
X54 Y54 Z54 X55 Y55 Z55 X56 Y56 Z56 X57 Y57 Z57 X58 Y58 Z58 X59 Y59 Z59
36472 0.00399 NaN NaN NaN 169.65720 -109.13273 -13.58485 273.13861 -179.57109 -32.20304 NaN NaN NaN 13.72231 -164.84991 22.84232 -32.88929 -169.89421 -98.69195
36473 0.01232 NaN NaN NaN 169.62227 -109.09535 -13.59679 273.10175 -179.55861 -32.18259 NaN NaN NaN 13.36734 -165.39990 22.86440 -33.06397 -170.10519 -98.86105
36474 0.02065 NaN NaN NaN 169.61165 -109.08849 -13.60039 273.09317 -179.56543 -32.16323 NaN NaN NaN 13.00275 -165.96304 22.84026 -33.22842 -170.29948 -99.04483
36475 0.02898 NaN NaN NaN 169.63626 -109.06579 -13.59925 273.10318 -179.55832 -32.18037 NaN NaN NaN 12.62289 -166.48628 22.79976 -33.38710 -170.48015 -99.12260
36476 0.03731 NaN NaN NaN 169.66534 -109.08304 -13.55744 273.11679 -179.56168 -32.19940 NaN NaN NaN 12.29868 -166.96318 22.78135 -33.47345 -170.68471 -99.17745
36477 0.04565 NaN NaN NaN 169.71553 -109.06802 -13.49306 273.15228 -179.59789 -32.23478 NaN NaN NaN 12.00839 -167.43016 22.70185 -33.58539 -170.90704 -99.26167
36478 0.05398 NaN NaN NaN 169.79800 -109.11131 -13.43042 273.18622 -179.62291 -32.28474 NaN NaN NaN 11.74997 -167.86072 22.65061 -33.68032 -171.11780 -99.36189
36479 0.06231 NaN NaN NaN 169.87456 -109.16145 -13.38700 273.23291 -179.64244 -32.35176 NaN NaN NaN 11.51863 -168.24266 22.57954 -33.78450 -171.26830 -99.51795
36480 0.07064 NaN NaN NaN 169.95284 -109.19999 -13.32593 273.28204 -179.65707 -32.38089 NaN NaN NaN 11.31425 -168.67526 22.52981 -33.88200 -171.34680 -99.74276
36481 0.07897 NaN NaN NaN 169.96725 -109.22948 -13.28549 273.30405 -179.67625 -32.46354 NaN NaN NaN 11.09248 -169.09061 22.39767 -33.89464 -171.37819 -99.92154
36482 0.08730 NaN NaN NaN 169.97429 -109.24635 -13.27155 273.28864 -179.71420 -32.49733 NaN NaN NaN 10.85421 -169.50076 22.30397 -33.88506 -171.43123 -100.09048
36483 0.09563 NaN NaN NaN 169.98344 -109.26106 -13.25878 273.28055 -179.69543 -32.52620 NaN NaN NaN 10.68287 -169.82959 22.25745 -33.90656 -171.52533 -100.20406
36484 0.10396 NaN NaN NaN 170.00351 -109.24752 -13.24161 273.27103 -179.71326 -32.47457 NaN NaN NaN 10.52573 -170.06830 22.19582 -33.98853 -171.67830 -100.26022
36485 0.11230 NaN NaN NaN 170.00215 -109.22921 -13.23109 273.28586 -179.71428 -32.47311 NaN NaN NaN 10.42549 -170.23566 22.11358 -34.12560 -171.86160 -100.34005
36486 0.12063 NaN NaN NaN 170.01285 -109.20206 -13.23679 273.28470 -179.74655 -32.40848 NaN NaN NaN 10.36140 -170.36935 22.01768 -34.25646 -172.07649 -100.38012
36487 0.12896 NaN NaN NaN 170.02580 -109.18390 -13.24034 273.31134 -179.76889 -32.38551 NaN NaN NaN 10.34474 -170.42836 21.96438 -34.42262 -172.41202 -100.33540
36488 0.13729 NaN NaN NaN 170.07097 -109.15823 -13.22121 273.32681 -179.77710 -32.34313 NaN NaN NaN 10.34213 -170.46335 21.96133 -34.55309 -172.67406 -100.31807
36489 0.14562 NaN NaN NaN 170.08858 -109.15328 -13.18033 273.34906 -179.77698 -32.34623 NaN NaN NaN 10.34015 -170.48117 21.92365 -34.70646 -172.92505 -100.30900
36490 0.15395 NaN NaN NaN 170.13461 -109.16528 -13.13934 273.35309 -179.76846 -32.34821 NaN NaN NaN 10.31137 -170.51324 21.88101 -34.83134 -173.12398 -100.28518
36491 0.16228 NaN NaN NaN 170.16870 -109.14191 -13.10705 273.36121 -179.74886 -32.38519 NaN NaN NaN 10.31071 -170.55914 21.85163 -34.91518 -173.15433 -100.27892
36492 0.17061 NaN NaN NaN 170.19812 -109.13477 -13.07356 273.34210 -179.75511 -32.43289 NaN NaN NaN 10.27442 -170.59549 21.82146 -34.96491 -173.12068 -100.32182
36493 0.17895 NaN NaN NaN 170.20457 -109.09226 -13.08324 273.32892 -179.72438 -32.48557 NaN NaN NaN 10.26828 -170.62636 21.81543 -34.95635 -173.03784 -100.36257
36494 0.18728 NaN NaN NaN 170.21770 -109.03622 -13.10784 273.32022 -179.74060 -32.45393 NaN NaN NaN 10.26937 -170.67490 21.79949 -34.90799 -172.99544 -100.39249
36495 0.19561 NaN NaN NaN 170.19505 -108.95478 -13.16226 273.30795 -179.72247 -32.47424 NaN NaN NaN 10.29138 -170.68405 21.77806 -34.81837 -172.93561 -100.40068
36496 0.20394 NaN NaN NaN 170.18678 -108.89124 -13.23695 273.26807 -179.72476 -32.44288 NaN NaN NaN 10.36499 -170.68651 21.75653 -34.71339 -172.84854 -100.42880
36497 0.21227 NaN NaN NaN 170.18211 -108.81064 -13.27648 273.24603 -179.71283 -32.42582 NaN NaN NaN 10.47404 -170.62711 21.74858 -34.62100 -172.76511 -100.46537
36498 0.22060 NaN NaN NaN 170.17987 -108.75926 -13.30396 273.22879 -179.70450 -32.39468 NaN NaN NaN 10.59258 -170.50064 21.72829 -34.52717 -172.69012 -100.46991
36499 0.22893 NaN NaN NaN 170.17358 -108.71581 -13.33176 273.23294 -179.69063 -32.37890 NaN NaN NaN 10.73457 -170.34999 21.71435 -34.44925 -172.63921 -100.47598
36500 0.23727 NaN NaN NaN 170.18033 -108.70123 -13.37473 273.22076 -179.68729 -32.33808 NaN NaN NaN 10.87157 -170.17682 21.69687 -34.29687 -172.61137 -100.49743
36501 0.24560 NaN NaN NaN 170.18152 -108.67414 -13.42589 273.22766 -179.66782 -32.31696 NaN NaN NaN 10.99553 -170.02350 21.66165 -34.14422 -172.52094 -100.53577
36502 0.25393 NaN NaN NaN 170.22809 -108.64863 -13.42504 273.22678 -179.67996 -32.30881 NaN NaN NaN 11.08489 -169.87888 21.62264 -33.93946 -172.36339 -100.53506
36503 0.26226 NaN NaN NaN 170.23636 -108.63908 -13.45243 273.23514 -179.69783 -32.28482 NaN NaN NaN 11.21714 -169.74895 21.59441 -33.73936 -172.07286 -100.61646
36504 0.27059 NaN NaN NaN 170.24992 -108.61652 -13.44625 273.24258 -179.71053 -32.27651 NaN NaN NaN 11.39655 -169.56923 21.57202 -33.46817 -171.71237 -100.70718
36505 0.27892 NaN NaN NaN 170.24495 -108.62605 -13.45248 273.24750 -179.71065 -32.28952 NaN NaN NaN 11.61458 -169.36870 21.53891 -33.28923 -171.32469 -100.79642
36506 0.28725 NaN NaN NaN 170.25073 -108.63166 -13.45399 273.24240 -179.71019 -32.30383 NaN NaN NaN 11.85430 -169.06174 21.50538 -33.06693 -171.00121 -100.82436
36507 0.29558 NaN NaN NaN 170.23508 -108.62306 -13.49575 273.22873 -179.67932 -32.30823 NaN NaN NaN 12.10064 -168.76178 21.45208 -32.79887 -170.71132 -100.85733
36508 0.30392 NaN NaN NaN 170.18713 -108.64509 -13.54255 273.22946 -179.68092 -32.31232 NaN NaN NaN 12.38369 -168.47989 21.40856 -32.51613 -170.42912 -100.89499
36509 0.31225 NaN NaN NaN 170.13341 -108.64758 -13.59333 273.21524 -179.66414 -32.32579 NaN NaN NaN 12.65186 -168.17584 21.36274 -32.27789 -170.14212 -100.94221
36510 0.32058 NaN NaN NaN 170.07988 -108.62620 -13.63229 273.18381 -179.66460 -32.32037 NaN NaN NaN 12.90565 -167.91341 21.32801 -32.02333 -169.87817 -100.91344
36511 0.32891 NaN NaN NaN 170.06924 -108.63879 -13.72933 273.15656 -179.65079 -32.29589 NaN NaN NaN 13.15533 -167.63338 21.30876 -31.79738 -169.69710 -100.87723
36512 0.33724 NaN NaN NaN 170.01375 -108.62724 -13.85497 273.13708 -179.59589 -32.22552 NaN NaN NaN 13.37891 -167.36246 21.29862 -31.65358 -169.53212 -100.83617
36513 0.34557 NaN NaN NaN 169.93851 -108.59358 -14.02748 273.10797 -179.57297 -32.19721 NaN NaN NaN 13.60521 -167.05565 21.30857 -31.56300 -169.39037 -100.77174
36514 0.35390 NaN NaN NaN 169.89951 -108.57161 -14.16490 273.10941 -179.56082 -32.18161 NaN NaN NaN 13.79720 -166.78514 21.34888 -31.51584 -169.27489 -100.72460
36515 0.36223 NaN NaN NaN 169.90155 -108.57752 -14.31026 273.13516 -179.57732 -32.19289 NaN NaN NaN 13.94355 -166.54201 21.39717 -31.48210 -169.20584 -100.66228
36516 0.37057 NaN NaN NaN 169.96240 -108.62714 -14.36606 273.16953 -179.60172 -32.23391 NaN NaN NaN 14.09307 -166.33449 21.47022 -31.50961 -169.17146 -100.60769
36517 0.37890 NaN NaN NaN 170.04221 -108.74578 -14.23220 273.24860 -179.68034 -32.39526 NaN NaN NaN 14.20510 -166.16362 21.52195 -31.50789 -169.17802 -100.48920
36518 0.38723 NaN NaN NaN 170.14987 -109.00101 -14.02521 273.38260 -179.77673 -32.59164 NaN NaN NaN 14.26367 -165.94165 21.58182 -31.58069 -169.18555 -100.41101
36519 0.39556 NaN NaN NaN 170.32150 -109.24516 -13.78313 273.57339 -179.92154 -32.78629 NaN NaN NaN 14.25373 -165.81627 21.62143 -31.68254 -169.19862 -100.36678
36520 0.40389 NaN NaN NaN 170.52591 -109.57443 -13.52345 273.74759 -180.12425 -32.99672 NaN NaN NaN 14.16495 -165.77754 21.64343 -31.76453 -169.19073 -100.35207
36521 0.41222 NaN NaN NaN 170.75061 -109.80347 -13.33919 273.96591 -180.27579 -33.30759 NaN NaN NaN 14.04826 -165.85002 21.67661 -31.84760 -169.19165 -100.33002
36522 0.42055 NaN NaN NaN 170.96655 -110.08100 -13.11271 274.16760 -180.41968 -33.60097 NaN NaN NaN 13.88901 -165.94980 21.73551 -31.96478 -169.23233 -100.30862
36523 0.42888 NaN NaN NaN 171.18678 -110.37845 -12.88328 274.35550 -180.59171 -33.84911 NaN NaN NaN 13.75011 -166.02655 21.77530 -32.08184 -169.29445 -100.27678
36524 0.43722 NaN NaN NaN 171.41032 -110.68924 -12.60198 274.57684 -180.74292 -34.20951 NaN NaN NaN 13.57254 -166.10521 21.80190 -32.22267 -169.36914 -100.22851
36525 0.44555 NaN NaN NaN 171.62392 -111.01283 -12.31553 274.74854 -180.89368 -34.54919 NaN NaN NaN 13.39374 -166.22182 21.83076 -32.33643 -169.55020 -100.22055
36526 0.45388 NaN NaN NaN 171.85178 -111.30884 -12.02895 274.90002 -181.08940 -34.90454 NaN NaN NaN 13.18243 -166.35297 21.85700 -32.50033 -169.72893 -100.20006
36527 0.46221 NaN NaN NaN 172.07179 -111.52471 -11.84356 275.02185 -181.21349 -35.21340 NaN NaN NaN 12.93625 -166.52144 21.89713 -32.64195 -169.88660 -100.16010
36528 0.47054 NaN NaN NaN 172.25723 -111.72150 -11.64003 275.16043 -181.32834 -35.49335 NaN NaN NaN 12.66266 -166.74455 21.90027 -32.79047 -170.14076 -100.15429
36529 0.47887 NaN NaN NaN 172.42123 -111.88764 -11.37801 275.26712 -181.41293 -35.78150 NaN NaN NaN 12.40368 -167.00697 21.94268 -32.90281 -170.39313 -100.13327
36530 0.48720 NaN NaN NaN 172.61592 -112.08528 -11.11959 275.38763 -181.50394 -36.14434 NaN NaN NaN 12.16327 -167.28021 21.95597 -33.02514 -170.69159 -100.13358
36531 0.49554 NaN NaN NaN 172.83516 -112.29781 -10.76245 275.50876 -181.62543 -36.51019 NaN NaN NaN 11.89160 -167.56053 21.98697 -33.16314 -170.96648 -100.06788
36532 0.50387 NaN NaN NaN 173.12105 -112.57947 -10.39091 275.66248 -181.78484 -36.87701 NaN NaN NaN 11.57547 -167.89110 22.02719 -33.23933 -171.33643 -100.03886
36533 0.51220 NaN NaN NaN 173.38651 -112.78926 -10.04077 275.85049 -181.93948 -37.23484 NaN NaN NaN 11.20404 -168.28249 22.06348 -33.29325 -171.47856 -100.18307
36534 0.52053 NaN NaN NaN 173.67815 -113.10024 -9.67455 276.01706 -182.01456 -37.60785 NaN NaN NaN 10.85088 -168.73564 22.12795 -33.34313 -171.68440 -100.32232
36535 0.52886 NaN NaN NaN 174.01723 -113.34232 -9.27980 276.20789 -182.13370 -37.98868 NaN NaN NaN 10.50102 -169.18703 22.22663 -33.49212 -171.90392 -100.32229
36536 0.53719 NaN NaN NaN 174.30254 -113.57351 -8.83477 276.41971 -182.26175 -38.37258 NaN NaN NaN 10.11383 -169.65370 22.31203 -33.69083 -172.16315 -100.30280
36537 0.54552 NaN NaN NaN 174.68869 -113.85699 -8.38731 276.61115 -182.38647 -38.70630 NaN NaN NaN 9.70529 -170.13667 22.39421 -33.86464 -172.61990 -100.29456
36538 0.55385 NaN NaN NaN 175.08176 -114.16661 -7.96093 276.83359 -182.51616 -39.18755 NaN NaN NaN 9.26673 -170.61719 22.48656 -34.07796 -173.11214 -100.33366
36539 0.56219 NaN NaN NaN 175.49348 -114.41858 -7.49413 277.02859 -182.63750 -39.55529 NaN NaN NaN 8.83749 -171.15811 22.55983 -34.26661 -173.30771 -100.36578
36540 0.57052 NaN NaN NaN 175.85735 -114.69743 -7.03628 277.23892 -182.74788 -39.92479 NaN NaN NaN 8.43207 -171.64943 22.62351 -34.46260 -173.61073 -100.27225
36541 0.57885 NaN NaN NaN 176.21646 -114.92268 -6.61707 277.46625 -182.86790 -40.29456 NaN NaN NaN 8.05865 -172.14346 22.65364 -34.63407 -174.01003 -100.27078
36542 0.58718 NaN NaN NaN 176.58020 -115.12843 -6.20559 277.64636 -182.95871 -40.59289 NaN NaN NaN 7.71613 -172.54808 22.71723 -34.82907 -174.36328 -100.19051
36543 0.59551 NaN NaN NaN 176.91966 -115.37725 -5.91741 277.83221 -183.03970 -40.98165 NaN NaN NaN 7.40208 -172.94040 22.80537 -34.95262 -174.74689 -100.20592
36544 0.60384 NaN NaN NaN 177.21588 -115.65852 -5.61133 278.00192 -183.16101 -41.32034 NaN NaN NaN 7.13766 -173.28581 22.87638 -35.08727 -175.11481 -100.16981
36545 0.61217 NaN NaN NaN 177.52272 -115.95774 -5.29135 278.20587 -183.25742 -41.76200 NaN NaN NaN 6.87527 -173.53938 22.94842 -35.20087 -175.39983 -100.10473
36546 0.62050 NaN NaN NaN 177.86475 -116.24113 -4.89583 278.40894 -183.37360 -42.12107 NaN NaN NaN 6.64681 -173.77829 23.00799 -35.25502 -175.70277 -100.14793
36547 0.62884 NaN NaN NaN 178.22031 -116.52495 -4.57454 278.61487 -183.49577 -42.53922 NaN NaN NaN 6.45677 -173.95625 23.06349 -35.31651 -175.89413 -100.14217
36548 0.63717 NaN NaN NaN 178.55696 -116.86745 -4.26203 278.82205 -183.61151 -42.93724 NaN NaN NaN 6.31506 -174.13437 23.10434 -35.24461 -176.02283 -100.20441
36549 0.64550 NaN NaN NaN 178.92830 -117.21801 -3.91526 279.02808 -183.74077 -43.35838 NaN NaN NaN 6.14480 -174.30852 23.12594 -35.12627 -176.07890 -100.25507
36550 0.65383 NaN NaN NaN 179.30382 -117.51121 -3.61752 279.23621 -183.88538 -43.72384 NaN NaN NaN 5.91337 -174.53076 23.13064 -34.95461 -176.06970 -100.35291
36551 0.66216 NaN NaN NaN 179.66614 -117.83100 -3.34145 279.45670 -184.00909 -44.06195 NaN NaN NaN 5.64862 -174.76935 23.14239 -34.77872 -175.97711 -100.51189
36552 0.67049 NaN NaN NaN 179.97267 -118.13923 -3.07795 279.69116 -184.10483 -44.39933 NaN NaN NaN 5.38169 -175.03699 23.15046 -34.56322 -175.83186 -100.69084
36553 0.67882 NaN NaN NaN 180.29355 -118.46906 -2.80680 279.92499 -184.19321 -44.73974 NaN NaN NaN 5.10404 -175.21338 23.14244 -34.39402 -175.61095 -100.84547
36554 0.68716 NaN NaN NaN 180.59991 -118.75916 -2.54994 280.14966 -184.28557 -45.07532 NaN NaN NaN 4.84407 -175.38315 23.11373 -34.17229 -175.40053 -101.03182
36555 0.69549 NaN NaN NaN 180.95364 -118.97112 -2.31175 280.33496 -184.37724 -45.36283 NaN NaN NaN 4.60990 -175.51567 23.11971 -33.96341 -175.19063 -101.19711
36556 0.70382 NaN NaN NaN 181.29904 -119.22612 -2.03997 280.51273 -184.45137 -45.58352 NaN NaN NaN 4.32459 -175.59602 23.09045 -33.76051 -175.05273 -101.32440
36557 0.71215 NaN NaN NaN 181.61963 -119.45789 -1.78588 280.70505 -184.54443 -45.87312 NaN NaN NaN 4.04189 -175.68573 23.06341 -33.58743 -174.83516 -101.44878
36558 0.72048 NaN NaN NaN 181.88995 -119.75428 -1.54346 280.90674 -184.66786 -46.16792 NaN NaN NaN 3.78881 -175.77037 23.07219 -33.37920 -174.66325 -101.62207
36559 0.72881 NaN NaN NaN 182.20158 -120.01455 -1.29786 281.05014 -184.77148 -46.41164 NaN NaN NaN 3.53482 -175.80452 23.08742 -33.21124 -174.50919 -101.75233
36560 0.73714 NaN NaN NaN 182.48444 -120.24866 -1.02791 281.17093 -184.85135 -46.69380 NaN NaN NaN 3.32888 -175.86879 23.10078 -33.05117 -174.39374 -101.81859
36561 0.74547 NaN NaN NaN 182.78908 -120.39220 -0.77236 281.32101 -184.88608 -46.94630 NaN NaN NaN 3.11615 -175.91702 23.12195 -32.91917 -174.17780 -101.88936
36562 0.75381 NaN NaN NaN 183.07999 -120.55939 -0.57602 281.44519 -184.98657 -47.20439 NaN NaN NaN 2.88170 -175.97572 23.11904 -32.73289 -174.02058 -101.98237
36563 0.76214 NaN NaN NaN 183.34401 -120.74847 -0.35232 281.54440 -185.07681 -47.46319 NaN NaN NaN 2.64222 -176.04556 23.10630 -32.55784 -173.90100 -102.08640
36564 0.77047 NaN NaN NaN 183.62543 -120.94768 -0.06036 281.63474 -185.15881 -47.77965 NaN NaN NaN 2.36253 -176.16788 23.06850 -32.35273 -173.76627 -102.17508
36565 0.77880 NaN NaN NaN 183.90942 -121.16109 0.25820 281.71783 -185.26416 -48.01244 NaN NaN NaN 2.13530 -176.23309 23.07065 -32.22069 -173.68962 -102.28957
36566 0.78713 NaN NaN NaN 184.23792 -121.35295 0.58164 281.82919 -185.34283 -48.32416 NaN NaN NaN 1.95802 -176.30867 23.06456 -32.09127 -173.59682 -102.39172
36567 0.79546 NaN NaN NaN 184.53278 -121.59541 0.90289 281.89465 -185.36331 -48.63273 NaN NaN NaN 1.80948 -176.28310 23.07238 -31.98086 -173.53111 -102.47961
36568 0.80379 NaN NaN NaN 184.84686 -121.82214 1.29731 281.96951 -185.41922 -48.90680 NaN NaN NaN 1.69540 -176.22202 23.11332 -31.87843 -173.44537 -102.56690
36569 0.81212 NaN NaN NaN 185.13802 -121.99257 1.60892 282.03687 -185.49745 -49.15327 NaN NaN NaN 1.61489 -176.15933 23.16079 -31.79158 -173.41832 -102.61574
36570 0.82046 NaN NaN NaN 185.41869 -122.21973 1.90044 282.10080 -185.60645 -49.40080 NaN NaN NaN 1.52899 -176.12241 23.20124 -31.63019 -173.39810 -102.55814
36571 0.82879 NaN NaN NaN 185.70067 -122.49422 2.25009 282.16391 -185.67117 -49.67568 NaN NaN NaN 1.49054 -176.05768 23.24447 -31.54099 -173.46471 -102.56809
36572 0.83712 NaN NaN NaN 185.96255 -122.74216 2.62060 282.24542 -185.76344 -49.89223 NaN NaN NaN 1.46958 -176.03363 23.35545 -31.46319 -173.49667 -102.51043
36573 0.84545 NaN NaN NaN 186.26009 -123.07355 2.96785 282.34442 -185.86531 -50.25974 NaN NaN NaN 1.42872 -175.94963 23.42152 -31.42248 -173.49936 -102.49577
36574 0.85378 NaN NaN NaN 186.57082 -123.35105 3.31460 282.45547 -185.95055 -50.53001 NaN NaN NaN 1.38618 -175.89079 23.46951 -31.37961 -173.52267 -102.45297
36575 0.86211 NaN NaN NaN 186.85696 -123.69547 3.64659 282.51395 -185.99736 -50.81778 NaN NaN NaN 1.37117 -175.83421 23.51226 -31.34627 -173.52711 -102.40208
36576 0.87044 NaN NaN NaN 187.09386 -124.03027 3.97106 282.58496 -186.07867 -51.12766 NaN NaN NaN 1.41344 -175.79773 23.53105 -31.26401 -173.52873 -102.36876
36577 0.87878 NaN NaN NaN 187.29303 -124.38483 4.28221 282.63535 -186.18127 -51.38664 NaN NaN NaN 1.44185 -175.72896 23.53642 -31.21923 -173.62857 -102.37492
36578 0.88711 NaN NaN NaN 187.50722 -124.68513 4.54289 282.70248 -186.27620 -51.52774 NaN NaN NaN 1.50887 -175.65939 23.54530 -31.11748 -173.69855 -102.35777
36579 0.89544 NaN NaN NaN 187.63480 -124.94967 4.74424 282.73132 -186.37337 -51.68239 NaN NaN NaN 1.58140 -175.58063 23.54008 -31.03187 -173.78551 -102.35474
36580 0.90377 NaN NaN NaN 187.72261 -125.16446 4.91361 282.78894 -186.46199 -51.85657 NaN NaN NaN 1.72856 -175.48691 23.52694 -30.96924 -173.83434 -102.35158
36581 0.91210 NaN NaN NaN 187.84384 -125.32041 5.09832 282.81219 -186.49762 -52.00404 NaN NaN NaN 1.92041 -175.34103 23.49249 -30.88099 -173.84412 -102.37219
36582 0.92043 NaN NaN NaN 187.91946 -125.47736 5.27454 282.84283 -186.54858 -52.09793 NaN NaN NaN 2.10751 -175.18332 23.45954 -30.77042 -173.79396 -102.36893
36583 0.92876 NaN NaN NaN 187.95529 -125.68484 5.43584 282.85565 -186.57643 -52.16782 NaN NaN NaN 2.30129 -174.98605 23.42922 -30.70254 -173.75919 -102.39983
36584 0.93709 NaN NaN NaN 188.03566 -125.86015 5.57782 282.87772 -186.60530 -52.22947 NaN NaN NaN 2.52533 -174.79539 23.43341 -30.64856 -173.72536 -102.38463
36585 0.94543 NaN NaN NaN 188.13098 -125.99581 5.67076 282.89938 -186.59726 -52.32952 NaN NaN NaN 2.76769 -174.59254 23.44506 -30.58836 -173.74156 -102.31695
36586 0.95376 NaN NaN NaN 188.20694 -126.13788 5.75005 282.93961 -186.62723 -52.42273 NaN NaN NaN 3.00391 -174.38466 23.50344 -30.58204 -173.78549 -102.15762
36587 0.96209 NaN NaN NaN 188.29579 -126.29719 5.87518 282.97821 -186.67145 -52.53915 NaN NaN NaN 3.21372 -174.17453 23.54431 -30.59532 -173.92337 -102.05023
36588 0.97042 NaN NaN NaN 188.40019 -126.44944 5.97668 283.03580 -186.71405 -52.68040 NaN NaN NaN 3.34514 -173.93517 23.62781 -30.63107 -174.07564 -101.89175
36589 0.97875 NaN NaN NaN 188.47746 -126.64871 6.09760 283.07571 -186.74609 -52.78393 NaN NaN NaN 3.45466 -173.72731 23.70793 -30.65606 -174.20920 -101.75503
36590 0.98708 NaN NaN NaN 188.54971 -126.84225 6.18562 283.12198 -186.80162 -52.85999 NaN NaN NaN 3.54337 -173.58545 23.78217 -30.68148 -174.30830 -101.64659
36591 0.99541 NaN NaN NaN 188.60893 -126.99785 6.23430 283.16345 -186.84793 -52.92133 NaN NaN NaN 3.60789 -173.47340 23.86609 -30.75700 -174.36005 -101.51734
36592 1.00374 NaN NaN NaN 188.64114 -127.09380 6.28508 283.19385 -186.89104 -52.99240 NaN NaN NaN 3.66430 -173.31606 23.93605 -30.76090 -174.39236 -101.49987
36593 1.01208 NaN NaN NaN 188.68964 -127.17442 6.35907 283.19489 -186.91818 -53.05386 NaN NaN NaN 3.72833 -173.15292 24.01245 -30.78260 -174.37802 -101.43961
36594 1.02041 NaN NaN NaN 188.73000 -127.24265 6.44398 283.20114 -186.92940 -53.08515 NaN NaN NaN 3.79412 -172.96037 24.10346 -30.79912 -174.41653 -101.33270
36595 1.02874 NaN NaN NaN 188.80093 -127.33644 6.57907 283.21326 -186.92378 -53.13331 NaN NaN NaN 3.85646 -172.77208 24.21313 -30.77429 -174.43372 -101.21645
36596 1.03707 NaN NaN NaN 188.86710 -127.48141 6.73041 283.23270 -186.92654 -53.21189 NaN NaN NaN 3.91466 -172.53961 24.33546 -30.75211 -174.47235 -101.09010
36597 1.04540 NaN NaN NaN 188.99060 -127.62252 6.90131 283.26978 -186.92776 -53.31666 NaN NaN NaN 3.95910 -172.31189 24.47078 -30.73330 -174.51689 -100.90723
36598 1.05373 NaN NaN NaN 189.12120 -127.75313 7.05178 283.28098 -186.89990 -53.43839 NaN NaN NaN 3.99129 -172.05678 24.56647 -30.76465 -174.55292 -100.77717
36599 1.06206 NaN NaN NaN 189.27063 -127.90727 7.19110 283.31839 -186.88922 -53.57640 NaN NaN NaN 4.02501 -171.82521 24.73560 -30.78119 -174.54552 -100.58150
36600 1.07039 NaN NaN NaN 189.42441 -128.09866 7.32358 283.38669 -186.93735 -53.71737 NaN NaN NaN 4.03340 -171.58879 24.94341 -30.82260 -174.56320 -100.41071
36601 1.07873 NaN NaN NaN 189.56433 -128.25685 7.45112 283.44223 -186.98503 -53.81335 NaN NaN NaN 4.06090 -171.37306 25.10780 -30.84111 -174.59747 -100.22784
36602 1.08706 NaN NaN NaN 189.74872 -128.54370 7.63136 283.52527 -186.95221 -53.98016 NaN NaN NaN 4.07939 -171.12488 25.27094 -30.88865 -174.64081 -100.01328
36603 1.09539 NaN NaN NaN 189.92117 -128.75908 7.85764 283.56100 -186.91225 -54.15988 NaN NaN NaN 4.08080 -170.90057 25.42281 -30.96387 -174.69624 -99.80055
36604 1.10372 NaN NaN NaN 190.12888 -129.00172 8.09227 283.65970 -186.97336 -54.36237 NaN NaN NaN 4.11077 -170.68018 25.55227 -31.04497 -174.72992 -99.60201
36605 1.11205 NaN NaN NaN 190.36891 -129.17421 8.31471 283.71542 -186.99084 -54.54212 NaN NaN NaN 4.24773 -170.39799 25.71058 -31.12340 -174.79747 -99.45153
36606 1.12038 NaN NaN NaN 190.62279 -129.27141 8.57866 283.76855 -186.92017 -54.68055 NaN NaN NaN 4.44011 -170.13130 25.79851 -31.26503 -174.88663 -99.32747
36607 1.12871 NaN NaN NaN 190.88414 -129.31425 8.80841 283.78613 -186.84407 -54.79898 NaN NaN NaN 4.47879 -169.98781 25.82217 -31.47995 -174.95393 -99.26991
36608 1.13705 NaN NaN NaN 191.11243 -129.32028 9.00632 283.83673 -186.78592 -54.84480 NaN NaN NaN 4.23880 -170.13942 25.83849 -31.57295 -174.94167 -99.26441
36609 1.14538 NaN NaN NaN 191.25854 -129.28668 9.16222 283.89484 -186.68088 -54.92043 NaN NaN NaN 3.83656 -170.51402 25.87240 -31.71862 -174.93674 -99.26770
36610 1.15371 NaN NaN NaN 191.37482 -129.26572 9.31354 283.94040 -186.64622 -54.95817 NaN NaN NaN 3.39508 -171.00523 25.94032 -32.05088 -175.08809 -99.24380
36611 1.16204 NaN NaN NaN 191.43170 -129.30151 9.38378 283.99542 -186.64893 -54.94686 NaN NaN NaN 2.97916 -171.48421 26.06881 -32.60470 -175.43332 -99.12085
36612 1.17037 NaN NaN NaN 191.49069 -129.40736 9.46172 284.03543 -186.67322 -54.91666 NaN NaN NaN 2.60535 -171.79240 26.24009 -33.24685 -175.98112 -98.89468
36613 1.17870 NaN NaN NaN 191.56123 -129.50731 9.53722 284.04520 -186.69650 -54.92888 NaN NaN NaN 2.27926 -172.00414 26.40877 -33.99926 -176.76089 -98.60440
36614 1.18703 NaN NaN NaN 191.64015 -129.64191 9.63487 284.08170 -186.74171 -54.96161 NaN NaN NaN 1.91359 -172.18117 26.57746 -34.76787 -177.57735 -98.25438
36615 1.19536 NaN NaN NaN 191.67760 -129.77403 9.71658 284.10028 -186.74004 -55.02928 NaN NaN NaN 1.49362 -172.44473 26.71358 -35.44175 -178.30182 -97.97369
36616 1.20370 NaN NaN NaN 191.67415 -129.89241 9.77993 284.12225 -186.73282 -55.09424 NaN NaN NaN 0.95664 -172.83978 26.88194 -35.96912 -178.83115 -97.78012
36617 1.21203 NaN NaN NaN 191.58838 -129.98868 9.78507 284.09784 -186.70416 -55.11964 NaN NaN NaN 0.38974 -173.31248 27.05260 -36.40419 -179.18245 -97.67579
36618 1.22036 NaN NaN NaN 191.46756 -130.03082 9.73657 284.05026 -186.67276 -55.05048 NaN NaN NaN -0.16624 -173.78580 27.19691 -36.76592 -179.43523 -97.61701
36619 1.22869 NaN NaN NaN 191.24106 -129.95105 9.56552 283.97369 -186.61647 -54.97739 NaN NaN NaN -0.67733 -174.22928 27.34834 -37.07436 -179.68872 -97.61619
36620 1.23702 NaN NaN NaN 190.97681 -129.76559 9.34811 283.90671 -186.60022 -54.87827 NaN NaN NaN -1.21612 -174.56915 27.47207 -37.31929 -179.81195 -97.54771
36621 1.24535 NaN NaN NaN 190.75653 -129.52473 9.04568 283.79990 -186.66853 -54.68034 NaN NaN NaN -1.77105 -174.88327 27.60930 -37.47382 -179.88647 -97.53825
36622 1.25368 NaN NaN NaN 190.43953 -129.31233 8.75380 283.75290 -186.66628 -54.54024 NaN NaN NaN -2.31194 -175.17310 27.76074 -37.60257 -179.87656 -97.50586
36623 1.26201 NaN NaN NaN 190.13091 -129.08975 8.40874 283.71762 -186.49510 -54.40774 NaN NaN NaN -2.77315 -175.44400 27.93463 -37.72752 -179.90376 -97.48157
36624 1.27035 NaN NaN NaN 189.81500 -128.93944 8.15577 283.65704 -186.43466 -54.23159 NaN NaN NaN -3.13509 -175.56763 28.07703 -37.89993 -179.92732 -97.39222
36625 1.27868 NaN NaN NaN 189.57401 -128.81381 7.90085 283.59796 -186.35529 -54.07990 NaN NaN NaN -3.42965 -175.60225 28.19642 -38.01912 -179.99905 -97.26475
36626 1.28701 NaN NaN NaN 189.39621 -128.70416 7.66982 283.56317 -186.33191 -53.92673 NaN NaN NaN -3.66664 -175.56177 28.28827 -38.19505 -180.07449 -97.06316
36627 1.29534 NaN NaN NaN 189.22322 -128.55159 7.46933 283.55255 -186.27379 -53.82386 NaN NaN NaN -3.85180 -175.46986 28.39295 -38.30413 -180.21806 -96.96745
36628 1.30367 NaN NaN NaN 189.07771 -128.44389 7.35203 283.55225 -186.27347 -53.72293 NaN NaN NaN -4.03229 -175.38197 28.47411 -38.35165 -180.27245 -96.88873
36629 1.31200 NaN NaN NaN 189.00386 -128.30760 7.26784 283.56244 -186.25571 -53.64776 NaN NaN NaN -4.25118 -175.34352 28.54206 -38.29852 -180.10281 -96.98475
36630 1.32033 NaN NaN NaN 188.93724 -128.19470 7.20694 283.58243 -186.18155 -53.57178 NaN NaN NaN -4.47081 -175.31987 28.57590 -38.19445 -179.76785 -97.14664
36631 1.32867 NaN NaN NaN 188.89320 -128.14224 7.11615 283.59076 -186.17729 -53.49044 NaN NaN NaN -4.70786 -175.37984 28.57623 -38.06755 -179.36461 -97.28062
36632 1.33700 NaN NaN NaN 188.82803 -128.11464 7.02589 283.62943 -186.09900 -53.41027 NaN NaN NaN -4.99502 -175.46106 28.58037 -37.93926 -179.00116 -97.40128
36633 1.34533 NaN NaN NaN 188.68135 -128.04091 6.91486 283.63074 -186.03261 -53.28542 NaN NaN NaN -5.31017 -175.56175 28.57134 -37.84716 -178.76370 -97.51687
36634 1.35366 NaN NaN NaN 188.49542 -127.94399 6.73387 283.62152 -185.96294 -53.11374 NaN NaN NaN -5.68406 -175.75644 28.54060 -37.73371 -178.56264 -97.66418
36635 1.36199 NaN NaN NaN 188.27844 -127.70106 6.44712 283.58008 -185.85455 -52.93730 NaN NaN NaN -6.09007 -176.00935 28.49662 -37.63765 -178.39264 -97.79368
36636 1.37032 NaN NaN NaN 187.96678 -127.46652 6.13076 283.57202 -185.74962 -52.63404 NaN NaN NaN -6.53405 -176.32349 28.46514 -37.54745 -178.22298 -97.93740
36637 1.37865 NaN NaN NaN 187.61452 -127.16421 5.73065 283.56079 -185.66356 -52.34006 NaN NaN NaN -6.95537 -176.66676 28.48586 -37.50396 -178.08034 -98.07356
36638 1.38698 NaN NaN NaN 187.19688 -126.85666 5.23890 283.50650 -185.54315 -52.02373 NaN NaN NaN -7.36404 -176.99544 28.50920 -37.52848 -178.01407 -98.18642
36639 1.39532 NaN NaN NaN 186.79501 -126.56537 4.78450 283.46555 -185.50195 -51.66467 NaN NaN NaN -7.75188 -177.23573 28.54196 -37.56566 -178.00848 -98.29114
36640 1.40365 NaN NaN NaN 186.34839 -126.38081 4.32994 283.41235 -185.39940 -51.38103 NaN NaN NaN -8.09620 -177.44424 28.57870 -37.67600 -178.04988 -98.25900
36641 1.41198 NaN NaN NaN 185.94536 -126.13358 3.82006 283.34802 -185.31772 -50.99831 NaN NaN NaN -8.42164 -177.61473 28.60837 -37.76746 -178.15482 -98.25758
36642 1.42031 NaN NaN NaN 185.56589 -125.89986 3.36206 283.27359 -185.23985 -50.67072 NaN NaN NaN -8.73755 -177.83316 28.65196 -37.89514 -178.22139 -98.23795
36643 1.42864 NaN NaN NaN 185.10936 -125.59240 2.85536 283.19473 -185.13971 -50.35547 NaN NaN NaN -9.12881 -178.11163 28.68595 -37.95958 -178.30971 -98.31388
36644 1.43697 NaN NaN NaN 184.62888 -125.23150 2.27575 283.09692 -184.99744 -49.90345 NaN NaN NaN -9.49014 -178.43423 28.71163 -37.98596 -178.30258 -98.34187
36645 1.44530 NaN NaN NaN 184.11575 -124.82550 1.67470 282.94937 -184.87207 -49.47258 NaN NaN NaN -9.88965 -178.73521 28.73411 -37.98314 -178.27084 -98.42825
36646 1.45363 NaN NaN NaN 183.49896 -124.37347 0.95529 282.79730 -184.73491 -48.94027 NaN NaN NaN -10.26704 -179.00647 28.75645 -37.98815 -178.20943 -98.49904
36647 1.46197 NaN NaN NaN 182.84862 -123.84702 0.11056 282.61145 -184.53320 -48.29078 NaN NaN NaN -10.59525 -179.27318 28.78616 -37.99123 -178.20522 -98.55338
36648 1.47030 NaN NaN NaN 182.06363 -123.23096 -0.77177 282.40253 -184.31398 -47.55814 NaN NaN NaN -10.86439 -179.45625 28.83047 -38.04831 -178.27682 -98.53014
36649 1.47863 NaN NaN NaN 181.19208 -122.45760 -1.81482 282.14319 -184.00218 -46.69010 NaN NaN NaN -11.06172 -179.59073 28.86631 -38.21160 -178.46042 -98.40953
36650 1.48696 NaN NaN NaN 180.25919 -121.67448 -2.95621 281.79788 -183.69498 -45.77162 NaN NaN NaN -11.19595 -179.68590 28.89882 -38.43999 -178.76457 -98.30939
36651 1.49529 NaN NaN NaN 179.28267 -120.85456 -4.10398 281.39960 -183.30438 -44.86394 NaN NaN NaN -11.34830 -179.80489 28.90817 -38.67249 -178.93881 -98.32484
36652 1.50362 NaN NaN NaN 178.26601 -120.04398 -5.29216 280.96683 -182.87209 -43.92975 NaN NaN NaN -11.50846 -179.89955 28.89335 -38.83026 -178.89713 -98.33984
36653 1.51195 NaN NaN NaN 177.28600 -119.21295 -6.45263 280.51178 -182.48270 -42.99031 NaN NaN NaN -11.72004 -180.06628 28.86789 -39.10134 -178.84068 -98.31635
36654 1.52029 NaN NaN NaN 176.32687 -118.46364 -7.69138 280.06952 -182.07884 -42.09270 NaN NaN NaN -11.98477 -180.30777 28.88012 -39.39862 -178.91177 -98.36599
36655 1.52862 NaN NaN NaN 175.39844 -117.77455 -8.98247 279.69888 -181.68407 -41.13508 NaN NaN NaN -12.35376 -180.58946 28.85152 -39.68039 -179.04459 -98.43102
36656 1.53695 NaN NaN NaN 174.55751 -117.12296 -10.11187 279.29892 -181.31488 -40.25345 NaN NaN NaN -12.82352 -180.95622 28.84050 -39.90443 -179.21489 -98.52484
36657 1.54528 NaN NaN NaN 173.81679 -116.61123 -11.10287 278.91241 -181.03683 -39.49775 NaN NaN NaN -13.39857 -181.36578 28.83303 -40.00308 -179.32782 -98.62669
36658 1.55361 NaN NaN NaN 173.08383 -116.13847 -12.02611 278.53464 -180.70538 -38.83910 NaN NaN NaN -14.02919 -181.86852 28.84411 -40.04705 -179.38072 -98.73463
36659 1.56194 NaN NaN NaN 172.46255 -115.69068 -12.87605 278.19504 -180.38829 -38.17593 NaN NaN NaN -14.68486 -182.38229 28.85472 -40.09261 -179.38037 -98.88483
36660 1.57027 NaN NaN NaN 171.86902 -115.35573 -13.61677 277.85852 -180.10484 -37.56316 NaN NaN NaN -15.29560 -182.85460 28.84861 -40.10869 -179.34239 -98.99734
36661 1.57860 NaN NaN NaN 171.36736 -115.03616 -14.27428 277.56577 -179.82309 -37.04205 NaN NaN NaN -15.89425 -183.29407 28.81566 -40.18451 -179.36801 -99.02213
36662 1.58694 NaN NaN NaN 170.90121 -114.76224 -14.86856 277.33701 -179.55487 -36.58740 NaN NaN NaN -16.42541 -183.69987 28.83658 -40.22906 -179.42097 -99.09149
36663 1.59527 NaN NaN NaN 170.50386 -114.56729 -15.29022 277.11957 -179.37820 -36.22329 NaN NaN NaN -16.98129 -184.04845 28.87279 -40.27332 -179.42645 -99.10565
36664 1.60360 NaN NaN NaN 170.17633 -114.39323 -15.64053 276.94501 -179.22302 -35.93961 NaN NaN NaN -17.52617 -184.36060 28.91456 -40.33609 -179.44638 -99.14099
36665 1.61193 NaN NaN NaN 169.86079 -114.31564 -16.00990 276.73688 -179.02353 -35.69172 NaN NaN NaN -18.03187 -184.63716 28.94004 -40.41619 -179.44101 -99.20848
36666 1.62026 NaN NaN NaN 169.61357 -114.17840 -16.32220 276.54547 -178.87257 -35.44844 NaN NaN NaN -18.47772 -184.88129 28.96796 -40.50510 -179.48027 -99.25980
36667 1.62859 NaN NaN NaN 169.33064 -114.00565 -16.58302 276.38220 -178.70103 -35.21098 NaN NaN NaN -18.93232 -185.10715 29.02222 -40.62875 -179.44464 -99.24536
36668 1.63692 NaN NaN NaN 169.08151 -113.86267 -16.84003 276.26044 -178.54681 -35.06718 NaN NaN NaN -19.35427 -185.32018 29.07873 -40.79892 -179.47440 -99.19021
36669 1.64525 NaN NaN NaN 168.84012 -113.82883 -17.07286 276.16177 -178.41338 -34.93417 NaN NaN NaN -19.78333 -185.50418 29.10075 -40.96691 -179.55038 -99.18400
36670 1.65359 NaN NaN NaN 168.70528 -113.76311 -17.15493 276.12408 -178.28496 -34.79050 NaN NaN NaN -20.23891 -185.68449 29.09215 -41.09067 -179.65239 -99.25732
36671 1.66192 NaN NaN NaN 168.60484 -113.81556 -17.18783 276.13712 -178.20096 -34.65139 NaN NaN NaN -20.74198 -185.94907 29.06976 -41.15688 -179.65329 -99.31101
36672 1.67025 NaN NaN NaN 168.57843 -113.89838 -17.14601 276.17099 -178.14240 -34.56358 NaN NaN NaN -21.26301 -186.19835 29.03741 -41.20090 -179.58635 -99.42176
36673 1.67858 NaN NaN NaN 168.60239 -114.03328 -17.07402 276.27829 -178.15099 -34.56298 NaN NaN NaN -21.81495 -186.52603 28.92176 -41.22148 -179.52298 -99.64933
36674 1.68691 NaN NaN NaN 168.65735 -114.19604 -16.98066 276.39648 -178.17270 -34.61192 NaN NaN NaN -22.35984 -186.83408 28.85237 -41.21949 -179.37128 -99.75357
36675 1.69524 NaN NaN NaN 168.75322 -114.36697 -16.84776 276.52261 -178.22081 -34.67520 NaN NaN NaN -22.90409 -187.13539 28.77434 -41.19902 -179.27347 -99.94398
36676 1.70357 NaN NaN NaN 168.88298 -114.57342 -16.63017 276.70041 -178.24696 -34.79206 NaN NaN NaN -23.44446 -187.43916 28.64525 -41.19174 -179.19469 -100.13763
36677 1.71190 NaN NaN NaN 169.00470 -114.82494 -16.42586 276.85123 -178.30646 -34.94678 NaN NaN NaN -23.98812 -187.71681 28.47599 -41.15891 -179.10449 -100.31509
36678 1.72024 NaN NaN NaN 169.13371 -115.05976 -16.24925 277.02164 -178.38295 -35.05855 NaN NaN NaN -24.54125 -188.06926 28.31398 -41.09972 -178.97580 -100.44157
36679 1.72857 NaN NaN NaN 169.25125 -115.25448 -16.10357 277.12943 -178.44431 -35.15612 NaN NaN NaN -25.07270 -188.39534 28.18004 -41.01210 -178.93178 -100.60921
36680 1.73690 NaN NaN NaN 169.33968 -115.36928 -16.01954 277.21735 -178.45639 -35.19830 NaN NaN NaN -25.55072 -188.73987 28.07741 -40.87031 -178.72029 -100.69490
36681 1.74523 NaN NaN NaN 169.39609 -115.40365 -15.96890 277.27789 -178.48051 -35.22515 NaN NaN NaN -25.99736 -189.04884 28.00943 -40.74341 -178.62639 -100.86464
36682 1.75356 NaN NaN NaN 169.43500 -115.40016 -15.92956 277.28424 -178.47688 -35.21391 NaN NaN NaN -26.32740 -189.28656 27.89524 -40.62286 -178.52142 -101.00621
36683 1.76189 NaN NaN NaN 169.42769 -115.36697 -15.96708 277.28381 -178.46126 -35.20983 NaN NaN NaN -26.60103 -189.47356 27.83285 -40.55087 -178.54709 -101.14727
36684 1.77022 NaN NaN NaN 169.44583 -115.32076 -15.96925 277.25339 -178.42111 -35.17382 NaN NaN NaN -26.85565 -189.65552 27.73546 -40.43082 -178.51295 -101.20251
36685 1.77856 NaN NaN NaN 169.46606 -115.25906 -16.01052 277.23138 -178.41336 -35.16002 NaN NaN NaN -27.09380 -189.85423 27.59967 -40.27928 -178.53677 -101.34137
36686 1.78689 NaN NaN NaN 169.47137 -115.17272 -16.07056 277.21790 -178.41306 -35.10565 NaN NaN NaN -27.29847 -190.04674 27.47447 -40.19127 -178.54951 -101.48087
36687 1.79522 NaN NaN NaN 169.47043 -115.00429 -16.11406 277.18198 -178.39075 -35.05609 NaN NaN NaN -27.46470 -190.20007 27.40570 -40.05451 -178.46840 -101.64287
36688 1.80355 NaN NaN NaN 169.46889 -114.96027 -16.12018 277.14972 -178.34564 -35.03099 NaN NaN NaN -27.59529 -190.32127 27.38044 -39.95913 -178.34822 -101.71651
36689 1.81188 NaN NaN NaN 169.50822 -114.94168 -16.13399 277.12265 -178.31511 -35.03249 NaN NaN NaN -27.74795 -190.44290 27.37324 -39.90044 -178.34129 -101.77094
36690 1.82021 NaN NaN NaN 169.47289 -114.83530 -16.17037 277.14706 -178.30785 -35.04643 NaN NaN NaN -27.87940 -190.55385 27.34830 -39.88084 -178.38545 -101.80167
36691 1.82854 NaN NaN NaN 169.44987 -114.76694 -16.19730 277.15961 -178.31482 -35.06561 NaN NaN NaN -28.00394 -190.64540 27.32489 -39.90469 -178.50243 -101.79520
36692 1.83687 NaN NaN NaN 169.50905 -114.76736 -16.10583 277.19913 -178.33691 -35.11884 NaN NaN NaN -28.16572 -190.79456 27.30775 -39.94825 -178.60556 -101.78870
36693 1.84521 NaN NaN NaN 169.53935 -114.81484 -16.00196 277.21817 -178.36134 -35.21801 NaN NaN NaN -28.36161 -190.92299 27.31995 -40.01133 -178.67470 -101.75247
36694 1.85354 NaN NaN NaN 169.64117 -114.89327 -15.88504 277.26843 -178.38542 -35.31679 NaN NaN NaN -28.54228 -191.07095 27.37025 -40.10030 -178.80196 -101.76103
36695 1.86187 NaN NaN NaN 169.79010 -114.98429 -15.76501 277.34650 -178.40771 -35.46870 NaN NaN NaN -28.79958 -191.22911 27.42435 -40.22961 -178.92712 -101.75757
36696 1.87020 NaN NaN NaN 169.93056 -115.06721 -15.63463 277.44913 -178.44307 -35.60976 NaN NaN NaN -29.06203 -191.38979 27.48133 -40.36322 -179.06129 -101.70612
36697 1.87853 NaN NaN NaN 170.08505 -115.11489 -15.45860 277.58597 -178.50351 -35.77814 NaN NaN NaN -29.26944 -191.53069 27.58189 -40.52090 -179.20692 -101.61237
36698 1.88686 NaN NaN NaN 170.21788 -115.21912 -15.26295 277.70663 -178.59315 -35.93362 NaN NaN NaN -29.42318 -191.63408 27.68891 -40.64933 -179.36800 -101.54324
36699 1.89519 NaN NaN NaN 170.35686 -115.33498 -15.11502 277.81851 -178.64146 -36.08685 NaN NaN NaN -29.53825 -191.63869 27.79867 -40.80376 -179.50835 -101.44561
36700 1.90352 NaN NaN NaN 170.51923 -115.44329 -14.97266 277.95166 -178.67897 -36.20235 NaN NaN NaN -29.64094 -191.67239 27.89537 -40.93184 -179.64246 -101.35780
36701 1.91186 NaN NaN NaN 170.69102 -115.52518 -14.83750 278.06250 -178.70549 -36.38223 NaN NaN NaN -29.72908 -191.68437 27.95187 -41.06591 -179.79050 -101.26276
36702 1.92019 NaN NaN NaN 170.85233 -115.57218 -14.74547 278.16476 -178.74068 -36.50973 NaN NaN NaN -29.81401 -191.69327 28.00286 -41.13240 -179.85741 -101.19313
36703 1.92852 NaN NaN NaN 170.96431 -115.59946 -14.66167 278.26044 -178.77307 -36.60986 NaN NaN NaN -29.89916 -191.64749 28.03158 -41.15248 -179.84471 -101.15141
36704 1.93685 NaN NaN NaN 171.06171 -115.59093 -14.60879 278.37485 -178.79793 -36.72228 NaN NaN NaN -29.93794 -191.63263 28.05605 -41.14864 -179.77312 -101.12466
36705 1.94518 NaN NaN NaN 171.15044 -115.56113 -14.57380 278.41531 -178.79739 -36.81416 NaN NaN NaN -29.93268 -191.57896 28.08925 -41.16875 -179.72661 -101.11391
36706 1.95351 NaN NaN NaN 171.21423 -115.50493 -14.56951 278.41727 -178.80530 -36.86264 NaN NaN NaN -29.90047 -191.53217 28.11956 -41.21878 -179.70247 -101.10216
36707 1.96184 NaN NaN NaN 171.24318 -115.47285 -14.55774 278.42770 -178.75702 -36.89855 NaN NaN NaN -29.86765 -191.48367 28.13547 -41.29100 -179.69971 -101.04247
36708 1.97018 NaN NaN NaN 171.25629 -115.40675 -14.57931 278.43369 -178.73138 -36.94656 NaN NaN NaN -29.81182 -191.41881 28.14211 -41.35708 -179.70111 -100.95387
36709 1.97851 NaN NaN NaN 171.28000 -115.30934 -14.59447 278.41824 -178.69183 -36.95284 NaN NaN NaN -29.73267 -191.34132 28.13247 -41.44489 -179.74585 -100.96746
36710 1.98684 NaN NaN NaN 171.26543 -115.22731 -14.64361 278.40225 -178.69025 -36.96518 NaN NaN NaN -29.65895 -191.27373 28.11069 -41.48520 -179.75784 -100.99476
36711 1.99517 NaN NaN NaN 171.26910 -115.15179 -14.70963 278.38843 -178.67599 -36.93718 NaN NaN NaN -29.57764 -191.19849 28.08615 -41.50631 -179.68709 -100.98593
36712 2.00350 NaN NaN NaN 171.25060 -115.08240 -14.75319 278.36862 -178.66446 -36.93001 NaN NaN NaN -29.51347 -191.14098 28.05511 -41.46381 -179.53612 -101.04198
36713 2.01183 NaN NaN NaN 171.22516 -115.02461 -14.78768 278.32413 -178.65990 -36.91622 NaN NaN NaN -29.42773 -191.09863 27.96432 -41.43918 -179.41748 -101.13238
36714 2.02016 NaN NaN NaN 171.22784 -115.00813 -14.82824 278.28256 -178.64404 -36.91877 NaN NaN NaN -29.32463 -191.06845 27.88829 -41.44306 -179.36606 -101.25812
36715 2.02849 NaN NaN NaN 171.20737 -114.97606 -14.86497 278.27048 -178.65228 -36.90983 NaN NaN NaN -29.25282 -191.01669 27.83272 -41.48153 -179.30704 -101.31349
36716 2.03683 NaN NaN NaN 171.18802 -114.94247 -14.86187 278.22760 -178.63782 -36.89581 NaN NaN NaN -29.14687 -190.95660 27.79377 -41.52011 -179.33043 -101.36298
36717 2.04516 NaN NaN NaN 171.17043 -114.95351 -14.86389 278.20776 -178.63736 -36.88612 NaN NaN NaN -28.97012 -190.89571 27.79205 -41.61132 -179.39687 -101.32936
36718 2.05349 NaN NaN NaN 171.17093 -114.96304 -14.83910 278.18665 -178.64154 -36.89610 NaN NaN NaN -28.70349 -190.74648 27.76982 -41.75125 -179.55960 -101.27142
36719 2.06182 NaN NaN NaN 171.17006 -114.98753 -14.79170 278.18536 -178.69484 -36.92315 NaN NaN NaN -28.42327 -190.61980 27.76649 -41.87164 -179.70740 -101.27171
36720 2.07015 NaN NaN NaN 171.17929 -115.03374 -14.74799 278.19421 -178.69563 -36.94230 NaN NaN NaN -28.09386 -190.43887 27.77722 -42.03328 -179.93784 -101.19920
36721 2.07848 NaN NaN NaN 171.20386 -115.05341 -14.68885 278.19434 -178.74573 -36.96545 NaN NaN NaN -27.67478 -190.20296 27.84785 -42.20129 -180.06956 -101.12172
36722 2.08681 NaN NaN NaN 171.21883 -115.17446 -14.57260 278.17590 -178.81694 -37.00868 NaN NaN NaN -27.08393 -189.92128 27.94940 -42.43556 -180.22433 -100.99698
36723 2.09514 NaN NaN NaN 171.23141 -115.24818 -14.46875 278.19302 -178.87671 -37.03754 NaN NaN NaN -26.43047 -189.59370 28.04582 -42.72308 -180.50760 -100.85178
36724 2.10348 NaN NaN NaN 171.22304 -115.33166 -14.41812 278.18240 -178.92287 -37.04779 NaN NaN NaN -25.61636 -189.19460 28.15291 -43.01418 -181.02716 -100.63344
36725 2.11181 NaN NaN NaN 171.20943 -115.38109 -14.39604 278.16037 -178.93907 -37.05817 NaN NaN NaN -24.66875 -188.66690 28.24622 -43.19830 -181.36436 -100.39986
36726 2.12014 NaN NaN NaN 171.19403 -115.42307 -14.39755 278.12866 -178.97519 -37.06282 NaN NaN NaN -23.54311 -188.01318 28.34338 -43.43890 -181.57007 -100.10925
36727 2.12847 NaN NaN NaN 171.17995 -115.44436 -14.39792 278.09485 -179.02443 -37.07104 NaN NaN NaN -22.30186 -187.25600 28.42292 -43.59948 -181.72562 -99.92047
36728 2.13680 NaN NaN NaN 171.18456 -115.45193 -14.40383 278.06610 -179.09760 -37.09610 NaN NaN NaN -21.09233 -186.52109 28.43114 -43.65245 -181.89934 -99.80598
36729 2.14513 NaN NaN NaN 171.18045 -115.45817 -14.41538 278.03055 -179.10837 -37.09424 NaN NaN NaN -19.95114 -185.86880 28.29853 -43.58417 -182.00024 -99.72204
36730 2.15346 NaN NaN NaN 171.18175 -115.44872 -14.43416 278.03165 -179.17038 -37.12317 NaN NaN NaN -18.92322 -185.35226 28.10585 -43.39130 -182.00058 -99.70958
36731 2.16180 NaN NaN NaN 171.18819 -115.42747 -14.45616 278.02881 -179.21758 -37.14650 NaN NaN NaN -18.06545 -185.01855 27.90846 -42.97229 -181.81055 -99.82966
36732 2.17013 NaN NaN NaN 171.22800 -115.40375 -14.48244 278.04953 -179.23965 -37.16197 NaN NaN NaN -17.37271 -184.79742 27.68063 -42.33396 -181.42415 -100.08271
36733 2.17846 NaN NaN NaN 171.25735 -115.37860 -14.49782 278.04617 -179.22818 -37.19751 NaN NaN NaN -16.67698 -184.63571 27.37995 -41.63612 -180.94931 -100.38386
36734 2.18679 NaN NaN NaN 171.28134 -115.36149 -14.49055 278.07877 -179.21556 -37.27393 NaN NaN NaN -15.91182 -184.42421 27.07046 -40.98100 -180.46434 -100.63974
36735 2.19512 NaN NaN NaN 171.33099 -115.35408 -14.46184 278.10345 -179.23830 -37.31211 NaN NaN NaN -15.03119 -184.06143 26.83208 -40.41449 -180.19630 -100.93718
36736 2.20345 NaN NaN NaN 171.38896 -115.37437 -14.44418 278.12143 -179.27354 -37.35979 NaN NaN NaN -14.02213 -183.58006 26.63964 -39.88959 -179.91492 -101.04812
36737 2.21178 NaN NaN NaN 171.43944 -115.39327 -14.39911 278.16098 -179.28517 -37.43250 NaN NaN NaN -12.96317 -183.09384 26.44914 -39.48169 -179.65691 -101.02750
36738 2.22011 NaN NaN NaN 171.47549 -115.41315 -14.38068 278.19919 -179.28862 -37.47157 NaN NaN NaN -11.81372 -182.51323 26.27776 -39.15755 -179.48857 -101.01011
36739 2.22845 NaN NaN NaN 171.53249 -115.42439 -14.37024 278.20358 -179.29224 -37.49598 NaN NaN NaN -10.53120 -181.81155 26.11963 -38.98246 -179.41800 -100.95953
36740 2.23678 NaN NaN NaN 171.54605 -115.42227 -14.35957 278.20990 -179.30598 -37.52704 NaN NaN NaN -9.10194 -180.96123 26.02250 -38.90818 -179.56795 -100.82377
36741 2.24511 NaN NaN NaN 171.55464 -115.40347 -14.36209 278.16595 -179.32074 -37.57493 NaN NaN NaN -7.59638 -180.02728 25.87082 -38.95491 -179.76823 -100.57435
36742 2.25344 NaN NaN NaN 171.54857 -115.34174 -14.38819 278.14639 -179.34152 -37.60067 NaN NaN NaN -6.00190 -178.96291 25.67871 -39.03073 -180.05615 -100.31834
36743 2.26177 NaN NaN NaN 171.55276 -115.26702 -14.44721 278.10309 -179.38670 -37.60192 NaN NaN NaN -4.40283 -177.90150 25.48174 -39.02748 -180.51682 -100.05592
36744 2.27010 NaN NaN NaN 171.52820 -115.07749 -14.54703 278.05103 -179.40350 -37.57051 NaN NaN NaN -2.98588 -176.99541 25.16783 -38.86893 -180.84254 -99.88922
36745 2.27843 NaN NaN NaN 171.51274 -115.00071 -14.65701 278.00336 -179.35715 -37.51003 NaN NaN NaN -1.88139 -176.41937 24.75982 -38.39108 -180.82881 -100.03687
36746 2.28676 NaN NaN NaN 171.48586 -114.86211 -14.79926 277.98444 -179.32753 -37.47184 NaN NaN NaN -1.21148 -176.24553 24.27978 -37.74525 -180.32230 -100.39268
36747 2.29510 NaN NaN NaN 171.55051 -114.72277 -14.84509 278.01532 -179.30351 -37.50228 NaN NaN NaN -0.88268 -176.39717 23.89650 -36.97231 -179.54436 -101.00954
36748 2.30343 NaN NaN NaN 171.68007 -114.81973 -14.72398 278.12531 -179.28642 -37.63775 NaN NaN NaN -0.75128 -176.68370 23.59752 -36.27366 -178.77515 -101.60149
36749 2.31176 NaN NaN NaN 171.86775 -115.00195 -14.48114 278.31042 -179.32539 -37.80940 NaN NaN NaN -0.71650 -176.93217 23.36752 -35.74411 -178.18825 -101.97295
36750 2.32009 NaN NaN NaN 172.09053 -115.21347 -14.21716 278.49506 -179.39020 -38.02407 NaN NaN NaN -0.68036 -177.05650 23.25931 -35.40479 -177.88661 -102.17565
36751 2.32842 NaN NaN NaN 172.33653 -115.41039 -13.92200 278.65897 -179.47014 -38.14075 NaN NaN NaN -0.61883 -177.05144 23.26966 -35.29379 -177.84099 -102.19422
36752 2.33675 NaN NaN NaN 172.51431 -115.49336 -13.69160 278.78946 -179.53151 -38.25032 NaN NaN NaN -0.53914 -176.92763 23.41551 -35.26955 -177.98753 -102.05092
36753 2.34508 NaN NaN NaN 172.61664 -115.64519 -13.45454 278.87238 -179.62946 -38.37299 NaN NaN NaN -0.49345 -176.81700 23.59327 -35.36405 -178.22462 -101.78719
36754 2.35341 NaN NaN NaN 172.67738 -115.74453 -13.34423 278.91342 -179.69424 -38.42329 NaN NaN NaN -0.46782 -176.69371 23.80467 -35.57677 -178.46690 -101.42924
36755 2.36175 NaN NaN NaN 172.68240 -115.79935 -13.30679 278.93671 -179.72971 -38.42974 NaN NaN NaN -0.46255 -176.55075 24.03931 -35.82635 -178.79352 -101.06849
36756 2.37008 NaN NaN NaN 172.64070 -115.83110 -13.35041 278.89975 -179.75890 -38.39890 NaN NaN NaN -0.45961 -176.37646 24.33562 -36.08368 -179.19017 -100.76833
36757 2.37841 NaN NaN NaN 172.55872 -115.79636 -13.40062 278.85486 -179.74870 -38.37922 NaN NaN NaN -0.54118 -176.22612 24.65686 -36.37699 -179.59290 -100.45811
36758 2.38674 NaN NaN NaN 172.46747 -115.77362 -13.44954 278.76196 -179.71730 -38.33315 NaN NaN NaN -0.70337 -176.08717 24.94558 -36.70367 -179.91064 -100.06460
36759 2.39507 NaN NaN NaN 172.34752 -115.70203 -13.57174 278.67932 -179.68446 -38.25806 NaN NaN NaN -0.96817 -175.96555 25.19061 -36.98903 -180.14488 -99.81502
36760 2.40340 NaN NaN NaN 172.23586 -115.63061 -13.65978 278.56818 -179.65918 -38.14217 NaN NaN NaN -1.23823 -175.91374 25.45996 -37.24298 -180.33559 -99.56841
36761 2.41173 NaN NaN NaN 172.13512 -115.57813 -13.71238 278.48026 -179.62094 -38.06821 NaN NaN NaN -1.54954 -175.88947 25.72874 -37.38546 -180.35344 -99.42548
36762 2.42007 NaN NaN NaN 172.03659 -115.53225 -13.75069 278.39307 -179.62437 -37.97763 NaN NaN NaN -1.92192 -175.87361 25.92524 -37.45281 -180.15703 -99.28653
36763 2.42840 NaN NaN NaN 171.97195 -115.53023 -13.76578 278.36179 -179.61578 -37.88410 NaN NaN NaN -2.32858 -175.89940 26.12539 -37.54706 -180.00392 -99.18211
36764 2.43673 NaN NaN NaN 171.95718 -115.53323 -13.73327 278.35394 -179.61964 -37.85091 NaN NaN NaN -2.76915 -175.89110 26.27073 -37.60860 -179.81311 -99.09320
36765 2.44506 NaN NaN NaN 171.97621 -115.54744 -13.70101 278.36526 -179.62169 -37.85661 NaN NaN NaN -3.30127 -175.95711 26.41609 -37.65002 -179.65422 -99.05110
36766 2.45339 NaN NaN NaN 171.98248 -115.60396 -13.65896 278.39548 -179.62367 -37.88728 NaN NaN NaN -3.91419 -176.11024 26.54859 -37.63554 -179.48155 -99.08913
36767 2.46172 NaN NaN NaN 172.03981 -115.61981 -13.63291 278.44598 -179.60243 -37.96635 NaN NaN NaN -4.59478 -176.27931 26.72074 -37.65466 -179.25169 -99.09567
36768 2.47005 NaN NaN NaN 172.10249 -115.63873 -13.52798 278.48318 -179.58319 -38.05769 NaN NaN NaN -5.25569 -176.49107 26.92087 -37.73199 -179.07825 -99.10158
36769 2.47838 NaN NaN NaN 172.18091 -115.68658 -13.42387 278.52371 -179.58719 -38.13550 NaN NaN NaN -5.96268 -176.67706 27.12823 -37.84462 -178.94025 -99.07825
36770 2.48672 NaN NaN NaN 172.25758 -115.75024 -13.31487 278.57413 -179.64543 -38.17193 NaN NaN NaN -6.66872 -176.86615 27.35256 -38.01759 -178.85951 -99.05161
36771 2.49505 NaN NaN NaN 172.31660 -115.80586 -13.23506 278.62119 -179.66426 -38.25190 NaN NaN NaN -7.44456 -177.08853 27.52183 -38.21358 -178.85121 -98.99617
36772 2.50338 NaN NaN NaN 172.36809 -115.83673 -13.19327 278.66455 -179.68671 -38.32651 NaN NaN NaN -8.26212 -177.31606 27.73729 -38.41518 -178.82817 -98.95834
36773 2.51171 NaN NaN NaN 172.42795 -115.87173 -13.13708 278.70508 -179.70554 -38.40695 NaN NaN NaN -9.13009 -177.58958 27.93763 -38.57697 -178.75648 -98.91570
36774 2.52004 NaN NaN NaN 172.46173 -115.85163 -13.06842 278.70972 -179.71410 -38.43974 NaN NaN NaN -10.04002 -177.90550 28.12195 -38.73710 -178.72031 -98.88402
36775 2.52837 NaN NaN NaN 172.50290 -115.90109 -13.00013 278.70941 -179.72485 -38.48681 NaN NaN NaN -11.00689 -178.33659 28.30690 -38.91498 -178.68556 -98.88624
36776 2.53670 NaN NaN NaN 172.52232 -115.94952 -12.92937 278.70743 -179.69922 -38.52415 NaN NaN NaN -12.01594 -178.77179 28.46582 -39.06556 -178.60095 -98.90873
36777 2.54503 NaN NaN NaN 172.57512 -115.94247 -12.85769 278.71136 -179.72067 -38.57064 NaN NaN NaN -13.08336 -179.30951 28.58011 -39.15197 -178.52960 -98.96551
36778 2.55337 NaN NaN NaN 172.61731 -115.97862 -12.80882 278.73065 -179.72501 -38.61656 NaN NaN NaN -14.19049 -179.85773 28.70118 -39.21381 -178.41432 -99.04659
36779 2.56170 NaN NaN NaN 172.65628 -115.98682 -12.74244 278.72403 -179.77332 -38.64604 NaN NaN NaN -15.26589 -180.43507 28.80930 -39.26624 -178.32581 -99.11888
36780 2.57003 NaN NaN NaN 172.69031 -116.03297 -12.68059 278.72729 -179.79848 -38.69137 NaN NaN NaN -16.32842 -180.99361 28.93409 -39.30468 -178.25465 -99.17976
36781 2.57836 NaN NaN NaN 172.74445 -116.09022 -12.58270 278.74838 -179.87747 -38.76571 NaN NaN NaN -17.35938 -181.53555 29.01535 -39.33566 -178.19719 -99.23248
36782 2.58669 NaN NaN NaN 172.77275 -116.16235 -12.46409 278.77249 -179.93456 -38.81817 NaN NaN NaN -18.35864 -182.08572 29.10890 -39.40780 -178.18684 -99.29843
36783 2.59502 NaN NaN NaN 172.81429 -116.25130 -12.37392 278.79599 -180.00914 -38.83509 NaN NaN NaN -19.34930 -182.59668 29.20249 -39.45642 -178.16106 -99.34778
36784 2.60335 NaN NaN NaN 172.85602 -116.27490 -12.31471 278.79279 -180.05116 -38.85208 NaN NaN NaN -20.25868 -183.10124 29.27350 -39.50782 -178.17593 -99.38208
36785 2.61169 NaN NaN NaN 172.87796 -116.28616 -12.26527 278.78336 -180.10712 -38.86995 NaN NaN NaN -21.20034 -183.64305 29.27562 -39.54948 -178.20793 -99.48863
36786 2.62002 NaN NaN NaN 172.92218 -116.29762 -12.24367 278.74637 -180.14247 -38.95720 NaN NaN NaN -22.16847 -184.24008 29.24841 -39.53588 -178.22443 -99.58917
36787 2.62835 NaN NaN NaN 172.93263 -116.32816 -12.19641 278.72153 -180.19511 -38.99332 NaN NaN NaN -23.13536 -184.87427 29.23470 -39.54974 -178.24190 -99.71449
36788 2.63668 NaN NaN NaN 172.93513 -116.35864 -12.17112 278.70953 -180.23260 -39.01981 NaN NaN NaN -24.07151 -185.50003 29.21096 -39.50304 -178.33772 -99.89593
36789 2.64501 NaN NaN NaN 172.95056 -116.38336 -12.10014 278.70078 -180.29889 -39.03466 NaN NaN NaN -24.92427 -186.08653 29.19720 -39.48270 -178.43227 -100.03751
36790 2.65334 NaN NaN NaN 172.97733 -116.40816 -12.06439 278.68335 -180.37701 -39.05481 NaN NaN NaN -25.73774 -186.61470 29.16616 -39.50073 -178.48711 -100.05583
36791 2.66167 NaN NaN NaN 173.01115 -116.44932 -12.02221 278.66660 -180.44470 -39.11340 NaN NaN NaN -26.51028 -187.17052 29.09799 -39.52491 -178.57043 -100.13037
36792 2.67000 NaN NaN NaN 173.03755 -116.49637 -11.97403 278.65811 -180.54788 -39.17444 NaN NaN NaN -27.28778 -187.69202 29.06040 -39.57750 -178.62305 -100.18062
36793 2.67834 NaN NaN NaN 173.10622 -116.53366 -11.90060 278.65503 -180.63121 -39.23390 NaN NaN NaN -28.01543 -188.21461 29.06660 -39.57736 -178.73987 -100.31505
36794 2.68667 NaN NaN NaN 173.17126 -116.52914 -11.81530 278.66238 -180.70563 -39.29641 NaN NaN NaN -28.67948 -188.66638 28.99282 -39.56694 -178.87010 -100.43233
36795 2.69500 NaN NaN NaN 173.24074 -116.57397 -11.67742 278.70233 -180.77708 -39.39046 NaN NaN NaN -29.30089 -189.09206 28.85439 -39.57354 -178.95729 -100.56014
36796 2.70333 NaN NaN NaN 173.35675 -116.63298 -11.54081 278.73236 -180.81654 -39.52369 NaN NaN NaN -29.86943 -189.51370 28.76443 -39.56774 -179.01520 -100.66045
36797 2.71166 NaN NaN NaN 173.46552 -116.68678 -11.35975 278.75735 -180.88475 -39.65042 NaN NaN NaN -30.36576 -189.91101 28.72737 -39.53482 -179.02530 -100.71734
36798 2.71999 NaN NaN NaN 173.64218 -116.79475 -11.10890 278.80447 -180.99533 -39.76513 NaN NaN NaN -30.81907 -190.27415 28.64268 -39.51479 -178.99738 -100.78547
36799 2.72832 NaN NaN NaN 173.79848 -116.91193 -10.87852 278.85788 -181.08957 -39.95577 NaN NaN NaN -31.19719 -190.54688 28.52018 -39.45201 -178.96198 -100.94911
36800 2.73665 NaN NaN NaN 173.98984 -117.04721 -10.61309 278.91550 -181.18007 -40.14972 NaN NaN NaN -31.56409 -190.79770 28.35517 -39.37753 -178.90092 -101.08355
36801 2.74499 NaN NaN NaN 174.17490 -117.17627 -10.29826 278.97208 -181.29289 -40.39037 NaN NaN NaN -31.82858 -191.06413 28.17395 -39.29067 -178.86618 -101.19135
36802 2.75332 NaN NaN NaN 174.34837 -117.29861 -10.03605 279.07520 -181.40741 -40.57351 NaN NaN NaN -31.97398 -191.27832 28.04857 -39.18157 -178.80573 -101.34757
36803 2.76165 NaN NaN NaN 174.58080 -117.42306 -9.77843 279.16498 -181.51161 -40.75214 NaN NaN NaN -32.05024 -191.43440 27.90268 -39.06837 -178.76607 -101.48704
36804 2.76998 NaN NaN NaN 174.75174 -117.54922 -9.53651 279.24756 -181.60672 -40.97387 NaN NaN NaN -32.02259 -191.51315 27.75458 -38.92254 -178.71359 -101.61126
36805 2.77831 NaN NaN NaN 174.97525 -117.65363 -9.31034 279.30289 -181.71312 -41.13675 NaN NaN NaN -31.94040 -191.51468 27.64899 -38.76210 -178.65987 -101.77557
36806 2.78664 NaN NaN NaN 175.13022 -117.79826 -9.10306 279.37421 -181.82898 -41.30941 NaN NaN NaN -31.77525 -191.47336 27.52250 -38.65386 -178.57704 -101.89347
36807 2.79497 NaN NaN NaN 175.33301 -117.93410 -8.92896 279.45694 -181.91501 -41.42830 NaN NaN NaN -31.51543 -191.43854 27.41163 -38.55151 -178.52536 -102.00599
36808 2.80331 NaN NaN NaN 175.52049 -118.01752 -8.74785 279.54263 -182.01564 -41.57494 NaN NaN NaN -31.24206 -191.35535 27.32718 -38.45521 -178.54382 -102.06203
36809 2.81164 NaN NaN NaN 175.73193 -118.13272 -8.53435 279.66330 -182.11453 -41.68713 NaN NaN NaN -30.93695 -191.28949 27.27286 -38.44774 -178.66570 -102.03734
36810 2.81997 NaN NaN NaN 175.96103 -118.25231 -8.33597 279.75488 -182.17296 -41.84008 NaN NaN NaN -30.60897 -191.12965 27.24176 -38.49311 -178.74995 -101.98525
36811 2.82830 NaN NaN NaN 176.23975 -118.39652 -8.02814 279.86081 -182.23488 -42.01669 NaN NaN NaN -30.20487 -190.94084 27.30541 -38.65346 -178.81725 -101.89956
36812 2.83663 NaN NaN NaN 176.44496 -118.51434 -7.86635 279.95236 -182.26628 -42.10154 NaN NaN NaN -29.67558 -190.62482 27.50304 -38.90174 -178.91212 -101.81091
36813 2.84496 NaN NaN NaN 176.64400 -118.60339 -7.70407 280.02612 -182.32716 -42.16663 NaN NaN NaN -29.03515 -190.23582 27.68120 -39.34176 -179.10080 -101.70309
36814 2.85329 NaN NaN NaN 176.76727 -118.71611 -7.56137 280.11273 -182.39374 -42.24532 NaN NaN NaN -28.22542 -189.64346 27.96595 -39.91473 -179.44316 -101.56748
36815 2.86162 NaN NaN NaN 176.91838 -118.72246 -7.46513 280.17178 -182.46275 -42.34769 NaN NaN NaN -27.40013 -189.06055 28.23002 -40.58363 -179.84399 -101.22333
36816 2.86996 NaN NaN NaN 177.03691 -118.68280 -7.37036 280.21371 -182.44691 -42.45042 NaN NaN NaN -26.57477 -188.42860 28.45701 -41.11952 -180.31635 -100.89636
36817 2.87829 NaN NaN NaN 177.12132 -118.65401 -7.30973 280.23105 -182.47935 -42.56472 NaN NaN NaN -25.78874 -187.81744 28.62066 -41.62725 -180.84274 -100.58276
36818 2.88662 NaN NaN NaN 177.21628 -118.60669 -7.18613 280.24561 -182.48436 -42.61701 NaN NaN NaN -25.11027 -187.32950 28.65538 -41.93124 -181.14809 -100.32261
36819 2.89495 NaN NaN NaN 177.31818 -118.58509 -7.03307 280.24170 -182.47757 -42.66492 NaN NaN NaN -24.53577 -186.96120 28.58583 -42.03798 -181.24089 -100.27072
36820 2.90328 NaN NaN NaN 177.39693 -118.51212 -6.92081 280.23627 -182.45712 -42.75436 NaN NaN NaN -24.14999 -186.76103 28.41130 -41.86176 -181.14061 -100.45172
36821 2.91161 NaN NaN NaN 177.44775 -118.41612 -6.86473 280.22336 -182.45465 -42.83808 NaN NaN NaN -23.82917 -186.66815 28.17439 -41.55802 -180.72670 -100.61194
36822 2.91994 NaN NaN NaN 177.47577 -118.31866 -6.75926 280.18457 -182.41214 -42.87941 NaN NaN NaN -23.56453 -186.60460 27.93448 -41.16399 -180.32611 -100.85918
36823 2.92827 NaN NaN NaN 177.52031 -118.21085 -6.68998 280.15881 -182.37518 -42.93097 NaN NaN NaN -23.31054 -186.50668 27.70435 -40.84484 -179.95155 -101.11658
36824 2.93661 NaN NaN NaN 177.57040 -118.13180 -6.65872 280.11407 -182.34084 -42.94620 NaN NaN NaN -22.99958 -186.39041 27.51288 -40.58470 -179.64848 -101.40408
36825 2.94494 NaN NaN NaN 177.63548 -118.05740 -6.63779 280.09521 -182.32355 -42.98014 NaN NaN NaN -22.59825 -186.21410 27.37955 -40.39653 -179.45409 -101.59287
36826 2.95327 NaN NaN NaN 177.66699 -117.98841 -6.62003 280.10309 -182.30235 -43.00494 NaN NaN NaN -22.18532 -185.94933 27.29143 -40.25191 -179.31984 -101.62920
36827 2.96160 NaN NaN NaN 177.73251 -117.91645 -6.59072 280.11172 -182.26341 -43.08705 NaN NaN NaN -21.75065 -185.61736 27.23206 -40.18417 -179.23991 -101.60768
36828 2.96993 NaN NaN NaN 177.82576 -117.87992 -6.54615 280.15799 -182.24596 -43.13552 NaN NaN NaN -21.27326 -185.28157 27.12336 -40.16566 -179.38383 -101.56141
36829 2.97826 NaN NaN NaN 177.90231 -117.84502 -6.50644 280.18839 -182.23286 -43.21126 NaN NaN NaN -20.75054 -184.90779 27.01562 -40.21339 -179.33969 -101.49728
36830 2.98659 NaN NaN NaN 177.97232 -117.90678 -6.45345 280.22409 -182.24187 -43.31232 NaN NaN NaN -20.17305 -184.50143 26.99618 -40.24963 -179.36421 -101.47850
36831 2.99492 NaN NaN NaN 178.06325 -117.94255 -6.42638 280.27435 -182.24585 -43.39761 NaN NaN NaN -19.58611 -184.06781 26.98751 -40.30812 -179.30460 -101.41724
36832 3.00326 NaN NaN NaN 178.14581 -117.94897 -6.39498 280.33075 -182.25519 -43.48153 NaN NaN NaN -19.03860 -183.64532 26.93106 -40.31483 -179.29347 -101.43315
36833 3.01159 NaN NaN NaN 178.20757 -117.99508 -6.34884 280.38309 -182.26996 -43.52066 NaN NaN NaN -18.50047 -183.25024 26.87787 -40.33266 -179.23849 -101.31744
36834 3.01992 NaN NaN NaN 178.26236 -117.97885 -6.33094 280.42853 -182.29173 -43.53883 NaN NaN NaN -17.96825 -182.92955 26.81880 -40.30521 -179.25327 -101.27644
36835 3.02825 NaN NaN NaN 178.30016 -117.99969 -6.27395 280.44138 -182.30280 -43.54986 NaN NaN NaN -17.49688 -182.60229 26.71316 -40.25030 -179.13368 -101.21201
36836 3.03658 NaN NaN NaN 178.35045 -118.01597 -6.20704 280.44354 -182.34930 -43.56573 NaN NaN NaN -16.98682 -182.32628 26.61876 -40.17476 -179.05122 -101.21404
36837 3.04491 NaN NaN NaN 178.39673 -118.00690 -6.17198 280.45032 -182.38815 -43.57142 NaN NaN NaN -16.44414 -182.07339 26.55131 -40.05581 -178.94241 -101.25201
36838 3.05324 NaN NaN NaN 178.41924 -118.03022 -6.11608 280.44168 -182.41132 -43.60574 NaN NaN NaN -15.90275 -181.78601 26.47227 -39.93610 -178.82819 -101.27757
36839 3.06158 NaN NaN NaN 178.44289 -118.02466 -6.08509 280.43118 -182.45375 -43.58329 NaN NaN NaN -15.36068 -181.50040 26.38816 -39.77869 -178.71193 -101.30952
36840 3.06991 NaN NaN NaN 178.46823 -118.03146 -6.06583 280.40598 -182.45224 -43.61505 NaN NaN NaN -14.79928 -181.18684 26.27020 -39.61767 -178.59828 -101.32816
36841 3.07824 NaN NaN NaN 178.49757 -118.08334 -6.05187 280.41812 -182.49229 -43.63421 NaN NaN NaN -14.18430 -180.89639 26.12535 -39.44600 -178.50856 -101.38956
36842 3.08657 NaN NaN NaN 178.48396 -118.09050 -6.04495 280.42065 -182.53952 -43.68911 NaN NaN NaN -13.52110 -180.57300 26.01335 -39.29140 -178.48009 -101.42889
36843 3.09490 NaN NaN NaN 178.52441 -118.15048 -6.02033 280.41843 -182.61473 -43.71218 NaN NaN NaN -12.77230 -180.21729 25.88758 -39.16301 -178.41541 -101.45983
36844 3.10323 NaN NaN NaN 178.58582 -118.24054 -5.97498 280.42554 -182.67671 -43.74483 NaN NaN NaN -11.97494 -179.83171 25.74863 -39.02900 -178.39622 -101.45348
36845 3.11156 NaN NaN NaN 178.61964 -118.32998 -5.93524 280.45346 -182.73830 -43.77302 NaN NaN NaN -11.13206 -179.40770 25.62259 -38.88335 -178.38925 -101.47478
36846 3.11989 NaN NaN NaN 178.66412 -118.41994 -5.91803 280.47107 -182.80537 -43.80951 NaN NaN NaN -10.27726 -178.97066 25.47386 -38.75302 -178.40852 -101.45760
36847 3.12823 NaN NaN NaN 178.69695 -118.49818 -5.90780 280.49524 -182.90030 -43.86845 NaN NaN NaN -9.37140 -178.54500 25.28574 -38.60602 -178.42677 -101.47085
36848 3.13656 NaN NaN NaN 178.73625 -118.55066 -5.90841 280.50369 -182.97723 -43.91009 NaN NaN NaN -8.47111 -178.09348 25.07899 -38.43666 -178.44609 -101.53466
36849 3.14489 NaN NaN NaN 178.75586 -118.57838 -5.91451 280.50449 -183.03273 -43.92396 NaN NaN NaN -7.54291 -177.62851 24.82179 -38.16057 -178.41145 -101.63951
36850 3.15322 NaN NaN NaN 178.75127 -118.61163 -5.93221 280.50546 -183.09525 -43.92163 NaN NaN NaN -6.62879 -177.23608 24.55277 -37.81984 -178.32353 -101.76166
36851 3.16155 NaN NaN NaN 178.71844 -118.63214 -5.95525 280.46771 -183.17006 -43.89875 NaN NaN NaN -5.68370 -176.85718 24.27258 -37.43582 -178.13376 -101.89892
36852 3.16988 NaN NaN NaN 178.66689 -118.65169 -6.00223 280.44003 -183.23058 -43.87755 NaN NaN NaN -4.77755 -176.46191 23.97560 -36.99191 -177.95715 -102.06187
36853 3.17821 NaN NaN NaN 178.61389 -118.64603 -6.12573 280.39886 -183.32828 -43.85387 NaN NaN NaN -3.84878 -176.07863 23.66333 -36.52856 -177.77025 -102.30023
36854 3.18654 NaN NaN NaN 178.53891 -118.62222 -6.31064 280.32822 -183.42688 -43.80978 NaN NaN NaN -2.87824 -175.70430 23.30029 -36.01115 -177.65552 -102.51400
36855 3.19488 NaN NaN NaN 178.41969 -118.56181 -6.51364 280.26212 -183.47469 -43.76790 NaN NaN NaN -1.93221 -175.34647 22.96566 -35.50975 -177.39616 -102.71809
36856 3.20321 NaN NaN NaN 178.31227 -118.45735 -6.73283 280.20563 -183.52022 -43.72525 NaN NaN NaN -1.06200 -175.08226 22.60203 -34.92372 -177.14172 -103.04202
36857 3.21154 NaN NaN NaN 178.20238 -118.39003 -6.99096 280.15765 -183.54395 -43.69055 NaN NaN NaN -0.38447 -174.86804 22.24593 -34.36506 -176.79994 -103.36129
36858 3.21987 NaN NaN NaN 178.13966 -118.37030 -7.18872 280.14825 -183.55045 -43.66706 NaN NaN NaN 0.13127 -174.76732 21.94952 -33.82801 -176.49190 -103.67349
36859 3.22820 NaN NaN NaN 178.13826 -118.38427 -7.34028 280.19211 -183.58397 -43.71633 NaN NaN NaN 0.45772 -174.72610 21.76515 -33.36339 -176.17406 -103.90350
36860 3.23653 NaN NaN NaN 178.18819 -118.49976 -7.39684 280.25766 -183.63986 -43.81282 NaN NaN NaN 0.67057 -174.66440 21.66092 -33.09696 -175.90263 -103.97259
36861 3.24486 NaN NaN NaN 178.28249 -118.62204 -7.36475 280.33051 -183.70613 -43.89148 NaN NaN NaN 0.85053 -174.57234 21.62559 -32.97810 -175.85159 -103.97195
36862 3.25320 NaN NaN NaN 178.35277 -118.75067 -7.26822 280.40768 -183.78203 -43.95285 NaN NaN NaN 0.97747 -174.54663 21.66703 -33.00980 -175.98822 -103.89999
36863 3.26153 NaN NaN NaN 178.42445 -118.87597 -7.15030 280.48553 -183.84944 -44.04306 NaN NaN NaN 0.99272 -174.52664 21.78442 -33.07983 -176.22627 -103.79331
36864 3.26986 NaN NaN NaN 178.51482 -118.99584 -7.02751 280.54865 -183.89621 -44.09552 NaN NaN NaN 0.92833 -174.56891 21.94151 -33.23572 -176.54465 -103.65960
36865 3.27819 NaN NaN NaN 178.58061 -119.11183 -6.90280 280.58426 -183.90791 -44.13607 NaN NaN NaN 0.79169 -174.62918 22.16493 -33.51875 -176.84206 -103.33476
36866 3.28652 NaN NaN NaN 178.61229 -119.16061 -6.79663 280.57364 -183.91496 -44.15486 NaN NaN NaN 0.61966 -174.67747 22.37777 -33.83214 -177.20016 -103.07946
36867 3.29485 NaN NaN NaN 178.64108 -119.13649 -6.63239 280.57101 -183.92099 -44.12177 NaN NaN NaN 0.43146 -174.70026 22.62262 -34.19522 -177.52328 -102.74615
36868 3.30318 NaN NaN NaN 178.67072 -119.14179 -6.49251 280.56192 -183.92278 -44.04769 NaN NaN NaN 0.23353 -174.69847 22.94169 -34.53977 -177.90849 -102.38606
36869 3.31151 NaN NaN NaN 178.69073 -119.13610 -6.35050 280.55692 -183.92883 -43.99548 NaN NaN NaN 0.00891 -174.69128 23.21341 -34.83587 -178.23422 -102.12024
36870 3.31985 NaN NaN NaN 178.71225 -119.15289 -6.18263 280.53430 -183.92303 -43.98557 NaN NaN NaN -0.26321 -174.73273 23.42939 -35.08635 -178.48570 -101.88039
36871 3.32818 NaN NaN NaN 178.73233 -119.13734 -6.02968 280.53650 -183.91580 -43.96697 NaN NaN NaN -0.53703 -174.75531 23.64902 -35.35238 -178.66307 -101.61874
36872 3.33651 NaN NaN NaN 178.77620 -119.15521 -5.91756 280.52524 -183.90474 -43.98758 NaN NaN NaN -0.81678 -174.74203 23.89729 -35.60400 -178.79599 -101.40078
36873 3.34484 NaN NaN NaN 178.83832 -119.13402 -5.80049 280.53799 -183.88715 -44.01700 NaN NaN NaN -1.16945 -174.74980 24.07954 -35.71355 -178.82326 -101.24940
36874 3.35317 NaN NaN NaN 178.88841 -119.12388 -5.70461 280.54608 -183.84908 -44.04953 NaN NaN NaN -1.48431 -174.76367 24.23017 -35.77792 -178.77585 -101.19395
36875 3.36150 NaN NaN NaN 178.96109 -119.12025 -5.60122 280.57928 -183.83942 -44.11105 NaN NaN NaN -1.82671 -174.80298 24.36342 -35.83101 -178.66653 -101.13687
36876 3.36983 NaN NaN NaN 179.05237 -119.15390 -5.50672 280.60635 -183.82430 -44.22199 NaN NaN NaN -2.13995 -174.82961 24.46853 -35.88762 -178.50076 -101.06358
36877 3.37816 NaN NaN NaN 179.12582 -119.19389 -5.38898 280.67288 -183.80324 -44.32647 NaN NaN NaN -2.49663 -174.87131 24.59291 -35.88541 -178.30486 -101.08788
36878 3.38650 NaN NaN NaN 179.21533 -119.30427 -5.27239 280.73642 -183.78386 -44.40767 NaN NaN NaN -2.91903 -174.95917 24.63854 -35.80949 -178.08334 -101.15341
36879 3.39483 NaN NaN NaN 179.32419 -119.39098 -5.16778 280.79568 -183.75290 -44.47217 NaN NaN NaN -3.41005 -175.09572 24.68377 -35.61655 -177.80009 -101.33279
36880 3.40316 NaN NaN NaN 179.42468 -119.44259 -5.08296 280.83234 -183.75383 -44.53363 NaN NaN NaN -3.94058 -175.22668 24.72803 -35.41259 -177.43578 -101.46510
36881 3.41149 NaN NaN NaN 179.49095 -119.45351 -5.05241 280.87796 -183.78021 -44.57097 NaN NaN NaN -4.50024 -175.40645 24.78210 -35.24718 -177.07346 -101.65325
36882 3.41982 NaN NaN NaN 179.51633 -119.44502 -5.02880 280.90796 -183.77576 -44.58866 NaN NaN NaN -5.06071 -175.59528 24.84893 -35.05502 -176.68161 -101.76376
36883 3.42815 NaN NaN NaN 179.53545 -119.45071 -5.02426 280.91879 -183.78250 -44.62543 NaN NaN NaN -5.61450 -175.79544 24.91439 -34.91163 -176.27357 -101.90103
36884 3.43648 NaN NaN NaN 179.53587 -119.44190 -5.02251 280.91931 -183.76740 -44.64060 NaN NaN NaN -6.19932 -175.98453 24.98872 -34.74204 -175.90027 -102.03391
36885 3.44482 NaN NaN NaN 179.51303 -119.44129 -5.05149 280.91965 -183.76173 -44.64576 NaN NaN NaN -6.84335 -176.22104 25.07122 -34.62032 -175.58093 -102.12404
36886 3.45315 NaN NaN NaN 179.48225 -119.42463 -5.07697 280.89648 -183.75215 -44.61534 NaN NaN NaN -7.50141 -176.43517 25.13488 -34.52243 -175.31190 -102.17186
36887 3.46148 NaN NaN NaN 179.45195 -119.42988 -5.10579 280.87134 -183.76839 -44.57660 NaN NaN NaN -8.15319 -176.71710 25.20235 -34.44559 -175.14973 -102.30011
36888 3.46981 NaN NaN NaN 179.39124 -119.43361 -5.12812 280.84286 -183.75414 -44.55509 NaN NaN NaN -8.86960 -177.04945 25.26545 -34.36035 -174.91583 -102.38293
36889 3.47814 NaN NaN NaN 179.29108 -119.40609 -5.22698 280.79297 -183.73738 -44.52087 NaN NaN NaN -9.60476 -177.44772 25.31175 -34.29756 -174.67049 -102.50823
36890 3.48647 NaN NaN NaN 179.23534 -119.35211 -5.29490 280.75827 -183.71774 -44.50599 NaN NaN NaN -10.38311 -177.90039 25.32176 -34.17922 -174.39322 -102.63049
36891 3.49480 NaN NaN NaN 179.19084 -119.32785 -5.32633 280.73364 -183.70172 -44.50435 NaN NaN NaN -11.16598 -178.36569 25.27111 -34.09097 -174.16946 -102.76827
36892 3.50313 NaN NaN NaN 179.13693 -119.35354 -5.33749 280.70801 -183.70573 -44.49285 NaN NaN NaN -11.89989 -178.80609 25.24724 -33.99997 -173.96329 -102.93427
36893 3.51147 NaN NaN NaN 179.10988 -119.37397 -5.38360 280.69507 -183.73383 -44.47351 NaN NaN NaN -12.61695 -179.21872 25.17591 -33.94359 -173.84161 -103.06406
36894 3.51980 NaN NaN NaN 179.09952 -119.39535 -5.40799 280.68433 -183.77155 -44.46955 NaN NaN NaN -13.32786 -179.68474 25.12989 -33.95533 -173.78984 -103.16695
36895 3.52813 NaN NaN NaN 179.07324 -119.43752 -5.41800 280.67953 -183.80141 -44.47016 NaN NaN NaN -13.96110 -180.15335 25.07727 -33.97546 -173.74101 -103.33450
36896 3.53646 NaN NaN NaN 179.09293 -119.50114 -5.37752 280.66916 -183.81319 -44.48925 NaN NaN NaN -14.58810 -180.61726 25.02842 -34.03250 -173.70428 -103.41262
36897 3.54479 NaN NaN NaN 179.10204 -119.49997 -5.34601 280.63864 -183.82886 -44.50172 NaN NaN NaN -15.14496 -181.05542 25.03145 -34.13120 -173.73512 -103.55830
36898 3.55312 NaN NaN NaN 179.10591 -119.49500 -5.28704 280.62683 -183.86971 -44.51829 NaN NaN NaN -15.63797 -181.44426 25.05029 -34.30021 -173.80559 -103.61098
36899 3.56145 NaN NaN NaN 179.09421 -119.51752 -5.23432 280.60306 -183.92390 -44.52434 NaN NaN NaN -16.05632 -181.82703 25.02938 -34.54714 -174.00101 -103.65085
36900 3.56978 NaN NaN NaN 179.10965 -119.50078 -5.19837 280.56448 -183.95853 -44.50604 NaN NaN NaN -16.38662 -182.15916 24.99258 -34.67954 -174.30698 -103.63593
36901 3.57812 NaN NaN NaN 179.09666 -119.47888 -5.17090 280.52124 -183.96451 -44.47681 NaN NaN NaN -16.71230 -182.44807 24.98191 -34.86280 -174.50661 -103.64274
36902 3.58645 NaN NaN NaN 179.06900 -119.45789 -5.14680 280.47839 -183.95692 -44.44210 NaN NaN NaN -16.88112 -182.72188 24.97531 -35.00152 -174.69139 -103.63143
36903 3.59478 NaN NaN NaN 179.05559 -119.36194 -5.22209 280.43268 -183.92343 -44.42524 NaN NaN NaN -17.01720 -182.95026 24.95893 -35.11513 -174.94994 -103.70171
36904 3.60311 NaN NaN NaN 179.03880 -119.32866 -5.26741 280.38312 -183.91316 -44.39769 NaN NaN NaN -17.11422 -183.13382 24.94496 -35.23028 -175.08366 -103.67099
36905 3.61144 NaN NaN NaN 179.00885 -119.21891 -5.33346 280.35410 -183.88699 -44.37987 NaN NaN NaN -17.15003 -183.31007 24.92572 -35.29787 -175.16254 -103.65057
36906 3.61977 NaN NaN NaN 178.97899 -119.14811 -5.39573 280.32849 -183.89954 -44.36198 NaN NaN NaN -17.12471 -183.45171 24.93861 -35.38570 -175.27950 -103.63596
36907 3.62810 NaN NaN NaN 178.95624 -119.08386 -5.47110 280.31116 -183.89281 -44.35492 NaN NaN NaN -17.02618 -183.51953 24.97111 -35.57301 -175.46231 -103.55965
36908 3.63643 NaN NaN NaN 178.94989 -119.04766 -5.53461 280.30539 -183.88400 -44.37033 NaN NaN NaN -16.82712 -183.50693 25.09269 -35.80058 -175.77858 -103.47569
36909 3.64477 NaN NaN NaN 178.96199 -119.02892 -5.58039 280.30148 -183.88800 -44.39585 NaN NaN NaN -16.61461 -183.42079 25.25501 -36.10197 -176.13617 -103.27527
36910 3.65310 NaN NaN NaN 178.98192 -118.99506 -5.64600 280.31387 -183.88469 -44.43542 NaN NaN NaN -16.33193 -183.26489 25.40077 -36.49705 -176.72366 -102.92365
36911 3.66143 NaN NaN NaN 178.99234 -119.00990 -5.66478 280.33594 -183.88216 -44.46404 NaN NaN NaN -16.01264 -183.06673 25.55668 -36.91255 -177.26645 -102.62813
36912 3.66976 NaN NaN NaN 179.02518 -119.02863 -5.66302 280.35162 -183.87889 -44.50854 NaN NaN NaN -15.67550 -182.82654 25.71276 -37.34362 -177.74818 -102.27999
36913 3.67809 NaN NaN NaN 179.07101 -119.04698 -5.65471 280.38098 -183.86462 -44.57328 NaN NaN NaN -15.35934 -182.57715 25.98857 -37.73673 -178.15367 -101.99275
36914 3.68642 NaN NaN NaN 179.12387 -119.03231 -5.61822 280.40750 -183.85657 -44.62893 NaN NaN NaN -15.06027 -182.27104 26.23881 -38.16260 -178.55284 -101.68861
36915 3.69475 NaN NaN NaN 179.21318 -118.98426 -5.61176 280.44305 -183.83240 -44.68286 NaN NaN NaN -14.77101 -182.04724 26.46233 -38.58554 -178.96783 -101.45293
36916 3.70309 NaN NaN NaN 179.28555 -118.95632 -5.58371 280.48364 -183.84718 -44.74440 NaN NaN NaN -14.58094 -181.84889 26.62799 -38.97586 -179.31067 -101.07968
36917 3.71142 NaN NaN NaN 179.33855 -118.94794 -5.55230 280.50928 -183.83286 -44.78921 NaN NaN NaN -14.49485 -181.74907 26.81367 -39.34944 -179.65018 -100.86996
36918 3.71975 NaN NaN NaN 179.38245 -118.93480 -5.51387 280.52863 -183.82864 -44.81507 NaN NaN NaN -14.51621 -181.68202 26.98866 -39.63607 -179.91495 -100.71462
36919 3.72808 NaN NaN NaN 179.39752 -118.90479 -5.47535 280.53406 -183.79196 -44.82270 NaN NaN NaN -14.61063 -181.66602 27.14900 -39.86757 -180.09714 -100.53220
36920 3.73641 NaN NaN NaN 179.41011 -118.88371 -5.44931 280.52130 -183.77306 -44.80863 NaN NaN NaN -14.71077 -181.67494 27.28949 -40.13382 -180.27834 -100.36826
36921 3.74474 NaN NaN NaN 179.39647 -118.84582 -5.44802 280.50012 -183.76529 -44.81330 NaN NaN NaN -14.80248 -181.67793 27.42518 -40.38306 -180.42482 -100.23045
36922 3.75307 NaN NaN NaN 179.38019 -118.80308 -5.44852 280.48911 -183.75266 -44.79451 NaN NaN NaN -14.91014 -181.66510 27.52352 -40.64227 -180.60164 -100.12220
36923 3.76140 NaN NaN NaN 179.37608 -118.72705 -5.45532 280.45538 -183.73134 -44.80962 NaN NaN NaN -14.99433 -181.64995 27.59575 -40.89127 -180.71475 -99.96841
36924 3.76974 NaN NaN NaN 179.36476 -118.68813 -5.43147 280.43076 -183.69533 -44.82309 NaN NaN NaN -15.06405 -181.61531 27.67285 -41.08567 -180.83408 -99.89261
36925 3.77807 NaN NaN NaN 179.36093 -118.64020 -5.42654 280.40497 -183.66278 -44.84666 NaN NaN NaN -15.10152 -181.55591 27.75085 -41.24205 -180.90685 -99.75402
36926 3.78640 NaN NaN NaN 179.36479 -118.62078 -5.41267 280.37997 -183.63666 -44.86356 NaN NaN NaN -15.06314 -181.46931 27.81915 -41.44656 -181.04582 -99.61151
36927 3.79473 NaN NaN NaN 179.37253 -118.61719 -5.38344 280.35791 -183.60400 -44.86481 NaN NaN NaN -14.90742 -181.33891 27.91671 -41.76237 -181.22128 -99.44165
36928 3.80306 NaN NaN NaN 179.39803 -118.62035 -5.36720 280.35696 -183.59697 -44.87846 NaN NaN NaN -14.64227 -181.06447 27.98627 -42.05671 -181.42737 -99.28286
36929 3.81139 NaN NaN NaN 179.42665 -118.61832 -5.30595 280.36090 -183.61057 -44.90049 NaN NaN NaN -14.33292 -180.67694 28.06982 -42.37596 -181.61517 -99.10476
36930 3.81972 NaN NaN NaN 179.46919 -118.62262 -5.26334 280.38547 -183.61847 -44.92765 NaN NaN NaN -14.05324 -180.39317 28.11357 -42.56924 -181.76685 -99.01394
36931 3.82805 NaN NaN NaN 179.50803 -118.56899 -5.20752 280.39920 -183.62155 -44.95902 NaN NaN NaN -13.80414 -180.17587 28.09010 -42.64066 -181.78755 -98.96008
36932 3.83639 NaN NaN NaN 179.53787 -118.50050 -5.18795 280.40302 -183.60765 -44.96151 NaN NaN NaN -13.63095 -180.06508 28.01837 -42.56208 -181.72502 -98.95931
36933 3.84472 NaN NaN NaN 179.52672 -118.46855 -5.19353 280.37704 -183.58011 -44.92064 NaN NaN NaN -13.44298 -179.99254 27.91844 -42.47256 -181.57581 -99.01859
36934 3.85305 NaN NaN NaN 179.49339 -118.43137 -5.24906 280.35172 -183.56499 -44.86325 NaN NaN NaN -13.18816 -179.88383 27.83445 -42.37294 -181.43802 -99.11742
36935 3.86138 NaN NaN NaN 179.44824 -118.33938 -5.29867 280.33090 -183.54668 -44.77980 NaN NaN NaN -12.95191 -179.76430 27.73502 -42.22641 -181.26863 -99.22749
36936 3.86971 NaN NaN NaN 179.39023 -118.27440 -5.38846 280.30215 -183.52910 -44.71884 NaN NaN NaN -12.73423 -179.66132 27.55851 -41.99639 -181.10028 -99.33472
36937 3.87804 NaN NaN NaN 179.34625 -118.16027 -5.42344 280.26407 -183.50749 -44.68841 NaN NaN NaN -12.53317 -179.62964 27.37920 -41.75566 -180.95604 -99.46744
36938 3.88637 NaN NaN NaN 179.32985 -118.06546 -5.46552 280.21677 -183.51947 -44.67927 NaN NaN NaN -12.29057 -179.57564 27.20926 -41.51744 -180.82898 -99.59102
36939 3.89471 NaN NaN NaN 179.31303 -118.03534 -5.49550 280.17514 -183.50203 -44.68568 NaN NaN NaN -12.01129 -179.49480 27.09885 -41.31994 -180.74841 -99.70811
36940 3.90304 NaN NaN NaN 179.31213 -118.02663 -5.48995 280.15372 -183.51167 -44.68668 NaN NaN NaN -11.72494 -179.42236 27.02087 -41.23553 -180.70009 -99.74323
36941 3.91137 NaN NaN NaN 179.30698 -118.06462 -5.47499 280.12085 -183.50385 -44.70092 NaN NaN NaN -11.41202 -179.30492 26.90855 -41.10883 -180.68948 -99.83404
36942 3.91970 NaN NaN NaN 179.31461 -118.07409 -5.44436 280.11282 -183.53958 -44.73201 NaN NaN NaN -11.07330 -179.17957 26.78500 -40.98430 -180.64946 -99.86488
36943 3.92803 NaN NaN NaN 179.36171 -118.10795 -5.39910 280.11621 -183.55162 -44.81707 NaN NaN NaN -10.77470 -179.07759 26.70043 -40.91079 -180.64864 -99.89511
36944 3.93636 NaN NaN NaN 179.42088 -118.15461 -5.30615 280.14410 -183.60724 -44.85843 NaN NaN NaN -10.41139 -178.94199 26.65455 -40.86407 -180.66495 -99.85857
36945 3.94469 NaN NaN NaN 179.49542 -118.22210 -5.21684 280.18527 -183.64534 -44.93571 NaN NaN NaN -9.97488 -178.78465 26.64260 -40.83045 -180.78200 -99.82015
36946 3.95302 NaN NaN NaN 179.52695 -118.30390 -5.10492 280.20761 -183.65341 -45.01819 NaN NaN NaN -9.52629 -178.56976 26.64410 -40.87064 -180.94160 -99.72971
36947 3.96136 NaN NaN NaN 179.56279 -118.41882 -4.95566 280.22531 -183.68034 -45.10772 NaN NaN NaN -9.04782 -178.32318 26.64784 -40.92575 -181.19055 -99.59573
36948 3.96969 NaN NaN NaN 179.64566 -118.53301 -4.79219 280.21960 -183.70103 -45.23175 NaN NaN NaN -8.54102 -178.03653 26.63531 -41.02149 -181.41786 -99.43690
36949 3.97802 NaN NaN NaN 179.73221 -118.63989 -4.67545 280.24039 -183.70660 -45.33284 NaN NaN NaN -8.02107 -177.72655 26.61197 -41.18299 -181.72069 -99.29964
36950 3.98635 NaN NaN NaN 179.79483 -118.70500 -4.59097 280.26862 -183.75783 -45.35919 NaN NaN NaN -7.49690 -177.40627 26.60826 -41.32198 -181.97533 -99.09770
36951 3.99468 NaN NaN NaN 179.88629 -118.73235 -4.51718 280.29095 -183.81297 -45.43870 NaN NaN NaN -7.00118 -177.13655 26.57668 -41.45983 -182.22275 -98.92809
36952 4.00301 NaN NaN NaN 179.93668 -118.79431 -4.43829 280.33209 -183.87164 -45.47451 NaN NaN NaN -6.48157 -176.87778 26.54691 -41.60903 -182.48477 -98.74841
36953 4.01134 NaN NaN NaN 180.01732 -118.88717 -4.33487 280.36032 -183.89955 -45.55537 NaN NaN NaN -5.97535 -176.59726 26.50042 -41.73800 -182.69073 -98.57220
36954 4.01967 NaN NaN NaN 180.10826 -118.97427 -4.24116 280.37567 -183.91121 -45.59974 NaN NaN NaN -5.40660 -176.31050 26.47440 -41.85941 -182.93718 -98.39684
36955 4.02801 NaN NaN NaN 180.17705 -119.08118 -4.10736 280.38596 -183.92169 -45.66599 NaN NaN NaN -4.83173 -175.97131 26.40893 -42.01427 -183.15770 -98.23097
36956 4.03634 NaN NaN NaN 180.19156 -119.13847 -3.99241 280.39490 -183.92805 -45.74249 NaN NaN NaN -4.21068 -175.55371 26.33851 -42.15797 -183.45061 -97.95898
36957 4.04467 NaN NaN NaN 180.23631 -119.14454 -3.93379 280.40604 -183.92749 -45.74068 NaN NaN NaN -3.49524 -175.06432 26.29575 -42.35483 -183.74835 -97.70146
36958 4.05300 NaN NaN NaN 180.26610 -119.16985 -3.85988 280.41763 -183.96490 -45.78400 NaN NaN NaN -2.67295 -174.50700 26.31589 -42.58001 -184.13672 -97.29562
36959 4.06133 NaN NaN NaN 180.35541 -119.24355 -3.79770 280.45193 -183.96841 -45.81218 NaN NaN NaN -1.82397 -173.82376 26.25309 -42.93235 -184.56134 -96.86097
36960 4.06966 NaN NaN NaN 180.41541 -119.35421 -3.74990 280.50607 -183.96518 -45.89485 NaN NaN NaN -0.99461 -173.12494 26.18476 -43.21250 -184.94962 -96.50128
36961 4.07799 NaN NaN NaN 180.49333 -119.48299 -3.67369 280.57806 -183.98538 -46.01533 NaN NaN NaN -0.31042 -172.56042 26.10234 -43.36660 -185.24593 -96.24383
36962 4.08633 NaN NaN NaN 180.55757 -119.60616 -3.61569 280.65753 -184.02003 -46.17590 NaN NaN NaN 0.19473 -172.14777 25.97157 -43.43620 -185.36957 -96.04613
36963 4.09466 NaN NaN NaN 180.68456 -119.76584 -3.49206 280.75934 -184.03943 -46.33202 NaN NaN NaN 0.47020 -171.85060 25.86791 -43.42511 -185.33498 -95.94693
36964 4.10299 NaN NaN NaN 180.80829 -119.95222 -3.39793 280.86237 -184.08405 -46.45793 NaN NaN NaN 0.69185 -171.62512 25.82671 -43.38046 -185.27136 -95.96592
36965 4.11132 NaN NaN NaN 180.96953 -120.15327 -3.27547 280.95007 -184.15555 -46.57573 NaN NaN NaN 0.84692 -171.48698 25.84236 -43.33954 -185.14740 -95.97360
36966 4.11965 NaN NaN NaN 181.07715 -120.29784 -3.11962 281.03638 -184.20258 -46.70565 NaN NaN NaN 0.96384 -171.39841 25.81061 -43.33577 -185.08237 -95.94769
36967 4.12798 NaN NaN NaN 181.18950 -120.45773 -2.95911 281.11243 -184.23375 -46.80964 NaN NaN NaN 1.10400 -171.26492 25.80272 -43.37303 -185.04860 -95.88050
36968 4.13631 NaN NaN NaN 181.25853 -120.55320 -2.84161 281.13132 -184.22615 -46.88454 NaN NaN NaN 1.19156 -171.12302 25.79837 -43.42923 -185.08115 -95.80200
36969 4.14464 NaN NaN NaN 181.29918 -120.63618 -2.74772 281.16806 -184.22780 -46.91006 NaN NaN NaN 1.26803 -171.02155 25.82177 -43.53825 -185.12070 -95.70958
36970 4.15298 NaN NaN NaN 181.33551 -120.65859 -2.69102 281.17932 -184.21286 -46.90952 NaN NaN NaN 1.35550 -170.89333 25.85738 -43.69468 -185.21652 -95.58215
36971 4.16131 NaN NaN NaN 181.38428 -120.65569 -2.63933 281.18866 -184.21529 -46.89502 NaN NaN NaN 1.50470 -170.70886 25.89256 -43.84404 -185.29213 -95.43962
36972 4.16964 NaN NaN NaN 181.40378 -120.68333 -2.58465 281.19595 -184.21355 -46.89627 NaN NaN NaN 1.63630 -170.52069 25.92812 -44.04241 -185.39774 -95.23205
36973 4.17797 NaN NaN NaN 181.42569 -120.66421 -2.51719 281.21490 -184.21272 -46.89803 NaN NaN NaN 1.82775 -170.26788 25.96816 -44.25327 -185.53998 -94.97346
36974 4.18630 NaN NaN NaN 181.45825 -120.65603 -2.46099 281.23279 -184.20967 -46.89788 NaN NaN NaN 2.11692 -169.96014 26.00689 -44.52596 -185.75218 -94.66314
36975 4.19463 NaN NaN NaN 181.51630 -120.69517 -2.43941 281.26508 -184.17482 -46.91446 NaN NaN NaN 2.45789 -169.54230 26.07800 -44.81849 -185.99387 -94.30137
36976 4.20296 NaN NaN NaN 181.53590 -120.68936 -2.43420 281.29047 -184.13112 -46.96178 NaN NaN NaN 2.90052 -169.06331 26.12362 -45.19582 -186.33006 -93.94450
36977 4.21129 NaN NaN NaN 181.55234 -120.71478 -2.42686 281.30386 -184.08827 -46.99076 NaN NaN NaN 3.39665 -168.56013 26.13107 -45.63163 -186.75287 -93.28658
36978 4.21963 NaN NaN NaN 181.55554 -120.73450 -2.43921 281.32306 -184.06563 -47.01080 NaN NaN NaN 3.96457 -167.96175 26.09896 -46.12468 -187.28227 -92.62650
36979 4.22796 NaN NaN NaN 181.56801 -120.77065 -2.45769 281.35574 -184.09109 -47.04450 NaN NaN NaN 4.55192 -167.32440 26.08669 -46.59149 -187.80574 -91.92823
36980 4.23629 NaN NaN NaN 181.58336 -120.80839 -2.45195 281.39935 -184.08276 -47.07381 NaN NaN NaN 5.20782 -166.65347 26.13567 -47.06842 -188.29456 -91.26075
36981 4.24462 NaN NaN NaN 181.58835 -120.82937 -2.44620 281.43237 -184.08485 -47.11705 NaN NaN NaN 5.89226 -165.95889 26.11137 -47.53296 -188.71487 -90.59167
36982 4.25295 NaN NaN NaN 181.59393 -120.85558 -2.45332 281.47305 -184.06355 -47.15697 NaN NaN NaN 6.61146 -165.20679 26.02025 -48.02226 -189.13602 -89.87720
36983 4.26128 NaN NaN NaN 181.61407 -120.90319 -2.46520 281.50562 -184.03403 -47.18326 NaN NaN NaN 7.37086 -164.43080 25.90846 -48.52114 -189.60768 -89.13218
36984 4.26961 NaN NaN NaN 181.61221 -120.98876 -2.42765 281.53754 -184.02527 -47.26149 NaN NaN NaN 8.15593 -163.56822 25.80034 -48.98739 -190.08591 -88.36794
36985 4.27794 NaN NaN NaN 181.60997 -121.11496 -2.40417 281.58521 -184.02519 -47.31551 NaN NaN NaN 8.97476 -162.69279 25.62440 -49.43699 -190.59447 -87.48579
36986 4.28628 NaN NaN NaN 181.59930 -121.21845 -2.37746 281.60754 -184.03090 -47.34773 NaN NaN NaN 9.77477 -161.84250 25.45761 -49.87633 -191.06670 -86.69253
36987 4.29461 NaN NaN NaN 181.61052 -121.28563 -2.39142 281.63174 -184.06909 -47.39795 NaN NaN NaN 10.51663 -161.03287 25.28039 -50.29064 -191.46283 -85.90042
36988 4.30294 NaN NaN NaN 181.63023 -121.37639 -2.36305 281.64749 -184.11137 -47.43736 NaN NaN NaN 11.24534 -160.26692 25.04238 -50.63190 -191.76085 -85.25140
36989 4.31127 NaN NaN NaN 181.65353 -121.47110 -2.35218 281.70676 -184.17747 -47.53425 NaN NaN NaN 11.88951 -159.51100 24.82902 -50.98129 -192.06645 -84.70352
36990 4.31960 NaN NaN NaN 181.69814 -121.57024 -2.28415 281.74103 -184.21054 -47.60154 NaN NaN NaN 12.52108 -158.81105 24.57389 -51.29699 -192.44931 -84.02347
36991 4.32793 NaN NaN NaN 181.72081 -121.64510 -2.23452 281.76773 -184.22876 -47.70694 NaN NaN NaN 13.09725 -158.18982 24.36706 -51.62772 -192.78067 -83.43440
36992 4.33626 NaN NaN NaN 181.79034 -121.79585 -2.13331 281.79282 -184.23318 -47.76656 NaN NaN NaN 13.64687 -157.57642 24.17492 -51.90966 -193.06674 -82.82256
36993 4.34460 NaN NaN NaN 181.84837 -121.97218 -2.01888 281.83813 -184.25681 -47.89411 NaN NaN NaN 14.15509 -156.96964 23.95985 -52.08456 -193.33644 -82.32197
36994 4.35293 NaN NaN NaN 181.90256 -122.13039 -1.90467 281.88107 -184.28772 -47.95969 NaN NaN NaN 14.66281 -156.42477 23.74057 -52.20335 -193.50053 -81.89114
36995 4.36126 NaN NaN NaN 182.00073 -122.27580 -1.79517 281.93024 -184.34604 -48.03097 NaN NaN NaN 15.09581 -155.93529 23.52846 -52.28804 -193.60588 -81.49556
36996 4.36959 NaN NaN NaN 182.06186 -122.40499 -1.68291 281.96075 -184.39789 -48.05647 NaN NaN NaN 15.48177 -155.44815 23.34289 -52.35600 -193.66010 -81.23963
36997 4.37792 NaN NaN NaN 182.16048 -122.55195 -1.52941 281.98441 -184.43282 -48.08957 NaN NaN NaN 15.85746 -155.01645 23.15116 -52.37069 -193.71809 -80.99355
36998 4.38625 NaN NaN NaN 182.19719 -122.67213 -1.39848 282.02750 -184.45836 -48.14249 NaN NaN NaN 16.25334 -154.56329 22.94950 -52.38935 -193.77042 -80.74861
36999 4.39458 NaN NaN NaN 182.29861 -122.81466 -1.23177 282.08539 -184.50298 -48.20870 NaN NaN NaN 16.70636 -154.09618 22.74684 -52.38430 -193.84763 -80.41409
37000 4.40291 NaN NaN NaN 182.37621 -122.96082 -1.08506 282.13284 -184.52846 -48.29501 NaN NaN NaN 17.19966 -153.69882 22.51846 -52.38435 -193.91026 -80.07759
37001 4.41125 NaN NaN NaN 182.45049 -123.08526 -0.94145 282.16495 -184.55688 -48.40353 NaN NaN NaN 17.69038 -153.25757 22.28126 -52.40122 -194.01868 -79.83988
37002 4.41958 NaN NaN NaN 182.53464 -123.32093 -0.78311 282.23132 -184.61415 -48.55630 NaN NaN NaN 18.18220 -152.81540 21.94611 -52.41405 -194.12146 -79.60768
37003 4.42791 NaN NaN NaN 182.62448 -123.51707 -0.65834 282.28024 -184.69342 -48.65168 NaN NaN NaN 18.73187 -152.31628 21.64518 -52.38505 -194.20216 -79.23891
37004 4.43624 NaN NaN NaN 182.73602 -123.67110 -0.53862 282.33835 -184.77087 -48.74475 NaN NaN NaN 19.27783 -151.77609 21.35170 -52.35182 -194.32823 -78.87055
37005 4.44457 NaN NaN NaN 182.81529 -123.80373 -0.47208 282.35889 -184.79987 -48.81373 NaN NaN NaN 19.82150 -151.29190 21.05672 -52.30633 -194.41365 -78.55518
37006 4.45290 NaN NaN NaN 182.82950 -123.89382 -0.45316 282.37958 -184.80008 -48.88712 NaN NaN NaN 20.35517 -150.84866 20.82944 -52.27444 -194.53564 -78.22037
37007 4.46123 NaN NaN NaN 182.82571 -123.96829 -0.45030 282.37415 -184.78876 -48.92141 NaN NaN NaN 20.87153 -150.44228 20.56882 -52.22145 -194.64365 -77.92706
37008 4.46956 NaN NaN NaN 182.80298 -124.00173 -0.46753 282.38141 -184.78659 -48.95144 NaN NaN NaN 21.34300 -149.97513 20.27500 -52.15669 -194.72113 -77.64861
37009 4.47790 NaN NaN NaN 182.77733 -124.05264 -0.49609 282.38257 -184.80835 -48.93162 NaN NaN NaN 21.80610 -149.57646 20.00619 -52.12532 -194.78325 -77.35531
37010 4.48623 NaN NaN NaN 182.73792 -124.08335 -0.51666 282.37039 -184.83257 -48.92975 NaN NaN NaN 22.26737 -149.17754 19.81101 -52.06875 -194.88925 -76.93221
37011 4.49456 NaN NaN NaN 182.69141 -124.12395 -0.52425 282.33313 -184.82906 -48.90254 NaN NaN NaN 22.69607 -148.75534 19.60740 -52.02297 -194.99130 -76.68605
37012 4.50289 NaN NaN NaN 182.61922 -124.12845 -0.51987 282.32135 -184.81834 -48.89827 NaN NaN NaN 23.10060 -148.35022 19.36381 -51.96398 -195.04686 -76.47642
37013 4.51122 NaN NaN NaN 182.56310 -124.14216 -0.51937 282.30981 -184.80162 -48.88166 NaN NaN NaN 23.47045 -148.03491 19.16679 -51.88978 -195.03914 -76.23949
37014 4.51955 NaN NaN NaN 182.50754 -124.13442 -0.50157 282.27435 -184.81728 -48.86987 NaN NaN NaN 23.84071 -147.74535 18.91217 -51.83847 -195.04062 -75.96268
37015 4.52788 NaN NaN NaN 182.47316 -124.14466 -0.48645 282.26016 -184.81494 -48.86203 NaN NaN NaN 24.19929 -147.35860 18.65829 -51.83165 -195.05945 -75.69146
37016 4.53622 NaN NaN NaN 182.47864 -124.17834 -0.44334 282.25665 -184.81339 -48.87283 NaN NaN NaN 24.54526 -147.02614 18.46614 -51.82721 -195.07620 -75.48486
37017 4.54455 NaN NaN NaN 182.51138 -124.21999 -0.36653 282.26627 -184.80913 -48.87922 NaN NaN NaN 24.87800 -146.69141 18.29336 -51.77205 -195.15781 -75.25478
37018 4.55288 NaN NaN NaN 182.57588 -124.24484 -0.29009 282.28522 -184.81425 -48.92785 NaN NaN NaN 25.18034 -146.35820 18.10040 -51.71615 -195.22394 -75.02751
37019 4.56121 NaN NaN NaN 182.61020 -124.28051 -0.21810 282.28940 -184.81265 -48.95318 NaN NaN NaN 25.48376 -146.05177 17.88976 -51.69276 -195.24928 -74.84821
37020 4.56954 NaN NaN NaN 182.65527 -124.35436 -0.15122 282.31290 -184.84811 -48.98113 NaN NaN NaN 25.75301 -145.75587 17.71014 -51.67342 -195.25708 -74.66975
37021 4.57787 NaN NaN NaN 182.70717 -124.39115 -0.06129 282.33273 -184.85007 -49.01286 NaN NaN NaN 26.02061 -145.49323 17.50758 -51.67281 -195.25639 -74.50388
37022 4.58620 NaN NaN NaN 182.72556 -124.43387 -0.00054 282.35403 -184.85277 -49.05238 NaN NaN NaN 26.28819 -145.21860 17.32602 -51.62355 -195.24460 -74.36430
37023 4.59453 NaN NaN NaN 182.76271 -124.45152 0.04177 282.35931 -184.85913 -49.07918 NaN NaN NaN 26.56096 -144.91754 17.14908 -51.62431 -195.21840 -74.18475
37024 4.60287 NaN NaN NaN 182.78680 -124.47195 0.05774 282.37064 -184.87546 -49.10934 NaN NaN NaN 26.79978 -144.66470 16.99907 -51.59735 -195.23376 -73.98759
37025 4.61120 NaN NaN NaN 182.78677 -124.48434 0.07486 282.38535 -184.86882 -49.12994 NaN NaN NaN 27.04078 -144.42615 16.79710 -51.57610 -195.22888 -73.84887
37026 4.61953 NaN NaN NaN 182.77397 -124.48138 0.04948 282.39423 -184.86583 -49.13299 NaN NaN NaN 27.24653 -144.20816 16.67219 -51.53270 -195.21396 -73.77186
37027 4.62786 NaN NaN NaN 182.74858 -124.48972 0.03796 282.37857 -184.82361 -49.10821 NaN NaN NaN 27.49083 -143.98564 16.53778 -51.49900 -195.16217 -73.62946
37028 4.63619 NaN NaN NaN 182.69521 -124.46393 -0.00310 282.37064 -184.79022 -49.11054 NaN NaN NaN 27.70635 -143.75648 16.40193 -51.47614 -195.09975 -73.48497
37029 4.64452 NaN NaN NaN 182.67455 -124.43795 -0.03685 282.36475 -184.75792 -49.07876 NaN NaN NaN 27.95057 -143.52078 16.25814 -51.48402 -195.10663 -73.37919
37030 4.65285 NaN NaN NaN 182.64322 -124.41867 -0.09029 282.35233 -184.75407 -49.08584 NaN NaN NaN 28.15844 -143.27930 16.09292 -51.47515 -195.11113 -73.25735
37031 4.66118 NaN NaN NaN 182.61632 -124.40703 -0.10211 282.33316 -184.71867 -49.07102 NaN NaN NaN 28.35763 -143.09253 15.88909 -51.46132 -195.12891 -73.12085
37032 4.66952 NaN NaN NaN 182.60474 -124.39744 -0.10688 282.33398 -184.72427 -49.06194 NaN NaN NaN 28.56059 -142.91956 15.72895 -51.45113 -195.13509 -72.94630
37033 4.67785 NaN NaN NaN 182.57347 -124.42311 -0.07732 282.31796 -184.71231 -49.04706 NaN NaN NaN 28.69690 -142.74350 15.64979 -51.43915 -195.16037 -72.81041
37034 4.68618 NaN NaN NaN 182.56927 -124.44449 -0.05859 282.32437 -184.69659 -49.05233 NaN NaN NaN 28.82312 -142.59747 15.56251 -51.40377 -195.16899 -72.71198
37035 4.69451 NaN NaN NaN 182.57556 -124.47521 -0.01474 282.32556 -184.69235 -49.03730 NaN NaN NaN 28.90195 -142.51387 15.48723 -51.34234 -195.14450 -72.66648
37036 4.70284 NaN NaN NaN 182.54669 -124.48889 0.00206 282.34009 -184.68552 -49.03264 NaN NaN NaN 28.95598 -142.45656 15.46220 -51.29276 -195.13571 -72.65392
37037 4.71117 NaN NaN NaN 182.56355 -124.52319 0.02378 282.34738 -184.67581 -49.01722 NaN NaN NaN 28.99448 -142.41339 15.45115 -51.24928 -195.12111 -72.67139
37038 4.71950 NaN NaN NaN 182.55956 -124.55800 0.04858 282.35831 -184.67702 -49.02579 NaN NaN NaN 29.03693 -142.41647 15.44369 -51.17879 -195.08099 -72.71414
37039 4.72784 NaN NaN NaN 182.54491 -124.58812 0.08172 282.36679 -184.66417 -48.99748 NaN NaN NaN 29.06073 -142.40199 15.44957 -51.10620 -195.04543 -72.75971
37040 4.73617 NaN NaN NaN 182.53532 -124.61868 0.11297 282.38364 -184.66873 -48.98888 NaN NaN NaN 29.16508 -142.39767 15.42481 -51.00272 -195.00391 -72.82701
37041 4.74450 NaN NaN NaN 182.51443 -124.66030 0.15061 282.38721 -184.65602 -48.96072 NaN NaN NaN 29.26954 -142.33621 15.39501 -50.94332 -194.93381 -72.87175
