Frame# Time LH1 LH2 LH3 RH1 RH2 RH3
X54 Y54 Z54 X55 Y55 Z55 X56 Y56 Z56 X57 Y57 Z57 X58 Y58 Z58 X59 Y59 Z59
38159 0.00207 NaN NaN NaN 175.69125 -105.97363 -10.38614 273.95920 -179.87914 -40.12088 NaN NaN NaN 7.01051 -155.94058 34.24004 -63.67752 -199.67445 -66.14799
38160 0.01040 NaN NaN NaN 175.63672 -105.97237 -10.40267 273.95541 -179.87247 -40.12137 NaN NaN NaN 6.96808 -156.05774 34.19148 -63.64959 -199.66644 -66.30905
38161 0.01873 NaN NaN NaN 175.61208 -105.90575 -10.49500 273.92050 -179.87793 -40.10437 NaN NaN NaN 6.98232 -156.17007 34.16534 -63.61642 -199.71086 -66.37809
38162 0.02706 NaN NaN NaN 175.57851 -105.81297 -10.58056 273.87750 -179.86789 -40.06691 NaN NaN NaN 7.00930 -156.26108 34.16153 -63.60560 -199.76195 -66.37306
38163 0.03539 NaN NaN NaN 175.52226 -105.72941 -10.64524 273.82007 -179.86658 -40.03107 NaN NaN NaN 7.00719 -156.33281 34.20988 -63.60474 -199.84247 -66.36284
38164 0.04373 NaN NaN NaN 175.46584 -105.64001 -10.69650 273.73923 -179.81017 -39.96459 NaN NaN NaN 6.96697 -156.42018 34.27235 -63.56230 -199.86464 -66.33104
38165 0.05206 NaN NaN NaN 175.40079 -105.56470 -10.74188 273.65906 -179.77707 -39.89745 NaN NaN NaN 6.94318 -156.49799 34.35247 -63.52982 -199.92815 -66.32715
38166 0.06039 NaN NaN NaN 175.36038 -105.46153 -10.78337 273.58524 -179.72279 -39.82464 NaN NaN NaN 6.90856 -156.59422 34.44056 -63.49427 -199.96201 -66.30291
38167 0.06872 NaN NaN NaN 175.32304 -105.40202 -10.80963 273.52725 -179.70189 -39.74310 NaN NaN NaN 6.86739 -156.70650 34.54618 -63.44393 -199.98456 -66.31424
38168 0.07705 NaN NaN NaN 175.31775 -105.34216 -10.81115 273.47989 -179.66139 -39.66763 NaN NaN NaN 6.82208 -156.80646 34.62690 -63.41645 -199.99263 -66.29072
38169 0.08538 NaN NaN NaN 175.29851 -105.34268 -10.76557 273.48975 -179.66147 -39.64998 NaN NaN NaN 6.78939 -156.87967 34.68925 -63.37781 -200.03043 -66.30190
38170 0.09371 NaN NaN NaN 175.30324 -105.34464 -10.72151 273.49228 -179.66846 -39.65324 NaN NaN NaN 6.78332 -156.94954 34.74713 -63.32994 -200.06134 -66.27269
38171 0.10205 NaN NaN NaN 175.31418 -105.36884 -10.67550 273.50055 -179.69005 -39.70507 NaN NaN NaN 6.79060 -156.96748 34.82825 -63.29200 -200.09718 -66.27836
38172 0.11038 NaN NaN NaN 175.29227 -105.48154 -10.55652 273.48767 -179.70049 -39.73589 NaN NaN NaN 6.79053 -156.98018 34.86008 -63.23792 -200.09737 -66.25813
38173 0.11871 NaN NaN NaN 175.28839 -105.55230 -10.54771 273.51230 -179.73741 -39.78781 NaN NaN NaN 6.82347 -156.98645 34.91778 -63.18076 -200.11705 -66.29845
38174 0.12704 NaN NaN NaN 175.32500 -105.66741 -10.43267 273.55374 -179.78249 -39.86319 NaN NaN NaN 6.83294 -157.00749 34.95158 -63.13685 -200.06465 -66.30731
38175 0.13537 NaN NaN NaN 175.38094 -105.71113 -10.39477 273.60114 -179.79691 -39.96075 NaN NaN NaN 6.84917 -157.00690 34.94993 -63.10804 -200.05150 -66.32657
38176 0.14370 NaN NaN NaN 175.40224 -105.79422 -10.31094 273.61603 -179.84081 -40.02991 NaN NaN NaN 6.85713 -157.00974 34.97985 -63.07112 -200.00876 -66.31917
38177 0.15203 NaN NaN NaN 175.40543 -105.85654 -10.27689 273.65488 -179.87793 -40.10208 NaN NaN NaN 6.87443 -156.99710 35.00399 -63.03851 -199.97627 -66.32175
38178 0.16036 NaN NaN NaN 175.41833 -105.88278 -10.28555 273.65414 -179.86182 -40.14082 NaN NaN NaN 6.88496 -156.99687 35.01366 -63.05422 -199.92152 -66.27163
38179 0.16870 NaN NaN NaN 175.43672 -105.85598 -10.34228 273.64465 -179.86409 -40.16035 NaN NaN NaN 6.89059 -156.98822 35.01377 -63.08048 -199.90173 -66.23878
38180 0.17703 NaN NaN NaN 175.42242 -105.84567 -10.33347 273.62094 -179.83409 -40.15720 NaN NaN NaN 6.88393 -156.98828 35.02893 -63.11430 -199.88782 -66.19008
38181 0.18536 NaN NaN NaN 175.43359 -105.77625 -10.37656 273.61777 -179.82448 -40.14401 NaN NaN NaN 6.86346 -156.96303 35.05358 -63.13103 -199.85352 -66.16868
38182 0.19369 NaN NaN NaN 175.44409 -105.72907 -10.36587 273.59277 -179.82295 -40.10642 NaN NaN NaN 6.80939 -156.97116 35.07980 -63.13951 -199.81647 -66.15540
38183 0.20202 NaN NaN NaN 175.44156 -105.65428 -10.39748 273.58102 -179.80629 -40.09972 NaN NaN NaN 6.77037 -156.98116 35.13029 -63.15527 -199.81531 -66.13979
38184 0.21035 NaN NaN NaN 175.42960 -105.60138 -10.44299 273.54504 -179.78668 -40.07533 NaN NaN NaN 6.73830 -157.00290 35.16383 -63.18244 -199.79735 -66.13500
38185 0.21868 NaN NaN NaN 175.40512 -105.59430 -10.47017 273.54944 -179.78697 -40.06903 NaN NaN NaN 6.70611 -157.01016 35.19663 -63.18198 -199.80602 -66.11958
38186 0.22701 NaN NaN NaN 175.38689 -105.63030 -10.43483 273.53827 -179.75468 -40.04753 NaN NaN NaN 6.67540 -157.02457 35.22794 -63.19684 -199.76199 -66.13495
38187 0.23535 NaN NaN NaN 175.38811 -105.67273 -10.42696 273.54639 -179.75981 -40.05896 NaN NaN NaN 6.65361 -157.02933 35.26878 -63.18235 -199.73518 -66.13679
38188 0.24368 NaN NaN NaN 175.41071 -105.67589 -10.41336 273.55914 -179.76537 -40.08106 NaN NaN NaN 6.65339 -157.02197 35.24329 -63.19587 -199.69359 -66.14957
38189 0.25201 NaN NaN NaN 175.44794 -105.62720 -10.41689 273.59030 -179.77414 -40.11245 NaN NaN NaN 6.68206 -157.00583 35.23775 -63.17774 -199.70959 -66.13000
38190 0.26034 NaN NaN NaN 175.45644 -105.67731 -10.38044 273.58148 -179.77745 -40.09460 NaN NaN NaN 6.73203 -156.98778 35.21601 -63.18232 -199.69044 -66.14471
38191 0.26867 NaN NaN NaN 175.45128 -105.67353 -10.37661 273.60452 -179.78008 -40.11456 NaN NaN NaN 6.76108 -156.96762 35.19051 -63.17880 -199.69150 -66.13707
38192 0.27700 NaN NaN NaN 175.42157 -105.72855 -10.32449 273.60159 -179.76965 -40.12232 NaN NaN NaN 6.77707 -156.95155 35.17183 -63.16525 -199.69495 -66.14909
38193 0.28533 NaN NaN NaN 175.42183 -105.74612 -10.31860 273.61057 -179.76653 -40.13337 NaN NaN NaN 6.78263 -156.95924 35.19634 -63.13565 -199.71046 -66.13510
38194 0.29367 NaN NaN NaN 175.41370 -105.76774 -10.30235 273.58011 -179.76726 -40.10273 NaN NaN NaN 6.79608 -156.98808 35.19085 -63.10836 -199.69582 -66.15142
38195 0.30200 NaN NaN NaN 175.40604 -105.74657 -10.31707 273.56134 -179.76218 -40.11585 NaN NaN NaN 6.78269 -157.02815 35.18341 -63.08665 -199.69452 -66.19451
38196 0.31033 NaN NaN NaN 175.39944 -105.72511 -10.30450 273.55759 -179.77525 -40.08102 NaN NaN NaN 6.75579 -157.06738 35.18730 -63.07285 -199.69334 -66.22320
38197 0.31866 NaN NaN NaN 175.39569 -105.71820 -10.29062 273.57483 -179.76228 -40.08720 NaN NaN NaN 6.74185 -157.06952 35.18475 -63.06350 -199.68344 -66.28468
38198 0.32699 NaN NaN NaN 175.38268 -105.73830 -10.27652 273.57080 -179.77565 -40.07785 NaN NaN NaN 6.74451 -157.08577 35.17704 -63.06590 -199.66469 -66.31423
38199 0.33532 NaN NaN NaN 175.38702 -105.73324 -10.27662 273.56595 -179.78392 -40.09257 NaN NaN NaN 6.73489 -157.11641 35.19362 -63.06760 -199.66322 -66.31995
38200 0.34365 NaN NaN NaN 175.37848 -105.74976 -10.26427 273.55124 -179.77841 -40.08366 NaN NaN NaN 6.72150 -157.13046 35.19527 -63.06591 -199.67058 -66.32864
38201 0.35198 NaN NaN NaN 175.37570 -105.76321 -10.26180 273.54254 -179.77161 -40.10265 NaN NaN NaN 6.71728 -157.15790 35.20520 -63.05735 -199.67357 -66.31449
38202 0.36032 NaN NaN NaN 175.36357 -105.76788 -10.27745 273.53397 -179.76120 -40.07832 NaN NaN NaN 6.68798 -157.16515 35.21425 -63.06152 -199.67741 -66.29630
38203 0.36865 NaN NaN NaN 175.35542 -105.76761 -10.28624 273.54080 -179.76614 -40.06711 NaN NaN NaN 6.68254 -157.18256 35.24773 -63.05914 -199.67049 -66.30183
38204 0.37698 NaN NaN NaN 175.33820 -105.73689 -10.30382 273.52173 -179.74463 -40.04020 NaN NaN NaN 6.66778 -157.18735 35.26898 -63.07359 -199.67247 -66.29915
38205 0.38531 NaN NaN NaN 175.34261 -105.64849 -10.36235 273.49844 -179.74300 -40.01714 NaN NaN NaN 6.65415 -157.19148 35.29401 -63.07000 -199.67226 -66.28786
38206 0.39364 NaN NaN NaN 175.32133 -105.66457 -10.34585 273.48236 -179.70837 -40.02785 NaN NaN NaN 6.65511 -157.20111 35.30222 -63.06797 -199.69164 -66.25444
38207 0.40197 NaN NaN NaN 175.31029 -105.67494 -10.35955 273.48294 -179.72636 -40.02069 NaN NaN NaN 6.65255 -157.21017 35.32299 -63.05044 -199.69801 -66.24319
38208 0.41030 NaN NaN NaN 175.31126 -105.70212 -10.36290 273.48392 -179.73082 -40.02140 NaN NaN NaN 6.65990 -157.21036 35.34806 -63.04706 -199.71164 -66.20753
38209 0.41863 NaN NaN NaN 175.32379 -105.67552 -10.38239 273.48218 -179.75089 -40.03553 NaN NaN NaN 6.69420 -157.21434 35.36094 -63.05066 -199.73138 -66.17715
38210 0.42697 NaN NaN NaN 175.33943 -105.74114 -10.33546 273.49197 -179.75731 -40.04773 NaN NaN NaN 6.72477 -157.19484 35.32308 -63.06395 -199.74628 -66.13863
38211 0.43530 NaN NaN NaN 175.35358 -105.79285 -10.28001 273.52930 -179.77376 -40.11340 NaN NaN NaN 6.78245 -157.15817 35.30357 -63.11661 -199.76494 -66.13483
38212 0.44363 NaN NaN NaN 175.38530 -105.81417 -10.23863 273.55237 -179.78819 -40.12923 NaN NaN NaN 6.79470 -157.13249 35.25883 -63.13730 -199.76300 -66.13973
38213 0.45196 NaN NaN NaN 175.42004 -105.84060 -10.19940 273.58325 -179.79924 -40.17134 NaN NaN NaN 6.77100 -157.16263 35.21407 -63.11707 -199.77065 -66.16261
38214 0.46029 NaN NaN NaN 175.41118 -105.88824 -10.17752 273.60403 -179.82404 -40.17720 NaN NaN NaN 6.73442 -157.19368 35.19766 -63.09755 -199.75316 -66.21209
38215 0.46862 NaN NaN NaN 175.42107 -105.87390 -10.18244 273.59741 -179.84157 -40.18799 NaN NaN NaN 6.71288 -157.22069 35.20237 -63.09067 -199.73965 -66.27264
38216 0.47695 NaN NaN NaN 175.40048 -105.90764 -10.19944 273.59106 -179.86108 -40.18686 NaN NaN NaN 6.72934 -157.23921 35.19974 -63.09264 -199.72954 -66.29228
38217 0.48529 NaN NaN NaN 175.42096 -105.87539 -10.22641 273.58463 -179.86400 -40.20166 NaN NaN NaN 6.74207 -157.24680 35.19624 -63.07582 -199.72743 -66.31915
38218 0.49362 NaN NaN NaN 175.40306 -105.89882 -10.23653 273.59406 -179.86568 -40.19954 NaN NaN NaN 6.73475 -157.25211 35.19093 -63.08459 -199.74413 -66.32587
38219 0.50195 NaN NaN NaN 175.40575 -105.90887 -10.26802 273.59363 -179.87631 -40.20756 NaN NaN NaN 6.73729 -157.25447 35.19338 -63.06931 -199.76227 -66.34129
38220 0.51028 NaN NaN NaN 175.39346 -105.90706 -10.27810 273.60147 -179.87062 -40.21431 NaN NaN NaN 6.75222 -157.25977 35.20154 -63.08729 -199.76041 -66.30720
38221 0.51861 NaN NaN NaN 175.42270 -105.84959 -10.31658 273.60324 -179.87260 -40.22599 NaN NaN NaN 6.75506 -157.25133 35.20177 -63.10261 -199.75284 -66.27640
38222 0.52694 NaN NaN NaN 175.41222 -105.87994 -10.30971 273.59232 -179.88443 -40.21862 NaN NaN NaN 6.75353 -157.25168 35.21331 -63.11751 -199.75876 -66.25483
38223 0.53527 NaN NaN NaN 175.42847 -105.84362 -10.32837 273.60962 -179.88896 -40.22802 NaN NaN NaN 6.74188 -157.25255 35.21088 -63.10593 -199.78110 -66.24623
38224 0.54360 NaN NaN NaN 175.44562 -105.84454 -10.33751 273.60736 -179.86566 -40.23702 NaN NaN NaN 6.77186 -157.25464 35.21756 -63.09898 -199.77052 -66.20973
38225 0.55194 NaN NaN NaN 175.44646 -105.83669 -10.33473 273.61615 -179.87585 -40.23418 NaN NaN NaN 6.76577 -157.24171 35.22941 -63.09848 -199.77037 -66.18282
38226 0.56027 NaN NaN NaN 175.42856 -105.87764 -10.30393 273.62112 -179.88823 -40.23034 NaN NaN NaN 6.76536 -157.24417 35.25449 -63.10328 -199.75821 -66.16987
38227 0.56860 NaN NaN NaN 175.45085 -105.88942 -10.27602 273.63492 -179.88377 -40.23417 NaN NaN NaN 6.78876 -157.25369 35.29671 -63.10137 -199.75966 -66.14467
38228 0.57693 NaN NaN NaN 175.46172 -105.90015 -10.25720 273.63577 -179.89781 -40.23072 NaN NaN NaN 6.78239 -157.25978 35.30599 -63.10390 -199.75409 -66.14792
38229 0.58526 NaN NaN NaN 175.44720 -105.92535 -10.24864 273.64337 -179.90057 -40.23738 NaN NaN NaN 6.77798 -157.27711 35.32377 -63.07941 -199.74933 -66.14136
38230 0.59359 NaN NaN NaN 175.43405 -105.92997 -10.25008 273.63712 -179.89262 -40.22929 NaN NaN NaN 6.77504 -157.28192 35.34349 -63.07219 -199.74344 -66.15462
38231 0.60192 NaN NaN NaN 175.44249 -105.92439 -10.24934 273.65259 -179.88354 -40.24316 NaN NaN NaN 6.78453 -157.27924 35.36227 -63.07433 -199.73283 -66.15440
38232 0.61025 NaN NaN NaN 175.43904 -105.92081 -10.26373 273.65219 -179.87521 -40.23857 NaN NaN NaN 6.77853 -157.27721 35.38442 -63.07327 -199.73340 -66.13552
38233 0.61859 NaN NaN NaN 175.47482 -105.86497 -10.29837 273.66650 -179.87572 -40.24099 NaN NaN NaN 6.77660 -157.30667 35.40646 -63.05352 -199.72238 -66.13375
38234 0.62692 NaN NaN NaN 175.47772 -105.83239 -10.31751 273.65027 -179.89220 -40.24037 NaN NaN NaN 6.77651 -157.33638 35.42577 -63.03492 -199.74355 -66.11134
38235 0.63525 NaN NaN NaN 175.46480 -105.82591 -10.34350 273.65503 -179.88292 -40.24946 NaN NaN NaN 6.78092 -157.34874 35.42942 -63.04990 -199.75516 -66.07732
38236 0.64358 NaN NaN NaN 175.43816 -105.87607 -10.31340 273.65915 -179.87848 -40.22718 NaN NaN NaN 6.78534 -157.35463 35.44600 -63.04154 -199.75600 -66.06680
38237 0.65191 NaN NaN NaN 175.45746 -105.88187 -10.34736 273.65869 -179.86725 -40.24413 NaN NaN NaN 6.79231 -157.35240 35.45404 -63.04309 -199.77107 -66.05682
38238 0.66024 NaN NaN NaN 175.49348 -105.82513 -10.36416 273.63593 -179.86916 -40.25041 NaN NaN NaN 6.78893 -157.36182 35.46902 -63.03679 -199.77795 -66.04770
38239 0.66857 NaN NaN NaN 175.48323 -105.83418 -10.35121 273.64099 -179.88016 -40.25635 NaN NaN NaN 6.79762 -157.35745 35.47179 -63.02922 -199.78848 -66.01943
38240 0.67690 NaN NaN NaN 175.47125 -105.83054 -10.34493 273.63583 -179.89317 -40.24924 NaN NaN NaN 6.79755 -157.35596 35.50697 -63.04440 -199.79292 -65.99059
38241 0.68524 NaN NaN NaN 175.45798 -105.83132 -10.35484 273.63614 -179.88924 -40.24998 NaN NaN NaN 6.78076 -157.36540 35.53410 -63.03303 -199.78658 -65.96300
38242 0.69357 NaN NaN NaN 175.44151 -105.88043 -10.31012 273.62537 -179.89029 -40.25390 NaN NaN NaN 6.78703 -157.38184 35.56944 -63.06274 -199.80492 -65.93103
38243 0.70190 NaN NaN NaN 175.46176 -105.84650 -10.31704 273.62918 -179.87569 -40.25364 NaN NaN NaN 6.78822 -157.38243 35.60631 -63.06179 -199.81870 -65.88535
38244 0.71023 NaN NaN NaN 175.46271 -105.87310 -10.30278 273.61853 -179.87277 -40.26269 NaN NaN NaN 6.80942 -157.37177 35.63581 -63.05739 -199.80400 -65.84740
38245 0.71856 NaN NaN NaN 175.47511 -105.82434 -10.31828 273.62195 -179.86665 -40.27561 NaN NaN NaN 6.81119 -157.38135 35.66980 -63.04969 -199.79912 -65.81759
38246 0.72689 NaN NaN NaN 175.45090 -105.84847 -10.31122 273.61752 -179.87018 -40.28089 NaN NaN NaN 6.78783 -157.36923 35.68809 -63.08183 -199.81116 -65.79834
38247 0.73522 NaN NaN NaN 175.45981 -105.83627 -10.33776 273.61685 -179.87396 -40.30583 NaN NaN NaN 6.79566 -157.37195 35.72041 -63.10134 -199.80550 -65.77869
38248 0.74356 NaN NaN NaN 175.49913 -105.78782 -10.35559 273.60345 -179.87982 -40.28390 NaN NaN NaN 6.78899 -157.34183 35.74340 -63.10336 -199.80353 -65.76215
38249 0.75189 NaN NaN NaN 175.47517 -105.80012 -10.36664 273.59836 -179.89000 -40.29477 NaN NaN NaN 6.77582 -157.34949 35.75595 -63.10298 -199.80049 -65.75083
38250 0.76022 NaN NaN NaN 175.46408 -105.81475 -10.35833 273.59451 -179.92126 -40.32552 NaN NaN NaN 6.76462 -157.33932 35.77112 -63.12723 -199.79279 -65.72466
38251 0.76855 NaN NaN NaN 175.45026 -105.83689 -10.36680 273.58075 -179.90820 -40.32513 NaN NaN NaN 6.77255 -157.35655 35.77870 -63.13174 -199.79498 -65.71282
38252 0.77688 NaN NaN NaN 175.45776 -105.84357 -10.36360 273.58319 -179.93002 -40.32397 NaN NaN NaN 6.76548 -157.34630 35.77578 -63.14190 -199.80228 -65.72364
38253 0.78521 NaN NaN NaN 175.45392 -105.84042 -10.40586 273.58759 -179.91389 -40.32428 NaN NaN NaN 6.78717 -157.36563 35.78191 -63.14985 -199.78485 -65.70450
38254 0.79354 NaN NaN NaN 175.45413 -105.83076 -10.39330 273.58484 -179.92714 -40.33971 NaN NaN NaN 6.77553 -157.33853 35.79475 -63.18854 -199.76630 -65.65237
38255 0.80187 NaN NaN NaN 175.45366 -105.83723 -10.40010 273.59042 -179.90860 -40.34293 NaN NaN NaN 6.79973 -157.34000 35.79528 -63.22987 -199.76630 -65.60320
38256 0.81021 NaN NaN NaN 175.45720 -105.83082 -10.38415 273.59036 -179.92577 -40.34650 NaN NaN NaN 6.78646 -157.33878 35.80210 -63.25290 -199.79936 -65.59726
38257 0.81854 NaN NaN NaN 175.46243 -105.84686 -10.40433 273.59619 -179.91055 -40.35642 NaN NaN NaN 6.77989 -157.36890 35.80890 -63.27833 -199.80205 -65.58345
38258 0.82687 NaN NaN NaN 175.46260 -105.83956 -10.44156 273.57935 -179.93039 -40.34985 NaN NaN NaN 6.75246 -157.40935 35.84003 -63.27840 -199.81886 -65.59087
38259 0.83520 NaN NaN NaN 175.45316 -105.83801 -10.46114 273.57895 -179.89580 -40.34837 NaN NaN NaN 6.75478 -157.44621 35.87466 -63.28815 -199.81436 -65.55928
38260 0.84353 NaN NaN NaN 175.44395 -105.84463 -10.48353 273.56567 -179.90727 -40.34406 NaN NaN NaN 6.74816 -157.46225 35.90363 -63.29896 -199.80363 -65.54816
38261 0.85186 NaN NaN NaN 175.43407 -105.84154 -10.48869 273.54510 -179.90326 -40.32339 NaN NaN NaN 6.73633 -157.47227 35.91182 -63.31969 -199.80023 -65.53531
38262 0.86019 NaN NaN NaN 175.41914 -105.83855 -10.49333 273.53131 -179.92746 -40.33325 NaN NaN NaN 6.74025 -157.46497 35.92908 -63.32822 -199.81456 -65.48625
38263 0.86852 NaN NaN NaN 175.41486 -105.83530 -10.49455 273.52267 -179.93587 -40.32960 NaN NaN NaN 6.74032 -157.47412 35.94339 -63.34526 -199.82042 -65.44983
38264 0.87686 NaN NaN NaN 175.39981 -105.87036 -10.46478 273.54156 -179.95107 -40.33177 NaN NaN NaN 6.72125 -157.46214 35.99745 -63.34723 -199.83572 -65.45029
38265 0.88519 NaN NaN NaN 175.41531 -105.84899 -10.48235 273.52319 -179.93237 -40.33110 NaN NaN NaN 6.70256 -157.49542 36.00051 -63.35619 -199.84445 -65.45133
38266 0.89352 NaN NaN NaN 175.41615 -105.86935 -10.45695 273.52631 -179.94748 -40.34119 NaN NaN NaN 6.70936 -157.49870 36.02769 -63.36154 -199.85028 -65.43335
38267 0.90185 NaN NaN NaN 175.43587 -105.85696 -10.46838 273.52310 -179.93961 -40.34363 NaN NaN NaN 6.74569 -157.47932 36.00012 -63.38116 -199.85536 -65.39333
38268 0.91018 NaN NaN NaN 175.44983 -105.84669 -10.46667 273.53809 -179.96274 -40.35415 NaN NaN NaN 6.75095 -157.46336 36.00957 -63.40358 -199.85915 -65.36479
38269 0.91851 NaN NaN NaN 175.45984 -105.84986 -10.43088 273.56012 -179.96361 -40.38237 NaN NaN NaN 6.77855 -157.47043 35.96131 -63.41648 -199.86136 -65.35920
38270 0.92684 NaN NaN NaN 175.49313 -105.83072 -10.38047 273.60495 -179.98737 -40.38430 NaN NaN NaN 6.79952 -157.45004 35.94392 -63.44083 -199.84677 -65.34986
38271 0.93518 NaN NaN NaN 175.49696 -105.93672 -10.25371 273.63898 -179.99533 -40.42844 NaN NaN NaN 6.85008 -157.39166 35.91428 -63.50560 -199.86064 -65.30609
38272 0.94351 NaN NaN NaN 175.53389 -106.04964 -10.14198 273.66541 -179.99205 -40.45164 NaN NaN NaN 6.86496 -157.34250 35.88765 -63.56828 -199.84319 -65.26324
38273 0.95184 NaN NaN NaN 175.58405 -106.11182 -10.11336 273.67297 -179.98524 -40.47147 NaN NaN NaN 6.84679 -157.35233 35.81509 -63.60251 -199.83762 -65.27314
38274 0.96017 NaN NaN NaN 175.59622 -106.16111 -10.08800 273.68750 -179.99800 -40.47505 NaN NaN NaN 6.80810 -157.36989 35.76757 -63.63984 -199.82558 -65.31132
38275 0.96850 NaN NaN NaN 175.62492 -106.14987 -10.09584 273.69449 -180.00995 -40.47145 NaN NaN NaN 6.79215 -157.41118 35.76353 -63.68086 -199.79221 -65.34839
38276 0.97683 NaN NaN NaN 175.60789 -106.13528 -10.10116 273.67892 -179.99799 -40.46362 NaN NaN NaN 6.78647 -157.42702 35.72887 -63.71602 -199.76848 -65.38145
38277 0.98516 NaN NaN NaN 175.58388 -106.09434 -10.13409 273.67529 -179.98827 -40.45044 NaN NaN NaN 6.78667 -157.43748 35.69741 -63.75415 -199.75401 -65.38786
38278 0.99349 NaN NaN NaN 175.53778 -106.05412 -10.17047 273.66873 -179.97931 -40.44339 NaN NaN NaN 6.78653 -157.43030 35.67901 -63.78475 -199.75897 -65.40435
38279 1.00183 NaN NaN NaN 175.51350 -105.99072 -10.23243 273.65024 -179.97609 -40.43680 NaN NaN NaN 6.77859 -157.43861 35.67376 -63.80367 -199.74551 -65.42407
38280 1.01016 NaN NaN NaN 175.51242 -105.91006 -10.30325 273.63989 -179.96710 -40.40678 NaN NaN NaN 6.76967 -157.43442 35.66042 -63.84034 -199.72836 -65.43327
38281 1.01849 NaN NaN NaN 175.51440 -105.87288 -10.34727 273.64813 -179.96602 -40.42606 NaN NaN NaN 6.76126 -157.43414 35.66298 -63.85550 -199.72464 -65.42297
38282 1.02682 NaN NaN NaN 175.49443 -105.91001 -10.31994 273.64120 -179.97334 -40.40733 NaN NaN NaN 6.74118 -157.42192 35.64049 -63.87723 -199.70857 -65.41770
38283 1.03515 NaN NaN NaN 175.50133 -105.89935 -10.34404 273.65018 -179.96111 -40.41163 NaN NaN NaN 6.75233 -157.43030 35.65925 -63.88015 -199.68813 -65.41035
38284 1.04348 NaN NaN NaN 175.49966 -105.91409 -10.32490 273.65115 -179.96777 -40.40615 NaN NaN NaN 6.76081 -157.42651 35.68016 -63.88902 -199.66914 -65.40502
38285 1.05181 NaN NaN NaN 175.51184 -105.92210 -10.32604 273.64740 -179.95589 -40.43162 NaN NaN NaN 6.75619 -157.43147 35.70086 -63.88832 -199.66859 -65.39267
38286 1.06014 NaN NaN NaN 175.51187 -105.99919 -10.26334 273.64639 -179.96193 -40.44756 NaN NaN NaN 6.75722 -157.43430 35.72009 -63.88689 -199.67430 -65.36327
38287 1.06848 NaN NaN NaN 175.51291 -106.02993 -10.23134 273.64807 -179.96950 -40.44040 NaN NaN NaN 6.75826 -157.42979 35.74525 -63.86826 -199.68373 -65.34810
38288 1.07681 NaN NaN NaN 175.52361 -106.07368 -10.19966 273.66165 -179.96878 -40.45564 NaN NaN NaN 6.76136 -157.41003 35.75715 -63.85196 -199.67993 -65.33295
38289 1.08514 NaN NaN NaN 175.56418 -106.09396 -10.19359 273.66064 -179.96117 -40.47938 NaN NaN NaN 6.76903 -157.39557 35.77381 -63.81964 -199.66750 -65.31334
38290 1.09347 NaN NaN NaN 175.59953 -106.14689 -10.15166 273.68918 -179.98413 -40.51400 NaN NaN NaN 6.77406 -157.38602 35.78443 -63.81890 -199.66171 -65.31070
38291 1.10180 NaN NaN NaN 175.63039 -106.16560 -10.12903 273.71301 -179.99022 -40.53987 NaN NaN NaN 6.79791 -157.40509 35.79092 -63.79107 -199.65250 -65.29684
38292 1.11013 NaN NaN NaN 175.63644 -106.16633 -10.10970 273.72049 -180.01198 -40.55621 NaN NaN NaN 6.80538 -157.41357 35.79677 -63.77786 -199.65823 -65.28579
38293 1.11846 NaN NaN NaN 175.63913 -106.18014 -10.09886 273.74060 -180.00624 -40.56759 NaN NaN NaN 6.81261 -157.42084 35.80342 -63.76277 -199.65717 -65.29156
38294 1.12680 NaN NaN NaN 175.65988 -106.19579 -10.09346 273.74466 -180.03194 -40.58548 NaN NaN NaN 6.81211 -157.44405 35.80757 -63.77460 -199.65045 -65.30012
38295 1.13513 NaN NaN NaN 175.66603 -106.19997 -10.10249 273.75626 -180.02858 -40.58505 NaN NaN NaN 6.81636 -157.43629 35.81144 -63.76001 -199.64932 -65.29375
38296 1.14346 NaN NaN NaN 175.65439 -106.20158 -10.09388 273.75192 -180.04446 -40.59236 NaN NaN NaN 6.83803 -157.43703 35.81059 -63.75986 -199.66624 -65.28134
38297 1.15179 NaN NaN NaN 175.68651 -106.19544 -10.10037 273.77945 -180.05620 -40.61211 NaN NaN NaN 6.86425 -157.45399 35.79414 -63.77872 -199.67093 -65.24335
38298 1.16012 NaN NaN NaN 175.72681 -106.22895 -10.07605 273.80939 -180.06853 -40.64068 NaN NaN NaN 6.92396 -157.44547 35.76809 -63.84350 -199.67734 -65.19539
38299 1.16845 NaN NaN NaN 175.75839 -106.25191 -10.05553 273.82611 -180.09064 -40.67694 NaN NaN NaN 6.93898 -157.43761 35.73783 -63.86052 -199.68764 -65.15012
38300 1.17678 NaN NaN NaN 175.76480 -106.30124 -10.03150 273.82999 -180.10507 -40.70118 NaN NaN NaN 6.93791 -157.45116 35.74435 -63.88952 -199.71120 -65.17064
38301 1.18511 NaN NaN NaN 175.77580 -106.30734 -10.03046 273.85004 -180.10120 -40.70798 NaN NaN NaN 6.88652 -157.49475 35.74276 -63.91696 -199.68805 -65.22030
38302 1.19345 NaN NaN NaN 175.81038 -106.27660 -10.07560 273.86417 -180.10097 -40.71844 NaN NaN NaN 6.87528 -157.56639 35.74158 -63.94639 -199.67574 -65.25113
38303 1.20178 NaN NaN NaN 175.79965 -106.29264 -10.05315 273.86920 -180.07640 -40.75462 NaN NaN NaN 6.89892 -157.60776 35.74431 -63.95971 -199.65956 -65.23793
38304 1.21011 NaN NaN NaN 175.81277 -106.25831 -10.08137 273.88895 -180.08673 -40.74380 NaN NaN NaN 6.92465 -157.61099 35.73412 -63.96922 -199.65443 -65.23177
38305 1.21844 NaN NaN NaN 175.80765 -106.28978 -10.05654 273.89862 -180.08699 -40.78371 NaN NaN NaN 6.94678 -157.60649 35.73260 -63.97927 -199.62753 -65.22701
38306 1.22677 NaN NaN NaN 175.80475 -106.35697 -10.02557 273.91238 -180.08475 -40.79917 NaN NaN NaN 6.95571 -157.60677 35.71570 -63.99655 -199.61716 -65.23088
38307 1.23510 NaN NaN NaN 175.80777 -106.37241 -10.01660 273.91919 -180.09164 -40.81141 NaN NaN NaN 6.95495 -157.61122 35.72086 -64.00773 -199.60457 -65.23909
38308 1.24343 NaN NaN NaN 175.83461 -106.39924 -10.01634 273.93634 -180.11925 -40.83566 NaN NaN NaN 6.94152 -157.64320 35.72509 -64.01025 -199.60825 -65.24969
38309 1.25176 NaN NaN NaN 175.82877 -106.41064 -10.02234 273.92450 -180.11069 -40.84811 NaN NaN NaN 6.92560 -157.65015 35.73106 -64.02009 -199.61403 -65.25742
38310 1.26010 NaN NaN NaN 175.83704 -106.41452 -10.02565 273.93146 -180.14883 -40.85491 NaN NaN NaN 6.91254 -157.67336 35.74509 -64.01879 -199.61452 -65.24179
38311 1.26843 NaN NaN NaN 175.82623 -106.41157 -10.02168 273.92456 -180.15213 -40.85667 NaN NaN NaN 6.93112 -157.68825 35.75351 -64.02713 -199.61452 -65.23679
38312 1.27676 NaN NaN NaN 175.82819 -106.42237 -10.02666 273.92584 -180.15343 -40.87190 NaN NaN NaN 6.94238 -157.69658 35.77335 -64.03165 -199.60599 -65.20261
38313 1.28509 NaN NaN NaN 175.82542 -106.41393 -10.02059 273.91843 -180.15237 -40.87335 NaN NaN NaN 6.94285 -157.70981 35.77901 -64.02455 -199.62233 -65.15921
38314 1.29342 NaN NaN NaN 175.82843 -106.41586 -10.01248 273.91620 -180.15862 -40.88820 NaN NaN NaN 6.93812 -157.72894 35.79898 -64.01369 -199.64966 -65.15234
38315 1.30175 NaN NaN NaN 175.82611 -106.42535 -10.00538 273.90683 -180.15700 -40.88754 NaN NaN NaN 6.91446 -157.75568 35.82354 -63.99031 -199.67126 -65.13251
38316 1.31008 NaN NaN NaN 175.83528 -106.44434 -9.99950 273.89816 -180.16277 -40.88873 NaN NaN NaN 6.90714 -157.80495 35.88922 -63.96563 -199.68401 -65.12189
38317 1.31841 NaN NaN NaN 175.82645 -106.44008 -10.00157 273.89200 -180.15765 -40.91118 NaN NaN NaN 6.91863 -157.81406 35.94299 -63.95278 -199.67726 -65.09896
38318 1.32675 NaN NaN NaN 175.84087 -106.45106 -10.00042 273.90439 -180.15813 -40.91206 NaN NaN NaN 6.94467 -157.80428 36.00040 -63.93433 -199.68274 -65.05952
38319 1.33508 NaN NaN NaN 175.83115 -106.45811 -9.98866 273.88889 -180.15919 -40.93441 NaN NaN NaN 6.94229 -157.80655 36.02368 -63.91317 -199.65942 -64.99098
38320 1.34341 NaN NaN NaN 175.84389 -106.45194 -9.98946 273.89563 -180.17471 -40.96825 NaN NaN NaN 6.94574 -157.79906 36.05626 -63.90548 -199.66762 -64.97560
38321 1.35174 NaN NaN NaN 175.83508 -106.47141 -9.98354 273.90237 -180.18510 -40.96843 NaN NaN NaN 6.96709 -157.81212 36.05272 -63.91258 -199.64912 -64.93342
38322 1.36007 NaN NaN NaN 175.86446 -106.49279 -9.96161 273.91602 -180.20212 -41.00174 NaN NaN NaN 6.98568 -157.78947 36.08285 -63.94746 -199.66687 -64.89285
38323 1.36840 NaN NaN NaN 175.87761 -106.54741 -9.91660 273.92868 -180.22151 -41.03702 NaN NaN NaN 7.00763 -157.76242 36.04833 -64.00345 -199.68489 -64.84619
38324 1.37673 NaN NaN NaN 175.93059 -106.57643 -9.85875 273.93854 -180.23003 -41.04684 NaN NaN NaN 7.01983 -157.73386 36.01826 -64.04378 -199.69719 -64.84073
38325 1.38507 NaN NaN NaN 175.93935 -106.61726 -9.81598 273.95346 -180.24974 -41.06230 NaN NaN NaN 7.02887 -157.71516 35.99362 -64.09988 -199.65858 -64.82770
38326 1.39340 NaN NaN NaN 176.00406 -106.65688 -9.76173 273.98508 -180.26764 -41.09049 NaN NaN NaN 7.06634 -157.71089 35.95517 -64.15939 -199.63853 -64.83179
38327 1.40173 NaN NaN NaN 176.01926 -106.71117 -9.73796 274.00732 -180.28740 -41.12235 NaN NaN NaN 7.08002 -157.73204 35.89931 -64.23663 -199.61012 -64.85513
38328 1.41006 NaN NaN NaN 176.03355 -106.72098 -9.75766 274.00854 -180.28972 -41.14218 NaN NaN NaN 7.03735 -157.75861 35.81684 -64.26534 -199.55452 -64.90396
38329 1.41839 NaN NaN NaN 175.99886 -106.73590 -9.74638 273.99405 -180.28874 -41.16266 NaN NaN NaN 7.00471 -157.77155 35.77748 -64.26682 -199.49422 -64.99537
38330 1.42672 NaN NaN NaN 175.99963 -106.68481 -9.78337 273.99106 -180.26927 -41.14791 NaN NaN NaN 6.99360 -157.74731 35.70370 -64.25408 -199.46227 -65.08173
38331 1.43505 NaN NaN NaN 175.94127 -106.68272 -9.80062 273.96674 -180.28163 -41.16040 NaN NaN NaN 7.02471 -157.72527 35.66574 -64.26164 -199.41472 -65.10334
38332 1.44338 NaN NaN NaN 175.96184 -106.61086 -9.88672 273.95490 -180.26653 -41.14794 NaN NaN NaN 7.05468 -157.68195 35.62274 -64.28171 -199.41264 -65.12898
38333 1.45172 NaN NaN NaN 175.91620 -106.61656 -9.89127 273.95670 -180.25613 -41.16850 NaN NaN NaN 7.06999 -157.65332 35.58519 -64.27322 -199.38748 -65.10419
38334 1.46005 NaN NaN NaN 175.92236 -106.60496 -9.87679 273.94968 -180.24298 -41.15555 NaN NaN NaN 7.08547 -157.62602 35.58659 -64.28336 -199.38747 -65.10903
38335 1.46838 NaN NaN NaN 175.89120 -106.62598 -9.91247 273.95520 -180.24570 -41.16874 NaN NaN NaN 7.09999 -157.61855 35.57667 -64.26395 -199.36911 -65.08519
38336 1.47671 NaN NaN NaN 175.92503 -106.63219 -9.90015 273.96484 -180.25145 -41.17134 NaN NaN NaN 7.11261 -157.57947 35.58308 -64.23672 -199.34450 -65.08778
38337 1.48504 NaN NaN NaN 175.91576 -106.66125 -9.87002 273.96765 -180.24402 -41.18703 NaN NaN NaN 7.14472 -157.55640 35.58691 -64.23148 -199.32071 -65.06369
38338 1.49337 NaN NaN NaN 175.92024 -106.68817 -9.86171 273.97180 -180.24840 -41.17680 NaN NaN NaN 7.16340 -157.52982 35.58613 -64.21923 -199.30585 -65.05347
38339 1.50170 NaN NaN NaN 175.90852 -106.72654 -9.86039 273.96637 -180.26779 -41.18475 NaN NaN NaN 7.19125 -157.50984 35.59544 -64.21812 -199.29062 -65.04256
38340 1.51003 NaN NaN NaN 175.90561 -106.71272 -9.88854 273.96808 -180.26198 -41.19786 NaN NaN NaN 7.20230 -157.51016 35.61108 -64.21574 -199.28276 -65.02518
38341 1.51837 NaN NaN NaN 175.88673 -106.73368 -9.89002 273.95300 -180.27357 -41.19598 NaN NaN NaN 7.22783 -157.50388 35.65916 -64.21198 -199.25986 -64.99403
38342 1.52670 NaN NaN NaN 175.87296 -106.70923 -9.93006 273.94839 -180.27632 -41.17667 NaN NaN NaN 7.22971 -157.48756 35.68266 -64.19707 -199.25670 -64.96770
38343 1.53503 NaN NaN NaN 175.86261 -106.73426 -9.92829 273.93280 -180.29027 -41.19277 NaN NaN NaN 7.24278 -157.46829 35.71753 -64.17816 -199.24734 -64.95115
38344 1.54336 NaN NaN NaN 175.85857 -106.70347 -9.95244 273.94229 -180.30107 -41.19996 NaN NaN NaN 7.27670 -157.45154 35.74683 -64.17262 -199.23972 -64.92220
38345 1.55169 NaN NaN NaN 175.86919 -106.72503 -9.92897 273.94403 -180.30367 -41.20219 NaN NaN NaN 7.29582 -157.42973 35.76324 -64.18167 -199.22664 -64.87948
38346 1.56002 NaN NaN NaN 175.87775 -106.70554 -9.93967 273.95160 -180.30127 -41.19410 NaN NaN NaN 7.31340 -157.41876 35.75860 -64.20341 -199.22005 -64.84112
38347 1.56835 NaN NaN NaN 175.85088 -106.70734 -9.92442 273.94431 -180.29028 -41.19824 NaN NaN NaN 7.30098 -157.40125 35.76568 -64.19043 -199.20715 -64.86420
38348 1.57669 NaN NaN NaN 175.84441 -106.67657 -9.95673 273.93896 -180.29485 -41.18749 NaN NaN NaN 7.29514 -157.42958 35.80756 -64.18622 -199.15799 -64.89048
38349 1.58502 NaN NaN NaN 175.84900 -106.63358 -9.96959 273.92517 -180.29083 -41.18684 NaN NaN NaN 7.29941 -157.43791 35.82831 -64.15749 -199.12740 -64.91778
38350 1.59335 NaN NaN NaN 175.83301 -106.63707 -9.98066 273.91061 -180.27914 -41.17345 NaN NaN NaN 7.30915 -157.43527 35.83632 -64.15560 -199.11108 -64.88362
38351 1.60168 NaN NaN NaN 175.80191 -106.68242 -9.98042 273.90143 -180.27942 -41.18722 NaN NaN NaN 7.31052 -157.42632 35.83697 -64.15667 -199.11710 -64.88360
38352 1.61001 NaN NaN NaN 175.79794 -106.72798 -9.97341 273.91034 -180.30035 -41.19567 NaN NaN NaN 7.32174 -157.41420 35.84656 -64.16218 -199.08032 -64.86022
38353 1.61834 NaN NaN NaN 175.79773 -106.75774 -9.96445 273.91568 -180.30434 -41.19920 NaN NaN NaN 7.31232 -157.41008 35.89425 -64.14436 -199.06433 -64.85334
38354 1.62667 NaN NaN NaN 175.81245 -106.76714 -9.94912 273.90134 -180.29498 -41.21315 NaN NaN NaN 7.29433 -157.41531 35.92874 -64.13087 -199.03108 -64.85428
38355 1.63500 NaN NaN NaN 175.82530 -106.71065 -9.98827 273.89462 -180.30676 -41.20431 NaN NaN NaN 7.29019 -157.40977 35.96639 -64.11574 -198.97395 -64.82681
38356 1.64334 NaN NaN NaN 175.81551 -106.72886 -9.95293 273.89212 -180.31706 -41.20608 NaN NaN NaN 7.27840 -157.40175 36.02455 -64.10664 -198.95979 -64.79208
38357 1.65167 NaN NaN NaN 175.80829 -106.76457 -9.92760 273.89444 -180.32379 -41.20987 NaN NaN NaN 7.27937 -157.37711 36.06909 -64.08151 -198.96266 -64.73620
38358 1.66000 NaN NaN NaN 175.82637 -106.72577 -9.96017 273.90421 -180.34744 -41.20323 NaN NaN NaN 7.30198 -157.34361 36.09921 -64.08748 -198.95117 -64.67990
38359 1.66833 NaN NaN NaN 175.83995 -106.78416 -9.88543 273.92505 -180.33214 -41.19717 NaN NaN NaN 7.34281 -157.30252 36.12172 -64.11111 -198.95229 -64.61133
38360 1.67666 NaN NaN NaN 175.88998 -106.85796 -9.82236 273.94958 -180.34709 -41.21752 NaN NaN NaN 7.40301 -157.26767 36.10099 -64.17065 -198.94226 -64.52306
38361 1.68499 NaN NaN NaN 175.97093 -106.85195 -9.76217 273.99823 -180.36081 -41.26488 NaN NaN NaN 7.48584 -157.19090 36.01889 -64.26022 -198.93265 -64.42333
38362 1.69332 NaN NaN NaN 176.01472 -106.95658 -9.65308 274.02246 -180.34427 -41.32418 NaN NaN NaN 7.56154 -157.12601 35.94874 -64.34785 -198.95874 -64.37695
38363 1.70165 NaN NaN NaN 176.07031 -107.05811 -9.57594 274.09772 -180.38890 -41.39103 NaN NaN NaN 7.61254 -157.09636 35.88391 -64.43147 -198.98265 -64.36153
38364 1.70999 NaN NaN NaN 176.12305 -107.10133 -9.53160 274.14911 -180.44257 -41.44843 NaN NaN NaN 7.69831 -157.06924 35.81479 -64.52217 -198.98093 -64.31918
38365 1.71832 NaN NaN NaN 176.14568 -107.19992 -9.47267 274.20996 -180.49326 -41.49405 NaN NaN NaN 7.75613 -157.05579 35.67323 -64.62581 -198.98120 -64.30331
38366 1.72665 NaN NaN NaN 176.19510 -107.25377 -9.43929 274.25174 -180.50024 -41.52365 NaN NaN NaN 7.80643 -157.03920 35.53883 -64.72356 -198.99280 -64.29210
38367 1.73498 NaN NaN NaN 176.21130 -107.28687 -9.43134 274.25809 -180.50623 -41.54456 NaN NaN NaN 7.85827 -157.01823 35.39651 -64.78537 -198.96881 -64.32799
38368 1.74331 NaN NaN NaN 176.22852 -107.29688 -9.44016 274.27408 -180.50255 -41.57346 NaN NaN NaN 7.87974 -157.05023 35.34456 -64.77576 -198.94830 -64.38549
38369 1.75164 NaN NaN NaN 176.21432 -107.35494 -9.44070 274.27176 -180.51004 -41.63178 NaN NaN NaN 7.89099 -157.10695 35.29540 -64.77571 -198.91769 -64.47539
38370 1.75997 NaN NaN NaN 176.20209 -107.39433 -9.43256 274.27496 -180.50249 -41.64600 NaN NaN NaN 7.90400 -157.15384 35.26984 -64.79424 -198.90172 -64.55196
38371 1.76831 NaN NaN NaN 176.20746 -107.39201 -9.40645 274.26709 -180.50903 -41.66091 NaN NaN NaN 7.90314 -157.16776 35.23356 -64.78603 -198.87572 -64.61282
38372 1.77664 NaN NaN NaN 176.21812 -107.39526 -9.40495 274.26590 -180.52905 -41.66651 NaN NaN NaN 7.90924 -157.17343 35.18427 -64.77856 -198.83182 -64.65947
38373 1.78497 NaN NaN NaN 176.21181 -107.39076 -9.39904 274.26602 -180.52660 -41.68709 NaN NaN NaN 7.92038 -157.16014 35.16118 -64.75443 -198.82571 -64.70058
38374 1.79330 NaN NaN NaN 176.24925 -107.35252 -9.38552 274.27090 -180.53055 -41.68900 NaN NaN NaN 7.93126 -157.17400 35.17343 -64.73631 -198.80412 -64.71497
38375 1.80163 NaN NaN NaN 176.28389 -107.36266 -9.34651 274.29416 -180.54964 -41.74714 NaN NaN NaN 7.94034 -157.16789 35.18438 -64.71731 -198.79933 -64.66367
38376 1.80996 NaN NaN NaN 176.32973 -107.40590 -9.30996 274.31857 -180.56926 -41.77553 NaN NaN NaN 7.96037 -157.18579 35.21899 -64.69882 -198.80357 -64.62682
38377 1.81829 NaN NaN NaN 176.38461 -107.44817 -9.25306 274.33542 -180.57658 -41.83969 NaN NaN NaN 7.98463 -157.16962 35.25043 -64.65631 -198.81813 -64.59772
38378 1.82662 NaN NaN NaN 176.41087 -107.48252 -9.20162 274.35532 -180.57610 -41.87246 NaN NaN NaN 7.98708 -157.16431 35.28007 -64.61569 -198.83260 -64.54918
38379 1.83496 NaN NaN NaN 176.42502 -107.54550 -9.11018 274.35989 -180.59132 -41.89728 NaN NaN NaN 7.99922 -157.14952 35.31765 -64.61250 -198.84134 -64.54641
38380 1.84329 NaN NaN NaN 176.44366 -107.62174 -8.99687 274.37775 -180.59494 -41.93185 NaN NaN NaN 8.02410 -157.16583 35.32942 -64.59193 -198.83026 -64.54538
38381 1.85162 NaN NaN NaN 176.45851 -107.67664 -8.92528 274.40317 -180.61101 -41.94168 NaN NaN NaN 8.02820 -157.18452 35.35179 -64.58620 -198.81291 -64.53425
38382 1.85995 NaN NaN NaN 176.50220 -107.73112 -8.89157 274.41324 -180.62230 -41.95958 NaN NaN NaN 8.02902 -157.20096 35.36489 -64.57676 -198.80099 -64.53323
38383 1.86828 NaN NaN NaN 176.51782 -107.76959 -8.86634 274.42322 -180.64177 -41.97631 NaN NaN NaN 8.04565 -157.20972 35.37331 -64.56441 -198.79700 -64.54963
38384 1.87661 NaN NaN NaN 176.52872 -107.79617 -8.87057 274.45526 -180.63829 -41.97834 NaN NaN NaN 8.06076 -157.20039 35.37160 -64.53330 -198.76663 -64.56383
38385 1.88494 NaN NaN NaN 176.53296 -107.81045 -8.86790 274.46072 -180.64635 -41.98116 NaN NaN NaN 8.06584 -157.18327 35.35707 -64.50938 -198.72469 -64.59368
38386 1.89327 NaN NaN NaN 176.52707 -107.81316 -8.89603 274.46039 -180.65623 -41.98019 NaN NaN NaN 8.09467 -157.17349 35.34876 -64.50468 -198.69086 -64.61076
38387 1.90161 NaN NaN NaN 176.48929 -107.81234 -8.93543 274.45242 -180.67427 -41.97151 NaN NaN NaN 8.11647 -157.16228 35.33121 -64.49203 -198.67363 -64.62251
38388 1.90994 NaN NaN NaN 176.50003 -107.76715 -8.98763 274.43823 -180.66284 -41.95663 NaN NaN NaN 8.13337 -157.15904 35.31796 -64.49496 -198.65387 -64.62318
38389 1.91827 NaN NaN NaN 176.49615 -107.73457 -9.07404 274.45029 -180.67186 -41.94361 NaN NaN NaN 8.16571 -157.14688 35.29162 -64.49395 -198.63091 -64.63470
38390 1.92660 NaN NaN NaN 176.48260 -107.71534 -9.15137 274.44351 -180.67058 -41.91613 NaN NaN NaN 8.23407 -157.12096 35.27281 -64.50261 -198.60875 -64.63734
38391 1.93493 NaN NaN NaN 176.45244 -107.68404 -9.19093 274.45917 -180.68124 -41.90893 NaN NaN NaN 8.26938 -157.10356 35.25175 -64.52280 -198.57732 -64.64555
38392 1.94326 NaN NaN NaN 176.44556 -107.70814 -9.19835 274.46417 -180.67567 -41.90228 NaN NaN NaN 8.33161 -157.06386 35.21745 -64.57209 -198.53592 -64.62610
38393 1.95159 NaN NaN NaN 176.45587 -107.73122 -9.18416 274.46744 -180.67416 -41.91864 NaN NaN NaN 8.36060 -157.02295 35.14703 -64.62272 -198.51474 -64.61021
38394 1.95992 NaN NaN NaN 176.49266 -107.79777 -9.16301 274.49005 -180.69926 -41.93220 NaN NaN NaN 8.40371 -157.00081 35.09713 -64.64660 -198.49527 -64.59162
38395 1.96826 NaN NaN NaN 176.51326 -107.84838 -9.12983 274.53870 -180.71458 -41.94899 NaN NaN NaN 8.44148 -156.92842 34.99403 -64.66497 -198.47934 -64.58175
38396 1.97659 NaN NaN NaN 176.53932 -107.91003 -9.09076 274.56693 -180.75743 -41.96648 NaN NaN NaN 8.51069 -156.87502 34.88884 -64.71918 -198.45940 -64.56468
38397 1.98492 NaN NaN NaN 176.56310 -107.95770 -9.03334 274.61295 -180.80302 -41.98413 NaN NaN NaN 8.61285 -156.77719 34.79334 -64.78000 -198.44081 -64.52272
38398 1.99325 NaN NaN NaN 176.58957 -108.05653 -8.96918 274.65820 -180.82224 -42.00258 NaN NaN NaN 8.70720 -156.70023 34.68349 -64.85170 -198.45039 -64.45066
38399 2.00158 NaN NaN NaN 176.61761 -108.16498 -8.89622 274.67398 -180.85025 -42.01311 NaN NaN NaN 8.79387 -156.61530 34.59470 -64.90932 -198.44881 -64.39990
38400 2.00991 NaN NaN NaN 176.65215 -108.24509 -8.85268 274.73401 -180.89168 -42.04807 NaN NaN NaN 8.89622 -156.52737 34.47159 -64.97948 -198.42256 -64.37480
38401 2.01824 NaN NaN NaN 176.66615 -108.33729 -8.81675 274.77634 -180.92599 -42.13465 NaN NaN NaN 9.00306 -156.44003 34.35170 -65.04636 -198.40387 -64.34149
38402 2.02658 NaN NaN NaN 176.72189 -108.41408 -8.77155 274.80432 -180.95807 -42.19891 NaN NaN NaN 9.08215 -156.35722 34.22353 -65.10568 -198.35896 -64.33852
38403 2.03491 NaN NaN NaN 176.76035 -108.50917 -8.73620 274.82840 -180.96204 -42.24414 NaN NaN NaN 9.13155 -156.33174 34.13411 -65.14260 -198.32823 -64.36663
38404 2.04324 NaN NaN NaN 176.79010 -108.53973 -8.72723 274.86554 -180.97821 -42.26688 NaN NaN NaN 9.14553 -156.33051 34.09538 -65.16424 -198.28311 -64.42102
38405 2.05157 NaN NaN NaN 176.79956 -108.57355 -8.72262 274.89127 -181.01782 -42.32743 NaN NaN NaN 9.18365 -156.32846 34.06134 -65.17055 -198.24741 -64.47597
38406 2.05990 NaN NaN NaN 176.79166 -108.60989 -8.71153 274.91101 -181.04626 -42.35333 NaN NaN NaN 9.22354 -156.32980 33.94639 -65.15756 -198.19853 -64.52743
38407 2.06823 NaN NaN NaN 176.77165 -108.65141 -8.71811 274.91071 -181.04726 -42.36300 NaN NaN NaN 9.25017 -156.31369 33.89439 -65.14590 -198.14679 -64.56470
38408 2.07656 NaN NaN NaN 176.76045 -108.69470 -8.70997 274.91794 -181.05463 -42.38166 NaN NaN NaN 9.26673 -156.31154 33.87378 -65.14220 -198.12035 -64.60275
38409 2.08489 NaN NaN NaN 176.77950 -108.70979 -8.68699 274.91541 -181.05008 -42.39182 NaN NaN NaN 9.24568 -156.30692 33.87559 -65.11476 -198.10603 -64.66213
38410 2.09323 NaN NaN NaN 176.76671 -108.72762 -8.69542 274.90613 -181.04549 -42.38287 NaN NaN NaN 9.23697 -156.33379 33.88583 -65.09549 -198.08263 -64.68983
38411 2.10156 NaN NaN NaN 176.75667 -108.71610 -8.71231 274.90475 -181.04918 -42.37968 NaN NaN NaN 9.25387 -156.32581 33.89442 -65.08035 -198.05696 -64.69604
38412 2.10989 NaN NaN NaN 176.75697 -108.72659 -8.70770 274.90750 -181.05783 -42.38391 NaN NaN NaN 9.28454 -156.32851 33.89634 -65.09625 -198.04805 -64.68085
38413 2.11822 NaN NaN NaN 176.75130 -108.71877 -8.70174 274.90869 -181.04292 -42.40731 NaN NaN NaN 9.29327 -156.29915 33.89803 -65.08279 -198.04462 -64.65810
38414 2.12655 NaN NaN NaN 176.75044 -108.73039 -8.69268 274.91769 -181.05403 -42.40995 NaN NaN NaN 9.30868 -156.28191 33.89541 -65.07791 -198.03244 -64.64510
38415 2.13488 NaN NaN NaN 176.75734 -108.73598 -8.68523 274.93182 -181.05165 -42.42019 NaN NaN NaN 9.30342 -156.26691 33.90883 -65.06178 -198.03430 -64.64477
38416 2.14321 NaN NaN NaN 176.75670 -108.76902 -8.65964 274.92450 -181.03513 -42.42149 NaN NaN NaN 9.30904 -156.27852 33.91227 -65.03899 -198.02083 -64.64360
38417 2.15154 NaN NaN NaN 176.77298 -108.80624 -8.64146 274.94467 -181.05043 -42.43864 NaN NaN NaN 9.31376 -156.29352 33.91796 -65.03395 -198.01433 -64.66264
38418 2.15988 NaN NaN NaN 176.77893 -108.83577 -8.62219 274.95486 -181.06039 -42.44725 NaN NaN NaN 9.33474 -156.31532 33.91552 -65.01196 -198.00102 -64.66056
38419 2.16821 NaN NaN NaN 176.77571 -108.83534 -8.62679 274.96185 -181.06415 -42.45256 NaN NaN NaN 9.35042 -156.31401 33.91740 -64.99738 -197.97606 -64.68211
38420 2.17654 NaN NaN NaN 176.78999 -108.83900 -8.61940 274.96704 -181.07011 -42.45859 NaN NaN NaN 9.36666 -156.32126 33.90963 -64.99014 -197.95566 -64.70820
38421 2.18487 NaN NaN NaN 176.78325 -108.85007 -8.62547 274.96793 -181.05980 -42.45877 NaN NaN NaN 9.36936 -156.32474 33.90747 -64.98145 -197.95827 -64.73925
38422 2.19320 NaN NaN NaN 176.78224 -108.84623 -8.62873 274.95114 -181.04510 -42.43964 NaN NaN NaN 9.37576 -156.33540 33.89555 -64.98153 -197.95523 -64.76229
38423 2.20153 NaN NaN NaN 176.77182 -108.82590 -8.63886 274.95505 -181.04726 -42.44584 NaN NaN NaN 9.36844 -156.34496 33.88807 -64.96655 -197.96132 -64.79356
38424 2.20986 NaN NaN NaN 176.76170 -108.81678 -8.64665 274.93826 -181.04480 -42.42930 NaN NaN NaN 9.36577 -156.39839 33.88253 -64.97335 -197.91408 -64.88059
38425 2.21820 NaN NaN NaN 176.75073 -108.79095 -8.66068 274.93863 -181.04596 -42.42002 NaN NaN NaN 9.34457 -156.44017 33.89552 -64.95571 -197.89310 -64.92485
38426 2.22653 NaN NaN NaN 176.75037 -108.77833 -8.66672 274.93286 -181.05009 -42.40741 NaN NaN NaN 9.34205 -156.49496 33.86309 -64.95801 -197.85306 -64.97877
38427 2.23486 NaN NaN NaN 176.75525 -108.78980 -8.65713 274.95612 -181.06270 -42.41510 NaN NaN NaN 9.36548 -156.51488 33.82078 -65.01066 -197.82469 -64.97730
38428 2.24319 NaN NaN NaN 176.80089 -108.84399 -8.62522 274.99643 -181.09172 -42.40779 NaN NaN NaN 9.44933 -156.45210 33.73241 -65.08374 -197.83083 -64.86925
38429 2.25152 NaN NaN NaN 176.84850 -108.91975 -8.56477 275.05643 -181.12656 -42.42619 NaN NaN NaN 9.55154 -156.36835 33.62404 -65.19093 -197.86354 -64.77820
38430 2.25985 NaN NaN NaN 176.90097 -108.97058 -8.48249 275.10553 -181.12482 -42.45751 NaN NaN NaN 9.63107 -156.34183 33.48455 -65.27269 -197.87762 -64.77689
38431 2.26818 NaN NaN NaN 176.95808 -109.01996 -8.45117 275.15137 -181.14153 -42.47866 NaN NaN NaN 9.66843 -156.31610 33.31289 -65.35468 -197.90836 -64.82836
38432 2.27651 NaN NaN NaN 176.96158 -109.07857 -8.43410 275.17310 -181.14012 -42.51243 NaN NaN NaN 9.71412 -156.29387 33.16294 -65.43740 -197.90179 -64.88763
38433 2.28485 NaN NaN NaN 176.97340 -109.08326 -8.45122 275.18268 -181.15407 -42.48901 NaN NaN NaN 9.73755 -156.30121 33.04092 -65.50632 -197.88654 -64.94552
38434 2.29318 NaN NaN NaN 176.93874 -109.09549 -8.47993 275.18387 -181.17322 -42.50235 NaN NaN NaN 9.80253 -156.34625 32.97176 -65.57772 -197.88446 -64.94576
38435 2.30151 NaN NaN NaN 176.90710 -109.11875 -8.51973 275.18015 -181.17061 -42.48322 NaN NaN NaN 9.85029 -156.32912 32.86628 -65.60854 -197.88298 -64.97559
38436 2.30984 NaN NaN NaN 176.88409 -109.08842 -8.55562 275.16983 -181.17714 -42.47238 NaN NaN NaN 9.91226 -156.33841 32.80909 -65.64613 -197.89636 -64.99652
38437 2.31817 NaN NaN NaN 176.85443 -109.08307 -8.56961 275.17325 -181.16637 -42.46290 NaN NaN NaN 9.91561 -156.31781 32.75309 -65.67561 -197.89836 -65.01142
38438 2.32650 NaN NaN NaN 176.84628 -109.06402 -8.59261 275.16187 -181.16040 -42.46478 NaN NaN NaN 9.90507 -156.31474 32.72383 -65.67075 -197.89410 -65.04055
38439 2.33483 NaN NaN NaN 176.84393 -109.06342 -8.58138 275.14600 -181.16595 -42.45947 NaN NaN NaN 9.89112 -156.31622 32.69701 -65.65902 -197.87584 -65.06622
38440 2.34316 NaN NaN NaN 176.85052 -109.05676 -8.58082 275.15436 -181.17261 -42.43125 NaN NaN NaN 9.89452 -156.33647 32.71215 -65.65426 -197.85432 -65.09710
38441 2.35150 NaN NaN NaN 176.85255 -109.07363 -8.57085 275.15466 -181.18733 -42.43699 NaN NaN NaN 9.90937 -156.34732 32.70763 -65.63469 -197.82483 -65.10732
38442 2.35983 NaN NaN NaN 176.87782 -109.11603 -8.52333 275.17676 -181.19513 -42.43244 NaN NaN NaN 9.92934 -156.35718 32.72483 -65.61916 -197.81169 -65.10122
38443 2.36816 NaN NaN NaN 176.89232 -109.18430 -8.46254 275.18250 -181.19907 -42.44193 NaN NaN NaN 9.95548 -156.34277 32.73567 -65.58426 -197.77338 -65.08531
38444 2.37649 NaN NaN NaN 176.92957 -109.22605 -8.40844 275.20126 -181.21838 -42.46150 NaN NaN NaN 9.96684 -156.31850 32.74569 -65.57040 -197.76939 -65.08804
38445 2.38482 NaN NaN NaN 176.93794 -109.27291 -8.36384 275.24173 -181.20815 -42.50372 NaN NaN NaN 9.99274 -156.29575 32.74574 -65.54203 -197.75833 -65.08453
38446 2.39315 NaN NaN NaN 176.96454 -109.31023 -8.30680 275.25275 -181.21176 -42.53338 NaN NaN NaN 10.00500 -156.26900 32.74437 -65.53417 -197.73763 -65.07777
38447 2.40148 NaN NaN NaN 176.99576 -109.34901 -8.26370 275.26822 -181.23120 -42.55313 NaN NaN NaN 10.01765 -156.26721 32.76437 -65.52576 -197.72403 -65.07796
38448 2.40982 NaN NaN NaN 177.02922 -109.38467 -8.23154 275.28705 -181.24010 -42.57611 NaN NaN NaN 10.01316 -156.26691 32.76203 -65.52355 -197.70880 -65.09811
38449 2.41815 NaN NaN NaN 177.02197 -109.37675 -8.23345 275.29208 -181.24800 -42.59471 NaN NaN NaN 10.01957 -156.26430 32.76903 -65.50906 -197.68987 -65.10339
38450 2.42648 NaN NaN NaN 177.03047 -109.39330 -8.19112 275.28854 -181.27074 -42.59216 NaN NaN NaN 10.06428 -156.26097 32.73636 -65.49499 -197.66745 -65.10812
38451 2.43481 NaN NaN NaN 177.03967 -109.41032 -8.19344 275.29684 -181.26836 -42.61868 NaN NaN NaN 10.08810 -156.25705 32.73001 -65.48159 -197.65718 -65.11725
38452 2.44314 NaN NaN NaN 177.03726 -109.41248 -8.18380 275.29294 -181.26038 -42.62660 NaN NaN NaN 10.13907 -156.24855 32.69063 -65.49549 -197.63483 -65.14548
38453 2.45147 NaN NaN NaN 177.04878 -109.40866 -8.19011 275.29980 -181.25255 -42.64697 NaN NaN NaN 10.17916 -156.25224 32.62951 -65.51272 -197.62108 -65.12492
38454 2.45980 NaN NaN NaN 177.07239 -109.43618 -8.15198 275.32791 -181.26334 -42.65826 NaN NaN NaN 10.22500 -156.25496 32.52680 -65.56456 -197.60016 -65.12959
38455 2.46813 NaN NaN NaN 177.10236 -109.47723 -8.13452 275.33423 -181.27722 -42.67756 NaN NaN NaN 10.25485 -156.23431 32.44564 -65.59842 -197.58566 -65.12134
38456 2.47647 NaN NaN NaN 177.10455 -109.51671 -8.11350 275.35925 -181.28583 -42.68966 NaN NaN NaN 10.24450 -156.26018 32.40842 -65.60962 -197.56985 -65.19356
38457 2.48480 NaN NaN NaN 177.11070 -109.55440 -8.10900 275.37534 -181.30554 -42.70176 NaN NaN NaN 10.23609 -156.29301 32.37362 -65.62886 -197.52150 -65.29691
38458 2.49313 NaN NaN NaN 177.11212 -109.60060 -8.11056 275.37488 -181.32819 -42.71684 NaN NaN NaN 10.24330 -156.32771 32.33754 -65.63084 -197.46507 -65.35017
38459 2.50146 NaN NaN NaN 177.10712 -109.62380 -8.13344 275.37997 -181.32558 -42.76107 NaN NaN NaN 10.27106 -156.34444 32.31013 -65.63476 -197.43961 -65.36767
38460 2.50979 NaN NaN NaN 177.10675 -109.62466 -8.13991 275.36868 -181.33029 -42.73763 NaN NaN NaN 10.26947 -156.32365 32.27310 -65.61081 -197.41304 -65.38752
38461 2.51812 NaN NaN NaN 177.08522 -109.59998 -8.17159 275.37302 -181.31828 -42.76562 NaN NaN NaN 10.27565 -156.32303 32.26122 -65.59282 -197.38525 -65.43725
38462 2.52645 NaN NaN NaN 177.08177 -109.57316 -8.20152 275.36362 -181.31326 -42.73917 NaN NaN NaN 10.29537 -156.30650 32.25494 -65.57785 -197.36270 -65.45776
38463 2.53478 NaN NaN NaN 177.07365 -109.56436 -8.24418 275.36969 -181.31058 -42.74855 NaN NaN NaN 10.31736 -156.28056 32.24306 -65.55571 -197.36601 -65.44489
38464 2.54312 NaN NaN NaN 177.07739 -109.57729 -8.24450 275.36545 -181.32483 -42.75222 NaN NaN NaN 10.34915 -156.25880 32.23469 -65.54898 -197.35970 -65.43084
38465 2.55145 NaN NaN NaN 177.09708 -109.57414 -8.21111 275.38849 -181.33060 -42.77322 NaN NaN NaN 10.37415 -156.25429 32.23738 -65.53040 -197.36322 -65.44223
38466 2.55978 NaN NaN NaN 177.10974 -109.61240 -8.21776 275.39322 -181.32594 -42.76101 NaN NaN NaN 10.40409 -156.21614 32.23399 -65.51935 -197.33531 -65.42688
38467 2.56811 NaN NaN NaN 177.11525 -109.64645 -8.18270 275.39862 -181.33244 -42.77893 NaN NaN NaN 10.42326 -156.19542 32.24211 -65.51131 -197.30634 -65.41459
38468 2.57644 NaN NaN NaN 177.12895 -109.68245 -8.19201 275.41891 -181.33209 -42.77355 NaN NaN NaN 10.43725 -156.18361 32.24709 -65.51926 -197.32426 -65.41313
38469 2.58477 NaN NaN NaN 177.13231 -109.68989 -8.19222 275.44519 -181.35072 -42.78650 NaN NaN NaN 10.44473 -156.18745 32.27222 -65.51025 -197.31604 -65.39408
38470 2.59310 NaN NaN NaN 177.14795 -109.72132 -8.18889 275.46054 -181.36186 -42.75163 NaN NaN NaN 10.47754 -156.18266 32.25772 -65.49619 -197.32327 -65.37166
38471 2.60144 NaN NaN NaN 177.15195 -109.69952 -8.18796 275.46753 -181.37579 -42.78200 NaN NaN NaN 10.49782 -156.17982 32.27095 -65.47299 -197.31511 -65.34162
38472 2.60977 NaN NaN NaN 177.15514 -109.70787 -8.20745 275.47177 -181.37428 -42.76266 NaN NaN NaN 10.50785 -156.18228 32.25498 -65.46786 -197.31938 -65.34696
38473 2.61810 NaN NaN NaN 177.15930 -109.71455 -8.22321 275.47296 -181.37372 -42.78144 NaN NaN NaN 10.51276 -156.17162 32.26733 -65.47101 -197.29070 -65.35053
38474 2.62643 NaN NaN NaN 177.15038 -109.70988 -8.21327 275.46826 -181.36011 -42.77138 NaN NaN NaN 10.50363 -156.18184 32.28841 -65.47078 -197.27306 -65.34945
38475 2.63476 NaN NaN NaN 177.14391 -109.70876 -8.21412 275.46674 -181.37059 -42.78867 NaN NaN NaN 10.51439 -156.18768 32.29257 -65.45394 -197.26100 -65.35775
38476 2.64309 NaN NaN NaN 177.15205 -109.71564 -8.20277 275.47418 -181.37268 -42.74710 NaN NaN NaN 10.51836 -156.17853 32.30142 -65.46265 -197.23441 -65.34919
38477 2.65142 NaN NaN NaN 177.14211 -109.72852 -8.20445 275.47433 -181.38643 -42.77071 NaN NaN NaN 10.51685 -156.16747 32.30095 -65.44596 -197.22472 -65.33313
38478 2.65975 NaN NaN NaN 177.14925 -109.74828 -8.19925 275.47366 -181.38747 -42.75011 NaN NaN NaN 10.52584 -156.17322 32.31178 -65.44830 -197.19733 -65.36810
38479 2.66809 NaN NaN NaN 177.14755 -109.75054 -8.17436 275.47363 -181.38441 -42.77246 NaN NaN NaN 10.53363 -156.18004 32.30809 -65.43476 -197.17819 -65.35651
38480 2.67642 NaN NaN NaN 177.15384 -109.76181 -8.15739 275.48679 -181.39561 -42.74873 NaN NaN NaN 10.53610 -156.16470 32.31302 -65.42616 -197.15897 -65.36361
38481 2.68475 NaN NaN NaN 177.15921 -109.76366 -8.16976 275.48721 -181.38995 -42.77276 NaN NaN NaN 10.54620 -156.16734 32.31293 -65.40960 -197.14091 -65.37193
38482 2.69308 NaN NaN NaN 177.15329 -109.76660 -8.16490 275.49329 -181.39435 -42.73256 NaN NaN NaN 10.56593 -156.15208 32.32086 -65.40405 -197.10880 -65.39610
38483 2.70141 NaN NaN NaN 177.15068 -109.75943 -8.14972 275.48456 -181.39073 -42.76423 NaN NaN NaN 10.56178 -156.16446 32.31479 -65.38146 -197.10170 -65.41048
38484 2.70974 NaN NaN NaN 177.15305 -109.77040 -8.15216 275.48141 -181.39676 -42.75529 NaN NaN NaN 10.56985 -156.17564 32.33255 -65.37086 -197.08130 -65.41531
38485 2.71807 NaN NaN NaN 177.13405 -109.77596 -8.12840 275.47290 -181.38988 -42.77877 NaN NaN NaN 10.55835 -156.19600 32.33266 -65.32999 -197.07483 -65.42854
38486 2.72640 NaN NaN NaN 177.13788 -109.80288 -8.12049 275.47833 -181.39639 -42.76264 NaN NaN NaN 10.57347 -156.18913 32.33544 -65.33506 -197.07037 -65.42048
38487 2.73474 NaN NaN NaN 177.13632 -109.80421 -8.10653 275.46890 -181.39037 -42.78088 NaN NaN NaN 10.56433 -156.18469 32.34130 -65.34190 -197.08743 -65.42657
38488 2.74307 NaN NaN NaN 177.14034 -109.83090 -8.09652 275.47238 -181.38873 -42.76069 NaN NaN NaN 10.59352 -156.17209 32.34181 -65.34341 -197.03813 -65.44028
38489 2.75140 NaN NaN NaN 177.13986 -109.83143 -8.10290 275.47427 -181.39131 -42.79312 NaN NaN NaN 10.60130 -156.19173 32.33276 -65.31525 -197.03641 -65.43783
38490 2.75973 NaN NaN NaN 177.14766 -109.84898 -8.09609 275.47974 -181.40746 -42.81321 NaN NaN NaN 10.60168 -156.19139 32.33895 -65.32146 -197.02553 -65.43337
38491 2.76806 NaN NaN NaN 177.17168 -109.85677 -8.09430 275.49597 -181.42039 -42.84312 NaN NaN NaN 10.62220 -156.18501 32.33362 -65.31110 -197.03427 -65.43456
38492 2.77639 NaN NaN NaN 177.16029 -109.87443 -8.06243 275.50348 -181.41791 -42.84132 NaN NaN NaN 10.64145 -156.17389 32.31796 -65.33552 -197.01332 -65.42255
38493 2.78472 NaN NaN NaN 177.18291 -109.90027 -8.04802 275.50092 -181.43010 -42.88135 NaN NaN NaN 10.64272 -156.18549 32.30809 -65.33875 -197.01622 -65.43610
38494 2.79305 NaN NaN NaN 177.18550 -109.94109 -8.02931 275.50806 -181.44287 -42.89182 NaN NaN NaN 10.62799 -156.20825 32.31143 -65.35442 -196.99333 -65.45907
38495 2.80139 NaN NaN NaN 177.19263 -109.94829 -8.02660 275.50879 -181.44217 -42.91461 NaN NaN NaN 10.59955 -156.20782 32.30162 -65.35005 -196.94675 -65.51001
38496 2.80972 NaN NaN NaN 177.18465 -109.97133 -8.01933 275.52460 -181.44110 -42.95313 NaN NaN NaN 10.59637 -156.20949 32.30707 -65.36560 -196.93449 -65.51608
38497 2.81805 NaN NaN NaN 177.19574 -109.96235 -8.00541 275.53763 -181.44197 -42.98811 NaN NaN NaN 10.61000 -156.21329 32.30220 -65.36591 -196.90923 -65.52867
38498 2.82638 NaN NaN NaN 177.19432 -109.96845 -8.00798 275.53827 -181.44421 -43.00291 NaN NaN NaN 10.60820 -156.18445 32.30745 -65.39188 -196.90210 -65.49905
38499 2.83471 NaN NaN NaN 177.21361 -109.96472 -7.99599 275.52817 -181.44963 -43.00827 NaN NaN NaN 10.59011 -156.18504 32.30478 -65.37176 -196.89381 -65.50803
38500 2.84304 NaN NaN NaN 177.21399 -109.98523 -8.00653 275.53448 -181.46083 -42.99715 NaN NaN NaN 10.59363 -156.19450 32.32706 -65.37959 -196.88759 -65.52032
38501 2.85137 NaN NaN NaN 177.22708 -109.98125 -8.00923 275.53784 -181.45857 -43.01245 NaN NaN NaN 10.57196 -156.20265 32.32814 -65.36373 -196.88828 -65.52068
38502 2.85971 NaN NaN NaN 177.22169 -110.00657 -8.00071 275.54715 -181.46281 -43.01696 NaN NaN NaN 10.57358 -156.20206 32.33149 -65.37563 -196.88910 -65.50885
38503 2.86804 NaN NaN NaN 177.24315 -110.01169 -7.98870 275.55316 -181.45882 -43.03338 NaN NaN NaN 10.58828 -156.20993 32.33923 -65.36842 -196.88843 -65.46529
38504 2.87637 NaN NaN NaN 177.23886 -110.02637 -7.96675 275.56573 -181.45592 -43.03920 NaN NaN NaN 10.61293 -156.17465 32.34891 -65.38023 -196.89565 -65.45663
38505 2.88470 NaN NaN NaN 177.24973 -110.00876 -7.97190 275.55835 -181.45372 -43.03949 NaN NaN NaN 10.60406 -156.18532 32.33961 -65.35092 -196.88834 -65.46735
38506 2.89303 NaN NaN NaN 177.26317 -110.01205 -7.98003 275.57626 -181.44522 -43.03702 NaN NaN NaN 10.60217 -156.16559 32.34536 -65.36002 -196.86092 -65.48118
38507 2.90136 NaN NaN NaN 177.26109 -110.00060 -7.96687 275.58487 -181.44453 -43.04813 NaN NaN NaN 10.59845 -156.18701 32.35268 -65.36544 -196.87045 -65.48096
38508 2.90969 NaN NaN NaN 177.27562 -110.01637 -7.94277 275.60748 -181.44754 -43.04567 NaN NaN NaN 10.61362 -156.17894 32.35300 -65.34533 -196.89693 -65.46014
38509 2.91802 NaN NaN NaN 177.28409 -110.01092 -7.94510 275.60794 -181.45538 -43.06514 NaN NaN NaN 10.60439 -156.20573 32.35930 -65.30880 -196.91216 -65.46070
38510 2.92636 NaN NaN NaN 177.30389 -110.03403 -7.93468 275.60983 -181.45602 -43.05894 NaN NaN NaN 10.60490 -156.23911 32.36536 -65.28754 -196.94771 -65.46791
38511 2.93469 NaN NaN NaN 177.30766 -110.03275 -7.93340 275.60800 -181.45430 -43.08061 NaN NaN NaN 10.58690 -156.26213 32.36648 -65.27522 -196.94223 -65.48613
38512 2.94302 NaN NaN NaN 177.32423 -110.06287 -7.91450 275.62442 -181.45161 -43.08561 NaN NaN NaN 10.59238 -156.29712 32.38964 -65.27528 -196.95322 -65.50203
38513 2.95135 NaN NaN NaN 177.35083 -110.07583 -7.90732 275.62225 -181.46919 -43.09804 NaN NaN NaN 10.57106 -156.32198 32.39499 -65.26210 -196.96222 -65.53234
38514 2.95968 NaN NaN NaN 177.35710 -110.10658 -7.88854 275.63583 -181.46809 -43.12020 NaN NaN NaN 10.58079 -156.35321 32.39565 -65.24441 -196.95222 -65.54327
38515 2.96801 NaN NaN NaN 177.39558 -110.11086 -7.85362 275.64633 -181.48506 -43.15475 NaN NaN NaN 10.57018 -156.38771 32.39533 -65.24487 -196.94255 -65.57391
38516 2.97634 NaN NaN NaN 177.43597 -110.14197 -7.82134 275.66928 -181.49474 -43.18084 NaN NaN NaN 10.58026 -156.42169 32.40113 -65.22334 -196.93681 -65.58858
38517 2.98467 NaN NaN NaN 177.45712 -110.15747 -7.79878 275.66473 -181.51732 -43.21558 NaN NaN NaN 10.57551 -156.45006 32.40232 -65.21312 -196.93060 -65.61183
38518 2.99301 NaN NaN NaN 177.46303 -110.22409 -7.75865 275.69516 -181.54713 -43.24019 NaN NaN NaN 10.58814 -156.45380 32.40841 -65.19205 -196.93471 -65.61793
38519 3.00134 NaN NaN NaN 177.47293 -110.23809 -7.72626 275.70657 -181.56772 -43.28794 NaN NaN NaN 10.57431 -156.47386 32.39737 -65.17691 -196.94443 -65.63284
38520 3.00967 NaN NaN NaN 177.50066 -110.26646 -7.71206 275.72980 -181.58492 -43.33300 NaN NaN NaN 10.57580 -156.49687 32.39870 -65.14231 -196.96835 -65.61758
38521 3.01800 NaN NaN NaN 177.50002 -110.26205 -7.70405 275.73212 -181.59750 -43.35008 NaN NaN NaN 10.58222 -156.52966 32.40639 -65.15386 -196.95647 -65.64849
38522 3.02633 NaN NaN NaN 177.52902 -110.27417 -7.68626 275.73743 -181.61168 -43.36860 NaN NaN NaN 10.60899 -156.54111 32.41388 -65.13115 -196.95523 -65.63714
38523 3.03466 NaN NaN NaN 177.52176 -110.32164 -7.64870 275.73465 -181.59612 -43.37284 NaN NaN NaN 10.61534 -156.52527 32.41403 -65.11985 -196.96938 -65.64944
38524 3.04299 NaN NaN NaN 177.53796 -110.31309 -7.61296 275.73190 -181.61948 -43.39515 NaN NaN NaN 10.63168 -156.49478 32.41338 -65.11818 -196.96829 -65.61533
38525 3.05133 NaN NaN NaN 177.54007 -110.36620 -7.58050 275.73654 -181.62199 -43.40784 NaN NaN NaN 10.63783 -156.49669 32.40162 -65.14082 -196.96707 -65.63062
38526 3.05966 NaN NaN NaN 177.55411 -110.36126 -7.54993 275.75644 -181.63815 -43.42324 NaN NaN NaN 10.65749 -156.48549 32.37865 -65.15307 -196.96205 -65.59597
38527 3.06799 NaN NaN NaN 177.58531 -110.43299 -7.49512 275.77402 -181.66600 -43.47295 NaN NaN NaN 10.71621 -156.44856 32.33450 -65.22333 -196.96452 -65.55539
38528 3.07632 NaN NaN NaN 177.61890 -110.46207 -7.45849 275.80707 -181.69788 -43.49180 NaN NaN NaN 10.75923 -156.41519 32.28227 -65.26245 -196.99216 -65.52513
38529 3.08465 NaN NaN NaN 177.60841 -110.50497 -7.39915 275.81570 -181.70070 -43.50859 NaN NaN NaN 10.73480 -156.40892 32.24803 -65.28902 -196.98761 -65.56641
38530 3.09298 NaN NaN NaN 177.61011 -110.51393 -7.41364 275.80655 -181.70746 -43.50903 NaN NaN NaN 10.67702 -156.45338 32.24338 -65.30263 -196.92497 -65.68462
38531 3.10131 NaN NaN NaN 177.61282 -110.47972 -7.42019 275.78864 -181.70421 -43.51825 NaN NaN NaN 10.63491 -156.52013 32.22293 -65.31023 -196.85822 -65.78238
38532 3.10964 NaN NaN NaN 177.61424 -110.47348 -7.44805 275.79163 -181.69830 -43.51960 NaN NaN NaN 10.62377 -156.51454 32.19880 -65.32191 -196.82906 -65.80950
38533 3.11798 NaN NaN NaN 177.59833 -110.46933 -7.45879 275.79968 -181.69655 -43.52302 NaN NaN NaN 10.65391 -156.51161 32.19341 -65.31028 -196.82124 -65.77325
38534 3.12631 NaN NaN NaN 177.59564 -110.46273 -7.46677 275.79361 -181.68932 -43.52122 NaN NaN NaN 10.67999 -156.46191 32.20191 -65.31760 -196.84290 -65.75154
38535 3.13464 NaN NaN NaN 177.60445 -110.46735 -7.48959 275.78394 -181.68108 -43.53077 NaN NaN NaN 10.70404 -156.42880 32.19334 -65.31679 -196.84842 -65.72198
38536 3.14297 NaN NaN NaN 177.61037 -110.44933 -7.48273 275.77603 -181.67754 -43.54077 NaN NaN NaN 10.71250 -156.40672 32.21411 -65.29355 -196.83492 -65.70227
38537 3.15130 NaN NaN NaN 177.59489 -110.49072 -7.45550 275.79553 -181.67261 -43.54952 NaN NaN NaN 10.69612 -156.38873 32.20607 -65.28773 -196.82570 -65.68732
38538 3.15963 NaN NaN NaN 177.63133 -110.47836 -7.44757 275.79977 -181.65630 -43.57312 NaN NaN NaN 10.72057 -156.39262 32.22808 -65.26819 -196.80171 -65.66698
38539 3.16796 NaN NaN NaN 177.64668 -110.48717 -7.41264 275.81195 -181.64439 -43.56745 NaN NaN NaN 10.71420 -156.37550 32.24332 -65.27293 -196.79524 -65.65166
38540 3.17629 NaN NaN NaN 177.67899 -110.49811 -7.41498 275.83154 -181.62831 -43.56327 NaN NaN NaN 10.72389 -156.37381 32.27269 -65.26905 -196.80058 -65.64095
38541 3.18463 NaN NaN NaN 177.66672 -110.51389 -7.37233 275.84302 -181.61778 -43.57070 NaN NaN NaN 10.71864 -156.38751 32.27411 -65.26741 -196.81851 -65.63587
38542 3.19296 NaN NaN NaN 177.68288 -110.54119 -7.33668 275.84821 -181.61821 -43.59188 NaN NaN NaN 10.71502 -156.40529 32.28932 -65.26273 -196.82993 -65.62011
38543 3.20129 NaN NaN NaN 177.68771 -110.54110 -7.31951 275.86127 -181.62666 -43.59641 NaN NaN NaN 10.70105 -156.40445 32.29877 -65.26272 -196.83687 -65.60684
38544 3.20962 NaN NaN NaN 177.69804 -110.53136 -7.31588 275.86252 -181.61876 -43.61812 NaN NaN NaN 10.70749 -156.42789 32.31160 -65.26172 -196.84210 -65.59697
38545 3.21795 NaN NaN NaN 177.71007 -110.53469 -7.30988 275.88550 -181.64641 -43.63650 NaN NaN NaN 10.70018 -156.45351 32.32233 -65.26714 -196.85704 -65.60258
38546 3.22628 NaN NaN NaN 177.71846 -110.55121 -7.32167 275.87433 -181.66820 -43.65387 NaN NaN NaN 10.67990 -156.46953 32.32457 -65.25137 -196.85898 -65.60169
38547 3.23461 NaN NaN NaN 177.72508 -110.55425 -7.31083 275.87778 -181.66606 -43.67022 NaN NaN NaN 10.67923 -156.47496 32.32130 -65.27880 -196.89090 -65.60590
38548 3.24295 NaN NaN NaN 177.72591 -110.55569 -7.31247 275.87918 -181.67361 -43.68610 NaN NaN NaN 10.70302 -156.49332 32.32090 -65.27271 -196.86993 -65.62009
38549 3.25128 NaN NaN NaN 177.73076 -110.59530 -7.32104 275.88736 -181.66534 -43.69825 NaN NaN NaN 10.69874 -156.49118 32.30887 -65.26626 -196.88680 -65.59405
38550 3.25961 NaN NaN NaN 177.73769 -110.60076 -7.31850 275.87808 -181.65504 -43.70564 NaN NaN NaN 10.70787 -156.50179 32.30754 -65.24643 -196.89009 -65.58721
38551 3.26794 NaN NaN NaN 177.74461 -110.60787 -7.30927 275.87228 -181.65538 -43.72511 NaN NaN NaN 10.72722 -156.49483 32.29557 -65.26128 -196.90015 -65.59174
38552 3.27627 NaN NaN NaN 177.74756 -110.61149 -7.30686 275.87399 -181.65295 -43.73425 NaN NaN NaN 10.74331 -156.47241 32.30371 -65.27520 -196.89540 -65.59512
38553 3.28460 NaN NaN NaN 177.76837 -110.61190 -7.29456 275.87296 -181.65228 -43.78104 NaN NaN NaN 10.75004 -156.46405 32.28924 -65.27674 -196.89403 -65.57610
38554 3.29293 NaN NaN NaN 177.77734 -110.61752 -7.29172 275.86520 -181.66678 -43.78579 NaN NaN NaN 10.74750 -156.44643 32.30437 -65.26507 -196.88715 -65.56851
38555 3.30126 NaN NaN NaN 177.79721 -110.64598 -7.27438 275.85501 -181.65562 -43.82666 NaN NaN NaN 10.73935 -156.44858 32.31434 -65.26360 -196.89836 -65.55473
38556 3.30960 NaN NaN NaN 177.81088 -110.66128 -7.25039 275.87442 -181.66957 -43.85230 NaN NaN NaN 10.73666 -156.43777 32.31737 -65.26840 -196.88861 -65.54981
38557 3.31793 NaN NaN NaN 177.80748 -110.68902 -7.22270 275.88388 -181.65063 -43.87341 NaN NaN NaN 10.73181 -156.43141 32.33413 -65.27103 -196.88882 -65.54047
38558 3.32626 NaN NaN NaN 177.82156 -110.71204 -7.20372 275.88831 -181.66338 -43.90652 NaN NaN NaN 10.72670 -156.43481 32.34617 -65.26942 -196.87750 -65.52276
38559 3.33459 NaN NaN NaN 177.82304 -110.73587 -7.19233 275.87875 -181.65013 -43.93307 NaN NaN NaN 10.72579 -156.38782 32.35674 -65.25836 -196.87671 -65.49920
38560 3.34292 NaN NaN NaN 177.81560 -110.77081 -7.18058 275.89136 -181.66943 -43.94568 NaN NaN NaN 10.72243 -156.37881 32.35989 -65.25515 -196.86533 -65.47070
38561 3.35125 NaN NaN NaN 177.81870 -110.78255 -7.12321 275.90262 -181.65813 -43.95944 NaN NaN NaN 10.72594 -156.34853 32.36379 -65.26019 -196.87787 -65.47278
38562 3.35958 NaN NaN NaN 177.85812 -110.79987 -7.11392 275.92834 -181.66534 -44.00906 NaN NaN NaN 10.71983 -156.34872 32.38676 -65.26176 -196.89331 -65.45145
38563 3.36791 NaN NaN NaN 177.88176 -110.82648 -7.10905 275.95535 -181.66190 -44.03852 NaN NaN NaN 10.72236 -156.35695 32.40515 -65.26440 -196.90042 -65.44185
38564 3.37625 NaN NaN NaN 177.94075 -110.86216 -7.06248 275.97659 -181.68431 -44.08587 NaN NaN NaN 10.73149 -156.36201 32.41884 -65.24622 -196.88635 -65.42390
38565 3.38458 NaN NaN NaN 177.97179 -110.89101 -7.00630 275.97748 -181.70909 -44.12457 NaN NaN NaN 10.74289 -156.36037 32.42754 -65.23631 -196.88696 -65.41379
38566 3.39291 NaN NaN NaN 177.99242 -110.94286 -6.97022 275.99814 -181.76247 -44.17872 NaN NaN NaN 10.74712 -156.36259 32.42838 -65.21737 -196.89067 -65.39075
38567 3.40124 NaN NaN NaN 178.02742 -110.96636 -6.91392 276.02515 -181.78423 -44.23038 NaN NaN NaN 10.77723 -156.36197 32.42595 -65.20946 -196.91077 -65.39479
38568 3.40957 NaN NaN NaN 178.08215 -111.06161 -6.84627 276.05139 -181.82040 -44.29720 NaN NaN NaN 10.79847 -156.34418 32.42834 -65.22144 -196.90300 -65.38351
38569 3.41790 NaN NaN NaN 178.15540 -111.14486 -6.77157 276.08972 -181.83827 -44.35355 NaN NaN NaN 10.85446 -156.33955 32.39109 -65.23373 -196.90601 -65.35427
38570 3.42623 NaN NaN NaN 178.23146 -111.19556 -6.67306 276.13644 -181.83641 -44.42102 NaN NaN NaN 10.90092 -156.34195 32.35136 -65.27969 -196.91296 -65.32880
38571 3.43456 NaN NaN NaN 178.31425 -111.28033 -6.54936 276.19785 -181.85802 -44.50282 NaN NaN NaN 10.95156 -156.32930 32.30926 -65.30215 -196.92630 -65.30338
38572 3.44290 NaN NaN NaN 178.41231 -111.33562 -6.43206 276.25970 -181.90314 -44.58277 NaN NaN NaN 10.96674 -156.33441 32.27499 -65.34888 -196.94199 -65.30482
38573 3.45123 NaN NaN NaN 178.49840 -111.40513 -6.32824 276.32938 -181.93607 -44.67794 NaN NaN NaN 10.95473 -156.37173 32.23984 -65.36605 -196.91965 -65.34516
38574 3.45956 NaN NaN NaN 178.59206 -111.51308 -6.24618 276.36304 -181.95905 -44.75458 NaN NaN NaN 10.94320 -156.38699 32.23024 -65.39393 -196.92407 -65.38746
38575 3.46789 NaN NaN NaN 178.66049 -111.60591 -6.18542 276.40329 -181.97589 -44.86264 NaN NaN NaN 10.94346 -156.43942 32.19886 -65.42668 -196.91074 -65.41171
38576 3.47622 NaN NaN NaN 178.68475 -111.75607 -6.10118 276.44348 -181.99730 -44.92802 NaN NaN NaN 10.93891 -156.42336 32.16406 -65.45033 -196.90224 -65.41440
38577 3.48455 NaN NaN NaN 178.72826 -111.84159 -6.02895 276.47504 -182.03398 -45.00868 NaN NaN NaN 10.91652 -156.44917 32.13325 -65.48274 -196.90955 -65.44625
38578 3.49288 NaN NaN NaN 178.75479 -111.91812 -5.98130 276.50177 -182.05522 -45.04969 NaN NaN NaN 10.88320 -156.46832 32.12728 -65.46883 -196.89883 -65.47047
38579 3.50122 NaN NaN NaN 178.77548 -111.94729 -5.95525 276.48590 -182.07158 -45.08258 NaN NaN NaN 10.86545 -156.50304 32.17648 -65.47531 -196.88792 -65.49152
38580 3.50955 NaN NaN NaN 178.77814 -111.96829 -5.95410 276.50119 -182.08908 -45.07953 NaN NaN NaN 10.87596 -156.51727 32.19697 -65.46295 -196.88155 -65.51015
38581 3.51788 NaN NaN NaN 178.77835 -111.94812 -5.96697 276.50098 -182.07753 -45.09833 NaN NaN NaN 10.89343 -156.51840 32.19389 -65.46548 -196.88960 -65.45732
38582 3.52621 NaN NaN NaN 178.77307 -111.95337 -5.96059 276.49542 -182.07564 -45.09010 NaN NaN NaN 10.91178 -156.49283 32.18583 -65.47025 -196.89284 -65.42288
38583 3.53454 NaN NaN NaN 178.77953 -111.95868 -5.95456 276.48611 -182.07112 -45.10217 NaN NaN NaN 10.93223 -156.47296 32.17872 -65.47493 -196.90070 -65.40849
38584 3.54287 NaN NaN NaN 178.79861 -111.99335 -5.93568 276.48303 -182.06458 -45.10320 NaN NaN NaN 10.93411 -156.45947 32.17270 -65.47300 -196.89998 -65.40051
38585 3.55120 NaN NaN NaN 178.79387 -111.98629 -5.92272 276.48969 -182.07516 -45.13961 NaN NaN NaN 10.93588 -156.46484 32.18649 -65.46779 -196.89169 -65.42178
38586 3.55953 NaN NaN NaN 178.80795 -112.02400 -5.90105 276.49203 -182.07039 -45.14734 NaN NaN NaN 10.92703 -156.45320 32.19682 -65.45792 -196.87105 -65.43284
38587 3.56787 NaN NaN NaN 178.81482 -112.03535 -5.89600 276.49799 -182.06779 -45.18461 NaN NaN NaN 10.92961 -156.45596 32.18400 -65.45310 -196.83408 -65.44392
38588 3.57620 NaN NaN NaN 178.82932 -112.06174 -5.87421 276.51755 -182.05452 -45.18470 NaN NaN NaN 10.94876 -156.42688 32.17808 -65.45811 -196.81340 -65.42651
38589 3.58453 NaN NaN NaN 178.83627 -112.06657 -5.85556 276.52087 -182.06471 -45.23010 NaN NaN NaN 10.96303 -156.39934 32.17264 -65.45897 -196.81306 -65.42228
38590 3.59286 NaN NaN NaN 178.83849 -112.09521 -5.84735 276.54092 -182.06879 -45.25053 NaN NaN NaN 10.97685 -156.38150 32.17991 -65.43870 -196.80925 -65.41096
38591 3.60119 NaN NaN NaN 178.84094 -112.09368 -5.83691 276.56082 -182.07600 -45.27431 NaN NaN NaN 10.99813 -156.35065 32.14397 -65.42529 -196.77373 -65.40408
38592 3.60952 NaN NaN NaN 178.87866 -112.11197 -5.78311 276.59332 -182.07468 -45.28671 NaN NaN NaN 11.02755 -156.34439 32.14817 -65.41286 -196.74442 -65.40057
38593 3.61785 NaN NaN NaN 178.89655 -112.14031 -5.77612 276.59854 -182.07697 -45.32267 NaN NaN NaN 11.04854 -156.33203 32.14489 -65.40649 -196.70622 -65.40952
38594 3.62618 NaN NaN NaN 178.92319 -112.16298 -5.74358 276.62988 -182.09256 -45.36593 NaN NaN NaN 11.05306 -156.31885 32.13498 -65.39174 -196.66853 -65.42304
38595 3.63452 NaN NaN NaN 178.94856 -112.19273 -5.71602 276.63617 -182.11229 -45.38262 NaN NaN NaN 11.07556 -156.29172 32.14893 -65.40467 -196.65329 -65.42660
38596 3.64285 NaN NaN NaN 178.98221 -112.23576 -5.67447 276.65549 -182.13922 -45.38997 NaN NaN NaN 11.10612 -156.23318 32.09001 -65.43954 -196.65404 -65.39053
38597 3.65118 NaN NaN NaN 178.99040 -112.27346 -5.64260 276.67404 -182.15694 -45.42073 NaN NaN NaN 11.11721 -156.22639 32.08020 -65.46453 -196.63737 -65.36626
38598 3.65951 NaN NaN NaN 179.01160 -112.32606 -5.61283 276.67798 -182.16908 -45.44735 NaN NaN NaN 11.09237 -156.21521 32.06179 -65.45870 -196.63885 -65.38000
38599 3.66784 NaN NaN NaN 179.00998 -112.36100 -5.59274 276.68729 -182.17365 -45.48381 NaN NaN NaN 11.06716 -156.25592 32.13066 -65.46665 -196.61104 -65.40846
38600 3.67617 NaN NaN NaN 179.00694 -112.38819 -5.58240 276.70236 -182.17686 -45.49791 NaN NaN NaN 11.04850 -156.27295 32.11910 -65.44346 -196.60236 -65.41200
38601 3.68450 NaN NaN NaN 179.03564 -112.38918 -5.55222 276.70697 -182.18011 -45.50867 NaN NaN NaN 11.05834 -156.27885 32.14242 -65.44677 -196.60484 -65.39053
38602 3.69284 NaN NaN NaN 179.05264 -112.39491 -5.54336 276.71478 -182.16942 -45.52381 NaN NaN NaN 11.06311 -156.27448 32.19273 -65.42780 -196.62541 -65.36922
