Frame# Time LH1 LH2 LH3 RH1 RH2 RH3
X54 Y54 Z54 X55 Y55 Z55 X56 Y56 Z56 X57 Y57 Z57 X58 Y58 Z58 X59 Y59 Z59
28931 0.00405 NaN NaN NaN 257.25729 -185.95882 38.59569 292.83511 -187.99249 -82.15776 NaN NaN NaN 90.49573 -70.27292 20.75816 19.54345 -162.55103 -38.46301
28932 0.01239 NaN NaN NaN 256.97247 -185.72285 38.70358 292.84177 -188.00819 -81.94728 NaN NaN NaN 90.50522 -70.16875 20.85879 19.13118 -162.24231 -38.21634
28933 0.02074 NaN NaN NaN 256.69592 -185.48810 38.75037 292.84219 -188.02853 -81.78571 NaN NaN NaN 90.54071 -70.01020 20.98276 18.69574 -161.91850 -37.91551
28934 0.02909 NaN NaN NaN 256.47314 -185.27031 38.78061 292.89523 -188.04207 -81.64548 NaN NaN NaN 90.58755 -69.75233 21.17191 18.21518 -161.46385 -37.31955
28935 0.03743 NaN NaN NaN 256.22958 -185.00638 38.77626 292.94681 -188.00064 -81.55369 NaN NaN NaN 90.63653 -69.42735 21.33688 17.70755 -160.91028 -36.56133
28936 0.04578 NaN NaN NaN 256.03452 -184.78535 38.80544 293.01572 -188.01071 -81.45192 NaN NaN NaN 90.65973 -68.99515 21.60271 17.13449 -160.33965 -35.79765
28937 0.05412 NaN NaN NaN 255.81128 -184.55632 38.82230 293.14020 -188.06721 -81.37876 NaN NaN NaN 90.66933 -68.53028 21.92444 16.49429 -159.64784 -34.92780
28938 0.06247 NaN NaN NaN 255.63303 -184.36987 38.86621 293.25470 -188.14534 -81.30997 NaN NaN NaN 90.64162 -68.06551 22.26020 15.84329 -158.94162 -34.13162
28939 0.07082 NaN NaN NaN 255.47887 -184.19958 38.88085 293.32239 -188.26581 -81.22990 NaN NaN NaN 90.54330 -67.67974 22.69003 15.16789 -158.22505 -33.52374
28940 0.07916 NaN NaN NaN 255.42961 -184.10226 38.89279 293.35202 -188.42628 -81.16118 NaN NaN NaN 90.37133 -67.44745 23.12328 14.48809 -157.55429 -33.01093
28941 0.08751 NaN NaN NaN 255.47446 -184.12926 38.90213 293.33972 -188.52901 -81.13000 NaN NaN NaN 89.98952 -67.20403 23.93970 13.92697 -156.91422 -32.71340
28942 0.09586 NaN NaN NaN 255.68147 -184.27203 38.94918 293.28064 -188.62923 -81.15707 NaN NaN NaN 89.32953 -67.01194 24.96007 13.56159 -156.29610 -32.65533
28943 0.10420 NaN NaN NaN 256.01892 -184.55240 38.96475 293.19522 -188.60225 -81.25900 NaN NaN NaN 88.51294 -66.83981 26.15427 13.35415 -155.68188 -32.76737
28944 0.11255 NaN NaN NaN 256.51691 -184.96371 38.95296 293.05731 -188.53641 -81.41908 NaN NaN NaN 87.65440 -66.58214 27.36576 13.21322 -155.06758 -32.92950
28945 0.12090 NaN NaN NaN 257.12628 -185.45047 38.92521 292.95822 -188.40146 -81.71958 NaN NaN NaN 86.89556 -66.29377 28.52713 13.18912 -154.44405 -33.11548
28946 0.12924 NaN NaN NaN 257.82285 -186.07271 38.87872 292.85278 -188.28540 -82.12357 NaN NaN NaN 86.32687 -65.82717 29.59159 13.41090 -153.79192 -33.46281
28947 0.13759 NaN NaN NaN 258.58536 -186.74817 38.76823 292.79462 -188.27014 -82.47171 NaN NaN NaN 86.21130 -65.31303 30.17403 13.70600 -152.92740 -33.73011
28948 0.14594 NaN NaN NaN 259.38919 -187.43578 38.61429 292.82269 -188.21289 -82.87538 NaN NaN NaN 86.47952 -64.65250 30.47526 14.16147 -152.01367 -33.96527
28949 0.15428 NaN NaN NaN 260.22345 -188.12393 38.46992 292.83676 -188.18324 -83.19061 NaN NaN NaN 86.97745 -63.92431 30.58476 14.83737 -151.16873 -34.27740
28950 0.16263 NaN NaN NaN 261.07535 -188.83255 38.33728 292.82080 -188.21802 -83.54144 NaN NaN NaN 87.57986 -63.16793 30.53694 15.84446 -150.43907 -34.80513
28951 0.17098 NaN NaN NaN 261.94287 -189.57265 38.16967 292.82446 -188.31097 -83.93694 NaN NaN NaN 88.18884 -62.40868 30.48071 17.14689 -149.69627 -35.97714
28952 0.17932 NaN NaN NaN 262.76849 -190.34433 37.94992 292.81076 -188.26248 -84.29595 NaN NaN NaN 88.86261 -61.74533 30.40477 18.66007 -148.83453 -37.24394
28953 0.18767 NaN NaN NaN 263.60147 -191.10471 37.71381 292.79428 -188.23341 -84.72201 NaN NaN NaN 89.49238 -61.23428 30.33458 20.36804 -148.01723 -38.82201
28954 0.19602 NaN NaN NaN 264.39182 -191.86467 37.51596 292.69821 -188.17482 -85.11786 NaN NaN NaN 90.10067 -60.94633 30.23629 22.19603 -147.35439 -40.45590
28955 0.20436 NaN NaN NaN 265.13916 -192.55046 37.32308 292.67892 -188.04645 -85.56431 NaN NaN NaN 90.61608 -60.79490 30.10764 23.94498 -146.97800 -41.89713
28956 0.21271 NaN NaN NaN 265.78745 -193.21867 37.16314 292.69049 -187.82938 -85.95540 NaN NaN NaN 91.24252 -60.76473 29.97608 25.50130 -146.93414 -42.71763
28957 0.22106 NaN NaN NaN 266.32996 -193.77548 36.97704 292.65646 -187.65407 -86.26026 NaN NaN NaN 91.97175 -60.75023 29.91601 26.83311 -147.13884 -43.06943
28958 0.22940 NaN NaN NaN 266.80951 -194.35336 36.76283 292.61014 -187.53053 -86.48610 NaN NaN NaN 92.76260 -60.72185 29.91269 28.06062 -147.60901 -42.92667
28959 0.23775 NaN NaN NaN 267.20612 -194.86186 36.53965 292.56592 -187.46812 -86.79701 NaN NaN NaN 93.59963 -60.61256 29.99457 29.24894 -148.20203 -42.43679
28960 0.24610 NaN NaN NaN 267.52612 -195.35095 36.35022 292.53082 -187.44038 -87.04792 NaN NaN NaN 94.51242 -60.62005 30.07922 30.44447 -148.83113 -41.82702
28961 0.25444 NaN NaN NaN 267.75244 -195.76347 36.14545 292.50052 -187.47540 -87.23476 NaN NaN NaN 95.44231 -60.69741 30.26539 31.67906 -149.50719 -41.24936
28962 0.26279 NaN NaN NaN 267.93127 -196.15871 35.89459 292.51733 -187.48210 -87.38002 NaN NaN NaN 96.34049 -60.89964 30.43601 32.94264 -150.14574 -40.76112
28963 0.27114 NaN NaN NaN 267.98987 -196.50339 35.67719 292.48718 -187.59973 -87.63707 NaN NaN NaN 97.32066 -61.22414 30.62686 34.12174 -150.78758 -40.41339
28964 0.27948 NaN NaN NaN 267.93222 -196.76173 35.49150 292.41357 -187.54681 -87.85916 NaN NaN NaN 98.23244 -61.77541 30.83688 35.26504 -151.44649 -40.30602
28965 0.28783 NaN NaN NaN 267.79776 -196.88174 35.29340 292.33148 -187.46729 -87.98150 NaN NaN NaN 99.15495 -62.57424 30.86404 36.43951 -152.03145 -40.80583
28966 0.29618 NaN NaN NaN 267.61734 -196.93616 35.12986 292.26712 -187.38823 -88.07653 NaN NaN NaN 100.04539 -63.57921 30.78270 37.51895 -152.47290 -41.67439
28967 0.30452 NaN NaN NaN 267.39093 -196.97073 34.98265 292.24130 -187.33592 -88.08232 NaN NaN NaN 100.93613 -64.60902 30.69321 38.30458 -152.93910 -42.32905
28968 0.31287 NaN NaN NaN 267.19754 -196.94756 34.91647 292.14462 -187.19154 -88.14088 NaN NaN NaN 101.76263 -65.53046 30.40356 38.76447 -153.54678 -42.45820
28969 0.32121 NaN NaN NaN 266.95596 -196.77527 34.90670 292.01050 -187.08714 -88.15965 NaN NaN NaN 102.50801 -66.43576 30.00001 39.05109 -154.43282 -42.26808
28970 0.32956 NaN NaN NaN 266.60974 -196.44887 34.99027 291.91382 -186.87337 -88.13333 NaN NaN NaN 103.07407 -67.30626 29.70566 39.26963 -155.57420 -42.11460
28971 0.33791 NaN NaN NaN 266.19617 -195.98477 35.08548 291.86716 -186.73035 -87.98791 NaN NaN NaN 103.57878 -68.29562 29.53731 39.34874 -156.76346 -41.89821
28972 0.34625 NaN NaN NaN 265.76358 -195.45648 35.16351 291.87378 -186.60152 -87.85199 NaN NaN NaN 103.91525 -69.41465 29.58150 39.30927 -157.68198 -41.81676
28973 0.35460 NaN NaN NaN 265.27310 -194.86110 35.27215 291.89642 -186.47415 -87.66401 NaN NaN NaN 104.02486 -70.67859 30.14293 39.26822 -158.31245 -41.98608
28974 0.36295 NaN NaN NaN 264.76263 -194.25456 35.40236 291.93542 -186.36922 -87.49968 NaN NaN NaN 103.91205 -72.01173 31.03509 39.28209 -158.67657 -42.39569
28975 0.37129 NaN NaN NaN 264.27127 -193.60243 35.52504 291.95422 -186.22328 -87.27482 NaN NaN NaN 103.68892 -73.38982 32.11753 39.28492 -158.85954 -42.75333
28976 0.37964 NaN NaN NaN 263.78604 -192.99660 35.64086 292.00284 -186.07539 -87.08667 NaN NaN NaN 103.32607 -74.71546 33.30686 39.24403 -158.96413 -43.02682
28977 0.38799 NaN NaN NaN 263.33182 -192.40894 35.76756 292.01425 -185.91968 -86.82887 NaN NaN NaN 102.82430 -76.00050 34.60366 39.18311 -159.11642 -43.20353
28978 0.39633 NaN NaN NaN 262.93417 -191.84030 35.84363 291.96591 -185.75571 -86.65810 NaN NaN NaN 102.13185 -77.31421 36.10143 38.97270 -159.40617 -43.37428
28979 0.40468 NaN NaN NaN 262.63733 -191.33789 35.93721 291.90936 -185.54730 -86.55624 NaN NaN NaN 101.22711 -78.95267 37.69798 38.65161 -159.77238 -43.60273
28980 0.41303 NaN NaN NaN 262.42300 -190.86674 36.04440 291.81146 -185.32578 -86.37447 NaN NaN NaN 100.04457 -81.05870 39.50299 38.25826 -160.09657 -44.07762
28981 0.42137 NaN NaN NaN 262.24628 -190.37286 36.13605 291.54288 -184.89973 -86.16450 NaN NaN NaN 98.65564 -83.63146 41.47459 37.75991 -160.36359 -44.96811
28982 0.42972 NaN NaN NaN 262.09131 -189.88654 36.28881 291.27469 -184.28949 -86.14278 NaN NaN NaN 97.12605 -86.60004 43.27676 37.27309 -160.46461 -46.18420
28983 0.43807 NaN NaN NaN 261.92575 -189.42017 36.45224 290.91431 -183.57007 -86.13194 NaN NaN NaN 95.66592 -89.54901 44.85003 36.71983 -160.37704 -47.52652
28984 0.44641 NaN NaN NaN 261.78119 -188.98897 36.69555 290.53043 -182.81029 -86.12774 NaN NaN NaN 94.35768 -92.35400 46.05061 36.08372 -160.38596 -48.71524
28985 0.45476 NaN NaN NaN 261.64066 -188.54373 36.92412 290.10147 -182.03001 -86.00615 NaN NaN NaN 93.22606 -94.77651 46.76802 35.63074 -160.32629 -49.98573
28986 0.46311 NaN NaN NaN 261.41940 -188.15965 37.18655 289.62167 -181.39859 -85.90660 NaN NaN NaN 92.37465 -96.75183 46.96203 35.35725 -160.09058 -51.62772
28987 0.47145 NaN NaN NaN 261.19318 -187.71045 37.45720 289.06775 -180.85545 -85.65799 NaN NaN NaN 91.89621 -98.21145 46.84610 35.14103 -159.65108 -53.15910
28988 0.47980 NaN NaN NaN 260.96069 -187.28485 37.89318 288.52823 -180.37051 -85.38456 NaN NaN NaN 91.60260 -99.26842 46.48594 34.91600 -159.35181 -54.22075
28989 0.48815 NaN NaN NaN 260.76749 -186.87476 38.31520 287.93256 -179.98389 -85.01745 NaN NaN NaN 91.27475 -100.14005 46.25496 34.64696 -159.40143 -54.96765
28990 0.49649 NaN NaN NaN 260.51663 -186.47247 38.85910 287.38074 -179.68340 -84.58214 NaN NaN NaN 90.84637 -101.13731 46.23906 34.48027 -159.57841 -55.69449
28991 0.50484 NaN NaN NaN 260.27078 -185.96887 39.43643 286.83167 -179.62459 -83.72811 NaN NaN NaN 90.34688 -102.46731 46.40860 34.32868 -159.66704 -56.45592
28992 0.51319 NaN NaN NaN 260.01071 -185.39090 39.99606 286.12076 -179.54167 -82.97121 NaN NaN NaN 89.92988 -104.06130 46.62450 34.32940 -159.72955 -57.29443
28993 0.52153 NaN NaN NaN 259.64771 -184.76114 40.64461 285.61469 -179.26855 -82.34842 NaN NaN NaN 89.60042 -105.67345 46.85162 34.31779 -159.82327 -57.92337
28994 0.52988 NaN NaN NaN 259.17825 -183.97261 41.31219 285.25967 -178.87787 -81.66323 NaN NaN NaN 89.45393 -107.13945 46.99287 34.42134 -160.13454 -58.49097
28995 0.53823 NaN NaN NaN 258.55627 -183.10025 41.93285 284.86548 -178.30272 -81.08429 NaN NaN NaN 89.45904 -108.42995 47.08910 34.55372 -160.56186 -58.90431
28996 0.54657 NaN NaN NaN 257.83685 -182.08202 42.60558 284.53079 -177.75078 -80.48262 NaN NaN NaN 89.60790 -109.62089 47.06189 34.81314 -161.20410 -59.30555
28997 0.55492 NaN NaN NaN 256.93851 -180.97870 43.16382 284.25391 -177.24559 -79.88882 NaN NaN NaN 89.81881 -110.83488 46.96077 35.12791 -161.88234 -59.63853
28998 0.56326 NaN NaN NaN 255.91640 -179.79865 43.69524 283.94351 -176.84152 -79.27077 NaN NaN NaN 90.13995 -112.03828 46.92260 35.52925 -162.63272 -60.01525
28999 0.57161 NaN NaN NaN 254.82848 -178.53627 44.21228 283.64273 -176.59770 -78.55427 NaN NaN NaN 90.55022 -113.27185 46.82776 35.86939 -163.36676 -60.30825
29000 0.57996 NaN NaN NaN 253.61081 -177.23314 44.69062 283.39502 -176.43877 -77.92535 NaN NaN NaN 90.97655 -114.51914 46.74499 36.24575 -164.12541 -60.55913
29001 0.58830 NaN NaN NaN 252.35919 -175.91457 45.06594 283.14871 -176.34026 -77.18363 NaN NaN NaN 91.36266 -115.73370 46.68133 36.58593 -164.94255 -60.72483
29002 0.59665 NaN NaN NaN 251.03214 -174.53310 45.45769 282.87939 -176.30751 -76.57745 NaN NaN NaN 91.72718 -116.92332 46.60647 36.81621 -165.87392 -60.85999
29003 0.60500 NaN NaN NaN 249.73013 -173.18742 45.75846 282.63788 -176.21017 -75.97342 NaN NaN NaN 92.01559 -118.01674 46.59886 36.89177 -166.87419 -60.84320
29004 0.61334 NaN NaN NaN 248.42914 -171.84360 46.03300 282.41498 -176.13071 -75.38255 NaN NaN NaN 92.16985 -119.05896 46.69528 36.85661 -167.91699 -60.67152
29005 0.62169 NaN NaN NaN 247.17329 -170.58188 46.21928 282.25070 -176.10730 -74.80316 NaN NaN NaN 92.15237 -120.01231 46.83722 36.68380 -168.93858 -60.43430
29006 0.63004 NaN NaN NaN 245.96088 -169.32256 46.44770 282.11441 -176.09657 -74.25836 NaN NaN NaN 91.85940 -120.91158 47.03272 36.22930 -169.92023 -60.07315
29007 0.63838 NaN NaN NaN 244.75642 -168.18141 46.59966 282.03104 -176.15335 -73.78019 NaN NaN NaN 91.39417 -121.62255 47.26569 35.58880 -170.89214 -59.64964
29008 0.64673 NaN NaN NaN 243.58327 -167.02089 46.72696 281.98920 -176.18465 -73.21702 NaN NaN NaN 90.83673 -122.08089 47.55740 34.74503 -171.83824 -58.97292
29009 0.65508 NaN NaN NaN 242.46359 -165.98172 46.74110 281.97144 -176.31993 -72.74776 NaN NaN NaN 90.22096 -122.15362 47.85659 33.71796 -172.80681 -57.98311
29010 0.66342 NaN NaN NaN 241.50002 -165.05786 46.72690 281.89417 -176.40820 -72.39281 NaN NaN NaN 89.55273 -121.80093 48.20430 32.49886 -173.73572 -56.73460
29011 0.67177 NaN NaN NaN 240.69281 -164.34769 46.69341 281.79181 -176.50684 -72.04111 NaN NaN NaN 88.86044 -121.08157 48.46574 31.20908 -174.63477 -55.27989
29012 0.68012 NaN NaN NaN 240.01529 -163.74138 46.58625 281.67883 -176.54918 -71.87192 NaN NaN NaN 88.05147 -119.96544 48.82014 29.84595 -175.36461 -53.73344
29013 0.68846 NaN NaN NaN 239.50235 -163.30371 46.48844 281.55408 -176.50060 -71.76437 NaN NaN NaN 87.14083 -118.68335 49.16975 28.40265 -175.88715 -52.11879
29014 0.69681 NaN NaN NaN 239.23836 -163.06023 46.41010 281.38602 -176.41693 -71.81554 NaN NaN NaN 86.16452 -117.27560 49.51147 26.89374 -176.22392 -50.45380
29015 0.70516 NaN NaN NaN 239.13593 -162.92781 46.27882 281.18790 -176.25471 -71.98125 NaN NaN NaN 85.02232 -115.83603 49.87822 25.14862 -176.70625 -48.74581
29016 0.71350 NaN NaN NaN 239.21712 -162.96057 46.17212 280.96793 -176.14700 -72.24232 NaN NaN NaN 83.65681 -114.55515 50.20942 23.41369 -176.78699 -47.26595
29017 0.72185 NaN NaN NaN 239.43149 -163.12509 46.08959 280.74780 -175.93428 -72.54694 NaN NaN NaN 81.99940 -113.51712 50.70282 21.61760 -176.51088 -46.18423
29018 0.73020 NaN NaN NaN 239.80141 -163.42242 45.96163 280.51312 -175.69890 -72.90218 NaN NaN NaN 80.10281 -112.84914 51.19178 19.68746 -176.01729 -45.52594
29019 0.73854 NaN NaN NaN 240.28854 -163.85219 45.87358 280.29187 -175.46996 -73.27426 NaN NaN NaN 78.00021 -112.42319 51.69633 17.63556 -175.34917 -45.12948
29020 0.74689 NaN NaN NaN 240.80238 -164.36586 45.76006 280.06882 -175.18694 -73.72419 NaN NaN NaN 75.74823 -112.12758 52.16048 15.56661 -174.65504 -45.12743
29021 0.75524 NaN NaN NaN 241.34987 -164.83281 45.59077 279.85315 -174.97523 -74.21655 NaN NaN NaN 73.36893 -112.01052 52.41677 13.47957 -173.85992 -45.43276
29022 0.76358 NaN NaN NaN 241.89085 -165.28561 45.43057 279.65784 -174.77737 -74.68655 NaN NaN NaN 70.97752 -112.08583 52.60944 11.41542 -172.91716 -46.05017
29023 0.77193 NaN NaN NaN 242.39482 -165.61331 45.18764 279.45941 -174.57066 -75.10419 NaN NaN NaN 68.57217 -112.32130 52.69527 9.35328 -171.85954 -46.97805
29024 0.78028 NaN NaN NaN 242.81676 -165.81059 44.94669 279.27423 -174.40024 -75.48575 NaN NaN NaN 66.14339 -112.73186 52.65970 7.28067 -170.78339 -48.10096
29025 0.78862 NaN NaN NaN 243.13228 -165.96881 44.64890 279.00400 -174.29060 -75.98219 NaN NaN NaN 63.78244 -113.35594 52.63970 5.32349 -169.69331 -49.32036
29026 0.79697 NaN NaN NaN 243.45483 -166.12128 44.42249 278.61258 -174.07278 -76.46180 NaN NaN NaN 61.58569 -114.05966 52.58725 3.55388 -168.64944 -50.48757
29027 0.80532 NaN NaN NaN 244.06079 -166.53474 44.26091 277.91394 -173.71626 -77.01086 NaN NaN NaN 59.53312 -114.68118 52.40793 1.76354 -167.80441 -51.55069
29028 0.81366 NaN NaN NaN 245.10187 -167.35298 44.07761 276.93234 -173.09665 -77.81696 NaN NaN NaN 57.49107 -115.41949 52.21957 -0.03163 -167.14619 -52.55281
29029 0.82201 NaN NaN NaN 246.18690 -168.44928 43.75889 276.07642 -172.41634 -78.64923 NaN NaN NaN 55.31631 -116.44974 52.17471 -1.73831 -166.48216 -53.73405
29030 0.83035 NaN NaN NaN 246.62776 -169.05571 43.55446 275.53696 -171.71088 -79.40706 NaN NaN NaN 52.81441 -117.94334 52.35220 -3.19459 -165.80711 -55.16125
29031 0.83870 NaN NaN NaN 246.42224 -169.07759 43.48365 275.29541 -171.28636 -79.67026 NaN NaN NaN 50.04639 -119.85725 52.76772 -4.26296 -165.33388 -56.74805
29032 0.84705 NaN NaN NaN 245.59100 -168.56631 43.33971 275.04651 -171.21387 -79.66669 NaN NaN NaN 46.97937 -122.09194 53.36274 -4.85214 -164.42918 -58.52457
29033 0.85539 NaN NaN NaN 244.27885 -167.80309 43.19703 274.65796 -171.29005 -79.51411 NaN NaN NaN 43.71874 -124.56051 54.13227 -5.07147 -163.32014 -60.33077
29034 0.86374 NaN NaN NaN 242.79832 -167.01305 43.12451 273.99957 -171.39146 -79.25164 NaN NaN NaN 40.28478 -127.08911 54.92500 -4.88354 -161.91905 -62.23524
29035 0.87209 NaN NaN NaN 241.28419 -166.23973 43.17286 273.26608 -171.44366 -78.86140 NaN NaN NaN 36.89003 -129.49451 55.66499 -4.31084 -160.23874 -64.08710
29036 0.88043 NaN NaN NaN 239.91798 -165.47081 43.46857 272.50803 -171.35870 -78.41808 NaN NaN NaN 33.89282 -131.45032 56.37492 -3.82447 -158.68300 -65.32257
29037 0.88878 NaN NaN NaN 238.73085 -164.79187 43.76120 271.75232 -171.29305 -77.90351 NaN NaN NaN 31.59983 -132.67427 57.03051 -3.80591 -157.70300 -65.86364
29038 0.89713 NaN NaN NaN 237.70624 -164.24661 44.11882 270.97836 -171.25772 -77.50671 NaN NaN NaN 29.99918 -133.10184 57.78407 -4.24810 -157.43198 -65.53429
29039 0.90547 NaN NaN NaN 236.86090 -163.84056 44.57511 270.18774 -171.30244 -77.06700 NaN NaN NaN 28.90844 -132.89360 58.66278 -4.96940 -157.92316 -64.59644
29040 0.91382 NaN NaN NaN 236.11363 -163.32469 45.10993 269.29990 -171.44336 -76.52939 NaN NaN NaN 28.16064 -132.35477 59.65445 -5.79725 -158.93414 -63.27530
29041 0.92217 NaN NaN NaN 235.30261 -162.65723 45.81975 268.42749 -171.78966 -75.79101 NaN NaN NaN 27.63660 -131.58072 60.67595 -6.53858 -159.89574 -61.85005
29042 0.93051 NaN NaN NaN 234.54948 -161.76302 46.71666 267.56903 -172.28203 -74.79479 NaN NaN NaN 27.30995 -130.75090 61.66576 -6.95372 -160.21721 -60.55137
29043 0.93886 NaN NaN NaN 233.93701 -160.61481 47.78858 266.67749 -172.88509 -73.66002 NaN NaN NaN 27.21615 -129.79593 62.53158 -7.42998 -160.49088 -59.23408
29044 0.94721 NaN NaN NaN 233.45589 -159.27486 49.00731 265.82251 -173.50780 -72.20008 NaN NaN NaN 27.23502 -128.74559 63.30294 -7.91836 -160.65305 -57.97695
29045 0.95555 NaN NaN NaN 232.93317 -157.73982 50.43295 265.17282 -174.01346 -70.50356 NaN NaN NaN 27.18320 -127.75879 64.05580 -8.35065 -160.86282 -56.78562
29046 0.96390 NaN NaN NaN 232.08728 -155.93095 52.04784 264.78925 -174.71042 -68.36606 NaN NaN NaN 26.92157 -126.96341 64.94742 -8.55392 -161.13466 -55.61674
29047 0.97225 NaN NaN NaN 231.03096 -153.67593 53.78057 264.61356 -175.31339 -65.88621 NaN NaN NaN 26.47965 -126.35912 65.94970 -8.49672 -161.56282 -54.53825
29048 0.98059 NaN NaN NaN 229.85252 -151.09903 55.63437 264.44525 -175.62132 -63.18441 NaN NaN NaN 25.93432 -125.95425 67.08679 -8.06482 -161.73372 -53.58834
29049 0.98894 NaN NaN NaN 228.59274 -148.29063 57.56927 264.15854 -175.69753 -60.46093 NaN NaN NaN 25.42006 -125.65268 68.26426 -7.26683 -161.61589 -52.69023
29050 0.99729 NaN NaN NaN 227.20767 -145.35976 59.41385 263.64218 -175.56813 -57.74335 NaN NaN NaN 25.03398 -125.31666 69.46900 -6.10967 -161.10858 -51.79468
29051 1.00563 NaN NaN NaN 225.65030 -142.31433 61.17988 262.93573 -175.33270 -54.96170 NaN NaN NaN 24.77317 -124.89664 70.80482 -4.87945 -160.60342 -50.81505
29052 1.01398 NaN NaN NaN 223.91063 -139.32277 62.85884 262.09488 -175.06831 -52.19384 NaN NaN NaN 24.55646 -124.30122 72.18345 -3.72171 -160.32884 -49.75169
29053 1.02233 NaN NaN NaN 222.05263 -136.29565 64.35535 261.21356 -174.75101 -49.44243 NaN NaN NaN 24.38179 -123.68166 73.60786 -2.59070 -160.22853 -48.51792
29054 1.03067 NaN NaN NaN 220.11411 -133.32956 65.58321 260.24789 -174.40173 -46.91695 NaN NaN NaN 24.16632 -123.01071 75.15646 -1.47667 -160.34952 -46.95864
29055 1.03902 NaN NaN NaN 218.26953 -130.43489 66.62623 259.11737 -173.94070 -44.72367 NaN NaN NaN 24.05028 -122.17780 76.77446 -0.28678 -160.70529 -45.27599
29056 1.04737 NaN NaN NaN 216.49719 -127.64745 67.58778 257.82739 -173.32748 -42.85021 NaN NaN NaN 23.95442 -121.60584 78.37952 1.28110 -160.73628 -43.80501
29057 1.05571 NaN NaN NaN 214.84633 -124.73061 68.30790 256.39914 -172.52809 -41.11547 NaN NaN NaN 23.78559 -121.43487 79.81003 3.11393 -160.62323 -42.60040
29058 1.06406 NaN NaN NaN 213.25684 -121.73973 68.83199 255.20494 -171.74644 -39.41602 NaN NaN NaN 23.44842 -121.74099 81.15458 5.04853 -160.42992 -41.84010
29059 1.07240 NaN NaN NaN 211.80911 -118.59628 69.35569 254.28442 -170.67343 -37.65890 NaN NaN NaN 23.10448 -122.29108 82.29005 6.99665 -160.08626 -41.42006
29060 1.08075 NaN NaN NaN 210.47389 -115.15878 69.90633 253.89989 -169.53036 -35.50112 NaN NaN NaN 22.97630 -122.72711 83.41346 8.26487 -159.87009 -40.62686
29061 1.08910 NaN NaN NaN 209.19130 -111.56317 70.39751 254.24977 -168.60748 -32.83174 NaN NaN NaN 23.31687 -122.48505 84.51425 8.35488 -160.35693 -39.15131
29062 1.09744 NaN NaN NaN 208.00833 -107.95742 70.76687 255.18266 -168.07326 -29.81260 NaN NaN NaN 24.17510 -121.46356 85.38227 7.23265 -161.71881 -37.29248
29063 1.10579 NaN NaN NaN 207.18704 -104.79223 71.15752 256.46381 -167.81108 -26.83561 NaN NaN NaN 25.20377 -120.03535 85.92625 5.65014 -163.74472 -35.19644
29064 1.11414 NaN NaN NaN 206.91956 -102.31171 71.65168 257.98068 -167.59915 -24.05225 NaN NaN NaN 26.04341 -118.90359 86.21909 4.28998 -165.73584 -33.43071
29065 1.12248 NaN NaN NaN 207.09009 -100.56659 72.24556 259.67252 -167.37224 -21.68581 NaN NaN NaN 26.65740 -118.31081 86.35857 3.19337 -167.30356 -32.17777
29066 1.13083 NaN NaN NaN 207.67493 -99.46924 72.86201 261.47702 -167.28624 -19.76640 NaN NaN NaN 27.21812 -118.14198 86.34042 2.28560 -168.40170 -31.34972
29067 1.13918 NaN NaN NaN 208.54698 -98.89539 73.28413 263.31299 -167.14861 -18.07533 NaN NaN NaN 27.95309 -118.26479 86.02080 1.43284 -169.34827 -30.88057
29068 1.14752 NaN NaN NaN 209.49127 -98.72604 73.54781 265.18756 -167.14076 -16.95248 NaN NaN NaN 28.89080 -118.49693 85.39546 0.64096 -170.33722 -30.71091
29069 1.15587 NaN NaN NaN 210.50262 -98.88964 73.55163 267.09189 -167.32033 -16.39117 NaN NaN NaN 30.19151 -118.71292 84.44136 -0.14630 -171.42641 -30.78114
29070 1.16422 NaN NaN NaN 211.38951 -99.23460 73.13891 269.05975 -167.59471 -16.08203 NaN NaN NaN 31.91564 -118.88364 83.01896 -0.91881 -172.72408 -30.96795
29071 1.17256 NaN NaN NaN 212.05928 -99.72272 72.33167 271.12158 -167.97896 -16.04913 NaN NaN NaN 34.13886 -118.87814 81.19469 -1.75462 -174.14076 -31.17431
29072 1.18091 NaN NaN NaN 212.38286 -100.31638 70.84981 273.38483 -168.51828 -16.17679 NaN NaN NaN 36.94116 -118.66708 78.83886 -2.67487 -175.75006 -31.38716
29073 1.18926 NaN NaN NaN 212.28362 -100.90486 68.81051 275.76459 -169.15594 -16.49780 NaN NaN NaN 40.25290 -118.22746 75.83670 -3.62630 -177.46646 -31.55309
29074 1.19760 NaN NaN NaN 211.91696 -101.55920 66.11905 278.22220 -169.93358 -16.94937 NaN NaN NaN 43.90090 -117.78443 72.30853 -4.44046 -179.22015 -31.89847
29075 1.20595 NaN NaN NaN 211.50606 -102.41975 62.94798 280.70245 -170.74988 -17.79518 NaN NaN NaN 47.74275 -117.33651 68.26742 -4.98273 -180.90601 -32.58163
29076 1.21430 NaN NaN NaN 211.15073 -103.62948 59.33649 283.14182 -171.73129 -19.18176 NaN NaN NaN 51.54192 -117.16965 63.73020 -5.14263 -182.42328 -33.98895
29077 1.22264 NaN NaN NaN 210.92403 -105.19196 55.50378 285.51624 -172.77959 -21.10809 NaN NaN NaN 55.21798 -117.45982 58.71786 -4.99513 -183.75525 -36.12407
29078 1.23099 NaN NaN NaN 210.78333 -107.00416 51.39855 287.78833 -173.84827 -23.33222 NaN NaN NaN 58.76873 -118.15865 53.37503 -4.60177 -184.90999 -39.05496
29079 1.23934 NaN NaN NaN 210.69115 -108.90553 47.28130 290.03918 -174.88631 -25.75991 NaN NaN NaN 62.22347 -119.13432 47.61421 -4.10502 -185.94519 -42.60556
29080 1.24768 NaN NaN NaN 210.57086 -110.69486 43.03217 292.27402 -175.79919 -28.15250 NaN NaN NaN 65.47453 -120.18250 41.53032 -3.59339 -186.87115 -46.73434
29081 1.25603 NaN NaN NaN 210.40808 -112.28331 38.73419 294.47147 -176.61530 -30.28473 NaN NaN NaN 68.55025 -121.24092 35.10278 -3.07624 -187.72917 -51.20093
29082 1.26438 NaN NaN NaN 210.16248 -113.54407 34.35305 296.61649 -177.37976 -32.11723 NaN NaN NaN 71.40085 -122.28281 28.41848 -2.63062 -188.50163 -56.00397
29083 1.27272 NaN NaN NaN 209.85413 -114.66612 30.09006 298.54562 -178.11465 -33.80634 NaN NaN NaN 73.91571 -123.27265 21.63205 -2.11029 -189.14529 -61.31917
29084 1.28107 NaN NaN NaN 209.65573 -115.71393 26.18674 300.12512 -178.82042 -35.56961 NaN NaN NaN 75.99281 -124.35117 15.01686 -1.51464 -189.61354 -67.19512
29085 1.28942 NaN NaN NaN 209.40605 -116.65034 22.84599 301.18192 -179.51196 -37.25590 NaN NaN NaN 77.65083 -125.50965 8.74759 -0.75703 -189.76425 -73.34427
29086 1.29776 NaN NaN NaN 209.02008 -117.23143 20.18989 301.64441 -180.02284 -38.54162 NaN NaN NaN 79.18418 -126.36649 2.96755 0.13925 -189.72104 -79.24890
29087 1.30611 NaN NaN NaN 208.36708 -117.20724 18.16043 301.60254 -180.31740 -39.31082 NaN NaN NaN 80.63546 -126.63708 -2.17017 1.22498 -189.47327 -84.22684
29088 1.31446 NaN NaN NaN 207.38562 -116.29737 16.49392 301.10468 -180.16592 -39.08252 NaN NaN NaN 82.17663 -126.07815 -6.33094 2.37462 -189.31642 -87.79681
29089 1.32280 NaN NaN NaN 206.00789 -114.66067 15.05151 300.27304 -179.85909 -38.22182 NaN NaN NaN 83.89631 -124.71935 -9.64717 3.55487 -189.18820 -89.76031
29090 1.33115 NaN NaN NaN 204.43353 -112.63849 13.66033 299.30869 -179.31729 -36.89232 NaN NaN NaN 85.65513 -122.75302 -12.16918 4.65954 -189.21652 -90.10109
29091 1.33949 NaN NaN NaN 202.96390 -110.57374 12.41572 298.35883 -178.66054 -35.52834 NaN NaN NaN 87.10136 -120.57223 -13.92581 5.53173 -189.22789 -89.17700
29092 1.34784 NaN NaN NaN 201.93373 -108.89703 11.56057 297.59613 -177.90593 -34.57832 NaN NaN NaN 87.94061 -118.69633 -14.52868 6.15566 -189.21242 -87.94053
29093 1.35619 NaN NaN NaN 201.40463 -107.75408 11.24893 297.06873 -177.13289 -34.29343 NaN NaN NaN 88.03965 -117.80187 -13.66695 6.61450 -188.93903 -87.06089
29094 1.36453 NaN NaN NaN 201.48727 -107.09171 11.52933 296.83313 -176.46649 -34.79947 NaN NaN NaN 87.44216 -117.86109 -11.81120 6.79742 -188.36804 -86.77962
29095 1.37288 NaN NaN NaN 202.06450 -106.96914 12.22811 296.79678 -175.82899 -35.75283 NaN NaN NaN 86.45229 -118.56562 -9.40167 6.81089 -187.44591 -86.95432
29096 1.38123 NaN NaN NaN 202.89301 -107.12994 13.17718 296.87036 -175.27666 -37.00298 NaN NaN NaN 85.19292 -119.65864 -6.95508 6.82817 -186.35556 -87.31172
29097 1.38957 NaN NaN NaN 203.82835 -107.43813 14.17359 297.02634 -174.84135 -38.28709 NaN NaN NaN 84.01757 -120.60777 -4.73944 6.73158 -185.37842 -87.41176
29098 1.39792 NaN NaN NaN 204.82394 -107.86761 15.13328 297.24237 -174.55406 -39.50213 NaN NaN NaN 83.05791 -121.25948 -3.02311 6.53788 -184.78369 -87.10713
29099 1.40627 NaN NaN NaN 205.82378 -108.30929 15.98892 297.49585 -174.36299 -40.56985 NaN NaN NaN 82.32208 -121.50795 -1.72125 6.20321 -184.57100 -86.67057
29100 1.41461 NaN NaN NaN 206.73639 -108.79662 16.65805 297.81577 -174.30312 -41.45969 NaN NaN NaN 81.74953 -121.49503 -1.11001 5.80512 -184.61215 -86.05087
29101 1.42296 NaN NaN NaN 207.50255 -109.24507 17.15551 298.13538 -174.33823 -42.25336 NaN NaN NaN 81.32835 -121.33048 -0.75379 5.38611 -184.72609 -85.63427
29102 1.43131 NaN NaN NaN 208.14890 -109.61749 17.47060 298.43634 -174.44145 -42.83952 NaN NaN NaN 81.06995 -121.13404 -0.72964 4.94074 -184.79617 -85.35527
29103 1.43965 NaN NaN NaN 208.71428 -109.88430 17.60277 298.73615 -174.58380 -43.25009 NaN NaN NaN 80.89350 -120.87246 -1.04447 4.59849 -184.81816 -85.29994
29104 1.44800 NaN NaN NaN 209.19626 -110.12878 17.69745 298.97803 -174.78351 -43.54536 NaN NaN NaN 80.90041 -120.66123 -1.51304 4.36927 -184.77412 -85.33894
29105 1.45635 NaN NaN NaN 209.51126 -110.27322 17.68877 299.17780 -175.07811 -43.79568 NaN NaN NaN 80.91079 -120.38745 -2.03978 4.24239 -184.73933 -85.49653
29106 1.46469 NaN NaN NaN 209.67786 -110.44903 17.52562 299.29678 -175.36287 -43.93414 NaN NaN NaN 81.03703 -120.07951 -2.62697 4.15920 -184.71069 -85.71745
29107 1.47304 NaN NaN NaN 209.68256 -110.50049 17.30521 299.35492 -175.63324 -44.06225 NaN NaN NaN 81.24571 -119.75994 -3.23003 4.11354 -184.70064 -86.00180
29108 1.48139 NaN NaN NaN 209.59056 -110.49968 17.01382 299.30829 -175.74171 -44.20437 NaN NaN NaN 81.47620 -119.52612 -3.83087 4.15427 -184.65437 -86.24230
29109 1.48973 NaN NaN NaN 209.40410 -110.40877 16.64853 299.22839 -175.76622 -44.28712 NaN NaN NaN 81.67275 -119.33397 -4.29455 4.27613 -184.55835 -86.49569
29110 1.49808 NaN NaN NaN 209.15222 -110.35069 16.29205 299.08588 -175.70996 -44.41862 NaN NaN NaN 81.80174 -119.28554 -4.57452 4.40372 -184.43448 -86.71964
29111 1.50643 NaN NaN NaN 208.85959 -110.29375 15.98995 298.93671 -175.62579 -44.54771 NaN NaN NaN 81.88551 -119.38302 -4.67492 4.50010 -184.33174 -86.96407
29112 1.51477 NaN NaN NaN 208.52899 -110.22789 15.73123 298.71588 -175.48012 -44.68499 NaN NaN NaN 81.89463 -119.62395 -4.58419 4.55834 -184.22955 -87.24613
29113 1.52312 NaN NaN NaN 208.21938 -110.13860 15.47433 298.51462 -175.30118 -44.87606 NaN NaN NaN 81.87256 -119.89099 -4.30915 4.59529 -184.21359 -87.35430
29114 1.53147 NaN NaN NaN 207.90619 -110.03020 15.27191 298.32739 -175.01971 -45.05640 NaN NaN NaN 81.77805 -120.22100 -3.89077 4.61765 -184.24486 -87.27058
29115 1.53981 NaN NaN NaN 207.60979 -109.93668 15.11722 298.07007 -174.71605 -45.28077 NaN NaN NaN 81.64738 -120.57735 -3.38466 4.64753 -184.27998 -87.04943
29116 1.54816 NaN NaN NaN 207.37665 -109.86165 15.00685 297.83539 -174.40154 -45.50452 NaN NaN NaN 81.46488 -120.88664 -2.85814 4.63937 -184.43163 -86.80032
29117 1.55651 NaN NaN NaN 207.19521 -109.82294 14.98779 297.59467 -174.16989 -45.73845 NaN NaN NaN 81.30163 -121.15950 -2.37088 4.54858 -184.54703 -86.53002
29118 1.56485 NaN NaN NaN 207.05286 -109.80337 14.99875 297.37167 -174.02560 -45.94397 NaN NaN NaN 81.20044 -121.30315 -1.81703 4.48880 -184.64212 -86.12695
29119 1.57320 NaN NaN NaN 206.89275 -109.82407 15.09332 297.12906 -173.90714 -46.16772 NaN NaN NaN 81.13846 -121.41434 -1.42142 4.44473 -184.70396 -85.62314
29120 1.58154 NaN NaN NaN 206.79440 -109.83957 15.19504 296.92590 -173.80798 -46.39185 NaN NaN NaN 81.10844 -121.45821 -1.07421 4.39830 -184.74916 -85.23914
29121 1.58989 NaN NaN NaN 206.75922 -109.83296 15.36494 296.74759 -173.66341 -46.50855 NaN NaN NaN 81.10925 -121.44686 -0.68242 4.45648 -184.81552 -84.96128
29122 1.59824 NaN NaN NaN 206.77838 -109.82834 15.57812 296.57675 -173.46709 -46.61122 NaN NaN NaN 81.11032 -121.48104 -0.32024 4.57675 -184.86584 -84.78254
29123 1.60658 NaN NaN NaN 206.83600 -109.77335 15.81467 296.44638 -173.27484 -46.75183 NaN NaN NaN 81.13937 -121.50704 0.06423 4.83012 -184.77312 -84.65645
29124 1.61493 NaN NaN NaN 206.88977 -109.83323 16.09074 296.34879 -173.20145 -46.98714 NaN NaN NaN 81.14075 -121.48405 0.55442 5.10072 -184.63681 -84.58725
29125 1.62328 NaN NaN NaN 207.04250 -109.94663 16.30137 296.28040 -173.12497 -47.36434 NaN NaN NaN 81.12414 -121.56532 1.15213 5.49417 -184.37743 -84.60235
29126 1.63162 NaN NaN NaN 207.24214 -110.09492 16.45602 296.25977 -173.01915 -47.77541 NaN NaN NaN 81.10901 -121.60563 1.80869 5.97847 -184.04308 -84.65630
29127 1.63997 NaN NaN NaN 207.43205 -110.26862 16.53637 296.19278 -172.85236 -48.27321 NaN NaN NaN 81.19156 -121.55180 2.55895 6.51661 -183.64998 -84.51453
29128 1.64832 NaN NaN NaN 207.61905 -110.40028 16.53554 296.13376 -172.77089 -48.83670 NaN NaN NaN 81.38147 -121.27988 3.25346 7.09953 -183.20439 -84.09324
29129 1.65666 NaN NaN NaN 207.74811 -110.42982 16.40651 296.07458 -172.61855 -49.36856 NaN NaN NaN 81.74034 -120.79160 3.79515 7.56981 -182.96559 -83.43761
29130 1.66501 NaN NaN NaN 207.76053 -110.28632 16.10864 295.99338 -172.49944 -49.66824 NaN NaN NaN 82.13519 -120.05952 4.36351 8.05611 -182.82684 -82.50373
29131 1.67336 NaN NaN NaN 207.59717 -109.93723 15.53010 295.92352 -172.38614 -49.79936 NaN NaN NaN 82.57590 -119.24667 4.83823 8.45125 -182.87167 -81.32826
29132 1.68170 NaN NaN NaN 207.34723 -109.29584 14.83453 295.87820 -172.28693 -49.72012 NaN NaN NaN 83.07821 -118.39679 5.39728 8.77062 -183.05748 -80.02086
29133 1.69005 NaN NaN NaN 206.92630 -108.54040 14.01420 295.82532 -172.22600 -49.48181 NaN NaN NaN 83.51581 -117.52473 5.87874 9.09910 -183.30559 -78.64366
29134 1.69840 NaN NaN NaN 206.51041 -107.67406 13.12794 295.75955 -172.24644 -49.01643 NaN NaN NaN 83.96264 -116.61579 6.28562 9.38501 -183.53159 -77.21769
29135 1.70674 NaN NaN NaN 206.14326 -106.77473 12.33600 295.75095 -172.14124 -48.51915 NaN NaN NaN 84.35693 -115.62103 6.60356 9.64942 -183.72186 -75.77061
29136 1.71509 NaN NaN NaN 205.86972 -105.90006 11.53268 295.74664 -172.11575 -48.03906 NaN NaN NaN 84.72271 -114.62022 7.03392 9.88935 -183.91171 -74.30276
29137 1.72344 NaN NaN NaN 205.73236 -105.10223 10.90999 295.79120 -172.00359 -47.60807 NaN NaN NaN 85.12778 -113.52416 7.29820 10.17463 -183.96559 -72.90486
29138 1.73178 NaN NaN NaN 205.63826 -104.38698 10.42124 295.88406 -171.85272 -47.21851 NaN NaN NaN 85.46043 -112.47647 7.63397 10.43768 -183.98875 -71.57571
29139 1.74013 NaN NaN NaN 205.61037 -103.80395 10.13367 295.95413 -171.69080 -46.89888 NaN NaN NaN 85.82168 -111.40656 8.01358 10.79965 -183.85780 -70.39182
29140 1.74848 NaN NaN NaN 205.60042 -103.17959 9.98189 295.98837 -171.45709 -46.55544 NaN NaN NaN 86.18527 -110.33270 8.41985 11.27552 -183.67177 -69.31079
29141 1.75682 NaN NaN NaN 205.61781 -102.58607 9.89751 295.98355 -171.21829 -46.30471 NaN NaN NaN 86.60770 -109.24006 8.71672 11.88630 -183.42523 -68.38454
29142 1.76517 NaN NaN NaN 205.60548 -102.04386 9.83401 295.96530 -170.92390 -46.14353 NaN NaN NaN 87.08888 -108.17437 9.08392 12.60991 -183.11073 -67.58025
29143 1.77352 NaN NaN NaN 205.61737 -101.50762 9.67798 295.91202 -170.57837 -45.93835 NaN NaN NaN 87.54954 -107.19160 9.40906 13.43670 -182.70799 -67.01587
29144 1.78186 NaN NaN NaN 205.66129 -100.90231 9.58088 295.85419 -170.26733 -45.71385 NaN NaN NaN 88.00897 -106.36569 9.88964 14.36765 -182.25328 -66.65747
29145 1.79021 NaN NaN NaN 205.67204 -100.25002 9.58915 295.80313 -169.88280 -45.47397 NaN NaN NaN 88.43040 -105.62894 10.29192 15.38487 -181.76512 -66.49273
29146 1.79856 NaN NaN NaN 205.66539 -99.65282 9.63600 295.79694 -169.54237 -45.16447 NaN NaN NaN 88.88660 -104.99940 10.74497 16.31409 -181.26936 -66.46762
29147 1.80690 NaN NaN NaN 205.73181 -99.12557 9.75621 295.88068 -169.11836 -44.83368 NaN NaN NaN 89.28072 -104.48263 11.09203 17.14530 -180.90541 -66.31287
29148 1.81525 NaN NaN NaN 205.83687 -98.62576 9.89750 296.04990 -168.75914 -44.38995 NaN NaN NaN 89.54359 -104.04504 11.24186 17.82229 -180.70476 -66.19817
29149 1.82360 NaN NaN NaN 205.91335 -98.12173 9.99099 296.29816 -168.34811 -43.85416 NaN NaN NaN 89.76514 -103.72663 11.42344 18.37301 -180.65216 -66.07301
29150 1.83194 NaN NaN NaN 205.97563 -97.58190 10.05364 296.57190 -167.96767 -43.23064 NaN NaN NaN 89.86154 -103.48627 11.56086 18.78452 -180.74171 -65.93220
29151 1.84029 NaN NaN NaN 206.01337 -97.15752 10.10497 296.87622 -167.51491 -42.55373 NaN NaN NaN 89.91348 -103.33778 11.69376 19.11815 -180.94902 -65.72807
29152 1.84863 NaN NaN NaN 206.08725 -96.68433 10.09226 297.16849 -167.08029 -42.03301 NaN NaN NaN 89.95262 -103.28996 11.74784 19.35357 -181.18896 -65.56015
29153 1.85698 NaN NaN NaN 206.10957 -96.27431 10.12620 297.45166 -166.66119 -41.57848 NaN NaN NaN 90.02045 -103.22563 11.71733 19.41112 -181.40147 -65.21895
29154 1.86533 NaN NaN NaN 206.11546 -95.90491 10.14012 297.63501 -166.22478 -41.24105 NaN NaN NaN 90.13082 -103.05373 11.47573 19.37209 -181.61276 -64.85337
29155 1.87367 NaN NaN NaN 206.05251 -95.57697 10.14393 297.81577 -165.82452 -41.05087 NaN NaN NaN 90.28073 -102.85192 11.14085 19.32956 -181.82947 -64.53731
29156 1.88202 NaN NaN NaN 205.98978 -95.29985 10.14689 297.89941 -165.41293 -40.91088 NaN NaN NaN 90.36101 -102.67117 10.83447 19.34272 -182.01201 -64.47662
29157 1.89037 NaN NaN NaN 205.91396 -95.00059 10.13474 297.92944 -164.99254 -40.89595 NaN NaN NaN 90.36556 -102.59458 10.60065 19.37249 -182.13524 -64.68729
29158 1.89871 NaN NaN NaN 205.88054 -94.72903 10.11556 297.95880 -164.60457 -40.94655 NaN NaN NaN 90.30420 -102.56640 10.26281 19.45931 -182.14133 -65.14574
29159 1.90706 NaN NaN NaN 205.83499 -94.48524 10.10875 297.95392 -164.25087 -41.04981 NaN NaN NaN 90.32494 -102.58530 9.79696 19.53879 -182.09009 -65.70042
29160 1.91541 NaN NaN NaN 205.78606 -94.23946 10.14083 297.89423 -163.86778 -41.23310 NaN NaN NaN 90.35919 -102.58630 9.36007 19.62156 -181.99310 -66.31022
29161 1.92375 NaN NaN NaN 205.69452 -94.03938 10.15962 297.86032 -163.50775 -41.39679 NaN NaN NaN 90.31693 -102.56618 8.68107 19.68327 -181.92752 -67.07767
29162 1.93210 NaN NaN NaN 205.58000 -93.80162 10.13656 297.83145 -163.14304 -41.48677 NaN NaN NaN 90.31807 -102.56651 8.13417 19.69617 -181.89000 -67.79335
29163 1.94045 NaN NaN NaN 205.42816 -93.46420 10.02018 297.77734 -162.75873 -41.50157 NaN NaN NaN 90.22192 -102.60442 7.43322 19.63365 -181.92603 -68.45944
29164 1.94879 NaN NaN NaN 205.29771 -93.17616 9.82819 297.67859 -162.44000 -41.53905 NaN NaN NaN 90.08428 -102.71901 6.86010 19.47136 -182.02544 -69.04271
29165 1.95714 NaN NaN NaN 205.18343 -92.75178 9.56266 297.57709 -162.14699 -41.65861 NaN NaN NaN 89.91177 -102.76213 6.17184 19.19209 -182.15744 -69.48946
29166 1.96549 NaN NaN NaN 205.02347 -92.39005 9.37686 297.42538 -161.84267 -41.81800 NaN NaN NaN 89.80614 -102.73444 5.51672 18.92629 -182.36874 -69.71869
29167 1.97383 NaN NaN NaN 204.89026 -92.00568 9.14416 297.25626 -161.62135 -41.96411 NaN NaN NaN 89.76295 -102.55834 4.85694 18.66467 -182.49361 -69.80459
29168 1.98218 NaN NaN NaN 204.69365 -91.68146 8.89904 297.03238 -161.40178 -42.12192 NaN NaN NaN 89.73260 -102.23740 4.21451 18.39016 -182.65698 -69.73298
29169 1.99053 NaN NaN NaN 204.51511 -91.30247 8.60651 296.73166 -161.20610 -42.25991 NaN NaN NaN 89.67109 -101.83574 3.71374 18.17484 -182.72009 -69.63010
29170 1.99887 NaN NaN NaN 204.27675 -90.88969 8.27110 296.40274 -161.12068 -42.30492 NaN NaN NaN 89.55667 -101.48119 3.23497 17.93293 -182.78508 -69.52979
29171 2.00722 NaN NaN NaN 203.95448 -90.51376 7.97374 296.06735 -161.08322 -42.22618 NaN NaN NaN 89.35983 -101.10536 2.82023 17.59280 -182.78386 -69.40505
29172 2.01557 NaN NaN NaN 203.56360 -90.07468 7.60240 295.71078 -161.01604 -41.94712 NaN NaN NaN 89.17909 -100.77989 2.58599 17.22171 -182.74457 -69.15089
29173 2.02391 NaN NaN NaN 203.16463 -89.49268 7.21388 295.36078 -160.91200 -41.48094 NaN NaN NaN 88.97518 -100.44155 2.45781 16.84588 -182.77301 -68.80192
29174 2.03226 NaN NaN NaN 202.63849 -88.92230 6.73817 294.97098 -160.85153 -40.92444 NaN NaN NaN 88.75520 -100.12801 2.36011 16.43998 -182.83067 -68.38075
29175 2.04061 NaN NaN NaN 202.13390 -88.39001 6.38921 294.59302 -160.83244 -40.31026 NaN NaN NaN 88.58601 -99.76714 2.16463 16.01190 -182.88821 -67.78896
29176 2.04895 NaN NaN NaN 201.72772 -87.93079 6.15893 294.19785 -160.79860 -39.86564 NaN NaN NaN 88.42123 -99.36840 1.85823 15.55102 -182.99138 -67.08923
29177 2.05730 NaN NaN NaN 201.36786 -87.47252 5.94406 293.82559 -160.74870 -39.51312 NaN NaN NaN 88.28894 -98.89164 1.52046 15.02307 -183.14786 -66.30058
29178 2.06565 NaN NaN NaN 201.05843 -87.11942 5.75210 293.46680 -160.67641 -39.25887 NaN NaN NaN 88.14349 -98.47212 1.21686 14.47252 -183.33464 -65.39470
29179 2.07399 NaN NaN NaN 200.67801 -86.78338 5.50643 293.11719 -160.62866 -38.98586 NaN NaN NaN 87.99334 -98.06709 0.96039 13.85911 -183.59891 -64.50980
29180 2.08234 NaN NaN NaN 200.24323 -86.51510 5.17524 292.73569 -160.48837 -38.65086 NaN NaN NaN 87.83537 -97.82665 0.73349 13.24989 -183.87471 -63.66769
29181 2.09068 NaN NaN NaN 199.76193 -86.16177 4.70645 292.42618 -160.40062 -38.32760 NaN NaN NaN 87.73496 -97.69688 0.37451 12.56460 -184.19907 -62.83984
29182 2.09903 NaN NaN NaN 199.26263 -85.92561 4.26079 292.13846 -160.27147 -38.05156 NaN NaN NaN 87.60490 -97.70120 -0.15870 11.74647 -184.54805 -61.99137
29183 2.10738 NaN NaN NaN 198.72551 -85.76436 3.76343 291.94247 -160.16554 -37.82310 NaN NaN NaN 87.48181 -97.98051 -0.76483 10.77722 -184.96065 -61.24933
29184 2.11572 NaN NaN NaN 198.25063 -85.77284 3.28387 291.83270 -160.08124 -37.65319 NaN NaN NaN 87.30796 -98.43324 -1.49309 9.69915 -185.48552 -60.70148
29185 2.12407 NaN NaN NaN 197.74324 -85.95476 2.75184 291.76935 -160.05481 -37.61984 NaN NaN NaN 87.08414 -99.04637 -2.23785 8.60371 -186.04205 -60.44774
29186 2.13242 NaN NaN NaN 197.24498 -86.34094 2.30524 291.66907 -160.11450 -37.79536 NaN NaN NaN 86.83487 -99.76875 -3.03008 7.63482 -186.57884 -60.59439
29187 2.14076 NaN NaN NaN 196.70042 -86.63255 1.80447 291.43643 -160.23602 -38.10820 NaN NaN NaN 86.61971 -100.58913 -3.91635 6.82859 -187.07039 -60.90323
29188 2.14911 NaN NaN NaN 196.15450 -87.09702 1.17502 291.20114 -160.39020 -38.49630 NaN NaN NaN 86.47567 -101.38873 -4.92205 6.08396 -187.49969 -61.53188
29189 2.15746 NaN NaN NaN 195.54578 -87.45155 0.44899 290.86087 -160.62372 -39.02597 NaN NaN NaN 86.34662 -102.12328 -5.94347 5.44826 -187.85941 -62.30948
29190 2.16580 NaN NaN NaN 194.96321 -87.76388 -0.32710 290.48453 -160.77759 -39.52093 NaN NaN NaN 86.26368 -102.77020 -6.89349 4.94292 -188.16026 -63.16890
29191 2.17415 NaN NaN NaN 194.32001 -88.11012 -1.13272 290.12976 -160.92133 -40.03071 NaN NaN NaN 86.15862 -103.42609 -7.76170 4.49064 -188.44318 -64.07892
29192 2.18250 NaN NaN NaN 193.75255 -88.37513 -1.84973 289.79578 -161.03914 -40.41998 NaN NaN NaN 86.08386 -104.07124 -8.55140 4.14264 -188.69650 -64.96827
29193 2.19084 NaN NaN NaN 193.23445 -88.61703 -2.41380 289.44971 -161.16837 -40.80210 NaN NaN NaN 85.99939 -104.68910 -9.20405 3.81162 -188.92798 -65.75719
29194 2.19919 NaN NaN NaN 192.85516 -88.78063 -2.84760 289.20300 -161.25891 -41.13652 NaN NaN NaN 85.91938 -105.32196 -9.57531 3.51329 -189.18037 -66.43065
29195 2.20754 NaN NaN NaN 192.55893 -88.95512 -3.15784 289.05997 -161.39053 -41.40947 NaN NaN NaN 85.81920 -105.86837 -9.72691 3.24826 -189.38029 -66.76825
29196 2.21588 NaN NaN NaN 192.38559 -89.26534 -3.22095 288.98834 -161.49634 -41.56575 NaN NaN NaN 85.70810 -106.37584 -9.67609 2.97564 -189.61679 -66.96358
29197 2.22423 NaN NaN NaN 192.34245 -89.62017 -3.14775 289.00723 -161.60664 -41.73764 NaN NaN NaN 85.51060 -106.93577 -9.35344 2.73449 -189.87311 -67.03045
29198 2.23258 NaN NaN NaN 192.47000 -89.96388 -2.86673 289.12698 -161.72395 -41.86344 NaN NaN NaN 85.32423 -107.46410 -8.91106 2.49582 -190.08055 -67.02304
29199 2.24092 NaN NaN NaN 192.69972 -90.35664 -2.40158 289.30768 -161.79251 -42.00280 NaN NaN NaN 85.13335 -107.99562 -8.34718 2.33314 -190.16263 -66.98631
29200 2.24927 NaN NaN NaN 193.04726 -90.84833 -1.77461 289.58438 -161.90167 -42.23374 NaN NaN NaN 84.99024 -108.43083 -7.69063 2.28433 -190.20410 -66.97929
29201 2.25762 NaN NaN NaN 193.50182 -91.36765 -1.03783 289.95059 -162.07277 -42.47740 NaN NaN NaN 84.87717 -108.79329 -6.96270 2.35680 -190.17462 -67.03405
29202 2.26596 NaN NaN NaN 194.11969 -91.96870 -0.24072 290.36987 -162.19518 -42.87230 NaN NaN NaN 84.79926 -109.12637 -6.27633 2.53624 -190.11142 -67.21673
29203 2.27431 NaN NaN NaN 194.81105 -92.69889 0.67022 290.86243 -162.36017 -43.27866 NaN NaN NaN 84.76153 -109.37418 -5.67727 2.75812 -189.97536 -67.52771
29204 2.28266 NaN NaN NaN 195.62340 -93.52988 1.64939 291.35660 -162.67760 -43.73442 NaN NaN NaN 84.78625 -109.56982 -5.06603 3.13484 -189.77489 -67.93575
29205 2.29100 NaN NaN NaN 196.48865 -94.38357 2.64586 291.93655 -162.82254 -44.31356 NaN NaN NaN 84.83103 -109.74838 -4.65982 3.53006 -189.54726 -68.45428
29206 2.29935 NaN NaN NaN 197.36038 -95.15651 3.56848 292.48566 -163.01784 -44.91361 NaN NaN NaN 84.92928 -109.84167 -4.39578 3.96910 -189.28992 -68.98848
29207 2.30770 NaN NaN NaN 198.19342 -95.93092 4.38944 292.97968 -163.19397 -45.45940 NaN NaN NaN 85.04977 -109.90620 -4.23101 4.39350 -189.05782 -69.56447
29208 2.31604 NaN NaN NaN 198.92776 -96.52315 5.00270 293.41006 -163.51462 -45.95670 NaN NaN NaN 85.19229 -109.90510 -4.14088 4.84421 -188.85977 -70.11332
29209 2.32439 NaN NaN NaN 199.62962 -97.11292 5.54489 293.87546 -163.58702 -46.48238 NaN NaN NaN 85.36462 -109.90759 -4.16766 5.24483 -188.67683 -70.60454
29210 2.33274 NaN NaN NaN 200.19438 -97.61794 5.97918 294.28220 -163.65866 -46.93569 NaN NaN NaN 85.53483 -109.92188 -4.35660 5.60315 -188.57156 -71.01382
29211 2.34108 NaN NaN NaN 200.66832 -98.04178 6.26957 294.58713 -163.69110 -47.27039 NaN NaN NaN 85.72627 -109.84679 -4.60964 5.88055 -188.55923 -71.42543
29212 2.34943 NaN NaN NaN 201.05777 -98.33828 6.45226 294.80457 -163.79611 -47.58447 NaN NaN NaN 85.91237 -109.74274 -4.89999 6.08587 -188.60596 -71.70033
29213 2.35777 NaN NaN NaN 201.31177 -98.55516 6.56492 294.98120 -163.85738 -47.80353 NaN NaN NaN 86.06332 -109.69395 -5.32396 6.19881 -188.69128 -71.85619
29214 2.36612 NaN NaN NaN 201.47122 -98.70216 6.58825 295.04688 -163.97914 -47.93906 NaN NaN NaN 86.18682 -109.71989 -5.67514 6.24299 -188.77470 -71.94656
29215 2.37447 NaN NaN NaN 201.52135 -98.79171 6.56606 295.04984 -164.07915 -48.03594 NaN NaN NaN 86.22229 -109.75737 -5.99564 6.22143 -188.92209 -72.08936
29216 2.38281 NaN NaN NaN 201.47231 -98.85378 6.51658 295.01688 -164.15338 -48.08659 NaN NaN NaN 86.24314 -109.86360 -6.33706 6.16470 -189.07402 -72.27412
29217 2.39116 NaN NaN NaN 201.32993 -98.93050 6.38481 294.91553 -164.25616 -48.09391 NaN NaN NaN 86.28857 -109.97567 -6.59808 6.07139 -189.22568 -72.37127
29218 2.39951 NaN NaN NaN 201.14427 -99.00095 6.31582 294.80017 -164.35561 -48.08802 NaN NaN NaN 86.29945 -110.00298 -6.88193 5.90928 -189.41493 -72.38541
29219 2.40785 NaN NaN NaN 200.99355 -99.11887 6.24895 294.67490 -164.48878 -48.11017 NaN NaN NaN 86.24439 -110.03541 -7.16055 5.73954 -189.53488 -72.37166
29220 2.41620 NaN NaN NaN 200.87784 -99.23172 6.20380 294.52853 -164.66060 -48.13940 NaN NaN NaN 86.19071 -110.07601 -7.44122 5.56974 -189.63478 -72.35778
29221 2.42455 NaN NaN NaN 200.75296 -99.37563 6.21579 294.37167 -164.81511 -48.16908 NaN NaN NaN 86.15888 -110.12335 -7.66538 5.38765 -189.74255 -72.33758
29222 2.43289 NaN NaN NaN 200.68607 -99.49541 6.23025 294.22913 -164.97360 -48.19557 NaN NaN NaN 86.10598 -110.16870 -7.80139 5.21659 -189.81943 -72.29598
29223 2.44124 NaN NaN NaN 200.59073 -99.64830 6.25692 294.11856 -165.09590 -48.26065 NaN NaN NaN 86.05727 -110.20333 -7.87020 5.04497 -189.86949 -72.27562
29224 2.44959 NaN NaN NaN 200.54297 -99.75188 6.25562 293.99716 -165.24203 -48.33094 NaN NaN NaN 86.01625 -110.20816 -7.97098 4.89382 -189.90225 -72.22945
29225 2.45793 NaN NaN NaN 200.47346 -99.86813 6.27812 293.90390 -165.38292 -48.40329 NaN NaN NaN 85.95953 -110.19371 -8.08637 4.74662 -189.90579 -72.21097
29226 2.46628 NaN NaN NaN 200.41072 -100.02200 6.31405 293.84308 -165.47870 -48.47720 NaN NaN NaN 85.93227 -110.15643 -8.20381 4.59420 -189.84796 -72.19591
29227 2.47463 NaN NaN NaN 200.41043 -100.17625 6.32375 293.77347 -165.61230 -48.56384 NaN NaN NaN 85.86909 -110.09843 -8.39036 4.46386 -189.81067 -72.21800
29228 2.48297 NaN NaN NaN 200.37254 -100.33064 6.33769 293.64645 -165.78781 -48.58914 NaN NaN NaN 85.85782 -110.01873 -8.59802 4.34220 -189.72052 -72.24723
29229 2.49132 NaN NaN NaN 200.34320 -100.44524 6.33719 293.55536 -165.94359 -48.59573 NaN NaN NaN 85.86739 -109.93896 -8.79891 4.26821 -189.63440 -72.29215
29230 2.49967 NaN NaN NaN 200.30116 -100.47402 6.31819 293.50110 -166.10544 -48.55861 NaN NaN NaN 85.92200 -109.83659 -9.02512 4.21742 -189.55380 -72.33794
29231 2.50801 NaN NaN NaN 200.28374 -100.46945 6.28406 293.45691 -166.17427 -48.55202 NaN NaN NaN 85.98071 -109.73291 -9.29977 4.15894 -189.47073 -72.41251
29232 2.51636 NaN NaN NaN 200.25380 -100.45215 6.23280 293.43262 -166.28658 -48.52029 NaN NaN NaN 86.05866 -109.62392 -9.51122 4.13533 -189.39937 -72.49369
29233 2.52471 NaN NaN NaN 200.25172 -100.42162 6.16377 293.43921 -166.20258 -48.58123 NaN NaN NaN 86.16932 -109.47688 -9.79500 4.13885 -189.34747 -72.63531
29234 2.53305 NaN NaN NaN 200.24461 -100.38403 6.11608 293.42981 -166.17336 -48.59915 NaN NaN NaN 86.26085 -109.34349 -10.07907 4.16410 -189.24135 -72.79385
29235 2.54140 NaN NaN NaN 200.26582 -100.32612 6.04408 293.43051 -166.11115 -48.62197 NaN NaN NaN 86.35117 -109.26546 -10.36553 4.20882 -189.16779 -72.97103
29236 2.54975 NaN NaN NaN 200.26614 -100.30260 6.04460 293.45010 -166.06204 -48.61989 NaN NaN NaN 86.46928 -109.18709 -10.64830 4.23939 -189.04205 -73.19872
29237 2.55809 NaN NaN NaN 200.30791 -100.24776 6.02520 293.49603 -166.02661 -48.63061 NaN NaN NaN 86.59602 -109.08886 -10.95223 4.28347 -188.92311 -73.33940
29238 2.56644 NaN NaN NaN 200.36891 -100.17525 5.99255 293.52844 -166.03656 -48.60549 NaN NaN NaN 86.76283 -108.96535 -11.13391 4.38625 -188.81273 -73.45029
29239 2.57479 NaN NaN NaN 200.42137 -100.13847 6.00660 293.58243 -166.03270 -48.60408 NaN NaN NaN 86.86159 -108.84161 -11.33980 4.48953 -188.74545 -73.53383
29240 2.58313 NaN NaN NaN 200.50816 -100.07769 6.01762 293.65454 -165.95854 -48.60936 NaN NaN NaN 87.04553 -108.67870 -11.53679 4.61990 -188.69553 -73.61805
29241 2.59148 NaN NaN NaN 200.63017 -99.91846 6.01337 293.75909 -165.85445 -48.62806 NaN NaN NaN 87.18797 -108.59258 -11.71080 4.76904 -188.66727 -73.68992
29242 2.59982 NaN NaN NaN 200.75200 -99.79327 6.02746 293.87173 -165.72383 -48.61747 NaN NaN NaN 87.34130 -108.46690 -11.96079 4.92984 -188.66684 -73.75022
29243 2.60817 NaN NaN NaN 200.85107 -99.70415 6.09456 293.92685 -165.76862 -48.47385 NaN NaN NaN 87.49750 -108.33609 -12.14446 5.05546 -188.61011 -73.76836
29244 2.61652 NaN NaN NaN 200.95387 -99.60036 6.14424 294.01379 -165.61548 -48.54691 NaN NaN NaN 87.61610 -108.18963 -12.27192 5.19060 -188.54214 -73.79387
29245 2.62486 NaN NaN NaN 201.06105 -99.46597 6.20036 294.12848 -165.54895 -48.48745 NaN NaN NaN 87.77906 -108.06631 -12.30415 5.37566 -188.46930 -73.82477
29246 2.63321 NaN NaN NaN 201.18370 -99.32725 6.24497 294.21713 -165.42354 -48.47113 NaN NaN NaN 87.89249 -107.93716 -12.38358 5.53147 -188.43105 -73.86131
29247 2.64156 NaN NaN NaN 201.30719 -99.14401 6.27232 294.30685 -165.28018 -48.46280 NaN NaN NaN 87.99509 -107.78503 -12.47450 5.65983 -188.40427 -73.87392
29248 2.64990 NaN NaN NaN 201.43047 -98.98306 6.32778 294.37695 -165.15971 -48.44175 NaN NaN NaN 88.10205 -107.67268 -12.52079 5.79802 -188.33192 -73.88892
29249 2.65825 NaN NaN NaN 201.51443 -98.84594 6.40567 294.43546 -165.03218 -48.38775 NaN NaN NaN 88.18460 -107.55768 -12.58228 5.92874 -188.24576 -73.89496
29250 2.66660 NaN NaN NaN 201.60957 -98.75007 6.47202 294.51843 -164.85226 -48.32305 NaN NaN NaN 88.28471 -107.41189 -12.64282 6.03206 -188.20454 -73.90701
29251 2.67494 NaN NaN NaN 201.64948 -98.67219 6.49287 294.57123 -164.72661 -48.29953 NaN NaN NaN 88.32774 -107.27290 -12.72323 6.11899 -188.12946 -73.92216
29252 2.68329 NaN NaN NaN 201.70303 -98.57307 6.47616 294.58905 -164.65674 -48.25420 NaN NaN NaN 88.38367 -107.15488 -12.75732 6.20587 -188.09845 -73.92914
29253 2.69164 NaN NaN NaN 201.71745 -98.51267 6.50214 294.61542 -164.62988 -48.22620 NaN NaN NaN 88.43997 -107.09554 -12.82445 6.26253 -188.07094 -73.93797
29254 2.69998 NaN NaN NaN 201.75381 -98.42487 6.55653 294.62891 -164.61995 -48.19859 NaN NaN NaN 88.50392 -107.05518 -12.84549 6.29389 -188.04732 -73.95853
29255 2.70833 NaN NaN NaN 201.77550 -98.38260 6.56328 294.62650 -164.61967 -48.17696 NaN NaN NaN 88.52851 -107.03647 -12.90826 6.30128 -188.00323 -73.99226
29256 2.71668 NaN NaN NaN 201.78413 -98.37753 6.58034 294.62665 -164.60895 -48.15262 NaN NaN NaN 88.53226 -107.02842 -12.91578 6.33641 -187.98921 -74.02483
29257 2.72502 NaN NaN NaN 201.75716 -98.36693 6.56343 294.61023 -164.63947 -48.12130 NaN NaN NaN 88.52567 -107.02458 -13.02306 6.33101 -187.95979 -74.05332
29258 2.73337 NaN NaN NaN 201.73122 -98.38924 6.55860 294.58575 -164.66687 -48.09084 NaN NaN NaN 88.52771 -107.03464 -13.11456 6.33631 -187.95477 -74.10297
29259 2.74172 NaN NaN NaN 201.70062 -98.44069 6.56561 294.55432 -164.71028 -48.05227 NaN NaN NaN 88.53522 -107.03714 -13.16465 6.30178 -187.96390 -74.12936
29260 2.75006 NaN NaN NaN 201.66891 -98.49506 6.56617 294.52658 -164.76978 -48.02513 NaN NaN NaN 88.54060 -107.05730 -13.21540 6.27903 -187.99722 -74.17570
29261 2.75841 NaN NaN NaN 201.62115 -98.57734 6.57797 294.49780 -164.85509 -47.99070 NaN NaN NaN 88.53341 -107.08453 -13.26411 6.22589 -188.02336 -74.21928
29262 2.76676 NaN NaN NaN 201.59866 -98.60368 6.55915 294.43637 -164.92323 -47.96817 NaN NaN NaN 88.51402 -107.10693 -13.31020 6.18685 -188.03822 -74.26456
29263 2.77510 NaN NaN NaN 201.54997 -98.62022 6.51995 294.41492 -164.98492 -47.96933 NaN NaN NaN 88.49575 -107.17719 -13.35893 6.13159 -188.01289 -74.30734
29264 2.78345 NaN NaN NaN 201.52805 -98.61833 6.50130 294.40152 -165.03091 -47.94128 NaN NaN NaN 88.50603 -107.19844 -13.40549 6.07257 -188.03702 -74.33822
29265 2.79180 NaN NaN NaN 201.47169 -98.64398 6.48148 294.38391 -165.08977 -47.93787 NaN NaN NaN 88.49132 -107.21029 -13.45318 6.02887 -188.06039 -74.36243
29266 2.80014 NaN NaN NaN 201.40149 -98.71699 6.47415 294.34882 -165.11969 -47.93297 NaN NaN NaN 88.45544 -107.30506 -13.50739 5.98541 -188.12823 -74.37178
29267 2.80849 NaN NaN NaN 201.35315 -98.78294 6.45331 294.30460 -165.18062 -47.90933 NaN NaN NaN 88.40793 -107.35656 -13.52535 5.94327 -188.15285 -74.40238
29268 2.81684 NaN NaN NaN 201.28592 -98.84794 6.40481 294.24466 -165.24191 -47.90602 NaN NaN NaN 88.41186 -107.40337 -13.51693 5.90525 -188.16470 -74.45453
29269 2.82518 NaN NaN NaN 201.25679 -98.86052 6.35305 294.19449 -165.39827 -47.84454 NaN NaN NaN 88.41663 -107.45245 -13.53024 5.86328 -188.17699 -74.49986
29270 2.83353 NaN NaN NaN 201.21104 -98.86535 6.33566 294.15280 -165.49968 -47.81424 NaN NaN NaN 88.38032 -107.48185 -13.57890 5.81421 -188.19028 -74.57577
29271 2.84188 NaN NaN NaN 201.17043 -98.87882 6.32509 294.10669 -165.64485 -47.78512 NaN NaN NaN 88.34002 -107.49522 -13.62702 5.74767 -188.22107 -74.61636
29272 2.85022 NaN NaN NaN 201.15787 -98.90102 6.31570 294.04315 -165.76147 -47.75335 NaN NaN NaN 88.30957 -107.55013 -13.62135 5.70477 -188.27574 -74.67579
29273 2.85857 NaN NaN NaN 201.10820 -98.97703 6.34104 294.09802 -165.62749 -47.84037 NaN NaN NaN 88.26566 -107.61597 -13.61913 5.66870 -188.31599 -74.69060
29274 2.86691 NaN NaN NaN 201.10793 -99.01868 6.34677 294.11179 -165.49014 -47.89125 NaN NaN NaN 88.24188 -107.67218 -13.62200 5.66883 -188.33014 -74.71889
29275 2.87526 NaN NaN NaN 201.09924 -99.04480 6.35898 294.11365 -165.38599 -47.93932 NaN NaN NaN 88.20324 -107.69137 -13.63557 5.66406 -188.36420 -74.72707
29276 2.88361 NaN NaN NaN 201.09955 -99.05824 6.34938 294.10681 -165.34561 -47.96890 NaN NaN NaN 88.19628 -107.71340 -13.62163 5.66578 -188.37749 -74.73423
29277 2.89195 NaN NaN NaN 201.10406 -99.08607 6.33770 294.11911 -165.35823 -48.00106 NaN NaN NaN 88.19656 -107.72572 -13.59670 5.69333 -188.39746 -74.73988
29278 2.90030 NaN NaN NaN 201.12521 -99.08169 6.34797 294.13153 -165.38858 -48.01593 NaN NaN NaN 88.17696 -107.73966 -13.60372 5.72332 -188.42749 -74.74560
29279 2.90865 NaN NaN NaN 201.14966 -99.09917 6.34429 294.15677 -165.41458 -48.03561 NaN NaN NaN 88.17783 -107.76970 -13.58172 5.75823 -188.43971 -74.76865
29280 2.91699 NaN NaN NaN 201.16452 -99.11526 6.34990 294.17932 -165.44925 -48.06842 NaN NaN NaN 88.18745 -107.78973 -13.56020 5.78261 -188.46021 -74.79172
29281 2.92534 NaN NaN NaN 201.19612 -99.17823 6.33461 294.21274 -165.48189 -48.15625 NaN NaN NaN 88.19025 -107.83859 -13.51837 5.80163 -188.49294 -74.80724
29282 2.93369 NaN NaN NaN 201.23535 -99.22115 6.36177 294.21860 -165.49695 -48.21426 NaN NaN NaN 88.19653 -107.86233 -13.50438 5.81667 -188.52304 -74.82028
29283 2.94203 NaN NaN NaN 201.24808 -99.26816 6.33034 294.23666 -165.48518 -48.27206 NaN NaN NaN 88.20166 -107.88749 -13.50372 5.82817 -188.56799 -74.84017
29284 2.95038 NaN NaN NaN 201.27214 -99.34407 6.30919 294.24387 -165.50946 -48.29684 NaN NaN NaN 88.20171 -107.90025 -13.50900 5.84632 -188.58075 -74.88332
29285 2.95873 NaN NaN NaN 201.27914 -99.41798 6.31178 294.23376 -165.55922 -48.35785 NaN NaN NaN 88.17735 -107.91593 -13.55118 5.84606 -188.58121 -74.95246
29286 2.96707 NaN NaN NaN 201.26454 -99.46997 6.30118 294.22687 -165.61378 -48.40209 NaN NaN NaN 88.15717 -107.91320 -13.58636 5.84755 -188.58693 -75.02763
29287 2.97542 NaN NaN NaN 201.24930 -99.51578 6.29029 294.22531 -165.61516 -48.44367 NaN NaN NaN 88.16682 -107.94652 -13.59749 5.82357 -188.59087 -75.08010
29288 2.98377 NaN NaN NaN 201.24864 -99.50965 6.26394 294.20523 -165.64619 -48.45088 NaN NaN NaN 88.14658 -107.97813 -13.61578 5.81239 -188.60432 -75.10928
29289 2.99211 NaN NaN NaN 201.22928 -99.54924 6.26171 294.21494 -165.59435 -48.48744 NaN NaN NaN 88.12502 -108.01602 -13.62556 5.78897 -188.61667 -75.18920
29290 3.00046 NaN NaN NaN 201.21741 -99.57177 6.25649 294.18930 -165.55351 -48.49623 NaN NaN NaN 88.09418 -108.03587 -13.64125 5.76660 -188.64502 -75.25010
29291 3.00881 NaN NaN NaN 201.18376 -99.57676 6.26171 294.16098 -165.55716 -48.48213 NaN NaN NaN 88.05975 -108.07607 -13.63731 5.71841 -188.65572 -75.26527
29292 3.01715 NaN NaN NaN 201.17880 -99.56759 6.26214 294.12994 -165.58365 -48.45088 NaN NaN NaN 88.01986 -108.09234 -13.64137 5.70119 -188.68077 -75.21949
29293 3.02550 NaN NaN NaN 201.15054 -99.59169 6.28469 294.11331 -165.62144 -48.42799 NaN NaN NaN 88.00114 -108.09978 -13.61740 5.68084 -188.69714 -75.16467
29294 3.03385 NaN NaN NaN 201.12706 -99.59069 6.29841 294.10236 -165.68802 -48.40624 NaN NaN NaN 87.96914 -108.16454 -13.58287 5.64744 -188.70445 -75.15671
29295 3.04219 NaN NaN NaN 201.09879 -99.58411 6.32760 294.07504 -165.70343 -48.40194 NaN NaN NaN 87.91943 -108.20850 -13.54370 5.62051 -188.71898 -75.12047
29296 3.05054 NaN NaN NaN 201.07664 -99.61518 6.34825 294.04529 -165.75499 -48.38765 NaN NaN NaN 87.88226 -108.25302 -13.51228 5.59854 -188.73897 -75.09182
29297 3.05889 NaN NaN NaN 201.06232 -99.64542 6.35413 294.01581 -165.75449 -48.40671 NaN NaN NaN 87.84309 -108.29484 -13.47933 5.56312 -188.75397 -75.09164
29298 3.06723 NaN NaN NaN 201.03499 -99.68272 6.36335 294.00113 -165.73097 -48.40229 NaN NaN NaN 87.80388 -108.32784 -13.45053 5.51057 -188.76527 -75.06496
29299 3.07558 NaN NaN NaN 201.00027 -99.70300 6.37186 293.99652 -165.72891 -48.42054 NaN NaN NaN 87.77129 -108.36803 -13.41847 5.46743 -188.76779 -75.07019
29300 3.08393 NaN NaN NaN 200.97592 -99.72449 6.35673 293.97528 -165.73631 -48.44037 NaN NaN NaN 87.74609 -108.40658 -13.40848 5.43496 -188.75235 -75.11062
29301 3.09227 NaN NaN NaN 200.96681 -99.72770 6.29520 293.98007 -165.76012 -48.44347 NaN NaN NaN 87.71005 -108.43794 -13.40612 5.39170 -188.77464 -75.17813
29302 3.10062 NaN NaN NaN 200.95477 -99.73349 6.25983 293.97891 -165.79799 -48.46032 NaN NaN NaN 87.71262 -108.45683 -13.44092 5.38695 -188.81332 -75.24428
29303 3.10896 NaN NaN NaN 200.95169 -99.75220 6.23134 293.98511 -165.83760 -48.47897 NaN NaN NaN 87.71233 -108.48386 -13.45421 5.34967 -188.81432 -75.34270
29304 3.11731 NaN NaN NaN 200.94948 -99.78916 6.19818 294.00214 -165.86247 -48.48507 NaN NaN NaN 87.69054 -108.50250 -13.52320 5.36314 -188.82225 -75.41907
29305 3.12566 NaN NaN NaN 200.98444 -99.83142 6.18929 293.98221 -166.01360 -48.44366 NaN NaN NaN 87.70401 -108.53824 -13.57358 5.40198 -188.79552 -75.49599
29306 3.13400 NaN NaN NaN 200.99718 -99.87322 6.18127 294.00342 -166.11852 -48.43561 NaN NaN NaN 87.71735 -108.55290 -13.59472 5.44108 -188.77377 -75.56551
29307 3.14235 NaN NaN NaN 201.02553 -99.91190 6.17919 293.99158 -166.21474 -48.40972 NaN NaN NaN 87.74030 -108.58440 -13.58912 5.46567 -188.77850 -75.62733
29308 3.15070 NaN NaN NaN 201.04657 -99.95791 6.18394 293.99661 -166.24440 -48.33330 NaN NaN NaN 87.75703 -108.60603 -13.60891 5.48221 -188.80627 -75.66163
29309 3.15904 NaN NaN NaN 201.08429 -99.97863 6.19239 294.02203 -166.24283 -48.39558 NaN NaN NaN 87.76969 -108.64674 -13.59225 5.51142 -188.83171 -75.73141
29310 3.16739 NaN NaN NaN 201.11292 -100.02015 6.21507 294.05151 -166.23744 -48.35411 NaN NaN NaN 87.77794 -108.68722 -13.58683 5.53717 -188.83630 -75.75488
29311 3.17574 NaN NaN NaN 201.16219 -100.05855 6.23173 294.09552 -166.18449 -48.45471 NaN NaN NaN 87.80476 -108.72459 -13.57594 5.55822 -188.86659 -75.78595
29312 3.18408 NaN NaN NaN 201.18861 -100.12920 6.28984 294.13428 -166.10733 -48.53014 NaN NaN NaN 87.80492 -108.76016 -13.56355 5.59932 -188.88683 -75.79192
29313 3.19243 NaN NaN NaN 201.20113 -100.16631 6.31922 294.13602 -166.15559 -48.51155 NaN NaN NaN 87.81735 -108.80994 -13.54740 5.61522 -188.88297 -75.81243
29314 3.20078 NaN NaN NaN 201.22331 -100.21336 6.36083 294.14117 -166.19458 -48.52151 NaN NaN NaN 87.81047 -108.84973 -13.52238 5.65037 -188.89081 -75.83747
29315 3.20912 NaN NaN NaN 201.25575 -100.23301 6.34871 294.15744 -166.25781 -48.52164 NaN NaN NaN 87.79236 -108.90273 -13.51277 5.64410 -188.89497 -75.87351
29316 3.21747 NaN NaN NaN 201.26648 -100.23762 6.38263 294.15601 -166.31392 -48.52587 NaN NaN NaN 87.79308 -108.93987 -13.50810 5.66927 -188.93587 -75.91545
29317 3.22582 NaN NaN NaN 201.28777 -100.25261 6.38302 294.17502 -166.35165 -48.61322 NaN NaN NaN 87.80609 -108.97002 -13.51249 5.66310 -188.97447 -75.94131
29318 3.23416 NaN NaN NaN 201.32137 -100.25942 6.38388 294.18893 -166.37564 -48.61889 NaN NaN NaN 87.79745 -109.01556 -13.51024 5.70080 -189.01241 -75.98306
29319 3.24251 NaN NaN NaN 201.35178 -100.30250 6.38524 294.23492 -166.24576 -48.79219 NaN NaN NaN 87.81638 -109.05920 -13.50335 5.72782 -189.02893 -76.01130
29320 3.25086 NaN NaN NaN 201.39824 -100.31680 6.38871 294.23911 -166.19482 -48.84588 NaN NaN NaN 87.82279 -109.10087 -13.53506 5.73420 -189.03743 -76.02334
29321 3.25920 NaN NaN NaN 201.42551 -100.39099 6.40968 294.25259 -166.16835 -48.89212 NaN NaN NaN 87.85555 -109.14640 -13.53672 5.73890 -189.06429 -76.02837
29322 3.26755 NaN NaN NaN 201.45390 -100.45606 6.43454 294.25482 -166.22185 -48.89692 NaN NaN NaN 87.86393 -109.17136 -13.55909 5.76395 -189.09459 -76.03761
29323 3.27590 NaN NaN NaN 201.49361 -100.49753 6.42331 294.26160 -166.26573 -48.91182 NaN NaN NaN 87.87062 -109.18799 -13.55480 5.77184 -189.11235 -76.04725
29324 3.28424 NaN NaN NaN 201.52295 -100.48053 6.44533 294.28369 -166.34431 -48.91361 NaN NaN NaN 87.88695 -109.20210 -13.55813 5.79865 -189.12213 -76.06960
29325 3.29259 NaN NaN NaN 201.52156 -100.53539 6.46162 294.29440 -166.36317 -48.91518 NaN NaN NaN 87.90211 -109.23077 -13.55007 5.80385 -189.12827 -76.06468
29326 3.30094 NaN NaN NaN 201.52248 -100.57632 6.49055 294.29480 -166.39441 -48.94165 NaN NaN NaN 87.90967 -109.22749 -13.54639 5.81525 -189.14423 -76.06515
29327 3.30928 NaN NaN NaN 201.56186 -100.57661 6.46982 294.29568 -166.39714 -48.93937 NaN NaN NaN 87.91103 -109.23355 -13.54852 5.82510 -189.16214 -76.07139
29328 3.31763 NaN NaN NaN 201.56987 -100.60386 6.49913 294.30408 -166.39183 -48.98664 NaN NaN NaN 87.90836 -109.26600 -13.53310 5.84491 -189.18071 -76.07423
29329 3.32598 NaN NaN NaN 201.58775 -100.58720 6.49579 294.30783 -166.38664 -48.99399 NaN NaN NaN 87.91975 -109.26036 -13.53597 5.85757 -189.16600 -76.06596
29330 3.33432 NaN NaN NaN 201.59354 -100.61967 6.50458 294.30182 -166.41444 -49.01376 NaN NaN NaN 87.91740 -109.27082 -13.53085 5.87700 -189.15819 -76.06933
29331 3.34267 NaN NaN NaN 201.58141 -100.64709 6.51575 294.29926 -166.44632 -49.00983 NaN NaN NaN 87.92570 -109.25735 -13.53447 5.87321 -189.15257 -76.07125
29332 3.35102 NaN NaN NaN 201.58133 -100.67577 6.52578 294.29288 -166.46794 -49.01728 NaN NaN NaN 87.91216 -109.27560 -13.53299 5.87321 -189.15588 -76.07204
29333 3.35936 NaN NaN NaN 201.60437 -100.67567 6.51505 294.26596 -166.56206 -48.97295 NaN NaN NaN 87.91003 -109.26614 -13.53778 5.87559 -189.15582 -76.06489
29334 3.36771 NaN NaN NaN 201.59613 -100.67585 6.52951 294.25610 -166.54950 -49.02185 NaN NaN NaN 87.91426 -109.27820 -13.52449 5.86267 -189.15196 -76.06574
29335 3.37605 NaN NaN NaN 201.61208 -100.66689 6.53884 294.23050 -166.60417 -48.99955 NaN NaN NaN 87.91692 -109.27666 -13.53286 5.85113 -189.15414 -76.06180
29336 3.38440 NaN NaN NaN 201.60254 -100.69501 6.58633 294.23590 -166.55989 -49.05030 NaN NaN NaN 87.92516 -109.28323 -13.53098 5.83775 -189.15071 -76.06492
29337 3.39275 NaN NaN NaN 201.59985 -100.68391 6.56894 294.20856 -166.59944 -49.00534 NaN NaN NaN 87.92421 -109.27336 -13.53975 5.82089 -189.14226 -76.05900
29338 3.40109 NaN NaN NaN 201.61401 -100.66270 6.55858 294.22638 -166.54443 -49.03668 NaN NaN NaN 87.92578 -109.27441 -13.53044 5.80310 -189.14362 -76.05854
29339 3.40944 NaN NaN NaN 201.61052 -100.66730 6.57647 294.21228 -166.49084 -49.04936 NaN NaN NaN 87.90926 -109.24929 -13.54221 5.78440 -189.12204 -76.04890
29340 3.41779 NaN NaN NaN 201.59521 -100.69192 6.62399 294.20636 -166.47830 -49.05576 NaN NaN NaN 87.90248 -109.24032 -13.54723 5.77497 -189.13054 -76.04781
29341 3.42613 NaN NaN NaN 201.60150 -100.68612 6.62323 294.17340 -166.51793 -49.06542 NaN NaN NaN 87.89409 -109.23457 -13.54059 5.76295 -189.12012 -76.03374
29342 3.43448 NaN NaN NaN 201.58733 -100.70175 6.62725 294.18683 -166.50919 -49.05707 NaN NaN NaN 87.88572 -109.24287 -13.52121 5.76177 -189.11160 -76.01752
29343 3.44283 NaN NaN NaN 201.59901 -100.67135 6.63798 294.19797 -166.49608 -49.03688 NaN NaN NaN 87.87209 -109.22896 -13.51445 5.75465 -189.11053 -76.00439
29344 3.45117 NaN NaN NaN 201.61177 -100.65037 6.61031 294.19778 -166.49438 -49.04110 NaN NaN NaN 87.86874 -109.24460 -13.50273 5.75130 -189.11626 -75.98875
29345 3.45952 NaN NaN NaN 201.62303 -100.63312 6.62208 294.18713 -166.56165 -49.00686 NaN NaN NaN 87.87769 -109.22305 -13.48894 5.74068 -189.11496 -75.97901
29346 3.46787 NaN NaN NaN 201.62747 -100.64939 6.62326 294.22345 -166.54147 -49.04292 NaN NaN NaN 87.86333 -109.24169 -13.47493 5.75557 -189.13319 -75.96989
29347 3.47621 NaN NaN NaN 201.63654 -100.63792 6.63826 294.22333 -166.52971 -49.02745 NaN NaN NaN 87.86819 -109.21878 -13.44812 5.75519 -189.13792 -75.96048
29348 3.48456 NaN NaN NaN 201.64598 -100.66167 6.66206 294.24585 -166.49791 -49.04578 NaN NaN NaN 87.86427 -109.21931 -13.46843 5.76654 -189.13564 -75.96218
29349 3.49291 NaN NaN NaN 201.65077 -100.66570 6.66831 294.25952 -166.44580 -49.05963 NaN NaN NaN 87.86485 -109.22311 -13.44720 5.78454 -189.14348 -75.95997
29350 3.50125 NaN NaN NaN 201.65337 -100.66847 6.66503 294.25085 -166.45161 -49.04207 NaN NaN NaN 87.85159 -109.23807 -13.45975 5.78983 -189.16161 -75.95999
29351 3.50960 NaN NaN NaN 201.66096 -100.65692 6.64861 294.25278 -166.44627 -49.04522 NaN NaN NaN 87.86401 -109.21007 -13.45322 5.81135 -189.16216 -75.96210
29352 3.51795 NaN NaN NaN 201.66125 -100.65279 6.66082 294.25140 -166.45702 -49.04659 NaN NaN NaN 87.86485 -109.22472 -13.44551 5.80494 -189.15790 -75.96176
29353 3.52629 NaN NaN NaN 201.67166 -100.64899 6.67432 294.24960 -166.51823 -49.02386 NaN NaN NaN 87.86207 -109.22968 -13.42687 5.80275 -189.16808 -75.95886
29354 3.53464 NaN NaN NaN 201.67058 -100.64121 6.66776 294.24872 -166.52504 -49.02764 NaN NaN NaN 87.83512 -109.24493 -13.43265 5.79598 -189.17223 -75.96795
29355 3.54299 NaN NaN NaN 201.66272 -100.64867 6.66577 294.26099 -166.54022 -49.04686 NaN NaN NaN 87.84105 -109.25676 -13.43658 5.80241 -189.17818 -75.97147
29356 3.55133 NaN NaN NaN 201.66702 -100.64986 6.66252 294.25668 -166.53172 -49.04584 NaN NaN NaN 87.82693 -109.27393 -13.45779 5.77763 -189.18587 -75.97995
29357 3.55968 NaN NaN NaN 201.65585 -100.65227 6.64780 294.25006 -166.50868 -49.03510 NaN NaN NaN 87.82857 -109.27689 -13.45181 5.76795 -189.19626 -75.99473
29358 3.56803 NaN NaN NaN 201.64711 -100.65488 6.65917 294.24039 -166.51192 -49.04471 NaN NaN NaN 87.81811 -109.29750 -13.46595 5.75681 -189.21391 -75.99131
29359 3.57637 NaN NaN NaN 201.65849 -100.63113 6.64626 294.23911 -166.48378 -49.10947 NaN NaN NaN 87.80183 -109.30869 -13.48104 5.73276 -189.23969 -75.99454
29360 3.58472 NaN NaN NaN 201.64073 -100.65952 6.66572 294.21402 -166.42450 -49.11296 NaN NaN NaN 87.79831 -109.31501 -13.46956 5.72911 -189.25806 -76.00052
29361 3.59307 NaN NaN NaN 201.63290 -100.68718 6.65534 294.21283 -166.44460 -49.09743 NaN NaN NaN 87.79357 -109.33949 -13.48162 5.70773 -189.27258 -76.00732
29362 3.60141 NaN NaN NaN 201.61816 -100.70823 6.65812 294.20773 -166.46184 -49.13547 NaN NaN NaN 87.78143 -109.34207 -13.48937 5.68991 -189.28670 -76.01643
29363 3.60976 NaN NaN NaN 201.62263 -100.73378 6.67088 294.18042 -166.50839 -49.14476 NaN NaN NaN 87.77919 -109.37110 -13.47738 5.68182 -189.29298 -76.01715
29364 3.61810 NaN NaN NaN 201.60957 -100.75782 6.67474 294.17554 -166.50735 -49.15762 NaN NaN NaN 87.76741 -109.39497 -13.48503 5.65990 -189.31389 -76.03799
29365 3.62645 NaN NaN NaN 201.61322 -100.75797 6.65556 294.16278 -166.56171 -49.13158 NaN NaN NaN 87.76492 -109.39792 -13.48300 5.65158 -189.33501 -76.02740
29366 3.63480 NaN NaN NaN 201.60361 -100.76624 6.66187 294.18134 -166.56258 -49.15458 NaN NaN NaN 87.75774 -109.43080 -13.48801 5.64013 -189.32813 -76.01379
29367 3.64314 NaN NaN NaN 201.60464 -100.76997 6.65212 294.18176 -166.57700 -49.16974 NaN NaN NaN 87.74991 -109.43173 -13.49296 5.64932 -189.34914 -76.01280
29368 3.65149 NaN NaN NaN 201.59944 -100.77647 6.66277 294.16925 -166.61089 -49.17426 NaN NaN NaN 87.73985 -109.45074 -13.51724 5.63493 -189.34146 -76.00501
29369 3.65984 NaN NaN NaN 201.62068 -100.77392 6.62413 294.16638 -166.59563 -49.17834 NaN NaN NaN 87.74776 -109.43391 -13.51199 5.61800 -189.35593 -76.01040
29370 3.66818 NaN NaN NaN 201.60393 -100.81481 6.64728 294.15109 -166.63579 -49.16925 NaN NaN NaN 87.73925 -109.43783 -13.53498 5.61963 -189.36307 -76.00435
29371 3.67653 NaN NaN NaN 201.60501 -100.83036 6.64539 294.14746 -166.72881 -49.16322 NaN NaN NaN 87.77393 -109.44735 -13.50560 5.61685 -189.38521 -75.98839
29372 3.68488 NaN NaN NaN 201.58949 -100.86779 6.65539 294.14435 -166.77531 -49.13932 NaN NaN NaN 87.75682 -109.45315 -13.52507 5.61269 -189.39262 -75.97837
29373 3.69322 NaN NaN NaN 201.59857 -100.87662 6.64857 294.17554 -166.71185 -49.18803 NaN NaN NaN 87.75714 -109.47845 -13.49615 5.60814 -189.41988 -75.96384
29374 3.70157 NaN NaN NaN 201.60503 -100.88874 6.66422 294.16867 -166.72206 -49.17904 NaN NaN NaN 87.76559 -109.48882 -13.48712 5.61201 -189.43407 -75.94607
29375 3.70992 NaN NaN NaN 201.61537 -100.90219 6.65231 294.17603 -166.75516 -49.18577 NaN NaN NaN 87.76592 -109.50175 -13.47533 5.61346 -189.43463 -75.93866
29376 3.71826 NaN NaN NaN 201.62354 -100.89115 6.64276 294.17178 -166.74437 -49.17793 NaN NaN NaN 87.76756 -109.50629 -13.47666 5.60927 -189.43681 -75.94048
29377 3.72661 NaN NaN NaN 201.63618 -100.89581 6.65479 294.19095 -166.68665 -49.20635 NaN NaN NaN 87.78318 -109.50328 -13.48252 5.61412 -189.43944 -75.92411
29378 3.73496 NaN NaN NaN 201.62401 -100.90193 6.66807 294.19617 -166.65247 -49.18676 NaN NaN NaN 87.79539 -109.51215 -13.49222 5.62638 -189.44318 -75.92596
29379 3.74330 NaN NaN NaN 201.64609 -100.90221 6.65277 294.21344 -166.72314 -49.19024 NaN NaN NaN 87.79900 -109.49745 -13.49683 5.63790 -189.44594 -75.93422
29380 3.75165 NaN NaN NaN 201.65240 -100.89928 6.65913 294.23352 -166.66794 -49.19380 NaN NaN NaN 87.80717 -109.50256 -13.51439 5.65506 -189.44864 -75.93933
29381 3.76000 NaN NaN NaN 201.65979 -100.90478 6.63341 294.24011 -166.67471 -49.21355 NaN NaN NaN 87.81143 -109.49944 -13.52270 5.65288 -189.44724 -75.94578
29382 3.76834 NaN NaN NaN 201.64030 -100.89672 6.62753 294.24307 -166.65874 -49.19986 NaN NaN NaN 87.79998 -109.50356 -13.52706 5.66034 -189.45358 -75.94588
29383 3.77669 NaN NaN NaN 201.68849 -100.85069 6.62655 294.25836 -166.66330 -49.23317 NaN NaN NaN 87.80890 -109.51123 -13.52711 5.65037 -189.47029 -75.94826
29384 3.78504 NaN NaN NaN 201.66957 -100.85535 6.63204 294.27103 -166.62790 -49.22932 NaN NaN NaN 87.82042 -109.51256 -13.52083 5.67845 -189.48354 -75.94662
29385 3.79338 NaN NaN NaN 201.69139 -100.86570 6.64089 294.27792 -166.59842 -49.24746 NaN NaN NaN 87.82972 -109.50697 -13.52190 5.70484 -189.49077 -75.94977
29386 3.80173 NaN NaN NaN 201.69910 -100.82990 6.61412 294.26886 -166.60370 -49.24387 NaN NaN NaN 87.82235 -109.49199 -13.54185 5.69529 -189.49352 -75.96422
29387 3.81008 NaN NaN NaN 201.71773 -100.85101 6.61821 294.28366 -166.63222 -49.25579 NaN NaN NaN 87.83937 -109.46797 -13.56698 5.69486 -189.46584 -75.97614
