Frame# Time LH1 LH2 LH3 RH1 RH2 RH3
X54 Y54 Z54 X55 Y55 Z55 X56 Y56 Z56 X57 Y57 Z57 X58 Y58 Z58 X59 Y59 Z59
8104 0.00243 NaN NaN NaN 147.67830 -135.39006 -56.23351 254.52971 -188.92514 -98.08866 NaN NaN NaN 93.86048 -146.98569 -66.10979 -17.98042 -211.72292 -83.93855
8105 0.01077 NaN NaN NaN 147.84196 -135.50795 -55.92941 254.62358 -188.86009 -98.15961 NaN NaN NaN 93.81187 -147.02911 -65.70282 -18.06208 -211.63071 -83.91180
8106 0.01911 NaN NaN NaN 147.99312 -135.68216 -55.64981 254.71107 -188.81537 -98.23087 NaN NaN NaN 93.77282 -147.02180 -65.31802 -18.12661 -211.52251 -83.89633
8107 0.02744 NaN NaN NaN 148.14209 -135.77579 -55.30967 254.79184 -188.75441 -98.29906 NaN NaN NaN 93.73413 -147.07764 -64.97572 -18.21082 -211.37050 -83.86629
8108 0.03578 NaN NaN NaN 148.28928 -135.84375 -55.05791 254.89154 -188.73320 -98.34607 NaN NaN NaN 93.65290 -147.08861 -64.60639 -18.28636 -211.26480 -83.81567
8109 0.04412 NaN NaN NaN 148.45831 -135.95700 -54.82210 255.00418 -188.67493 -98.46810 NaN NaN NaN 93.58697 -147.13460 -64.21326 -18.36772 -211.20413 -83.79213
8110 0.05246 NaN NaN NaN 148.62331 -136.11324 -54.53518 255.08192 -188.64044 -98.56155 NaN NaN NaN 93.52808 -147.20070 -63.95273 -18.42967 -211.13788 -83.80837
8111 0.06080 NaN NaN NaN 148.74663 -136.27979 -54.23124 255.16289 -188.60429 -98.62382 NaN NaN NaN 93.47179 -147.22989 -63.65730 -18.47784 -211.08731 -83.80968
8112 0.06914 NaN NaN NaN 148.89075 -136.44981 -53.96460 255.21170 -188.57860 -98.70474 NaN NaN NaN 93.37712 -147.28625 -63.40295 -18.59128 -211.00491 -83.78266
8113 0.07748 NaN NaN NaN 149.03815 -136.56273 -53.66362 255.27025 -188.53899 -98.82523 NaN NaN NaN 93.30745 -147.36304 -63.06339 -18.67183 -210.98622 -83.73634
8114 0.08582 NaN NaN NaN 149.15887 -136.71503 -53.41169 255.34370 -188.49831 -98.95343 NaN NaN NaN 93.22923 -147.41132 -62.84847 -18.74602 -210.92670 -83.77121
8115 0.09416 NaN NaN NaN 149.29030 -136.85977 -53.08313 255.39671 -188.48030 -99.06545 NaN NaN NaN 93.16525 -147.43149 -62.57224 -18.83060 -210.90479 -83.75716
8116 0.10249 NaN NaN NaN 149.43147 -137.03723 -52.79846 255.45680 -188.42992 -99.17793 NaN NaN NaN 93.09118 -147.45393 -62.30070 -18.90248 -210.85632 -83.74653
8117 0.11083 NaN NaN NaN 149.53401 -137.20917 -52.51014 255.49814 -188.39377 -99.27824 NaN NaN NaN 93.00715 -147.47046 -62.05059 -18.97616 -210.81792 -83.71525
8118 0.11917 NaN NaN NaN 149.64442 -137.33946 -52.22141 255.50053 -188.35664 -99.38057 NaN NaN NaN 92.91812 -147.55382 -61.81479 -19.03960 -210.76485 -83.68715
8119 0.12751 NaN NaN NaN 149.76122 -137.48792 -51.82035 255.50917 -188.30618 -99.44750 NaN NaN NaN 92.80627 -147.58623 -61.66233 -19.15692 -210.74287 -83.64275
8120 0.13585 NaN NaN NaN 149.87230 -137.62898 -51.49635 255.52499 -188.24771 -99.51778 NaN NaN NaN 92.71703 -147.61235 -61.44252 -19.26842 -210.70108 -83.59986
8121 0.14419 NaN NaN NaN 150.00508 -137.79442 -51.19384 255.53665 -188.20300 -99.63807 NaN NaN NaN 92.63190 -147.62677 -61.17791 -19.35437 -210.62985 -83.53398
8122 0.15253 NaN NaN NaN 150.09674 -137.98650 -50.76938 255.50578 -188.17766 -99.77689 NaN NaN NaN 92.55625 -147.60957 -60.90969 -19.43050 -210.56670 -83.49485
8123 0.16087 NaN NaN NaN 150.18726 -138.12552 -50.31310 255.44527 -188.06618 -99.89018 NaN NaN NaN 92.46815 -147.64432 -60.63788 -19.55920 -210.54251 -83.43771
8124 0.16921 NaN NaN NaN 150.29379 -138.30717 -49.91197 255.41335 -187.94647 -100.02401 NaN NaN NaN 92.34136 -147.67038 -60.44728 -19.66716 -210.48920 -83.38087
8125 0.17754 NaN NaN NaN 150.44743 -138.55249 -49.37819 255.40939 -187.83347 -100.20252 NaN NaN NaN 92.25480 -147.69719 -60.15852 -19.77048 -210.45464 -83.33074
8126 0.18588 NaN NaN NaN 150.62956 -138.79855 -48.91302 255.41737 -187.70459 -100.40605 NaN NaN NaN 92.13136 -147.76657 -59.87004 -19.90341 -210.41637 -83.28439
8127 0.19422 NaN NaN NaN 150.79790 -139.03735 -48.38527 255.39799 -187.59587 -100.57649 NaN NaN NaN 92.00596 -147.83755 -59.49156 -20.00215 -210.37714 -83.18618
8128 0.20256 NaN NaN NaN 150.97803 -139.32933 -47.83402 255.33333 -187.55737 -100.78799 NaN NaN NaN 91.87321 -147.84119 -59.24537 -20.13748 -210.28862 -83.10316
8129 0.21090 NaN NaN NaN 151.14709 -139.60471 -47.28557 255.26555 -187.53412 -100.97843 NaN NaN NaN 91.72594 -147.87224 -58.93802 -20.31136 -210.20184 -83.04545
8130 0.21924 NaN NaN NaN 151.33441 -139.88734 -46.69403 255.24522 -187.48259 -101.13416 NaN NaN NaN 91.59045 -147.93069 -58.54074 -20.47553 -210.14711 -82.99274
8131 0.22758 NaN NaN NaN 151.52652 -140.13133 -46.14705 255.25391 -187.39273 -101.31174 NaN NaN NaN 91.41183 -147.97237 -58.19264 -20.66876 -210.05862 -82.93439
8132 0.23592 NaN NaN NaN 151.71436 -140.42970 -45.61112 255.22511 -187.32387 -101.50459 NaN NaN NaN 91.22386 -148.03438 -57.92450 -20.84725 -209.98262 -82.86544
8133 0.24426 NaN NaN NaN 151.90181 -140.72675 -45.08434 255.17776 -187.22391 -101.67891 NaN NaN NaN 91.03841 -148.10457 -57.57168 -21.02682 -209.89198 -82.78846
8134 0.25260 NaN NaN NaN 152.12381 -141.03400 -44.56260 255.16020 -187.17755 -101.83790 NaN NaN NaN 90.88115 -148.17516 -57.19548 -21.23286 -209.82043 -82.73952
8135 0.26093 NaN NaN NaN 152.31656 -141.31746 -44.02294 255.11363 -187.10492 -102.03828 NaN NaN NaN 90.68381 -148.22368 -56.88428 -21.43929 -209.73761 -82.71452
8136 0.26927 NaN NaN NaN 152.50613 -141.59692 -43.55077 255.07794 -187.03694 -102.27575 NaN NaN NaN 90.47385 -148.26308 -56.65929 -21.61824 -209.61993 -82.67101
8137 0.27761 NaN NaN NaN 152.68616 -141.89618 -43.11266 255.03218 -187.00966 -102.51768 NaN NaN NaN 90.25529 -148.28310 -56.47974 -21.83636 -209.55894 -82.60152
8138 0.28595 NaN NaN NaN 152.87889 -142.21626 -42.65744 254.97345 -186.96802 -102.70424 NaN NaN NaN 90.09824 -148.27434 -56.24873 -22.04393 -209.49408 -82.55285
8139 0.29429 NaN NaN NaN 153.05402 -142.52107 -42.29574 254.92261 -186.87721 -102.93143 NaN NaN NaN 89.91349 -148.30710 -56.00023 -22.26025 -209.41339 -82.51579
8140 0.30263 NaN NaN NaN 153.23466 -142.81183 -41.92532 254.87311 -186.76064 -103.20747 NaN NaN NaN 89.72874 -148.28989 -55.82431 -22.44715 -209.31134 -82.50276
8141 0.31097 NaN NaN NaN 153.41107 -143.12335 -41.51191 254.82214 -186.67308 -103.54328 NaN NaN NaN 89.53286 -148.33994 -55.63723 -22.63562 -209.21962 -82.49480
8142 0.31931 NaN NaN NaN 153.56607 -143.40596 -41.20750 254.74168 -186.64304 -103.81557 NaN NaN NaN 89.34627 -148.42764 -55.52694 -22.84484 -209.13780 -82.53248
8143 0.32765 NaN NaN NaN 153.70659 -143.64241 -40.93266 254.68915 -186.60806 -104.00483 NaN NaN NaN 89.22042 -148.44818 -55.39020 -23.01247 -209.05986 -82.56387
8144 0.33598 NaN NaN NaN 153.82619 -143.87856 -40.66315 254.65007 -186.57529 -104.19370 NaN NaN NaN 89.07819 -148.43674 -55.28506 -23.19050 -208.99927 -82.57694
8145 0.34432 NaN NaN NaN 153.95163 -144.09230 -40.37584 254.60088 -186.55669 -104.35334 NaN NaN NaN 88.95630 -148.44298 -55.17529 -23.34179 -208.95651 -82.60091
8146 0.35266 NaN NaN NaN 154.05411 -144.32207 -40.16450 254.56821 -186.54236 -104.54073 NaN NaN NaN 88.82089 -148.45775 -55.08436 -23.46128 -208.93297 -82.63707
8147 0.36100 NaN NaN NaN 154.16599 -144.54922 -40.00909 254.51367 -186.54053 -104.70970 NaN NaN NaN 88.71551 -148.49568 -55.03464 -23.54473 -208.87692 -82.71261
8148 0.36934 NaN NaN NaN 154.27390 -144.70958 -39.87100 254.50308 -186.53923 -104.86625 NaN NaN NaN 88.63300 -148.53767 -54.96933 -23.64762 -208.83598 -82.79893
8149 0.37768 NaN NaN NaN 154.39024 -144.84555 -39.72688 254.50591 -186.51910 -105.00069 NaN NaN NaN 88.57970 -148.58650 -54.85905 -23.73684 -208.76654 -82.88033
8150 0.38602 NaN NaN NaN 154.46950 -144.93692 -39.57149 254.52493 -186.45819 -105.09412 NaN NaN NaN 88.55111 -148.64439 -54.77364 -23.75516 -208.72298 -82.89909
8151 0.39436 NaN NaN NaN 154.55397 -145.02240 -39.47372 254.52647 -186.41327 -105.20940 NaN NaN NaN 88.49687 -148.67508 -54.71419 -23.79050 -208.71120 -82.94634
8152 0.40270 NaN NaN NaN 154.63980 -145.13579 -39.36626 254.54248 -186.37473 -105.33871 NaN NaN NaN 88.47385 -148.70987 -54.66587 -23.81991 -208.72545 -82.99377
8153 0.41103 NaN NaN NaN 154.75955 -145.29697 -39.23629 254.55382 -186.35951 -105.42892 NaN NaN NaN 88.45937 -148.76741 -54.60351 -23.83957 -208.71199 -83.04116
8154 0.41937 NaN NaN NaN 154.91104 -145.47655 -39.10441 254.59521 -186.32678 -105.49766 NaN NaN NaN 88.43418 -148.80394 -54.55846 -23.83407 -208.70836 -83.11253
8155 0.42771 NaN NaN NaN 155.05206 -145.63246 -38.99453 254.64827 -186.29897 -105.59260 NaN NaN NaN 88.42786 -148.85341 -54.48100 -23.83217 -208.69263 -83.17897
8156 0.43605 NaN NaN NaN 155.19673 -145.73952 -38.86089 254.73314 -186.26375 -105.76512 NaN NaN NaN 88.39764 -148.92842 -54.41404 -23.83962 -208.73546 -83.25383
8157 0.44439 NaN NaN NaN 155.37830 -145.86763 -38.77617 254.80467 -186.21840 -105.94965 NaN NaN NaN 88.37632 -148.97835 -54.33117 -23.85045 -208.72961 -83.36449
8158 0.45273 NaN NaN NaN 155.55579 -146.00148 -38.70509 254.86394 -186.17815 -106.03905 NaN NaN NaN 88.34618 -149.01233 -54.27508 -23.89325 -208.72726 -83.45486
8159 0.46107 NaN NaN NaN 155.69270 -146.10555 -38.63109 254.97926 -186.10564 -106.19202 NaN NaN NaN 88.31507 -149.03961 -54.21554 -23.92874 -208.69702 -83.54868
8160 0.46941 NaN NaN NaN 155.83701 -146.24973 -38.53556 255.07188 -186.06401 -106.36707 NaN NaN NaN 88.28295 -149.11029 -54.14464 -23.94570 -208.67549 -83.63981
8161 0.47775 NaN NaN NaN 155.99414 -146.35570 -38.48656 255.16795 -186.00542 -106.49473 NaN NaN NaN 88.21467 -149.20808 -54.08081 -23.98337 -208.66814 -83.74643
8162 0.48609 NaN NaN NaN 156.16884 -146.47363 -38.41643 255.24117 -186.00313 -106.57236 NaN NaN NaN 88.16891 -149.30121 -54.01238 -24.06187 -208.69901 -83.87254
8163 0.49442 NaN NaN NaN 156.33543 -146.61430 -38.38301 255.29770 -185.98003 -106.63788 NaN NaN NaN 88.10629 -149.37682 -53.98935 -24.14792 -208.70052 -83.96500
8164 0.50276 NaN NaN NaN 156.43747 -146.71950 -38.37297 255.36841 -185.97308 -106.74090 NaN NaN NaN 88.03817 -149.41568 -53.98663 -24.22320 -208.65399 -84.02203
8165 0.51110 NaN NaN NaN 156.51520 -146.86163 -38.39705 255.45184 -185.96138 -106.85892 NaN NaN NaN 87.97403 -149.43350 -54.02214 -24.28045 -208.61296 -84.10144
8166 0.51944 NaN NaN NaN 156.58546 -146.97064 -38.43152 255.52220 -185.95689 -106.98839 NaN NaN NaN 87.92946 -149.43463 -54.06086 -24.33542 -208.60074 -84.20506
8167 0.52778 NaN NaN NaN 156.64589 -147.06966 -38.49264 255.59641 -185.97801 -107.12837 NaN NaN NaN 87.85803 -149.43745 -54.13358 -24.41251 -208.58119 -84.28887
8168 0.53612 NaN NaN NaN 156.71198 -147.14734 -38.55405 255.63626 -185.98531 -107.24883 NaN NaN NaN 87.80305 -149.45862 -54.23349 -24.48102 -208.59012 -84.40552
8169 0.54446 NaN NaN NaN 156.73123 -147.18755 -38.61407 255.69281 -186.01163 -107.34295 NaN NaN NaN 87.72404 -149.47472 -54.34042 -24.59190 -208.59816 -84.51939
8170 0.55280 NaN NaN NaN 156.74178 -147.26125 -38.71638 255.72446 -186.01366 -107.47137 NaN NaN NaN 87.65189 -149.52788 -54.42305 -24.71023 -208.56207 -84.62091
8171 0.56114 NaN NaN NaN 156.73868 -147.30319 -38.83870 255.76514 -186.04588 -107.55643 NaN NaN NaN 87.53431 -149.56166 -54.62686 -24.86022 -208.52281 -84.76844
8172 0.56947 NaN NaN NaN 156.72375 -147.33345 -39.02521 255.75000 -186.08392 -107.62415 NaN NaN NaN 87.41239 -149.64334 -54.71819 -24.99706 -208.45695 -85.01117
8173 0.57781 NaN NaN NaN 156.69609 -147.32298 -39.23111 255.81108 -186.12680 -107.71223 NaN NaN NaN 87.25697 -149.77263 -54.81126 -25.19481 -208.40169 -85.26091
8174 0.58615 NaN NaN NaN 156.67160 -147.30818 -39.38539 255.88446 -186.18246 -107.81574 NaN NaN NaN 87.10524 -149.89166 -54.89692 -25.40810 -208.32271 -85.45697
8175 0.59449 NaN NaN NaN 156.63878 -147.31664 -39.51650 255.90131 -186.22301 -107.86385 NaN NaN NaN 86.92155 -150.00415 -54.95267 -25.60709 -208.29060 -85.61034
8176 0.60283 NaN NaN NaN 156.58701 -147.34810 -39.70036 255.91508 -186.25372 -107.86777 NaN NaN NaN 86.72890 -150.05823 -54.99292 -25.86454 -208.32028 -85.78786
8177 0.61117 NaN NaN NaN 156.55345 -147.36526 -39.82693 255.90596 -186.27948 -107.87147 NaN NaN NaN 86.51811 -150.15074 -55.03097 -26.06865 -208.33276 -85.96466
8178 0.61951 NaN NaN NaN 156.49234 -147.32706 -39.93821 255.90771 -186.29904 -107.88007 NaN NaN NaN 86.32496 -150.25282 -55.09898 -26.29014 -208.33311 -86.08828
8179 0.62785 NaN NaN NaN 156.45206 -147.24986 -40.04035 255.90541 -186.35484 -107.89145 NaN NaN NaN 86.15582 -150.42345 -55.04699 -26.45819 -208.28596 -86.35410
8180 0.63619 NaN NaN NaN 156.41808 -147.19690 -40.15470 255.88979 -186.39082 -107.88195 NaN NaN NaN 85.92686 -150.61955 -55.05171 -26.74262 -208.21826 -86.78860
8181 0.64452 NaN NaN NaN 156.39729 -147.17194 -40.22324 255.90944 -186.43250 -107.87359 NaN NaN NaN 85.61803 -150.91351 -55.02285 -27.03815 -208.13210 -87.28170
8182 0.65286 NaN NaN NaN 156.38556 -147.16368 -40.28459 255.91190 -186.48390 -107.85252 NaN NaN NaN 85.29964 -151.18060 -55.00626 -27.32987 -208.04807 -87.86663
8183 0.66120 NaN NaN NaN 156.36342 -147.16469 -40.28770 255.90804 -186.50922 -107.85349 NaN NaN NaN 85.02648 -151.45720 -54.99360 -27.62562 -207.96861 -88.47134
8184 0.66954 NaN NaN NaN 156.39197 -147.16846 -40.27409 255.90991 -186.57399 -107.84561 NaN NaN NaN 84.70792 -151.70044 -55.00943 -27.93196 -207.89479 -88.97664
8185 0.67788 NaN NaN NaN 156.45161 -147.17041 -40.22996 255.93544 -186.56978 -107.83439 NaN NaN NaN 84.41479 -151.87790 -55.04448 -28.23050 -207.78325 -89.51039
8186 0.68622 NaN NaN NaN 156.53865 -147.24239 -40.14405 255.96346 -186.60594 -107.87904 NaN NaN NaN 84.15442 -152.08249 -55.09681 -28.50023 -207.73151 -89.94681
8187 0.69456 NaN NaN NaN 156.64191 -147.36855 -39.95682 256.01306 -186.59393 -107.94228 NaN NaN NaN 83.92243 -152.24683 -55.16578 -28.73584 -207.61989 -90.39172
8188 0.70290 NaN NaN NaN 156.78079 -147.58574 -39.78493 256.03073 -186.60094 -107.97531 NaN NaN NaN 83.69948 -152.36955 -55.33081 -29.00453 -207.55608 -90.78310
8189 0.71124 NaN NaN NaN 156.92075 -147.80978 -39.64021 256.07278 -186.60538 -108.05613 NaN NaN NaN 83.52081 -152.41975 -55.45708 -29.21410 -207.45789 -91.18468
8190 0.71958 NaN NaN NaN 157.09032 -148.04536 -39.46598 256.09210 -186.60016 -108.15678 NaN NaN NaN 83.36787 -152.46803 -55.58313 -29.33518 -207.31688 -91.57809
8191 0.72791 NaN NaN NaN 157.22185 -148.24088 -39.27924 256.09659 -186.58418 -108.31440 NaN NaN NaN 83.23393 -152.54247 -55.76447 -29.46399 -207.16464 -92.04082
8192 0.73625 NaN NaN NaN 157.33258 -148.42805 -39.10136 256.08316 -186.57434 -108.50731 NaN NaN NaN 83.14384 -152.57887 -55.87676 -29.56084 -206.99344 -92.51966
8193 0.74459 NaN NaN NaN 157.45821 -148.59938 -38.88986 256.01868 -186.56584 -108.71945 NaN NaN NaN 83.06197 -152.58192 -56.04090 -29.63857 -206.79674 -93.07101
8194 0.75293 NaN NaN NaN 157.59131 -148.74179 -38.65094 255.96524 -186.52388 -108.89465 NaN NaN NaN 83.00381 -152.46228 -56.26657 -29.64045 -206.56392 -93.47350
8195 0.76127 NaN NaN NaN 157.70171 -148.92151 -38.43250 255.89847 -186.44577 -109.00496 NaN NaN NaN 83.04256 -152.29312 -56.51220 -29.60740 -206.35141 -93.79195
8196 0.76961 NaN NaN NaN 157.78201 -149.09052 -38.19832 255.76352 -186.37898 -109.10131 NaN NaN NaN 83.10583 -152.06476 -56.75190 -29.53468 -206.15916 -93.97733
8197 0.77795 NaN NaN NaN 157.86151 -149.21863 -38.00054 255.62408 -186.31631 -109.17201 NaN NaN NaN 83.14912 -151.87537 -56.88902 -29.48978 -206.02243 -94.04635
8198 0.78629 NaN NaN NaN 157.91878 -149.33105 -37.70421 255.53995 -186.29761 -109.19148 NaN NaN NaN 83.17844 -151.70818 -56.96052 -29.46831 -205.92917 -94.03281
8199 0.79463 NaN NaN NaN 157.96875 -149.46124 -37.41660 255.46503 -186.29478 -109.19298 NaN NaN NaN 83.21065 -151.61751 -56.94357 -29.46412 -205.84109 -93.99443
8200 0.80296 NaN NaN NaN 157.99052 -149.56534 -37.20884 255.39894 -186.28163 -109.18119 NaN NaN NaN 83.24414 -151.53381 -56.98746 -29.45278 -205.74303 -93.96703
8201 0.81130 NaN NaN NaN 157.96851 -149.68202 -36.98511 255.30209 -186.26952 -109.16278 NaN NaN NaN 83.30474 -151.42200 -57.00688 -29.43794 -205.62454 -93.97343
8202 0.81964 NaN NaN NaN 157.95999 -149.87886 -36.79757 255.17097 -186.22357 -109.16927 NaN NaN NaN 83.39193 -151.23100 -57.08235 -29.39108 -205.46867 -93.90928
8203 0.82798 NaN NaN NaN 157.88063 -150.09508 -36.65424 255.05695 -186.15964 -109.21349 NaN NaN NaN 83.51053 -150.96567 -57.22654 -29.26909 -205.32550 -93.64835
8204 0.83632 NaN NaN NaN 157.81624 -150.34680 -36.52491 254.97607 -186.06175 -109.27383 NaN NaN NaN 83.69216 -150.58112 -57.41677 -29.12480 -205.19037 -93.25243
8205 0.84466 NaN NaN NaN 157.74466 -150.66945 -36.36609 254.89481 -185.93132 -109.37150 NaN NaN NaN 83.90982 -150.10295 -57.71030 -28.95193 -205.11876 -92.83974
8206 0.85300 NaN NaN NaN 157.67487 -150.92383 -36.20021 254.82719 -185.80399 -109.46346 NaN NaN NaN 84.17076 -149.69629 -58.10205 -28.81680 -205.09825 -92.38091
8207 0.86134 NaN NaN NaN 157.56589 -151.10521 -36.15880 254.72867 -185.68933 -109.50388 NaN NaN NaN 84.44209 -149.33899 -58.49621 -28.65584 -205.04472 -91.95550
8208 0.86968 NaN NaN NaN 157.42583 -151.13680 -36.19379 254.64551 -185.60252 -109.47781 NaN NaN NaN 84.71182 -149.00040 -58.86397 -28.42899 -204.98074 -91.63085
8209 0.87801 NaN NaN NaN 157.26404 -151.13577 -36.30193 254.59869 -185.55925 -109.43716 NaN NaN NaN 84.99718 -148.61060 -59.32778 -28.23116 -204.91809 -91.23171
8210 0.88635 NaN NaN NaN 157.09178 -151.07925 -36.39528 254.52040 -185.56042 -109.39478 NaN NaN NaN 85.27346 -148.18628 -59.84804 -28.03653 -204.81549 -90.83846
8211 0.89469 NaN NaN NaN 156.88303 -150.97983 -36.55726 254.43578 -185.53856 -109.34564 NaN NaN NaN 85.59731 -147.62703 -60.30473 -27.76665 -204.69518 -90.37287
8212 0.90303 NaN NaN NaN 156.62930 -150.88786 -36.75323 254.31197 -185.53360 -109.27475 NaN NaN NaN 85.93401 -147.06221 -60.86287 -27.49189 -204.58124 -89.78451
8213 0.91137 NaN NaN NaN 156.35992 -150.75658 -36.98025 254.22896 -185.51727 -109.21499 NaN NaN NaN 86.34089 -146.42537 -61.39648 -27.03281 -204.53860 -89.06934
8214 0.91971 NaN NaN NaN 156.05287 -150.51317 -37.24669 254.12971 -185.47229 -109.16542 NaN NaN NaN 86.73983 -145.73285 -61.92832 -26.66080 -204.46748 -88.27560
8215 0.92805 NaN NaN NaN 155.70956 -150.21243 -37.62508 253.98578 -185.42819 -109.04430 NaN NaN NaN 87.16488 -144.96666 -62.49189 -26.22839 -204.46602 -87.42397
8216 0.93639 NaN NaN NaN 155.34662 -149.84689 -37.94770 253.86697 -185.43909 -108.92415 NaN NaN NaN 87.60560 -144.26079 -62.98761 -25.75597 -204.37404 -86.49677
8217 0.94473 NaN NaN NaN 154.96794 -149.51549 -38.29942 253.76167 -185.46805 -108.82353 NaN NaN NaN 88.02947 -143.56163 -63.43005 -25.26840 -204.33005 -85.68176
8218 0.95307 NaN NaN NaN 154.56033 -149.16235 -38.73961 253.62991 -185.49139 -108.65778 NaN NaN NaN 88.42123 -142.93384 -63.81396 -24.87361 -204.22035 -84.96497
8219 0.96140 NaN NaN NaN 154.20464 -148.83440 -39.15675 253.49817 -185.50917 -108.53387 NaN NaN NaN 88.74162 -142.29083 -64.30233 -24.43753 -204.07483 -84.32088
8220 0.96974 NaN NaN NaN 153.85249 -148.44095 -39.49224 253.37402 -185.52542 -108.38203 NaN NaN NaN 89.06345 -141.66322 -64.75182 -24.01517 -203.89522 -83.66896
8221 0.97808 NaN NaN NaN 153.47552 -148.05249 -39.83257 253.24254 -185.53860 -108.20593 NaN NaN NaN 89.37352 -141.05563 -65.20438 -23.65080 -203.77499 -83.09187
8222 0.98642 NaN NaN NaN 153.11632 -147.61247 -40.25943 253.11240 -185.57259 -107.93349 NaN NaN NaN 89.61398 -140.44011 -65.70237 -23.26272 -203.65718 -82.46304
8223 0.99476 NaN NaN NaN 152.73877 -147.18729 -40.60880 253.02448 -185.57954 -107.63559 NaN NaN NaN 89.86398 -139.82513 -66.14037 -22.85102 -203.56477 -81.84937
8224 1.00310 NaN NaN NaN 152.35138 -146.75076 -40.92245 252.89763 -185.61931 -107.33488 NaN NaN NaN 90.14972 -139.25723 -66.44543 -22.44748 -203.42482 -81.24184
8225 1.01144 NaN NaN NaN 151.92853 -146.29182 -41.33897 252.75282 -185.69383 -106.98414 NaN NaN NaN 90.39909 -138.67674 -66.72473 -22.12153 -203.33203 -80.64975
8226 1.01978 NaN NaN NaN 151.54428 -145.85126 -41.73144 252.66072 -185.79720 -106.63455 NaN NaN NaN 90.64407 -138.15233 -66.92534 -21.75806 -203.19263 -80.05106
8227 1.02812 NaN NaN NaN 151.16170 -145.40312 -42.10140 252.56499 -185.82463 -106.22923 NaN NaN NaN 90.88124 -137.67879 -67.00739 -21.32849 -203.09979 -79.37069
8228 1.03645 NaN NaN NaN 150.77505 -144.88068 -42.53664 252.45573 -185.89548 -105.78011 NaN NaN NaN 91.10314 -137.17949 -67.15199 -20.90961 -203.03467 -78.72191
8229 1.04479 NaN NaN NaN 150.38855 -144.34425 -42.96027 252.32690 -185.98706 -105.38858 NaN NaN NaN 91.31598 -136.67075 -67.37066 -20.52553 -202.98782 -78.07210
8230 1.05313 NaN NaN NaN 150.00792 -143.80923 -43.39281 252.19098 -186.13583 -104.97536 NaN NaN NaN 91.53159 -136.17494 -67.54691 -20.10818 -202.93044 -77.50592
8231 1.06147 NaN NaN NaN 149.61308 -143.26985 -43.88208 252.10655 -186.20425 -104.62055 NaN NaN NaN 91.74525 -135.68820 -67.70554 -19.68453 -202.88722 -76.92626
8232 1.06981 NaN NaN NaN 149.24045 -142.75706 -44.35052 252.01514 -186.23520 -104.16769 NaN NaN NaN 91.93130 -135.17239 -67.88927 -19.31568 -202.83830 -76.40296
8233 1.07815 NaN NaN NaN 148.89209 -142.21654 -44.81960 251.89497 -186.28186 -103.79545 NaN NaN NaN 92.13081 -134.73320 -68.15212 -18.89224 -202.77612 -75.90755
8234 1.08649 NaN NaN NaN 148.55376 -141.70219 -45.28109 251.74484 -186.33826 -103.56164 NaN NaN NaN 92.31132 -134.27118 -68.41945 -18.48123 -202.73346 -75.49238
8235 1.09483 NaN NaN NaN 148.24371 -141.19205 -45.73371 251.62688 -186.35138 -103.26600 NaN NaN NaN 92.48822 -133.83018 -68.71666 -18.14602 -202.65775 -75.09338
8236 1.10317 NaN NaN NaN 147.98955 -140.71838 -46.07141 251.50772 -186.34764 -102.97831 NaN NaN NaN 92.61510 -133.45410 -68.99112 -17.85008 -202.62254 -74.73298
8237 1.11150 NaN NaN NaN 147.76770 -140.35275 -46.40671 251.41313 -186.36299 -102.71874 NaN NaN NaN 92.71291 -133.15407 -69.27522 -17.63138 -202.63431 -74.57634
8238 1.11984 NaN NaN NaN 147.54860 -140.05211 -46.72849 251.35332 -186.40448 -102.48365 NaN NaN NaN 92.72760 -132.93338 -69.48425 -17.45778 -202.62831 -74.31482
8239 1.12818 NaN NaN NaN 147.36932 -139.78316 -47.03778 251.26921 -186.46643 -102.32166 NaN NaN NaN 92.67155 -132.77516 -69.73663 -17.35037 -202.64810 -74.09649
8240 1.13652 NaN NaN NaN 147.23190 -139.50150 -47.28298 251.21767 -186.52322 -102.11649 NaN NaN NaN 92.55846 -132.69383 -69.97273 -17.40508 -202.68416 -73.98320
8241 1.14486 NaN NaN NaN 147.11845 -139.23228 -47.49976 251.18839 -186.54315 -101.89748 NaN NaN NaN 92.43945 -132.76532 -70.13021 -17.56274 -202.80040 -73.90872
8242 1.15320 NaN NaN NaN 146.99391 -139.03326 -47.70486 251.20998 -186.56232 -101.69206 NaN NaN NaN 92.22916 -132.91106 -70.22307 -17.78581 -202.91885 -73.89635
8243 1.16154 NaN NaN NaN 146.89114 -138.83691 -47.90163 251.21832 -186.58650 -101.48478 NaN NaN NaN 91.99333 -133.09373 -70.18335 -18.05820 -203.10345 -73.91561
8244 1.16988 NaN NaN NaN 146.76677 -138.56766 -48.15549 251.18518 -186.64468 -101.23157 NaN NaN NaN 91.74388 -133.40984 -70.12199 -18.37175 -203.25574 -73.96992
8245 1.17822 NaN NaN NaN 146.61569 -138.27122 -48.41844 251.16005 -186.65034 -101.00280 NaN NaN NaN 91.46709 -133.71461 -70.01200 -18.72013 -203.43329 -74.09847
8246 1.18656 NaN NaN NaN 146.42369 -137.92982 -48.79744 251.14009 -186.64087 -100.77278 NaN NaN NaN 91.20040 -133.99269 -69.86680 -19.03500 -203.61911 -74.15066
8247 1.19489 NaN NaN NaN 146.27917 -137.56284 -49.13297 251.07246 -186.64168 -100.46610 NaN NaN NaN 90.92705 -134.28998 -69.68668 -19.34697 -203.78763 -74.22187
8248 1.20323 NaN NaN NaN 146.09038 -137.14247 -49.49275 250.97748 -186.69615 -100.16483 NaN NaN NaN 90.68246 -134.60095 -69.52265 -19.60556 -203.99681 -74.30285
8249 1.21157 NaN NaN NaN 145.88464 -136.72719 -49.86692 250.89990 -186.76126 -99.92754 NaN NaN NaN 90.50159 -134.87640 -69.43951 -19.90009 -204.18558 -74.42488
8250 1.21991 NaN NaN NaN 145.66310 -136.26289 -50.30236 250.79979 -186.79712 -99.60133 NaN NaN NaN 90.34893 -135.07906 -69.42165 -20.10512 -204.34265 -74.53820
8251 1.22825 NaN NaN NaN 145.43752 -135.81940 -50.72059 250.66083 -186.85254 -99.25158 NaN NaN NaN 90.20727 -135.19447 -69.48041 -20.22485 -204.43913 -74.57005
8252 1.23659 NaN NaN NaN 145.19933 -135.34245 -51.18332 250.49796 -186.92899 -98.97633 NaN NaN NaN 90.07475 -135.24136 -69.61923 -20.33000 -204.54436 -74.55630
8253 1.24493 NaN NaN NaN 144.99652 -134.94211 -51.57904 250.37253 -186.99652 -98.78541 NaN NaN NaN 89.96693 -135.26526 -69.81781 -20.40808 -204.63182 -74.55373
8254 1.25327 NaN NaN NaN 144.82333 -134.61153 -51.85653 250.28123 -187.00745 -98.62115 NaN NaN NaN 89.94382 -135.30203 -70.07469 -20.43668 -204.70386 -74.51125
8255 1.26161 NaN NaN NaN 144.66142 -134.38823 -52.19942 250.19452 -186.97510 -98.46985 NaN NaN NaN 89.90921 -135.29543 -70.43014 -20.43257 -204.74829 -74.47212
8256 1.26994 NaN NaN NaN 144.54124 -134.19040 -52.45913 250.15590 -186.90874 -98.40070 NaN NaN NaN 89.88338 -135.19579 -70.72469 -20.40258 -204.77280 -74.44138
8257 1.27828 NaN NaN NaN 144.45509 -134.05304 -52.65660 250.13292 -186.85248 -98.33851 NaN NaN NaN 89.84184 -135.10872 -71.00198 -20.38560 -204.82114 -74.40052
8258 1.28662 NaN NaN NaN 144.37444 -134.00667 -52.74758 250.09270 -186.88988 -98.25794 NaN NaN NaN 89.82169 -135.02950 -71.16884 -20.38487 -204.84962 -74.33452
8259 1.29496 NaN NaN NaN 144.34410 -133.95987 -52.80516 250.04520 -186.95122 -98.24046 NaN NaN NaN 89.80761 -134.96246 -71.37015 -20.37773 -204.87631 -74.23363
8260 1.30330 NaN NaN NaN 144.31386 -133.99658 -52.83734 250.01596 -187.04774 -98.17948 NaN NaN NaN 89.78479 -134.93320 -71.60838 -20.36165 -204.88364 -74.15688
8261 1.31164 NaN NaN NaN 144.28497 -133.98463 -52.90318 250.00224 -187.10664 -98.14026 NaN NaN NaN 89.75722 -134.89973 -71.74001 -20.35257 -204.91241 -74.09441
8262 1.31998 NaN NaN NaN 144.25546 -133.98373 -52.95419 249.94339 -187.24257 -98.06252 NaN NaN NaN 89.72797 -134.88766 -71.78711 -20.34607 -204.94939 -74.05653
8263 1.32832 NaN NaN NaN 144.21494 -133.98537 -53.01124 249.89845 -187.34647 -98.00756 NaN NaN NaN 89.66351 -134.83537 -71.81881 -20.39269 -204.99887 -74.01719
8264 1.33666 NaN NaN NaN 144.15590 -133.93668 -53.14176 249.85983 -187.37265 -97.94961 NaN NaN NaN 89.59595 -134.90034 -71.89809 -20.38495 -205.04083 -73.96451
8265 1.34499 NaN NaN NaN 144.09923 -133.83372 -53.26705 249.82915 -187.42747 -97.91891 NaN NaN NaN 89.55005 -134.92892 -71.89997 -20.46971 -205.09340 -73.95253
8266 1.35333 NaN NaN NaN 143.99280 -133.70471 -53.50348 249.79286 -187.39063 -97.86825 NaN NaN NaN 89.50299 -135.05998 -71.96146 -20.54170 -205.14333 -73.95000
8267 1.36167 NaN NaN NaN 143.94318 -133.59435 -53.71199 249.73595 -187.43585 -97.77780 NaN NaN NaN 89.44031 -135.12517 -71.98078 -20.58459 -205.17567 -73.92554
8268 1.37001 NaN NaN NaN 143.85573 -133.43755 -53.88950 249.67751 -187.46219 -97.68573 NaN NaN NaN 89.35719 -135.13020 -72.02410 -20.65218 -205.20674 -73.94297
8269 1.37835 NaN NaN NaN 143.81148 -133.31764 -54.05689 249.62666 -187.49466 -97.63046 NaN NaN NaN 89.30053 -135.15715 -72.07985 -20.68295 -205.25102 -73.96949
8270 1.38669 NaN NaN NaN 143.71565 -133.19374 -54.20880 249.56682 -187.54596 -97.54306 NaN NaN NaN 89.24306 -135.18094 -72.21491 -20.78583 -205.26363 -74.03889
8271 1.39503 NaN NaN NaN 143.61060 -133.08035 -54.37399 249.51352 -187.56577 -97.48499 NaN NaN NaN 89.20672 -135.19185 -72.32822 -20.82696 -205.27689 -74.05228
8272 1.40337 NaN NaN NaN 143.50697 -132.95328 -54.56564 249.45442 -187.58716 -97.44659 NaN NaN NaN 89.18342 -135.16634 -72.44977 -20.82984 -205.28584 -74.07013
8273 1.41171 NaN NaN NaN 143.41661 -132.80402 -54.79446 249.40163 -187.61147 -97.40533 NaN NaN NaN 89.16759 -135.12839 -72.60510 -20.82721 -205.28462 -74.07839
8274 1.42005 NaN NaN NaN 143.34065 -132.68323 -55.05592 249.33810 -187.66524 -97.30032 NaN NaN NaN 89.14637 -135.08588 -72.81127 -20.80338 -205.28748 -74.10162
8275 1.42838 NaN NaN NaN 143.23584 -132.50536 -55.28481 249.25290 -187.70418 -97.25280 NaN NaN NaN 89.12423 -135.06178 -72.97106 -20.74746 -205.27139 -74.09192
8276 1.43672 NaN NaN NaN 143.13811 -132.34221 -55.45868 249.16919 -187.70509 -97.19556 NaN NaN NaN 89.12639 -135.01486 -73.05968 -20.71992 -205.25998 -74.07503
8277 1.44506 NaN NaN NaN 143.03403 -132.18968 -55.66578 249.10397 -187.72649 -97.16058 NaN NaN NaN 89.13076 -134.96214 -73.12144 -20.69610 -205.25716 -74.06179
8278 1.45340 NaN NaN NaN 142.95488 -132.06831 -55.88124 249.03996 -187.78291 -97.09077 NaN NaN NaN 89.13264 -134.94246 -73.27291 -20.70510 -205.25752 -74.04775
8279 1.46174 NaN NaN NaN 142.88725 -131.93660 -56.15170 249.01596 -187.81554 -97.06122 NaN NaN NaN 89.17448 -134.92120 -73.38560 -20.69469 -205.27295 -74.03732
8280 1.47008 NaN NaN NaN 142.83012 -131.81488 -56.31553 248.97493 -187.82982 -97.01361 NaN NaN NaN 89.19237 -134.86421 -73.43275 -20.63342 -205.27615 -73.99315
8281 1.47842 NaN NaN NaN 142.77249 -131.69351 -56.46133 248.92741 -187.80588 -97.00393 NaN NaN NaN 89.18373 -134.81900 -73.48202 -20.58765 -205.28470 -73.94392
8282 1.48676 NaN NaN NaN 142.71866 -131.60847 -56.58562 248.89577 -187.82825 -96.96246 NaN NaN NaN 89.17117 -134.76985 -73.54305 -20.55021 -205.27455 -73.90955
8283 1.49510 NaN NaN NaN 142.66939 -131.55295 -56.70203 248.85460 -187.84052 -96.92570 NaN NaN NaN 89.15022 -134.73715 -73.59134 -20.55659 -205.26001 -73.88776
8284 1.50343 NaN NaN NaN 142.64276 -131.50888 -56.86398 248.83826 -187.89937 -96.91176 NaN NaN NaN 89.16014 -134.71646 -73.54681 -20.55174 -205.23891 -73.86755
8285 1.51177 NaN NaN NaN 142.59213 -131.50391 -56.98082 248.81952 -187.91946 -96.92369 NaN NaN NaN 89.15162 -134.71437 -73.63412 -20.54483 -205.23271 -73.84805
8286 1.52011 NaN NaN NaN 142.57420 -131.46519 -57.04451 248.78352 -187.94569 -96.92575 NaN NaN NaN 89.15240 -134.71872 -73.66962 -20.55264 -205.24295 -73.82288
8287 1.52845 NaN NaN NaN 142.54350 -131.44955 -57.13436 248.75107 -187.91922 -96.95108 NaN NaN NaN 89.14093 -134.70451 -73.73289 -20.53919 -205.24734 -73.77853
8288 1.53679 NaN NaN NaN 142.53706 -131.42906 -57.29323 248.73889 -187.92456 -96.95845 NaN NaN NaN 89.10421 -134.68636 -73.78892 -20.54305 -205.26007 -73.77094
8289 1.54513 NaN NaN NaN 142.51151 -131.37941 -57.43428 248.71251 -187.96964 -96.98908 NaN NaN NaN 89.08834 -134.68073 -73.85742 -20.55265 -205.26547 -73.75342
8290 1.55347 NaN NaN NaN 142.47327 -131.31949 -57.55353 248.71899 -188.03554 -96.98598 NaN NaN NaN 89.06937 -134.66089 -73.91232 -20.60076 -205.31223 -73.73730
8291 1.56181 NaN NaN NaN 142.44466 -131.29010 -57.63026 248.69336 -188.07355 -96.98933 NaN NaN NaN 89.05672 -134.64189 -74.03323 -20.56929 -205.31491 -73.73540
8292 1.57015 NaN NaN NaN 142.41658 -131.25119 -57.71627 248.66359 -188.09464 -96.97687 NaN NaN NaN 89.03981 -134.64746 -74.10891 -20.55083 -205.35347 -73.74332
8293 1.57848 NaN NaN NaN 142.36617 -131.22406 -57.81703 248.63837 -188.09917 -96.98505 NaN NaN NaN 89.02117 -134.62726 -74.19694 -20.52133 -205.36325 -73.74387
8294 1.58682 NaN NaN NaN 142.33023 -131.21710 -57.91656 248.60069 -188.11163 -96.97800 NaN NaN NaN 89.02222 -134.64554 -74.26535 -20.52645 -205.37630 -73.77031
8295 1.59516 NaN NaN NaN 142.30409 -131.15338 -58.03360 248.54915 -188.12573 -96.98552 NaN NaN NaN 89.01730 -134.65114 -74.40037 -20.52812 -205.38512 -73.78558
8296 1.60350 NaN NaN NaN 142.24463 -131.09100 -58.17621 248.49135 -188.13162 -96.98853 NaN NaN NaN 88.97557 -134.62152 -74.53284 -20.52913 -205.40469 -73.83003
8297 1.61184 NaN NaN NaN 142.19034 -131.04506 -58.30035 248.46478 -188.13948 -96.98294 NaN NaN NaN 88.95270 -134.55106 -74.62466 -20.52079 -205.41626 -73.85976
8298 1.62018 NaN NaN NaN 142.12204 -130.97841 -58.45867 248.44316 -188.14589 -96.97410 NaN NaN NaN 88.94133 -134.49896 -74.69672 -20.53535 -205.42484 -73.86218
8299 1.62852 NaN NaN NaN 142.05978 -130.92400 -58.64231 248.41869 -188.13409 -96.98225 NaN NaN NaN 88.96535 -134.53194 -74.74395 -20.52979 -205.44350 -73.85645
8300 1.63686 NaN NaN NaN 142.01448 -130.87376 -58.76272 248.38022 -188.12413 -97.00710 NaN NaN NaN 88.97258 -134.55968 -74.78120 -20.59743 -205.44675 -73.84908
8301 1.64520 NaN NaN NaN 141.99457 -130.79837 -58.86532 248.37106 -188.13640 -97.02618 NaN NaN NaN 88.97110 -134.58015 -74.79952 -20.53293 -205.45703 -73.83453
8302 1.65354 NaN NaN NaN 141.98625 -130.77769 -58.91084 248.35831 -188.14438 -97.02635 NaN NaN NaN 88.95789 -134.60583 -74.79970 -20.51573 -205.45711 -73.80505
8303 1.66187 NaN NaN NaN 141.95702 -130.72771 -59.03199 248.33128 -188.15257 -97.05473 NaN NaN NaN 88.94957 -134.58656 -74.82267 -20.56180 -205.43094 -73.75198
8304 1.67021 NaN NaN NaN 141.92691 -130.72531 -59.10110 248.31667 -188.14955 -97.05116 NaN NaN NaN 88.93333 -134.54955 -74.84149 -20.55360 -205.43163 -73.69962
8305 1.67855 NaN NaN NaN 141.91301 -130.65854 -59.14950 248.29822 -188.16278 -97.07269 NaN NaN NaN 88.92068 -134.50821 -74.84798 -20.51702 -205.43217 -73.64629
8306 1.68689 NaN NaN NaN 141.89349 -130.65590 -59.21623 248.28500 -188.17078 -97.05593 NaN NaN NaN 88.90222 -134.46387 -74.86356 -20.49227 -205.41609 -73.58958
8307 1.69523 NaN NaN NaN 141.85606 -130.62759 -59.27365 248.27588 -188.18716 -97.05717 NaN NaN NaN 88.85693 -134.37062 -74.88849 -20.54718 -205.41869 -73.55278
8308 1.70357 NaN NaN NaN 141.85269 -130.61629 -59.30587 248.27774 -188.20454 -97.03574 NaN NaN NaN 88.85133 -134.36496 -74.90491 -20.50005 -205.42648 -73.49767
8309 1.71191 NaN NaN NaN 141.85045 -130.60526 -59.31798 248.25288 -188.19034 -97.01305 NaN NaN NaN 88.84826 -134.36131 -74.95882 -20.52354 -205.41943 -73.48106
8310 1.72025 NaN NaN NaN 141.84781 -130.60159 -59.32176 248.21367 -188.19533 -96.97350 NaN NaN NaN 88.80361 -134.30388 -75.04017 -20.51937 -205.42691 -73.43314
8311 1.72859 NaN NaN NaN 141.82796 -130.58301 -59.33105 248.19473 -188.20242 -96.96563 NaN NaN NaN 88.79988 -134.26654 -75.09707 -20.49829 -205.45811 -73.40256
8312 1.73692 NaN NaN NaN 141.81241 -130.58832 -59.33447 248.16704 -188.22182 -96.93863 NaN NaN NaN 88.77892 -134.23651 -75.13190 -20.48539 -205.46120 -73.37771
8313 1.74526 NaN NaN NaN 141.78603 -130.57152 -59.37802 248.12877 -188.22580 -96.92673 NaN NaN NaN 88.76933 -134.22415 -75.18820 -20.47159 -205.50565 -73.34544
8314 1.75360 NaN NaN NaN 141.75388 -130.57173 -59.42102 248.10670 -188.24908 -96.89135 NaN NaN NaN 88.75146 -134.20642 -75.25364 -20.46519 -205.55444 -73.33896
8315 1.76194 NaN NaN NaN 141.72641 -130.58797 -59.49120 248.05807 -188.27724 -96.89056 NaN NaN NaN 88.74892 -134.23198 -75.32812 -20.40925 -205.58427 -73.36852
8316 1.77028 NaN NaN NaN 141.68976 -130.57881 -59.53397 248.04532 -188.30574 -96.87931 NaN NaN NaN 88.71156 -134.27988 -75.44038 -20.38857 -205.59612 -73.45807
8317 1.77862 NaN NaN NaN 141.65225 -130.55351 -59.59111 248.02919 -188.32353 -96.87714 NaN NaN NaN 88.69975 -134.35686 -75.55659 -20.37964 -205.63060 -73.53964
8318 1.78696 NaN NaN NaN 141.63118 -130.55222 -59.64652 248.01576 -188.34352 -96.87801 NaN NaN NaN 88.69192 -134.42621 -75.68688 -20.41165 -205.70656 -73.66470
8319 1.79530 NaN NaN NaN 141.60020 -130.53799 -59.71200 247.98518 -188.35930 -96.87528 NaN NaN NaN 88.71236 -134.49588 -75.89809 -20.41915 -205.79727 -73.77052
8320 1.80364 NaN NaN NaN 141.55598 -130.53343 -59.80517 247.96352 -188.39279 -96.87684 NaN NaN NaN 88.70556 -134.57147 -76.06374 -20.43481 -205.87105 -73.87589
8321 1.81197 NaN NaN NaN 141.49284 -130.51210 -59.88803 247.93007 -188.38942 -96.84591 NaN NaN NaN 88.67856 -134.54927 -76.21668 -20.47873 -205.93050 -74.00407
8322 1.82031 NaN NaN NaN 141.42618 -130.46217 -59.96863 247.90796 -188.41743 -96.80763 NaN NaN NaN 88.69073 -134.60304 -76.41097 -20.44916 -205.94371 -74.10416
8323 1.82865 NaN NaN NaN 141.39789 -130.42816 -60.01516 247.85007 -188.41579 -96.77654 NaN NaN NaN 88.66872 -134.63435 -76.54223 -20.42714 -205.96281 -74.21735
8324 1.83699 NaN NaN NaN 141.36516 -130.39177 -60.08775 247.80182 -188.44334 -96.76359 NaN NaN NaN 88.66977 -134.62935 -76.66833 -20.42933 -205.97385 -74.30775
8325 1.84533 NaN NaN NaN 141.33144 -130.33629 -60.14025 247.77272 -188.43236 -96.73637 NaN NaN NaN 88.68129 -134.65747 -76.81216 -20.40523 -205.98727 -74.36497
8326 1.85367 NaN NaN NaN 141.30447 -130.27452 -60.16872 247.73193 -188.43694 -96.70361 NaN NaN NaN 88.69116 -134.65988 -76.92981 -20.38146 -205.98145 -74.39458
8327 1.86201 NaN NaN NaN 141.28625 -130.21489 -60.22398 247.68213 -188.40665 -96.70123 NaN NaN NaN 88.70466 -134.65002 -77.01911 -20.36288 -205.99254 -74.39794
8328 1.87035 NaN NaN NaN 141.24435 -130.13194 -60.26347 247.66011 -188.40880 -96.69959 NaN NaN NaN 88.68568 -134.57045 -77.11379 -20.39675 -205.97748 -74.39887
8329 1.87869 NaN NaN NaN 141.19727 -130.05525 -60.31694 247.62056 -188.37344 -96.68509 NaN NaN NaN 88.67527 -134.49380 -77.17403 -20.39637 -205.97723 -74.39946
8330 1.88703 NaN NaN NaN 141.15508 -129.97639 -60.39881 247.58078 -188.36960 -96.65267 NaN NaN NaN 88.70945 -134.48080 -77.22645 -20.37897 -205.97412 -74.37797
8331 1.89536 NaN NaN NaN 141.10999 -129.90251 -60.43440 247.53951 -188.34021 -96.59468 NaN NaN NaN 88.68332 -134.39970 -77.29900 -20.36981 -205.97203 -74.35755
8332 1.90370 NaN NaN NaN 141.10085 -129.78886 -60.49624 247.50464 -188.34282 -96.55793 NaN NaN NaN 88.71091 -134.39087 -77.35802 -20.34566 -205.96318 -74.34470
8333 1.91204 NaN NaN NaN 141.09694 -129.68637 -60.55005 247.49084 -188.30714 -96.54184 NaN NaN NaN 88.73107 -134.38918 -77.46648 -20.31231 -205.95396 -74.30614
8334 1.92038 NaN NaN NaN 141.06763 -129.63493 -60.61412 247.45016 -188.26422 -96.53081 NaN NaN NaN 88.72509 -134.39088 -77.52367 -20.30050 -205.94579 -74.32628
8335 1.92872 NaN NaN NaN 141.02780 -129.55586 -60.67125 247.39339 -188.22282 -96.50067 NaN NaN NaN 88.71245 -134.36070 -77.60661 -20.28006 -205.94812 -74.32174
8336 1.93706 NaN NaN NaN 141.00220 -129.50220 -60.70668 247.34416 -188.22896 -96.44690 NaN NaN NaN 88.70210 -134.31468 -77.67523 -20.26547 -205.91885 -74.34973
8337 1.94540 NaN NaN NaN 140.96825 -129.43312 -60.77375 247.32603 -188.23952 -96.39376 NaN NaN NaN 88.67764 -134.17801 -77.77773 -20.21693 -205.92761 -74.35667
8338 1.95374 NaN NaN NaN 140.93668 -129.35699 -60.83595 247.29527 -188.23976 -96.36080 NaN NaN NaN 88.67222 -134.06519 -77.97330 -20.17903 -205.92943 -74.38136
8339 1.96208 NaN NaN NaN 140.87601 -129.27510 -60.91108 247.24905 -188.23021 -96.32971 NaN NaN NaN 88.68640 -134.00417 -78.11502 -20.13805 -205.93326 -74.40735
8340 1.97041 NaN NaN NaN 140.83461 -129.21146 -60.96418 247.20624 -188.21568 -96.30975 NaN NaN NaN 88.71224 -133.99065 -78.26427 -20.09413 -205.91576 -74.44294
8341 1.97875 NaN NaN NaN 140.79446 -129.15224 -61.00840 247.16589 -188.21471 -96.29372 NaN NaN NaN 88.73788 -134.00166 -78.44408 -20.04513 -205.87411 -74.53186
8342 1.98709 NaN NaN NaN 140.75844 -129.14474 -61.11819 247.13141 -188.22116 -96.27079 NaN NaN NaN 88.75335 -134.00069 -78.67351 -20.00555 -205.87006 -74.59889
8343 1.99543 NaN NaN NaN 140.71777 -129.07306 -61.20715 247.08704 -188.21387 -96.23158 NaN NaN NaN 88.70496 -133.91512 -78.89204 -19.97361 -205.89021 -74.69254
8344 2.00377 NaN NaN NaN 140.65671 -128.98875 -61.32069 247.04573 -188.22766 -96.20373 NaN NaN NaN 88.68970 -133.84520 -79.11057 -19.93505 -205.94939 -74.72955
8345 2.01211 NaN NaN NaN 140.63646 -128.90932 -61.39029 247.03311 -188.23618 -96.16404 NaN NaN NaN 88.68921 -133.84343 -79.27007 -19.87720 -206.01421 -74.77542
8346 2.02045 NaN NaN NaN 140.61180 -128.86606 -61.41708 247.00609 -188.26480 -96.11472 NaN NaN NaN 88.72176 -133.80673 -79.42322 -19.75476 -206.06111 -74.80154
8347 2.02879 NaN NaN NaN 140.58864 -128.84987 -61.44368 246.95493 -188.27203 -96.11234 NaN NaN NaN 88.74224 -133.78900 -79.61582 -19.77152 -206.10114 -74.86114
8348 2.03713 NaN NaN NaN 140.56111 -128.81773 -61.50151 246.92567 -188.29131 -96.02649 NaN NaN NaN 88.76340 -133.84344 -79.74355 -19.70996 -206.13852 -74.91492
8349 2.04546 NaN NaN NaN 140.50783 -128.73784 -61.56126 246.87885 -188.33591 -95.95984 NaN NaN NaN 88.74312 -133.86221 -79.94072 -19.68372 -206.14647 -74.96602
8350 2.05380 NaN NaN NaN 140.46486 -128.63477 -61.60843 246.81447 -188.34470 -95.85420 NaN NaN NaN 88.76634 -133.87898 -80.22306 -19.66024 -206.14803 -74.99078
8351 2.06214 NaN NaN NaN 140.39990 -128.52930 -61.69693 246.76091 -188.35822 -95.81322 NaN NaN NaN 88.73217 -133.76852 -80.45972 -19.68306 -206.15347 -75.03306
8352 2.07048 NaN NaN NaN 140.35484 -128.44995 -61.80281 246.69135 -188.34038 -95.75396 NaN NaN NaN 88.68927 -133.68146 -80.66034 -19.66105 -206.17488 -75.07941
8353 2.07882 NaN NaN NaN 140.29292 -128.35899 -61.86152 246.60493 -188.31866 -95.70410 NaN NaN NaN 88.64240 -133.60855 -80.83928 -19.62964 -206.19711 -75.14016
8354 2.08716 NaN NaN NaN 140.23289 -128.27837 -61.92627 246.54047 -188.32979 -95.63644 NaN NaN NaN 88.66512 -133.64970 -80.92300 -19.58159 -206.21053 -75.15404
8355 2.09550 NaN NaN NaN 140.21587 -128.20265 -62.04849 246.50490 -188.32257 -95.60512 NaN NaN NaN 88.69965 -133.68440 -81.03183 -19.54242 -206.20425 -75.21872
8356 2.10384 NaN NaN NaN 140.16579 -128.14752 -62.10938 246.48396 -188.32846 -95.57782 NaN NaN NaN 88.71645 -133.70979 -81.12447 -19.50678 -206.19379 -75.24278
8357 2.11218 NaN NaN NaN 140.13272 -128.12183 -62.14170 246.45911 -188.32999 -95.57912 NaN NaN NaN 88.70313 -133.67381 -81.20715 -19.43704 -206.20955 -75.27105
8358 2.12052 NaN NaN NaN 140.12587 -128.12581 -62.15070 246.45161 -188.35237 -95.56020 NaN NaN NaN 88.70548 -133.64891 -81.25446 -19.45242 -206.21710 -75.30667
8359 2.12885 NaN NaN NaN 140.14297 -128.15155 -62.12629 246.43445 -188.36200 -95.57336 NaN NaN NaN 88.70945 -133.64017 -81.22230 -19.45179 -206.25746 -75.30349
8360 2.13719 NaN NaN NaN 140.13290 -128.18449 -62.12542 246.44405 -188.39850 -95.55016 NaN NaN NaN 88.74963 -133.68582 -81.15455 -19.38433 -206.28044 -75.25440
8361 2.14553 NaN NaN NaN 140.13611 -128.21495 -62.11398 246.47258 -188.41109 -95.55620 NaN NaN NaN 88.78085 -133.72974 -81.12229 -19.39139 -206.31252 -75.22250
8362 2.15387 NaN NaN NaN 140.15492 -128.25882 -62.07375 246.47723 -188.42757 -95.54444 NaN NaN NaN 88.79295 -133.79401 -81.06377 -19.38815 -206.32799 -75.21159
8363 2.16221 NaN NaN NaN 140.16556 -128.28090 -62.06919 246.50021 -188.42911 -95.55116 NaN NaN NaN 88.76740 -133.76257 -81.03529 -19.42249 -206.33702 -75.17753
8364 2.17055 NaN NaN NaN 140.18517 -128.31915 -62.04643 246.51556 -188.45418 -95.53689 NaN NaN NaN 88.75659 -133.75293 -81.03139 -19.41090 -206.34607 -75.13633
8365 2.17889 NaN NaN NaN 140.21158 -128.31834 -62.06715 246.52766 -188.44954 -95.54431 NaN NaN NaN 88.74730 -133.73599 -81.04768 -19.40673 -206.36877 -75.14312
8366 2.18723 NaN NaN NaN 140.20926 -128.31122 -62.09378 246.52199 -188.47668 -95.52872 NaN NaN NaN 88.74652 -133.73213 -81.05650 -19.40989 -206.38445 -75.15797
8367 2.19557 NaN NaN NaN 140.20032 -128.28140 -62.13250 246.51701 -188.47505 -95.53055 NaN NaN NaN 88.74419 -133.73911 -81.08966 -19.40163 -206.38922 -75.17158
8368 2.20390 NaN NaN NaN 140.15686 -128.25407 -62.16853 246.49655 -188.48599 -95.50944 NaN NaN NaN 88.76226 -133.82268 -81.11122 -19.36847 -206.40331 -75.13924
8369 2.21224 NaN NaN NaN 140.15227 -128.21495 -62.21222 246.49059 -188.48096 -95.48842 NaN NaN NaN 88.74930 -133.83211 -81.14866 -19.38547 -206.40569 -75.18475
8370 2.22058 NaN NaN NaN 140.13000 -128.18657 -62.24237 246.47713 -188.48405 -95.46622 NaN NaN NaN 88.73745 -133.79179 -81.21992 -19.39833 -206.39897 -75.17577
8371 2.22892 NaN NaN NaN 140.10086 -128.15628 -62.28875 246.47134 -188.50217 -95.44800 NaN NaN NaN 88.71271 -133.78110 -81.28369 -19.42796 -206.40517 -75.18966
8372 2.23726 NaN NaN NaN 140.06325 -128.12643 -62.34290 246.43581 -188.50069 -95.43534 NaN NaN NaN 88.71513 -133.76360 -81.33564 -19.39830 -206.41759 -75.15543
8373 2.24560 NaN NaN NaN 140.05508 -128.06979 -62.42518 246.41844 -188.51233 -95.40578 NaN NaN NaN 88.71453 -133.73531 -81.36665 -19.38596 -206.41096 -75.17538
8374 2.25394 NaN NaN NaN 140.03441 -128.05066 -62.46936 246.38086 -188.50842 -95.38577 NaN NaN NaN 88.71755 -133.73386 -81.37875 -19.36713 -206.40959 -75.14207
8375 2.26228 NaN NaN NaN 140.02202 -128.04080 -62.50676 246.35373 -188.51820 -95.37000 NaN NaN NaN 88.73191 -133.71469 -81.42472 -19.33302 -206.40831 -75.12512
8376 2.27062 NaN NaN NaN 139.99313 -128.03926 -62.53541 246.33986 -188.50569 -95.37202 NaN NaN NaN 88.73052 -133.70274 -81.45351 -19.34223 -206.41072 -75.11893
8377 2.27895 NaN NaN NaN 139.97432 -128.03015 -62.56367 246.33408 -188.50525 -95.35793 NaN NaN NaN 88.72550 -133.69469 -81.45930 -19.35021 -206.39613 -75.13538
8378 2.28729 NaN NaN NaN 139.94829 -128.00751 -62.59415 246.32841 -188.48962 -95.35473 NaN NaN NaN 88.70695 -133.68291 -81.46191 -19.37501 -206.38493 -75.12453
8379 2.29563 NaN NaN NaN 139.93033 -127.99451 -62.60971 246.30325 -188.49791 -95.34501 NaN NaN NaN 88.71024 -133.69376 -81.46236 -19.38330 -206.38577 -75.12251
8380 2.30397 NaN NaN NaN 139.89957 -127.99233 -62.62733 246.29608 -188.49472 -95.34132 NaN NaN NaN 88.70316 -133.69183 -81.47755 -19.39690 -206.37131 -75.12822
8381 2.31231 NaN NaN NaN 139.87839 -127.97706 -62.64534 246.27719 -188.48958 -95.33991 NaN NaN NaN 88.70521 -133.69519 -81.47854 -19.38721 -206.36693 -75.13286
8382 2.32065 NaN NaN NaN 139.83104 -127.95976 -62.67736 246.24861 -188.45605 -95.33216 NaN NaN NaN 88.67276 -133.67303 -81.50028 -19.39091 -206.37865 -75.12293
8383 2.32899 NaN NaN NaN 139.81969 -127.91698 -62.70121 246.23450 -188.43723 -95.33142 NaN NaN NaN 88.65115 -133.65001 -81.52213 -19.39858 -206.37888 -75.12121
8384 2.33733 NaN NaN NaN 139.80202 -127.89748 -62.76861 246.21526 -188.41812 -95.32621 NaN NaN NaN 88.64182 -133.61604 -81.54549 -19.40925 -206.36430 -75.12369
8385 2.34567 NaN NaN NaN 139.80244 -127.87619 -62.81034 246.19688 -188.42119 -95.32095 NaN NaN NaN 88.63150 -133.58430 -81.56874 -19.41852 -206.37518 -75.10760
8386 2.35401 NaN NaN NaN 139.79063 -127.87124 -62.82852 246.20343 -188.42889 -95.32310 NaN NaN NaN 88.59338 -133.53204 -81.59713 -19.42282 -206.36952 -75.08671
8387 2.36234 NaN NaN NaN 139.78745 -127.83173 -62.85283 246.19087 -188.43079 -95.30389 NaN NaN NaN 88.59863 -133.52403 -81.59749 -19.41840 -206.37315 -75.07091
8388 2.37068 NaN NaN NaN 139.76987 -127.78408 -62.87801 246.19237 -188.43269 -95.30444 NaN NaN NaN 88.60402 -133.49289 -81.60975 -19.39508 -206.35616 -75.09116
8389 2.37902 NaN NaN NaN 139.79764 -127.69843 -62.92163 246.17290 -188.40005 -95.29353 NaN NaN NaN 88.60448 -133.48851 -81.63010 -19.36996 -206.35910 -75.09947
8390 2.38736 NaN NaN NaN 139.76971 -127.69751 -62.91638 246.17688 -188.40327 -95.30065 NaN NaN NaN 88.61567 -133.50679 -81.62851 -19.36688 -206.33641 -75.10087
8391 2.39570 NaN NaN NaN 139.77539 -127.65822 -62.94867 246.16588 -188.37688 -95.30209 NaN NaN NaN 88.59258 -133.49057 -81.62872 -19.39815 -206.34920 -75.10725
8392 2.40404 NaN NaN NaN 139.76846 -127.70152 -62.92995 246.17142 -188.38693 -95.27526 NaN NaN NaN 88.61547 -133.50685 -81.63150 -19.39392 -206.34247 -75.12153
8393 2.41238 NaN NaN NaN 139.79066 -127.68224 -62.94358 246.17906 -188.39194 -95.26537 NaN NaN NaN 88.63583 -133.51321 -81.63654 -19.35441 -206.34602 -75.12120
8394 2.42072 NaN NaN NaN 139.79047 -127.70332 -62.93386 246.19389 -188.41444 -95.25784 NaN NaN NaN 88.64236 -133.48145 -81.64030 -19.35266 -206.34750 -75.12229
8395 2.42906 NaN NaN NaN 139.80379 -127.69033 -62.94546 246.17976 -188.39948 -95.25931 NaN NaN NaN 88.63138 -133.44800 -81.65115 -19.38263 -206.33940 -75.12932
8396 2.43739 NaN NaN NaN 139.78729 -127.70235 -62.93383 246.19405 -188.41641 -95.25269 NaN NaN NaN 88.64634 -133.45720 -81.64969 -19.37700 -206.34383 -75.13343
8397 2.44573 NaN NaN NaN 139.79521 -127.70697 -62.96097 246.21701 -188.41823 -95.25008 NaN NaN NaN 88.66859 -133.46144 -81.66640 -19.34887 -206.33122 -75.13350
8398 2.45407 NaN NaN NaN 139.79233 -127.71564 -62.95500 246.21742 -188.43047 -95.21918 NaN NaN NaN 88.66242 -133.46680 -81.66870 -19.34048 -206.34140 -75.12805
8399 2.46241 NaN NaN NaN 139.79088 -127.69155 -62.97952 246.21822 -188.42950 -95.23451 NaN NaN NaN 88.66684 -133.47621 -81.67712 -19.35637 -206.34904 -75.12691
8400 2.47075 NaN NaN NaN 139.79517 -127.68250 -62.97931 246.21184 -188.43456 -95.21755 NaN NaN NaN 88.66474 -133.46855 -81.67415 -19.33245 -206.34242 -75.12527
8401 2.47909 NaN NaN NaN 139.79942 -127.66476 -62.99931 246.22475 -188.43025 -95.23392 NaN NaN NaN 88.66801 -133.47325 -81.67473 -19.33739 -206.34639 -75.13065
8402 2.48743 NaN NaN NaN 139.80603 -127.66637 -63.00664 246.22055 -188.42651 -95.18437 NaN NaN NaN 88.66493 -133.48256 -81.68865 -19.33669 -206.35527 -75.12948
8403 2.49577 NaN NaN NaN 139.79889 -127.64761 -63.03166 246.21878 -188.44186 -95.20226 NaN NaN NaN 88.68076 -133.51010 -81.69000 -19.34004 -206.34117 -75.14032
8404 2.50411 NaN NaN NaN 139.80849 -127.62880 -63.04169 246.22975 -188.44664 -95.16013 NaN NaN NaN 88.67773 -133.50323 -81.69883 -19.34249 -206.35562 -75.13479
8405 2.51244 NaN NaN NaN 139.81276 -127.63178 -63.05106 246.23470 -188.44530 -95.18430 NaN NaN NaN 88.66805 -133.51060 -81.69613 -19.32253 -206.36128 -75.13845
8406 2.52078 NaN NaN NaN 139.82094 -127.60083 -63.07369 246.23370 -188.46068 -95.17676 NaN NaN NaN 88.66756 -133.51848 -81.71306 -19.31323 -206.38403 -75.13826
8407 2.52912 NaN NaN NaN 139.79382 -127.62289 -63.09081 246.23930 -188.46071 -95.19723 NaN NaN NaN 88.67132 -133.51837 -81.72282 -19.34419 -206.37106 -75.14589
8408 2.53746 NaN NaN NaN 139.79395 -127.62875 -63.10214 246.23859 -188.45908 -95.14637 NaN NaN NaN 88.68497 -133.50583 -81.72255 -19.33953 -206.36916 -75.14361
8409 2.54580 NaN NaN NaN 139.79900 -127.63750 -63.06960 246.24196 -188.46542 -95.15387 NaN NaN NaN 88.68466 -133.51604 -81.72694 -19.33773 -206.35756 -75.16678
8410 2.55414 NaN NaN NaN 139.81439 -127.63097 -63.07294 246.23518 -188.45750 -95.12695 NaN NaN NaN 88.68795 -133.52812 -81.74507 -19.32866 -206.37296 -75.15689
8411 2.56248 NaN NaN NaN 139.78993 -127.62736 -63.07957 246.22742 -188.47620 -95.14727 NaN NaN NaN 88.68309 -133.53577 -81.76292 -19.30381 -206.38574 -75.16843
8412 2.57082 NaN NaN NaN 139.80632 -127.61679 -63.10189 246.23019 -188.46950 -95.12563 NaN NaN NaN 88.68445 -133.54588 -81.76656 -19.29993 -206.39409 -75.15529
8413 2.57916 NaN NaN NaN 139.78522 -127.63033 -63.09377 246.22029 -188.50079 -95.14602 NaN NaN NaN 88.68395 -133.57431 -81.76036 -19.32285 -206.39847 -75.15756
8414 2.58750 NaN NaN NaN 139.78018 -127.62207 -63.11132 246.22926 -188.49861 -95.11415 NaN NaN NaN 88.68933 -133.56116 -81.76072 -19.33345 -206.40442 -75.14246
8415 2.59583 NaN NaN NaN 139.77382 -127.64227 -63.10311 246.22253 -188.51602 -95.12944 NaN NaN NaN 88.68314 -133.56084 -81.76606 -19.32566 -206.39941 -75.16531
8416 2.60417 NaN NaN NaN 139.80028 -127.60937 -63.12326 246.20709 -188.50482 -95.09513 NaN NaN NaN 88.67149 -133.55853 -81.77528 -19.33304 -206.39326 -75.16843
8417 2.61251 NaN NaN NaN 139.77895 -127.62903 -63.11454 246.19618 -188.50743 -95.10591 NaN NaN NaN 88.65406 -133.55984 -81.79688 -19.31851 -206.39905 -75.17104
8418 2.62085 NaN NaN NaN 139.76981 -127.63091 -63.13041 246.18961 -188.51431 -95.10471 NaN NaN NaN 88.64124 -133.57062 -81.80196 -19.33280 -206.39343 -75.17570
8419 2.62919 NaN NaN NaN 139.75586 -127.64075 -63.12949 246.19180 -188.53600 -95.13226 NaN NaN NaN 88.62382 -133.56610 -81.79475 -19.36558 -206.38998 -75.17764
8420 2.63753 NaN NaN NaN 139.76044 -127.61984 -63.12627 246.18997 -188.52069 -95.11600 NaN NaN NaN 88.64421 -133.57980 -81.78956 -19.37107 -206.38995 -75.20224
8421 2.64587 NaN NaN NaN 139.76888 -127.64637 -63.11731 246.20856 -188.52003 -95.13876 NaN NaN NaN 88.64536 -133.58926 -81.79719 -19.38427 -206.38722 -75.21464
8422 2.65421 NaN NaN NaN 139.77477 -127.61050 -63.13665 246.18266 -188.51541 -95.11139 NaN NaN NaN 88.65573 -133.59334 -81.80504 -19.35199 -206.37816 -75.19563
8423 2.66255 NaN NaN NaN 139.76019 -127.63371 -63.13071 246.18762 -188.51875 -95.13795 NaN NaN NaN 88.62357 -133.54149 -81.79558 -19.36414 -206.38733 -75.22369
8424 2.67088 NaN NaN NaN 139.76271 -127.62577 -63.13429 246.17529 -188.51018 -95.11378 NaN NaN NaN 88.63205 -133.56323 -81.80727 -19.36118 -206.37434 -75.22275
8425 2.67922 NaN NaN NaN 139.75424 -127.62495 -63.12095 246.17879 -188.51186 -95.13223 NaN NaN NaN 88.63891 -133.56879 -81.80215 -19.37788 -206.38113 -75.24608
8426 2.68756 NaN NaN NaN 139.76891 -127.61127 -63.11931 246.16925 -188.51144 -95.10346 NaN NaN NaN 88.63611 -133.57773 -81.80474 -19.36731 -206.36832 -75.21778
8427 2.69590 NaN NaN NaN 139.76218 -127.62160 -63.12859 246.16420 -188.53876 -95.10970 NaN NaN NaN 88.63116 -133.58665 -81.79916 -19.39059 -206.37344 -75.22481
8428 2.70424 NaN NaN NaN 139.75781 -127.57999 -63.13536 246.15660 -188.53093 -95.08119 NaN NaN NaN 88.62562 -133.57297 -81.83871 -19.39226 -206.37506 -75.21381
8429 2.71258 NaN NaN NaN 139.73595 -127.60791 -63.11692 246.15833 -188.53267 -95.10529 NaN NaN NaN 88.62759 -133.56761 -81.82840 -19.38209 -206.37515 -75.23199
8430 2.72092 NaN NaN NaN 139.74341 -127.61722 -63.11189 246.16422 -188.53952 -95.07138 NaN NaN NaN 88.60970 -133.57408 -81.85198 -19.37609 -206.36612 -75.25755
8431 2.72926 NaN NaN NaN 139.74786 -127.62606 -63.10870 246.16078 -188.52786 -95.07037 NaN NaN NaN 88.63732 -133.58017 -81.83479 -19.38874 -206.37204 -75.28751
8432 2.73760 NaN NaN NaN 139.75574 -127.58427 -63.11357 246.13924 -188.53821 -95.04601 NaN NaN NaN 88.58238 -133.50705 -81.83463 -19.39483 -206.37708 -75.24206
8433 2.74593 NaN NaN NaN 139.73991 -127.60281 -63.11250 246.14958 -188.53368 -95.05282 NaN NaN NaN 88.59800 -133.54892 -81.85806 -19.40251 -206.36563 -75.24580
8434 2.75427 NaN NaN NaN 139.75986 -127.60220 -63.10638 246.15791 -188.54893 -95.04018 NaN NaN NaN 88.57605 -133.47821 -81.88835 -19.41469 -206.35912 -75.24524
8435 2.76261 NaN NaN NaN 139.74458 -127.62212 -63.09834 246.17049 -188.54594 -95.04074 NaN NaN NaN 88.60126 -133.51019 -81.87915 -19.39804 -206.34723 -75.25339
8436 2.77095 NaN NaN NaN 139.76860 -127.57829 -63.08897 246.17281 -188.55466 -95.03242 NaN NaN NaN 88.57817 -133.46658 -81.88678 -19.39387 -206.35074 -75.25504
8437 2.77929 NaN NaN NaN 139.75198 -127.59579 -63.09101 246.17276 -188.52910 -95.04601 NaN NaN NaN 88.56986 -133.44896 -81.87977 -19.39921 -206.36015 -75.28607
8438 2.78763 NaN NaN NaN 139.76735 -127.55347 -63.09263 246.16959 -188.53156 -95.01053 NaN NaN NaN 88.56046 -133.43224 -81.88993 -19.37432 -206.35146 -75.25739
8439 2.79597 NaN NaN NaN 139.76726 -127.59708 -63.07471 246.17180 -188.53249 -95.01510 NaN NaN NaN 88.59774 -133.50940 -81.87504 -19.39017 -206.35507 -75.26057
8440 2.80431 NaN NaN NaN 139.76381 -127.57621 -63.06809 246.15846 -188.54648 -95.01849 NaN NaN NaN 88.58584 -133.48705 -81.89468 -19.38980 -206.37207 -75.25107
8441 2.81265 NaN NaN NaN 139.76152 -127.59862 -63.09107 246.18121 -188.53516 -95.02039 NaN NaN NaN 88.62755 -133.55797 -81.86582 -19.39245 -206.36292 -75.25750
8442 2.82099 NaN NaN NaN 139.77069 -127.60167 -63.10541 246.18294 -188.52972 -95.01292 NaN NaN NaN 88.62200 -133.56989 -81.87690 -19.39117 -206.37042 -75.20982
8443 2.82932 NaN NaN NaN 139.77411 -127.61558 -63.08493 246.19408 -188.51137 -95.01682 NaN NaN NaN 88.62672 -133.59654 -81.85143 -19.38922 -206.36201 -75.21360
8444 2.83766 NaN NaN NaN 139.77576 -127.60242 -63.09872 246.19516 -188.51721 -94.99974 NaN NaN NaN 88.63232 -133.57779 -81.85564 -19.37517 -206.37018 -75.19362
8445 2.84600 NaN NaN NaN 139.77202 -127.60913 -63.08077 246.20811 -188.50221 -95.01860 NaN NaN NaN 88.61098 -133.53760 -81.85432 -19.35787 -206.36220 -75.19167
8446 2.85434 NaN NaN NaN 139.78009 -127.56772 -63.08909 246.18497 -188.52054 -94.99677 NaN NaN NaN 88.57661 -133.45985 -81.88342 -19.36584 -206.36290 -75.18957
8447 2.86268 NaN NaN NaN 139.76079 -127.59698 -63.08159 246.19211 -188.52327 -95.00537 NaN NaN NaN 88.61066 -133.52092 -81.85311 -19.36492 -206.37993 -75.19751
8448 2.87102 NaN NaN NaN 139.77876 -127.56119 -63.09607 246.18239 -188.53055 -95.00385 NaN NaN NaN 88.62462 -133.54694 -81.85960 -19.35927 -206.39841 -75.16709
8449 2.87936 NaN NaN NaN 139.76485 -127.59223 -63.09736 246.18854 -188.51439 -95.00816 NaN NaN NaN 88.64203 -133.59300 -81.82612 -19.37161 -206.38733 -75.16913
8450 2.88770 NaN NaN NaN 139.75656 -127.55220 -63.10909 246.16992 -188.52649 -94.98489 NaN NaN NaN 88.65017 -133.59995 -81.82673 -19.37386 -206.38249 -75.16324
8451 2.89604 NaN NaN NaN 139.74541 -127.58704 -63.10088 246.18069 -188.54572 -94.99262 NaN NaN NaN 88.62711 -133.59509 -81.80638 -19.34374 -206.38737 -75.16013
8452 2.90437 NaN NaN NaN 139.74934 -127.56092 -63.10256 246.16792 -188.54912 -94.98257 NaN NaN NaN 88.58312 -133.50093 -81.83663 -19.36727 -206.37303 -75.15414
8453 2.91271 NaN NaN NaN 139.73918 -127.59799 -63.09269 246.17104 -188.55786 -94.99157 NaN NaN NaN 88.56458 -133.45642 -81.87093 -19.35774 -206.37340 -75.16930
8454 2.92105 NaN NaN NaN 139.76108 -127.58312 -63.08887 246.16179 -188.55849 -94.98300 NaN NaN NaN 88.54805 -133.41356 -81.88381 -19.36605 -206.36499 -75.16582
8455 2.92939 NaN NaN NaN 139.74159 -127.59900 -63.09200 246.15598 -188.53787 -95.01339 NaN NaN NaN 88.60033 -133.48192 -81.88597 -19.35058 -206.38576 -75.15968
8456 2.93773 NaN NaN NaN 139.74475 -127.57708 -63.09745 246.15660 -188.54051 -94.99481 NaN NaN NaN 88.62765 -133.52625 -81.83620 -19.35562 -206.39050 -75.14542
8457 2.94607 NaN NaN NaN 139.72885 -127.58517 -63.10400 246.15253 -188.54140 -94.98481 NaN NaN NaN 88.61130 -133.54739 -81.83521 -19.34214 -206.38986 -75.15395
8458 2.95441 NaN NaN NaN 139.72809 -127.60692 -63.10452 246.15024 -188.55357 -94.99698 NaN NaN NaN 88.62922 -133.57831 -81.82948 -19.33632 -206.38606 -75.14902
8459 2.96275 NaN NaN NaN 139.73267 -127.62149 -63.09853 246.14128 -188.55656 -95.00617 NaN NaN NaN 88.63088 -133.58736 -81.84859 -19.34200 -206.38699 -75.14749
8460 2.97109 NaN NaN NaN 139.71193 -127.60264 -63.11142 246.13962 -188.56075 -94.97945 NaN NaN NaN 88.58084 -133.48778 -81.90008 -19.34801 -206.39867 -75.13778
8461 2.97942 NaN NaN NaN 139.70909 -127.61680 -63.10888 246.13890 -188.56755 -94.99287 NaN NaN NaN 88.60136 -133.53250 -81.88911 -19.33589 -206.38875 -75.13029
8462 2.98776 NaN NaN NaN 139.70358 -127.62075 -63.11499 246.13588 -188.55956 -94.99979 NaN NaN NaN 88.62262 -133.55289 -81.89629 -19.34960 -206.40007 -75.13438
8463 2.99610 NaN NaN NaN 139.71660 -127.59180 -63.13006 246.13185 -188.56987 -95.01188 NaN NaN NaN 88.63798 -133.57262 -81.86846 -19.33489 -206.40799 -75.13994
8464 3.00444 NaN NaN NaN 139.70604 -127.60836 -63.12465 246.13618 -188.56468 -94.99582 NaN NaN NaN 88.63028 -133.59341 -81.87804 -19.33091 -206.40436 -75.13805
8465 3.01278 NaN NaN NaN 139.71188 -127.62476 -63.11999 246.12587 -188.56271 -95.00551 NaN NaN NaN 88.58739 -133.51776 -81.87209 -19.37541 -206.41093 -75.14719
8466 3.02112 NaN NaN NaN 139.69872 -127.65862 -63.12899 246.13152 -188.56636 -95.01369 NaN NaN NaN 88.59318 -133.54118 -81.86779 -19.35875 -206.38722 -75.14774
8467 3.02946 NaN NaN NaN 139.70409 -127.65614 -63.11603 246.12161 -188.57880 -95.01044 NaN NaN NaN 88.62415 -133.56288 -81.86242 -19.34760 -206.38440 -75.14483
8468 3.03780 NaN NaN NaN 139.70354 -127.65210 -63.12770 246.13127 -188.57507 -95.00458 NaN NaN NaN 88.61818 -133.52312 -81.84545 -19.35379 -206.38866 -75.14410
8469 3.04614 NaN NaN NaN 139.70378 -127.64193 -63.12679 246.11951 -188.56390 -95.01411 NaN NaN NaN 88.63541 -133.55194 -81.83673 -19.33440 -206.40540 -75.14241
8470 3.05448 NaN NaN NaN 139.70079 -127.64516 -63.13491 246.12883 -188.55441 -95.01310 NaN NaN NaN 88.63833 -133.56905 -81.88057 -19.34377 -206.40048 -75.12226
8471 3.06281 NaN NaN NaN 139.69818 -127.65475 -63.14743 246.11107 -188.56528 -95.03207 NaN NaN NaN 88.63147 -133.57170 -81.86784 -19.35454 -206.41217 -75.11003
