Frame# Time LH1 LH2 LH3 RH1 RH2 RH3
X54 Y54 Z54 X55 Y55 Z55 X56 Y56 Z56 X57 Y57 Z57 X58 Y58 Z58 X59 Y59 Z59
49043 0.00675 NaN NaN NaN 201.71498 -129.67149 -3.55121 307.50745 -182.60760 -48.30587 NaN NaN NaN 13.57902 -163.47542 19.71160 -14.82459 -155.23381 -107.18761
49044 0.01508 NaN NaN NaN 201.49959 -129.59360 -3.61040 307.36423 -182.54781 -48.25256 NaN NaN NaN 13.95752 -163.22929 19.77787 -14.77944 -155.25710 -107.08436
49045 0.02341 NaN NaN NaN 201.38446 -129.56902 -3.64647 307.21225 -182.48372 -48.22711 NaN NaN NaN 14.35843 -162.89864 19.83389 -14.77841 -155.31790 -106.97409
49046 0.03174 NaN NaN NaN 201.30434 -129.59003 -3.69209 307.09332 -182.46225 -48.24483 NaN NaN NaN 14.76612 -162.56767 19.90401 -14.72055 -155.42821 -106.86672
49047 0.04007 NaN NaN NaN 201.24429 -129.63094 -3.67159 307.03772 -182.48563 -48.27585 NaN NaN NaN 15.15340 -162.17455 19.98232 -14.73974 -155.57652 -106.70602
49048 0.04840 NaN NaN NaN 201.22144 -129.78555 -3.57986 306.99487 -182.56595 -48.36125 NaN NaN NaN 15.54529 -161.80318 20.09600 -14.67847 -155.79355 -106.53805
49049 0.05673 NaN NaN NaN 201.22298 -129.92947 -3.46980 306.97693 -182.68558 -48.42419 NaN NaN NaN 15.86519 -161.50378 20.18079 -14.60405 -155.98119 -106.37887
49050 0.06507 NaN NaN NaN 201.26636 -130.13921 -3.36136 306.98483 -182.81763 -48.57357 NaN NaN NaN 16.11721 -161.30954 20.22900 -14.59646 -156.10265 -106.21588
49051 0.07340 NaN NaN NaN 201.35027 -130.38498 -3.23215 307.01138 -182.89584 -48.78299 NaN NaN NaN 16.32288 -161.19595 20.29026 -14.53547 -156.15703 -106.13378
49052 0.08173 NaN NaN NaN 201.46030 -130.68352 -3.12939 307.05640 -182.97044 -48.92637 NaN NaN NaN 16.48408 -161.12575 20.30036 -14.41489 -156.12151 -106.10726
49053 0.09006 NaN NaN NaN 201.57042 -130.96234 -2.97707 307.11850 -183.05164 -49.10767 NaN NaN NaN 16.60800 -161.05482 20.29737 -14.34422 -156.05188 -106.12462
49054 0.09839 NaN NaN NaN 201.67131 -131.20168 -2.86673 307.20847 -183.13318 -49.20913 NaN NaN NaN 16.71947 -161.05792 20.28438 -14.24380 -155.95265 -106.16424
49055 0.10672 NaN NaN NaN 201.74013 -131.42343 -2.79757 307.27661 -183.19408 -49.25820 NaN NaN NaN 16.83018 -161.05559 20.29263 -14.15872 -155.84967 -106.19957
49056 0.11505 NaN NaN NaN 201.76155 -131.55623 -2.75519 307.29346 -183.25868 -49.24959 NaN NaN NaN 16.94209 -161.07497 20.28726 -14.11025 -155.84764 -106.21272
49057 0.12338 NaN NaN NaN 201.72365 -131.65457 -2.74735 307.29340 -183.28658 -49.22766 NaN NaN NaN 17.06498 -161.09186 20.27755 -14.06597 -155.85895 -106.23045
49058 0.13172 NaN NaN NaN 201.66628 -131.68997 -2.76127 307.27771 -183.34514 -49.19447 NaN NaN NaN 17.24833 -161.08302 20.24208 -14.05625 -155.96239 -106.20539
49059 0.14005 NaN NaN NaN 201.60776 -131.69009 -2.77827 307.25604 -183.31525 -49.19883 NaN NaN NaN 17.45153 -161.02455 20.18750 -14.06806 -156.06906 -106.16258
49060 0.14838 NaN NaN NaN 201.52924 -131.66017 -2.82671 307.23221 -183.33730 -49.18171 NaN NaN NaN 17.72603 -160.92033 20.13130 -14.08301 -156.18896 -106.11028
49061 0.15671 NaN NaN NaN 201.45651 -131.67030 -2.86388 307.17871 -183.30331 -49.20933 NaN NaN NaN 17.98094 -160.81792 20.09335 -14.10288 -156.29810 -106.08863
49062 0.16504 NaN NaN NaN 201.38254 -131.69766 -2.90706 307.14072 -183.27571 -49.21846 NaN NaN NaN 18.33671 -160.65872 20.08308 -14.14534 -156.40131 -106.04857
49063 0.17337 NaN NaN NaN 201.34525 -131.72438 -2.93127 307.10684 -183.24467 -49.24852 NaN NaN NaN 18.76217 -160.42888 20.04480 -14.24943 -156.56731 -105.94060
49064 0.18170 NaN NaN NaN 201.31139 -131.78036 -2.89887 307.07291 -183.22676 -49.30544 NaN NaN NaN 19.28723 -160.15053 20.02389 -14.32655 -156.74385 -105.80405
49065 0.19003 NaN NaN NaN 201.30617 -131.86980 -2.82414 307.04590 -183.20395 -49.35570 NaN NaN NaN 19.80412 -159.80003 19.98315 -14.49315 -157.12427 -105.58076
49066 0.19837 NaN NaN NaN 201.33203 -131.98016 -2.71552 307.04742 -183.21829 -49.44637 NaN NaN NaN 20.33773 -159.43469 19.92810 -14.55470 -157.38510 -105.50030
49067 0.20670 NaN NaN NaN 201.40282 -132.09286 -2.59815 307.04779 -183.24280 -49.55228 NaN NaN NaN 20.81431 -159.15190 19.89525 -14.54772 -157.54385 -105.42926
49068 0.21503 NaN NaN NaN 201.53429 -132.22794 -2.45400 307.07123 -183.28986 -49.64929 NaN NaN NaN 21.20067 -158.95795 19.84326 -14.51535 -157.67169 -105.38205
49069 0.22336 NaN NaN NaN 201.70674 -132.42293 -2.29403 307.16092 -183.36914 -49.82109 NaN NaN NaN 21.50211 -158.81148 19.80239 -14.43243 -157.68474 -105.39240
49070 0.23169 NaN NaN NaN 201.87646 -132.65442 -2.07382 307.24826 -183.41365 -49.99229 NaN NaN NaN 21.75620 -158.76089 19.68176 -14.36227 -157.67293 -105.40491
49071 0.24002 NaN NaN NaN 202.08841 -132.90518 -1.81426 307.34058 -183.49297 -50.16266 NaN NaN NaN 21.90967 -158.75996 19.61752 -14.25672 -157.62566 -105.46214
49072 0.24835 NaN NaN NaN 202.36081 -133.16147 -1.52683 307.45135 -183.57251 -50.34116 NaN NaN NaN 22.04582 -158.80353 19.54409 -14.11396 -157.48772 -105.54379
49073 0.25669 NaN NaN NaN 202.62572 -133.43544 -1.28525 307.58151 -183.63411 -50.50851 NaN NaN NaN 22.15254 -158.83804 19.49405 -14.00238 -157.33182 -105.64126
49074 0.26502 NaN NaN NaN 202.88582 -133.67519 -1.01908 307.73227 -183.69415 -50.67785 NaN NaN NaN 22.21893 -158.85443 19.45267 -13.95253 -157.19516 -105.69247
49075 0.27335 NaN NaN NaN 203.16933 -133.93269 -0.70463 307.85696 -183.78798 -50.86404 NaN NaN NaN 22.35163 -158.83257 19.41774 -13.95982 -157.15692 -105.71890
49076 0.28168 NaN NaN NaN 203.44113 -134.19090 -0.42121 308.01196 -183.90237 -51.09150 NaN NaN NaN 22.49008 -158.77534 19.38845 -13.98069 -157.15312 -105.69995
49077 0.29001 NaN NaN NaN 203.73926 -134.43942 -0.16602 308.11438 -183.94601 -51.22618 NaN NaN NaN 22.59495 -158.71477 19.35330 -14.00170 -157.21844 -105.69463
49078 0.29834 NaN NaN NaN 204.01122 -134.71034 0.07698 308.23697 -184.03413 -51.37979 NaN NaN NaN 22.66197 -158.66048 19.35440 -14.03622 -157.31874 -105.64467
49079 0.30667 NaN NaN NaN 204.26875 -134.96945 0.34551 308.35251 -184.08437 -51.52495 NaN NaN NaN 22.70968 -158.64751 19.35406 -14.08138 -157.40686 -105.59093
49080 0.31500 NaN NaN NaN 204.52689 -135.17139 0.61140 308.45279 -184.12088 -51.70084 NaN NaN NaN 22.77795 -158.63979 19.39258 -14.13993 -157.48222 -105.53194
49081 0.32334 NaN NaN NaN 204.75725 -135.36739 0.80615 308.59845 -184.17229 -51.95420 NaN NaN NaN 22.88897 -158.56128 19.38725 -14.19841 -157.55231 -105.47219
49082 0.33167 NaN NaN NaN 205.00833 -135.57680 0.96253 308.71387 -184.23398 -52.15719 NaN NaN NaN 23.02036 -158.46584 19.42916 -14.21416 -157.57997 -105.43170
49083 0.34000 NaN NaN NaN 205.18637 -135.73839 1.08397 308.74826 -184.30476 -52.29732 NaN NaN NaN 23.13181 -158.38058 19.42667 -14.28856 -157.60384 -105.38576
49084 0.34833 NaN NaN NaN 205.39653 -135.93480 1.30637 308.82867 -184.37204 -52.48400 NaN NaN NaN 23.21295 -158.33437 19.42913 -14.31931 -157.61905 -105.36474
49085 0.35666 NaN NaN NaN 205.62550 -136.13309 1.48076 308.88504 -184.43907 -52.56463 NaN NaN NaN 23.28981 -158.30339 19.41621 -14.33169 -157.62210 -105.36042
49086 0.36499 NaN NaN NaN 205.80989 -136.29729 1.67222 308.97549 -184.44766 -52.73242 NaN NaN NaN 23.40799 -158.24918 19.40063 -14.32826 -157.62622 -105.36763
49087 0.37332 NaN NaN NaN 205.95946 -136.44717 1.80899 309.07355 -184.43768 -52.88467 NaN NaN NaN 23.52829 -158.19650 19.39381 -14.32876 -157.61707 -105.35699
49088 0.38165 NaN NaN NaN 206.13669 -136.58446 1.92862 309.16913 -184.42799 -52.98909 NaN NaN NaN 23.62211 -158.17581 19.37959 -14.32381 -157.62817 -105.35127
49089 0.38999 NaN NaN NaN 206.28735 -136.72368 2.02897 309.24854 -184.44690 -53.08525 NaN NaN NaN 23.67461 -158.17453 19.34688 -14.32854 -157.61929 -105.34919
49090 0.39832 NaN NaN NaN 206.40839 -136.86403 2.11016 309.42029 -184.34857 -53.34224 NaN NaN NaN 23.71693 -158.17969 19.32518 -14.33478 -157.62785 -105.35195
49091 0.40665 NaN NaN NaN 206.55849 -137.01222 2.18053 309.37366 -184.48813 -53.36470 NaN NaN NaN 23.75795 -158.16136 19.29589 -14.34889 -157.63219 -105.36330
49092 0.41498 NaN NaN NaN 206.69356 -137.16548 2.26495 309.50592 -184.35844 -53.63747 NaN NaN NaN 23.83533 -158.17755 19.27081 -14.39016 -157.66759 -105.35356
49093 0.42331 NaN NaN NaN 206.84868 -137.31126 2.38595 309.59744 -184.37964 -53.89143 NaN NaN NaN 23.94307 -158.17407 19.23364 -14.43544 -157.70657 -105.33976
49094 0.43164 NaN NaN NaN 207.06438 -137.47708 2.56353 309.66629 -184.33456 -54.12330 NaN NaN NaN 24.02461 -158.14897 19.19265 -14.46553 -157.75278 -105.31476
49095 0.43997 NaN NaN NaN 207.29463 -137.61832 2.83045 309.74185 -184.31506 -54.30182 NaN NaN NaN 24.10230 -158.07994 19.16370 -14.49556 -157.82704 -105.29235
49096 0.44831 NaN NaN NaN 207.53790 -137.81642 3.12314 309.82562 -184.33636 -54.41291 NaN NaN NaN 24.17255 -158.00377 19.14925 -14.53313 -157.90146 -105.25906
49097 0.45664 NaN NaN NaN 207.72916 -137.99345 3.34542 309.90408 -184.36790 -54.55174 NaN NaN NaN 24.23570 -157.96173 19.12045 -14.55295 -157.93625 -105.25048
49098 0.46497 NaN NaN NaN 207.95543 -138.22014 3.53797 309.93390 -184.44514 -54.65703 NaN NaN NaN 24.33071 -157.93436 19.08225 -14.55704 -157.97050 -105.24129
49099 0.47330 NaN NaN NaN 208.18045 -138.43674 3.73777 309.98105 -184.46524 -54.77379 NaN NaN NaN 24.43641 -157.92226 19.04664 -14.54878 -157.95963 -105.26435
49100 0.48163 NaN NaN NaN 208.39949 -138.62289 3.89691 310.05777 -184.54393 -54.85171 NaN NaN NaN 24.53389 -157.91205 19.00706 -14.54677 -157.90440 -105.27505
49101 0.48996 NaN NaN NaN 208.60953 -138.77493 4.07750 310.13617 -184.55859 -54.99880 NaN NaN NaN 24.59859 -157.88739 18.96227 -14.53749 -157.83571 -105.31153
49102 0.49829 NaN NaN NaN 208.78081 -138.89713 4.25634 310.20734 -184.64046 -55.10824 NaN NaN NaN 24.60998 -157.88499 18.94954 -14.55485 -157.76152 -105.35908
49103 0.50662 NaN NaN NaN 208.95457 -139.01707 4.41644 310.25574 -184.64383 -55.21285 NaN NaN NaN 24.63174 -157.86028 18.94244 -14.54320 -157.70575 -105.39433
49104 0.51496 NaN NaN NaN 209.08931 -139.10147 4.49937 310.31989 -184.67068 -55.28845 NaN NaN NaN 24.65563 -157.83676 18.92383 -14.54530 -157.67487 -105.41223
49105 0.52329 NaN NaN NaN 209.20876 -139.17218 4.60319 310.35168 -184.67845 -55.31544 NaN NaN NaN 24.69462 -157.79015 18.85956 -14.52791 -157.66631 -105.41689
49106 0.53162 NaN NaN NaN 209.32088 -139.27422 4.73359 310.40955 -184.65009 -55.38272 NaN NaN NaN 24.74556 -157.76758 18.80675 -14.52924 -157.65918 -105.44004
49107 0.53995 NaN NaN NaN 209.46539 -139.36475 4.82391 310.45682 -184.66899 -55.42410 NaN NaN NaN 24.77641 -157.73868 18.76224 -14.53354 -157.63484 -105.46587
49108 0.54828 NaN NaN NaN 209.58272 -139.46138 4.92904 310.52780 -184.68907 -55.52206 NaN NaN NaN 24.80062 -157.76941 18.69846 -14.52762 -157.61031 -105.49842
49109 0.55661 NaN NaN NaN 209.70241 -139.52217 5.02823 310.55597 -184.74376 -55.56776 NaN NaN NaN 24.83601 -157.78281 18.66475 -14.50745 -157.56813 -105.54708
49110 0.56494 NaN NaN NaN 209.80916 -139.64421 5.12791 310.59201 -184.74283 -55.61750 NaN NaN NaN 24.87356 -157.79848 18.58793 -14.47876 -157.53729 -105.59266
49111 0.57327 NaN NaN NaN 209.98659 -139.75539 5.23884 310.46234 -184.99236 -55.43270 NaN NaN NaN 24.88495 -157.80005 18.51623 -14.46672 -157.51846 -105.62741
49112 0.58161 NaN NaN NaN 210.14864 -139.87743 5.38136 310.59814 -184.96005 -55.60115 NaN NaN NaN 24.89776 -157.79436 18.43718 -14.46642 -157.50800 -105.67483
49113 0.58994 NaN NaN NaN 210.25883 -140.00438 5.48275 310.73660 -184.93427 -55.84062 NaN NaN NaN 24.97806 -157.79030 18.35398 -14.47813 -157.50912 -105.76212
49114 0.59827 NaN NaN NaN 210.39249 -140.17430 5.56877 310.83884 -184.91713 -55.96858 NaN NaN NaN 25.04816 -157.78499 18.27557 -14.47028 -157.50439 -105.81054
49115 0.60660 NaN NaN NaN 210.52751 -140.29294 5.72182 310.93152 -184.88768 -56.07706 NaN NaN NaN 25.14882 -157.76830 18.19516 -14.47836 -157.50438 -105.84301
49116 0.61493 NaN NaN NaN 210.70291 -140.38924 5.85954 310.96558 -184.90126 -56.10804 NaN NaN NaN 25.23649 -157.72873 18.14055 -14.45092 -157.53635 -105.93024
49117 0.62326 NaN NaN NaN 210.88388 -140.52086 5.96834 310.98627 -184.97931 -56.18267 NaN NaN NaN 25.30732 -157.71184 18.08934 -14.44052 -157.54227 -105.94833
49118 0.63159 NaN NaN NaN 211.01823 -140.64534 6.06790 311.00754 -185.06271 -56.24128 NaN NaN NaN 25.43899 -157.74478 17.98969 -14.43998 -157.59219 -106.00644
49119 0.63992 NaN NaN NaN 211.18971 -140.80901 6.19527 311.00766 -185.12001 -56.38740 NaN NaN NaN 25.59282 -157.71979 17.91129 -14.48372 -157.64265 -106.00739
49120 0.64826 NaN NaN NaN 211.38109 -141.05737 6.33173 311.04056 -185.19675 -56.50537 NaN NaN NaN 25.77091 -157.59377 17.87069 -14.49649 -157.73917 -106.01315
49121 0.65659 NaN NaN NaN 211.54034 -141.27094 6.45086 311.16394 -185.19212 -56.64458 NaN NaN NaN 25.99340 -157.44725 17.83720 -14.52109 -157.85205 -105.97401
49122 0.66492 NaN NaN NaN 211.67589 -141.43468 6.50363 311.27057 -185.20709 -56.68619 NaN NaN NaN 26.12670 -157.32904 17.77333 -14.50441 -157.96541 -105.96700
49123 0.67325 NaN NaN NaN 211.79869 -141.52481 6.53569 311.36108 -185.22966 -56.74865 NaN NaN NaN 26.22849 -157.27911 17.71900 -14.48153 -158.03215 -105.97627
49124 0.68158 NaN NaN NaN 211.89828 -141.63200 6.51729 311.42899 -185.27692 -56.77994 NaN NaN NaN 26.28746 -157.28587 17.68635 -14.43939 -158.03606 -105.99996
49125 0.68991 NaN NaN NaN 212.01028 -141.71826 6.51052 311.57776 -185.31642 -56.86345 NaN NaN NaN 26.29790 -157.33405 17.64867 -14.41935 -158.01942 -106.05970
49126 0.69824 NaN NaN NaN 212.13562 -141.84042 6.51890 311.63995 -185.39624 -56.86417 NaN NaN NaN 26.26350 -157.41470 17.64029 -14.38105 -157.98029 -106.10362
49127 0.70658 NaN NaN NaN 212.23073 -141.97667 6.53802 311.75833 -185.42908 -56.94681 NaN NaN NaN 26.21760 -157.48640 17.63968 -14.32269 -157.88048 -106.17051
49128 0.71491 NaN NaN NaN 212.32268 -142.07034 6.54646 311.78973 -185.51933 -56.93720 NaN NaN NaN 26.20520 -157.49934 17.65718 -14.31955 -157.82281 -106.19450
49129 0.72324 NaN NaN NaN 212.43175 -142.16896 6.55226 311.82053 -185.66119 -56.93023 NaN NaN NaN 26.20604 -157.48441 17.67604 -14.29793 -157.80379 -106.19366
49130 0.73157 NaN NaN NaN 212.50890 -142.28001 6.58863 311.83368 -185.72215 -56.94778 NaN NaN NaN 26.19753 -157.43071 17.69998 -14.27497 -157.79761 -106.14210
49131 0.73990 NaN NaN NaN 212.54454 -142.34587 6.59373 311.84784 -185.76263 -56.96072 NaN NaN NaN 26.17991 -157.35408 17.71685 -14.23369 -157.79791 -106.12485
49132 0.74823 NaN NaN NaN 212.56357 -142.38255 6.59313 311.86218 -185.79811 -56.99632 NaN NaN NaN 26.20737 -157.29402 17.72419 -14.17813 -157.81870 -106.07077
49133 0.75656 NaN NaN NaN 212.56093 -142.40390 6.55786 311.87320 -185.79480 -57.00954 NaN NaN NaN 26.19874 -157.23537 17.74985 -14.18062 -157.83844 -106.02648
49134 0.76489 NaN NaN NaN 212.54083 -142.38908 6.50696 311.85504 -185.77713 -57.06495 NaN NaN NaN 26.20974 -157.17894 17.77368 -14.17209 -157.85927 -106.01522
49135 0.77323 NaN NaN NaN 212.47144 -142.35269 6.41006 311.80377 -185.72438 -57.07858 NaN NaN NaN 26.23404 -157.13324 17.81921 -14.14261 -157.85052 -106.01714
49136 0.78156 NaN NaN NaN 212.40207 -142.32111 6.32159 311.81073 -185.71344 -57.10117 NaN NaN NaN 26.23727 -157.10457 17.82764 -14.08767 -157.84050 -106.01288
49137 0.78989 NaN NaN NaN 212.33740 -142.22960 6.23137 311.83710 -185.69307 -57.05348 NaN NaN NaN 26.22831 -157.08591 17.82993 -14.05977 -157.83684 -106.00466
49138 0.79822 NaN NaN NaN 212.25049 -142.16438 6.14151 311.82385 -185.67297 -57.04676 NaN NaN NaN 26.19793 -157.08829 17.82838 -14.00984 -157.80618 -106.01275
49139 0.80655 NaN NaN NaN 212.16750 -142.11003 6.05052 311.80167 -185.64639 -56.99320 NaN NaN NaN 26.18949 -157.07381 17.83441 -13.97844 -157.81320 -106.02497
49140 0.81488 NaN NaN NaN 212.08781 -141.99370 5.96616 311.78833 -185.58803 -56.96064 NaN NaN NaN 26.14808 -157.08104 17.83515 -13.93629 -157.79340 -106.07214
49141 0.82321 NaN NaN NaN 212.02144 -141.88654 5.88162 311.78366 -185.52399 -56.97072 NaN NaN NaN 26.08255 -157.12297 17.81894 -13.86740 -157.70865 -106.12820
49142 0.83154 NaN NaN NaN 211.95648 -141.78650 5.83292 311.73495 -185.44919 -56.96255 NaN NaN NaN 26.01978 -157.19588 17.77845 -13.78710 -157.60170 -106.21216
49143 0.83988 NaN NaN NaN 211.89319 -141.71965 5.81616 311.72693 -185.39990 -56.97370 NaN NaN NaN 25.93146 -157.23596 17.74793 -13.72019 -157.47780 -106.28282
49144 0.84821 NaN NaN NaN 211.86058 -141.68059 5.79781 311.70227 -185.37860 -56.96581 NaN NaN NaN 25.88457 -157.28552 17.72165 -13.67166 -157.39944 -106.38023
49145 0.85654 NaN NaN NaN 211.83423 -141.67230 5.78828 311.72327 -185.32274 -57.00212 NaN NaN NaN 25.83289 -157.31653 17.69037 -13.64750 -157.32803 -106.43323
49146 0.86487 NaN NaN NaN 211.82498 -141.64743 5.78467 311.69205 -185.33961 -56.97410 NaN NaN NaN 25.77909 -157.37305 17.65677 -13.55272 -157.21043 -106.58194
49147 0.87320 NaN NaN NaN 211.81047 -141.65221 5.75498 311.71140 -185.29645 -56.99396 NaN NaN NaN 25.73693 -157.41281 17.60737 -13.51402 -157.11127 -106.69400
49148 0.88153 NaN NaN NaN 211.78903 -141.64276 5.73984 311.64865 -185.32527 -56.94994 NaN NaN NaN 25.69776 -157.43459 17.57004 -13.49746 -157.05873 -106.76826
49149 0.88986 NaN NaN NaN 211.76865 -141.63184 5.70611 311.62311 -185.33197 -56.93779 NaN NaN NaN 25.65167 -157.46054 17.52801 -13.48788 -156.99341 -106.81168
49150 0.89820 NaN NaN NaN 211.77782 -141.63277 5.70092 311.61526 -185.39104 -56.94297 NaN NaN NaN 25.60943 -157.52394 17.50818 -13.47336 -156.95004 -106.82457
49151 0.90653 NaN NaN NaN 211.74220 -141.67139 5.65814 311.58752 -185.43494 -56.93535 NaN NaN NaN 25.53126 -157.58870 17.48454 -13.47282 -156.94351 -106.86254
49152 0.91486 NaN NaN NaN 211.75092 -141.67398 5.63573 311.59695 -185.42349 -56.96856 NaN NaN NaN 25.44514 -157.66949 17.47114 -13.42012 -156.93346 -106.92007
49153 0.92319 NaN NaN NaN 211.72595 -141.69946 5.62132 311.58374 -185.41840 -56.98547 NaN NaN NaN 25.34425 -157.74599 17.44784 -13.41384 -156.90405 -107.00324
49154 0.93152 NaN NaN NaN 211.75429 -141.69214 5.60636 311.60468 -185.38847 -57.02620 NaN NaN NaN 25.22322 -157.80423 17.41803 -13.43376 -156.85608 -107.08759
49155 0.93985 NaN NaN NaN 211.74937 -141.72475 5.59655 311.65897 -185.31168 -57.11420 NaN NaN NaN 25.07287 -157.88751 17.41739 -13.43027 -156.79927 -107.13528
49156 0.94818 NaN NaN NaN 211.75960 -141.71887 5.57425 311.68277 -185.29837 -57.15379 NaN NaN NaN 24.89285 -157.98335 17.41998 -13.43736 -156.77295 -107.16470
49157 0.95651 NaN NaN NaN 211.77399 -141.71823 5.55282 311.68048 -185.30141 -57.18531 NaN NaN NaN 24.71940 -158.12509 17.45207 -13.46284 -156.75304 -107.16286
49158 0.96485 NaN NaN NaN 211.79761 -141.69229 5.53782 311.68695 -185.33530 -57.18273 NaN NaN NaN 24.56961 -158.23906 17.49499 -13.46315 -156.73080 -107.16197
49159 0.97318 NaN NaN NaN 211.81917 -141.72083 5.52478 311.68942 -185.38007 -57.20032 NaN NaN NaN 24.38581 -158.31908 17.51609 -13.45752 -156.68585 -107.18036
49160 0.98151 NaN NaN NaN 211.83209 -141.76320 5.55047 311.68402 -185.40814 -57.21676 NaN NaN NaN 24.20624 -158.40805 17.53338 -13.43525 -156.64055 -107.22243
49161 0.98984 NaN NaN NaN 211.85841 -141.78152 5.54007 311.65237 -185.44371 -57.17652 NaN NaN NaN 24.05932 -158.47705 17.57725 -13.41313 -156.56549 -107.24909
49162 0.99817 NaN NaN NaN 211.86754 -141.80655 5.53087 311.66440 -185.45398 -57.26669 NaN NaN NaN 23.89687 -158.58246 17.62191 -13.39550 -156.53516 -107.27600
49163 1.00650 NaN NaN NaN 211.86685 -141.83444 5.51166 311.69403 -185.40303 -57.30808 NaN NaN NaN 23.76114 -158.70354 17.65512 -13.37259 -156.45807 -107.30779
49164 1.01483 NaN NaN NaN 211.90254 -141.85188 5.53291 311.67758 -185.40900 -57.26049 NaN NaN NaN 23.64129 -158.76579 17.64581 -13.35341 -156.42320 -107.34657
49165 1.02316 NaN NaN NaN 211.92798 -141.86357 5.51364 311.74048 -185.45895 -57.41333 NaN NaN NaN 23.50565 -158.80786 17.64275 -13.31245 -156.33444 -107.36382
49166 1.03150 NaN NaN NaN 211.93091 -141.89726 5.51644 311.69870 -185.48434 -57.26940 NaN NaN NaN 23.38635 -158.84534 17.63094 -13.28347 -156.28351 -107.38839
49167 1.03983 NaN NaN NaN 211.93994 -141.92413 5.50519 311.71515 -185.53426 -57.21896 NaN NaN NaN 23.27221 -158.92642 17.64898 -13.26197 -156.20242 -107.40326
49168 1.04816 NaN NaN NaN 211.92906 -141.94736 5.49522 311.71851 -185.56723 -57.18851 NaN NaN NaN 23.18274 -158.99323 17.67770 -13.25124 -156.21672 -107.41248
49169 1.05649 NaN NaN NaN 211.92493 -141.95293 5.45557 311.69766 -185.57410 -57.16694 NaN NaN NaN 23.09589 -159.07631 17.68542 -13.22577 -156.19606 -107.41499
49170 1.06482 NaN NaN NaN 211.92378 -141.92336 5.39008 311.73975 -185.62546 -57.14775 NaN NaN NaN 22.98785 -159.15706 17.70340 -13.21158 -156.22258 -107.43597
49171 1.07315 NaN NaN NaN 211.86234 -141.88025 5.29271 311.78711 -185.62210 -57.12563 NaN NaN NaN 22.87611 -159.23457 17.72374 -13.17177 -156.19618 -107.43845
49172 1.08148 NaN NaN NaN 211.80899 -141.81117 5.23688 311.80215 -185.60414 -57.08747 NaN NaN NaN 22.76457 -159.32004 17.71396 -13.13033 -156.14700 -107.46956
49173 1.08982 NaN NaN NaN 211.75117 -141.73317 5.17248 311.84198 -185.52473 -57.01231 NaN NaN NaN 22.63897 -159.38519 17.70476 -13.08017 -156.06415 -107.51679
49174 1.09815 NaN NaN NaN 211.67200 -141.69412 5.11025 311.85284 -185.46561 -56.94604 NaN NaN NaN 22.57024 -159.43636 17.72271 -13.00969 -156.02704 -107.54504
49175 1.10648 NaN NaN NaN 211.58388 -141.63751 5.00503 311.90173 -185.37729 -56.95738 NaN NaN NaN 22.50977 -159.45160 17.73585 -12.96118 -155.95659 -107.57315
49176 1.11481 NaN NaN NaN 211.46835 -141.55695 4.86528 311.86749 -185.34521 -56.87084 NaN NaN NaN 22.48206 -159.44283 17.75868 -12.89885 -155.89606 -107.58704
49177 1.12314 NaN NaN NaN 211.36388 -141.44041 4.74140 311.82156 -185.36836 -56.80518 NaN NaN NaN 22.46913 -159.41373 17.74855 -12.85376 -155.84001 -107.60994
49178 1.13147 NaN NaN NaN 211.25465 -141.31944 4.65013 311.78110 -185.39952 -56.73122 NaN NaN NaN 22.47489 -159.38699 17.75619 -12.79166 -155.81171 -107.60268
49179 1.13980 NaN NaN NaN 211.15720 -141.17123 4.55894 311.74353 -185.39122 -56.64623 NaN NaN NaN 22.47739 -159.36082 17.74830 -12.76173 -155.80887 -107.60020
49180 1.14813 NaN NaN NaN 211.06914 -141.09859 4.45291 311.71613 -185.42365 -56.53609 NaN NaN NaN 22.48031 -159.33546 17.76225 -12.74341 -155.80521 -107.58926
49181 1.15647 NaN NaN NaN 210.96053 -141.01514 4.32973 311.69861 -185.43332 -56.46426 NaN NaN NaN 22.46558 -159.32140 17.75393 -12.71328 -155.78226 -107.60013
49182 1.16480 NaN NaN NaN 210.89233 -140.94649 4.29809 311.69189 -185.44942 -56.42574 NaN NaN NaN 22.46159 -159.30772 17.75437 -12.68588 -155.70628 -107.61047
49183 1.17313 NaN NaN NaN 210.85118 -140.93991 4.25850 311.68307 -185.41861 -56.40803 NaN NaN NaN 22.42801 -159.33936 17.73512 -12.64086 -155.64856 -107.64176
49184 1.18146 NaN NaN NaN 210.81749 -140.94261 4.24642 311.66220 -185.40396 -56.39649 NaN NaN NaN 22.40520 -159.36848 17.74080 -12.56881 -155.60387 -107.68800
49185 1.18979 NaN NaN NaN 210.79985 -140.95847 4.25057 311.65344 -185.36935 -56.40412 NaN NaN NaN 22.36588 -159.42665 17.72736 -12.53823 -155.53436 -107.72206
49186 1.19812 NaN NaN NaN 210.80870 -140.97620 4.24239 311.66251 -185.36594 -56.41380 NaN NaN NaN 22.29908 -159.51239 17.71658 -12.48882 -155.48601 -107.77731
49187 1.20645 NaN NaN NaN 210.81425 -140.97725 4.23254 311.66776 -185.36674 -56.41569 NaN NaN NaN 22.20093 -159.61703 17.67202 -12.41746 -155.40784 -107.82381
49188 1.21478 NaN NaN NaN 210.81866 -140.95956 4.23049 311.65952 -185.39056 -56.40672 NaN NaN NaN 22.10364 -159.66655 17.63902 -12.37635 -155.40323 -107.86526
49189 1.22312 NaN NaN NaN 210.81160 -140.97110 4.20972 311.64764 -185.38960 -56.40778 NaN NaN NaN 22.04961 -159.70926 17.63649 -12.33681 -155.39011 -107.87640
49190 1.23145 NaN NaN NaN 210.79262 -140.94119 4.20956 311.64960 -185.40012 -56.41112 NaN NaN NaN 21.97941 -159.76506 17.66009 -12.30938 -155.36179 -107.89073
49191 1.23978 NaN NaN NaN 210.78662 -140.94008 4.19253 311.65594 -185.39188 -56.40944 NaN NaN NaN 21.87583 -159.82539 17.64747 -12.30158 -155.27324 -107.94451
49192 1.24811 NaN NaN NaN 210.77585 -140.90974 4.19608 311.65430 -185.39525 -56.38805 NaN NaN NaN 21.75531 -159.95421 17.63454 -12.26811 -155.18103 -107.94221
49193 1.25644 NaN NaN NaN 210.74956 -140.87854 4.16154 311.66415 -185.35599 -56.37950 NaN NaN NaN 21.61875 -160.05481 17.62091 -12.24534 -155.06604 -107.99596
49194 1.26477 NaN NaN NaN 210.70648 -140.83984 4.13304 311.63275 -185.36128 -56.31583 NaN NaN NaN 21.49427 -160.15126 17.59158 -12.19664 -154.98538 -108.07689
49195 1.27310 NaN NaN NaN 210.65816 -140.78304 4.08596 311.59946 -185.35553 -56.29121 NaN NaN NaN 21.31520 -160.26772 17.57899 -12.16293 -154.94928 -108.12010
49196 1.28143 NaN NaN NaN 210.61827 -140.72728 4.06113 311.58502 -185.33649 -56.24348 NaN NaN NaN 21.15562 -160.41284 17.58879 -12.08405 -154.83980 -108.26383
49197 1.28977 NaN NaN NaN 210.55521 -140.65977 4.02302 311.58255 -185.31779 -56.21548 NaN NaN NaN 20.98848 -160.56033 17.59163 -12.06181 -154.77168 -108.28987
49198 1.29810 NaN NaN NaN 210.48456 -140.56845 3.98567 311.58459 -185.32712 -56.17558 NaN NaN NaN 20.80361 -160.70023 17.55911 -12.00896 -154.68611 -108.39293
49199 1.30643 NaN NaN NaN 210.41690 -140.50914 3.94183 311.56912 -185.31262 -56.16479 NaN NaN NaN 20.61672 -160.83594 17.54091 -11.95281 -154.55458 -108.45576
49200 1.31476 NaN NaN NaN 210.39096 -140.47922 3.91396 311.55206 -185.31775 -56.12226 NaN NaN NaN 20.43081 -160.95361 17.51527 -11.89809 -154.48985 -108.50719
49201 1.32309 NaN NaN NaN 210.35472 -140.43178 3.87787 311.55408 -185.29456 -56.09963 NaN NaN NaN 20.26616 -161.09375 17.50137 -11.82621 -154.32268 -108.59072
49202 1.33142 NaN NaN NaN 210.31213 -140.32664 3.82822 311.54089 -185.32767 -56.05186 NaN NaN NaN 20.10612 -161.25453 17.50277 -11.78944 -154.23605 -108.69177
49203 1.33975 NaN NaN NaN 210.25531 -140.26251 3.75868 311.56836 -185.33507 -55.96293 NaN NaN NaN 19.93120 -161.44141 17.47603 -11.76337 -154.14493 -108.76384
49204 1.34809 NaN NaN NaN 210.17384 -140.22189 3.65818 311.56967 -185.32901 -55.90477 NaN NaN NaN 19.76230 -161.61604 17.43370 -11.73246 -154.07907 -108.81982
49205 1.35642 NaN NaN NaN 210.09683 -140.12550 3.59431 311.58896 -185.31349 -55.83551 NaN NaN NaN 19.51330 -161.81401 17.41007 -11.68552 -154.00726 -108.87855
49206 1.36475 NaN NaN NaN 210.02625 -140.05907 3.53628 311.63321 -185.27495 -55.69786 NaN NaN NaN 19.29646 -161.99458 17.38084 -11.62992 -153.93425 -108.93268
49207 1.37308 NaN NaN NaN 209.98589 -140.00050 3.48743 311.64136 -185.25363 -55.62511 NaN NaN NaN 19.08782 -162.18716 17.34963 -11.56162 -153.81662 -109.02813
49208 1.38141 NaN NaN NaN 209.93182 -139.91415 3.44331 311.67493 -185.19440 -55.62759 NaN NaN NaN 18.90703 -162.35115 17.29760 -11.52717 -153.71121 -109.11842
49209 1.38974 NaN NaN NaN 209.88933 -139.83173 3.39325 311.66345 -185.16333 -55.55376 NaN NaN NaN 18.72902 -162.53548 17.24440 -11.49022 -153.58130 -109.18935
49210 1.39807 NaN NaN NaN 209.85149 -139.77063 3.34667 311.59961 -185.19547 -55.42002 NaN NaN NaN 18.59532 -162.67073 17.17922 -11.47126 -153.50113 -109.24452
49211 1.40640 NaN NaN NaN 209.84412 -139.74567 3.29896 311.60968 -185.24376 -55.38622 NaN NaN NaN 18.39907 -162.84657 17.10887 -11.44396 -153.42053 -109.31202
49212 1.41474 NaN NaN NaN 209.79134 -139.69928 3.24530 311.61899 -185.26947 -55.29261 NaN NaN NaN 18.19306 -162.97530 17.06550 -11.39988 -153.35715 -109.35553
49213 1.42307 NaN NaN NaN 209.74985 -139.67424 3.15871 311.63815 -185.26256 -55.23978 NaN NaN NaN 18.04371 -163.15126 17.01925 -11.32020 -153.25333 -109.43121
49214 1.43140 NaN NaN NaN 209.65959 -139.64177 3.03342 311.65228 -185.27214 -55.22348 NaN NaN NaN 17.85729 -163.31543 16.97966 -11.26831 -153.16179 -109.54079
49215 1.43973 NaN NaN NaN 209.59755 -139.54504 2.90107 311.65262 -185.27762 -55.15131 NaN NaN NaN 17.68490 -163.45781 16.93682 -11.29168 -153.09021 -109.61972
49216 1.44806 NaN NaN NaN 209.50676 -139.44666 2.76735 311.68069 -185.29942 -55.05823 NaN NaN NaN 17.50878 -163.62697 16.89073 -11.24480 -152.95303 -109.68150
49217 1.45639 NaN NaN NaN 209.38402 -139.37393 2.61683 311.69144 -185.30078 -54.93596 NaN NaN NaN 17.32690 -163.81384 16.86853 -11.15896 -152.83987 -109.75477
49218 1.46472 NaN NaN NaN 209.25165 -139.23944 2.47909 311.71335 -185.28931 -54.87662 NaN NaN NaN 17.12981 -164.02704 16.79585 -11.14444 -152.78194 -109.82954
49219 1.47305 NaN NaN NaN 209.10103 -139.09688 2.32287 311.68701 -185.26996 -54.70680 NaN NaN NaN 16.94051 -164.23367 16.71114 -11.04677 -152.66943 -110.03451
49220 1.48139 NaN NaN NaN 208.93481 -138.99397 2.17377 311.66238 -185.29124 -54.50528 NaN NaN NaN 16.73388 -164.46217 16.64676 -10.97972 -152.56760 -110.17954
49221 1.48972 NaN NaN NaN 208.74637 -138.83554 1.98392 311.65109 -185.22951 -54.34748 NaN NaN NaN 16.55526 -164.68111 16.60370 -10.94723 -152.43903 -110.26233
49222 1.49805 NaN NaN NaN 208.54790 -138.70639 1.81962 311.63187 -185.22177 -54.20673 NaN NaN NaN 16.36757 -164.88231 16.58163 -10.89839 -152.35820 -110.31361
49223 1.50638 NaN NaN NaN 208.40770 -138.61174 1.64722 311.55792 -185.20070 -54.04515 NaN NaN NaN 16.17021 -165.08583 16.52471 -10.85595 -152.27988 -110.37617
49224 1.51471 NaN NaN NaN 208.27272 -138.46600 1.48883 311.51553 -185.19574 -53.92012 NaN NaN NaN 16.00878 -165.25447 16.44976 -10.84739 -152.21419 -110.42201
49225 1.52304 NaN NaN NaN 208.11125 -138.36020 1.39259 311.45358 -185.18445 -53.76244 NaN NaN NaN 15.88874 -165.38727 16.36021 -10.85769 -152.19983 -110.46282
49226 1.53137 NaN NaN NaN 207.98814 -138.27187 1.28856 311.40405 -185.19124 -53.65774 NaN NaN NaN 15.77548 -165.50624 16.33453 -10.85897 -152.20560 -110.54060
49227 1.53971 NaN NaN NaN 207.87823 -138.20982 1.19910 311.38232 -185.18173 -53.59612 NaN NaN NaN 15.69253 -165.58272 16.28450 -10.87367 -152.21289 -110.59807
49228 1.54804 NaN NaN NaN 207.78842 -138.18442 1.15039 311.36652 -185.14426 -53.51550 NaN NaN NaN 15.61554 -165.66148 16.23707 -10.85080 -152.19424 -110.64245
49229 1.55637 NaN NaN NaN 207.69788 -138.14894 1.11770 311.32840 -185.09056 -53.48352 NaN NaN NaN 15.54497 -165.76619 16.19681 -10.82855 -152.21915 -110.68389
49230 1.56470 NaN NaN NaN 207.63342 -138.12050 1.09494 311.30408 -185.03105 -53.46695 NaN NaN NaN 15.52346 -165.86034 16.13828 -10.78606 -152.19571 -110.71262
49231 1.57303 NaN NaN NaN 207.58377 -138.09312 1.07311 311.28503 -185.05775 -53.42003 NaN NaN NaN 15.51180 -165.92253 16.10111 -10.80210 -152.20590 -110.73342
49232 1.58136 NaN NaN NaN 207.56009 -138.08624 1.05855 311.27356 -185.04675 -53.43806 NaN NaN NaN 15.52191 -165.95695 16.06593 -10.79051 -152.18840 -110.75392
49233 1.58969 NaN NaN NaN 207.51971 -138.10547 1.06850 311.26379 -185.06479 -53.41870 NaN NaN NaN 15.53780 -165.95943 16.03554 -10.79316 -152.21254 -110.77148
49234 1.59802 NaN NaN NaN 207.53291 -138.13235 1.09494 311.27112 -185.09052 -53.44151 NaN NaN NaN 15.57964 -165.95560 16.01565 -10.76304 -152.23044 -110.77439
49235 1.60636 NaN NaN NaN 207.55177 -138.17613 1.11870 311.25427 -185.10617 -53.44565 NaN NaN NaN 15.60960 -165.91966 15.99659 -10.75165 -152.23703 -110.78510
49236 1.61469 NaN NaN NaN 207.59468 -138.22552 1.14538 311.24768 -185.08998 -53.47913 NaN NaN NaN 15.68104 -165.90541 15.97277 -10.73640 -152.23935 -110.77989
49237 1.62302 NaN NaN NaN 207.61975 -138.24409 1.16156 311.26297 -185.10301 -53.53052 NaN NaN NaN 15.76279 -165.89497 15.97018 -10.73871 -152.22491 -110.78979
49238 1.63135 NaN NaN NaN 207.65549 -138.27725 1.17542 311.28140 -185.08427 -53.54910 NaN NaN NaN 15.80736 -165.86269 15.98149 -10.71962 -152.21161 -110.78995
49239 1.63968 NaN NaN NaN 207.67200 -138.28377 1.18546 311.29590 -185.08870 -53.53660 NaN NaN NaN 15.85129 -165.79881 15.98482 -10.73441 -152.23004 -110.79417
49240 1.64801 NaN NaN NaN 207.67908 -138.28769 1.18926 311.29977 -185.11162 -53.54157 NaN NaN NaN 15.92043 -165.76341 15.99059 -10.72245 -152.25430 -110.76905
49241 1.65634 NaN NaN NaN 207.67133 -138.27570 1.17955 311.31854 -185.13783 -53.50990 NaN NaN NaN 15.96138 -165.73820 15.99941 -10.70841 -152.22691 -110.76633
49242 1.66467 NaN NaN NaN 207.66400 -138.26765 1.16870 311.32471 -185.12096 -53.49042 NaN NaN NaN 15.99430 -165.73087 16.00409 -10.68689 -152.22202 -110.76774
49243 1.67301 NaN NaN NaN 207.65048 -138.23949 1.16162 311.31146 -185.11375 -53.47699 NaN NaN NaN 15.98714 -165.72220 15.99531 -10.68684 -152.20593 -110.77503
49244 1.68134 NaN NaN NaN 207.62587 -138.23070 1.15531 311.30969 -185.07202 -53.46442 NaN NaN NaN 15.99541 -165.72664 15.99527 -10.69466 -152.22653 -110.77518
49245 1.68967 NaN NaN NaN 207.62042 -138.16748 1.12905 311.29245 -185.09840 -53.42540 NaN NaN NaN 16.00180 -165.72380 15.98405 -10.69124 -152.21796 -110.78967
49246 1.69800 NaN NaN NaN 207.62283 -138.17279 1.13257 311.31631 -185.07318 -53.40405 NaN NaN NaN 15.99391 -165.71233 15.97131 -10.67047 -152.18025 -110.79422
49247 1.70633 NaN NaN NaN 207.61774 -138.13773 1.11432 311.31693 -185.06465 -53.37710 NaN NaN NaN 16.00643 -165.68309 15.96945 -10.68039 -152.15262 -110.81387
49248 1.71466 NaN NaN NaN 207.63031 -138.14659 1.12801 311.33353 -185.08290 -53.38885 NaN NaN NaN 16.00336 -165.66028 15.93908 -10.67077 -152.12727 -110.82610
49249 1.72299 NaN NaN NaN 207.62122 -138.11008 1.10272 311.32932 -185.10170 -53.37806 NaN NaN NaN 16.03141 -165.62189 15.93811 -10.66128 -152.10367 -110.84660
49250 1.73133 NaN NaN NaN 207.62686 -138.12218 1.10418 311.34610 -185.10280 -53.38468 NaN NaN NaN 16.05372 -165.58368 15.94218 -10.65027 -152.11169 -110.84086
49251 1.73966 NaN NaN NaN 207.61232 -138.13040 1.09998 311.32727 -185.09077 -53.34356 NaN NaN NaN 16.08090 -165.56044 15.95100 -10.64419 -152.11987 -110.82529
49252 1.74799 NaN NaN NaN 207.62703 -138.08745 1.07786 311.33612 -185.11131 -53.36805 NaN NaN NaN 16.11606 -165.50259 15.94990 -10.65784 -152.13942 -110.82428
49253 1.75632 NaN NaN NaN 207.60910 -138.07413 1.06895 311.34116 -185.09927 -53.35068 NaN NaN NaN 16.15159 -165.45680 15.94693 -10.64655 -152.12387 -110.83514
49254 1.76465 NaN NaN NaN 207.60938 -138.07594 1.04107 311.35461 -185.09114 -53.37869 NaN NaN NaN 16.17502 -165.41498 15.94288 -10.64815 -152.13165 -110.81026
49255 1.77298 NaN NaN NaN 207.60115 -138.06046 1.02881 311.34781 -185.09340 -53.33812 NaN NaN NaN 16.21261 -165.36417 15.94703 -10.63730 -152.09795 -110.81876
49256 1.78131 NaN NaN NaN 207.57619 -138.05872 1.01002 311.34515 -185.07747 -53.36008 NaN NaN NaN 16.24136 -165.34482 15.95581 -10.64673 -152.09662 -110.81467
49257 1.78964 NaN NaN NaN 207.57124 -138.04338 0.99120 311.34378 -185.07800 -53.31589 NaN NaN NaN 16.24944 -165.32417 15.95822 -10.64193 -152.08917 -110.82062
49258 1.79798 NaN NaN NaN 207.57394 -137.99533 0.96680 311.34702 -185.10834 -53.29840 NaN NaN NaN 16.24612 -165.32991 15.96211 -10.63549 -152.08611 -110.81751
49259 1.80631 NaN NaN NaN 207.55792 -137.99629 0.94964 311.34381 -185.12543 -53.27534 NaN NaN NaN 16.23721 -165.31808 15.97690 -10.65914 -152.09567 -110.81014
49260 1.81464 NaN NaN NaN 207.55728 -137.99239 0.92927 311.34872 -185.13005 -53.27693 NaN NaN NaN 16.20898 -165.32234 15.98259 -10.65871 -152.05936 -110.81341
49261 1.82297 NaN NaN NaN 207.54601 -137.98454 0.88208 311.35583 -185.12830 -53.26234 NaN NaN NaN 16.20156 -165.31441 15.98501 -10.66261 -152.04630 -110.81892
49262 1.83130 NaN NaN NaN 207.52165 -137.97914 0.87788 311.35666 -185.13043 -53.26790 NaN NaN NaN 16.17501 -165.31569 15.98922 -10.65954 -152.02605 -110.80809
49263 1.83963 NaN NaN NaN 207.52570 -137.98749 0.85822 311.35535 -185.10976 -53.27224 NaN NaN NaN 16.16702 -165.31473 15.99481 -10.66238 -152.02359 -110.80442
49264 1.84796 NaN NaN NaN 207.52924 -137.97748 0.86293 311.35980 -185.09525 -53.26510 NaN NaN NaN 16.16092 -165.29979 15.99766 -10.67841 -152.03311 -110.79816
49265 1.85629 NaN NaN NaN 207.54018 -137.98763 0.85732 311.35068 -185.09390 -53.27475 NaN NaN NaN 16.15648 -165.28532 16.01378 -10.69665 -152.04472 -110.77951
49266 1.86463 NaN NaN NaN 207.54332 -138.00609 0.85409 311.35300 -185.12234 -53.28555 NaN NaN NaN 16.16900 -165.29945 16.02372 -10.69046 -152.03008 -110.75986
49267 1.87296 NaN NaN NaN 207.54189 -137.99704 0.84812 311.35550 -185.14980 -53.27826 NaN NaN NaN 16.15634 -165.29274 16.02452 -10.70871 -152.06049 -110.75120
49268 1.88129 NaN NaN NaN 207.54254 -138.01520 0.84988 311.35690 -185.14577 -53.28500 NaN NaN NaN 16.15665 -165.27727 16.03187 -10.70811 -152.07079 -110.73203
49269 1.88962 NaN NaN NaN 207.54045 -138.00684 0.83242 311.35083 -185.15685 -53.27758 NaN NaN NaN 16.15910 -165.25278 16.05457 -10.69026 -152.05824 -110.72488
49270 1.89795 NaN NaN NaN 207.51288 -137.99835 0.81126 311.35730 -185.14809 -53.28022 NaN NaN NaN 16.16396 -165.25475 16.04641 -10.69967 -152.03073 -110.72667
49271 1.90628 NaN NaN NaN 207.49208 -137.97357 0.79188 311.36792 -185.15279 -53.26178 NaN NaN NaN 16.17765 -165.23381 16.07395 -10.69823 -152.01814 -110.72894
49272 1.91461 NaN NaN NaN 207.45981 -137.95038 0.75913 311.36652 -185.12866 -53.25112 NaN NaN NaN 16.16734 -165.23723 16.04894 -10.70585 -151.98393 -110.72926
49273 1.92294 NaN NaN NaN 207.43399 -137.92162 0.72417 311.34753 -185.11121 -53.21058 NaN NaN NaN 16.14583 -165.24188 16.06580 -10.66434 -151.93925 -110.74254
49274 1.93128 NaN NaN NaN 207.40108 -137.90500 0.69369 311.33533 -185.12814 -53.17961 NaN NaN NaN 16.15599 -165.25070 16.05178 -10.67137 -151.94656 -110.73347
49275 1.93961 NaN NaN NaN 207.39111 -137.88774 0.66603 311.33484 -185.14755 -53.16849 NaN NaN NaN 16.16466 -165.24060 16.07124 -10.66207 -151.93781 -110.73516
49276 1.94794 NaN NaN NaN 207.35683 -137.86716 0.62249 311.35144 -185.15680 -53.16346 NaN NaN NaN 16.15497 -165.24084 16.07041 -10.67546 -151.93822 -110.73684
49277 1.95627 NaN NaN NaN 207.33739 -137.85353 0.59717 311.35019 -185.16948 -53.14965 NaN NaN NaN 16.15792 -165.20245 16.08844 -10.67747 -151.94968 -110.72794
49278 1.96460 NaN NaN NaN 207.33510 -137.83722 0.58959 311.33981 -185.17206 -53.13522 NaN NaN NaN 16.16351 -165.21536 16.09848 -10.67976 -151.96945 -110.71421
49279 1.97293 NaN NaN NaN 207.33594 -137.84068 0.58090 311.32941 -185.16035 -53.13126 NaN NaN NaN 16.16709 -165.20961 16.11055 -10.66710 -151.98512 -110.70956
49280 1.98126 NaN NaN NaN 207.35149 -137.85326 0.60090 311.34399 -185.15550 -53.13947 NaN NaN NaN 16.16193 -165.20836 16.09876 -10.66475 -151.99335 -110.67139
49281 1.98960 NaN NaN NaN 207.35992 -137.85748 0.60102 311.35873 -185.17555 -53.15446 NaN NaN NaN 16.17453 -165.19501 16.11890 -10.66202 -151.97482 -110.65894
49282 1.99793 NaN NaN NaN 207.37231 -137.87724 0.61796 311.38000 -185.18997 -53.15945 NaN NaN NaN 16.19453 -165.17642 16.13856 -10.67667 -151.98717 -110.66464
49283 2.00626 NaN NaN NaN 207.39821 -137.88866 0.61726 311.36896 -185.21024 -53.15732 NaN NaN NaN 16.20910 -165.15038 16.14252 -10.67221 -151.95529 -110.65457
49284 2.01459 NaN NaN NaN 207.39009 -137.88158 0.62132 311.37390 -185.21561 -53.14874 NaN NaN NaN 16.24792 -165.09576 16.15634 -10.67376 -151.97464 -110.64062
49285 2.02292 NaN NaN NaN 207.40579 -137.88454 0.63318 311.38525 -185.24031 -53.12280 NaN NaN NaN 16.28847 -165.04988 16.15802 -10.68064 -151.96214 -110.63024
49286 2.03125 NaN NaN NaN 207.38405 -137.87051 0.61826 311.37579 -185.21216 -53.12144 NaN NaN NaN 16.29263 -165.02191 16.16052 -10.67147 -151.97134 -110.60458
49287 2.03958 NaN NaN NaN 207.38914 -137.85274 0.61187 311.35736 -185.20998 -53.08788 NaN NaN NaN 16.30309 -165.00032 16.16792 -10.71373 -151.96188 -110.61354
49288 2.04791 NaN NaN NaN 207.36522 -137.83034 0.59695 311.35236 -185.17950 -53.07648 NaN NaN NaN 16.30286 -164.99513 16.17010 -10.68041 -151.95049 -110.60151
49289 2.05625 NaN NaN NaN 207.35677 -137.80504 0.58691 311.37079 -185.18935 -53.05920 NaN NaN NaN 16.28946 -164.98024 16.17190 -10.66779 -151.90889 -110.61825
49290 2.06458 NaN NaN NaN 207.32480 -137.77127 0.57734 311.35901 -185.17265 -53.04991 NaN NaN NaN 16.29050 -164.98921 16.17207 -10.65785 -151.90852 -110.62885
49291 2.07291 NaN NaN NaN 207.32216 -137.75169 0.56434 311.34958 -185.15685 -53.04765 NaN NaN NaN 16.29069 -164.97461 16.17298 -10.67784 -151.87881 -110.63809
49292 2.08124 NaN NaN NaN 207.31999 -137.73306 0.54433 311.33606 -185.11664 -53.03883 NaN NaN NaN 16.28489 -164.94965 16.17264 -10.66529 -151.83705 -110.63538
49293 2.08957 NaN NaN NaN 207.32466 -137.72713 0.52567 311.35068 -185.10049 -53.00745 NaN NaN NaN 16.27387 -164.94057 16.17891 -10.65871 -151.83904 -110.62765
49294 2.09790 NaN NaN NaN 207.32550 -137.72350 0.52868 311.35815 -185.06476 -52.98684 NaN NaN NaN 16.28112 -164.91805 16.18036 -10.65108 -151.83839 -110.62099
49295 2.10623 NaN NaN NaN 207.31334 -137.70299 0.51418 311.36053 -185.07709 -52.96575 NaN NaN NaN 16.28677 -164.91954 16.18828 -10.66275 -151.84319 -110.61882
49296 2.11456 NaN NaN NaN 207.30052 -137.68307 0.51045 311.34769 -185.07462 -52.95877 NaN NaN NaN 16.28102 -164.89317 16.18704 -10.65612 -151.81647 -110.61673
49297 2.12290 NaN NaN NaN 207.29828 -137.68336 0.50890 311.34760 -185.07436 -52.94829 NaN NaN NaN 16.27929 -164.88686 16.19680 -10.68555 -151.79518 -110.63023
49298 2.13123 NaN NaN NaN 207.28569 -137.66562 0.50332 311.34567 -185.08682 -52.93354 NaN NaN NaN 16.28133 -164.87286 16.19684 -10.67417 -151.79362 -110.62805
49299 2.13956 NaN NaN NaN 207.28290 -137.66734 0.49350 311.34570 -185.08719 -52.92622 NaN NaN NaN 16.28435 -164.83148 16.19983 -10.67918 -151.75131 -110.63751
49300 2.14789 NaN NaN NaN 207.27431 -137.65254 0.47991 311.33234 -185.09178 -52.93024 NaN NaN NaN 16.28359 -164.82642 16.19563 -10.68915 -151.75336 -110.58439
49301 2.15622 NaN NaN NaN 207.25800 -137.64456 0.47561 311.33759 -185.09160 -52.91497 NaN NaN NaN 16.29725 -164.78813 16.19619 -10.66557 -151.71452 -110.57737
49302 2.16455 NaN NaN NaN 207.24936 -137.62613 0.46953 311.31598 -185.09921 -52.87770 NaN NaN NaN 16.32077 -164.78549 16.20369 -10.65805 -151.73698 -110.58766
49303 2.17288 NaN NaN NaN 207.23468 -137.61349 0.45637 311.30148 -185.10130 -52.87146 NaN NaN NaN 16.31821 -164.78104 16.20646 -10.65982 -151.72227 -110.59627
49304 2.18122 NaN NaN NaN 207.22481 -137.59993 0.46393 311.29990 -185.11136 -52.84275 NaN NaN NaN 16.30893 -164.75679 16.20840 -10.68359 -151.74507 -110.59155
49305 2.18955 NaN NaN NaN 207.22954 -137.60864 0.46066 311.30573 -185.11450 -52.87057 NaN NaN NaN 16.30025 -164.75803 16.20424 -10.68371 -151.70465 -110.57937
49306 2.19788 NaN NaN NaN 207.23247 -137.61520 0.47103 311.31781 -185.12450 -52.85327 NaN NaN NaN 16.31602 -164.75348 16.20695 -10.66969 -151.70367 -110.60128
49307 2.20621 NaN NaN NaN 207.25101 -137.64369 0.48056 311.31775 -185.11003 -52.87873 NaN NaN NaN 16.29960 -164.77316 16.20398 -10.64839 -151.69235 -110.58278
49308 2.21454 NaN NaN NaN 207.26270 -137.66077 0.49422 311.32648 -185.09314 -52.90845 NaN NaN NaN 16.29513 -164.78940 16.21197 -10.63263 -151.69576 -110.58187
49309 2.22287 NaN NaN NaN 207.28279 -137.69107 0.50244 311.34268 -185.08737 -52.91936 NaN NaN NaN 16.27541 -164.81578 16.21488 -10.63900 -151.67471 -110.57863
49310 2.23120 NaN NaN NaN 207.28809 -137.70456 0.51951 311.35330 -185.11296 -52.90528 NaN NaN NaN 16.26441 -164.84149 16.21493 -10.65096 -151.69977 -110.57275
49311 2.23953 NaN NaN NaN 207.30414 -137.72255 0.51436 311.35355 -185.11444 -52.90874 NaN NaN NaN 16.25990 -164.84160 16.22034 -10.66595 -151.69194 -110.57911
49312 2.24787 NaN NaN NaN 207.30232 -137.74440 0.51346 311.34631 -185.13869 -52.90676 NaN NaN NaN 16.26495 -164.84746 16.22782 -10.66484 -151.70987 -110.56184
49313 2.25620 NaN NaN NaN 207.29770 -137.73851 0.50685 311.35782 -185.15024 -52.91522 NaN NaN NaN 16.27094 -164.83727 16.22519 -10.66063 -151.69984 -110.55334
49314 2.26453 NaN NaN NaN 207.29497 -137.71628 0.50851 311.36267 -185.14503 -52.90375 NaN NaN NaN 16.28703 -164.83127 16.23315 -10.64958 -151.70735 -110.56326
49315 2.27286 NaN NaN NaN 207.29297 -137.71298 0.49459 311.36386 -185.12785 -52.89050 NaN NaN NaN 16.29323 -164.83546 16.24678 -10.65283 -151.68744 -110.56788
49316 2.28119 NaN NaN NaN 207.27155 -137.67690 0.47058 311.35687 -185.13451 -52.84906 NaN NaN NaN 16.30655 -164.81317 16.24496 -10.63294 -151.68642 -110.56945
49317 2.28952 NaN NaN NaN 207.25354 -137.67978 0.47512 311.35413 -185.13441 -52.82741 NaN NaN NaN 16.30972 -164.82143 16.23716 -10.63226 -151.67439 -110.56728
49318 2.29785 NaN NaN NaN 207.25493 -137.68556 0.47256 311.35992 -185.14978 -52.82001 NaN NaN NaN 16.32917 -164.80714 16.25833 -10.62836 -151.68445 -110.55502
49319 2.30618 NaN NaN NaN 207.25375 -137.69418 0.46199 311.34744 -185.13911 -52.86884 NaN NaN NaN 16.33395 -164.79898 16.27632 -10.63711 -151.67691 -110.55769
49320 2.31452 NaN NaN NaN 207.26775 -137.69783 0.46213 311.36960 -185.14435 -52.84685 NaN NaN NaN 16.34146 -164.77483 16.27944 -10.61648 -151.69774 -110.53658
49321 2.32285 NaN NaN NaN 207.24445 -137.69131 0.44861 311.37885 -185.16177 -52.82403 NaN NaN NaN 16.35341 -164.76967 16.28164 -10.62678 -151.70055 -110.53754
49322 2.33118 NaN NaN NaN 207.25935 -137.69446 0.45212 311.38065 -185.16034 -52.81090 NaN NaN NaN 16.35239 -164.76889 16.28942 -10.58985 -151.65892 -110.50071
49323 2.33951 NaN NaN NaN 207.26952 -137.70352 0.45467 311.38052 -185.18817 -52.84611 NaN NaN NaN 16.34368 -164.79747 16.30310 -10.66150 -151.69498 -110.44092
49324 2.34784 NaN NaN NaN 207.27562 -137.71729 0.46003 311.37723 -185.18355 -52.82410 NaN NaN NaN 16.34874 -164.79468 16.31002 -10.64306 -151.72385 -110.51570
49325 2.35617 NaN NaN NaN 207.27634 -137.72003 0.45544 311.39526 -185.22083 -52.82195 NaN NaN NaN 16.34473 -164.79211 16.30189 -10.69896 -151.73085 -110.40996
49326 2.36450 NaN NaN NaN 207.29309 -137.74487 0.46967 311.40265 -185.20839 -52.85023 NaN NaN NaN 16.35033 -164.79781 16.33859 -10.65427 -151.74593 -110.44701
49327 2.37284 NaN NaN NaN 207.30396 -137.76535 0.48507 311.39941 -185.22987 -52.82621 NaN NaN NaN 16.34436 -164.80258 16.34490 -10.67645 -151.75648 -110.36188
49328 2.38117 NaN NaN NaN 207.30273 -137.77916 0.48243 311.40930 -185.22325 -52.83200 NaN NaN NaN 16.34155 -164.81779 16.35892 -10.62548 -151.71054 -110.40926
49329 2.38950 NaN NaN NaN 207.32121 -137.79848 0.48188 311.42084 -185.25006 -52.86926 NaN NaN NaN 16.35135 -164.82825 16.35717 -10.67549 -151.73563 -110.37318
49330 2.39783 NaN NaN NaN 207.31021 -137.79179 0.47028 311.41553 -185.20175 -52.89403 NaN NaN NaN 16.34863 -164.82762 16.36557 -10.64721 -151.70874 -110.33636
49331 2.40616 NaN NaN NaN 207.29765 -137.79704 0.45805 311.41052 -185.20932 -52.89730 NaN NaN NaN 16.35854 -164.82587 16.36517 -10.65695 -151.72331 -110.40493
49332 2.41449 NaN NaN NaN 207.25954 -137.78333 0.44927 311.39511 -185.20459 -52.88434 NaN NaN NaN 16.36506 -164.81622 16.37215 -10.66314 -151.71245 -110.35606
49333 2.42282 NaN NaN NaN 207.25481 -137.74471 0.42822 311.40347 -185.23671 -52.85315 NaN NaN NaN 16.35908 -164.82060 16.36839 -10.64781 -151.72237 -110.40269
49334 2.43115 NaN NaN NaN 207.25072 -137.73663 0.42097 311.38129 -185.23557 -52.81763 NaN NaN NaN 16.35132 -164.82515 16.37173 -10.64313 -151.68846 -110.33382
49335 2.43949 NaN NaN NaN 207.25595 -137.71074 0.39592 311.38452 -185.25575 -52.84786 NaN NaN NaN 16.35462 -164.82347 16.36988 -10.63726 -151.69049 -110.40843
49336 2.44782 NaN NaN NaN 207.24397 -137.72404 0.39727 311.38083 -185.23608 -52.82854 NaN NaN NaN 16.36080 -164.79221 16.36371 -10.65955 -151.69786 -110.33820
49337 2.45615 NaN NaN NaN 207.23889 -137.70859 0.38601 311.39630 -185.26266 -52.81152 NaN NaN NaN 16.35246 -164.79463 16.37172 -10.64564 -151.70685 -110.40327
49338 2.46448 NaN NaN NaN 207.23405 -137.72556 0.38813 311.37949 -185.25093 -52.78670 NaN NaN NaN 16.36321 -164.78658 16.37842 -10.64886 -151.71158 -110.33415
49339 2.47281 NaN NaN NaN 207.21637 -137.72412 0.36359 311.38345 -185.28806 -52.80890 NaN NaN NaN 16.35608 -164.78929 16.39413 -10.61323 -151.66756 -110.37576
49340 2.48114 NaN NaN NaN 207.21725 -137.72324 0.35920 311.37003 -185.28789 -52.77853 NaN NaN NaN 16.36422 -164.79456 16.38938 -10.59645 -151.67432 -110.40424
49341 2.48947 NaN NaN NaN 207.20561 -137.69029 0.35165 311.37607 -185.30905 -52.76398 NaN NaN NaN 16.35657 -164.80904 16.39335 -10.61701 -151.67287 -110.43425
49342 2.49780 NaN NaN NaN 207.20567 -137.69949 0.34580 311.37451 -185.28146 -52.76323 NaN NaN NaN 16.36777 -164.80257 16.39489 -10.58864 -151.68979 -110.41753
49343 2.50614 NaN NaN NaN 207.19331 -137.68028 0.34212 311.38135 -185.29506 -52.76635 NaN NaN NaN 16.37161 -164.77728 16.40078 -10.59662 -151.69576 -110.41291
49344 2.51447 NaN NaN NaN 207.19502 -137.69057 0.33017 311.37347 -185.28117 -52.77113 NaN NaN NaN 16.38088 -164.76527 16.39373 -10.59641 -151.69699 -110.38988
49345 2.52280 NaN NaN NaN 207.19153 -137.68686 0.32117 311.38623 -185.29292 -52.78115 NaN NaN NaN 16.38167 -164.76703 16.41087 -10.57951 -151.66475 -110.37603
49346 2.53113 NaN NaN NaN 207.17781 -137.68109 0.32115 311.36945 -185.26965 -52.78073 NaN NaN NaN 16.38410 -164.75899 16.40482 -10.60108 -151.66975 -110.38199
49347 2.53946 NaN NaN NaN 207.15802 -137.67970 0.32805 311.37839 -185.26411 -52.77366 NaN NaN NaN 16.36808 -164.75446 16.42076 -10.58167 -151.62697 -110.38144
49348 2.54779 NaN NaN NaN 207.15826 -137.67430 0.31960 311.37665 -185.25603 -52.75547 NaN NaN NaN 16.37011 -164.76170 16.41278 -10.59205 -151.65546 -110.37947
49349 2.55612 NaN NaN NaN 207.16167 -137.65355 0.30158 311.36865 -185.24599 -52.75090 NaN NaN NaN 16.37355 -164.76443 16.42887 -10.60079 -151.64211 -110.37573
49350 2.56445 NaN NaN NaN 207.16296 -137.63625 0.28551 311.36813 -185.22968 -52.74515 NaN NaN NaN 16.35978 -164.76390 16.44720 -10.60963 -151.65135 -110.34674
49351 2.57279 NaN NaN NaN 207.12827 -137.65106 0.27348 311.36014 -185.25053 -52.72836 NaN NaN NaN 16.35772 -164.75766 16.47486 -10.63845 -151.64409 -110.34282
49352 2.58112 NaN NaN NaN 207.13335 -137.65981 0.28058 311.36227 -185.22836 -52.73510 NaN NaN NaN 16.35261 -164.75627 16.47475 -10.62714 -151.67937 -110.32707
49353 2.58945 NaN NaN NaN 207.13034 -137.64307 0.25843 311.37289 -185.26547 -52.70997 NaN NaN NaN 16.34636 -164.74542 16.49909 -10.69272 -151.69261 -110.22951
49354 2.59778 NaN NaN NaN 207.12354 -137.61392 0.24602 311.36847 -185.23431 -52.73083 NaN NaN NaN 16.33867 -164.76102 16.49935 -10.67093 -151.71501 -110.19792
49355 2.60611 NaN NaN NaN 207.11185 -137.58159 0.21354 311.21384 -185.44119 -52.50358 NaN NaN NaN 16.33930 -164.75076 16.51188 -10.66840 -151.70561 -110.17807
49356 2.61444 NaN NaN NaN 207.07088 -137.54063 0.19164 311.28192 -185.37399 -52.61016 NaN NaN NaN 16.32039 -164.75676 16.52668 -10.72099 -151.71677 -110.17577
49357 2.62277 NaN NaN NaN 207.06017 -137.53094 0.16683 311.34140 -185.32260 -52.66486 NaN NaN NaN 16.31840 -164.74701 16.53629 -10.69176 -151.67700 -110.19096
49358 2.63111 NaN NaN NaN 207.05852 -137.52785 0.17144 311.38544 -185.22116 -52.71933 NaN NaN NaN 16.31931 -164.73781 16.56389 -10.67708 -151.64746 -110.20289
49359 2.63944 NaN NaN NaN 207.07271 -137.54907 0.18233 311.38870 -185.13081 -52.70557 NaN NaN NaN 16.28676 -164.72202 16.56334 -10.67959 -151.62730 -110.19633
49360 2.64777 NaN NaN NaN 207.05043 -137.53937 0.18358 311.38083 -185.11060 -52.73372 NaN NaN NaN 16.28254 -164.71980 16.58635 -10.72877 -151.62512 -110.16834
49361 2.65610 NaN NaN NaN 207.05138 -137.54973 0.16464 311.38708 -185.13612 -52.69279 NaN NaN NaN 16.26611 -164.72125 16.60199 -10.72768 -151.61737 -110.17070
49362 2.66443 NaN NaN NaN 207.03976 -137.51169 0.15138 311.38419 -185.15720 -52.70542 NaN NaN NaN 16.25202 -164.72995 16.60135 -10.71223 -151.64349 -110.16032
49363 2.67276 NaN NaN NaN 207.03920 -137.52722 0.14940 311.37930 -185.21080 -52.67074 NaN NaN NaN 16.24088 -164.73215 16.60197 -10.75681 -151.64200 -110.14986
49364 2.68109 NaN NaN NaN 207.03677 -137.50375 0.13669 311.35580 -185.21785 -52.68361 NaN NaN NaN 16.22860 -164.72528 16.59635 -10.72951 -151.63768 -110.15466
49365 2.68942 NaN NaN NaN 207.01486 -137.51581 0.13405 311.35287 -185.21806 -52.66286 NaN NaN NaN 16.22653 -164.75487 16.60911 -10.68962 -151.56329 -110.22404
49366 2.69776 NaN NaN NaN 207.00926 -137.52190 0.12365 311.33722 -185.20204 -52.67240 NaN NaN NaN 16.22648 -164.76358 16.61759 -10.65868 -151.54506 -110.21532
49367 2.70609 NaN NaN NaN 207.00290 -137.52458 0.11698 311.35815 -185.19235 -52.69687 NaN NaN NaN 16.23399 -164.77776 16.62888 -10.66383 -151.49075 -110.25041
49368 2.71442 NaN NaN NaN 206.98001 -137.52419 0.11576 311.34650 -185.19405 -52.70105 NaN NaN NaN 16.21451 -164.76839 16.62767 -10.66969 -151.47325 -110.25533
49369 2.72275 NaN NaN NaN 206.97928 -137.53732 0.09914 311.36938 -185.21495 -52.69148 NaN NaN NaN 16.21410 -164.78239 16.63219 -10.71560 -151.50446 -110.23578
49370 2.73108 NaN NaN NaN 206.96495 -137.52705 0.09811 311.36127 -185.22360 -52.67936 NaN NaN NaN 16.20959 -164.78389 16.63178 -10.72588 -151.54083 -110.13334
49371 2.73941 NaN NaN NaN 206.98543 -137.54536 0.08501 311.36478 -185.23859 -52.64714 NaN NaN NaN 16.22082 -164.79309 16.62680 -10.69247 -151.53778 -110.15583
49372 2.74774 NaN NaN NaN 206.96362 -137.54094 0.06661 311.34879 -185.24965 -52.64705 NaN NaN NaN 16.21836 -164.77736 16.61360 -10.66983 -151.51775 -110.16511
49373 2.75607 NaN NaN NaN 206.98532 -137.54761 0.03847 311.35376 -185.26537 -52.63668 NaN NaN NaN 16.22761 -164.78482 16.61412 -10.66226 -151.47412 -110.19958
49374 2.76441 NaN NaN NaN 206.95650 -137.52895 0.01291 311.34946 -185.24292 -52.65512 NaN NaN NaN 16.23433 -164.76746 16.61925 -10.69105 -151.45880 -110.20708
49375 2.77274 NaN NaN NaN 206.93732 -137.54990 0.00526 311.37439 -185.24068 -52.63587 NaN NaN NaN 16.24186 -164.77142 16.61591 -10.73201 -151.45230 -110.21390
49376 2.78107 NaN NaN NaN 206.91354 -137.53629 -0.05001 311.36395 -185.20900 -52.62042 NaN NaN NaN 16.23449 -164.76561 16.60328 -10.70324 -151.44525 -110.19924
49377 2.78940 NaN NaN NaN 206.87892 -137.54752 -0.05891 311.37375 -185.22549 -52.58906 NaN NaN NaN 16.23008 -164.75899 16.60610 -10.72195 -151.45386 -110.21485
49378 2.79773 NaN NaN NaN 206.87131 -137.52676 -0.11861 311.35138 -185.21761 -52.56491 NaN NaN NaN 16.22396 -164.74690 16.59177 -10.70632 -151.45781 -110.18644
49379 2.80606 NaN NaN NaN 206.83693 -137.51186 -0.17061 311.35043 -185.22821 -52.56922 NaN NaN NaN 16.22990 -164.74060 16.60057 -10.71778 -151.43954 -110.18508
49380 2.81439 NaN NaN NaN 206.82225 -137.50264 -0.19797 311.34674 -185.21822 -52.56535 NaN NaN NaN 16.22809 -164.73663 16.61326 -10.69262 -151.40344 -110.18877
49381 2.82273 NaN NaN NaN 206.80670 -137.50621 -0.19972 311.35645 -185.20853 -52.57008 NaN NaN NaN 16.22672 -164.74242 16.61600 -10.69160 -151.36670 -110.17515
49382 2.83106 NaN NaN NaN 206.81827 -137.48344 -0.22771 311.34409 -185.21474 -52.56936 NaN NaN NaN 16.19801 -164.73805 16.60924 -10.68055 -151.34012 -110.16596
49383 2.83939 NaN NaN NaN 206.79823 -137.49594 -0.21170 311.35049 -185.21463 -52.56844 NaN NaN NaN 16.19185 -164.73978 16.62889 -10.64810 -151.30603 -110.14465
49384 2.84772 NaN NaN NaN 206.80894 -137.50569 -0.19737 311.33640 -185.18666 -52.57904 NaN NaN NaN 16.18652 -164.73050 16.64665 -10.65252 -151.31102 -110.14246
49385 2.85605 NaN NaN NaN 206.82089 -137.51537 -0.18621 311.35553 -185.19374 -52.58563 NaN NaN NaN 16.18776 -164.74568 16.65618 -10.63939 -151.30029 -110.09902
49386 2.86438 NaN NaN NaN 206.82916 -137.52858 -0.19381 311.34857 -185.19777 -52.59059 NaN NaN NaN 16.13589 -164.75461 16.66660 -10.66211 -151.32124 -110.09261
49387 2.87271 NaN NaN NaN 206.82231 -137.54951 -0.19715 311.35446 -185.20905 -52.59134 NaN NaN NaN 16.12533 -164.76877 16.68704 -10.67782 -151.33344 -110.07743
49388 2.88104 NaN NaN NaN 206.83160 -137.54276 -0.20743 311.34518 -185.18721 -52.57802 NaN NaN NaN 16.08741 -164.76093 16.69766 -10.68947 -151.34105 -110.06870
49389 2.88938 NaN NaN NaN 206.81934 -137.56033 -0.20684 311.35358 -185.18698 -52.56367 NaN NaN NaN 16.06583 -164.75865 16.72077 -10.68038 -151.29178 -110.04221
49390 2.89771 NaN NaN NaN 206.82639 -137.52660 -0.23777 311.35327 -185.19072 -52.56227 NaN NaN NaN 16.05324 -164.76845 16.72937 -10.68655 -151.29510 -110.05945
49391 2.90604 NaN NaN NaN 206.80524 -137.51323 -0.26538 311.36456 -185.19287 -52.57715 NaN NaN NaN 16.02676 -164.76704 16.75317 -10.68102 -151.27196 -110.03295
49392 2.91437 NaN NaN NaN 206.79120 -137.49460 -0.27272 311.34961 -185.17995 -52.57227 NaN NaN NaN 16.00543 -164.78134 16.76775 -10.68709 -151.27457 -110.05778
49393 2.92270 NaN NaN NaN 206.77403 -137.51869 -0.28110 311.36194 -185.18556 -52.57077 NaN NaN NaN 15.98723 -164.77852 16.76471 -10.69006 -151.24109 -110.03887
49394 2.93103 NaN NaN NaN 206.75911 -137.49834 -0.29335 311.34653 -185.17903 -52.57005 NaN NaN NaN 15.97104 -164.79097 16.75718 -10.67135 -151.19231 -110.04085
49395 2.93936 NaN NaN NaN 206.74437 -137.51596 -0.30564 311.35046 -185.18018 -52.56993 NaN NaN NaN 15.92823 -164.78252 16.74590 -10.66940 -151.13983 -110.04239
49396 2.94769 NaN NaN NaN 206.73351 -137.54523 -0.31263 311.33737 -185.18739 -52.56302 NaN NaN NaN 15.87993 -164.75964 16.74253 -10.64794 -151.08313 -110.06593
49397 2.95603 NaN NaN NaN 206.71117 -137.52686 -0.32437 311.34714 -185.18080 -52.55377 NaN NaN NaN 15.86799 -164.74835 16.73010 -10.64150 -150.99414 -110.07348
49398 2.96436 NaN NaN NaN 206.68564 -137.53853 -0.33835 311.34042 -185.15384 -52.56341 NaN NaN NaN 15.84799 -164.75452 16.72949 -10.64348 -150.97325 -110.08931
49399 2.97269 NaN NaN NaN 206.67021 -137.50154 -0.36431 311.35083 -185.14305 -52.54126 NaN NaN NaN 15.82067 -164.72186 16.71329 -10.64045 -150.94789 -110.08878
49400 2.98102 NaN NaN NaN 206.65793 -137.49005 -0.38319 311.19016 -185.30618 -52.33519 NaN NaN NaN 15.80220 -164.74210 16.69860 -10.62741 -150.92715 -110.10143
49401 2.98935 NaN NaN NaN 206.63541 -137.43579 -0.40618 311.25336 -185.27628 -52.40756 NaN NaN NaN 15.78135 -164.74857 16.68937 -10.62966 -150.87070 -110.11147
49402 2.99768 NaN NaN NaN 206.60481 -137.44812 -0.41376 311.28696 -185.20950 -52.45579 NaN NaN NaN 15.76928 -164.74440 16.66795 -10.59176 -150.80792 -110.13908
49403 3.00601 NaN NaN NaN 206.58859 -137.42888 -0.45106 311.32660 -185.14471 -52.49651 NaN NaN NaN 15.75509 -164.73080 16.66959 -10.58856 -150.75349 -110.16137
49404 3.01435 NaN NaN NaN 206.57033 -137.42516 -0.48206 311.33475 -185.05547 -52.51381 NaN NaN NaN 15.74905 -164.70863 16.66047 -10.56199 -150.66637 -110.17649
49405 3.02268 NaN NaN NaN 206.56584 -137.42268 -0.50536 311.33276 -185.02008 -52.50914 NaN NaN NaN 15.72537 -164.69832 16.65491 -10.54576 -150.58922 -110.19053
49406 3.03101 NaN NaN NaN 206.55055 -137.41110 -0.50827 311.32184 -185.03481 -52.49925 NaN NaN NaN 15.70207 -164.66473 16.64113 -10.56004 -150.56949 -110.20255
49407 3.03934 NaN NaN NaN 206.55186 -137.41138 -0.52744 311.32950 -185.05186 -52.49426 NaN NaN NaN 15.69503 -164.66418 16.63575 -10.54461 -150.57770 -110.19566
49408 3.04767 NaN NaN NaN 206.54982 -137.38211 -0.52985 311.33099 -185.09431 -52.47650 NaN NaN NaN 15.68479 -164.66141 16.63013 -10.53437 -150.59842 -110.18694
49409 3.05600 NaN NaN NaN 206.53049 -137.36075 -0.55063 311.31952 -185.11060 -52.46714 NaN NaN NaN 15.67660 -164.64983 16.63660 -10.52534 -150.58881 -110.17879
49410 3.06433 NaN NaN NaN 206.50069 -137.34746 -0.59973 311.18619 -185.31058 -52.26048 NaN NaN NaN 15.67406 -164.63518 16.63831 -10.53430 -150.60493 -110.19023
49411 3.07266 NaN NaN NaN 206.44426 -137.31383 -0.65615 311.23941 -185.29305 -52.30057 NaN NaN NaN 15.64561 -164.62109 16.64498 -10.51703 -150.54749 -110.18430
49412 3.08100 NaN NaN NaN 206.39175 -137.27324 -0.70883 311.27664 -185.25092 -52.29114 NaN NaN NaN 15.60732 -164.65207 16.64440 -10.51887 -150.52707 -110.19374
49413 3.08933 NaN NaN NaN 206.33057 -137.20534 -0.76397 311.33896 -185.14075 -52.24936 NaN NaN NaN 15.56748 -164.69417 16.64539 -10.53045 -150.50591 -110.19704
49414 3.09766 NaN NaN NaN 206.26524 -137.13353 -0.82859 311.28534 -185.01691 -52.14578 NaN NaN NaN 15.53831 -164.71288 16.63978 -10.53780 -150.50369 -110.21104
49415 3.10599 NaN NaN NaN 206.19870 -137.08698 -0.89526 311.15112 -185.12704 -51.93821 NaN NaN NaN 15.49618 -164.76199 16.63586 -10.51439 -150.50261 -110.20674
49416 3.11432 NaN NaN NaN 206.12286 -137.04086 -0.94118 311.20267 -185.08658 -51.94852 NaN NaN NaN 15.46283 -164.76956 16.64451 -10.52982 -150.51012 -110.21539
49417 3.12265 NaN NaN NaN 206.07965 -137.00244 -0.99714 311.09897 -185.21465 -51.72974 NaN NaN NaN 15.44720 -164.79758 16.63816 -10.51506 -150.52718 -110.21539
49418 3.13098 NaN NaN NaN 205.98761 -136.96040 -1.03586 311.18863 -185.15469 -51.76157 NaN NaN NaN 15.41767 -164.82339 16.63762 -10.51076 -150.53873 -110.21690
49419 3.13931 NaN NaN NaN 205.93781 -136.91933 -1.07231 311.08997 -185.26259 -51.53886 NaN NaN NaN 15.40687 -164.84755 16.62894 -10.48474 -150.53610 -110.25358
49420 3.14765 NaN NaN NaN 205.89926 -136.88022 -1.09434 311.05444 -185.25742 -51.48638 NaN NaN NaN 15.39669 -164.84550 16.62877 -10.51063 -150.53833 -110.24392
49421 3.15598 NaN NaN NaN 205.86438 -136.83287 -1.14090 311.05969 -185.30232 -51.44406 NaN NaN NaN 15.43485 -164.84056 16.62490 -10.49370 -150.53543 -110.22247
49422 3.16431 NaN NaN NaN 205.83958 -136.82068 -1.16853 311.08099 -185.29933 -51.38684 NaN NaN NaN 15.50087 -164.78535 16.61680 -10.50116 -150.54033 -110.22015
49423 3.17264 NaN NaN NaN 205.80008 -136.78644 -1.17911 311.07755 -185.30156 -51.34470 NaN NaN NaN 15.58676 -164.70740 16.60157 -10.49280 -150.53700 -110.21747
49424 3.18097 NaN NaN NaN 205.76509 -136.75670 -1.22589 311.05655 -185.25856 -51.28735 NaN NaN NaN 15.66693 -164.61162 16.58291 -10.48706 -150.55081 -110.22342
49425 3.18930 NaN NaN NaN 205.69841 -136.74464 -1.27384 311.04770 -185.30139 -51.23800 NaN NaN NaN 15.75763 -164.52847 16.56632 -10.45797 -150.51445 -110.22849
49426 3.19763 NaN NaN NaN 205.65582 -136.70006 -1.34806 311.03244 -185.31081 -51.20541 NaN NaN NaN 15.90289 -164.44641 16.56036 -10.42091 -150.47771 -110.24850
49427 3.20596 NaN NaN NaN 205.60387 -136.65419 -1.43930 311.05496 -185.30064 -51.15919 NaN NaN NaN 16.05973 -164.33621 16.55717 -10.36924 -150.44415 -110.25324
49428 3.21430 NaN NaN NaN 205.52458 -136.63255 -1.51481 311.01379 -185.31831 -51.09600 NaN NaN NaN 16.24545 -164.19829 16.53681 -10.32658 -150.41893 -110.27492
49429 3.22263 NaN NaN NaN 205.42465 -136.57893 -1.61318 310.97577 -185.31905 -50.95588 NaN NaN NaN 16.44813 -163.98549 16.53464 -10.29205 -150.39473 -110.27782
49430 3.23096 NaN NaN NaN 205.29593 -136.48334 -1.70769 310.92761 -185.33923 -50.81746 NaN NaN NaN 16.65158 -163.77618 16.51102 -10.18282 -150.41321 -110.29320
49431 3.23929 NaN NaN NaN 205.19598 -136.34966 -1.79576 310.88010 -185.36150 -50.63515 NaN NaN NaN 16.86156 -163.62114 16.49517 -10.10629 -150.38698 -110.31789
49432 3.24762 NaN NaN NaN 205.10533 -136.22261 -1.92529 310.82779 -185.37234 -50.45169 NaN NaN NaN 17.09331 -163.43265 16.49567 -10.04121 -150.39131 -110.30112
49433 3.25595 NaN NaN NaN 204.95851 -136.11774 -2.05461 310.76077 -185.38593 -50.31253 NaN NaN NaN 17.27696 -163.26297 16.48609 -10.02242 -150.38634 -110.26087
49434 3.26428 NaN NaN NaN 204.84666 -136.04788 -2.17700 310.69138 -185.38634 -50.19784 NaN NaN NaN 17.46980 -163.07324 16.48006 -9.99064 -150.35463 -110.25924
49435 3.27262 NaN NaN NaN 204.74991 -135.95096 -2.28170 310.66330 -185.37648 -50.04523 NaN NaN NaN 17.60953 -162.94041 16.47950 -9.96901 -150.34013 -110.25549
49436 3.28095 NaN NaN NaN 204.62717 -135.81772 -2.38104 310.64050 -185.37679 -49.94473 NaN NaN NaN 17.71767 -162.85522 16.50036 -9.93260 -150.33209 -110.25996
49437 3.28928 NaN NaN NaN 204.52423 -135.74068 -2.48577 310.61710 -185.34036 -49.89867 NaN NaN NaN 17.81478 -162.80928 16.50500 -9.90773 -150.33244 -110.19582
49438 3.29761 NaN NaN NaN 204.43581 -135.64948 -2.57459 310.63019 -185.30925 -49.78218 NaN NaN NaN 17.88352 -162.72324 16.53987 -9.90142 -150.36490 -110.14885
49439 3.30594 NaN NaN NaN 204.34793 -135.54845 -2.68662 310.58224 -185.26689 -49.65220 NaN NaN NaN 17.91531 -162.67873 16.55929 -9.89472 -150.35406 -110.09701
49440 3.31427 NaN NaN NaN 204.26396 -135.45084 -2.75027 310.56403 -185.23761 -49.53408 NaN NaN NaN 17.93204 -162.62294 16.59683 -9.87807 -150.35201 -110.05100
49441 3.32260 NaN NaN NaN 204.19563 -135.29562 -2.85737 310.53751 -185.21541 -49.43635 NaN NaN NaN 17.95701 -162.57587 16.65315 -9.85596 -150.34589 -110.00183
49442 3.33093 NaN NaN NaN 204.12646 -135.22144 -2.93626 310.50476 -185.17772 -49.35372 NaN NaN NaN 17.94441 -162.52611 16.72571 -9.81394 -150.38412 -109.97121
49443 3.33927 NaN NaN NaN 204.05188 -135.21027 -3.00645 310.50098 -185.15012 -49.27047 NaN NaN NaN 17.92234 -162.44621 16.80678 -9.77175 -150.39998 -109.86993
49444 3.34760 NaN NaN NaN 204.00569 -135.12756 -3.09685 310.51306 -185.15648 -49.19218 NaN NaN NaN 17.90548 -162.36784 16.89398 -9.72565 -150.42535 -109.80103
49445 3.35593 NaN NaN NaN 203.93745 -135.06662 -3.20774 310.52100 -185.13625 -49.10291 NaN NaN NaN 17.88937 -162.32733 16.96490 -9.69052 -150.42580 -109.75134
49446 3.36426 NaN NaN NaN 203.84276 -134.95277 -3.32764 310.50781 -185.12009 -48.91977 NaN NaN NaN 17.86716 -162.31793 17.02326 -9.67752 -150.42088 -109.71556
49447 3.37259 NaN NaN NaN 203.71066 -134.81543 -3.47228 310.47308 -185.08234 -48.69577 NaN NaN NaN 17.82624 -162.29485 17.07528 -9.59530 -150.32834 -109.70820
49448 3.38092 NaN NaN NaN 203.54340 -134.61592 -3.70462 310.45349 -185.03804 -48.45573 NaN NaN NaN 17.79086 -162.26776 17.12596 -9.60111 -150.30913 -109.70249
49449 3.38925 NaN NaN NaN 203.31903 -134.30954 -3.95075 310.39691 -185.00888 -48.18423 NaN NaN NaN 17.76675 -162.22676 17.16188 -9.52330 -150.23663 -109.70787
49450 3.39758 NaN NaN NaN 203.07521 -134.07736 -4.21417 310.29623 -184.90900 -47.85363 NaN NaN NaN 17.75836 -162.20560 17.20384 -9.52126 -150.20233 -109.71221
49451 3.40592 NaN NaN NaN 202.80634 -133.78683 -4.55066 310.21664 -184.78894 -47.41684 NaN NaN NaN 17.75740 -162.17049 17.25338 -9.52764 -150.15662 -109.67231
49452 3.41425 NaN NaN NaN 202.47249 -133.46501 -4.92711 310.11423 -184.74677 -47.03639 NaN NaN NaN 17.75306 -162.13448 17.27941 -9.46408 -150.12656 -109.66162
49453 3.42258 NaN NaN NaN 202.13371 -133.12717 -5.25831 309.99310 -184.63525 -46.55635 NaN NaN NaN 17.74027 -162.11252 17.30531 -9.42861 -150.11693 -109.61314
49454 3.43091 NaN NaN NaN 201.79994 -132.77939 -5.55185 309.85651 -184.55048 -46.15295 NaN NaN NaN 17.76388 -162.06067 17.32544 -9.43038 -150.09500 -109.55959
49455 3.43924 NaN NaN NaN 201.48695 -132.40454 -5.89579 309.69098 -184.48907 -45.77128 NaN NaN NaN 17.80477 -162.00407 17.39898 -9.38723 -150.05597 -109.54272
49456 3.44757 NaN NaN NaN 201.15063 -132.03284 -6.27780 309.54568 -184.35896 -45.34395 NaN NaN NaN 17.83399 -161.94502 17.44478 -9.44907 -150.08578 -109.40829
49457 3.45590 NaN NaN NaN 200.81210 -131.71802 -6.66896 309.38849 -184.28191 -44.93892 NaN NaN NaN 17.84434 -161.87770 17.47412 -9.44223 -150.07579 -109.41667
49458 3.46424 NaN NaN NaN 200.52635 -131.44209 -7.02854 309.24664 -184.22124 -44.48022 NaN NaN NaN 17.84665 -161.81943 17.52798 -9.36497 -150.07326 -109.36692
49459 3.47257 NaN NaN NaN 200.23206 -131.11943 -7.40969 309.08405 -184.07364 -44.00309 NaN NaN NaN 17.86684 -161.77042 17.59197 -9.33234 -150.08086 -109.34319
49460 3.48090 NaN NaN NaN 199.90768 -130.82283 -7.80004 308.96021 -184.04146 -43.52391 NaN NaN NaN 17.87048 -161.70891 17.64845 -9.32255 -150.03056 -109.24918
49461 3.48923 NaN NaN NaN 199.58649 -130.53070 -8.15730 308.79715 -183.97539 -43.00990 NaN NaN NaN 17.89612 -161.65750 17.69343 -9.28237 -150.03593 -109.10330
49462 3.49756 NaN NaN NaN 199.28076 -130.12489 -8.61054 308.61227 -183.88702 -42.49755 NaN NaN NaN 17.91312 -161.62280 17.73968 -9.22032 -149.98859 -109.05623
49463 3.50589 NaN NaN NaN 198.93549 -129.78061 -9.02774 308.48297 -183.78851 -42.03415 NaN NaN NaN 17.93507 -161.59178 17.79771 -9.17633 -149.94650 -109.03085
49464 3.51422 NaN NaN NaN 198.60025 -129.46167 -9.46473 308.31796 -183.67181 -41.54479 NaN NaN NaN 17.95914 -161.56024 17.87109 -9.12290 -149.93819 -109.00293
49465 3.52255 NaN NaN NaN 198.24585 -129.05870 -9.95645 308.12091 -183.57010 -40.99958 NaN NaN NaN 17.95445 -161.54802 17.93496 -9.08472 -149.98065 -108.98784
49466 3.53089 NaN NaN NaN 197.89598 -128.66644 -10.46763 307.89273 -183.39960 -40.37114 NaN NaN NaN 17.92969 -161.51895 17.99825 -9.06182 -150.01411 -108.91202
49467 3.53922 NaN NaN NaN 197.45848 -128.21422 -11.05899 307.69714 -183.13239 -39.84258 NaN NaN NaN 17.91336 -161.49712 18.05397 -9.05059 -150.04768 -108.86356
49468 3.54755 NaN NaN NaN 197.07021 -127.69962 -11.67904 307.43839 -182.91817 -39.24918 NaN NaN NaN 17.91144 -161.47003 18.11109 -9.01259 -150.08427 -108.81075
49469 3.55588 NaN NaN NaN 196.63474 -127.16945 -12.31293 307.14594 -182.70183 -38.65184 NaN NaN NaN 17.91797 -161.44319 18.19799 -8.97912 -150.11327 -108.74807
49470 3.56421 NaN NaN NaN 196.22455 -126.66376 -12.93257 306.81400 -182.59192 -37.96887 NaN NaN NaN 17.92100 -161.38817 18.27509 -8.92783 -150.07129 -108.70606
49471 3.57254 NaN NaN NaN 195.82791 -126.16983 -13.44305 306.53375 -182.43675 -37.39783 NaN NaN NaN 17.94103 -161.31421 18.35016 -8.88701 -150.03816 -108.68691
49472 3.58087 NaN NaN NaN 195.45386 -125.67686 -14.02193 306.24091 -182.36354 -36.84015 NaN NaN NaN 17.93394 -161.26672 18.40553 -8.83760 -150.01953 -108.67474
49473 3.58920 NaN NaN NaN 195.06502 -125.24438 -14.52246 305.99722 -182.23328 -36.32971 NaN NaN NaN 17.93900 -161.21785 18.43281 -8.80057 -149.98540 -108.66695
49474 3.59754 NaN NaN NaN 194.75807 -124.85030 -14.91519 305.71564 -182.07852 -35.96296 NaN NaN NaN 17.94240 -161.16180 18.46994 -8.71100 -149.97499 -108.64355
49475 3.60587 NaN NaN NaN 194.50409 -124.49001 -15.35402 305.51062 -181.89775 -35.54559 NaN NaN NaN 17.93031 -161.08253 18.50848 -8.68582 -149.94415 -108.59401
49476 3.61420 NaN NaN NaN 194.23785 -124.14789 -15.75605 305.27130 -181.70367 -35.16113 NaN NaN NaN 17.92715 -161.01686 18.53937 -8.66414 -149.92366 -108.55695
49477 3.62253 NaN NaN NaN 194.06396 -123.81801 -16.02353 305.10800 -181.56641 -34.90072 NaN NaN NaN 17.91945 -160.97549 18.55410 -8.65087 -149.91423 -108.53644
49478 3.63086 NaN NaN NaN 193.93689 -123.54992 -16.28842 304.98230 -181.47115 -34.63394 NaN NaN NaN 17.89825 -160.92958 18.58190 -8.64389 -149.91486 -108.52879
49479 3.63919 NaN NaN NaN 193.81450 -123.33607 -16.49770 304.89661 -181.41141 -34.38117 NaN NaN NaN 17.87205 -160.86188 18.60006 -8.65831 -149.88844 -108.50257
49480 3.64752 NaN NaN NaN 193.71767 -123.19610 -16.71110 304.81696 -181.38240 -34.12218 NaN NaN NaN 17.85131 -160.81700 18.62651 -8.71786 -149.90581 -108.49254
49481 3.65586 NaN NaN NaN 193.68112 -123.04769 -16.81343 304.80600 -181.31152 -33.97044 NaN NaN NaN 17.81573 -160.75580 18.66051 -8.78693 -149.94160 -108.44276
49482 3.66419 NaN NaN NaN 193.66739 -122.91653 -16.91252 304.77960 -181.20474 -33.83647 NaN NaN NaN 17.80193 -160.68993 18.71201 -8.85415 -150.02240 -108.39465
49483 3.67252 NaN NaN NaN 193.67461 -122.80676 -16.96657 304.76804 -181.11577 -33.73287 NaN NaN NaN 17.79686 -160.65610 18.76664 -8.92330 -150.11160 -108.32787
49484 3.68085 NaN NaN NaN 193.67606 -122.73747 -17.00937 304.79468 -181.12421 -33.65932 NaN NaN NaN 17.79432 -160.64586 18.83143 -8.97751 -150.19041 -108.23399
49485 3.68918 NaN NaN NaN 193.73499 -122.68565 -17.01571 304.82062 -181.07382 -33.68540 NaN NaN NaN 17.82353 -160.62355 18.90749 -9.02693 -150.26894 -108.15777
49486 3.69751 NaN NaN NaN 193.81302 -122.69965 -16.97345 304.87103 -180.99770 -33.81396 NaN NaN NaN 17.87053 -160.57896 18.96207 -9.10220 -150.31419 -108.13303
49487 3.70584 NaN NaN NaN 193.97162 -122.78864 -16.83068 304.96283 -180.95648 -33.99571 NaN NaN NaN 17.94017 -160.50240 19.00249 -9.24208 -150.37642 -108.08807
49488 3.71417 NaN NaN NaN 194.13379 -122.86411 -16.64241 305.11160 -181.07326 -34.09723 NaN NaN NaN 18.05528 -160.36844 19.08492 -9.34056 -150.51608 -107.96569
49489 3.72251 NaN NaN NaN 194.32190 -122.98719 -16.39501 305.28571 -181.06505 -34.31518 NaN NaN NaN 18.26814 -160.21152 19.20956 -9.53325 -150.74493 -107.78024
49490 3.73084 NaN NaN NaN 194.52132 -123.18584 -16.15426 305.43811 -181.09515 -34.58037 NaN NaN NaN 18.48638 -159.95755 19.35086 -9.71590 -151.00092 -107.55255
49491 3.73917 NaN NaN NaN 194.70480 -123.34258 -15.94763 305.61862 -181.16371 -34.88854 NaN NaN NaN 18.73127 -159.68053 19.47751 -9.93302 -151.31671 -107.33706
49492 3.74750 NaN NaN NaN 194.93091 -123.49111 -15.76202 305.77539 -181.24808 -35.15797 NaN NaN NaN 19.01332 -159.38638 19.66430 -10.14294 -151.65753 -107.07626
49493 3.75583 NaN NaN NaN 195.16669 -123.64222 -15.55430 305.94888 -181.31493 -35.40554 NaN NaN NaN 19.38091 -158.97195 19.84077 -10.37146 -152.02859 -106.79323
49494 3.76416 NaN NaN NaN 195.37299 -123.75111 -15.34363 306.11017 -181.42163 -35.81123 NaN NaN NaN 19.83612 -158.48814 20.16621 -10.67509 -152.48218 -106.39066
49495 3.77249 NaN NaN NaN 195.59834 -123.91315 -15.08472 306.25739 -181.51637 -36.09586 NaN NaN NaN 20.44151 -157.92595 20.44981 -11.06878 -152.99045 -105.88571
49496 3.78082 NaN NaN NaN 195.77739 -124.00403 -14.93639 306.35138 -181.55688 -36.26360 NaN NaN NaN 21.08258 -157.23271 20.73877 -11.48985 -153.54868 -105.36250
49497 3.78916 NaN NaN NaN 195.90872 -124.07667 -14.77986 306.44162 -181.58621 -36.40789 NaN NaN NaN 21.87694 -156.43918 21.08483 -11.96541 -154.29155 -104.72672
49498 3.79749 NaN NaN NaN 196.01613 -124.13610 -14.67938 306.50388 -181.59613 -36.55818 NaN NaN NaN 22.73332 -155.47871 21.39813 -12.51070 -155.07344 -104.00271
49499 3.80582 NaN NaN NaN 196.07422 -124.17432 -14.60618 306.54550 -181.61014 -36.68281 NaN NaN NaN 23.62439 -154.45787 21.66649 -13.12598 -155.94475 -103.27866
49500 3.81415 NaN NaN NaN 196.13614 -124.21312 -14.49556 306.56268 -181.64568 -36.78740 NaN NaN NaN 24.61120 -153.35158 21.96089 -13.78642 -156.96346 -102.32084
49501 3.82248 NaN NaN NaN 196.18587 -124.26340 -14.40960 306.61084 -181.67180 -36.94684 NaN NaN NaN 25.64588 -152.19801 22.11109 -14.42886 -157.90691 -101.45743
49502 3.83081 NaN NaN NaN 196.27042 -124.28699 -14.21376 306.63416 -181.68434 -37.11378 NaN NaN NaN 26.73414 -151.01642 22.30476 -14.96290 -158.69609 -100.66084
49503 3.83914 NaN NaN NaN 196.34879 -124.37909 -14.00484 306.67917 -181.69460 -37.38105 NaN NaN NaN 27.83820 -149.80406 22.41331 -15.58739 -159.45995 -99.82124
49504 3.84747 NaN NaN NaN 196.50520 -124.51982 -13.68198 306.74146 -181.65172 -37.85712 NaN NaN NaN 28.98818 -148.50005 22.42875 -16.21946 -160.12743 -98.99268
49505 3.85581 NaN NaN NaN 196.69357 -124.72077 -13.35180 306.86194 -181.65808 -38.36097 NaN NaN NaN 30.23319 -147.10258 22.44176 -16.89726 -160.90987 -98.09978
49506 3.86414 NaN NaN NaN 196.98372 -125.01690 -12.94034 307.01346 -181.66246 -38.97956 NaN NaN NaN 31.53314 -145.65973 22.37733 -17.56847 -161.71999 -97.13410
49507 3.87247 NaN NaN NaN 197.33644 -125.39201 -12.47379 307.20935 -181.71780 -39.74629 NaN NaN NaN 32.86383 -144.16670 22.30258 -18.23983 -162.50020 -96.14509
49508 3.88080 NaN NaN NaN 197.78432 -125.86132 -11.98918 307.47604 -181.75168 -40.64474 NaN NaN NaN 34.25768 -142.58908 22.07917 -18.98576 -163.38547 -95.08813
49509 3.88913 NaN NaN NaN 198.26935 -126.42569 -11.35240 307.75058 -181.97437 -41.65412 NaN NaN NaN 35.59516 -141.00635 21.73580 -19.72776 -164.24702 -93.92706
