Frame# Time LH1 LH2 LH3 RH1 RH2 RH3
X54 Y54 Z54 X55 Y55 Z55 X56 Y56 Z56 X57 Y57 Z57 X58 Y58 Z58 X59 Y59 Z59
33752 0.00286 NaN NaN NaN 156.69995 -104.83255 -21.15767 259.94229 -178.21136 -17.66318 NaN NaN NaN -10.25810 -202.97917 26.48145 -29.22101 -196.08537 -102.22894
33753 0.01119 NaN NaN NaN 156.16608 -104.39577 -21.70774 259.43030 -177.75984 -17.36478 NaN NaN NaN -11.21402 -203.43463 26.50292 -28.93435 -195.96786 -102.39259
33754 0.01952 NaN NaN NaN 155.74614 -104.07593 -22.21276 259.01309 -177.34827 -17.02254 NaN NaN NaN -12.08628 -203.89311 26.43971 -28.63385 -195.91014 -102.55214
33755 0.02785 NaN NaN NaN 155.38007 -103.80505 -22.74112 258.63931 -177.00655 -16.75080 NaN NaN NaN -12.89100 -204.34294 26.36335 -28.30171 -195.79553 -102.68769
33756 0.03618 NaN NaN NaN 155.03647 -103.62814 -23.18025 258.36551 -176.72256 -16.46770 NaN NaN NaN -13.61759 -204.74931 26.28021 -27.93237 -195.73372 -102.86877
33757 0.04451 NaN NaN NaN 154.77109 -103.51344 -23.46162 258.13852 -176.48877 -16.20705 NaN NaN NaN -14.29923 -205.15192 26.15481 -27.63049 -195.66919 -103.05701
33758 0.05284 NaN NaN NaN 154.53137 -103.52326 -23.68323 258.00482 -176.29225 -15.94154 NaN NaN NaN -14.87594 -205.44533 26.11646 -27.31462 -195.57544 -103.22694
33759 0.06117 NaN NaN NaN 154.28206 -103.67661 -23.96386 257.96490 -176.18942 -15.78164 NaN NaN NaN -15.38101 -205.70045 26.10188 -27.05088 -195.49332 -103.38609
33760 0.06951 NaN NaN NaN 154.24475 -103.78848 -24.03694 257.96198 -176.10178 -15.67407 NaN NaN NaN -15.84500 -205.91846 26.10294 -26.79454 -195.43196 -103.46055
33761 0.07784 NaN NaN NaN 154.19180 -103.92583 -24.07228 258.00089 -176.04434 -15.57835 NaN NaN NaN -16.25315 -206.08943 26.09590 -26.59991 -195.40550 -103.44447
33762 0.08617 NaN NaN NaN 154.16109 -104.16553 -24.11094 258.09134 -176.03833 -15.53358 NaN NaN NaN -16.63036 -206.25967 26.09791 -26.50584 -195.45718 -103.43896
33763 0.09450 NaN NaN NaN 154.02080 -104.42437 -24.27867 258.16684 -176.06656 -15.57659 NaN NaN NaN -16.92047 -206.39282 26.12625 -26.47084 -195.53723 -103.41305
33764 0.10283 NaN NaN NaN 154.17705 -104.65666 -24.17312 258.27542 -176.13557 -15.68299 NaN NaN NaN -17.15139 -206.48248 26.18056 -26.50301 -195.64000 -103.39986
33765 0.11116 NaN NaN NaN 154.24608 -104.84128 -24.16773 258.34531 -176.18549 -15.79947 NaN NaN NaN -17.36396 -206.53120 26.25175 -26.51672 -195.72729 -103.35773
33766 0.11949 NaN NaN NaN 154.12439 -105.05504 -24.29586 258.40662 -176.22939 -15.91273 NaN NaN NaN -17.54092 -206.52965 26.34366 -26.55302 -195.84900 -103.30376
33767 0.12783 NaN NaN NaN 154.13036 -105.19008 -24.48945 258.44656 -176.23792 -15.99061 NaN NaN NaN -17.67068 -206.45288 26.42805 -26.59212 -195.93217 -103.18451
33768 0.13616 NaN NaN NaN 154.07222 -105.31470 -24.60846 258.49243 -176.23636 -16.13339 NaN NaN NaN -17.74197 -206.34370 26.55844 -26.62448 -196.03748 -103.05053
33769 0.14449 NaN NaN NaN 153.92754 -105.43587 -24.77418 258.47934 -176.19626 -16.22001 NaN NaN NaN -17.82213 -206.22394 26.69449 -26.63364 -196.15642 -102.88837
33770 0.15282 NaN NaN NaN 153.80101 -105.60250 -24.88767 258.44110 -176.14467 -16.26252 NaN NaN NaN -17.91562 -206.13322 26.81144 -26.66107 -196.24052 -102.72896
33771 0.16115 NaN NaN NaN 153.65207 -105.68506 -25.05055 258.32431 -176.10608 -16.30941 NaN NaN NaN -17.94054 -206.05185 26.99266 -26.77186 -196.31599 -102.54149
33772 0.16948 NaN NaN NaN 153.46265 -105.73610 -25.24273 258.22021 -176.06004 -16.35977 NaN NaN NaN -17.86830 -205.91422 27.20394 -26.92616 -196.40900 -102.42368
33773 0.17781 NaN NaN NaN 153.33691 -105.76896 -25.40438 258.14496 -176.05089 -16.39011 NaN NaN NaN -17.62533 -205.61148 27.44601 -27.20973 -196.52173 -102.19297
33774 0.18614 NaN NaN NaN 153.15692 -105.81960 -25.66667 258.08496 -176.03627 -16.41570 NaN NaN NaN -17.18138 -205.22466 27.75306 -27.66930 -196.77068 -101.90301
33775 0.19448 NaN NaN NaN 153.01921 -105.84525 -25.93732 258.02136 -176.03267 -16.45691 NaN NaN NaN -16.49612 -204.73178 28.03175 -28.23897 -197.15714 -101.51799
33776 0.20281 NaN NaN NaN 152.94441 -105.85673 -26.13987 257.91360 -176.02370 -16.54584 NaN NaN NaN -15.65926 -204.12959 28.37023 -28.84880 -197.64157 -101.13398
33777 0.21114 NaN NaN NaN 152.83737 -105.91986 -26.31679 257.83319 -176.00906 -16.65971 NaN NaN NaN -14.74706 -203.46707 28.71805 -29.41239 -198.10539 -100.70047
33778 0.21947 NaN NaN NaN 152.67799 -105.95006 -26.58601 257.75659 -175.99020 -16.78530 NaN NaN NaN -13.80608 -202.77658 29.01076 -29.91004 -198.50359 -100.31924
33779 0.22780 NaN NaN NaN 152.47295 -106.06576 -26.93230 257.64914 -175.91451 -16.86108 NaN NaN NaN -12.85375 -202.13177 29.20916 -30.28368 -198.89159 -99.88348
33780 0.23613 NaN NaN NaN 152.37593 -105.99718 -27.14162 257.52292 -175.86243 -16.93405 NaN NaN NaN -12.00525 -201.56061 29.35381 -30.55912 -199.16898 -99.59875
33781 0.24446 NaN NaN NaN 152.30457 -105.95781 -27.38481 257.38666 -175.84863 -16.92798 NaN NaN NaN -11.21969 -201.10120 29.47302 -30.69707 -199.20947 -99.25077
33782 0.25279 NaN NaN NaN 152.18201 -105.96021 -27.70289 257.27548 -175.83026 -16.91058 NaN NaN NaN -10.52382 -200.76645 29.62583 -30.70339 -199.22449 -99.01720
33783 0.26113 NaN NaN NaN 152.07443 -105.94733 -27.98525 257.11505 -175.75470 -16.83790 NaN NaN NaN -9.91649 -200.45976 29.72537 -30.75397 -199.31903 -98.88538
33784 0.26946 NaN NaN NaN 151.93181 -105.89827 -28.21521 256.97144 -175.71179 -16.76996 NaN NaN NaN -9.27596 -200.13118 29.89809 -30.85412 -199.43163 -98.62135
33785 0.27779 NaN NaN NaN 151.79451 -105.88903 -28.34172 256.85675 -175.63150 -16.66411 NaN NaN NaN -8.55679 -199.77522 30.11991 -31.11395 -199.67319 -98.28951
33786 0.28612 NaN NaN NaN 151.76422 -105.86533 -28.38906 256.73444 -175.60609 -16.55580 NaN NaN NaN -7.64241 -199.32816 30.28828 -31.53985 -199.96182 -97.86440
33787 0.29445 NaN NaN NaN 151.73402 -105.85227 -28.52088 256.67615 -175.57411 -16.46170 NaN NaN NaN -6.46335 -198.68694 30.44558 -32.19241 -200.35191 -97.27563
33788 0.30278 NaN NaN NaN 151.68878 -105.85124 -28.61641 256.67303 -175.55009 -16.44390 NaN NaN NaN -5.16244 -198.00189 30.59264 -33.00948 -200.93672 -96.73929
33789 0.31111 NaN NaN NaN 151.72375 -105.80660 -28.50482 256.67224 -175.52885 -16.47138 NaN NaN NaN -3.86561 -197.26184 30.65968 -33.82228 -201.50618 -96.14960
33790 0.31945 NaN NaN NaN 151.74359 -105.80204 -28.46459 256.70905 -175.55772 -16.57118 NaN NaN NaN -2.72372 -196.62149 30.65518 -34.58048 -202.11508 -95.59631
33791 0.32778 NaN NaN NaN 151.78008 -105.81146 -28.35977 256.74228 -175.60207 -16.63260 NaN NaN NaN -1.81431 -196.13612 30.58064 -35.20098 -202.55914 -95.14196
33792 0.33611 NaN NaN NaN 151.82353 -105.84876 -28.28864 256.78986 -175.64337 -16.64916 NaN NaN NaN -1.13329 -195.86938 30.53264 -35.63338 -202.96851 -94.84222
33793 0.34444 NaN NaN NaN 151.83864 -105.90881 -28.25522 256.82126 -175.66664 -16.59925 NaN NaN NaN -0.65378 -195.75150 30.48252 -35.87418 -203.18018 -94.68078
33794 0.35277 NaN NaN NaN 151.87537 -105.90453 -28.20151 256.84317 -175.65765 -16.46600 NaN NaN NaN -0.25397 -195.72684 30.44511 -36.12771 -203.32993 -94.57069
33795 0.36110 NaN NaN NaN 151.94429 -105.87172 -28.02685 256.82401 -175.63831 -16.33621 NaN NaN NaN 0.06632 -195.69829 30.41462 -36.41309 -203.54134 -94.46274
33796 0.36943 NaN NaN NaN 151.93851 -105.80482 -27.88491 256.80429 -175.64104 -16.21331 NaN NaN NaN 0.35588 -195.72609 30.43659 -36.78953 -203.82915 -94.26805
33797 0.37776 NaN NaN NaN 151.93687 -105.77870 -27.69927 256.78754 -175.66682 -15.99308 NaN NaN NaN 0.67649 -195.61365 30.52343 -37.25734 -204.19627 -93.93243
33798 0.38610 NaN NaN NaN 151.89851 -105.77718 -27.67072 256.75653 -175.69028 -15.78485 NaN NaN NaN 1.07364 -195.46234 30.61917 -37.89806 -204.71709 -93.44814
33799 0.39443 NaN NaN NaN 151.87953 -105.73786 -27.61634 256.69827 -175.66682 -15.60126 NaN NaN NaN 1.59508 -195.21437 30.75688 -38.73896 -205.37076 -92.86941
33800 0.40276 NaN NaN NaN 151.90964 -105.67483 -27.58122 256.68094 -175.67181 -15.41922 NaN NaN NaN 2.15055 -194.89969 30.85076 -39.62898 -206.09489 -92.17846
33801 0.41109 NaN NaN NaN 151.90581 -105.66586 -27.60174 256.67831 -175.64194 -15.31005 NaN NaN NaN 2.61331 -194.63789 30.96016 -40.52960 -206.81186 -91.47917
33802 0.41942 NaN NaN NaN 151.96321 -105.75695 -27.56623 256.63681 -175.61307 -15.22719 NaN NaN NaN 2.85967 -194.50351 31.03449 -41.36312 -207.47157 -90.90234
33803 0.42775 NaN NaN NaN 151.92178 -105.77471 -27.69905 256.54358 -175.55656 -15.09135 NaN NaN NaN 2.86353 -194.52481 31.08675 -41.98639 -207.95020 -90.52823
33804 0.43608 NaN NaN NaN 151.84831 -105.67321 -27.98769 256.42044 -175.49040 -14.95966 NaN NaN NaN 2.58147 -194.73143 31.15003 -42.50552 -208.30464 -90.34676
33805 0.44441 NaN NaN NaN 151.78636 -105.46513 -28.23467 256.23032 -175.40102 -14.73941 NaN NaN NaN 2.08959 -195.06508 31.24699 -42.95452 -208.49844 -90.31454
33806 0.45275 NaN NaN NaN 151.70044 -105.22123 -28.45052 256.07275 -175.30717 -14.53539 NaN NaN NaN 1.53501 -195.49936 31.35837 -43.30438 -208.62328 -90.32140
33807 0.46108 NaN NaN NaN 151.62407 -104.97865 -28.58898 255.89371 -175.22437 -14.40780 NaN NaN NaN 0.97365 -195.93608 31.47936 -43.65348 -208.73782 -90.30386
33808 0.46941 NaN NaN NaN 151.52080 -104.88060 -28.63816 255.74239 -175.17337 -14.30811 NaN NaN NaN 0.50213 -196.29535 31.60519 -43.96470 -208.85065 -90.27647
33809 0.47774 NaN NaN NaN 151.46840 -104.83669 -28.64249 255.64272 -175.15512 -14.23396 NaN NaN NaN 0.07761 -196.59674 31.72997 -44.30805 -209.10397 -90.19077
33810 0.48607 NaN NaN NaN 151.41731 -104.85615 -28.62697 255.55841 -175.08400 -14.14871 NaN NaN NaN -0.32208 -196.83510 31.90286 -44.71009 -209.40681 -90.01094
33811 0.49440 NaN NaN NaN 151.42882 -104.83629 -28.63170 255.48917 -175.07796 -14.10481 NaN NaN NaN -0.67507 -197.06169 32.09159 -45.13605 -209.73476 -89.77352
33812 0.50273 NaN NaN NaN 151.38678 -104.88091 -28.69710 255.44225 -175.09221 -14.06401 NaN NaN NaN -1.06640 -197.30164 32.29305 -45.59398 -210.04175 -89.53931
33813 0.51107 NaN NaN NaN 151.40138 -104.89979 -28.71531 255.43340 -175.10214 -14.08374 NaN NaN NaN -1.50022 -197.53635 32.51033 -46.11004 -210.35252 -89.25732
33814 0.51940 NaN NaN NaN 151.39452 -104.90672 -28.74966 255.44937 -175.16260 -14.11461 NaN NaN NaN -1.91346 -197.75954 32.75843 -46.62508 -210.65610 -89.00786
33815 0.52773 NaN NaN NaN 151.42035 -104.91344 -28.73972 255.46123 -175.23238 -14.18399 NaN NaN NaN -2.36501 -197.98969 33.00681 -47.21938 -210.97839 -88.75475
33816 0.53606 NaN NaN NaN 151.44963 -105.00108 -28.73020 255.49469 -175.31148 -14.27604 NaN NaN NaN -2.77223 -198.15935 33.17418 -47.83304 -211.29568 -88.51069
33817 0.54439 NaN NaN NaN 151.47739 -105.10550 -28.69448 255.53194 -175.38800 -14.35385 NaN NaN NaN -3.20694 -198.36589 33.29545 -48.46766 -211.61325 -88.24715
33818 0.55272 NaN NaN NaN 151.48593 -105.23666 -28.67598 255.56367 -175.47417 -14.42205 NaN NaN NaN -3.65251 -198.54817 33.41563 -49.08227 -211.89471 -88.03828
33819 0.56105 NaN NaN NaN 151.50912 -105.30886 -28.65464 255.58215 -175.56606 -14.49576 NaN NaN NaN -4.11614 -198.80197 33.48223 -49.71474 -212.20515 -87.87359
33820 0.56938 NaN NaN NaN 151.49403 -105.34306 -28.67520 255.60938 -175.61537 -14.54067 NaN NaN NaN -4.50753 -199.06410 33.59967 -50.32003 -212.47742 -87.69704
33821 0.57772 NaN NaN NaN 151.51497 -105.38463 -28.64182 255.60170 -175.63844 -14.54942 NaN NaN NaN -4.90704 -199.28833 33.70549 -50.99379 -212.77344 -87.48273
33822 0.58605 NaN NaN NaN 151.48114 -105.31232 -28.69264 255.57407 -175.65439 -14.52924 NaN NaN NaN -5.22730 -199.46964 33.80155 -51.73446 -213.12907 -87.23966
33823 0.59438 NaN NaN NaN 151.53615 -105.29755 -28.67645 255.53024 -175.64671 -14.49721 NaN NaN NaN -5.57024 -199.65584 33.88534 -52.53910 -213.64015 -86.98329
33824 0.60271 NaN NaN NaN 151.45662 -105.25694 -28.77056 255.47754 -175.58975 -14.44547 NaN NaN NaN -5.95229 -199.82040 34.00863 -53.39411 -214.05347 -86.67064
33825 0.61104 NaN NaN NaN 151.40816 -105.18547 -28.85267 255.39758 -175.50212 -14.36427 NaN NaN NaN -6.38171 -199.98193 34.16126 -54.25733 -214.61748 -86.35159
33826 0.61937 NaN NaN NaN 151.36220 -105.10410 -28.89293 255.34274 -175.44302 -14.31562 NaN NaN NaN -6.91867 -200.24135 34.35645 -55.06789 -215.06657 -86.09191
33827 0.62770 NaN NaN NaN 151.32957 -104.99418 -28.93157 255.29581 -175.37915 -14.30248 NaN NaN NaN -7.55334 -200.53447 34.49464 -55.81070 -215.42964 -85.90908
33828 0.63603 NaN NaN NaN 151.30307 -104.87204 -28.97062 255.24182 -175.31862 -14.25139 NaN NaN NaN -8.20855 -200.85899 34.64096 -56.50385 -215.64699 -85.64056
33829 0.64437 NaN NaN NaN 151.28731 -104.77058 -29.00091 255.17000 -175.26440 -14.18567 NaN NaN NaN -8.82612 -201.11835 34.81000 -57.25647 -215.88921 -85.41631
33830 0.65270 NaN NaN NaN 151.27884 -104.70030 -28.91706 255.12422 -175.22795 -14.12474 NaN NaN NaN -9.34917 -201.35091 34.96160 -58.01871 -216.09900 -85.11274
33831 0.66103 NaN NaN NaN 151.27028 -104.65720 -28.92244 255.07475 -175.21571 -14.08927 NaN NaN NaN -9.76444 -201.43875 35.11390 -58.81030 -216.45456 -84.75386
33832 0.66936 NaN NaN NaN 151.26547 -104.65197 -28.93048 255.01758 -175.20483 -14.06146 NaN NaN NaN -10.02078 -201.52843 35.32568 -59.59014 -216.75853 -84.41274
33833 0.67769 NaN NaN NaN 151.23341 -104.60331 -29.01121 254.95526 -175.17683 -14.04580 NaN NaN NaN -10.18190 -201.52335 35.51801 -60.51027 -217.16541 -83.82468
33834 0.68602 NaN NaN NaN 151.20387 -104.53674 -29.15836 254.90659 -175.16034 -14.04570 NaN NaN NaN -10.21164 -201.46718 35.67733 -61.52441 -217.64386 -83.12877
33835 0.69435 NaN NaN NaN 151.18762 -104.54039 -29.31748 254.84665 -175.12181 -14.05549 NaN NaN NaN -10.12411 -201.35312 35.83273 -62.59806 -218.15083 -82.32507
33836 0.70268 NaN NaN NaN 151.17484 -104.54909 -29.57556 254.75710 -175.08325 -14.07115 NaN NaN NaN -9.97432 -201.16966 35.98373 -63.64968 -218.65701 -81.57310
33837 0.71102 NaN NaN NaN 151.15570 -104.56118 -29.83246 254.67522 -175.06747 -14.09817 NaN NaN NaN -9.85177 -200.97104 36.12245 -64.67832 -219.13432 -80.79849
33838 0.71935 NaN NaN NaN 151.11163 -104.56670 -30.00343 254.59271 -175.07753 -14.15359 NaN NaN NaN -9.82367 -200.82774 36.22855 -65.65290 -219.51387 -80.16334
33839 0.72768 NaN NaN NaN 151.05742 -104.51788 -30.13186 254.49199 -175.06627 -14.21743 NaN NaN NaN -9.90896 -200.73000 36.30781 -66.47426 -219.86165 -79.67574
33840 0.73601 NaN NaN NaN 151.00551 -104.52882 -30.30738 254.39458 -175.06584 -14.27992 NaN NaN NaN -10.10594 -200.72865 36.32391 -67.18037 -220.10915 -79.38789
33841 0.74434 NaN NaN NaN 150.92360 -104.43848 -30.43207 254.29228 -175.07657 -14.36243 NaN NaN NaN -10.37972 -200.80510 36.39936 -67.72768 -220.27333 -79.20018
33842 0.75267 NaN NaN NaN 150.78323 -104.35615 -30.62409 254.18163 -175.12012 -14.42551 NaN NaN NaN -10.73090 -200.91199 36.45385 -68.13452 -220.40187 -79.07722
33843 0.76100 NaN NaN NaN 150.70628 -104.31176 -30.86010 254.01111 -175.13840 -14.48712 NaN NaN NaN -11.04032 -201.01935 36.57993 -68.40914 -220.48764 -78.99553
33844 0.76934 NaN NaN NaN 150.60263 -104.30247 -31.16153 253.78378 -175.13174 -14.54316 NaN NaN NaN -11.29275 -201.09351 36.72171 -68.50358 -220.47774 -78.90343
33845 0.77767 NaN NaN NaN 150.45920 -104.29686 -31.48610 253.59622 -175.09944 -14.60942 NaN NaN NaN -11.39369 -201.11583 36.79126 -68.56489 -220.51804 -78.85616
33846 0.78600 NaN NaN NaN 150.31697 -104.22629 -31.73031 253.44569 -175.04063 -14.67349 NaN NaN NaN -11.28883 -201.07158 36.82121 -68.51708 -220.46220 -78.72988
33847 0.79433 NaN NaN NaN 150.21785 -104.18475 -31.78298 253.38170 -175.07063 -14.81378 NaN NaN NaN -11.05847 -200.97057 36.80645 -68.44179 -220.50943 -78.65249
33848 0.80266 NaN NaN NaN 150.18263 -104.19949 -31.73608 253.34805 -175.14716 -14.99447 NaN NaN NaN -10.71550 -200.85376 36.75352 -68.24250 -220.51103 -78.59598
33849 0.81099 NaN NaN NaN 150.19493 -104.23237 -31.69226 253.39490 -175.19115 -15.16180 NaN NaN NaN -10.38031 -200.80077 36.70939 -67.93753 -220.46898 -78.61985
33850 0.81932 NaN NaN NaN 150.24762 -104.31487 -31.62970 253.46835 -175.29848 -15.32155 NaN NaN NaN -10.03511 -200.76305 36.64141 -67.58038 -220.35269 -78.68133
33851 0.82765 NaN NaN NaN 150.30119 -104.40820 -31.58889 253.54327 -175.41187 -15.51758 NaN NaN NaN -9.57884 -200.66261 36.49228 -67.24734 -220.24141 -78.80789
33852 0.83599 NaN NaN NaN 150.37209 -104.56483 -31.54644 253.63232 -175.50563 -15.77422 NaN NaN NaN -9.06301 -200.55696 36.29337 -66.89875 -220.16145 -78.96259
33853 0.84432 NaN NaN NaN 150.36769 -104.73428 -31.57604 253.71045 -175.61559 -15.95961 NaN NaN NaN -8.58701 -200.46817 36.04549 -66.54612 -220.04285 -79.12289
33854 0.85265 NaN NaN NaN 150.41916 -104.83316 -31.53778 253.79175 -175.70180 -16.07534 NaN NaN NaN -8.19464 -200.35397 35.88913 -66.19721 -219.95056 -79.28654
33855 0.86098 NaN NaN NaN 150.42252 -104.87308 -31.54891 253.81683 -175.74841 -16.13955 NaN NaN NaN -7.80647 -200.29420 35.76069 -65.81047 -219.81721 -79.42037
33856 0.86931 NaN NaN NaN 150.46391 -104.97951 -31.48658 253.82002 -175.79735 -16.18122 NaN NaN NaN -7.38404 -200.21088 35.65759 -65.51650 -219.73920 -79.50530
33857 0.87764 NaN NaN NaN 150.47281 -105.05884 -31.44440 253.81544 -175.83403 -16.21115 NaN NaN NaN -6.90501 -200.12830 35.47084 -65.18731 -219.63475 -79.63141
33858 0.88597 NaN NaN NaN 150.44214 -105.09989 -31.41532 253.78136 -175.87027 -16.25640 NaN NaN NaN -6.33420 -200.00964 35.22396 -64.85054 -219.53163 -79.70284
33859 0.89430 NaN NaN NaN 150.39354 -105.09380 -31.52928 253.74463 -175.90045 -16.29324 NaN NaN NaN -5.78559 -199.84401 34.99031 -64.47711 -219.44476 -79.77844
33860 0.90264 NaN NaN NaN 150.31140 -105.12305 -31.63382 253.72388 -175.91385 -16.29670 NaN NaN NaN -5.24104 -199.67322 34.79518 -64.04677 -219.37563 -79.87484
33861 0.91097 NaN NaN NaN 150.26915 -105.15417 -31.64487 253.68883 -175.92183 -16.30542 NaN NaN NaN -4.77061 -199.51549 34.65079 -63.58433 -219.24225 -80.05722
33862 0.91930 NaN NaN NaN 150.22952 -105.19239 -31.65242 253.67776 -175.94818 -16.29637 NaN NaN NaN -4.34849 -199.35919 34.51894 -63.14880 -219.13797 -80.23825
33863 0.92763 NaN NaN NaN 150.19792 -105.23722 -31.66722 253.65855 -175.95840 -16.29128 NaN NaN NaN -3.90544 -199.24287 34.38398 -62.69269 -218.96989 -80.42374
33864 0.93596 NaN NaN NaN 150.19543 -105.31414 -31.60596 253.63803 -175.96388 -16.27447 NaN NaN NaN -3.45137 -199.11572 34.22060 -62.24012 -218.82031 -80.58379
33865 0.94429 NaN NaN NaN 150.14307 -105.40359 -31.59855 253.61510 -175.93646 -16.23630 NaN NaN NaN -2.99226 -198.98756 34.09113 -61.82337 -218.69482 -80.67644
33866 0.95262 NaN NaN NaN 150.11450 -105.41009 -31.58731 253.58545 -175.90787 -16.22878 NaN NaN NaN -2.54075 -198.84705 33.95848 -61.38902 -218.52470 -80.78645
33867 0.96096 NaN NaN NaN 150.09386 -105.41828 -31.58904 253.56284 -175.88689 -16.20460 NaN NaN NaN -2.11655 -198.69046 33.83548 -60.94881 -218.40572 -80.91669
33868 0.96929 NaN NaN NaN 150.06624 -105.38317 -31.58123 253.55460 -175.87852 -16.16711 NaN NaN NaN -1.68164 -198.51694 33.69637 -60.51889 -218.26819 -81.09968
33869 0.97762 NaN NaN NaN 150.05583 -105.35052 -31.56032 253.54941 -175.84477 -16.11428 NaN NaN NaN -1.24246 -198.33794 33.51738 -60.07613 -218.17818 -81.25493
33870 0.98595 NaN NaN NaN 150.04204 -105.27637 -31.50471 253.51718 -175.79536 -16.09191 NaN NaN NaN -0.81211 -198.17838 33.38198 -59.65464 -218.07431 -81.35401
33871 0.99428 NaN NaN NaN 150.03078 -105.21175 -31.51171 253.48094 -175.77557 -16.05404 NaN NaN NaN -0.41346 -198.04050 33.28244 -59.23796 -217.90211 -81.49609
33872 1.00261 NaN NaN NaN 149.94878 -105.25392 -31.60796 253.44655 -175.74376 -16.03990 NaN NaN NaN -0.07029 -197.89531 33.14070 -58.70350 -217.70117 -81.73946
33873 1.01094 NaN NaN NaN 149.89890 -105.23261 -31.67497 253.41077 -175.70779 -16.00973 NaN NaN NaN 0.32846 -197.73959 33.02728 -58.18861 -217.42561 -81.94358
33874 1.01927 NaN NaN NaN 149.89220 -105.15855 -31.65782 253.38277 -175.67542 -15.99033 NaN NaN NaN 0.70235 -197.59027 32.85268 -57.63973 -217.07451 -82.26535
33875 1.02761 NaN NaN NaN 149.89987 -105.10890 -31.65482 253.36440 -175.65417 -16.00860 NaN NaN NaN 1.06097 -197.43172 32.67994 -57.04058 -216.70322 -82.59236
33876 1.03594 NaN NaN NaN 149.89040 -105.11975 -31.70590 253.36671 -175.64803 -16.00830 NaN NaN NaN 1.39024 -197.26939 32.47566 -56.36455 -216.16959 -82.90524
33877 1.04427 NaN NaN NaN 149.87045 -105.07769 -31.69746 253.35260 -175.64223 -16.01859 NaN NaN NaN 1.71027 -197.14302 32.33598 -55.66304 -215.67982 -83.23811
33878 1.05260 NaN NaN NaN 149.87131 -105.09470 -31.70110 253.34001 -175.63493 -16.03353 NaN NaN NaN 2.03849 -196.99947 32.17177 -54.97155 -215.24727 -83.69132
33879 1.06093 NaN NaN NaN 149.86200 -105.07669 -31.66916 253.33112 -175.62592 -16.03792 NaN NaN NaN 2.38176 -196.81929 31.99228 -54.28598 -214.84445 -84.09541
33880 1.06926 NaN NaN NaN 149.83089 -105.13224 -31.70064 253.35017 -175.62508 -16.02378 NaN NaN NaN 2.72717 -196.64891 31.82936 -53.61581 -214.43549 -84.43415
33881 1.07759 NaN NaN NaN 149.82248 -105.13777 -31.74128 253.34355 -175.62523 -16.01241 NaN NaN NaN 3.06655 -196.49417 31.69440 -52.95496 -214.07141 -84.72890
33882 1.08592 NaN NaN NaN 149.80875 -105.11871 -31.77722 253.34143 -175.62007 -15.99382 NaN NaN NaN 3.33657 -196.35503 31.52522 -52.31540 -213.70708 -85.15365
33883 1.09426 NaN NaN NaN 149.83533 -105.05729 -31.72317 253.34102 -175.61958 -15.98412 NaN NaN NaN 3.60748 -196.21448 31.39127 -51.62492 -213.28978 -85.53675
33884 1.10259 NaN NaN NaN 149.79543 -105.04317 -31.73048 253.31656 -175.59238 -15.95581 NaN NaN NaN 3.82322 -196.12540 31.27813 -50.89966 -212.85425 -85.94485
33885 1.11092 NaN NaN NaN 149.77927 -104.89884 -31.69428 253.30992 -175.57188 -15.94174 NaN NaN NaN 3.99649 -196.05157 31.13914 -50.09384 -212.37994 -86.39095
33886 1.11925 NaN NaN NaN 149.76672 -104.81973 -31.69563 253.27553 -175.54802 -15.92842 NaN NaN NaN 4.20338 -195.99850 31.01588 -49.27847 -211.88896 -86.87924
33887 1.12758 NaN NaN NaN 149.74568 -104.74749 -31.69176 253.25348 -175.54875 -15.90932 NaN NaN NaN 4.45271 -195.94812 30.84977 -48.42313 -211.30144 -87.31639
33888 1.13591 NaN NaN NaN 149.74606 -104.83281 -31.70115 253.23190 -175.53738 -15.90331 NaN NaN NaN 4.65548 -195.91667 30.64912 -47.66520 -210.90306 -87.78500
33889 1.14424 NaN NaN NaN 149.74141 -104.91766 -31.68119 253.21889 -175.53140 -15.87843 NaN NaN NaN 4.91258 -195.86253 30.43582 -46.89452 -210.47971 -88.25826
33890 1.15258 NaN NaN NaN 149.75537 -104.99311 -31.67392 253.21527 -175.53255 -15.88396 NaN NaN NaN 5.12489 -195.81032 30.24870 -46.10859 -210.06184 -88.74535
33891 1.16091 NaN NaN NaN 149.75647 -105.01589 -31.66082 253.23578 -175.51593 -15.85097 NaN NaN NaN 5.31950 -195.75876 30.08922 -45.31573 -209.62444 -89.19999
33892 1.16924 NaN NaN NaN 149.76178 -104.99232 -31.69498 253.26024 -175.51814 -15.87039 NaN NaN NaN 5.48245 -195.75296 29.99070 -44.58115 -209.18976 -89.66226
33893 1.17757 NaN NaN NaN 149.76186 -104.88284 -31.71779 253.29900 -175.51314 -15.88017 NaN NaN NaN 5.63123 -195.73859 29.84296 -43.86644 -208.72348 -90.12187
33894 1.18590 NaN NaN NaN 149.81331 -104.81036 -31.69450 253.34641 -175.53700 -15.90773 NaN NaN NaN 5.83205 -195.70425 29.67381 -43.20783 -208.36339 -90.48221
33895 1.19423 NaN NaN NaN 149.83176 -104.76206 -31.69907 253.36703 -175.53784 -15.91892 NaN NaN NaN 6.02386 -195.63956 29.52118 -42.60335 -207.95827 -90.84147
33896 1.20256 NaN NaN NaN 149.84496 -104.74126 -31.66300 253.38898 -175.54121 -15.89768 NaN NaN NaN 6.25125 -195.53899 29.40159 -41.97711 -207.60866 -91.18478
33897 1.21089 NaN NaN NaN 149.84581 -104.80101 -31.64308 253.37909 -175.55043 -15.86807 NaN NaN NaN 6.43559 -195.42012 29.24484 -41.34789 -207.20201 -91.48672
33898 1.21923 NaN NaN NaN 149.83636 -104.85485 -31.63226 253.35945 -175.54028 -15.80157 NaN NaN NaN 6.61750 -195.28859 29.13574 -40.64870 -206.78864 -91.76408
33899 1.22756 NaN NaN NaN 149.80490 -104.91164 -31.62416 253.34787 -175.55934 -15.72653 NaN NaN NaN 6.81830 -195.15955 29.08173 -39.95010 -206.33064 -92.04240
33900 1.23589 NaN NaN NaN 149.80035 -104.86394 -31.55403 253.30374 -175.56320 -15.63659 NaN NaN NaN 6.96716 -195.04555 29.03184 -39.23287 -205.87634 -92.35842
33901 1.24422 NaN NaN NaN 149.80115 -104.90250 -31.46630 253.27467 -175.52971 -15.57561 NaN NaN NaN 7.11468 -194.94949 28.95584 -38.54764 -205.37024 -92.74583
33902 1.25255 NaN NaN NaN 149.80699 -104.90212 -31.46506 253.25835 -175.52206 -15.54228 NaN NaN NaN 7.33212 -194.81110 28.84648 -37.86189 -204.89844 -93.08751
33903 1.26088 NaN NaN NaN 149.79082 -104.89880 -31.46386 253.23396 -175.49638 -15.54146 NaN NaN NaN 7.59034 -194.61522 28.71078 -37.14328 -204.36996 -93.38834
33904 1.26921 NaN NaN NaN 149.80482 -104.89578 -31.50006 253.23312 -175.50301 -15.53415 NaN NaN NaN 7.91277 -194.37990 28.52545 -36.47678 -203.88733 -93.67220
33905 1.27754 NaN NaN NaN 149.79572 -104.89958 -31.52127 253.23645 -175.53973 -15.54749 NaN NaN NaN 8.22405 -194.14989 28.32645 -35.85957 -203.42766 -93.95232
33906 1.28588 NaN NaN NaN 149.81097 -104.89088 -31.55626 253.26122 -175.56264 -15.57401 NaN NaN NaN 8.57398 -193.91719 28.15045 -35.27357 -202.97256 -94.25543
33907 1.29421 NaN NaN NaN 149.83850 -104.91600 -31.54120 253.28813 -175.61023 -15.58613 NaN NaN NaN 8.92992 -193.66394 27.99498 -34.71644 -202.48346 -94.53474
33908 1.30254 NaN NaN NaN 149.88887 -104.95465 -31.51266 253.32565 -175.67328 -15.60759 NaN NaN NaN 9.32102 -193.35466 27.80830 -34.25928 -202.05655 -94.76595
33909 1.31087 NaN NaN NaN 149.91318 -104.99759 -31.39753 253.38277 -175.75478 -15.61330 NaN NaN NaN 9.71451 -192.96054 27.58274 -33.88797 -201.69711 -94.95069
33910 1.31920 NaN NaN NaN 149.92712 -105.01200 -31.29838 253.40817 -175.80231 -15.60858 NaN NaN NaN 10.11624 -192.60173 27.38162 -33.63818 -201.41121 -95.12264
33911 1.32753 NaN NaN NaN 149.97620 -105.08814 -31.27052 253.43686 -175.84424 -15.58446 NaN NaN NaN 10.46267 -192.25044 27.21135 -33.50404 -201.26450 -95.20834
33912 1.33586 NaN NaN NaN 150.00757 -105.14051 -31.23954 253.48035 -175.84157 -15.56601 NaN NaN NaN 10.69182 -191.95338 27.10057 -33.50629 -201.24191 -95.23938
33913 1.34419 NaN NaN NaN 150.02602 -105.13599 -31.23817 253.48355 -175.82867 -15.51770 NaN NaN NaN 10.89442 -191.71173 27.00578 -33.64842 -201.31073 -95.16660
33914 1.35253 NaN NaN NaN 150.02385 -105.08775 -31.20193 253.50241 -175.77107 -15.48630 NaN NaN NaN 11.01090 -191.47310 27.06820 -33.97322 -201.54553 -94.91125
33915 1.36086 NaN NaN NaN 150.02426 -105.03483 -31.16642 253.52026 -175.70270 -15.41084 NaN NaN NaN 11.02487 -191.25824 27.15859 -34.36243 -201.75957 -94.57825
33916 1.36919 NaN NaN NaN 150.03696 -105.02429 -31.11790 253.53268 -175.65306 -15.34147 NaN NaN NaN 10.95758 -191.07849 27.31075 -34.86382 -202.13626 -94.15191
33917 1.37752 NaN NaN NaN 150.05295 -105.03529 -31.07971 253.52483 -175.60518 -15.28836 NaN NaN NaN 10.79472 -191.01639 27.57955 -35.39784 -202.51595 -93.78817
33918 1.38585 NaN NaN NaN 150.06017 -105.04724 -31.04154 253.54268 -175.62334 -15.26140 NaN NaN NaN 10.48464 -191.04126 27.79459 -35.92527 -202.86810 -93.44384
33919 1.39418 NaN NaN NaN 149.99182 -105.07806 -31.02062 253.57126 -175.65422 -15.25342 NaN NaN NaN 10.08684 -191.11543 28.06635 -36.37617 -203.14926 -93.14508
33920 1.40251 NaN NaN NaN 150.00650 -105.10110 -30.91406 253.60600 -175.70943 -15.25350 NaN NaN NaN 9.67993 -191.21545 28.24297 -36.76717 -203.32841 -92.94990
33921 1.41085 NaN NaN NaN 150.04366 -105.16059 -30.82917 253.63916 -175.75330 -15.23926 NaN NaN NaN 9.23209 -191.35933 28.38236 -37.07748 -203.44443 -92.87411
33922 1.41918 NaN NaN NaN 150.08090 -105.22868 -30.77169 253.66470 -175.78778 -15.22765 NaN NaN NaN 8.86957 -191.54784 28.43739 -37.35753 -203.50575 -92.81786
33923 1.42751 NaN NaN NaN 150.08620 -105.22520 -30.81082 253.69241 -175.80260 -15.19478 NaN NaN NaN 8.62164 -191.69637 28.48985 -37.71319 -203.59004 -92.72746
33924 1.43584 NaN NaN NaN 150.11047 -105.17567 -30.76990 253.68843 -175.80692 -15.17637 NaN NaN NaN 8.58460 -191.71541 28.49934 -38.22234 -203.80199 -92.52423
33925 1.44417 NaN NaN NaN 150.09203 -105.17513 -30.78367 253.69063 -175.76422 -15.12891 NaN NaN NaN 8.74981 -191.60457 28.48063 -38.89152 -204.16609 -92.21523
33926 1.45250 NaN NaN NaN 150.05608 -105.11780 -30.83265 253.66125 -175.68883 -15.05541 NaN NaN NaN 9.12737 -191.34413 28.45820 -39.59608 -204.56773 -91.81120
33927 1.46083 NaN NaN NaN 150.01930 -105.13594 -30.86270 253.60698 -175.64349 -15.00343 NaN NaN NaN 9.59558 -191.01958 28.41453 -40.24950 -205.07335 -91.25012
33928 1.46916 NaN NaN NaN 150.00294 -105.09021 -30.92627 253.53397 -175.58180 -14.97903 NaN NaN NaN 10.13559 -190.65192 28.37426 -40.81829 -205.58734 -90.71367
33929 1.47750 NaN NaN NaN 150.01616 -104.92416 -30.96666 253.45691 -175.51726 -14.93139 NaN NaN NaN 10.79895 -190.26187 28.23687 -41.23327 -206.06326 -90.21474
33930 1.48583 NaN NaN NaN 150.02788 -104.72260 -31.04164 253.37189 -175.41986 -14.84485 NaN NaN NaN 11.45532 -189.91963 28.04339 -41.53428 -206.42958 -89.88047
33931 1.49416 NaN NaN NaN 150.01097 -104.56937 -31.19243 253.27762 -175.35596 -14.75082 NaN NaN NaN 11.78323 -189.68834 27.91745 -41.59617 -206.67732 -89.78231
33932 1.50249 NaN NaN NaN 149.96573 -104.48350 -31.28639 253.18871 -175.32034 -14.63415 NaN NaN NaN 11.73807 -189.73514 27.87080 -41.39003 -206.67348 -89.95629
33933 1.51082 NaN NaN NaN 149.90753 -104.43410 -31.45376 253.09726 -175.28758 -14.53775 NaN NaN NaN 11.53344 -190.01215 27.88104 -40.96920 -206.45734 -90.33672
33934 1.51915 NaN NaN NaN 149.86023 -104.41281 -31.56587 253.05130 -175.29066 -14.44278 NaN NaN NaN 11.33993 -190.28534 27.89284 -40.48896 -206.13536 -90.71306
33935 1.52748 NaN NaN NaN 149.77768 -104.49543 -31.67636 252.96553 -175.29301 -14.36150 NaN NaN NaN 11.29668 -190.45532 27.90473 -40.05120 -205.78979 -90.98930
33936 1.53581 NaN NaN NaN 149.73975 -104.54505 -31.81418 252.89330 -175.29829 -14.24681 NaN NaN NaN 11.34148 -190.52238 27.84402 -39.65410 -205.57785 -91.23626
33937 1.54415 NaN NaN NaN 149.73599 -104.61084 -31.82078 252.85204 -175.29784 -14.15227 NaN NaN NaN 11.44393 -190.56274 27.70304 -39.22104 -205.34334 -91.50077
33938 1.55248 NaN NaN NaN 149.78236 -104.71308 -31.78011 252.89900 -175.32286 -14.04334 NaN NaN NaN 11.55999 -190.63446 27.58735 -38.73818 -205.16086 -91.82386
33939 1.56081 NaN NaN NaN 149.87128 -104.73524 -31.68686 252.97380 -175.36725 -13.93130 NaN NaN NaN 11.69007 -190.74042 27.45560 -38.27995 -204.95680 -92.10947
33940 1.56914 NaN NaN NaN 150.04797 -104.65104 -31.48256 253.11880 -175.42027 -13.76586 NaN NaN NaN 11.87117 -190.77832 27.30624 -37.85453 -204.74525 -92.33021
33941 1.57747 NaN NaN NaN 150.21341 -104.62755 -31.29872 253.27486 -175.48042 -13.55511 NaN NaN NaN 12.08869 -190.84184 27.20915 -37.38457 -204.50861 -92.53531
33942 1.58580 NaN NaN NaN 150.40181 -104.73991 -31.02414 253.49515 -175.57532 -13.32573 NaN NaN NaN 12.29640 -190.91321 27.15600 -36.96886 -204.26186 -92.75076
33943 1.59413 NaN NaN NaN 150.58693 -104.84895 -30.58453 253.73582 -175.77780 -13.03588 NaN NaN NaN 12.48227 -191.02678 27.08397 -36.49125 -204.03296 -92.99290
33944 1.60247 NaN NaN NaN 150.79178 -105.03737 -30.01066 254.03766 -175.97981 -12.66430 NaN NaN NaN 12.58855 -191.17398 27.05084 -35.98710 -203.69836 -93.23786
33945 1.61080 NaN NaN NaN 151.09888 -105.23824 -29.15891 254.38335 -176.21902 -12.17191 NaN NaN NaN 12.55838 -191.37585 27.03833 -35.36840 -203.35893 -93.55415
33946 1.61913 NaN NaN NaN 151.44714 -105.42904 -28.11281 254.85159 -176.41414 -11.49263 NaN NaN NaN 12.43772 -191.61890 27.03106 -34.68542 -202.95638 -93.94720
33947 1.62746 NaN NaN NaN 151.94975 -105.48394 -26.64839 255.36163 -176.50865 -10.36867 NaN NaN NaN 12.14281 -191.88809 27.02754 -33.92305 -202.49567 -94.45110
33948 1.63579 NaN NaN NaN 152.48083 -105.42244 -24.89531 255.92421 -176.46570 -8.71204 NaN NaN NaN 11.72371 -192.21098 27.00411 -33.08706 -201.86130 -95.02174
33949 1.64412 NaN NaN NaN 153.08200 -105.25632 -22.68947 256.56137 -176.31215 -6.44846 NaN NaN NaN 11.14475 -192.63493 26.91183 -32.16674 -201.18964 -95.70112
33950 1.65245 NaN NaN NaN 153.79315 -105.04774 -19.85434 257.32825 -176.03300 -3.58860 NaN NaN NaN 10.41131 -193.07385 26.83989 -31.19529 -200.45799 -96.48625
33951 1.66078 NaN NaN NaN 154.77156 -104.66110 -16.11564 258.28427 -175.70444 -0.36630 NaN NaN NaN 9.54835 -193.53648 26.76997 -30.14854 -199.69075 -97.22224
33952 1.66912 NaN NaN NaN 155.81100 -104.43871 -11.67160 259.53525 -175.39423 3.18529 NaN NaN NaN 8.69680 -193.94833 26.77641 -29.05063 -198.88315 -97.87580
33953 1.67745 NaN NaN NaN 157.07324 -104.45171 -6.37840 261.17758 -175.17015 6.87785 NaN NaN NaN 7.81895 -194.37700 26.85605 -27.91929 -198.00400 -98.41816
33954 1.68578 NaN NaN NaN 158.65121 -104.49734 -0.15788 263.04550 -175.02345 10.71781 NaN NaN NaN 6.86703 -194.75354 26.99779 -26.85346 -197.21129 -98.84371
33955 1.69411 NaN NaN NaN 160.28801 -104.69069 6.55109 265.06903 -174.88118 14.72521 NaN NaN NaN 5.89161 -195.04634 27.26016 -25.82845 -196.29793 -99.08507
33956 1.70244 NaN NaN NaN 162.17737 -104.71149 13.54893 267.19058 -174.71614 19.03918 NaN NaN NaN 4.98359 -195.14236 27.55934 -25.08327 -195.67218 -99.28724
33957 1.71077 NaN NaN NaN 164.26909 -104.37810 20.69622 269.40237 -174.48201 23.59968 NaN NaN NaN 4.31322 -195.08441 27.88422 -24.64067 -195.18805 -99.28297
33958 1.71910 NaN NaN NaN 166.47475 -103.95965 28.01888 271.69717 -174.04274 28.36959 NaN NaN NaN 3.80780 -194.93489 28.20824 -24.50602 -194.87799 -99.01650
33959 1.72743 NaN NaN NaN 168.86911 -103.22097 35.41641 274.01758 -173.50824 33.28412 NaN NaN NaN 3.40795 -194.88007 28.44599 -24.61917 -194.78265 -98.78650
33960 1.73577 NaN NaN NaN 171.14639 -102.70934 42.59963 276.39954 -172.82175 38.40332 NaN NaN NaN 2.88044 -194.89189 28.61738 -24.82162 -194.61404 -98.67385
33961 1.74410 NaN NaN NaN 173.37932 -102.13532 49.65379 278.80414 -172.06302 43.68955 NaN NaN NaN 2.25034 -195.02565 28.67820 -25.07323 -194.43274 -98.67043
33962 1.75243 NaN NaN NaN 175.67809 -101.48502 56.64058 281.13641 -171.21944 48.99568 NaN NaN NaN 1.58479 -195.23203 28.64007 -25.41243 -194.20302 -98.75266
33963 1.76076 NaN NaN NaN 178.06087 -100.86273 63.49035 283.42618 -170.42216 54.26914 NaN NaN NaN 1.06704 -195.42404 28.56909 -25.90016 -194.00920 -98.86013
33964 1.76909 NaN NaN NaN 180.37114 -100.05769 70.09576 285.67804 -169.59004 59.51731 NaN NaN NaN 0.76225 -195.39980 28.45853 -26.48948 -193.95882 -98.87737
33965 1.77742 NaN NaN NaN 182.51825 -99.21617 76.54010 287.87616 -168.75186 64.69454 NaN NaN NaN 0.53117 -195.59531 28.48297 -27.15407 -193.93805 -98.84257
33966 1.78575 NaN NaN NaN 184.58304 -98.43072 82.96735 289.99155 -167.83615 69.68217 NaN NaN NaN 0.51381 -195.60582 28.41144 -27.77774 -193.98532 -98.73065
33967 1.79409 NaN NaN NaN 186.92546 -97.88274 88.70893 292.03937 -166.95970 74.56942 NaN NaN NaN 0.61141 -195.64832 28.36762 -28.42715 -194.08432 -98.61986
33968 1.80242 NaN NaN NaN 189.11716 -97.18864 94.10821 293.98599 -166.14983 79.24199 NaN NaN NaN 0.84407 -195.74136 28.31013 -29.03903 -194.26826 -98.49955
33969 1.81075 NaN NaN NaN 191.26715 -96.46494 99.68236 295.87433 -165.71083 83.56664 NaN NaN NaN 1.18890 -195.82631 28.25174 -29.63371 -194.51154 -98.37072
33970 1.81908 NaN NaN NaN 193.12279 -95.84775 104.86104 297.63770 -165.25615 87.59955 NaN NaN NaN 1.56230 -195.97173 28.14912 -30.10429 -194.69530 -98.29064
33971 1.82741 NaN NaN NaN 194.95775 -95.29668 109.39852 299.26108 -164.79346 91.30873 NaN NaN NaN 1.99909 -196.16142 27.97386 -30.44397 -194.77478 -98.20548
33972 1.83574 NaN NaN NaN 196.73334 -94.87086 113.90710 300.77493 -164.41240 94.61185 NaN NaN NaN 2.45589 -196.31421 27.78606 -30.66042 -194.86038 -98.22281
33973 1.84407 NaN NaN NaN 198.52472 -94.66727 118.37569 302.20947 -164.28366 97.50632 NaN NaN NaN 2.91503 -196.49414 27.56683 -30.75182 -194.85492 -98.31528
33974 1.85240 NaN NaN NaN 200.34006 -94.52012 122.12159 303.53946 -164.28963 100.01481 NaN NaN NaN 3.38303 -196.66739 27.28506 -30.74987 -194.76704 -98.42577
33975 1.86074 NaN NaN NaN 201.98262 -94.44778 125.44968 304.74524 -164.46082 102.21550 NaN NaN NaN 3.82673 -196.83455 26.97200 -30.62228 -194.65540 -98.66902
33976 1.86907 NaN NaN NaN 203.50348 -94.52566 128.33580 305.85049 -164.80179 103.99240 NaN NaN NaN 4.24728 -196.97583 26.67916 -30.43738 -194.55006 -98.97073
33977 1.87740 NaN NaN NaN 204.94276 -94.64713 130.67647 306.83826 -165.29376 105.37251 NaN NaN NaN 4.68484 -197.08145 26.46006 -30.20465 -194.50063 -99.27550
33978 1.88573 NaN NaN NaN 206.22539 -95.01798 133.00122 307.69009 -165.89752 106.40778 NaN NaN NaN 5.15130 -197.09503 26.19742 -29.91314 -194.40657 -99.43500
33979 1.89406 NaN NaN NaN 207.47452 -95.55476 134.77414 308.44797 -166.67212 107.04153 NaN NaN NaN 5.67089 -197.02588 26.00501 -29.59348 -194.25935 -99.53942
33980 1.90239 NaN NaN NaN 208.55540 -96.37770 136.32455 309.13464 -167.59244 107.23880 NaN NaN NaN 6.22530 -196.88158 25.83706 -29.24315 -194.18143 -99.65220
33981 1.91072 NaN NaN NaN 209.58664 -97.46608 137.44423 309.73605 -168.83932 107.06229 NaN NaN NaN 6.83061 -196.63206 25.75036 -28.92434 -194.06595 -99.63275
33982 1.91905 NaN NaN NaN 210.59030 -98.72760 138.08531 310.28821 -170.18843 106.42303 NaN NaN NaN 7.48506 -196.31981 25.67773 -28.57569 -193.98291 -99.52668
33983 1.92739 NaN NaN NaN 211.55774 -100.21024 138.29095 310.72983 -171.73712 105.24386 NaN NaN NaN 8.19508 -195.92418 25.65382 -28.25061 -193.97823 -99.43109
33984 1.93572 NaN NaN NaN 212.38211 -102.03641 138.24707 311.10437 -173.35905 103.64941 NaN NaN NaN 8.98289 -195.49846 25.68180 -27.95693 -194.01579 -99.30965
33985 1.94405 NaN NaN NaN 213.07808 -104.06135 137.76823 311.46362 -175.10046 101.59025 NaN NaN NaN 9.84296 -194.95665 25.69688 -27.67885 -194.02092 -99.15365
33986 1.95238 NaN NaN NaN 213.63503 -106.42603 136.80457 311.77191 -176.92320 99.00828 NaN NaN NaN 10.78469 -194.36920 25.64866 -27.38076 -194.10065 -98.96475
33987 1.96071 NaN NaN NaN 214.08815 -109.01342 135.27766 312.02893 -178.79111 96.07887 NaN NaN NaN 11.82325 -193.67007 25.58144 -27.15725 -194.15131 -98.73886
33988 1.96904 NaN NaN NaN 214.35329 -111.87894 133.31908 312.28635 -180.80551 92.49621 NaN NaN NaN 12.92968 -192.90179 25.57653 -26.90807 -194.21463 -98.45235
33989 1.97737 NaN NaN NaN 214.53987 -115.04847 130.78328 312.46399 -182.93185 88.49454 NaN NaN NaN 14.06947 -192.14023 25.48595 -26.70521 -194.27527 -98.26992
33990 1.98570 NaN NaN NaN 214.59712 -118.51876 127.80489 312.65317 -185.13290 83.97192 NaN NaN NaN 15.27550 -191.35089 25.31693 -26.67810 -194.56487 -97.93742
33991 1.99404 NaN NaN NaN 214.44302 -122.30714 124.28429 312.92184 -187.40225 78.95076 NaN NaN NaN 16.44696 -190.57788 25.12149 -26.50123 -194.64465 -97.75085
33992 2.00237 NaN NaN NaN 214.46092 -126.18633 120.34171 313.18640 -189.74480 73.59187 NaN NaN NaN 17.60596 -189.87842 24.86843 -26.34699 -194.59459 -97.66499
33993 2.01070 NaN NaN NaN 214.01740 -130.31827 115.85748 313.51318 -191.94228 67.95975 NaN NaN NaN 18.69201 -189.17453 24.60360 -26.25237 -194.48387 -97.53330
33994 2.01903 NaN NaN NaN 213.20923 -134.35869 110.81546 313.83121 -193.76930 62.17444 NaN NaN NaN 19.72040 -188.54874 24.32604 -26.31446 -194.46587 -97.39360
33995 2.02736 NaN NaN NaN 212.41322 -138.47508 105.18752 314.23230 -195.49855 56.35812 NaN NaN NaN 20.65273 -187.98221 24.06043 -26.45397 -194.61029 -97.23061
33996 2.03569 NaN NaN NaN 211.63390 -142.43323 99.24062 314.64825 -197.04794 50.39046 NaN NaN NaN 21.47570 -187.53273 23.82680 -26.70780 -194.86377 -97.02856
33997 2.04402 NaN NaN NaN 210.88235 -146.30162 93.27216 315.04507 -198.59100 44.24807 NaN NaN NaN 22.24905 -187.21774 23.62147 -27.04452 -195.13652 -96.71632
33998 2.05236 NaN NaN NaN 210.29697 -150.08635 87.19032 315.43869 -200.05522 37.76693 NaN NaN NaN 22.89929 -186.94742 23.43736 -27.40713 -195.46187 -96.43130
33999 2.06069 NaN NaN NaN 209.90291 -153.84406 81.17567 315.84348 -201.51588 31.21908 NaN NaN NaN 23.52371 -186.75597 23.16565 -27.79214 -195.80547 -96.12317
34000 2.06902 NaN NaN NaN 209.82098 -157.58884 75.20325 316.25455 -203.00148 24.33319 NaN NaN NaN 24.07094 -186.45264 23.01706 -28.19502 -196.16289 -95.87173
34001 2.07735 NaN NaN NaN 209.83798 -161.19281 69.08084 316.72162 -204.38989 17.16418 NaN NaN NaN 24.57579 -186.20296 22.86464 -28.63233 -196.45848 -95.63370
34002 2.08568 NaN NaN NaN 210.05334 -164.52170 63.00389 317.39822 -205.83095 10.08485 NaN NaN NaN 25.00583 -185.95502 22.64751 -29.13326 -196.70537 -95.35851
34003 2.09401 NaN NaN NaN 210.37170 -167.50955 56.89950 317.81226 -206.71631 2.80132 NaN NaN NaN 25.49778 -185.68329 22.44597 -29.57751 -196.92705 -94.99532
34004 2.10234 NaN NaN NaN 210.58444 -170.08185 50.71618 318.29736 -207.27299 -4.19204 NaN NaN NaN 26.06678 -185.36108 22.28572 -30.06661 -197.22757 -94.68671
34005 2.11067 NaN NaN NaN 210.67178 -172.19838 44.47562 318.79965 -207.40240 -10.81053 NaN NaN NaN 26.64600 -184.95438 22.10536 -30.59373 -197.53607 -94.30721
34006 2.11901 NaN NaN NaN 210.57896 -173.85236 38.27604 319.25854 -207.17706 -17.10302 NaN NaN NaN 27.25932 -184.50238 21.94438 -31.14002 -197.93852 -93.84689
34007 2.12734 NaN NaN NaN 210.46750 -175.04813 32.15658 319.66583 -206.75789 -23.16658 NaN NaN NaN 27.89178 -183.99632 21.81301 -31.71747 -198.32033 -93.33338
34008 2.13567 NaN NaN NaN 210.30609 -176.00409 26.19025 320.03925 -206.38017 -28.86716 NaN NaN NaN 28.50241 -183.50587 21.65136 -32.20192 -198.64293 -92.75352
34009 2.14400 NaN NaN NaN 210.02591 -176.82645 20.46678 320.20938 -206.24750 -33.57734 NaN NaN NaN 29.05822 -183.04222 21.51548 -32.56705 -198.93256 -92.24975
34010 2.15233 NaN NaN NaN 209.33401 -177.51241 14.82758 320.24432 -206.13495 -37.18711 NaN NaN NaN 29.57372 -182.61960 21.39589 -32.86057 -199.19547 -91.81036
34011 2.16066 NaN NaN NaN 208.29782 -178.05200 9.46726 319.92233 -206.05305 -39.63565 NaN NaN NaN 30.06129 -182.20122 21.26094 -33.16188 -199.42947 -91.40551
34012 2.16899 NaN NaN NaN 207.04723 -178.40784 4.86904 319.52164 -206.01402 -41.21954 NaN NaN NaN 30.56419 -181.81725 21.14411 -33.35468 -199.63423 -91.02006
34013 2.17732 NaN NaN NaN 206.37135 -178.11716 2.40375 319.04398 -206.12080 -41.94016 NaN NaN NaN 31.11144 -181.39201 21.00942 -33.47394 -199.83969 -90.66337
34014 2.18566 NaN NaN NaN 205.86484 -177.73244 1.57170 318.59137 -206.16966 -42.15922 NaN NaN NaN 31.70846 -180.96231 20.81790 -33.59970 -200.09779 -90.32300
34015 2.19399 NaN NaN NaN 205.66077 -177.64653 1.96796 318.31491 -206.24402 -42.02068 NaN NaN NaN 32.32383 -180.50923 20.59430 -33.73096 -200.38239 -89.90772
34016 2.20232 NaN NaN NaN 205.81042 -177.75291 3.29795 318.22437 -206.11664 -41.76899 NaN NaN NaN 33.01355 -180.02968 20.37218 -33.83382 -200.68712 -89.50347
34017 2.21065 NaN NaN NaN 206.30566 -177.98875 5.24463 318.42828 -206.06317 -41.35617 NaN NaN NaN 33.73597 -179.51886 20.15732 -33.97654 -201.05467 -89.12308
34018 2.21898 NaN NaN NaN 206.98062 -178.36969 7.22393 318.49011 -206.01021 -41.07983 NaN NaN NaN 34.49025 -179.03122 19.90389 -34.06363 -201.42462 -88.66493
34019 2.22731 NaN NaN NaN 207.69002 -178.96324 9.00575 318.83957 -206.18266 -40.74836 NaN NaN NaN 35.21880 -178.56125 19.68977 -34.17005 -201.83540 -88.18927
34020 2.23564 NaN NaN NaN 208.32930 -179.56744 10.48028 319.17575 -206.46442 -40.61536 NaN NaN NaN 35.95775 -178.15793 19.50735 -34.23079 -202.27191 -87.67738
34021 2.24398 NaN NaN NaN 208.82236 -180.13974 11.47980 319.43280 -206.91339 -40.29526 NaN NaN NaN 36.72768 -177.74208 19.20544 -34.25956 -202.76401 -87.23200
34022 2.25231 NaN NaN NaN 209.21655 -180.58437 12.00235 319.59415 -207.42313 -39.97783 NaN NaN NaN 37.47789 -177.35851 18.96251 -34.23698 -203.23416 -86.79620
34023 2.26064 NaN NaN NaN 209.58473 -180.97086 12.14637 319.66690 -208.08792 -39.90399 NaN NaN NaN 38.23030 -176.94142 18.67322 -34.18951 -203.70605 -86.37352
34024 2.26897 NaN NaN NaN 209.96729 -181.28609 12.01370 319.98401 -208.27502 -40.01905 NaN NaN NaN 38.93049 -176.54272 18.46126 -34.18845 -204.11707 -85.92398
34025 2.27730 NaN NaN NaN 210.38103 -181.55380 11.68055 320.13904 -208.44797 -40.54710 NaN NaN NaN 39.58998 -176.17413 18.27704 -34.16723 -204.49355 -85.40331
34026 2.28563 NaN NaN NaN 210.78558 -181.72211 11.12408 320.44360 -208.64133 -40.85880 NaN NaN NaN 40.21148 -175.85075 18.08246 -34.21986 -204.89676 -84.93166
34027 2.29396 NaN NaN NaN 211.24039 -181.85739 10.43658 320.45010 -208.90459 -41.51795 NaN NaN NaN 40.77193 -175.60217 17.88642 -34.37874 -205.29428 -84.43296
34028 2.30229 NaN NaN NaN 211.72092 -182.02739 9.76483 320.69391 -209.20610 -41.98794 NaN NaN NaN 41.23377 -175.43761 17.65478 -34.57849 -205.80504 -83.95719
34029 2.31063 NaN NaN NaN 212.30428 -182.29787 9.18736 321.09326 -209.40291 -43.25109 NaN NaN NaN 41.61729 -175.36299 17.48056 -34.82909 -206.27283 -83.47396
34030 2.31896 NaN NaN NaN 213.00020 -182.66640 8.80601 321.26004 -209.42545 -43.93240 NaN NaN NaN 41.90209 -175.29131 17.26830 -35.07450 -206.70871 -83.03030
