Frame# Time LH1 LH2 LH3 RH1 RH2 RH3
X54 Y54 Z54 X55 Y55 Z55 X56 Y56 Z56 X57 Y57 Z57 X58 Y58 Z58 X59 Y59 Z59
9395 0.00316 NaN NaN NaN 133.16626 -117.96618 -70.46741 231.83440 -195.72060 -86.14516 NaN NaN NaN 93.94481 -138.58298 -84.77190 -15.59323 -209.34531 -81.84547
9396 0.01150 NaN NaN NaN 133.17128 -117.97334 -70.48590 231.83163 -195.72255 -86.14197 NaN NaN NaN 93.94800 -138.57744 -84.75849 -15.58780 -209.34009 -81.86723
9397 0.01984 NaN NaN NaN 133.17293 -117.96120 -70.47203 231.83397 -195.74489 -86.12337 NaN NaN NaN 93.95145 -138.57719 -84.77723 -15.58344 -209.34811 -81.86633
9398 0.02818 NaN NaN NaN 133.16452 -117.96770 -70.46096 231.82057 -195.74086 -86.11718 NaN NaN NaN 93.94452 -138.57104 -84.77641 -15.58950 -209.32993 -81.89070
9399 0.03652 NaN NaN NaN 133.16019 -117.93461 -70.46764 231.81744 -195.73564 -86.11218 NaN NaN NaN 93.96561 -138.56772 -84.78111 -15.59581 -209.32211 -81.89271
9400 0.04486 NaN NaN NaN 133.15294 -117.91826 -70.47887 231.80945 -195.72679 -86.09991 NaN NaN NaN 93.97514 -138.52982 -84.79902 -15.56773 -209.31287 -81.88244
9401 0.05320 NaN NaN NaN 133.15575 -117.88188 -70.47575 231.80363 -195.72197 -86.09019 NaN NaN NaN 93.97044 -138.51007 -84.81958 -15.54872 -209.31464 -81.88317
9402 0.06154 NaN NaN NaN 133.16011 -117.86678 -70.48010 231.79189 -195.72192 -86.09389 NaN NaN NaN 93.97217 -138.49323 -84.81550 -15.53658 -209.31332 -81.87251
9403 0.06988 NaN NaN NaN 133.10765 -117.86196 -70.42757 231.79662 -195.73793 -86.08210 NaN NaN NaN 93.97581 -138.49033 -84.82297 -15.52874 -209.31534 -81.88683
9404 0.07821 NaN NaN NaN 133.14690 -117.85493 -70.45502 231.77904 -195.72490 -86.07416 NaN NaN NaN 93.98067 -138.48602 -84.82070 -15.54734 -209.31879 -81.87933
9405 0.08655 NaN NaN NaN 133.16948 -117.82405 -70.45560 231.78499 -195.72743 -86.07331 NaN NaN NaN 93.97702 -138.49928 -84.81892 -15.53760 -209.31848 -81.87810
9406 0.09489 NaN NaN NaN 133.16084 -117.82956 -70.46724 231.77225 -195.71361 -86.08519 NaN NaN NaN 93.97345 -138.51302 -84.80862 -15.53944 -209.32402 -81.87576
9407 0.10323 NaN NaN NaN 133.15047 -117.84589 -70.43329 231.77350 -195.72498 -86.09468 NaN NaN NaN 93.97771 -138.53339 -84.79755 -15.55156 -209.32407 -81.92059
9408 0.11157 NaN NaN NaN 133.14610 -117.85892 -70.44597 231.77313 -195.71286 -86.10840 NaN NaN NaN 93.96554 -138.52034 -84.79459 -15.56270 -209.31638 -81.90034
9409 0.11991 NaN NaN NaN 133.10283 -117.88411 -70.39827 231.77881 -195.69699 -86.12133 NaN NaN NaN 93.95969 -138.51939 -84.79921 -15.52001 -209.31645 -81.90096
9410 0.12825 NaN NaN NaN 133.13332 -117.86410 -70.43680 231.76360 -195.69585 -86.11982 NaN NaN NaN 93.95311 -138.49146 -84.79553 -15.54665 -209.31822 -81.88783
9411 0.13659 NaN NaN NaN 133.09201 -117.87579 -70.40754 231.75006 -195.69861 -86.11225 NaN NaN NaN 93.95414 -138.48259 -84.79263 -15.47550 -209.33092 -81.91328
9412 0.14493 NaN NaN NaN 133.10355 -117.84579 -70.44209 231.74608 -195.69244 -86.12369 NaN NaN NaN 93.94582 -138.48402 -84.79121 -15.50761 -209.31979 -81.88501
9413 0.15326 NaN NaN NaN 133.09451 -117.83877 -70.41759 231.74416 -195.68188 -86.12004 NaN NaN NaN 93.91995 -138.43105 -84.79961 -15.55044 -209.31662 -81.89368
9414 0.16160 NaN NaN NaN 133.10829 -117.80143 -70.45094 231.73799 -195.66342 -86.11876 NaN NaN NaN 93.94421 -138.45044 -84.79749 -15.58051 -209.30653 -81.89057
9415 0.16994 NaN NaN NaN 133.13605 -117.76716 -70.47269 231.73647 -195.66534 -86.11003 NaN NaN NaN 93.94807 -138.45659 -84.80166 -15.58848 -209.28712 -81.89128
9416 0.17828 NaN NaN NaN 133.06860 -117.78661 -70.44400 231.71481 -195.64441 -86.09933 NaN NaN NaN 93.95706 -138.44524 -84.79856 -15.58010 -209.28108 -81.88684
9417 0.18662 NaN NaN NaN 133.05229 -117.80634 -70.41952 231.71364 -195.65076 -86.09225 NaN NaN NaN 93.94222 -138.43950 -84.81847 -15.56026 -209.25845 -81.88482
9418 0.19496 NaN NaN NaN 133.08023 -117.78261 -70.46165 231.71150 -195.63754 -86.08897 NaN NaN NaN 93.90061 -138.33789 -84.82530 -15.56928 -209.26892 -81.87854
9419 0.20330 NaN NaN NaN 133.07722 -117.79984 -70.43774 231.70618 -195.64171 -86.08196 NaN NaN NaN 93.92757 -138.37044 -84.82355 -15.57613 -209.26157 -81.87099
9420 0.21164 NaN NaN NaN 133.11069 -117.74812 -70.46703 231.70995 -195.64638 -86.08279 NaN NaN NaN 93.93516 -138.38625 -84.81293 -15.58029 -209.26355 -81.86801
9421 0.21998 NaN NaN NaN 133.12561 -117.73492 -70.48387 231.70692 -195.65019 -86.06469 NaN NaN NaN 93.94708 -138.41115 -84.81232 -15.56952 -209.25334 -81.88295
9422 0.22831 NaN NaN NaN 133.12311 -117.69841 -70.49053 231.71519 -195.65523 -86.07904 NaN NaN NaN 93.92821 -138.40784 -84.78709 -15.57191 -209.27271 -81.89177
9423 0.23665 NaN NaN NaN 133.05743 -117.75016 -70.44656 231.70332 -195.65036 -86.07903 NaN NaN NaN 93.89255 -138.37375 -84.80747 -15.53750 -209.26845 -81.88207
9424 0.24499 NaN NaN NaN 133.07376 -117.74451 -70.47189 231.70419 -195.65442 -86.08512 NaN NaN NaN 93.89916 -138.38623 -84.78632 -15.56875 -209.27515 -81.88306
9425 0.25333 NaN NaN NaN 133.06880 -117.81582 -70.42870 231.71986 -195.67122 -86.08009 NaN NaN NaN 93.91251 -138.41469 -84.79519 -15.60554 -209.25717 -81.89207
9426 0.26167 NaN NaN NaN 133.07944 -117.79159 -70.46191 231.70853 -195.66592 -86.08392 NaN NaN NaN 93.88502 -138.35640 -84.78842 -15.57899 -209.25621 -81.89429
9427 0.27001 NaN NaN NaN 133.05830 -117.81155 -70.43379 231.69655 -195.64545 -86.08334 NaN NaN NaN 93.90169 -138.40338 -84.79762 -15.59422 -209.26282 -81.90273
9428 0.27835 NaN NaN NaN 133.08252 -117.75501 -70.47530 231.70387 -195.64114 -86.08436 NaN NaN NaN 93.90461 -138.41931 -84.77435 -15.56928 -209.26363 -81.90378
9429 0.28669 NaN NaN NaN 133.05911 -117.77040 -70.45713 231.70345 -195.64760 -86.08279 NaN NaN NaN 93.90311 -138.43686 -84.77282 -15.57865 -209.26515 -81.89124
9430 0.29503 NaN NaN NaN 133.06058 -117.73048 -70.50100 231.69620 -195.65863 -86.08080 NaN NaN NaN 93.89961 -138.45869 -84.75295 -15.59015 -209.28400 -81.88572
9431 0.30337 NaN NaN NaN 133.05240 -117.76447 -70.45465 231.69250 -195.65471 -86.07361 NaN NaN NaN 93.91211 -138.47530 -84.77211 -15.59968 -209.29761 -81.87406
9432 0.31170 NaN NaN NaN 133.07225 -117.73017 -70.49950 231.69225 -195.66394 -86.07153 NaN NaN NaN 93.91153 -138.44052 -84.76181 -15.59815 -209.28941 -81.88328
9433 0.32004 NaN NaN NaN 133.10963 -117.74033 -70.50257 231.70032 -195.66441 -86.06415 NaN NaN NaN 93.92557 -138.46132 -84.77921 -15.58235 -209.30124 -81.88688
9434 0.32838 NaN NaN NaN 133.10248 -117.70458 -70.51669 231.70757 -195.66049 -86.04606 NaN NaN NaN 93.91437 -138.47348 -84.77045 -15.58372 -209.29131 -81.87363
9435 0.33672 NaN NaN NaN 133.10155 -117.72441 -70.50713 231.70172 -195.67638 -86.06670 NaN NaN NaN 93.92579 -138.48277 -84.78746 -15.50122 -209.29071 -81.86229
9436 0.34506 NaN NaN NaN 133.07724 -117.72888 -70.51130 231.70183 -195.67340 -86.07455 NaN NaN NaN 93.92387 -138.47458 -84.77782 -15.55299 -209.28311 -81.86206
9437 0.35340 NaN NaN NaN 133.10316 -117.76112 -70.49820 231.70935 -195.68495 -86.07416 NaN NaN NaN 93.94234 -138.48964 -84.77976 -15.56428 -209.30365 -81.85748
9438 0.36174 NaN NaN NaN 133.07756 -117.78027 -70.50297 231.70480 -195.67099 -86.08250 NaN NaN NaN 93.93348 -138.49229 -84.76187 -15.57854 -209.31555 -81.85153
9439 0.37008 NaN NaN NaN 133.08978 -117.80116 -70.50513 231.70802 -195.67731 -86.08012 NaN NaN NaN 93.91863 -138.47746 -84.77686 -15.56899 -209.33736 -81.84116
9440 0.37842 NaN NaN NaN 133.07716 -117.77524 -70.51822 231.70782 -195.67390 -86.08655 NaN NaN NaN 93.92580 -138.46500 -84.77063 -15.53997 -209.32608 -81.84322
9441 0.38675 NaN NaN NaN 133.09236 -117.79148 -70.51800 231.72043 -195.69060 -86.09370 NaN NaN NaN 93.93497 -138.45595 -84.79199 -15.55272 -209.32645 -81.84078
9442 0.39509 NaN NaN NaN 133.08058 -117.76865 -70.53487 231.70772 -195.67252 -86.09291 NaN NaN NaN 93.91787 -138.45613 -84.76937 -15.55702 -209.32318 -81.82906
9443 0.40343 NaN NaN NaN 133.08440 -117.77880 -70.53509 231.70668 -195.67819 -86.10019 NaN NaN NaN 93.91956 -138.43797 -84.78275 -15.50065 -209.28757 -81.83206
9444 0.41177 NaN NaN NaN 133.07765 -117.77043 -70.54292 231.71013 -195.68172 -86.10823 NaN NaN NaN 93.90669 -138.40755 -84.78067 -15.53924 -209.28778 -81.82996
9445 0.42011 NaN NaN NaN 133.08322 -117.77159 -70.54579 231.72041 -195.67816 -86.10756 NaN NaN NaN 93.88361 -138.33969 -84.80905 -15.56713 -209.28577 -81.81640
9446 0.42845 NaN NaN NaN 133.08485 -117.77718 -70.54305 231.71404 -195.66582 -86.10445 NaN NaN NaN 93.87209 -138.28343 -84.81284 -15.58134 -209.26932 -81.83276
9447 0.43679 NaN NaN NaN 133.09526 -117.77825 -70.54480 231.71823 -195.66270 -86.11372 NaN NaN NaN 93.90078 -138.32629 -84.81378 -15.55861 -209.24593 -81.82813
9448 0.44513 NaN NaN NaN 133.09901 -117.76707 -70.54207 231.71140 -195.63690 -86.11350 NaN NaN NaN 93.90121 -138.35698 -84.80151 -15.55039 -209.24533 -81.81109
9449 0.45347 NaN NaN NaN 133.07556 -117.77074 -70.54061 231.73061 -195.62675 -86.11832 NaN NaN NaN 93.90934 -138.38046 -84.80981 -15.51055 -209.23064 -81.82537
9450 0.46180 NaN NaN NaN 133.07530 -117.74569 -70.56043 231.72101 -195.62419 -86.11422 NaN NaN NaN 93.86968 -138.30403 -84.80202 -15.55199 -209.23909 -81.80916
9451 0.47014 NaN NaN NaN 133.06769 -117.75945 -70.54976 231.72433 -195.63383 -86.11752 NaN NaN NaN 93.89025 -138.33261 -84.81661 -15.52087 -209.23300 -81.81806
9452 0.47848 NaN NaN NaN 133.06755 -117.72855 -70.56084 231.71815 -195.62961 -86.11210 NaN NaN NaN 93.85353 -138.25589 -84.80836 -15.55861 -209.23540 -81.81474
9453 0.48682 NaN NaN NaN 133.06960 -117.75356 -70.54470 231.72131 -195.64113 -86.11067 NaN NaN NaN 93.85048 -138.22684 -84.82777 -15.55698 -209.22458 -81.82641
9454 0.49516 NaN NaN NaN 133.07399 -117.73093 -70.55508 231.71826 -195.63197 -86.11851 NaN NaN NaN 93.84613 -138.20909 -84.82981 -15.55803 -209.22937 -81.82591
9455 0.50350 NaN NaN NaN 133.09622 -117.76511 -70.54839 231.73164 -195.64233 -86.13029 NaN NaN NaN 93.86450 -138.19589 -84.85132 -15.51386 -209.22285 -81.83119
9456 0.51184 NaN NaN NaN 133.07466 -117.76315 -70.53889 231.73148 -195.61539 -86.12907 NaN NaN NaN 93.85734 -138.21245 -84.83775 -15.53835 -209.21379 -81.84566
9457 0.52018 NaN NaN NaN 133.08905 -117.78630 -70.52704 231.74916 -195.62196 -86.13667 NaN NaN NaN 93.85832 -138.20622 -84.84620 -15.55521 -209.20761 -81.86153
9458 0.52852 NaN NaN NaN 133.08038 -117.79295 -70.51668 231.74219 -195.62556 -86.14946 NaN NaN NaN 93.85252 -138.21385 -84.82436 -15.56035 -209.20369 -81.82317
9459 0.53686 NaN NaN NaN 133.09439 -117.82200 -70.51142 231.75388 -195.63031 -86.15725 NaN NaN NaN 93.85561 -138.21085 -84.83846 -15.51612 -209.20212 -81.82385
9460 0.54519 NaN NaN NaN 133.09259 -117.82262 -70.52320 231.75128 -195.63042 -86.15078 NaN NaN NaN 93.85374 -138.19801 -84.81837 -15.53432 -209.19330 -81.80186
9461 0.55353 NaN NaN NaN 133.10863 -117.81187 -70.53566 231.76436 -195.61859 -86.15095 NaN NaN NaN 93.84626 -138.18866 -84.84831 -15.53264 -209.18629 -81.80549
9462 0.56187 NaN NaN NaN 133.09232 -117.80460 -70.54151 231.75690 -195.59671 -86.15985 NaN NaN NaN 93.85688 -138.16884 -84.83148 -15.54755 -209.19400 -81.79166
9463 0.57021 NaN NaN NaN 133.09222 -117.80555 -70.54105 231.76244 -195.60419 -86.16343 NaN NaN NaN 93.86006 -138.16748 -84.85558 -15.53105 -209.19370 -81.79504
9464 0.57855 NaN NaN NaN 133.10129 -117.79970 -70.54259 231.77513 -195.60760 -86.16760 NaN NaN NaN 93.86713 -138.14313 -84.85177 -15.52614 -209.18629 -81.76939
9465 0.58689 NaN NaN NaN 133.10870 -117.81788 -70.53901 231.78490 -195.61159 -86.16307 NaN NaN NaN 93.87624 -138.14406 -84.87031 -15.49965 -209.19019 -81.76128
9466 0.59523 NaN NaN NaN 133.11113 -117.83818 -70.53448 231.77563 -195.63008 -86.15052 NaN NaN NaN 93.87417 -138.13840 -84.84959 -15.51426 -209.19928 -81.75113
9467 0.60357 NaN NaN NaN 133.09892 -117.83742 -70.53043 231.77052 -195.62827 -86.14930 NaN NaN NaN 93.85275 -138.14072 -84.87484 -15.52496 -209.18008 -81.75993
9468 0.61191 NaN NaN NaN 133.09525 -117.83310 -70.52888 231.77809 -195.62619 -86.15105 NaN NaN NaN 93.86238 -138.13263 -84.86040 -15.51584 -209.17656 -81.74610
9469 0.62024 NaN NaN NaN 133.12248 -117.83018 -70.50761 231.79282 -195.64430 -86.15016 NaN NaN NaN 93.86227 -138.14388 -84.88197 -15.50229 -209.17625 -81.74968
9470 0.62858 NaN NaN NaN 133.12115 -117.84874 -70.51138 231.78326 -195.66005 -86.14767 NaN NaN NaN 93.86990 -138.13951 -84.86323 -15.50963 -209.19221 -81.74045
9471 0.63692 NaN NaN NaN 133.13809 -117.85383 -70.51963 231.78909 -195.66985 -86.14122 NaN NaN NaN 93.87090 -138.15277 -84.87628 -15.51859 -209.18463 -81.74977
9472 0.64526 NaN NaN NaN 133.11349 -117.85626 -70.52542 231.78922 -195.66020 -86.14397 NaN NaN NaN 93.85933 -138.14507 -84.85770 -15.52904 -209.19914 -81.74976
9473 0.65360 NaN NaN NaN 133.13075 -117.85909 -70.51950 231.80312 -195.67871 -86.13226 NaN NaN NaN 93.84938 -138.13843 -84.87460 -15.53441 -209.19188 -81.76571
9474 0.66194 NaN NaN NaN 133.13492 -117.86106 -70.51978 231.79997 -195.69083 -86.13224 NaN NaN NaN 93.86401 -138.13972 -84.86837 -15.53911 -209.19194 -81.75951
9475 0.67028 NaN NaN NaN 133.13902 -117.85384 -70.51488 231.79758 -195.70486 -86.12398 NaN NaN NaN 93.86312 -138.14999 -84.87572 -15.54052 -209.18814 -81.76383
9476 0.67862 NaN NaN NaN 133.14246 -117.84492 -70.51859 231.79045 -195.69617 -86.12648 NaN NaN NaN 93.86755 -138.15208 -84.86540 -15.54079 -209.18207 -81.74700
9477 0.68696 NaN NaN NaN 133.15376 -117.86029 -70.51096 231.80252 -195.69975 -86.11187 NaN NaN NaN 93.86626 -138.14175 -84.88332 -15.52333 -209.17767 -81.75128
9478 0.69529 NaN NaN NaN 133.14195 -117.86382 -70.50658 231.80090 -195.70639 -86.11174 NaN NaN NaN 93.86485 -138.13747 -84.87680 -15.51625 -209.17976 -81.75829
9479 0.70363 NaN NaN NaN 133.15337 -117.85893 -70.50832 231.80479 -195.72346 -86.10477 NaN NaN NaN 93.85865 -138.12044 -84.89444 -15.50966 -209.18193 -81.76884
9480 0.71197 NaN NaN NaN 133.14188 -117.86465 -70.51189 231.80655 -195.71921 -86.09925 NaN NaN NaN 93.85862 -138.11421 -84.87887 -15.50934 -209.19078 -81.74366
9481 0.72031 NaN NaN NaN 133.16212 -117.86761 -70.49812 231.82050 -195.72987 -86.09069 NaN NaN NaN 93.86342 -138.12260 -84.88831 -15.49006 -209.20313 -81.72285
9482 0.72865 NaN NaN NaN 133.16812 -117.89449 -70.48247 231.81898 -195.73248 -86.09048 NaN NaN NaN 93.86802 -138.13916 -84.87249 -15.49097 -209.20692 -81.71944
9483 0.73699 NaN NaN NaN 133.17648 -117.90641 -70.46413 231.83269 -195.72763 -86.09080 NaN NaN NaN 93.86424 -138.15417 -84.88602 -15.48059 -209.21275 -81.71888
9484 0.74533 NaN NaN NaN 133.17412 -117.91100 -70.45928 231.83882 -195.74245 -86.08308 NaN NaN NaN 93.86524 -138.13507 -84.86429 -15.47339 -209.18951 -81.72246
9485 0.75367 NaN NaN NaN 133.19020 -117.91566 -70.46510 231.84186 -195.73384 -86.08685 NaN NaN NaN 93.87360 -138.14011 -84.88125 -15.47719 -209.17827 -81.71668
9486 0.76201 NaN NaN NaN 133.17876 -117.91429 -70.47154 231.83458 -195.73332 -86.08342 NaN NaN NaN 93.86350 -138.13550 -84.86621 -15.47865 -209.17053 -81.74714
9487 0.77035 NaN NaN NaN 133.20282 -117.94599 -70.45374 231.84286 -195.73778 -86.09089 NaN NaN NaN 93.85561 -138.12029 -84.88360 -15.48783 -209.18289 -81.73188
9488 0.77868 NaN NaN NaN 133.20148 -117.94669 -70.44794 231.84671 -195.73268 -86.09341 NaN NaN NaN 93.86638 -138.11670 -84.86357 -15.49622 -209.18719 -81.72585
9489 0.78702 NaN NaN NaN 133.17241 -117.99364 -70.40992 231.85275 -195.72101 -86.09150 NaN NaN NaN 93.86127 -138.11789 -84.86822 -15.48743 -209.18405 -81.71483
9490 0.79536 NaN NaN NaN 133.18842 -117.92266 -70.44401 231.85185 -195.72470 -86.08614 NaN NaN NaN 93.85938 -138.10814 -84.87142 -15.48275 -209.15157 -81.71815
9491 0.80370 NaN NaN NaN 133.18060 -117.89561 -70.46953 231.84253 -195.72371 -86.09212 NaN NaN NaN 93.84866 -138.09169 -84.87457 -15.47738 -209.14107 -81.72094
9492 0.81204 NaN NaN NaN 133.19379 -117.86951 -70.47236 231.83585 -195.71640 -86.09128 NaN NaN NaN 93.85510 -138.07332 -84.87231 -15.45210 -209.15544 -81.72103
9493 0.82038 NaN NaN NaN 133.20271 -117.83633 -70.48161 231.83748 -195.72221 -86.08361 NaN NaN NaN 93.84352 -138.07877 -84.86973 -15.44090 -209.14073 -81.71692
9494 0.82872 NaN NaN NaN 133.18393 -117.83614 -70.48065 231.83678 -195.72453 -86.07658 NaN NaN NaN 93.84409 -138.07561 -84.87086 -15.47080 -209.14388 -81.70509
9495 0.83706 NaN NaN NaN 133.14230 -117.89378 -70.41510 231.83521 -195.72308 -86.07997 NaN NaN NaN 93.83180 -138.05562 -84.87656 -15.48715 -209.13316 -81.68974
9496 0.84540 NaN NaN NaN 133.16475 -117.91189 -70.41588 231.84134 -195.73137 -86.07152 NaN NaN NaN 93.84953 -138.07408 -84.85892 -15.49275 -209.11040 -81.71345
9497 0.85373 NaN NaN NaN 133.17218 -117.93830 -70.38680 231.84447 -195.72462 -86.07813 NaN NaN NaN 93.83587 -138.06726 -84.86723 -15.50777 -209.11411 -81.71115
9498 0.86207 NaN NaN NaN 133.18205 -117.91093 -70.43475 231.84969 -195.73929 -86.07175 NaN NaN NaN 93.85029 -138.09218 -84.85103 -15.53668 -209.09666 -81.71169
9499 0.87041 NaN NaN NaN 133.16991 -117.93722 -70.40543 231.84486 -195.72746 -86.07374 NaN NaN NaN 93.82607 -138.07529 -84.84743 -15.54163 -209.10049 -81.71260
9500 0.87875 NaN NaN NaN 133.18880 -117.91447 -70.42117 231.84737 -195.73885 -86.06701 NaN NaN NaN 93.82590 -138.05911 -84.85208 -15.55158 -209.09862 -81.71069
9501 0.88709 NaN NaN NaN 133.17096 -117.93703 -70.38797 231.84889 -195.73744 -86.05786 NaN NaN NaN 93.79943 -138.03519 -84.84889 -15.54941 -209.08597 -81.70477
9502 0.89543 NaN NaN NaN 133.21204 -117.90565 -70.41957 231.85005 -195.73885 -86.04639 NaN NaN NaN 93.80259 -138.03453 -84.85139 -15.56254 -209.07729 -81.71313
9503 0.90377 NaN NaN NaN 133.21547 -117.90948 -70.41057 231.85037 -195.73427 -86.06132 NaN NaN NaN 93.79781 -138.02339 -84.84386 -15.55780 -209.06627 -81.70982
9504 0.91211 NaN NaN NaN 133.20395 -117.89926 -70.41107 231.84456 -195.73164 -86.03355 NaN NaN NaN 93.78120 -138.01028 -84.85617 -15.57334 -209.05968 -81.68446
9505 0.92045 NaN NaN NaN 133.17557 -117.94815 -70.37604 231.84189 -195.72549 -86.04526 NaN NaN NaN 93.79144 -138.02017 -84.85251 -15.55313 -209.05447 -81.65337
9506 0.92878 NaN NaN NaN 133.14465 -117.95998 -70.36820 231.85342 -195.73872 -86.03210 NaN NaN NaN 93.77442 -138.00731 -84.85538 -15.54941 -209.04472 -81.64793
9507 0.93712 NaN NaN NaN 133.16661 -117.99451 -70.35139 231.87306 -195.73590 -86.03413 NaN NaN NaN 93.76427 -138.00766 -84.84624 -15.54535 -209.04663 -81.65205
9508 0.94546 NaN NaN NaN 133.22498 -117.97575 -70.40059 231.87155 -195.74271 -86.02774 NaN NaN NaN 93.75654 -137.98152 -84.84724 -15.54570 -209.04178 -81.64877
9509 0.95380 NaN NaN NaN 133.24997 -117.97221 -70.40682 231.88229 -195.76089 -86.04292 NaN NaN NaN 93.78127 -138.00551 -84.83415 -15.53953 -209.06847 -81.64708
9510 0.96214 NaN NaN NaN 133.18265 -117.98684 -70.38158 231.88483 -195.76509 -86.02763 NaN NaN NaN 93.77718 -138.00223 -84.83289 -15.55805 -209.06990 -81.63407
9511 0.97048 NaN NaN NaN 133.18234 -118.01396 -70.37086 231.88622 -195.76579 -86.03199 NaN NaN NaN 93.77282 -138.02002 -84.83408 -15.53883 -209.06714 -81.63235
9512 0.97882 NaN NaN NaN 133.23004 -117.99829 -70.42188 231.88542 -195.75595 -86.03719 NaN NaN NaN 93.76730 -138.02925 -84.83675 -15.54531 -209.05725 -81.62026
9513 0.98716 NaN NaN NaN 133.23370 -117.98882 -70.45040 231.89589 -195.76175 -86.05578 NaN NaN NaN 93.76218 -138.03017 -84.82695 -15.54022 -209.04907 -81.61771
9514 0.99550 NaN NaN NaN 133.24672 -117.97330 -70.46483 231.90103 -195.75511 -86.07243 NaN NaN NaN 93.75892 -138.02087 -84.83147 -15.56047 -209.05919 -81.62448
9515 1.00384 NaN NaN NaN 133.23514 -118.00365 -70.45636 231.89622 -195.75369 -86.07381 NaN NaN NaN 93.73286 -137.99271 -84.82401 -15.56317 -209.05890 -81.61988
9516 1.01217 NaN NaN NaN 133.22891 -117.98862 -70.46569 231.93289 -195.74525 -86.07870 NaN NaN NaN 93.69494 -137.93639 -84.82611 -15.59520 -209.04106 -81.61768
9517 1.02051 NaN NaN NaN 133.24298 -117.98244 -70.47096 231.95116 -195.72165 -86.09085 NaN NaN NaN 93.68619 -137.90378 -84.82213 -15.59552 -209.03459 -81.60888
9518 1.02885 NaN NaN NaN 133.25357 -117.98829 -70.47396 231.97508 -195.72079 -86.10185 NaN NaN NaN 93.67264 -137.89975 -84.81071 -15.60839 -209.02249 -81.60071
9519 1.03719 NaN NaN NaN 133.27261 -118.00822 -70.48318 231.99532 -195.71313 -86.11906 NaN NaN NaN 93.67162 -137.88950 -84.77297 -15.60987 -209.00742 -81.59875
9520 1.04553 NaN NaN NaN 133.26938 -118.00866 -70.48543 232.02707 -195.71362 -86.12131 NaN NaN NaN 93.65980 -137.87898 -84.75904 -15.64018 -208.99335 -81.60847
9521 1.05387 NaN NaN NaN 133.29622 -118.00495 -70.45925 232.05083 -195.67703 -86.14557 NaN NaN NaN 93.63736 -137.82950 -84.75258 -15.61946 -208.93855 -81.60265
9522 1.06221 NaN NaN NaN 133.28273 -117.99837 -70.45366 232.07753 -195.64429 -86.17111 NaN NaN NaN 93.60033 -137.75450 -84.75922 -15.63486 -208.92857 -81.59292
9523 1.07055 NaN NaN NaN 133.29529 -117.99529 -70.46049 232.10664 -195.61334 -86.22219 NaN NaN NaN 93.56345 -137.68594 -84.77040 -15.63254 -208.91115 -81.60061
9524 1.07889 NaN NaN NaN 133.32158 -118.00389 -70.45803 232.13780 -195.58813 -86.23642 NaN NaN NaN 93.58044 -137.69847 -84.76171 -15.64910 -208.90553 -81.62089
9525 1.08722 NaN NaN NaN 133.33646 -118.02914 -70.46349 232.17679 -195.55563 -86.29797 NaN NaN NaN 93.56614 -137.61325 -84.75503 -15.61872 -208.88837 -81.60786
9526 1.09556 NaN NaN NaN 133.36182 -118.03117 -70.50420 232.23463 -195.55927 -86.36774 NaN NaN NaN 93.56162 -137.63437 -84.74020 -15.62766 -208.87524 -81.62135
9527 1.10390 NaN NaN NaN 133.39038 -118.01243 -70.49694 232.25504 -195.53607 -86.41427 NaN NaN NaN 93.52856 -137.64270 -84.71973 -15.63342 -208.87091 -81.60764
9528 1.11224 NaN NaN NaN 133.45457 -117.99522 -70.53870 232.29294 -195.55772 -86.44730 NaN NaN NaN 93.51812 -137.63617 -84.72490 -15.65487 -208.85284 -81.61591
9529 1.12058 NaN NaN NaN 133.46481 -118.00334 -70.53942 232.30823 -195.53987 -86.47075 NaN NaN NaN 93.46391 -137.54367 -84.71642 -15.67297 -208.85121 -81.64655
9530 1.12892 NaN NaN NaN 133.44885 -118.06625 -70.56081 232.33888 -195.54507 -86.49618 NaN NaN NaN 93.43890 -137.48547 -84.72184 -15.71023 -208.83626 -81.66757
9531 1.13726 NaN NaN NaN 133.42065 -118.15411 -70.54714 232.36182 -195.52403 -86.57654 NaN NaN NaN 93.40950 -137.45251 -84.71885 -15.74693 -208.82393 -81.70540
9532 1.14560 NaN NaN NaN 133.37325 -118.25073 -70.53597 232.37775 -195.51688 -86.67710 NaN NaN NaN 93.40372 -137.47870 -84.73872 -15.78354 -208.81772 -81.74292
9533 1.15394 NaN NaN NaN 133.40666 -118.31877 -70.57283 232.42259 -195.53683 -86.70335 NaN NaN NaN 93.40005 -137.49591 -84.74164 -15.78040 -208.83896 -81.78030
9534 1.16227 NaN NaN NaN 133.43979 -118.34978 -70.58031 232.45476 -195.56152 -86.76585 NaN NaN NaN 93.40380 -137.53624 -84.74039 -15.77826 -208.85725 -81.81858
9535 1.17061 NaN NaN NaN 133.42091 -118.42849 -70.56548 232.48849 -195.59544 -86.80680 NaN NaN NaN 93.40539 -137.54446 -84.73499 -15.75355 -208.85168 -81.82928
9536 1.17895 NaN NaN NaN 133.42091 -118.47517 -70.56718 232.51965 -195.60919 -86.88189 NaN NaN NaN 93.40218 -137.55966 -84.74231 -15.75613 -208.86650 -81.84775
9537 1.18729 NaN NaN NaN 133.43274 -118.53019 -70.60035 232.58968 -195.62213 -86.96950 NaN NaN NaN 93.39645 -137.54678 -84.75833 -15.74119 -208.87248 -81.84471
9538 1.19563 NaN NaN NaN 133.45195 -118.59657 -70.62037 232.66786 -195.65422 -87.01044 NaN NaN NaN 93.42622 -137.57085 -84.76305 -15.74873 -208.88980 -81.82539
9539 1.20397 NaN NaN NaN 133.46065 -118.68928 -70.65165 232.74156 -195.67242 -87.03155 NaN NaN NaN 93.42259 -137.54977 -84.76875 -15.72050 -208.91074 -81.77917
9540 1.21231 NaN NaN NaN 133.48364 -118.77377 -70.64864 232.79326 -195.67471 -87.05143 NaN NaN NaN 93.47061 -137.64098 -84.75777 -15.70582 -208.93417 -81.74683
9541 1.22065 NaN NaN NaN 133.51125 -118.84717 -70.67088 232.85088 -195.66223 -87.06464 NaN NaN NaN 93.48872 -137.69272 -84.72208 -15.66619 -208.94501 -81.69550
9542 1.22899 NaN NaN NaN 133.52492 -118.91811 -70.68587 232.93317 -195.66008 -87.07838 NaN NaN NaN 93.52531 -137.74129 -84.69196 -15.65512 -208.97304 -81.65015
9543 1.23733 NaN NaN NaN 133.57840 -118.97617 -70.67839 232.99310 -195.64990 -87.07304 NaN NaN NaN 93.51798 -137.69876 -84.64162 -15.65476 -208.97348 -81.60863
9544 1.24566 NaN NaN NaN 133.61827 -119.01855 -70.62604 233.06369 -195.64192 -87.07875 NaN NaN NaN 93.58610 -137.70186 -84.57882 -15.65608 -208.99522 -81.57853
9545 1.25400 NaN NaN NaN 133.62064 -119.05453 -70.61961 233.14214 -195.64951 -87.06883 NaN NaN NaN 93.61844 -137.70132 -84.50978 -15.63107 -209.00650 -81.54833
9546 1.26234 NaN NaN NaN 133.64732 -119.08269 -70.60648 233.19830 -195.60637 -87.06612 NaN NaN NaN 93.63303 -137.70085 -84.50381 -15.62786 -208.99962 -81.50684
9547 1.27068 NaN NaN NaN 133.68057 -119.11527 -70.63237 233.26859 -195.58257 -87.08627 NaN NaN NaN 93.62288 -137.72998 -84.46351 -15.61937 -208.98216 -81.45004
9548 1.27902 NaN NaN NaN 133.75676 -119.09758 -70.72468 233.35876 -195.57152 -87.08876 NaN NaN NaN 93.66130 -137.79138 -84.43732 -15.62013 -208.95551 -81.44064
9549 1.28736 NaN NaN NaN 133.80495 -119.12556 -70.71112 233.43355 -195.56590 -87.08669 NaN NaN NaN 93.68130 -137.78476 -84.38163 -15.63805 -208.93845 -81.47723
9550 1.29570 NaN NaN NaN 133.83337 -119.15594 -70.72919 233.50761 -195.54947 -87.10069 NaN NaN NaN 93.67551 -137.78177 -84.36562 -15.66247 -208.91376 -81.50090
9551 1.30404 NaN NaN NaN 133.86528 -119.20074 -70.78647 233.58455 -195.53339 -87.12978 NaN NaN NaN 93.68244 -137.77994 -84.32502 -15.66146 -208.89784 -81.46014
9552 1.31238 NaN NaN NaN 133.88330 -119.22717 -70.82627 233.66418 -195.49576 -87.21566 NaN NaN NaN 93.70173 -137.78249 -84.25073 -15.69160 -208.87146 -81.49847
9553 1.32071 NaN NaN NaN 133.92570 -119.24478 -70.86681 233.73691 -195.47725 -87.26994 NaN NaN NaN 93.71538 -137.77104 -84.22406 -15.67204 -208.82913 -81.47766
9554 1.32905 NaN NaN NaN 133.93147 -119.26817 -70.91782 233.78351 -195.43652 -87.33644 NaN NaN NaN 93.71645 -137.76649 -84.18691 -15.68251 -208.78741 -81.46591
9555 1.33739 NaN NaN NaN 133.94189 -119.29706 -70.92370 233.79150 -195.40567 -87.41073 NaN NaN NaN 93.71755 -137.77304 -84.15485 -15.68300 -208.74771 -81.46795
9556 1.34573 NaN NaN NaN 133.95068 -119.30857 -70.98396 233.83067 -195.35118 -87.45757 NaN NaN NaN 93.72739 -137.74927 -84.14819 -15.71766 -208.71802 -81.47639
9557 1.35407 NaN NaN NaN 133.91510 -119.30768 -71.03115 233.86795 -195.31551 -87.52255 NaN NaN NaN 93.72872 -137.74489 -84.12337 -15.70470 -208.70757 -81.47150
9558 1.36241 NaN NaN NaN 133.87488 -119.33796 -71.06842 233.88420 -195.25771 -87.56165 NaN NaN NaN 93.72591 -137.73233 -84.11500 -15.72388 -208.67894 -81.46201
9559 1.37075 NaN NaN NaN 133.87134 -119.32918 -71.11657 233.89484 -195.22372 -87.63372 NaN NaN NaN 93.69802 -137.71822 -84.10377 -15.75298 -208.64235 -81.46693
9560 1.37909 NaN NaN NaN 133.85960 -119.31252 -71.12994 233.89644 -195.17673 -87.67741 NaN NaN NaN 93.69659 -137.70039 -84.09562 -15.76780 -208.60623 -81.45607
9561 1.38743 NaN NaN NaN 133.84448 -119.27393 -71.17444 233.90218 -195.12935 -87.71060 NaN NaN NaN 93.68744 -137.66739 -84.06927 -15.77705 -208.56421 -81.45938
9562 1.39576 NaN NaN NaN 133.85545 -119.25526 -71.23101 233.88147 -195.08583 -87.74780 NaN NaN NaN 93.66267 -137.66171 -84.04513 -15.82175 -208.53880 -81.46519
9563 1.40410 NaN NaN NaN 133.86803 -119.20198 -71.27540 233.88788 -195.06088 -87.80996 NaN NaN NaN 93.66060 -137.62105 -84.00735 -15.84375 -208.51111 -81.46362
9564 1.41244 NaN NaN NaN 133.82648 -119.23528 -71.28977 233.87874 -195.00572 -87.84041 NaN NaN NaN 93.62766 -137.57648 -83.98133 -15.89233 -208.45674 -81.45458
9565 1.42078 NaN NaN NaN 133.82617 -119.21549 -71.29579 233.89622 -194.97548 -87.85686 NaN NaN NaN 93.61655 -137.54898 -83.97929 -15.88647 -208.44664 -81.44176
9566 1.42912 NaN NaN NaN 133.81802 -119.18877 -71.29440 233.90639 -194.96576 -87.86327 NaN NaN NaN 93.58851 -137.52502 -83.95470 -15.88398 -208.43240 -81.43177
9567 1.43746 NaN NaN NaN 133.82687 -119.15370 -71.33997 233.90593 -194.95410 -87.89624 NaN NaN NaN 93.56839 -137.51122 -83.93455 -15.91123 -208.42140 -81.44126
9568 1.44580 NaN NaN NaN 133.80711 -119.17316 -71.37929 233.90109 -194.93887 -87.91318 NaN NaN NaN 93.53015 -137.50783 -83.91515 -15.97837 -208.38879 -81.43993
9569 1.45414 NaN NaN NaN 133.80347 -119.09663 -71.44423 233.88554 -194.90993 -87.96110 NaN NaN NaN 93.49767 -137.51772 -83.88747 -16.00790 -208.36162 -81.42539
9570 1.46248 NaN NaN NaN 133.82242 -118.99194 -71.54110 233.87260 -194.90100 -87.98414 NaN NaN NaN 93.50195 -137.55107 -83.77726 -16.05101 -208.33981 -81.41633
9571 1.47082 NaN NaN NaN 133.82762 -118.92001 -71.63798 233.84064 -194.89261 -88.01537 NaN NaN NaN 93.48734 -137.59935 -83.69616 -16.07631 -208.33058 -81.38350
9572 1.47915 NaN NaN NaN 133.83884 -118.82735 -71.81559 233.80461 -194.87190 -87.99122 NaN NaN NaN 93.45156 -137.63548 -83.63734 -16.12123 -208.32213 -81.36522
9573 1.48749 NaN NaN NaN 133.84560 -118.70910 -72.02017 233.76100 -194.86612 -87.97363 NaN NaN NaN 93.41657 -137.66277 -83.60770 -16.17051 -208.31711 -81.33250
9574 1.49583 NaN NaN NaN 133.75912 -118.66555 -72.16772 233.69987 -194.85995 -87.92371 NaN NaN NaN 93.38714 -137.67165 -83.58913 -16.20859 -208.32451 -81.31065
9575 1.50417 NaN NaN NaN 133.76105 -118.54498 -72.29677 233.66820 -194.85143 -87.89409 NaN NaN NaN 93.37271 -137.67952 -83.59475 -16.25658 -208.33128 -81.25274
9576 1.51251 NaN NaN NaN 133.75081 -118.47897 -72.44096 233.62381 -194.81642 -87.86784 NaN NaN NaN 93.35727 -137.71037 -83.57282 -16.30316 -208.36266 -81.22601
9577 1.52085 NaN NaN NaN 133.73111 -118.44028 -72.54377 233.57831 -194.82025 -87.83772 NaN NaN NaN 93.33634 -137.75172 -83.56621 -16.32180 -208.38579 -81.22399
9578 1.52919 NaN NaN NaN 133.75343 -118.43028 -72.60693 233.52513 -194.84003 -87.80987 NaN NaN NaN 93.31680 -137.80791 -83.54825 -16.36918 -208.40396 -81.25938
9579 1.53753 NaN NaN NaN 133.74948 -118.38591 -72.70473 233.47984 -194.86345 -87.74352 NaN NaN NaN 93.28386 -137.83617 -83.62717 -16.37735 -208.41084 -81.23691
9580 1.54587 NaN NaN NaN 133.74457 -118.34628 -72.77842 233.43365 -194.89594 -87.69696 NaN NaN NaN 93.29280 -137.86404 -83.58486 -16.42923 -208.43178 -81.27492
9581 1.55420 NaN NaN NaN 133.70900 -118.27452 -72.88671 233.38057 -194.92519 -87.64505 NaN NaN NaN 93.24772 -137.88164 -83.66492 -16.41325 -208.43225 -81.22124
9582 1.56254 NaN NaN NaN 133.65297 -118.18756 -72.95997 233.33919 -194.90857 -87.60805 NaN NaN NaN 93.22233 -137.88683 -83.73276 -16.45934 -208.43985 -81.25027
9583 1.57088 NaN NaN NaN 133.61737 -118.07174 -73.05041 233.26508 -194.87152 -87.56136 NaN NaN NaN 93.18339 -137.89758 -83.79464 -16.44795 -208.45882 -81.24315
9584 1.57922 NaN NaN NaN 133.60295 -117.91838 -73.20244 233.19884 -194.82417 -87.50013 NaN NaN NaN 93.19431 -137.93298 -83.82288 -16.48306 -208.45515 -81.26041
9585 1.58756 NaN NaN NaN 133.59268 -117.72143 -73.36033 233.09546 -194.78502 -87.43007 NaN NaN NaN 93.17496 -137.92998 -83.83970 -16.47779 -208.44701 -81.19022
9586 1.59590 NaN NaN NaN 133.53084 -117.55694 -73.48926 232.98219 -194.72163 -87.35727 NaN NaN NaN 93.16127 -137.97804 -83.85092 -16.43530 -208.44156 -81.15631
9587 1.60424 NaN NaN NaN 133.48988 -117.34357 -73.62373 232.87535 -194.64693 -87.28217 NaN NaN NaN 93.16412 -137.97520 -83.84271 -16.48818 -208.38467 -81.13121
9588 1.61258 NaN NaN NaN 133.44844 -117.16316 -73.73028 232.76460 -194.62144 -87.21221 NaN NaN NaN 93.16982 -137.97282 -83.85304 -16.51534 -208.34038 -81.10460
9589 1.62092 NaN NaN NaN 133.40912 -116.95812 -73.87432 232.63249 -194.54407 -87.11214 NaN NaN NaN 93.18707 -137.92659 -83.84280 -16.53233 -208.30630 -81.09206
9590 1.62925 NaN NaN NaN 133.42375 -116.68692 -74.00597 232.48903 -194.42455 -87.01972 NaN NaN NaN 93.19451 -137.89005 -83.83057 -16.57945 -208.25940 -81.06750
9591 1.63759 NaN NaN NaN 133.40018 -116.43296 -74.13644 232.38739 -194.32520 -86.94584 NaN NaN NaN 93.19846 -137.82434 -83.64703 -16.59045 -208.16452 -80.99683
9592 1.64593 NaN NaN NaN 133.34949 -116.16868 -74.23898 232.28578 -194.21416 -86.88973 NaN NaN NaN 93.23537 -137.72202 -83.60027 -16.60515 -208.05946 -80.99244
9593 1.65427 NaN NaN NaN 133.35172 -115.92879 -74.31889 232.22626 -194.15251 -86.78960 NaN NaN NaN 93.26325 -137.64145 -83.54663 -16.59672 -207.94075 -80.90646
9594 1.66261 NaN NaN NaN 133.34872 -115.71590 -74.35708 232.13470 -194.06305 -86.72001 NaN NaN NaN 93.24406 -137.50334 -83.45420 -16.53682 -207.79796 -80.79517
9595 1.67095 NaN NaN NaN 133.36470 -115.54900 -74.43330 232.06316 -193.99318 -86.66946 NaN NaN NaN 93.32543 -137.41132 -83.17829 -16.51110 -207.65192 -80.69389
9596 1.67929 NaN NaN NaN 133.39246 -115.42789 -74.46102 232.01492 -193.91267 -86.61356 NaN NaN NaN 93.41909 -137.25841 -82.88175 -16.48206 -207.48877 -80.57893
9597 1.68763 NaN NaN NaN 133.42326 -115.31274 -74.47569 232.03708 -193.82664 -86.54520 NaN NaN NaN 93.51050 -137.09164 -82.49378 -16.41487 -207.26938 -80.46400
9598 1.69597 NaN NaN NaN 133.45924 -115.17097 -74.50195 232.03334 -193.74237 -86.48383 NaN NaN NaN 93.59204 -136.93127 -82.27440 -16.36003 -207.00168 -80.31119
9599 1.70431 NaN NaN NaN 133.45392 -115.10546 -74.48087 232.06422 -193.66931 -86.42634 NaN NaN NaN 93.73188 -136.68755 -81.93935 -16.25657 -206.74010 -80.11524
9600 1.71264 NaN NaN NaN 133.50009 -115.02601 -74.49977 232.13101 -193.58932 -86.39970 NaN NaN NaN 93.83029 -136.40833 -81.53822 -16.13959 -206.43732 -79.89424
9601 1.72098 NaN NaN NaN 133.55890 -114.93916 -74.50071 232.19121 -193.48506 -86.37093 NaN NaN NaN 93.97340 -136.16197 -81.15976 -16.03171 -206.17867 -79.66393
9602 1.72932 NaN NaN NaN 133.60684 -114.79810 -74.52677 232.24100 -193.36412 -86.33514 NaN NaN NaN 94.05350 -135.84633 -80.70666 -15.93660 -205.88683 -79.46229
9603 1.73766 NaN NaN NaN 133.60884 -114.62106 -74.56487 232.24918 -193.21704 -86.30624 NaN NaN NaN 94.09054 -135.53227 -80.24738 -15.91329 -205.58548 -79.26740
9604 1.74600 NaN NaN NaN 133.57843 -114.40427 -74.72788 232.21094 -193.03979 -86.26418 NaN NaN NaN 94.11961 -135.22424 -79.72238 -15.91908 -205.32607 -79.11021
9605 1.75434 NaN NaN NaN 133.55482 -114.10919 -74.90579 232.15292 -192.82733 -86.19299 NaN NaN NaN 94.17181 -134.92780 -79.27035 -15.86229 -205.06851 -79.04396
9606 1.76268 NaN NaN NaN 133.45636 -113.87015 -75.08239 232.10403 -192.58809 -86.08131 NaN NaN NaN 94.24364 -134.74248 -78.94198 -15.75302 -204.82213 -78.87734
9607 1.77102 NaN NaN NaN 133.47008 -113.50771 -75.24227 232.05666 -192.35428 -85.91804 NaN NaN NaN 94.24478 -134.48839 -78.71700 -15.72062 -204.65268 -78.84350
9608 1.77936 NaN NaN NaN 133.43611 -113.08509 -75.42979 231.94836 -192.04866 -85.79419 NaN NaN NaN 94.29047 -134.32088 -78.50911 -15.63129 -204.47168 -78.88022
9609 1.78769 NaN NaN NaN 133.38695 -112.73705 -75.61039 231.84387 -191.78185 -85.70854 NaN NaN NaN 94.33322 -134.12733 -78.39708 -15.60055 -204.30344 -78.95000
9610 1.79603 NaN NaN NaN 133.36815 -112.34763 -75.79442 231.75356 -191.45871 -85.57227 NaN NaN NaN 94.40154 -133.92694 -78.37598 -15.54242 -204.13455 -79.00775
9611 1.80437 NaN NaN NaN 133.32797 -111.98328 -75.89532 231.69194 -191.17926 -85.49877 NaN NaN NaN 94.45464 -133.71921 -78.42624 -15.46035 -203.95694 -79.07549
9612 1.81271 NaN NaN NaN 133.26631 -111.70773 -75.98418 231.67386 -190.89432 -85.39687 NaN NaN NaN 94.51889 -133.48643 -78.51788 -15.36388 -203.79529 -79.12498
9613 1.82105 NaN NaN NaN 133.21901 -111.46980 -76.04018 231.65436 -190.67525 -85.37793 NaN NaN NaN 94.59624 -133.22359 -78.63052 -15.20514 -203.62813 -79.16712
9614 1.82939 NaN NaN NaN 133.19160 -111.32283 -76.08678 231.67133 -190.44667 -85.38000 NaN NaN NaN 94.71248 -132.97304 -78.77397 -15.03521 -203.49275 -79.14448
9615 1.83773 NaN NaN NaN 133.18633 -111.13802 -76.13062 231.69360 -190.19075 -85.37032 NaN NaN NaN 94.80631 -132.73676 -78.89265 -14.84711 -203.39665 -79.09625
9616 1.84607 NaN NaN NaN 133.17490 -111.00550 -76.17672 231.76465 -189.96220 -85.37321 NaN NaN NaN 94.92617 -132.46362 -79.00426 -14.64810 -203.29411 -79.02234
9617 1.85441 NaN NaN NaN 133.17920 -110.90955 -76.18096 231.84395 -189.76724 -85.39052 NaN NaN NaN 95.00639 -132.20602 -79.11643 -14.42730 -203.20020 -78.83092
9618 1.86274 NaN NaN NaN 133.19305 -110.80000 -76.15855 231.90202 -189.62854 -85.37680 NaN NaN NaN 95.10421 -131.97429 -79.16961 -14.21132 -203.14293 -78.65347
9619 1.87108 NaN NaN NaN 133.19841 -110.74821 -76.14886 231.98615 -189.50490 -85.35796 NaN NaN NaN 95.21742 -131.73552 -79.18667 -13.99692 -203.09819 -78.45679
9620 1.87942 NaN NaN NaN 133.17313 -110.70982 -76.13758 232.03406 -189.40274 -85.35126 NaN NaN NaN 95.31127 -131.53566 -79.19373 -13.83890 -203.03149 -78.26890
9621 1.88776 NaN NaN NaN 133.15411 -110.71056 -76.11357 232.11844 -189.36462 -85.29626 NaN NaN NaN 95.32495 -131.32506 -79.14711 -13.65341 -203.00269 -78.04841
9622 1.89610 NaN NaN NaN 133.09644 -110.79655 -76.07108 232.16109 -189.29613 -85.25883 NaN NaN NaN 95.37142 -131.21359 -79.08022 -13.49379 -202.98405 -77.83454
9623 1.90444 NaN NaN NaN 133.04936 -110.86873 -76.04312 232.18619 -189.24078 -85.18211 NaN NaN NaN 95.36636 -131.02287 -78.94756 -13.34958 -203.02390 -77.62910
9624 1.91278 NaN NaN NaN 133.03145 -110.94313 -75.99458 232.19443 -189.20882 -85.13677 NaN NaN NaN 95.39117 -130.98012 -78.80770 -13.23940 -203.10559 -77.45016
9625 1.92112 NaN NaN NaN 132.97722 -111.05093 -75.94678 232.19203 -189.20720 -85.05032 NaN NaN NaN 95.40719 -130.90753 -78.65353 -13.15218 -203.17734 -77.29515
9626 1.92946 NaN NaN NaN 132.91914 -111.14783 -75.94028 232.20895 -189.25986 -84.92179 NaN NaN NaN 95.42850 -130.88916 -78.49208 -13.05397 -203.29330 -77.18810
9627 1.93780 NaN NaN NaN 132.84093 -111.24296 -75.95873 232.21037 -189.34885 -84.79368 NaN NaN NaN 95.42613 -130.92642 -78.38375 -13.02758 -203.40355 -77.07999
9628 1.94613 NaN NaN NaN 132.72968 -111.39417 -75.93676 232.21077 -189.43913 -84.67032 NaN NaN NaN 95.39314 -130.96671 -78.26768 -13.03782 -203.55345 -77.01881
9629 1.95447 NaN NaN NaN 132.70975 -111.50906 -75.97124 232.19473 -189.52005 -84.56093 NaN NaN NaN 95.33552 -131.13371 -78.18367 -13.04096 -203.74593 -77.03338
9630 1.96281 NaN NaN NaN 132.65379 -111.59060 -76.01178 232.14244 -189.57965 -84.44157 NaN NaN NaN 95.28695 -131.30243 -78.13161 -13.04641 -203.92825 -77.03304
9631 1.97115 NaN NaN NaN 132.59213 -111.65979 -76.06769 232.10658 -189.62996 -84.34580 NaN NaN NaN 95.23757 -131.46439 -78.17321 -13.05741 -204.12665 -77.01647
9632 1.97949 NaN NaN NaN 132.54932 -111.74013 -76.14751 232.06981 -189.69221 -84.29929 NaN NaN NaN 95.20004 -131.60147 -78.24259 -13.09006 -204.35249 -77.05269
9633 1.98783 NaN NaN NaN 132.56326 -111.81084 -76.28627 232.05048 -189.77603 -84.24056 NaN NaN NaN 95.13722 -131.71028 -78.36534 -13.07589 -204.55849 -77.06991
9634 1.99617 NaN NaN NaN 132.57269 -111.94244 -76.51416 232.04938 -189.88802 -84.22422 NaN NaN NaN 95.08141 -131.81998 -78.55797 -13.02771 -204.76474 -77.09017
9635 2.00451 NaN NaN NaN 132.56743 -112.03564 -76.67538 232.05481 -189.95448 -84.19283 NaN NaN NaN 95.07819 -131.91388 -78.65693 -12.99966 -204.95822 -77.14241
9636 2.01285 NaN NaN NaN 132.60606 -112.09096 -76.79403 232.08337 -190.08304 -84.18531 NaN NaN NaN 95.10567 -132.06070 -78.79097 -12.93964 -205.16223 -77.17381
9637 2.02118 NaN NaN NaN 132.63432 -112.15101 -76.94661 232.11366 -190.17761 -84.12123 NaN NaN NaN 95.18716 -132.22125 -78.95584 -12.83645 -205.33929 -77.17913
9638 2.02952 NaN NaN NaN 132.66788 -112.22112 -77.11282 232.16135 -190.30539 -84.13057 NaN NaN NaN 95.24892 -132.36725 -79.04607 -12.69891 -205.48949 -77.14890
9639 2.03786 NaN NaN NaN 132.70468 -112.30188 -77.24504 232.18553 -190.45439 -84.09514 NaN NaN NaN 95.32571 -132.46617 -79.23680 -12.56778 -205.63179 -77.07891
9640 2.04620 NaN NaN NaN 132.74074 -112.38581 -77.30457 232.22702 -190.55598 -84.09880 NaN NaN NaN 95.39658 -132.46103 -79.41801 -12.41600 -205.73674 -76.98958
9641 2.05454 NaN NaN NaN 132.73087 -112.51996 -77.37081 232.24884 -190.61243 -84.08888 NaN NaN NaN 95.45325 -132.43199 -79.64453 -12.24820 -205.88155 -76.87220
9642 2.06288 NaN NaN NaN 132.76151 -112.60547 -77.47697 232.26042 -190.69453 -84.11997 NaN NaN NaN 95.48302 -132.31366 -79.85641 -12.09122 -205.99855 -76.75963
9643 2.07122 NaN NaN NaN 132.73305 -112.70689 -77.59013 232.24840 -190.75699 -84.10226 NaN NaN NaN 95.56523 -132.22411 -80.06021 -11.91010 -206.10847 -76.54691
9644 2.07956 NaN NaN NaN 132.75729 -112.64801 -77.79230 232.19849 -190.79819 -84.07188 NaN NaN NaN 95.65599 -132.23726 -80.27694 -11.74484 -206.19658 -76.30545
9645 2.08790 NaN NaN NaN 132.72615 -112.59250 -77.96939 232.13266 -190.84886 -83.98505 NaN NaN NaN 95.66184 -132.21513 -80.45586 -11.58781 -206.30385 -76.08904
9646 2.09623 NaN NaN NaN 132.75284 -112.46214 -78.14426 232.04642 -190.86357 -83.85957 NaN NaN NaN 95.68320 -132.26030 -80.57164 -11.49708 -206.41101 -75.89754
9647 2.10457 NaN NaN NaN 132.71005 -112.31676 -78.37623 231.89763 -190.81104 -83.72137 NaN NaN NaN 95.67197 -132.28894 -80.72059 -11.43802 -206.56287 -75.73044
9648 2.11291 NaN NaN NaN 132.66768 -112.10311 -78.55324 231.72867 -190.76062 -83.52863 NaN NaN NaN 95.63139 -132.33987 -80.88419 -11.43829 -206.69536 -75.63814
9649 2.12125 NaN NaN NaN 132.59149 -111.80544 -78.73790 231.50029 -190.66039 -83.34917 NaN NaN NaN 95.60387 -132.39894 -81.00637 -11.42603 -206.82765 -75.55280
9650 2.12959 NaN NaN NaN 132.54333 -111.50986 -78.96210 231.24368 -190.59422 -83.17300 NaN NaN NaN 95.55145 -132.45326 -81.10759 -11.44521 -206.89133 -75.49463
9651 2.13793 NaN NaN NaN 132.46640 -111.21970 -79.16268 231.00761 -190.49446 -83.02165 NaN NaN NaN 95.47779 -132.47084 -81.20855 -11.44889 -206.93726 -75.48865
9652 2.14627 NaN NaN NaN 132.40309 -110.93828 -79.40194 230.76720 -190.41963 -82.76140 NaN NaN NaN 95.41385 -132.52184 -81.36165 -11.48404 -206.95294 -75.45972
9653 2.15461 NaN NaN NaN 132.34567 -110.68156 -79.53899 230.56360 -190.39133 -82.62970 NaN NaN NaN 95.36922 -132.57263 -81.47427 -11.51451 -206.97116 -75.47009
9654 2.16295 NaN NaN NaN 132.19771 -110.51493 -79.72472 230.37019 -190.36496 -82.51496 NaN NaN NaN 95.36417 -132.59596 -81.50497 -11.55627 -206.97401 -75.48490
9655 2.17129 NaN NaN NaN 132.19777 -110.29189 -79.70405 230.18333 -190.31018 -82.41882 NaN NaN NaN 95.38525 -132.66925 -81.54516 -11.59754 -206.95372 -75.48172
9656 2.17962 NaN NaN NaN 132.13823 -110.20312 -79.70345 230.04092 -190.26273 -82.35872 NaN NaN NaN 95.39243 -132.70105 -81.58290 -11.62036 -206.91060 -75.48186
9657 2.18796 NaN NaN NaN 132.08409 -110.11494 -79.73011 229.94505 -190.25760 -82.31535 NaN NaN NaN 95.36062 -132.60384 -81.63822 -11.65122 -206.82704 -75.49696
9658 2.19630 NaN NaN NaN 132.04233 -109.99546 -79.70120 229.85664 -190.27727 -82.28482 NaN NaN NaN 95.37269 -132.51611 -81.69138 -11.65848 -206.74683 -75.46277
9659 2.20464 NaN NaN NaN 132.01259 -109.89782 -79.66099 229.79471 -190.29488 -82.23612 NaN NaN NaN 95.39132 -132.43066 -81.70923 -11.68300 -206.64331 -75.43964
9660 2.21298 NaN NaN NaN 131.99907 -109.86588 -79.53232 229.72182 -190.30791 -82.19913 NaN NaN NaN 95.43566 -132.36328 -81.71138 -11.67403 -206.51318 -75.41601
9661 2.22132 NaN NaN NaN 132.04259 -109.80447 -79.40642 229.67136 -190.30388 -82.09807 NaN NaN NaN 95.45115 -132.27930 -81.71088 -11.69928 -206.40344 -75.41528
9662 2.22966 NaN NaN NaN 132.07303 -109.77724 -79.35611 229.65193 -190.31372 -82.01440 NaN NaN NaN 95.46346 -132.20692 -81.70239 -11.70348 -206.29031 -75.42532
9663 2.23800 NaN NaN NaN 132.09340 -109.74340 -79.29530 229.62263 -190.31502 -81.91106 NaN NaN NaN 95.49565 -132.15042 -81.70585 -11.69701 -206.13901 -75.43814
9664 2.24634 NaN NaN NaN 132.12268 -109.67561 -79.19254 229.63629 -190.30219 -81.83051 NaN NaN NaN 95.49479 -132.02779 -81.70908 -11.69613 -206.03981 -75.46656
9665 2.25467 NaN NaN NaN 132.16385 -109.62307 -79.10326 229.63698 -190.31224 -81.77307 NaN NaN NaN 95.51900 -131.99318 -81.72303 -11.69713 -205.93855 -75.51114
9666 2.26301 NaN NaN NaN 132.16457 -109.60544 -79.02837 229.65031 -190.26520 -81.71422 NaN NaN NaN 95.50871 -131.89392 -81.75154 -11.69683 -205.84401 -75.56023
9667 2.27135 NaN NaN NaN 132.21405 -109.52541 -78.98281 229.67244 -190.20618 -81.67317 NaN NaN NaN 95.50719 -131.82352 -81.80530 -11.67921 -205.78514 -75.60564
9668 2.27969 NaN NaN NaN 132.24527 -109.47568 -78.91147 229.68275 -190.12422 -81.61973 NaN NaN NaN 95.52798 -131.76822 -81.85248 -11.67933 -205.72244 -75.69128
9669 2.28803 NaN NaN NaN 132.23415 -109.44446 -78.90428 229.67046 -190.06181 -81.55896 NaN NaN NaN 95.55499 -131.70741 -81.97995 -11.68136 -205.67990 -75.76882
9670 2.29637 NaN NaN NaN 132.27954 -109.32504 -78.90697 229.65018 -190.01262 -81.44880 NaN NaN NaN 95.57854 -131.62529 -82.10113 -11.65693 -205.59958 -75.83095
9671 2.30471 NaN NaN NaN 132.28441 -109.17642 -78.96854 229.62997 -189.93524 -81.35648 NaN NaN NaN 95.62003 -131.51254 -82.25697 -11.61057 -205.56332 -75.83851
9672 2.31305 NaN NaN NaN 132.28996 -109.02092 -79.01841 229.60953 -189.84178 -81.26283 NaN NaN NaN 95.65112 -131.42836 -82.35543 -11.52764 -205.53207 -75.84170
9673 2.32139 NaN NaN NaN 132.24165 -108.91903 -79.04129 229.60091 -189.73602 -81.14323 NaN NaN NaN 95.70051 -131.39955 -82.46860 -11.44020 -205.48409 -75.89216
9674 2.32972 NaN NaN NaN 132.19472 -108.79897 -79.08455 229.54326 -189.64761 -81.03062 NaN NaN NaN 95.74763 -131.39764 -82.59398 -11.35117 -205.39993 -75.90358
9675 2.33806 NaN NaN NaN 132.17973 -108.66640 -79.11551 229.48007 -189.55701 -80.93550 NaN NaN NaN 95.81421 -131.29945 -82.70174 -11.27032 -205.36626 -75.87577
9676 2.34640 NaN NaN NaN 132.20110 -108.46680 -79.11004 229.40881 -189.41666 -80.83353 NaN NaN NaN 95.89160 -131.24471 -82.85132 -11.18828 -205.35214 -75.80880
9677 2.35474 NaN NaN NaN 132.15912 -108.32571 -79.16250 229.35225 -189.33340 -80.75263 NaN NaN NaN 95.93254 -131.16203 -82.97758 -11.06354 -205.35796 -75.74845
9678 2.36308 NaN NaN NaN 132.09685 -108.23617 -79.10690 229.29144 -189.26747 -80.64343 NaN NaN NaN 95.95290 -131.11736 -83.09892 -10.96770 -205.36609 -75.67879
9679 2.37142 NaN NaN NaN 132.04604 -108.10099 -79.09428 229.25522 -189.17284 -80.50171 NaN NaN NaN 95.93663 -130.98299 -83.29371 -10.87548 -205.37547 -75.63294
9680 2.37976 NaN NaN NaN 132.01462 -107.97149 -79.04827 229.18336 -189.11084 -80.33567 NaN NaN NaN 95.95535 -130.87814 -83.47475 -10.80610 -205.39528 -75.57975
9681 2.38810 NaN NaN NaN 131.97482 -107.90099 -79.06127 229.15353 -189.07185 -80.17641 NaN NaN NaN 95.95322 -130.80072 -83.64075 -10.75808 -205.43494 -75.57475
9682 2.39644 NaN NaN NaN 131.94096 -107.86112 -79.05786 229.09515 -189.05241 -80.07614 NaN NaN NaN 95.94506 -130.78687 -83.74365 -10.71890 -205.46144 -75.54414
9683 2.40478 NaN NaN NaN 131.88832 -107.86690 -79.03706 229.04254 -189.05597 -79.97647 NaN NaN NaN 95.93448 -130.77914 -83.86786 -10.68837 -205.49731 -75.50987
9684 2.41311 NaN NaN NaN 131.83902 -107.91573 -78.94083 228.99588 -189.07591 -79.86240 NaN NaN NaN 95.96442 -130.92693 -83.94742 -10.67316 -205.56038 -75.49793
9685 2.42145 NaN NaN NaN 131.76828 -107.96739 -78.89504 228.95938 -189.09042 -79.76009 NaN NaN NaN 95.95145 -131.01251 -84.03319 -10.67847 -205.63049 -75.51215
9686 2.42979 NaN NaN NaN 131.73582 -108.01229 -78.84540 228.92436 -189.11018 -79.68285 NaN NaN NaN 95.92488 -131.12527 -84.13544 -10.68420 -205.68927 -75.52691
9687 2.43813 NaN NaN NaN 131.70366 -108.06069 -78.81365 228.87076 -189.14479 -79.62904 NaN NaN NaN 95.88935 -131.22800 -84.24085 -10.70952 -205.77147 -75.55190
9688 2.44647 NaN NaN NaN 131.65446 -108.10518 -78.74770 228.82446 -189.23633 -79.61809 NaN NaN NaN 95.85687 -131.35472 -84.35305 -10.75091 -205.89558 -75.57244
9689 2.45481 NaN NaN NaN 131.60243 -108.12605 -78.71370 228.75150 -189.34415 -79.63402 NaN NaN NaN 95.79078 -131.39569 -84.49237 -10.79439 -206.02687 -75.59944
9690 2.46315 NaN NaN NaN 131.53316 -108.25027 -78.69706 228.69487 -189.42938 -79.67283 NaN NaN NaN 95.72747 -131.43976 -84.59928 -10.84710 -206.08359 -75.62831
9691 2.47149 NaN NaN NaN 131.52174 -108.27190 -78.58750 228.63354 -189.52570 -79.75500 NaN NaN NaN 95.65614 -131.50186 -84.71988 -10.88103 -206.16351 -75.62856
9692 2.47983 NaN NaN NaN 131.47543 -108.35314 -78.47830 228.54088 -189.60973 -79.88882 NaN NaN NaN 95.61431 -131.54773 -84.81515 -10.92176 -206.22461 -75.59070
9693 2.48816 NaN NaN NaN 131.43010 -108.43472 -78.34299 228.48233 -189.73285 -80.03220 NaN NaN NaN 95.57349 -131.57204 -84.87517 -10.96242 -206.38411 -75.58370
9694 2.49650 NaN NaN NaN 131.39996 -108.57283 -78.16174 228.41977 -189.88510 -80.22429 NaN NaN NaN 95.54848 -131.66991 -84.90038 -10.98936 -206.48193 -75.56621
9695 2.50484 NaN NaN NaN 131.38933 -108.72206 -77.96597 228.41048 -190.01411 -80.51235 NaN NaN NaN 95.51868 -131.76472 -84.91483 -10.99886 -206.55115 -75.56972
9696 2.51318 NaN NaN NaN 131.41075 -108.86883 -77.76676 228.39151 -190.19749 -80.75680 NaN NaN NaN 95.50050 -131.86356 -84.93494 -11.02159 -206.59312 -75.58011
9697 2.52152 NaN NaN NaN 131.36723 -109.09397 -77.51541 228.39406 -190.38582 -80.96094 NaN NaN NaN 95.50401 -132.01532 -84.93574 -11.01659 -206.63411 -75.57160
9698 2.52986 NaN NaN NaN 131.37262 -109.33765 -77.29347 228.40802 -190.57806 -81.20287 NaN NaN NaN 95.44334 -132.08553 -84.92333 -11.04752 -206.70676 -75.54086
9699 2.53820 NaN NaN NaN 131.32703 -109.67097 -77.06916 228.46346 -190.75885 -81.44898 NaN NaN NaN 95.40842 -132.15894 -84.90994 -11.09902 -206.81541 -75.52801
9700 2.54654 NaN NaN NaN 131.31548 -109.96617 -76.82268 228.56027 -190.98186 -81.68259 NaN NaN NaN 95.36522 -132.21857 -84.92027 -11.13601 -206.96057 -75.52582
9701 2.55488 NaN NaN NaN 131.35353 -110.32877 -76.53972 228.68640 -191.23953 -81.82455 NaN NaN NaN 95.35845 -132.29314 -84.89901 -11.17003 -207.06697 -75.56566
9702 2.56321 NaN NaN NaN 131.41145 -110.69650 -76.21844 228.78389 -191.45683 -82.03087 NaN NaN NaN 95.37044 -132.38882 -84.87905 -11.21598 -207.14714 -75.57277
9703 2.57155 NaN NaN NaN 131.42990 -111.06639 -75.94967 228.88638 -191.70203 -82.22961 NaN NaN NaN 95.32433 -132.53148 -84.79827 -11.25164 -207.18187 -75.59000
9704 2.57989 NaN NaN NaN 131.41953 -111.48880 -75.73033 228.97636 -191.91913 -82.42867 NaN NaN NaN 95.27442 -132.68976 -84.76289 -11.30466 -207.27321 -75.72235
9705 2.58823 NaN NaN NaN 131.42676 -111.85381 -75.47648 229.07761 -192.09354 -82.63361 NaN NaN NaN 95.26015 -132.89749 -84.68880 -11.37962 -207.40312 -75.82977
9706 2.59657 NaN NaN NaN 131.44598 -112.21684 -75.19736 229.21326 -192.27194 -82.79948 NaN NaN NaN 95.20724 -133.00372 -84.65619 -11.45307 -207.50859 -75.88688
9707 2.60491 NaN NaN NaN 131.47713 -112.53228 -74.93605 229.37901 -192.44739 -82.94013 NaN NaN NaN 95.18780 -133.09381 -84.60377 -11.53288 -207.57558 -75.92895
9708 2.61325 NaN NaN NaN 131.49011 -112.79169 -74.76743 229.49133 -192.59859 -83.08878 NaN NaN NaN 95.15399 -133.18028 -84.58000 -11.62476 -207.66455 -75.98285
9709 2.62159 NaN NaN NaN 131.50143 -113.02248 -74.65408 229.56416 -192.64792 -83.28977 NaN NaN NaN 95.12967 -133.22742 -84.52763 -11.66823 -207.70293 -76.01500
9710 2.62993 NaN NaN NaN 131.51051 -113.25217 -74.56101 229.64243 -192.75511 -83.45757 NaN NaN NaN 95.06274 -133.30965 -84.49964 -11.71193 -207.73434 -76.09172
9711 2.63827 NaN NaN NaN 131.50188 -113.44994 -74.48067 229.73041 -192.83414 -83.59496 NaN NaN NaN 95.03211 -133.43188 -84.39716 -11.78910 -207.76686 -76.12437
9712 2.64660 NaN NaN NaN 131.55702 -113.50719 -74.46452 229.79605 -192.88522 -83.70134 NaN NaN NaN 95.01492 -133.52588 -84.30603 -11.84716 -207.83530 -76.14304
9713 2.65494 NaN NaN NaN 131.57321 -113.61028 -74.39988 229.87975 -192.89352 -83.76588 NaN NaN NaN 95.01888 -133.61093 -84.22955 -11.89403 -207.89777 -76.13614
9714 2.66328 NaN NaN NaN 131.58888 -113.65469 -74.41020 229.94220 -192.89516 -83.85016 NaN NaN NaN 95.01945 -133.66278 -84.17412 -11.90751 -207.92004 -76.11729
9715 2.67162 NaN NaN NaN 131.65164 -113.65918 -74.40744 229.99545 -192.85315 -83.95515 NaN NaN NaN 94.99625 -133.68980 -84.13824 -11.94708 -207.92395 -76.12235
9716 2.67996 NaN NaN NaN 131.67798 -113.69172 -74.40276 230.03677 -192.83080 -84.01450 NaN NaN NaN 94.98357 -133.69562 -84.08167 -11.97684 -207.93956 -76.16193
9717 2.68830 NaN NaN NaN 131.66158 -113.76229 -74.39347 230.08549 -192.79074 -84.05975 NaN NaN NaN 94.96508 -133.67459 -84.05155 -12.01263 -207.91393 -76.16949
9718 2.69664 NaN NaN NaN 131.63692 -113.82049 -74.39777 230.11461 -192.76454 -84.06599 NaN NaN NaN 94.97954 -133.67380 -84.01109 -12.02867 -207.91121 -76.19755
9719 2.70498 NaN NaN NaN 131.65169 -113.82588 -74.40478 230.14908 -192.74852 -84.08132 NaN NaN NaN 94.96873 -133.65369 -84.00086 -12.01497 -207.89925 -76.18826
9720 2.71332 NaN NaN NaN 131.68881 -113.79199 -74.41129 230.19339 -192.73294 -84.12467 NaN NaN NaN 95.01179 -133.64485 -83.98926 -12.00441 -207.89798 -76.23358
9721 2.72165 NaN NaN NaN 131.74582 -113.74503 -74.39849 230.24591 -192.68282 -84.13319 NaN NaN NaN 95.01183 -133.62103 -83.99070 -11.98503 -207.85820 -76.24833
9722 2.72999 NaN NaN NaN 131.74481 -113.74481 -74.44949 230.31885 -192.65324 -84.16717 NaN NaN NaN 95.02897 -133.57349 -83.99643 -11.94552 -207.82684 -76.27095
9723 2.73833 NaN NaN NaN 131.79625 -113.69946 -74.47040 230.37776 -192.61450 -84.18494 NaN NaN NaN 95.04382 -133.54588 -84.00494 -11.88964 -207.78670 -76.28092
9724 2.74667 NaN NaN NaN 131.78474 -113.74273 -74.47286 230.42940 -192.59435 -84.21265 NaN NaN NaN 95.07064 -133.50507 -84.00361 -11.86583 -207.74133 -76.30558
9725 2.75501 NaN NaN NaN 131.84930 -113.73621 -74.46218 230.48961 -192.55467 -84.26568 NaN NaN NaN 95.10372 -133.47179 -83.98360 -11.84463 -207.73114 -76.32559
9726 2.76335 NaN NaN NaN 131.87788 -113.72753 -74.46368 230.51863 -192.54712 -84.30605 NaN NaN NaN 95.11950 -133.45430 -84.01582 -11.83050 -207.74054 -76.32106
9727 2.77169 NaN NaN NaN 131.94446 -113.77363 -74.44518 230.56514 -192.53246 -84.32670 NaN NaN NaN 95.15028 -133.47754 -84.04398 -11.80049 -207.72997 -76.32046
9728 2.78003 NaN NaN NaN 131.97902 -113.81195 -74.45135 230.60480 -192.54947 -84.40327 NaN NaN NaN 95.16126 -133.47363 -84.06715 -11.76608 -207.72885 -76.32626
9729 2.78837 NaN NaN NaN 131.98131 -113.84738 -74.47272 230.66006 -192.56357 -84.45468 NaN NaN NaN 95.17677 -133.45253 -84.11607 -11.73392 -207.71782 -76.33775
9730 2.79670 NaN NaN NaN 131.97241 -113.87827 -74.49794 230.68311 -192.58658 -84.48943 NaN NaN NaN 95.20182 -133.45267 -84.13243 -11.73271 -207.72659 -76.33911
9731 2.80504 NaN NaN NaN 131.98154 -113.94249 -74.52182 230.70337 -192.58078 -84.51253 NaN NaN NaN 95.21554 -133.48466 -84.17531 -11.72857 -207.72345 -76.33829
9732 2.81338 NaN NaN NaN 131.97563 -113.99947 -74.52099 230.71198 -192.59319 -84.56270 NaN NaN NaN 95.20566 -133.50749 -84.19643 -11.74812 -207.74336 -76.33446
9733 2.82172 NaN NaN NaN 131.98836 -114.04574 -74.52067 230.74014 -192.60046 -84.62939 NaN NaN NaN 95.17725 -133.53352 -84.22050 -11.77476 -207.76456 -76.34834
9734 2.83006 NaN NaN NaN 131.93452 -114.15309 -74.52192 230.76996 -192.62378 -84.72292 NaN NaN NaN 95.15074 -133.57883 -84.22388 -11.80834 -207.78571 -76.35839
9735 2.83840 NaN NaN NaN 131.93140 -114.24306 -74.50742 230.79263 -192.66277 -84.80539 NaN NaN NaN 95.13400 -133.63960 -84.24566 -11.83694 -207.78961 -76.36917
9736 2.84674 NaN NaN NaN 131.98599 -114.24852 -74.52473 230.80859 -192.70505 -84.88450 NaN NaN NaN 95.11667 -133.69753 -84.26977 -11.85901 -207.81920 -76.36720
9737 2.85508 NaN NaN NaN 131.99220 -114.33337 -74.57526 230.83281 -192.73679 -84.92924 NaN NaN NaN 95.10203 -133.68874 -84.30037 -11.89648 -207.83774 -76.38344
9738 2.86342 NaN NaN NaN 131.97290 -114.39258 -74.59050 230.84294 -192.79163 -85.01906 NaN NaN NaN 95.08247 -133.74651 -84.33645 -11.91803 -207.85487 -76.37888
9739 2.87176 NaN NaN NaN 131.94186 -114.44447 -74.60197 230.84952 -192.86331 -85.09887 NaN NaN NaN 95.03150 -133.75044 -84.37093 -11.98157 -207.87466 -76.37560
9740 2.88009 NaN NaN NaN 131.91920 -114.47612 -74.59167 230.83838 -192.90071 -85.15671 NaN NaN NaN 94.99457 -133.76297 -84.39133 -12.02160 -207.88527 -76.37028
9741 2.88843 NaN NaN NaN 131.92525 -114.50353 -74.59547 230.82562 -192.93013 -85.21818 NaN NaN NaN 94.97743 -133.78453 -84.39447 -12.06651 -207.90535 -76.39742
9742 2.89677 NaN NaN NaN 131.92061 -114.53564 -74.60101 230.81932 -192.98856 -85.25171 NaN NaN NaN 94.98582 -133.81682 -84.39752 -12.10699 -207.89375 -76.38255
9743 2.90511 NaN NaN NaN 131.94318 -114.56013 -74.59972 230.81119 -193.02025 -85.28448 NaN NaN NaN 94.97826 -133.88303 -84.40530 -12.15639 -207.89804 -76.38353
9744 2.91345 NaN NaN NaN 131.91165 -114.60761 -74.59422 230.79285 -193.04289 -85.29759 NaN NaN NaN 94.96526 -133.90305 -84.43615 -12.16990 -207.91403 -76.36777
9745 2.92179 NaN NaN NaN 131.89915 -114.64984 -74.60963 230.77644 -193.08350 -85.33627 NaN NaN NaN 94.93738 -133.93233 -84.44827 -12.19182 -207.93304 -76.36260
9746 2.93013 NaN NaN NaN 131.86858 -114.69223 -74.61717 230.75212 -193.10658 -85.35423 NaN NaN NaN 94.89486 -133.92667 -84.46438 -12.21489 -207.95062 -76.35639
9747 2.93847 NaN NaN NaN 131.88028 -114.72652 -74.62322 230.73854 -193.13139 -85.36575 NaN NaN NaN 94.86545 -133.93877 -84.47679 -12.22572 -207.97527 -76.35185
9748 2.94681 NaN NaN NaN 131.90660 -114.77158 -74.61305 230.73576 -193.17703 -85.37075 NaN NaN NaN 94.84868 -133.94774 -84.49448 -12.25926 -207.97948 -76.36253
9749 2.95514 NaN NaN NaN 131.87267 -114.82279 -74.58104 230.73500 -193.20360 -85.38454 NaN NaN NaN 94.82227 -133.95842 -84.48688 -12.26792 -207.96851 -76.37897
9750 2.96348 NaN NaN NaN 131.86681 -114.87249 -74.56800 230.73615 -193.24307 -85.38879 NaN NaN NaN 94.81203 -134.00517 -84.47827 -12.30394 -207.98502 -76.38789
9751 2.97182 NaN NaN NaN 131.85056 -114.90374 -74.55898 230.74626 -193.28400 -85.42247 NaN NaN NaN 94.79859 -134.05144 -84.46547 -12.33353 -208.00235 -76.42415
9752 2.98016 NaN NaN NaN 131.83786 -114.91639 -74.55983 230.74675 -193.27423 -85.41647 NaN NaN NaN 94.77433 -134.08482 -84.45217 -12.35802 -208.02060 -76.44099
9753 2.98850 NaN NaN NaN 131.83492 -114.94897 -74.55697 230.75800 -193.29008 -85.41615 NaN NaN NaN 94.76807 -134.12628 -84.44010 -12.35686 -208.02913 -76.45545
9754 2.99684 NaN NaN NaN 131.83469 -114.96330 -74.55910 230.77002 -193.31699 -85.43604 NaN NaN NaN 94.75293 -134.15515 -84.42741 -12.37609 -208.05904 -76.48753
9755 3.00518 NaN NaN NaN 131.84814 -114.99039 -74.55212 230.77150 -193.35730 -85.43584 NaN NaN NaN 94.76932 -134.17166 -84.42809 -12.31358 -208.06552 -76.50259
9756 3.01352 NaN NaN NaN 131.86885 -115.01027 -74.54505 230.78990 -193.36108 -85.43006 NaN NaN NaN 94.77309 -134.19696 -84.41984 -12.28584 -208.10451 -76.48398
9757 3.02186 NaN NaN NaN 131.88995 -115.02900 -74.53255 230.81146 -193.36258 -85.41501 NaN NaN NaN 94.78479 -134.21208 -84.41190 -12.31308 -208.15088 -76.47190
9758 3.03019 NaN NaN NaN 131.90878 -115.05746 -74.51506 230.81589 -193.36238 -85.43076 NaN NaN NaN 94.79259 -134.23869 -84.39454 -12.29756 -208.17404 -76.51745
9759 3.03853 NaN NaN NaN 131.91397 -115.07605 -74.50468 230.86060 -193.40016 -85.42786 NaN NaN NaN 94.79259 -134.24641 -84.37067 -12.25967 -208.19502 -76.52058
9760 3.04687 NaN NaN NaN 131.93665 -115.09607 -74.50191 230.87703 -193.40402 -85.41958 NaN NaN NaN 94.80479 -134.25026 -84.35694 -12.25064 -208.21901 -76.53078
9761 3.05521 NaN NaN NaN 131.94489 -115.12041 -74.49409 230.89098 -193.40245 -85.41404 NaN NaN NaN 94.81307 -134.25633 -84.35165 -12.23226 -208.24838 -76.56670
9762 3.06355 NaN NaN NaN 131.97592 -115.12080 -74.48872 230.90599 -193.40144 -85.41180 NaN NaN NaN 94.81038 -134.26245 -84.35570 -12.23665 -208.25929 -76.57998
9763 3.07189 NaN NaN NaN 132.00255 -115.13282 -74.47562 230.93152 -193.39334 -85.42992 NaN NaN NaN 94.81956 -134.29288 -84.32992 -12.29842 -208.26875 -76.60715
9764 3.08023 NaN NaN NaN 132.01471 -115.12167 -74.46986 230.95148 -193.35460 -85.43935 NaN NaN NaN 94.81958 -134.30736 -84.32639 -12.27579 -208.26183 -76.62444
9765 3.08857 NaN NaN NaN 132.02081 -115.11291 -74.47710 230.98244 -193.34767 -85.43813 NaN NaN NaN 94.80835 -134.28107 -84.30754 -12.31330 -208.25134 -76.65491
9766 3.09691 NaN NaN NaN 132.02068 -115.11662 -74.47392 230.99910 -193.31888 -85.46449 NaN NaN NaN 94.80429 -134.28101 -84.30593 -12.28177 -208.25262 -76.66901
9767 3.10525 NaN NaN NaN 132.02396 -115.11134 -74.48720 231.00185 -193.31297 -85.45758 NaN NaN NaN 94.79773 -134.26987 -84.30125 -12.34396 -208.23782 -76.69931
9768 3.11358 NaN NaN NaN 132.01900 -115.09126 -74.47971 231.00990 -193.30289 -85.47375 NaN NaN NaN 94.80812 -134.25581 -84.28979 -12.38851 -208.23193 -76.76337
9769 3.12192 NaN NaN NaN 132.04616 -115.06275 -74.48695 231.01280 -193.28502 -85.47311 NaN NaN NaN 94.80080 -134.23892 -84.28339 -12.36756 -208.22249 -76.73465
9770 3.13026 NaN NaN NaN 132.03839 -115.01585 -74.49370 230.99896 -193.26324 -85.49141 NaN NaN NaN 94.80170 -134.22243 -84.27844 -12.36754 -208.21648 -76.70761
9771 3.13860 NaN NaN NaN 132.03439 -114.99228 -74.50089 231.00122 -193.25331 -85.48438 NaN NaN NaN 94.79039 -134.22641 -84.27602 -12.35408 -208.20464 -76.69895
9772 3.14694 NaN NaN NaN 132.02585 -114.96634 -74.51215 230.98587 -193.23500 -85.50574 NaN NaN NaN 94.79655 -134.19073 -84.28427 -12.34558 -208.19804 -76.66543
9773 3.15528 NaN NaN NaN 132.02646 -114.92274 -74.55167 230.97603 -193.22166 -85.50253 NaN NaN NaN 94.79916 -134.17427 -84.28993 -12.30113 -208.17480 -76.65192
9774 3.16362 NaN NaN NaN 132.02429 -114.91441 -74.54732 230.96719 -193.20296 -85.51050 NaN NaN NaN 94.78688 -134.12933 -84.30873 -12.34077 -208.14272 -76.63491
9775 3.17196 NaN NaN NaN 132.03316 -114.88727 -74.56902 230.96169 -193.19598 -85.52800 NaN NaN NaN 94.77159 -134.10756 -84.32420 -12.30182 -208.11337 -76.63306
9776 3.18030 NaN NaN NaN 132.01358 -114.85072 -74.58718 230.94987 -193.16844 -85.54189 NaN NaN NaN 94.75050 -134.09604 -84.32626 -12.28447 -208.09203 -76.58459
9777 3.18863 NaN NaN NaN 132.01241 -114.81937 -74.60522 230.93498 -193.17717 -85.53572 NaN NaN NaN 94.75634 -134.06033 -84.34243 -12.34173 -208.06152 -76.57977
