Frame# Time LH1 LH2 LH3 RH1 RH2 RH3
X54 Y54 Z54 X55 Y55 Z55 X56 Y56 Z56 X57 Y57 Z57 X58 Y58 Z58 X59 Y59 Z59
23686 0.00322 NaN NaN NaN 230.28021 -143.56985 31.82103 284.26547 -160.62541 -80.41920 NaN NaN NaN 49.88321 -145.05455 14.37963 -24.46471 -201.74770 -76.47594
23687 0.01157 NaN NaN NaN 230.24474 -143.65004 31.77320 284.27716 -160.71881 -80.29009 NaN NaN NaN 50.06958 -145.17451 14.28386 -24.23845 -201.75745 -76.63557
23688 0.01991 NaN NaN NaN 230.22513 -143.76067 31.75646 284.26016 -160.80704 -80.23926 NaN NaN NaN 50.21765 -145.23825 14.20714 -24.05475 -201.74925 -76.73299
23689 0.02826 NaN NaN NaN 230.21193 -143.87292 31.74363 284.28079 -160.88786 -80.32841 NaN NaN NaN 50.32337 -145.33449 14.11728 -23.87086 -201.75380 -76.87183
23690 0.03661 NaN NaN NaN 230.21872 -143.99884 31.75066 284.22467 -161.04065 -80.22323 NaN NaN NaN 50.45472 -145.40652 14.09336 -23.73501 -201.75101 -77.01762
23691 0.04495 NaN NaN NaN 230.19746 -144.14304 31.74475 284.20056 -160.97141 -80.33546 NaN NaN NaN 50.50468 -145.49094 14.11893 -23.62120 -201.70723 -77.18143
23692 0.05330 NaN NaN NaN 230.19615 -144.29567 31.76005 284.22473 -160.99240 -80.29915 NaN NaN NaN 50.57449 -145.58147 14.23089 -23.42140 -201.58804 -77.35191
23693 0.06165 NaN NaN NaN 230.16081 -144.40701 31.77091 284.20151 -160.92076 -80.40343 NaN NaN NaN 50.71333 -145.64383 14.35779 -23.17727 -201.44896 -77.48840
23694 0.06999 NaN NaN NaN 230.09668 -144.51753 31.76837 284.20245 -160.90591 -80.33015 NaN NaN NaN 50.89425 -145.68094 14.47895 -22.85270 -201.25029 -77.59375
23695 0.07834 NaN NaN NaN 229.96947 -144.54836 31.74529 284.16019 -161.00891 -80.26191 NaN NaN NaN 51.12654 -145.69780 14.52097 -22.52958 -201.05469 -77.77079
23696 0.08669 NaN NaN NaN 229.84897 -144.55365 31.73604 284.09024 -161.10069 -80.20315 NaN NaN NaN 51.36192 -145.69832 14.53892 -22.17970 -200.78845 -77.93296
23697 0.09503 NaN NaN NaN 229.65750 -144.54921 31.71406 284.01187 -161.21964 -80.20086 NaN NaN NaN 51.58742 -145.71622 14.48923 -21.82285 -200.50877 -78.19775
23698 0.10338 NaN NaN NaN 229.44157 -144.48103 31.65442 283.92371 -161.22310 -80.17912 NaN NaN NaN 51.77852 -145.74197 14.44045 -21.50854 -200.29117 -78.49908
23699 0.11173 NaN NaN NaN 229.27066 -144.38930 31.59957 283.92191 -161.17557 -80.25460 NaN NaN NaN 51.99109 -145.72426 14.34375 -21.25561 -200.12364 -78.77227
23700 0.12007 NaN NaN NaN 229.14874 -144.31877 31.56307 283.91684 -161.14027 -80.20535 NaN NaN NaN 52.19913 -145.59821 14.27063 -20.98779 -199.97409 -78.86165
23701 0.12842 NaN NaN NaN 229.06075 -144.26198 31.52549 283.93741 -161.06978 -80.23746 NaN NaN NaN 52.41555 -145.40265 14.16666 -20.78063 -199.86856 -78.89165
23702 0.13677 NaN NaN NaN 229.02628 -144.23976 31.51237 283.93402 -161.01967 -80.25276 NaN NaN NaN 52.59913 -145.19083 14.14205 -20.60270 -199.78842 -78.89322
23703 0.14511 NaN NaN NaN 229.00143 -144.22379 31.50072 283.91025 -160.98033 -80.27032 NaN NaN NaN 52.70382 -145.03874 14.13439 -20.45907 -199.65448 -78.94723
23704 0.15346 NaN NaN NaN 228.99551 -144.22957 31.49262 283.86926 -160.97458 -80.22868 NaN NaN NaN 52.76710 -144.94737 14.16702 -20.26357 -199.49777 -79.02229
23705 0.16181 NaN NaN NaN 228.98482 -144.22968 31.49406 283.76889 -161.00468 -80.18448 NaN NaN NaN 52.79881 -144.91335 14.18066 -20.10103 -199.31686 -79.13569
23706 0.17015 NaN NaN NaN 228.94875 -144.21809 31.48081 283.76163 -161.00209 -80.17384 NaN NaN NaN 52.82817 -144.88496 14.19136 -19.98869 -199.16917 -79.24711
23707 0.17850 NaN NaN NaN 228.90099 -144.21109 31.47191 283.74579 -161.03165 -80.21626 NaN NaN NaN 52.87917 -144.81384 14.19536 -19.88394 -199.00156 -79.35873
23708 0.18685 NaN NaN NaN 228.82936 -144.21312 31.47375 283.71912 -161.06810 -80.21700 NaN NaN NaN 52.95667 -144.73241 14.16082 -19.78473 -198.80951 -79.46839
23709 0.19519 NaN NaN NaN 228.76234 -144.21562 31.45149 283.69644 -161.07339 -80.19317 NaN NaN NaN 53.06511 -144.61081 14.07942 -19.68974 -198.63161 -79.56553
23710 0.20354 NaN NaN NaN 228.68892 -144.20892 31.46578 283.67712 -161.07747 -80.16169 NaN NaN NaN 53.19270 -144.42133 13.95240 -19.56977 -198.44662 -79.64213
23711 0.21188 NaN NaN NaN 228.61569 -144.17596 31.47437 283.64560 -161.07262 -80.14130 NaN NaN NaN 53.33258 -144.14699 13.78901 -19.45766 -198.27647 -79.71490
23712 0.22023 NaN NaN NaN 228.52216 -144.08749 31.47130 283.64963 -161.02113 -80.15113 NaN NaN NaN 53.55729 -143.84174 13.63586 -19.37825 -198.11113 -79.77261
23713 0.22858 NaN NaN NaN 228.44925 -144.00102 31.49636 283.64282 -160.90895 -80.16145 NaN NaN NaN 53.73992 -143.51881 13.49203 -19.25464 -197.93556 -79.78961
23714 0.23692 NaN NaN NaN 228.37657 -143.91072 31.51400 283.61234 -160.83737 -80.12888 NaN NaN NaN 53.94027 -143.17946 13.29101 -19.11747 -197.77806 -79.81964
23715 0.24527 NaN NaN NaN 228.30737 -143.79582 31.51536 283.59073 -160.77022 -80.10188 NaN NaN NaN 54.12038 -142.88533 13.08425 -18.96434 -197.56259 -79.85963
23716 0.25362 NaN NaN NaN 228.22585 -143.63693 31.49741 283.57660 -160.59248 -80.18208 NaN NaN NaN 54.32804 -142.56125 12.94333 -18.78595 -197.35573 -79.87913
23717 0.26196 NaN NaN NaN 228.15187 -143.47876 31.47323 283.64154 -160.60890 -80.09077 NaN NaN NaN 54.56915 -142.28055 12.86494 -18.58213 -197.13948 -79.91918
23718 0.27031 NaN NaN NaN 228.09433 -143.35052 31.43637 283.63782 -160.50156 -80.14729 NaN NaN NaN 54.86070 -141.99156 12.74845 -18.39418 -196.96220 -79.95803
23719 0.27866 NaN NaN NaN 228.03461 -143.23897 31.41971 283.63388 -160.38904 -80.21810 NaN NaN NaN 55.16157 -141.68201 12.57763 -18.19481 -196.79544 -79.96985
23720 0.28700 NaN NaN NaN 227.95583 -143.07376 31.39064 283.62653 -160.30502 -80.22546 NaN NaN NaN 55.44009 -141.41107 12.38422 -17.98325 -196.65573 -79.97335
23721 0.29535 NaN NaN NaN 227.90901 -142.92805 31.37301 283.64923 -160.23141 -80.25404 NaN NaN NaN 55.64381 -141.14267 12.21608 -17.79445 -196.51854 -80.02679
23722 0.30370 NaN NaN NaN 227.86787 -142.71562 31.34388 283.68469 -160.18761 -80.24947 NaN NaN NaN 55.86171 -140.96617 12.12645 -17.60250 -196.36610 -80.12641
23723 0.31204 NaN NaN NaN 227.83026 -142.49808 31.29959 283.73148 -160.13428 -80.20744 NaN NaN NaN 55.99959 -140.82677 12.02697 -17.46014 -196.20216 -80.21667
23724 0.32039 NaN NaN NaN 227.81041 -142.31871 31.27965 283.74362 -160.21255 -79.92346 NaN NaN NaN 56.16542 -140.73242 11.94976 -17.33571 -196.06184 -80.28147
23725 0.32874 NaN NaN NaN 227.80255 -142.19922 31.26409 283.79922 -160.20259 -80.04329 NaN NaN NaN 56.27936 -140.65887 11.90017 -17.22219 -195.96144 -80.30532
23726 0.33708 NaN NaN NaN 227.83693 -142.11642 31.25953 283.93900 -160.06372 -80.09120 NaN NaN NaN 56.42950 -140.58484 11.84793 -17.13867 -195.87590 -80.30756
23727 0.34543 NaN NaN NaN 227.91412 -142.07347 31.24723 283.91599 -160.04765 -80.17490 NaN NaN NaN 56.53695 -140.45967 11.79061 -17.09888 -195.85364 -80.29843
23728 0.35378 NaN NaN NaN 227.99515 -142.03239 31.22735 283.94293 -159.97659 -80.22741 NaN NaN NaN 56.61633 -140.32375 11.77056 -17.04177 -195.84607 -80.28885
23729 0.36212 NaN NaN NaN 228.09135 -142.03717 31.22178 283.95691 -159.92751 -80.27572 NaN NaN NaN 56.64154 -140.24606 11.79969 -16.97164 -195.82889 -80.27135
23730 0.37047 NaN NaN NaN 228.15898 -142.06964 31.19986 283.97614 -159.92728 -80.26752 NaN NaN NaN 56.63678 -140.23810 11.85119 -16.91383 -195.78458 -80.25898
23731 0.37882 NaN NaN NaN 228.21712 -142.09503 31.17923 283.98248 -159.92648 -80.30090 NaN NaN NaN 56.60510 -140.25256 11.93486 -16.87206 -195.76450 -80.26379
23732 0.38716 NaN NaN NaN 228.26869 -142.11476 31.14079 283.97083 -160.00229 -80.23470 NaN NaN NaN 56.59943 -140.24550 12.03372 -16.83748 -195.71573 -80.23941
23733 0.39551 NaN NaN NaN 228.28613 -142.14186 31.11810 284.02618 -160.00131 -80.32645 NaN NaN NaN 56.59562 -140.24931 12.16139 -16.82329 -195.70624 -80.21919
23734 0.40386 NaN NaN NaN 228.29504 -142.18161 31.08315 284.06268 -160.01041 -80.38046 NaN NaN NaN 56.57046 -140.22195 12.29253 -16.77358 -195.72954 -80.14378
23735 0.41220 NaN NaN NaN 228.34251 -142.25735 31.07242 284.06720 -160.01805 -80.40450 NaN NaN NaN 56.51275 -140.17159 12.41790 -16.73821 -195.74672 -80.07813
23736 0.42055 NaN NaN NaN 228.38182 -142.35136 31.07730 284.06140 -160.00674 -80.43516 NaN NaN NaN 56.46400 -140.11325 12.49719 -16.70519 -195.78062 -79.94662
23737 0.42890 NaN NaN NaN 228.42839 -142.48819 31.05932 284.09073 -160.14044 -80.27382 NaN NaN NaN 56.43939 -140.05705 12.53954 -16.63047 -195.79630 -79.84163
23738 0.43724 NaN NaN NaN 228.46631 -142.63065 31.05725 284.06882 -160.14261 -80.31862 NaN NaN NaN 56.40599 -139.98070 12.62074 -16.57116 -195.81165 -79.75482
23739 0.44559 NaN NaN NaN 228.49205 -142.73079 31.06404 284.08557 -160.34517 -80.23475 NaN NaN NaN 56.35862 -139.90193 12.67273 -16.51011 -195.86147 -79.68181
23740 0.45393 NaN NaN NaN 228.51834 -142.82590 31.07775 284.08261 -160.40312 -80.31780 NaN NaN NaN 56.33823 -139.83168 12.73611 -16.47244 -195.90337 -79.59989
23741 0.46228 NaN NaN NaN 228.55289 -142.93616 31.05921 284.08389 -160.49640 -80.36376 NaN NaN NaN 56.28542 -139.82045 12.80427 -16.45958 -195.96626 -79.53735
23742 0.47063 NaN NaN NaN 228.58502 -143.10803 31.04095 284.08994 -160.53587 -80.45710 NaN NaN NaN 56.25230 -139.87411 12.86817 -16.46875 -196.01295 -79.49228
23743 0.47897 NaN NaN NaN 228.58553 -143.27560 30.98130 284.11710 -160.64371 -80.41122 NaN NaN NaN 56.20408 -139.91129 12.92344 -16.47097 -196.08723 -79.47528
23744 0.48732 NaN NaN NaN 228.60091 -143.45007 30.94907 284.09564 -160.63336 -80.49892 NaN NaN NaN 56.15638 -139.96239 12.95253 -16.47618 -196.18109 -79.46051
23745 0.49567 NaN NaN NaN 228.59050 -143.59375 30.90555 284.16293 -160.58754 -80.63299 NaN NaN NaN 56.12693 -140.07301 12.94372 -16.45012 -196.28487 -79.47818
23746 0.50401 NaN NaN NaN 228.56660 -143.69957 30.88849 284.02914 -160.81480 -80.43400 NaN NaN NaN 56.05951 -140.21864 12.95132 -16.47616 -196.38756 -79.48075
23747 0.51236 NaN NaN NaN 228.52328 -143.80870 30.84501 284.02829 -160.92604 -80.67287 NaN NaN NaN 56.01215 -140.32536 12.97906 -16.52123 -196.48782 -79.50964
23748 0.52071 NaN NaN NaN 228.43988 -143.94559 30.82539 283.98642 -161.02475 -80.86464 NaN NaN NaN 55.96096 -140.45918 12.96019 -16.59155 -196.65707 -79.51358
23749 0.52905 NaN NaN NaN 228.34195 -144.04752 30.78945 283.96829 -161.15988 -80.86117 NaN NaN NaN 55.88299 -140.61057 12.93549 -16.70338 -196.84480 -79.54486
23750 0.53740 NaN NaN NaN 228.26878 -144.13977 30.76839 283.95334 -161.22797 -80.90224 NaN NaN NaN 55.78835 -140.78380 12.92494 -16.79652 -196.99559 -79.55905
23751 0.54575 NaN NaN NaN 228.22867 -144.20975 30.74105 283.94998 -161.34135 -80.85957 NaN NaN NaN 55.70414 -140.94785 12.94446 -16.88196 -197.10434 -79.54115
23752 0.55409 NaN NaN NaN 228.18042 -144.30136 30.71007 283.94635 -161.38567 -80.86668 NaN NaN NaN 55.55157 -141.12694 13.01018 -17.01946 -197.22125 -79.53300
23753 0.56244 NaN NaN NaN 228.14139 -144.35648 30.67056 283.94171 -161.41080 -80.89249 NaN NaN NaN 55.38243 -141.26527 13.13252 -17.11734 -197.34465 -79.56250
23754 0.57079 NaN NaN NaN 228.10938 -144.41917 30.65250 283.93402 -161.44418 -80.90209 NaN NaN NaN 55.19244 -141.44562 13.23520 -17.29659 -197.44841 -79.52029
23755 0.57913 NaN NaN NaN 228.11540 -144.45204 30.63972 283.93350 -161.52483 -80.90211 NaN NaN NaN 54.98729 -141.64914 13.33978 -17.49948 -197.58060 -79.43578
23756 0.58748 NaN NaN NaN 228.12932 -144.47275 30.63535 283.90921 -161.54662 -80.92265 NaN NaN NaN 54.80776 -141.82277 13.44595 -17.68139 -197.74339 -79.29229
23757 0.59583 NaN NaN NaN 228.17587 -144.50189 30.64806 283.90204 -161.57663 -80.93815 NaN NaN NaN 54.66427 -141.98491 13.53073 -17.90067 -197.93814 -79.17418
23758 0.60417 NaN NaN NaN 228.24371 -144.56239 30.68339 283.90948 -161.61111 -80.90617 NaN NaN NaN 54.47873 -142.16638 13.62734 -18.10823 -198.12033 -79.02743
23759 0.61252 NaN NaN NaN 228.31291 -144.59375 30.72104 283.89832 -161.62041 -80.88953 NaN NaN NaN 54.25743 -142.29543 13.74039 -18.31155 -198.24324 -78.93037
23760 0.62087 NaN NaN NaN 228.35356 -144.59872 30.76140 283.87863 -161.57661 -80.89630 NaN NaN NaN 54.02791 -142.44849 13.83222 -18.55594 -198.37927 -78.86549
23761 0.62921 NaN NaN NaN 228.42307 -144.59842 30.77595 283.87692 -161.53354 -80.90205 NaN NaN NaN 53.81827 -142.53781 13.89973 -18.78853 -198.44852 -78.80731
23762 0.63756 NaN NaN NaN 228.46527 -144.57442 30.82916 283.87711 -161.47694 -80.89391 NaN NaN NaN 53.62144 -142.63850 13.92291 -18.98546 -198.56487 -78.73109
23763 0.64591 NaN NaN NaN 228.53192 -144.51523 30.86694 283.89975 -161.39746 -80.89657 NaN NaN NaN 53.45194 -142.68364 13.94512 -19.19001 -198.62930 -78.67365
23764 0.65425 NaN NaN NaN 228.56189 -144.43628 30.88598 283.91641 -161.32152 -80.87801 NaN NaN NaN 53.32558 -142.70087 13.93163 -19.37759 -198.67712 -78.61770
23765 0.66260 NaN NaN NaN 228.61757 -144.40321 30.89794 283.90863 -161.23615 -80.87981 NaN NaN NaN 53.18710 -142.76740 13.92583 -19.57342 -198.71718 -78.59295
23766 0.67095 NaN NaN NaN 228.64813 -144.30962 30.90924 283.90799 -161.17567 -80.88937 NaN NaN NaN 53.07238 -142.84108 13.95425 -19.73022 -198.73523 -78.56799
23767 0.67929 NaN NaN NaN 228.68285 -144.23309 30.91364 283.89612 -161.08777 -80.92461 NaN NaN NaN 52.96247 -142.89281 14.00010 -19.82300 -198.74030 -78.56586
23768 0.68764 NaN NaN NaN 228.68282 -144.10851 30.91222 283.92044 -161.03941 -80.92718 NaN NaN NaN 52.85631 -142.92792 14.03938 -19.90768 -198.74774 -78.51873
23769 0.69599 NaN NaN NaN 228.70387 -143.99519 30.91448 283.90952 -160.97479 -80.89568 NaN NaN NaN 52.78627 -142.94138 14.07063 -19.96913 -198.74353 -78.47173
23770 0.70433 NaN NaN NaN 228.71332 -143.91827 30.92189 283.95459 -160.86958 -80.85787 NaN NaN NaN 52.73766 -142.92644 14.04493 -20.03767 -198.75908 -78.41446
23771 0.71268 NaN NaN NaN 228.73195 -143.85304 30.93121 283.99243 -160.81438 -80.84334 NaN NaN NaN 52.69562 -142.82451 14.11579 -20.12722 -198.74397 -78.33240
23772 0.72102 NaN NaN NaN 228.76387 -143.78889 30.94989 284.02365 -160.71529 -80.82766 NaN NaN NaN 52.65657 -142.74211 14.14688 -20.21554 -198.77367 -78.26293
23773 0.72937 NaN NaN NaN 228.77864 -143.71335 30.96844 283.98004 -160.73749 -80.57016 NaN NaN NaN 52.60306 -142.68280 14.16018 -20.29115 -198.79208 -78.19642
23774 0.73772 NaN NaN NaN 228.79877 -143.64856 31.00243 283.96365 -160.78963 -80.43317 NaN NaN NaN 52.56029 -142.63205 14.18006 -20.40763 -198.82076 -78.13052
23775 0.74606 NaN NaN NaN 228.85138 -143.54428 31.05229 283.97223 -160.87772 -80.35919 NaN NaN NaN 52.51852 -142.60406 14.17924 -20.51546 -198.81749 -78.04037
23776 0.75441 NaN NaN NaN 228.90059 -143.50870 31.07310 284.02838 -160.95903 -80.32823 NaN NaN NaN 52.50168 -142.56693 14.18922 -20.60057 -198.84210 -77.96117
23777 0.76276 NaN NaN NaN 228.94418 -143.49500 31.08432 284.03467 -160.96901 -80.27183 NaN NaN NaN 52.43081 -142.51813 14.20668 -20.67971 -198.83578 -77.90731
23778 0.77110 NaN NaN NaN 228.96620 -143.48631 31.09431 284.05438 -160.99542 -80.21645 NaN NaN NaN 52.36337 -142.46968 14.22610 -20.75559 -198.81850 -77.82594
23779 0.77945 NaN NaN NaN 228.98097 -143.45926 31.11585 284.04367 -160.97401 -80.19962 NaN NaN NaN 52.29205 -142.40808 14.26495 -20.82146 -198.81995 -77.75525
23780 0.78780 NaN NaN NaN 228.97034 -143.43242 31.14157 284.02573 -160.92612 -80.20367 NaN NaN NaN 52.23085 -142.38730 14.29016 -20.91735 -198.80663 -77.68716
23781 0.79614 NaN NaN NaN 228.94836 -143.38496 31.13225 284.04016 -160.91603 -80.22409 NaN NaN NaN 52.20779 -142.37323 14.29808 -20.99503 -198.81680 -77.62386
23782 0.80449 NaN NaN NaN 228.92427 -143.36079 31.12636 284.08884 -160.80251 -80.33273 NaN NaN NaN 52.13188 -142.35350 14.30052 -21.09297 -198.84311 -77.58033
23783 0.81284 NaN NaN NaN 228.89735 -143.34557 31.13361 284.10114 -160.73482 -80.40007 NaN NaN NaN 52.06707 -142.34196 14.26676 -21.18507 -198.85794 -77.53665
23784 0.82118 NaN NaN NaN 228.85291 -143.34322 31.14935 284.07300 -160.64842 -80.41618 NaN NaN NaN 51.99106 -142.36229 14.24340 -21.31332 -198.91548 -77.44489
23785 0.82953 NaN NaN NaN 228.82878 -143.33295 31.14979 284.07321 -160.60727 -80.40269 NaN NaN NaN 51.94902 -142.38081 14.22629 -21.44565 -199.01512 -77.37367
23786 0.83788 NaN NaN NaN 228.77292 -143.29599 31.14512 284.03607 -160.50365 -80.49564 NaN NaN NaN 51.90133 -142.39247 14.19924 -21.62726 -199.13748 -77.25461
23787 0.84622 NaN NaN NaN 228.74390 -143.27148 31.17561 284.01810 -160.57272 -80.35798 NaN NaN NaN 51.80222 -142.44521 14.21378 -21.80711 -199.28088 -77.15639
23788 0.85457 NaN NaN NaN 228.72160 -143.25519 31.18858 283.98831 -160.56046 -80.37762 NaN NaN NaN 51.67376 -142.50385 14.19423 -21.96399 -199.37463 -77.08445
23789 0.86292 NaN NaN NaN 228.70345 -143.26833 31.19774 284.00217 -160.66971 -80.28230 NaN NaN NaN 51.50304 -142.60983 14.18383 -22.18570 -199.50209 -77.07422
23790 0.87126 NaN NaN NaN 228.68616 -143.27730 31.19516 283.97791 -160.68236 -80.34148 NaN NaN NaN 51.39197 -142.69077 14.15292 -22.36895 -199.63501 -77.05691
23791 0.87961 NaN NaN NaN 228.66507 -143.26949 31.19376 283.94800 -160.68561 -80.37466 NaN NaN NaN 51.31293 -142.76080 14.11788 -22.53215 -199.74095 -76.99352
23792 0.88796 NaN NaN NaN 228.62227 -143.25606 31.19417 283.92337 -160.70222 -80.36913 NaN NaN NaN 51.22529 -142.83536 14.08382 -22.68503 -199.87056 -76.97434
23793 0.89630 NaN NaN NaN 228.58899 -143.26093 31.18859 283.90967 -160.68889 -80.36658 NaN NaN NaN 51.10878 -142.94519 14.07817 -22.77086 -199.94707 -76.93389
23794 0.90465 NaN NaN NaN 228.53601 -143.25006 31.17563 283.90704 -160.66052 -80.35805 NaN NaN NaN 50.98487 -143.04050 14.04608 -22.87272 -199.99289 -76.93404
23795 0.91300 NaN NaN NaN 228.51408 -143.24170 31.16828 283.89142 -160.61610 -80.39550 NaN NaN NaN 50.92023 -143.10162 14.04739 -22.98058 -200.06000 -76.95006
23796 0.92134 NaN NaN NaN 228.48109 -143.24271 31.16608 283.88086 -160.61720 -80.38298 NaN NaN NaN 50.87228 -143.14603 14.04314 -23.08019 -200.14745 -76.95106
23797 0.92969 NaN NaN NaN 228.43089 -143.24353 31.14515 283.87085 -160.62321 -80.35602 NaN NaN NaN 50.82867 -143.20332 14.04661 -23.16856 -200.24364 -76.91470
23798 0.93804 NaN NaN NaN 228.39658 -143.24490 31.12997 283.86020 -160.66104 -80.34335 NaN NaN NaN 50.75423 -143.28633 14.08147 -23.25445 -200.36681 -76.84815
23799 0.94638 NaN NaN NaN 228.38329 -143.25574 31.11976 283.89102 -160.74344 -80.33062 NaN NaN NaN 50.67497 -143.38905 14.12963 -23.32045 -200.46014 -76.80137
23800 0.95473 NaN NaN NaN 228.36281 -143.27213 31.10977 283.93246 -160.81393 -80.31776 NaN NaN NaN 50.61062 -143.49864 14.16430 -23.39260 -200.56854 -76.75320
23801 0.96307 NaN NaN NaN 228.35172 -143.26312 31.09161 283.93900 -160.86877 -80.28919 NaN NaN NaN 50.54252 -143.60106 14.17717 -23.51075 -200.64758 -76.70540
23802 0.97142 NaN NaN NaN 228.34314 -143.25970 31.08816 283.96219 -160.88760 -80.28847 NaN NaN NaN 50.46721 -143.68970 14.20701 -23.58209 -200.72287 -76.67773
23803 0.97977 NaN NaN NaN 228.34521 -143.26581 31.06180 283.99576 -160.87900 -80.30803 NaN NaN NaN 50.37945 -143.78154 14.25702 -23.64769 -200.79262 -76.65777
23804 0.98811 NaN NaN NaN 228.33928 -143.26740 31.06623 284.01675 -160.84441 -80.31047 NaN NaN NaN 50.30225 -143.89908 14.29064 -23.70787 -200.86464 -76.64832
23805 0.99646 NaN NaN NaN 228.33980 -143.27217 31.05365 284.04581 -160.83041 -80.31731 NaN NaN NaN 50.26050 -143.95265 14.28872 -23.76898 -200.91019 -76.61330
23806 1.00481 NaN NaN NaN 228.34425 -143.27704 31.07339 284.05450 -160.82272 -80.32607 NaN NaN NaN 50.24651 -143.98094 14.28763 -23.81602 -200.94756 -76.58428
23807 1.01315 NaN NaN NaN 228.34790 -143.26541 31.06365 284.06290 -160.83800 -80.30581 NaN NaN NaN 50.22432 -143.97156 14.27839 -23.90363 -201.02335 -76.56182
23808 1.02150 NaN NaN NaN 228.35037 -143.26776 31.05946 284.06381 -160.86023 -80.29482 NaN NaN NaN 50.20583 -143.95917 14.25533 -23.93742 -201.07637 -76.51036
23809 1.02985 NaN NaN NaN 228.36784 -143.26688 31.04864 284.06927 -160.90395 -80.27195 NaN NaN NaN 50.19472 -143.92979 14.25123 -23.95826 -201.12715 -76.46957
23810 1.03819 NaN NaN NaN 228.40527 -143.26212 31.04099 284.08386 -160.88878 -80.35750 NaN NaN NaN 50.19367 -143.90247 14.23798 -23.96844 -201.13770 -76.44405
23811 1.04654 NaN NaN NaN 228.41507 -143.27802 31.04832 284.09839 -160.87677 -80.40217 NaN NaN NaN 50.21423 -143.88158 14.23050 -23.95291 -201.12938 -76.43624
23812 1.05489 NaN NaN NaN 228.47581 -143.31856 31.03782 284.09891 -160.83238 -80.44402 NaN NaN NaN 50.23943 -143.88205 14.22004 -23.93334 -201.10371 -76.41393
23813 1.06323 NaN NaN NaN 228.52017 -143.34135 31.03210 284.09079 -160.82979 -80.39639 NaN NaN NaN 50.26461 -143.85709 14.18239 -23.93355 -201.11328 -76.41103
23814 1.07158 NaN NaN NaN 228.55908 -143.38618 31.03785 284.09509 -160.78911 -80.49935 NaN NaN NaN 50.28250 -143.83867 14.15923 -23.96721 -201.15057 -76.36506
23815 1.07993 NaN NaN NaN 228.59021 -143.38879 31.04369 284.08276 -160.80611 -80.48195 NaN NaN NaN 50.31815 -143.79613 14.10765 -23.99193 -201.18889 -76.32118
23816 1.08827 NaN NaN NaN 228.62024 -143.39268 31.04007 284.09195 -160.78720 -80.54466 NaN NaN NaN 50.33043 -143.76889 14.05896 -24.04836 -201.23627 -76.26733
23817 1.09662 NaN NaN NaN 228.64127 -143.39082 31.03074 284.06375 -160.74715 -80.52951 NaN NaN NaN 50.36427 -143.73642 14.01692 -24.08724 -201.32637 -76.20743
23818 1.10497 NaN NaN NaN 228.65393 -143.38124 31.02896 284.07410 -160.74590 -80.55939 NaN NaN NaN 50.33318 -143.75923 13.94669 -24.14247 -201.40691 -76.18587
23819 1.11331 NaN NaN NaN 228.66536 -143.37215 31.03204 284.03418 -160.70798 -80.52288 NaN NaN NaN 50.32954 -143.78265 13.88573 -24.17112 -201.44643 -76.16700
23820 1.12166 NaN NaN NaN 228.66019 -143.35422 31.03889 284.05084 -160.71918 -80.56992 NaN NaN NaN 50.33032 -143.82191 13.86715 -24.22456 -201.50957 -76.14932
23821 1.13001 NaN NaN NaN 228.66597 -143.35117 31.03401 284.00201 -160.73230 -80.48854 NaN NaN NaN 50.33499 -143.85526 13.84812 -24.29053 -201.54788 -76.14557
23822 1.13835 NaN NaN NaN 228.66444 -143.31302 31.03688 284.01602 -160.77925 -80.48689 NaN NaN NaN 50.35893 -143.88742 13.81067 -24.34916 -201.58740 -76.17381
23823 1.14670 NaN NaN NaN 228.66437 -143.30646 31.03127 284.00787 -160.79436 -80.48245 NaN NaN NaN 50.36258 -143.90074 13.78368 -24.38442 -201.61760 -76.18745
23824 1.15505 NaN NaN NaN 228.66846 -143.29642 31.04597 284.01144 -160.78333 -80.50835 NaN NaN NaN 50.34617 -143.90465 13.72908 -24.37798 -201.60779 -76.22427
23825 1.16339 NaN NaN NaN 228.66437 -143.28311 31.02534 284.09018 -160.60342 -80.65616 NaN NaN NaN 50.34964 -143.89211 13.70403 -24.38155 -201.62115 -76.27158
23826 1.17174 NaN NaN NaN 228.67183 -143.27182 31.03340 284.05975 -160.61411 -80.60407 NaN NaN NaN 50.38307 -143.90099 13.67098 -24.37416 -201.62129 -76.29409
23827 1.18009 NaN NaN NaN 228.66656 -143.24066 31.02554 284.04245 -160.60991 -80.55346 NaN NaN NaN 50.41468 -143.95744 13.59219 -24.37554 -201.62991 -76.32690
23828 1.18843 NaN NaN NaN 228.65977 -143.20715 31.04375 284.01953 -160.64488 -80.51070 NaN NaN NaN 50.46762 -143.96973 13.52708 -24.34074 -201.64877 -76.34984
23829 1.19678 NaN NaN NaN 228.65698 -143.18553 31.02491 284.00055 -160.64702 -80.52426 NaN NaN NaN 50.52925 -143.96112 13.46079 -24.29154 -201.64612 -76.40482
23830 1.20513 NaN NaN NaN 228.64569 -143.15924 31.04272 284.04712 -160.72284 -80.56446 NaN NaN NaN 50.57995 -143.96494 13.41527 -24.26107 -201.67213 -76.42395
23831 1.21347 NaN NaN NaN 228.65169 -143.14729 31.02627 284.07324 -160.80940 -80.45061 NaN NaN NaN 50.61713 -143.94843 13.34966 -24.25933 -201.68884 -76.45024
23832 1.22182 NaN NaN NaN 228.65340 -143.12878 31.03255 284.07730 -160.87268 -80.43513 NaN NaN NaN 50.68331 -143.93233 13.28853 -24.22238 -201.67920 -76.47903
23833 1.23016 NaN NaN NaN 228.64082 -143.10551 31.01587 284.08316 -160.90405 -80.40726 NaN NaN NaN 50.73429 -143.92659 13.21810 -24.18983 -201.68163 -76.50433
23834 1.23851 NaN NaN NaN 228.63937 -143.11655 31.02886 284.10947 -160.92233 -80.42773 NaN NaN NaN 50.75896 -143.92384 13.17646 -24.16110 -201.67836 -76.53611
23835 1.24686 NaN NaN NaN 228.63921 -143.13249 31.01444 284.13055 -160.92790 -80.43736 NaN NaN NaN 50.78954 -143.94130 13.12270 -24.16081 -201.67508 -76.58251
23836 1.25520 NaN NaN NaN 228.63135 -143.09749 31.02198 284.14096 -160.91103 -80.44254 NaN NaN NaN 50.82939 -143.95186 13.01711 -24.11518 -201.66356 -76.61860
23837 1.26355 NaN NaN NaN 228.62054 -143.07857 30.96581 284.14780 -160.89751 -80.43428 NaN NaN NaN 50.91615 -143.97998 12.93938 -24.12074 -201.69536 -76.64948
23838 1.27190 NaN NaN NaN 228.60983 -143.07562 30.95192 284.15482 -160.87758 -80.43040 NaN NaN NaN 50.96564 -143.99413 12.87735 -24.10095 -201.70251 -76.65995
23839 1.28024 NaN NaN NaN 228.58968 -143.07451 30.93216 284.22949 -160.91893 -80.46601 NaN NaN NaN 50.99374 -143.97710 12.77796 -24.10243 -201.72676 -76.67323
23840 1.28859 NaN NaN NaN 228.59419 -143.07028 30.93802 284.24481 -160.89584 -80.52747 NaN NaN NaN 51.01502 -143.97635 12.72893 -24.08360 -201.74478 -76.67696
23841 1.29694 NaN NaN NaN 228.59471 -143.07143 30.92396 284.28659 -160.97762 -80.45534 NaN NaN NaN 51.04188 -143.99051 12.69987 -24.06682 -201.76834 -76.69814
23842 1.30528 NaN NaN NaN 228.60278 -143.07439 30.91967 284.27255 -160.97131 -80.50758 NaN NaN NaN 51.06792 -144.00264 12.67466 -24.06284 -201.77664 -76.70518
23843 1.31363 NaN NaN NaN 228.60370 -143.07184 30.90395 284.29361 -161.10878 -80.43143 NaN NaN NaN 51.10526 -144.03296 12.67607 -24.06710 -201.79248 -76.72490
23844 1.32198 NaN NaN NaN 228.59044 -143.05901 30.90199 284.25549 -161.13168 -80.45049 NaN NaN NaN 51.13402 -144.02567 12.63840 -24.06275 -201.79881 -76.71452
23845 1.33032 NaN NaN NaN 228.57301 -143.06306 30.88228 284.29922 -161.21033 -80.39153 NaN NaN NaN 51.15682 -144.02122 12.63460 -24.03805 -201.79266 -76.72755
23846 1.33867 NaN NaN NaN 228.55782 -143.07050 30.87379 284.27155 -161.18889 -80.42606 NaN NaN NaN 51.17300 -144.03223 12.62788 -24.01643 -201.79829 -76.72609
23847 1.34702 NaN NaN NaN 228.55272 -143.10812 30.85768 284.28659 -161.26434 -80.35997 NaN NaN NaN 51.19074 -143.99677 12.65231 -23.99295 -201.80733 -76.73211
23848 1.35536 NaN NaN NaN 228.51279 -143.12430 30.83897 284.28720 -161.29593 -80.33526 NaN NaN NaN 51.20528 -143.98712 12.66412 -23.94317 -201.75810 -76.71956
23849 1.36371 NaN NaN NaN 228.44235 -143.11266 30.82832 284.28897 -161.32541 -80.31545 NaN NaN NaN 51.29497 -143.95956 12.67666 -23.89641 -201.74959 -76.69362
23850 1.37206 NaN NaN NaN 228.36266 -143.08327 30.79805 284.29413 -161.36275 -80.30740 NaN NaN NaN 51.37230 -143.92226 12.66632 -23.84038 -201.76205 -76.63676
23851 1.38040 NaN NaN NaN 228.28099 -143.03410 30.75781 284.23285 -161.29791 -80.32829 NaN NaN NaN 51.42754 -143.90341 12.66059 -23.75364 -201.79459 -76.59883
23852 1.38875 NaN NaN NaN 228.22226 -142.97696 30.73313 284.20084 -161.25455 -80.33526 NaN NaN NaN 51.50710 -143.87231 12.67386 -23.67822 -201.78377 -76.60676
23853 1.39710 NaN NaN NaN 228.12213 -142.94681 30.72242 284.18530 -161.20126 -80.34431 NaN NaN NaN 51.62689 -143.83542 12.62444 -23.60348 -201.76048 -76.65135
23854 1.40544 NaN NaN NaN 228.03008 -142.91675 30.69612 284.16425 -161.18188 -80.33023 NaN NaN NaN 51.71061 -143.82680 12.58536 -23.57379 -201.73911 -76.66881
23855 1.41379 NaN NaN NaN 227.95561 -142.91263 30.69309 284.18442 -161.18185 -80.27701 NaN NaN NaN 51.77283 -143.80859 12.61279 -23.52678 -201.71120 -76.67542
23856 1.42214 NaN NaN NaN 227.90440 -142.90630 30.67955 284.16797 -161.25887 -80.26685 NaN NaN NaN 51.82281 -143.80710 12.64310 -23.42247 -201.65294 -76.69118
23857 1.43048 NaN NaN NaN 227.87695 -142.94624 30.67716 284.15048 -161.30150 -80.27558 NaN NaN NaN 51.85493 -143.80356 12.67134 -23.29544 -201.56679 -76.75311
23858 1.43883 NaN NaN NaN 227.84366 -142.97478 30.67192 284.13950 -161.34732 -80.28275 NaN NaN NaN 51.91629 -143.81363 12.67127 -23.17278 -201.49339 -76.78930
23859 1.44718 NaN NaN NaN 227.84706 -143.02132 30.65481 284.12344 -161.35628 -80.29460 NaN NaN NaN 51.99969 -143.78290 12.68955 -23.08430 -201.43347 -76.84640
23860 1.45552 NaN NaN NaN 227.85771 -143.05186 30.64501 284.12442 -161.37260 -80.31203 NaN NaN NaN 52.07644 -143.72874 12.68972 -23.00763 -201.37132 -76.89850
23861 1.46387 NaN NaN NaN 227.87422 -143.08727 30.64511 284.13788 -161.37077 -80.42295 NaN NaN NaN 52.16510 -143.67645 12.67771 -22.90163 -201.31557 -76.93360
23862 1.47221 NaN NaN NaN 227.87735 -143.11220 30.63114 284.14474 -161.38954 -80.45611 NaN NaN NaN 52.28130 -143.60153 12.61289 -22.77810 -201.25279 -76.95679
23863 1.48056 NaN NaN NaN 227.87344 -143.14378 30.65157 284.11621 -161.41136 -80.37492 NaN NaN NaN 52.40956 -143.54903 12.53849 -22.62217 -201.18906 -77.00362
23864 1.48891 NaN NaN NaN 227.83955 -143.12744 30.65084 284.11859 -161.34984 -80.39781 NaN NaN NaN 52.56408 -143.50023 12.47707 -22.46176 -201.13011 -77.07018
23865 1.49725 NaN NaN NaN 227.81442 -143.09332 30.63767 284.12454 -161.35818 -80.43762 NaN NaN NaN 52.71244 -143.39999 12.42943 -22.32527 -201.03200 -77.11756
23866 1.50560 NaN NaN NaN 227.76529 -143.04385 30.61681 284.09113 -161.38223 -80.38252 NaN NaN NaN 52.87403 -143.28606 12.38628 -22.18205 -200.93718 -77.20626
23867 1.51395 NaN NaN NaN 227.70084 -143.00266 30.59743 284.06369 -161.37643 -80.35310 NaN NaN NaN 53.04222 -143.19035 12.34296 -22.02611 -200.83519 -77.26675
23868 1.52229 NaN NaN NaN 227.64400 -142.95325 30.58560 284.05548 -161.36919 -80.30223 NaN NaN NaN 53.24804 -143.07411 12.25124 -21.82676 -200.73697 -77.36218
23869 1.53064 NaN NaN NaN 227.60663 -142.92860 30.57893 284.07709 -161.38951 -80.21452 NaN NaN NaN 53.43931 -142.92781 12.16570 -21.63513 -200.66759 -77.42603
23870 1.53899 NaN NaN NaN 227.57121 -142.89389 30.55319 284.05692 -161.39935 -80.22984 NaN NaN NaN 53.60288 -142.79984 12.07086 -21.44580 -200.57187 -77.51192
23871 1.54733 NaN NaN NaN 227.56982 -142.89383 30.53933 284.04520 -161.38379 -80.25484 NaN NaN NaN 53.79331 -142.71019 12.02361 -21.26366 -200.45004 -77.61956
23872 1.55568 NaN NaN NaN 227.55838 -142.89156 30.52902 284.04779 -161.37068 -80.29681 NaN NaN NaN 53.96623 -142.61945 11.97606 -21.07684 -200.32268 -77.69810
23873 1.56403 NaN NaN NaN 227.54785 -142.88994 30.53656 284.06100 -161.35292 -80.32857 NaN NaN NaN 54.13724 -142.52362 11.92862 -20.86543 -200.18869 -77.75935
23874 1.57237 NaN NaN NaN 227.52940 -142.87593 30.54313 284.04398 -161.29897 -80.31884 NaN NaN NaN 54.32192 -142.43593 11.86442 -20.68964 -200.05894 -77.82899
23875 1.58072 NaN NaN NaN 227.52870 -142.87930 30.52168 284.04431 -161.29308 -80.28086 NaN NaN NaN 54.48201 -142.28973 11.77784 -20.50103 -199.97655 -77.92243
23876 1.58907 NaN NaN NaN 227.52908 -142.87004 30.52164 284.04379 -161.26353 -80.30119 NaN NaN NaN 54.65582 -142.13551 11.73249 -20.29427 -199.90154 -77.98702
23877 1.59741 NaN NaN NaN 227.51675 -142.85886 30.51618 284.05505 -161.26431 -80.31476 NaN NaN NaN 54.82350 -142.02496 11.69005 -20.08460 -199.79602 -78.05467
23878 1.60576 NaN NaN NaN 227.48975 -142.85101 30.48749 284.05249 -161.28094 -80.33139 NaN NaN NaN 54.98478 -141.95921 11.63569 -19.90704 -199.69341 -78.14090
23879 1.61411 NaN NaN NaN 227.46573 -142.86336 30.47541 284.06903 -161.26617 -80.33286 NaN NaN NaN 55.15195 -141.88544 11.59279 -19.71062 -199.56157 -78.24055
23880 1.62245 NaN NaN NaN 227.44708 -142.80705 30.45030 284.06015 -161.27106 -80.31913 NaN NaN NaN 55.33025 -141.82977 11.57033 -19.53170 -199.42809 -78.33189
23881 1.63080 NaN NaN NaN 227.38809 -142.79039 30.45121 284.05701 -161.28407 -80.28969 NaN NaN NaN 55.51297 -141.75713 11.51034 -19.34516 -199.30879 -78.44099
23882 1.63915 NaN NaN NaN 227.35907 -142.74312 30.42636 284.04053 -161.29559 -80.28835 NaN NaN NaN 55.67152 -141.66698 11.40395 -19.17924 -199.21815 -78.52688
23883 1.64749 NaN NaN NaN 227.30273 -142.72385 30.41473 284.05743 -161.28693 -80.23290 NaN NaN NaN 55.84309 -141.52576 11.31363 -19.02103 -199.13150 -78.55384
23884 1.65584 NaN NaN NaN 227.27187 -142.67973 30.39058 284.06787 -161.33548 -80.25240 NaN NaN NaN 55.99060 -141.41808 11.21111 -18.84851 -199.08073 -78.57206
23885 1.66419 NaN NaN NaN 227.22545 -142.62935 30.37656 284.08157 -161.35956 -80.21502 NaN NaN NaN 56.08960 -141.36371 11.14796 -18.72966 -199.03828 -78.61948
23886 1.67253 NaN NaN NaN 227.17862 -142.59850 30.36753 284.08145 -161.39957 -80.17779 NaN NaN NaN 56.21503 -141.31549 11.10000 -18.64062 -198.98322 -78.62869
23887 1.68088 NaN NaN NaN 227.15356 -142.56802 30.36159 284.05829 -161.38684 -80.16010 NaN NaN NaN 56.32516 -141.22624 11.07469 -18.52184 -198.91122 -78.68464
23888 1.68923 NaN NaN NaN 227.12497 -142.55862 30.35302 284.07083 -161.37761 -80.20426 NaN NaN NaN 56.39817 -141.17798 11.06238 -18.45087 -198.86992 -78.72922
23889 1.69757 NaN NaN NaN 227.11739 -142.55980 30.35460 284.06326 -161.36871 -80.17081 NaN NaN NaN 56.42231 -141.15541 11.08247 -18.37162 -198.83067 -78.76620
23890 1.70592 NaN NaN NaN 227.09015 -142.57127 30.33525 284.08859 -161.35349 -80.22636 NaN NaN NaN 56.41639 -141.19191 11.13327 -18.28886 -198.81174 -78.79411
23891 1.71427 NaN NaN NaN 227.07115 -142.57834 30.34170 284.07959 -161.34447 -80.25370 NaN NaN NaN 56.40791 -141.21008 11.26173 -18.26230 -198.79584 -78.79674
23892 1.72261 NaN NaN NaN 227.06430 -142.60040 30.33138 284.05847 -161.35751 -80.20197 NaN NaN NaN 56.36683 -141.26350 11.38842 -18.26435 -198.78476 -78.79285
23893 1.73096 NaN NaN NaN 227.05540 -142.61290 30.34104 284.03903 -161.39514 -80.15596 NaN NaN NaN 56.29816 -141.34019 11.46426 -18.26126 -198.79321 -78.81530
23894 1.73930 NaN NaN NaN 227.05389 -142.64371 30.34278 284.03714 -161.40100 -80.27573 NaN NaN NaN 56.20052 -141.42268 11.51111 -18.25829 -198.77307 -78.84946
23895 1.74765 NaN NaN NaN 227.08249 -142.66478 30.35169 284.01874 -161.44109 -80.21173 NaN NaN NaN 56.13400 -141.48499 11.56938 -18.26813 -198.79384 -78.87457
23896 1.75600 NaN NaN NaN 227.10478 -142.70229 30.36739 284.00296 -161.44838 -80.23347 NaN NaN NaN 56.08312 -141.53271 11.61751 -18.25345 -198.78186 -78.87373
23897 1.76434 NaN NaN NaN 227.11896 -142.75446 30.37999 284.01715 -161.43634 -80.23518 NaN NaN NaN 56.02902 -141.58919 11.68567 -18.28803 -198.82114 -78.90058
23898 1.77269 NaN NaN NaN 227.11259 -142.78502 30.36756 284.02045 -161.43796 -80.22834 NaN NaN NaN 55.94819 -141.63901 11.75765 -18.31586 -198.84384 -78.90504
23899 1.78104 NaN NaN NaN 227.10989 -142.81126 30.37828 284.01596 -161.46165 -80.26884 NaN NaN NaN 55.82250 -141.66725 11.80584 -18.34281 -198.86679 -78.92164
23900 1.78938 NaN NaN NaN 227.09372 -142.82661 30.35429 284.00931 -161.45180 -80.26291 NaN NaN NaN 55.72836 -141.74763 11.85330 -18.37238 -198.84753 -78.88639
23901 1.79773 NaN NaN NaN 227.06917 -142.85036 30.35487 283.99271 -161.46758 -80.29163 NaN NaN NaN 55.63010 -141.81100 11.89869 -18.40636 -198.85469 -78.91817
23902 1.80608 NaN NaN NaN 227.04753 -142.86308 30.33541 283.98218 -161.48068 -80.29118 NaN NaN NaN 55.53963 -141.91396 11.98590 -18.41576 -198.85155 -78.93601
23903 1.81442 NaN NaN NaN 227.05661 -142.86821 30.34466 283.99063 -161.50864 -80.28815 NaN NaN NaN 55.45618 -142.03383 12.06401 -18.44702 -198.85768 -78.96464
23904 1.82277 NaN NaN NaN 227.03465 -142.87073 30.33187 284.02304 -161.55602 -80.30000 NaN NaN NaN 55.34233 -142.18214 12.18687 -18.47156 -198.86017 -79.01070
23905 1.83112 NaN NaN NaN 227.02203 -142.87646 30.32442 284.02429 -161.55197 -80.29068 NaN NaN NaN 55.24410 -142.28897 12.33232 -18.49034 -198.85329 -79.06525
23906 1.83946 NaN NaN NaN 227.00992 -142.87564 30.30671 284.02304 -161.56583 -80.27221 NaN NaN NaN 55.14631 -142.40952 12.44545 -18.50479 -198.84172 -79.12820
23907 1.84781 NaN NaN NaN 227.01248 -142.87555 30.32922 284.01187 -161.55893 -80.29382 NaN NaN NaN 55.06939 -142.53024 12.54155 -18.48670 -198.81729 -79.17868
23908 1.85616 NaN NaN NaN 227.01874 -142.89757 30.31061 284.03278 -161.56792 -80.30535 NaN NaN NaN 54.96043 -142.68236 12.62882 -18.51213 -198.80957 -79.18405
23909 1.86450 NaN NaN NaN 227.01309 -142.88669 30.29862 284.04123 -161.57153 -80.31056 NaN NaN NaN 54.83435 -142.80275 12.71095 -18.53161 -198.82854 -79.20744
23910 1.87285 NaN NaN NaN 227.02116 -142.88350 30.29081 284.05219 -161.57414 -80.29717 NaN NaN NaN 54.74883 -142.85501 12.79888 -18.53528 -198.83504 -79.21005
23911 1.88120 NaN NaN NaN 227.02884 -142.87344 30.28863 284.04898 -161.58069 -80.30563 NaN NaN NaN 54.66978 -142.92282 12.88144 -18.57538 -198.85217 -79.23863
23912 1.88954 NaN NaN NaN 227.02405 -142.88422 30.29197 284.06085 -161.57909 -80.30726 NaN NaN NaN 54.61126 -143.00731 12.92768 -18.58913 -198.87466 -79.23718
23913 1.89789 NaN NaN NaN 227.02640 -142.89098 30.29577 284.04938 -161.57150 -80.32452 NaN NaN NaN 54.50996 -143.09174 12.98464 -18.64602 -198.91667 -79.24314
23914 1.90624 NaN NaN NaN 227.01031 -142.89124 30.28834 284.05618 -161.57523 -80.30573 NaN NaN NaN 54.41336 -143.17606 13.03889 -18.70421 -198.95795 -79.25568
23915 1.91458 NaN NaN NaN 227.02234 -142.89644 30.29112 284.05057 -161.57761 -80.28793 NaN NaN NaN 54.35649 -143.26752 13.07649 -18.72260 -198.98593 -79.26492
23916 1.92293 NaN NaN NaN 227.02850 -142.90625 30.29498 284.05206 -161.58771 -80.28598 NaN NaN NaN 54.30169 -143.32712 13.11164 -18.73988 -198.99518 -79.26516
23917 1.93128 NaN NaN NaN 227.02087 -142.89444 30.30243 284.04297 -161.57462 -80.28474 NaN NaN NaN 54.23622 -143.37521 13.23919 -18.75203 -199.01193 -79.27159
23918 1.93962 NaN NaN NaN 227.00909 -142.88948 30.30173 284.04813 -161.57455 -80.27963 NaN NaN NaN 54.16534 -143.45375 13.30465 -18.79483 -199.03288 -79.29333
23919 1.94797 NaN NaN NaN 227.01270 -142.90787 30.31239 284.02191 -161.55446 -80.29287 NaN NaN NaN 54.08451 -143.53203 13.34055 -18.83109 -199.04683 -79.27792
23920 1.95632 NaN NaN NaN 227.00302 -142.90843 30.29953 284.01428 -161.50346 -80.26364 NaN NaN NaN 53.99032 -143.61458 13.42048 -18.86495 -199.07745 -79.27802
23921 1.96466 NaN NaN NaN 227.00261 -142.91353 30.30340 284.01212 -161.45898 -80.24217 NaN NaN NaN 53.92223 -143.69656 13.47851 -18.89048 -199.10133 -79.28695
23922 1.97301 NaN NaN NaN 227.00131 -142.91194 30.30329 284.02045 -161.49559 -80.27808 NaN NaN NaN 53.84606 -143.75633 13.53430 -18.92330 -199.12511 -79.27707
23923 1.98135 NaN NaN NaN 226.99202 -142.92165 30.30276 284.02011 -161.51289 -80.29118 NaN NaN NaN 53.78167 -143.80453 13.58749 -18.94750 -199.12305 -79.30322
23924 1.98970 NaN NaN NaN 226.98824 -142.92603 30.30253 284.01190 -161.54729 -80.29684 NaN NaN NaN 53.71256 -143.86517 13.63653 -18.99249 -199.15680 -79.27152
23925 1.99805 NaN NaN NaN 226.99178 -142.94948 30.29795 284.01187 -161.59155 -80.29987 NaN NaN NaN 53.64811 -143.93527 13.67207 -19.04591 -199.17256 -79.28506
23926 2.00639 NaN NaN NaN 226.98886 -142.94989 30.29568 283.99933 -161.63423 -80.29530 NaN NaN NaN 53.59606 -144.00299 13.70314 -19.08118 -199.22032 -79.25474
23927 2.01474 NaN NaN NaN 226.97929 -142.94815 30.28908 283.98270 -161.64378 -80.29723 NaN NaN NaN 53.53002 -144.05698 13.73740 -19.14029 -199.23906 -79.27436
23928 2.02309 NaN NaN NaN 226.96933 -142.97177 30.28091 283.97784 -161.65334 -80.29225 NaN NaN NaN 53.45924 -144.13046 13.76411 -19.18254 -199.26242 -79.29373
23929 2.03143 NaN NaN NaN 226.96341 -142.97174 30.27282 283.96909 -161.63805 -80.31229 NaN NaN NaN 53.39508 -144.20084 13.80934 -19.20727 -199.26714 -79.31361
23930 2.03978 NaN NaN NaN 226.97398 -142.98555 30.26428 283.97958 -161.63963 -80.31763 NaN NaN NaN 53.37561 -144.26369 13.86978 -19.24460 -199.28128 -79.29918
23931 2.04813 NaN NaN NaN 226.97400 -143.00038 30.27086 283.97879 -161.61060 -80.32494 NaN NaN NaN 53.32138 -144.32889 13.90761 -19.26636 -199.30107 -79.31799
23932 2.05647 NaN NaN NaN 226.97148 -143.00632 30.26510 283.99643 -161.60121 -80.32818 NaN NaN NaN 53.29679 -144.37442 13.92951 -19.28026 -199.30405 -79.32742
23933 2.06482 NaN NaN NaN 226.97026 -143.02507 30.27237 283.99792 -161.61586 -80.33418 NaN NaN NaN 53.26502 -144.41212 14.01244 -19.26702 -199.30966 -79.34093
23934 2.07317 NaN NaN NaN 226.97751 -143.02985 30.26859 283.99377 -161.62495 -80.33616 NaN NaN NaN 53.24802 -144.46921 14.06679 -19.28794 -199.32547 -79.32980
23935 2.08151 NaN NaN NaN 226.97427 -143.05313 30.25940 283.99442 -161.63663 -80.32333 NaN NaN NaN 53.21789 -144.52908 14.09519 -19.29656 -199.35626 -79.34446
23936 2.08986 NaN NaN NaN 226.97278 -143.04146 30.25450 284.00638 -161.66423 -80.31176 NaN NaN NaN 53.20066 -144.57466 14.10501 -19.31559 -199.36174 -79.36131
23937 2.09821 NaN NaN NaN 226.97722 -143.05537 30.25506 284.01035 -161.68018 -80.30686 NaN NaN NaN 53.16128 -144.60623 14.13265 -19.31610 -199.35231 -79.37619
23938 2.10655 NaN NaN NaN 226.97815 -143.05540 30.25583 284.02094 -161.68288 -80.31697 NaN NaN NaN 53.12630 -144.64084 14.15292 -19.31234 -199.34709 -79.37804
23939 2.11490 NaN NaN NaN 226.97392 -143.05139 30.26093 284.01730 -161.69850 -80.32822 NaN NaN NaN 53.07908 -144.67833 14.18418 -19.29958 -199.35771 -79.38264
23940 2.12325 NaN NaN NaN 226.97087 -143.06111 30.24010 284.01416 -161.69571 -80.32254 NaN NaN NaN 53.04254 -144.72032 14.22175 -19.31296 -199.36932 -79.39558
23941 2.13159 NaN NaN NaN 226.95946 -143.04703 30.23504 284.01996 -161.70815 -80.33224 NaN NaN NaN 53.00603 -144.77477 14.26181 -19.31577 -199.38853 -79.41595
23942 2.13994 NaN NaN NaN 226.95123 -143.07478 30.21857 284.01660 -161.70590 -80.34305 NaN NaN NaN 52.94177 -144.86005 14.31883 -19.32816 -199.41136 -79.41299
