Frame# Time LH1 LH2 LH3 RH1 RH2 RH3
X54 Y54 Z54 X55 Y55 Z55 X56 Y56 Z56 X57 Y57 Z57 X58 Y58 Z58 X59 Y59 Z59
38765 0.00287 NaN NaN NaN 179.34746 -114.33051 -5.42031 277.99695 -182.06032 -46.56038 NaN NaN NaN -11.72797 -166.87126 37.86460 -93.80631 -207.44209 -55.00870
38766 0.01120 NaN NaN NaN 179.33693 -114.29236 -5.44869 277.99661 -182.04507 -46.55587 NaN NaN NaN -11.70087 -166.80678 37.85053 -93.81142 -207.44650 -54.97389
38767 0.01953 NaN NaN NaN 179.34174 -114.25715 -5.47163 278.00757 -182.03761 -46.50848 NaN NaN NaN -11.64603 -166.68843 37.80062 -93.79578 -207.45723 -54.93018
38768 0.02786 NaN NaN NaN 179.34860 -114.24552 -5.47441 278.01450 -182.03275 -46.48323 NaN NaN NaN -11.57417 -166.60756 37.76596 -93.79854 -207.46046 -54.88729
38769 0.03619 NaN NaN NaN 179.34813 -114.24470 -5.47390 278.01501 -182.03751 -46.44525 NaN NaN NaN -11.46441 -166.52733 37.71820 -93.80759 -207.51003 -54.81694
38770 0.04452 NaN NaN NaN 179.35078 -114.26013 -5.45908 278.02448 -182.05415 -46.43166 NaN NaN NaN -11.34445 -166.43529 37.66910 -93.80651 -207.54544 -54.71748
38771 0.05285 NaN NaN NaN 179.35579 -114.25401 -5.46375 278.05087 -182.07970 -46.39585 NaN NaN NaN -11.26845 -166.36758 37.61315 -93.81939 -207.57164 -54.63328
38772 0.06119 NaN NaN NaN 179.34811 -114.25537 -5.46459 278.06238 -182.08252 -46.37497 NaN NaN NaN -11.17328 -166.31169 37.54681 -93.81526 -207.58456 -54.59318
38773 0.06952 NaN NaN NaN 179.34552 -114.26744 -5.49738 278.05771 -182.07616 -46.33708 NaN NaN NaN -11.09356 -166.24739 37.46719 -93.81185 -207.59645 -54.53136
38774 0.07785 NaN NaN NaN 179.32405 -114.27141 -5.54086 278.06067 -182.04704 -46.32565 NaN NaN NaN -10.97177 -166.16817 37.41025 -93.83518 -207.58702 -54.47038
38775 0.08618 NaN NaN NaN 179.28337 -114.21626 -5.67418 278.05908 -182.04898 -46.26590 NaN NaN NaN -10.85271 -166.10385 37.31990 -93.87163 -207.58221 -54.39262
38776 0.09451 NaN NaN NaN 179.24071 -114.16781 -5.78675 278.05588 -182.00681 -46.24268 NaN NaN NaN -10.71102 -165.98505 37.18795 -93.94699 -207.60242 -54.21108
38777 0.10284 NaN NaN NaN 179.17181 -114.13585 -5.88185 278.06857 -182.00110 -46.20382 NaN NaN NaN -10.48361 -165.85768 37.05679 -94.05004 -207.68698 -53.96696
38778 0.11117 NaN NaN NaN 179.07921 -114.06163 -6.09550 278.03192 -181.96545 -46.16680 NaN NaN NaN -10.27474 -165.70609 36.87153 -94.16431 -207.73779 -53.70913
38779 0.11951 NaN NaN NaN 178.94504 -114.01475 -6.28705 278.01147 -181.92477 -46.07381 NaN NaN NaN -10.08259 -165.58398 36.72679 -94.31989 -207.82045 -53.40032
38780 0.12784 NaN NaN NaN 178.82166 -113.93745 -6.47941 277.96564 -181.86630 -45.97964 NaN NaN NaN -9.88447 -165.46753 36.57632 -94.48820 -207.86934 -53.11756
38781 0.13617 NaN NaN NaN 178.67827 -113.78304 -6.69753 277.90802 -181.81517 -45.82944 NaN NaN NaN -9.68175 -165.32378 36.46143 -94.63985 -207.98276 -52.86010
38782 0.14450 NaN NaN NaN 178.53012 -113.57388 -6.96010 277.83694 -181.80045 -45.61581 NaN NaN NaN -9.49674 -165.19559 36.30645 -94.84967 -208.08040 -52.54930
38783 0.15283 NaN NaN NaN 178.36865 -113.37773 -7.19706 277.75479 -181.78131 -45.41091 NaN NaN NaN -9.34079 -165.07333 36.21482 -95.06960 -208.20059 -52.16685
38784 0.16116 NaN NaN NaN 178.21135 -113.23846 -7.40746 277.66467 -181.68646 -45.25452 NaN NaN NaN -9.23286 -164.97083 36.14665 -95.26398 -208.22302 -51.83160
38785 0.16949 NaN NaN NaN 178.05930 -113.18933 -7.60368 277.60400 -181.60709 -45.16390 NaN NaN NaN -9.15694 -164.85355 36.08459 -95.43537 -208.33553 -51.50975
38786 0.17782 NaN NaN NaN 177.90338 -113.08485 -7.77979 277.54538 -181.53810 -45.07530 NaN NaN NaN -9.05994 -164.73215 36.02576 -95.66198 -208.47569 -51.14064
38787 0.18616 NaN NaN NaN 177.80292 -113.00098 -7.98231 277.49826 -181.51582 -45.01073 NaN NaN NaN -8.98508 -164.60597 35.99294 -95.89480 -208.54538 -50.82714
38788 0.19449 NaN NaN NaN 177.67021 -112.91082 -8.14275 277.43469 -181.45711 -44.86881 NaN NaN NaN -8.94557 -164.51831 35.97554 -96.10691 -208.59393 -50.46142
38789 0.20282 NaN NaN NaN 177.60645 -112.75253 -8.28232 277.37744 -181.42532 -44.76171 NaN NaN NaN -8.91065 -164.39091 35.95808 -96.34837 -208.65565 -50.03592
38790 0.21115 NaN NaN NaN 177.53323 -112.62598 -8.41870 277.32312 -181.41951 -44.63029 NaN NaN NaN -8.86578 -164.26692 35.94936 -96.57789 -208.74104 -49.67783
38791 0.21948 NaN NaN NaN 177.45505 -112.53426 -8.55638 277.28946 -181.37798 -44.56445 NaN NaN NaN -8.84473 -164.16458 35.95051 -96.80934 -208.84415 -49.30828
38792 0.22781 NaN NaN NaN 177.36334 -112.47662 -8.65252 277.27127 -181.37027 -44.48792 NaN NaN NaN -8.80111 -164.03865 35.97434 -97.04456 -208.91730 -48.95259
38793 0.23614 NaN NaN NaN 177.25873 -112.45291 -8.75099 277.21115 -181.33830 -44.41027 NaN NaN NaN -8.76608 -163.90802 35.96332 -97.27659 -208.97040 -48.49077
38794 0.24447 NaN NaN NaN 177.16023 -112.40605 -8.87643 277.16046 -181.29649 -44.28489 NaN NaN NaN -8.70399 -163.76370 35.96726 -97.55303 -209.24893 -47.98956
38795 0.25281 NaN NaN NaN 177.05914 -112.31191 -9.04707 277.10425 -181.28235 -44.17699 NaN NaN NaN -8.63155 -163.61101 35.96848 -97.83341 -209.48331 -47.49293
38796 0.26114 NaN NaN NaN 176.97476 -112.18549 -9.15816 277.06277 -181.24637 -44.10902 NaN NaN NaN -8.55613 -163.46352 35.95242 -98.05627 -209.60973 -46.99658
38797 0.26947 NaN NaN NaN 176.88002 -112.09686 -9.29692 277.00803 -181.19734 -44.01897 NaN NaN NaN -8.46873 -163.28815 35.92612 -98.30566 -209.69691 -46.55747
38798 0.27780 NaN NaN NaN 176.81940 -111.96680 -9.49160 276.95700 -181.17857 -43.91253 NaN NaN NaN -8.35155 -163.08649 35.85763 -98.49973 -209.76016 -46.12556
38799 0.28613 NaN NaN NaN 176.69479 -111.85041 -9.66693 276.91742 -181.15356 -43.76392 NaN NaN NaN -8.18002 -162.83528 35.75492 -98.74356 -209.75342 -45.66259
38800 0.29446 NaN NaN NaN 176.57991 -111.77101 -9.82698 276.85257 -181.10728 -43.63865 NaN NaN NaN -8.00864 -162.63214 35.62962 -98.98196 -209.71127 -45.12855
38801 0.30279 NaN NaN NaN 176.44695 -111.66131 -10.03797 276.78992 -181.07179 -43.53006 NaN NaN NaN -7.80100 -162.40843 35.45636 -99.22124 -209.83379 -44.69042
38802 0.31112 NaN NaN NaN 176.32785 -111.59497 -10.20386 276.71628 -181.03323 -43.35413 NaN NaN NaN -7.56102 -162.16801 35.19527 -99.44086 -209.87921 -44.15401
38803 0.31946 NaN NaN NaN 176.19373 -111.48212 -10.43210 276.66068 -181.00468 -43.23707 NaN NaN NaN -7.30909 -161.89449 34.97723 -99.61876 -209.93060 -43.69296
38804 0.32779 NaN NaN NaN 176.02792 -111.39217 -10.73119 276.60251 -180.94919 -43.07350 NaN NaN NaN -7.04740 -161.65605 34.77551 -99.83888 -209.95265 -43.19184
38805 0.33612 NaN NaN NaN 175.88216 -111.26730 -11.02649 276.53568 -180.88972 -42.93394 NaN NaN NaN -6.80799 -161.44888 34.58021 -100.05077 -209.98686 -42.71275
38806 0.34445 NaN NaN NaN 175.72606 -111.15358 -11.30465 276.47250 -180.86115 -42.74264 NaN NaN NaN -6.53294 -161.20508 34.37917 -100.25368 -210.04996 -42.17870
38807 0.35278 NaN NaN NaN 175.54305 -111.05839 -11.55882 276.38962 -180.81538 -42.62156 NaN NaN NaN -6.25389 -160.94040 34.15137 -100.42324 -210.06422 -41.66370
38808 0.36111 NaN NaN NaN 175.39476 -111.00137 -11.80369 276.32538 -180.77646 -42.48372 NaN NaN NaN -5.99859 -160.65485 33.92517 -100.61879 -210.03915 -41.06713
38809 0.36944 NaN NaN NaN 175.25395 -110.88889 -12.11678 276.27182 -180.74352 -42.29528 NaN NaN NaN -5.73901 -160.38239 33.66088 -100.77213 -210.05576 -40.56209
38810 0.37778 NaN NaN NaN 175.10861 -110.75379 -12.33968 276.20059 -180.73709 -42.09205 NaN NaN NaN -5.47691 -160.11026 33.41631 -100.94144 -210.11856 -40.01548
38811 0.38611 NaN NaN NaN 175.01062 -110.64773 -12.55776 276.14694 -180.68015 -41.94859 NaN NaN NaN -5.17008 -159.87605 33.21448 -101.08910 -210.14850 -39.50381
38812 0.39444 NaN NaN NaN 174.87381 -110.54673 -12.71973 276.07651 -180.58408 -41.81584 NaN NaN NaN -4.90165 -159.62204 32.97654 -101.20229 -210.16943 -39.03610
38813 0.40277 NaN NaN NaN 174.73204 -110.46035 -12.92360 276.02429 -180.55969 -41.65596 NaN NaN NaN -4.62806 -159.38847 32.72580 -101.33870 -210.19669 -38.53019
38814 0.41110 NaN NaN NaN 174.59999 -110.33079 -13.16642 275.95004 -180.54529 -41.51100 NaN NaN NaN -4.35231 -159.14308 32.40330 -101.49738 -210.21356 -38.07552
38815 0.41943 NaN NaN NaN 174.44478 -110.18547 -13.44186 275.87247 -180.47697 -41.32105 NaN NaN NaN -4.07356 -158.89319 32.12280 -101.60467 -210.24434 -37.60888
38816 0.42776 NaN NaN NaN 174.31888 -110.04585 -13.67349 275.80774 -180.39029 -41.14040 NaN NaN NaN -3.76614 -158.67728 31.82757 -101.70602 -210.30589 -37.14814
38817 0.43609 NaN NaN NaN 174.13257 -109.95319 -13.89091 275.73776 -180.32980 -40.97409 NaN NaN NaN -3.49874 -158.49783 31.52422 -101.84991 -210.33028 -36.67626
38818 0.44443 NaN NaN NaN 173.97710 -109.86678 -14.15300 275.66241 -180.23987 -40.81437 NaN NaN NaN -3.25982 -158.31581 31.18499 -101.98895 -210.39803 -36.25690
38819 0.45276 NaN NaN NaN 173.84189 -109.72863 -14.52808 275.59418 -180.19467 -40.62385 NaN NaN NaN -3.02978 -158.13431 30.91314 -102.10281 -210.42200 -35.86972
38820 0.46109 NaN NaN NaN 173.65047 -109.57526 -14.86380 275.51620 -180.12650 -40.37357 NaN NaN NaN -2.83270 -157.98160 30.67272 -102.22913 -210.45909 -35.54413
38821 0.46942 NaN NaN NaN 173.49765 -109.42968 -15.18537 275.42722 -180.08557 -40.17208 NaN NaN NaN -2.69727 -157.87146 30.42264 -102.37660 -210.48279 -35.23198
38822 0.47775 NaN NaN NaN 173.33493 -109.27321 -15.50008 275.33679 -180.04762 -39.98866 NaN NaN NaN -2.56829 -157.84619 30.27335 -102.51698 -210.54773 -34.93731
38823 0.48608 NaN NaN NaN 173.18527 -109.13008 -15.85328 275.23053 -179.99251 -39.81955 NaN NaN NaN -2.46140 -157.78192 30.08846 -102.66431 -210.59164 -34.57282
38824 0.49441 NaN NaN NaN 172.98392 -109.01615 -16.14384 275.12186 -179.90863 -39.59156 NaN NaN NaN -2.39671 -157.72054 29.85893 -102.85687 -210.67761 -34.23247
38825 0.50274 NaN NaN NaN 172.86436 -108.92629 -16.38465 275.02261 -179.81693 -39.39460 NaN NaN NaN -2.33651 -157.65048 29.72191 -103.07940 -210.73769 -33.83479
38826 0.51108 NaN NaN NaN 172.76024 -108.80874 -16.60468 274.93219 -179.81619 -39.24012 NaN NaN NaN -2.29994 -157.62407 29.65192 -103.26111 -210.81073 -33.54824
38827 0.51941 NaN NaN NaN 172.62932 -108.63965 -16.85251 274.84039 -179.82961 -39.07500 NaN NaN NaN -2.31592 -157.62753 29.58780 -103.45059 -210.87651 -33.30474
38828 0.52774 NaN NaN NaN 172.44577 -108.54336 -17.08965 274.74203 -179.83241 -38.88037 NaN NaN NaN -2.38264 -157.63737 29.53285 -103.68069 -210.95988 -33.05811
38829 0.53607 NaN NaN NaN 172.28746 -108.44356 -17.26530 274.60483 -179.76849 -38.62366 NaN NaN NaN -2.48376 -157.64980 29.47087 -103.87729 -211.03627 -32.88255
38830 0.54440 NaN NaN NaN 172.06856 -108.31479 -17.44184 274.44998 -179.69174 -38.36454 NaN NaN NaN -2.57110 -157.66599 29.39639 -104.05779 -211.12215 -32.74125
38831 0.55273 NaN NaN NaN 171.88727 -108.21033 -17.70398 274.30914 -179.61612 -38.10614 NaN NaN NaN -2.67954 -157.67506 29.36005 -104.19021 -211.17723 -32.67598
38832 0.56106 NaN NaN NaN 171.67352 -108.03669 -18.05566 274.16171 -179.55341 -37.80095 NaN NaN NaN -2.74954 -157.74611 29.33852 -104.35203 -211.23471 -32.57631
38833 0.56940 NaN NaN NaN 171.45847 -107.88088 -18.38006 274.04425 -179.45993 -37.50846 NaN NaN NaN -2.82049 -157.82457 29.32804 -104.49999 -211.26514 -32.48692
38834 0.57773 NaN NaN NaN 171.25752 -107.66769 -18.66881 273.85626 -179.36789 -37.14775 NaN NaN NaN -2.88877 -157.91878 29.30499 -104.63662 -211.30151 -32.41444
38835 0.58606 NaN NaN NaN 171.08211 -107.43011 -19.05535 273.67242 -179.27275 -36.79569 NaN NaN NaN -2.92549 -158.02051 29.24725 -104.78906 -211.31317 -32.37780
38836 0.59439 NaN NaN NaN 170.80579 -107.26175 -19.48221 273.49670 -179.20346 -36.43304 NaN NaN NaN -2.95933 -158.13408 29.18214 -104.97149 -211.37907 -32.24167
38837 0.60272 NaN NaN NaN 170.52892 -107.05273 -19.90375 273.30560 -179.08368 -36.01446 NaN NaN NaN -3.02723 -158.21146 29.08865 -105.14622 -211.46309 -32.10283
38838 0.61105 NaN NaN NaN 170.26590 -106.81664 -20.37945 273.08633 -178.97293 -35.70514 NaN NaN NaN -3.08523 -158.28769 28.97669 -105.33233 -211.52922 -31.99413
38839 0.61938 NaN NaN NaN 169.98946 -106.60330 -20.83790 272.87479 -178.81340 -35.31478 NaN NaN NaN -3.13905 -158.33281 28.89313 -105.54411 -211.59987 -31.84772
38840 0.62771 NaN NaN NaN 169.73953 -106.34235 -21.36989 272.65878 -178.67572 -34.96195 NaN NaN NaN -3.14429 -158.44788 28.73960 -105.76486 -211.70270 -31.65134
38841 0.63605 NaN NaN NaN 169.48946 -106.16249 -21.83445 272.44388 -178.55672 -34.63304 NaN NaN NaN -3.14252 -158.47487 28.58678 -105.94429 -211.76805 -31.38217
38842 0.64438 NaN NaN NaN 169.19345 -105.97264 -22.34127 272.23029 -178.43344 -34.22842 NaN NaN NaN -3.12777 -158.51767 28.45319 -106.15869 -211.86060 -31.14345
38843 0.65271 NaN NaN NaN 168.93825 -105.74653 -22.83165 271.99939 -178.28021 -33.86753 NaN NaN NaN -3.11101 -158.54790 28.35491 -106.35201 -211.92448 -30.96120
38844 0.66104 NaN NaN NaN 168.64711 -105.55513 -23.31026 271.72687 -178.11824 -33.41600 NaN NaN NaN -3.12927 -158.57538 28.16786 -106.52473 -211.96527 -30.71473
38845 0.66937 NaN NaN NaN 168.33661 -105.33523 -23.86171 271.47247 -177.94856 -33.00413 NaN NaN NaN -3.12095 -158.59903 28.01208 -106.72106 -211.97229 -30.54749
38846 0.67770 NaN NaN NaN 168.05844 -105.10944 -24.42277 271.22311 -177.77155 -32.50687 NaN NaN NaN -3.12057 -158.60930 27.89128 -106.88931 -212.01424 -30.29615
38847 0.68603 NaN NaN NaN 167.75386 -104.80665 -25.03663 270.93970 -177.51997 -31.94357 NaN NaN NaN -3.12569 -158.61040 27.78362 -107.10104 -212.06955 -30.06425
38848 0.69436 NaN NaN NaN 167.43527 -104.52511 -25.65156 270.59137 -177.28297 -31.35718 NaN NaN NaN -3.10782 -158.66199 27.68581 -107.31549 -212.10959 -29.80534
38849 0.70270 NaN NaN NaN 167.08391 -104.15725 -26.29539 270.24661 -177.05737 -30.84224 NaN NaN NaN -3.10439 -158.67708 27.55115 -107.48925 -212.11971 -29.54130
38850 0.71103 NaN NaN NaN 166.71846 -103.87134 -26.90033 269.93735 -176.81746 -30.27812 NaN NaN NaN -3.11329 -158.70978 27.45633 -107.71000 -212.14264 -29.27720
38851 0.71936 NaN NaN NaN 166.34644 -103.42016 -27.54715 269.61835 -176.53549 -29.79739 NaN NaN NaN -3.13419 -158.73830 27.38876 -107.89821 -212.12689 -29.03403
38852 0.72769 NaN NaN NaN 165.96591 -103.35809 -28.02700 269.28772 -176.26428 -29.34560 NaN NaN NaN -3.19961 -158.79344 27.32335 -108.09780 -212.15845 -28.91971
38853 0.73602 NaN NaN NaN 165.75816 -102.96233 -28.50838 268.99051 -176.07991 -28.96454 NaN NaN NaN -3.32988 -158.83385 27.21286 -108.31771 -212.17445 -28.87525
38854 0.74435 NaN NaN NaN 165.54994 -102.70396 -28.87930 268.74170 -175.87920 -28.58634 NaN NaN NaN -3.46510 -158.90755 27.15214 -108.52779 -212.20100 -28.81994
38855 0.75268 NaN NaN NaN 165.32579 -102.61446 -29.24779 268.49710 -175.72122 -28.30434 NaN NaN NaN -3.60011 -158.98523 27.13124 -108.68329 -212.18945 -28.86292
38856 0.76102 NaN NaN NaN 165.08105 -102.51966 -29.64623 268.30109 -175.60187 -28.07676 NaN NaN NaN -3.75235 -159.08772 27.13196 -108.88099 -212.20367 -28.94816
38857 0.76935 NaN NaN NaN 164.88962 -102.45287 -29.84262 268.11404 -175.43790 -27.80499 NaN NaN NaN -3.91631 -159.19867 27.13040 -109.03458 -212.19398 -29.03846
38858 0.77768 NaN NaN NaN 164.76346 -102.38801 -29.98690 267.95810 -175.37386 -27.59205 NaN NaN NaN -4.06188 -159.33804 27.11914 -109.16962 -212.26872 -29.18171
38859 0.78601 NaN NaN NaN 164.65862 -102.25031 -30.07501 267.79559 -175.27422 -27.42061 NaN NaN NaN -4.21379 -159.44824 27.11813 -109.30384 -212.33450 -29.35759
38860 0.79434 NaN NaN NaN 164.57835 -102.10199 -30.06775 267.71317 -175.20441 -27.25507 NaN NaN NaN -4.36699 -159.55644 27.11399 -109.36931 -212.36098 -29.50238
38861 0.80267 NaN NaN NaN 164.43994 -101.96288 -30.12904 267.62808 -175.13716 -27.08047 NaN NaN NaN -4.50012 -159.67838 27.11758 -109.47617 -212.41049 -29.68045
38862 0.81100 NaN NaN NaN 164.31599 -101.87899 -30.19621 267.49588 -175.07425 -26.89771 NaN NaN NaN -4.64364 -159.84192 27.14193 -109.54198 -212.46484 -29.88103
38863 0.81933 NaN NaN NaN 164.22879 -101.91427 -30.29161 267.36490 -175.02472 -26.68175 NaN NaN NaN -4.77384 -159.94835 27.14841 -109.56934 -212.52614 -30.16377
38864 0.82767 NaN NaN NaN 164.14235 -101.84033 -30.26796 267.24689 -174.95702 -26.49732 NaN NaN NaN -4.93092 -160.10777 27.20101 -109.57552 -212.62512 -30.50983
38865 0.83600 NaN NaN NaN 164.01178 -101.85385 -30.37434 267.12637 -174.85352 -26.30005 NaN NaN NaN -5.16210 -160.30974 27.29382 -109.55720 -212.67270 -30.92727
38866 0.84433 NaN NaN NaN 163.87411 -101.78017 -30.47429 267.00638 -174.73930 -26.08722 NaN NaN NaN -5.43757 -160.53438 27.45683 -109.51660 -212.73912 -31.42150
38867 0.85266 NaN NaN NaN 163.76807 -101.65087 -30.56562 266.88165 -174.63274 -25.89397 NaN NaN NaN -5.71663 -160.79819 27.68781 -109.49406 -212.79955 -31.93722
38868 0.86099 NaN NaN NaN 163.63985 -101.52202 -30.66263 266.74173 -174.52245 -25.73319 NaN NaN NaN -5.98986 -161.11415 27.90730 -109.50044 -212.86551 -32.50218
38869 0.86932 NaN NaN NaN 163.54001 -101.37461 -30.76174 266.63474 -174.45300 -25.56140 NaN NaN NaN -6.28782 -161.42706 28.05769 -109.48623 -212.95511 -33.15621
38870 0.87765 NaN NaN NaN 163.40897 -101.27220 -30.89686 266.50830 -174.33801 -25.26540 NaN NaN NaN -6.59483 -161.71553 28.20069 -109.47961 -213.01428 -33.71545
38871 0.88598 NaN NaN NaN 163.32088 -101.15401 -30.97798 266.33505 -174.27022 -25.04871 NaN NaN NaN -6.85389 -162.01146 28.35274 -109.48431 -213.09293 -34.14425
38872 0.89432 NaN NaN NaN 163.26500 -101.03810 -31.01998 266.20605 -174.16135 -24.89135 NaN NaN NaN -7.09795 -162.25169 28.44744 -109.48854 -213.09309 -34.58558
38873 0.90265 NaN NaN NaN 163.16945 -100.98147 -31.06384 266.08838 -174.08424 -24.74556 NaN NaN NaN -7.32764 -162.47122 28.53254 -109.49854 -213.14247 -34.99582
38874 0.91098 NaN NaN NaN 163.04739 -100.90781 -31.14744 265.97781 -174.05188 -24.63483 NaN NaN NaN -7.59169 -162.68381 28.66871 -109.50269 -213.17506 -35.44807
38875 0.91931 NaN NaN NaN 162.96861 -100.83400 -31.21194 265.91263 -174.04094 -24.54217 NaN NaN NaN -7.88418 -162.91211 28.81425 -109.43923 -213.12895 -35.90915
38876 0.92764 NaN NaN NaN 162.93668 -100.74914 -31.24727 265.84912 -174.04596 -24.46027 NaN NaN NaN -8.23037 -163.14795 28.99310 -109.40475 -213.10541 -36.50014
38877 0.93597 NaN NaN NaN 162.91571 -100.70097 -31.24523 265.77603 -174.03336 -24.40323 NaN NaN NaN -8.58126 -163.46286 29.21142 -109.39429 -213.15712 -37.05068
38878 0.94430 NaN NaN NaN 162.87903 -100.70273 -31.25377 265.69608 -174.00862 -24.36879 NaN NaN NaN -8.93987 -163.76872 29.42686 -109.35155 -213.19450 -37.64309
38879 0.95263 NaN NaN NaN 162.85497 -100.75103 -31.24765 265.66202 -173.98341 -24.35285 NaN NaN NaN -9.29155 -164.08598 29.66331 -109.30373 -213.19624 -38.22262
38880 0.96097 NaN NaN NaN 162.82199 -100.81897 -31.21791 265.63269 -173.96422 -24.33633 NaN NaN NaN -9.63742 -164.36819 29.86085 -109.27003 -213.20999 -38.71901
38881 0.96930 NaN NaN NaN 162.81705 -100.83582 -31.19614 265.65408 -173.95987 -24.30299 NaN NaN NaN -9.96235 -164.63335 30.06376 -109.22154 -213.21797 -39.23949
38882 0.97763 NaN NaN NaN 162.80641 -100.85924 -31.16862 265.64374 -173.96509 -24.27384 NaN NaN NaN -10.25574 -164.84094 30.26641 -109.16853 -213.25415 -39.67357
38883 0.98596 NaN NaN NaN 162.79570 -100.83839 -31.12058 265.64230 -174.01717 -24.21293 NaN NaN NaN -10.53258 -164.99992 30.38656 -109.11555 -213.25987 -40.04892
38884 0.99429 NaN NaN NaN 162.80147 -100.79729 -31.07323 265.63663 -174.04002 -24.21608 NaN NaN NaN -10.77965 -165.14587 30.57347 -109.09438 -213.33591 -40.42548
38885 1.00262 NaN NaN NaN 162.78862 -100.77538 -31.07358 265.63818 -174.06201 -24.16436 NaN NaN NaN -10.95465 -165.32248 30.71904 -109.00489 -213.34998 -40.72238
38886 1.01095 NaN NaN NaN 162.80461 -100.74204 -31.07660 265.64209 -174.06302 -24.14099 NaN NaN NaN -11.13321 -165.51852 30.92314 -108.93829 -213.36714 -40.96929
38887 1.01929 NaN NaN NaN 162.81049 -100.75208 -31.07810 265.65555 -174.05534 -24.11481 NaN NaN NaN -11.32576 -165.70918 31.05104 -108.87305 -213.36682 -41.18955
38888 1.02762 NaN NaN NaN 162.82965 -100.75396 -31.05087 265.66339 -174.04514 -24.13359 NaN NaN NaN -11.47155 -165.83609 31.16111 -108.87824 -213.38875 -41.46066
38889 1.03595 NaN NaN NaN 162.87343 -100.75530 -30.99780 265.68512 -174.05399 -24.13825 NaN NaN NaN -11.59916 -165.92369 31.26890 -108.83772 -213.39410 -41.64405
38890 1.04428 NaN NaN NaN 162.90872 -100.74561 -30.97797 265.70203 -174.05533 -24.15235 NaN NaN NaN -11.74488 -165.97096 31.42270 -108.75036 -213.39081 -41.80272
38891 1.05261 NaN NaN NaN 162.89900 -100.74738 -30.96790 265.71408 -174.06973 -24.15151 NaN NaN NaN -11.87139 -166.05054 31.58577 -108.66518 -213.38477 -41.97365
38892 1.06094 NaN NaN NaN 162.91530 -100.75240 -30.97552 265.74884 -174.07764 -24.17347 NaN NaN NaN -12.03893 -166.14662 31.71254 -108.61135 -213.42415 -42.20990
38893 1.06927 NaN NaN NaN 162.95419 -100.75225 -30.97620 265.78668 -174.09540 -24.21617 NaN NaN NaN -12.23849 -166.30241 31.88488 -108.51601 -213.40846 -42.47355
38894 1.07760 NaN NaN NaN 162.98538 -100.74996 -30.92157 265.81308 -174.12488 -24.21254 NaN NaN NaN -12.40979 -166.44128 32.04802 -108.42003 -213.36928 -42.76789
38895 1.08594 NaN NaN NaN 163.00296 -100.76790 -30.87369 265.85965 -174.15074 -24.21960 NaN NaN NaN -12.53217 -166.52242 32.18266 -108.34892 -213.36676 -42.99473
38896 1.09427 NaN NaN NaN 163.04575 -100.81998 -30.81264 265.89337 -174.17731 -24.20266 NaN NaN NaN -12.64941 -166.61989 32.28810 -108.27996 -213.38092 -43.16471
38897 1.10260 NaN NaN NaN 163.08273 -100.84595 -30.77609 265.92490 -174.18362 -24.20664 NaN NaN NaN -12.73494 -166.69733 32.34954 -108.22546 -213.37917 -43.27702
38898 1.11093 NaN NaN NaN 163.08263 -100.87372 -30.75451 265.91541 -174.17255 -24.17256 NaN NaN NaN -12.80096 -166.69843 32.41272 -108.19527 -213.37799 -43.38350
38899 1.11926 NaN NaN NaN 163.08693 -100.87334 -30.76356 265.92667 -174.15387 -24.13976 NaN NaN NaN -12.83872 -166.72130 32.44811 -108.13730 -213.36157 -43.44324
38900 1.12759 NaN NaN NaN 163.08774 -100.86140 -30.76846 265.91913 -174.12120 -24.10270 NaN NaN NaN -12.86444 -166.71199 32.46546 -108.11037 -213.36057 -43.46709
38901 1.13592 NaN NaN NaN 163.08714 -100.82902 -30.78552 265.92368 -174.10120 -24.09579 NaN NaN NaN -12.87538 -166.71811 32.50595 -108.07064 -213.34795 -43.48657
38902 1.14425 NaN NaN NaN 163.07045 -100.77586 -30.81106 265.91077 -174.10297 -24.09297 NaN NaN NaN -12.87186 -166.72807 32.51555 -108.03631 -213.35448 -43.49999
38903 1.15259 NaN NaN NaN 163.03104 -100.72773 -30.86060 265.89325 -174.08165 -24.10834 NaN NaN NaN -12.87185 -166.74110 32.53483 -108.02227 -213.32169 -43.58211
38904 1.16092 NaN NaN NaN 163.02271 -100.69080 -30.86676 265.85886 -174.02077 -24.08734 NaN NaN NaN -12.90091 -166.77541 32.54472 -107.99950 -213.31528 -43.67054
38905 1.16925 NaN NaN NaN 163.00781 -100.64756 -30.92269 265.82413 -173.98555 -24.08848 NaN NaN NaN -12.94729 -166.81277 32.55044 -107.96465 -213.30608 -43.76334
38906 1.17758 NaN NaN NaN 162.99474 -100.60152 -30.95884 265.80569 -173.95776 -24.03021 NaN NaN NaN -12.98937 -166.86176 32.58727 -107.90984 -213.31535 -43.88335
38907 1.18591 NaN NaN NaN 162.98061 -100.57836 -30.98656 265.76126 -173.93581 -24.00817 NaN NaN NaN -13.02697 -166.89383 32.58588 -107.88074 -213.32260 -43.96217
38908 1.19424 NaN NaN NaN 162.95311 -100.53448 -31.00805 265.71454 -173.89352 -23.95938 NaN NaN NaN -13.05122 -166.91635 32.59483 -107.82918 -213.31905 -44.06021
38909 1.20257 NaN NaN NaN 162.90491 -100.50298 -31.03375 265.68304 -173.86427 -23.91221 NaN NaN NaN -13.09337 -166.93611 32.61070 -107.79889 -213.28850 -44.18189
38910 1.21091 NaN NaN NaN 162.87701 -100.47583 -31.05161 265.65213 -173.82228 -23.86904 NaN NaN NaN -13.14089 -166.96169 32.64368 -107.75249 -213.24734 -44.35093
38911 1.21924 NaN NaN NaN 162.85924 -100.45304 -31.05890 265.62140 -173.79073 -23.84386 NaN NaN NaN -13.20858 -166.97560 32.69372 -107.72282 -213.20702 -44.52916
38912 1.22757 NaN NaN NaN 162.85341 -100.42936 -31.07396 265.55933 -173.71756 -23.79794 NaN NaN NaN -13.25291 -166.96498 32.76262 -107.69035 -213.16632 -44.59923
38913 1.23590 NaN NaN NaN 162.83183 -100.38822 -31.10137 265.52972 -173.65260 -23.77263 NaN NaN NaN -13.31410 -166.95923 32.82023 -107.64729 -213.15781 -44.60054
38914 1.24423 NaN NaN NaN 162.81557 -100.36228 -31.13079 265.51105 -173.61594 -23.77669 NaN NaN NaN -13.38921 -166.92613 32.90844 -107.61074 -213.10254 -44.63590
38915 1.25256 NaN NaN NaN 162.73885 -100.35281 -31.18863 265.47931 -173.59596 -23.76308 NaN NaN NaN -13.47107 -166.91800 33.03757 -107.57545 -213.09077 -44.67022
38916 1.26089 NaN NaN NaN 162.69930 -100.31902 -31.22898 265.44003 -173.56422 -23.72870 NaN NaN NaN -13.53073 -166.94115 33.14296 -107.54286 -213.02914 -44.74827
38917 1.26922 NaN NaN NaN 162.66516 -100.27952 -31.25809 265.40436 -173.55688 -23.65808 NaN NaN NaN -13.62162 -166.99026 33.24873 -107.51758 -212.98575 -44.82928
38918 1.27756 NaN NaN NaN 162.62875 -100.23183 -31.33389 265.34634 -173.52341 -23.61850 NaN NaN NaN -13.72333 -167.02921 33.35223 -107.50807 -212.95085 -44.87781
38919 1.28589 NaN NaN NaN 162.58569 -100.18897 -31.42861 265.29584 -173.44331 -23.56569 NaN NaN NaN -13.83696 -167.04953 33.41137 -107.50018 -212.91620 -44.93996
38920 1.29422 NaN NaN NaN 162.55554 -100.15060 -31.52439 265.25864 -173.36430 -23.52267 NaN NaN NaN -13.91212 -167.06125 33.46011 -107.44842 -212.90292 -45.00091
38921 1.30255 NaN NaN NaN 162.49359 -100.12319 -31.58680 265.21036 -173.32329 -23.44147 NaN NaN NaN -13.96838 -167.05428 33.49593 -107.38742 -212.90216 -45.10151
38922 1.31088 NaN NaN NaN 162.42865 -100.09444 -31.64575 265.15292 -173.28276 -23.37185 NaN NaN NaN -13.99510 -167.06001 33.56877 -107.33294 -212.86749 -45.19532
38923 1.31921 NaN NaN NaN 162.36685 -100.04236 -31.77724 265.08203 -173.21544 -23.28427 NaN NaN NaN -14.05351 -167.09090 33.63457 -107.27934 -212.83073 -45.28975
38924 1.32754 NaN NaN NaN 162.30446 -100.00254 -31.89663 265.02380 -173.11392 -23.21150 NaN NaN NaN -14.12426 -167.12088 33.67666 -107.23070 -212.78186 -45.43385
38925 1.33587 NaN NaN NaN 162.23898 -99.91795 -31.97897 264.99133 -173.07198 -23.13317 NaN NaN NaN -14.15903 -167.17638 33.70883 -107.18986 -212.77565 -45.53164
38926 1.34421 NaN NaN NaN 162.21828 -99.81048 -32.02997 264.93460 -172.99800 -23.04153 NaN NaN NaN -14.16095 -167.18771 33.71703 -107.13700 -212.77271 -45.58355
38927 1.35254 NaN NaN NaN 162.17844 -99.74890 -32.09673 264.87842 -172.93631 -22.96089 NaN NaN NaN -14.14072 -167.19331 33.74409 -107.05790 -212.76234 -45.67554
38928 1.36087 NaN NaN NaN 162.13651 -99.67328 -32.18400 264.81143 -172.88077 -22.90071 NaN NaN NaN -14.14379 -167.22884 33.75578 -106.98206 -212.73790 -45.75229
38929 1.36920 NaN NaN NaN 162.08510 -99.61946 -32.29061 264.77039 -172.84448 -22.86626 NaN NaN NaN -14.13576 -167.25603 33.74895 -106.95303 -212.72934 -45.78312
38930 1.37753 NaN NaN NaN 162.06097 -99.58871 -32.37936 264.71228 -172.80502 -22.84562 NaN NaN NaN -14.14850 -167.28865 33.75229 -106.90892 -212.70618 -45.89457
38931 1.38586 NaN NaN NaN 162.00743 -99.59377 -32.42965 264.67960 -172.75885 -22.84588 NaN NaN NaN -14.17429 -167.35019 33.78159 -106.86841 -212.72041 -46.04409
38932 1.39419 NaN NaN NaN 161.98151 -99.60920 -32.44908 264.65039 -172.74844 -22.85795 NaN NaN NaN -14.26099 -167.39217 33.81980 -106.83083 -212.72858 -46.16875
38933 1.40253 NaN NaN NaN 161.97031 -99.61023 -32.47512 264.65326 -172.74452 -22.89179 NaN NaN NaN -14.32284 -167.44836 33.87317 -106.75848 -212.69395 -46.27223
38934 1.41086 NaN NaN NaN 161.96588 -99.63462 -32.47944 264.63226 -172.71223 -22.90515 NaN NaN NaN -14.40618 -167.47800 33.94632 -106.69057 -212.60696 -46.44844
38935 1.41919 NaN NaN NaN 161.95033 -99.65083 -32.48648 264.61816 -172.67833 -22.92117 NaN NaN NaN -14.50944 -167.53087 34.00052 -106.63634 -212.53871 -46.64570
38936 1.42752 NaN NaN NaN 161.95114 -99.60271 -32.51130 264.61743 -172.64693 -22.90217 NaN NaN NaN -14.67244 -167.61058 34.09802 -106.60613 -212.53963 -46.80717
38937 1.43585 NaN NaN NaN 161.92859 -99.57633 -32.50563 264.60056 -172.59937 -22.87219 NaN NaN NaN -14.83298 -167.69498 34.18388 -106.54625 -212.54826 -47.01046
38938 1.44418 NaN NaN NaN 161.90984 -99.55096 -32.51540 264.58878 -172.57874 -22.83427 NaN NaN NaN -14.96762 -167.77783 34.28420 -106.47796 -212.51999 -47.21775
38939 1.45251 NaN NaN NaN 161.89629 -99.49333 -32.52790 264.56320 -172.56012 -22.83526 NaN NaN NaN -15.06299 -167.85657 34.33436 -106.45249 -212.45673 -47.39765
38940 1.46084 NaN NaN NaN 161.89453 -99.46392 -32.53049 264.55582 -172.52309 -22.81914 NaN NaN NaN -15.17416 -167.91867 34.40223 -106.40862 -212.43335 -47.57910
38941 1.46918 NaN NaN NaN 161.89145 -99.44670 -32.53812 264.56122 -172.49509 -22.81009 NaN NaN NaN -15.31986 -167.97333 34.48150 -106.34229 -212.40891 -47.77103
38942 1.47751 NaN NaN NaN 161.91147 -99.42814 -32.54122 264.56482 -172.46539 -22.80314 NaN NaN NaN -15.42311 -168.03514 34.55360 -106.30421 -212.38408 -47.90632
38943 1.48584 NaN NaN NaN 161.91931 -99.41268 -32.54657 264.58084 -172.45265 -22.82639 NaN NaN NaN -15.54877 -168.08919 34.61562 -106.25856 -212.37302 -48.05186
38944 1.49417 NaN NaN NaN 161.92918 -99.40638 -32.54686 264.61087 -172.45030 -22.84651 NaN NaN NaN -15.69496 -168.16098 34.67791 -106.20291 -212.36472 -48.22009
38945 1.50250 NaN NaN NaN 161.93469 -99.43320 -32.53709 264.63248 -172.46715 -22.88053 NaN NaN NaN -15.82393 -168.22090 34.76925 -106.14106 -212.34029 -48.40146
38946 1.51083 NaN NaN NaN 161.95395 -99.43327 -32.53625 264.63168 -172.47064 -22.87346 NaN NaN NaN -15.94683 -168.30229 34.83669 -106.04160 -212.29425 -48.57877
38947 1.51916 NaN NaN NaN 161.93689 -99.48244 -32.54390 264.63339 -172.49283 -22.85886 NaN NaN NaN -16.08029 -168.40126 34.92064 -105.95240 -212.29219 -48.76452
38948 1.52749 NaN NaN NaN 161.96002 -99.51299 -32.53042 264.67471 -172.51257 -22.86896 NaN NaN NaN -16.20627 -168.51767 35.01997 -105.89300 -212.34016 -48.96102
38949 1.53583 NaN NaN NaN 161.98804 -99.52693 -32.51091 264.69476 -172.51711 -22.88356 NaN NaN NaN -16.35674 -168.61978 35.10587 -105.85603 -212.38063 -49.11678
38950 1.54416 NaN NaN NaN 162.01337 -99.52760 -32.51967 264.68729 -172.53848 -22.87606 NaN NaN NaN -16.49076 -168.71329 35.15565 -105.80727 -212.36105 -49.32458
38951 1.55249 NaN NaN NaN 162.02792 -99.50185 -32.50434 264.66510 -172.56509 -22.86446 NaN NaN NaN -16.67392 -168.83337 35.24519 -105.73598 -212.38403 -49.50635
38952 1.56082 NaN NaN NaN 162.03568 -99.49384 -32.50506 264.66693 -172.57912 -22.84401 NaN NaN NaN -16.87353 -168.92162 35.36291 -105.66850 -212.41922 -49.71757
38953 1.56915 NaN NaN NaN 162.02632 -99.46236 -32.49427 264.64450 -172.61064 -22.84434 NaN NaN NaN -17.12290 -169.02377 35.46722 -105.58720 -212.45711 -49.94863
38954 1.57748 NaN NaN NaN 162.01678 -99.50156 -32.47091 264.63263 -172.65495 -22.85097 NaN NaN NaN -17.35641 -169.21292 35.61266 -105.47312 -212.40282 -50.32033
38955 1.58581 NaN NaN NaN 162.00421 -99.52152 -32.44156 264.61554 -172.65762 -22.84290 NaN NaN NaN -17.55643 -169.38797 35.72938 -105.40261 -212.40567 -50.59557
38956 1.59414 NaN NaN NaN 162.01443 -99.54408 -32.43182 264.60077 -172.67743 -22.82938 NaN NaN NaN -17.79065 -169.59341 35.87156 -105.31620 -212.43881 -50.84999
38957 1.60248 NaN NaN NaN 161.99715 -99.54719 -32.40226 264.57806 -172.70993 -22.82399 NaN NaN NaN -18.02125 -169.78203 36.03289 -105.22525 -212.45996 -51.08205
38958 1.61081 NaN NaN NaN 161.96860 -99.59524 -32.41141 264.56339 -172.75806 -22.82670 NaN NaN NaN -18.25464 -169.93440 36.16580 -105.13881 -212.51093 -51.35371
38959 1.61914 NaN NaN NaN 161.90387 -99.62557 -32.45052 264.52695 -172.75139 -22.81604 NaN NaN NaN -18.47828 -170.06177 36.30312 -105.04147 -212.55783 -51.59715
38960 1.62747 NaN NaN NaN 161.85286 -99.66683 -32.47632 264.50885 -172.77531 -22.81425 NaN NaN NaN -18.69644 -170.21567 36.41219 -104.97261 -212.56062 -51.80669
38961 1.63580 NaN NaN NaN 161.84157 -99.65028 -32.49413 264.46671 -172.75554 -22.81697 NaN NaN NaN -18.85088 -170.34079 36.50465 -104.90455 -212.52904 -51.98951
38962 1.64413 NaN NaN NaN 161.82277 -99.68264 -32.49136 264.44272 -172.75943 -22.80774 NaN NaN NaN -19.01679 -170.41486 36.61606 -104.83362 -212.53110 -52.13950
38963 1.65246 NaN NaN NaN 161.82066 -99.70349 -32.48742 264.42950 -172.75830 -22.81122 NaN NaN NaN -19.15861 -170.51956 36.70044 -104.77517 -212.52286 -52.27180
38964 1.66080 NaN NaN NaN 161.79276 -99.73433 -32.48925 264.43250 -172.80446 -22.81159 NaN NaN NaN -19.27581 -170.63402 36.76292 -104.72305 -212.47664 -52.43209
38965 1.66913 NaN NaN NaN 161.77318 -99.77919 -32.48158 264.39355 -172.80806 -22.78952 NaN NaN NaN -19.37537 -170.68958 36.79053 -104.66956 -212.49457 -52.58824
38966 1.67746 NaN NaN NaN 161.74702 -99.80646 -32.48286 264.38562 -172.84457 -22.79734 NaN NaN NaN -19.49409 -170.75862 36.81366 -104.61564 -212.52367 -52.73063
38967 1.68579 NaN NaN NaN 161.72330 -99.78925 -32.50565 264.37061 -172.82816 -22.78128 NaN NaN NaN -19.64359 -170.84064 36.86749 -104.55334 -212.52815 -52.85739
38968 1.69412 NaN NaN NaN 161.71584 -99.76383 -32.51963 264.35513 -172.80103 -22.77292 NaN NaN NaN -19.73304 -170.90399 36.93646 -104.49680 -212.51115 -53.06003
38969 1.70245 NaN NaN NaN 161.70871 -99.71562 -32.55652 264.34747 -172.77368 -22.76900 NaN NaN NaN -19.80976 -170.95944 36.98947 -104.46177 -212.47722 -53.22063
38970 1.71078 NaN NaN NaN 161.70120 -99.70895 -32.58099 264.33240 -172.75710 -22.73506 NaN NaN NaN -19.88983 -171.02016 37.06233 -104.42621 -212.44518 -53.33952
38971 1.71911 NaN NaN NaN 161.67432 -99.69027 -32.63600 264.31146 -172.72723 -22.72466 NaN NaN NaN -19.99222 -171.03415 37.11486 -104.39167 -212.43478 -53.40682
38972 1.72745 NaN NaN NaN 161.65497 -99.67989 -32.67400 264.29794 -172.69106 -22.72150 NaN NaN NaN -20.07950 -171.05429 37.17594 -104.35181 -212.38292 -53.49092
38973 1.73578 NaN NaN NaN 161.64423 -99.67630 -32.71704 264.30392 -172.66660 -22.73169 NaN NaN NaN -20.17460 -171.09224 37.20392 -104.30172 -212.34531 -53.58219
38974 1.74411 NaN NaN NaN 161.61288 -99.63912 -32.73781 264.28937 -172.63567 -22.72937 NaN NaN NaN -20.28672 -171.12206 37.23890 -104.25776 -212.31291 -53.66765
38975 1.75244 NaN NaN NaN 161.63286 -99.57182 -32.78424 264.29099 -172.59979 -22.72851 NaN NaN NaN -20.36688 -171.17656 37.28955 -104.22014 -212.30597 -53.79623
38976 1.76077 NaN NaN NaN 161.63419 -99.52562 -32.77116 264.28290 -172.55293 -22.73217 NaN NaN NaN -20.45177 -171.21474 37.34545 -104.17352 -212.25601 -53.88042
38977 1.76910 NaN NaN NaN 161.64749 -99.48071 -32.76610 264.29095 -172.51529 -22.73937 NaN NaN NaN -20.51407 -171.25204 37.40881 -104.12117 -212.18575 -53.97364
38978 1.77743 NaN NaN NaN 161.63474 -99.44770 -32.74196 264.28210 -172.48711 -22.74760 NaN NaN NaN -20.59900 -171.25874 37.47541 -104.06834 -212.13663 -54.05713
38979 1.78576 NaN NaN NaN 161.62334 -99.42236 -32.72949 264.32169 -172.47296 -22.75109 NaN NaN NaN -20.70595 -171.25998 37.52640 -103.99805 -212.09468 -54.20105
38980 1.79410 NaN NaN NaN 161.64160 -99.39428 -32.71883 264.32071 -172.46054 -22.75406 NaN NaN NaN -20.82546 -171.28046 37.60078 -103.91323 -212.02393 -54.33125
38981 1.80243 NaN NaN NaN 161.65851 -99.37769 -32.69447 264.33148 -172.44594 -22.76018 NaN NaN NaN -20.94454 -171.28098 37.67190 -103.87856 -211.98311 -54.41629
38982 1.81076 NaN NaN NaN 161.68797 -99.32852 -32.63874 264.33716 -172.41263 -22.76398 NaN NaN NaN -21.03736 -171.27666 37.77676 -103.79999 -211.92674 -54.51739
38983 1.81909 NaN NaN NaN 161.68762 -99.26164 -32.63803 264.36011 -172.38057 -22.76749 NaN NaN NaN -21.13605 -171.28807 37.86586 -103.74266 -211.90305 -54.60904
38984 1.82742 NaN NaN NaN 161.69347 -99.21099 -32.62954 264.35629 -172.33759 -22.76663 NaN NaN NaN -21.22101 -171.29709 37.95982 -103.67912 -211.83305 -54.67399
38985 1.83575 NaN NaN NaN 161.72762 -99.16503 -32.62119 264.38461 -172.28864 -22.78732 NaN NaN NaN -21.33333 -171.30220 38.03516 -103.65037 -211.78236 -54.76672
38986 1.84408 NaN NaN NaN 161.75261 -99.14722 -32.60454 264.38882 -172.24960 -22.80963 NaN NaN NaN -21.45128 -171.30812 38.08616 -103.62473 -211.72684 -54.85205
38987 1.85242 NaN NaN NaN 161.77997 -99.11117 -32.59169 264.42090 -172.21362 -22.84060 NaN NaN NaN -21.56466 -171.32643 38.14633 -103.61210 -211.68633 -54.96278
38988 1.86075 NaN NaN NaN 161.80811 -99.09373 -32.59134 264.42868 -172.17613 -22.86463 NaN NaN NaN -21.69580 -171.36172 38.20484 -103.57889 -211.64813 -55.06412
38989 1.86908 NaN NaN NaN 161.83972 -99.06457 -32.58905 264.44702 -172.16196 -22.87975 NaN NaN NaN -21.84504 -171.38205 38.25325 -103.52274 -211.56895 -55.20159
38990 1.87741 NaN NaN NaN 161.84378 -99.04385 -32.58709 264.43408 -172.14722 -22.88986 NaN NaN NaN -21.96183 -171.45087 38.29004 -103.46712 -211.52338 -55.33051
38991 1.88574 NaN NaN NaN 161.85300 -98.98937 -32.59479 264.44812 -172.12886 -22.90169 NaN NaN NaN -22.01922 -171.47198 38.31122 -103.45666 -211.51660 -55.44434
38992 1.89407 NaN NaN NaN 161.87144 -98.95240 -32.61625 264.44583 -172.11731 -22.90640 NaN NaN NaN -22.08084 -171.49545 38.35228 -103.40410 -211.50392 -55.52549
38993 1.90240 NaN NaN NaN 161.87318 -98.92516 -32.59610 264.44568 -172.12457 -22.91504 NaN NaN NaN -22.15276 -171.55833 38.39717 -103.34423 -211.50233 -55.58732
38994 1.91073 NaN NaN NaN 161.85112 -98.93089 -32.56442 264.44342 -172.14520 -22.91555 NaN NaN NaN -22.23421 -171.61919 38.43264 -103.28690 -211.50024 -55.65434
38995 1.91907 NaN NaN NaN 161.85623 -98.96927 -32.58064 264.43588 -172.16470 -22.90430 NaN NaN NaN -22.30442 -171.67677 38.46724 -103.26836 -211.53368 -55.71021
38996 1.92740 NaN NaN NaN 161.85126 -99.00333 -32.58045 264.41907 -172.20197 -22.89087 NaN NaN NaN -22.38185 -171.75688 38.51577 -103.21672 -211.55426 -55.82406
38997 1.93573 NaN NaN NaN 161.82571 -99.04868 -32.57458 264.42633 -172.22363 -22.85759 NaN NaN NaN -22.44286 -171.83055 38.55410 -103.17798 -211.58382 -55.88807
38998 1.94406 NaN NaN NaN 161.80565 -99.07813 -32.58970 264.38763 -172.23106 -22.83703 NaN NaN NaN -22.49984 -171.91483 38.60686 -103.13486 -211.59871 -55.97726
38999 1.95239 NaN NaN NaN 161.76433 -99.08333 -32.58237 264.38190 -172.23907 -22.84171 NaN NaN NaN -22.59266 -172.00821 38.68843 -103.07546 -211.59534 -56.06241
39000 1.96072 NaN NaN NaN 161.77669 -99.09218 -32.57840 264.35812 -172.25554 -22.80976 NaN NaN NaN -22.68650 -172.09953 38.74320 -103.00759 -211.55800 -56.17458
39001 1.96905 NaN NaN NaN 161.79320 -99.07730 -32.52900 264.37845 -172.28400 -22.81397 NaN NaN NaN -22.78936 -172.18906 38.79605 -102.97084 -211.51895 -56.27509
39002 1.97738 NaN NaN NaN 161.77681 -99.16006 -32.51845 264.38937 -172.33313 -22.81026 NaN NaN NaN -22.88778 -172.25716 38.84511 -102.91783 -211.54961 -56.38246
39003 1.98572 NaN NaN NaN 161.77144 -99.21311 -32.51857 264.39862 -172.38406 -22.82144 NaN NaN NaN -23.01781 -172.34045 38.92960 -102.84805 -211.53490 -56.53146
39004 1.99405 NaN NaN NaN 161.78642 -99.24817 -32.48048 264.38495 -172.40642 -22.82682 NaN NaN NaN -23.16517 -172.41936 38.99683 -102.76967 -211.52213 -56.67469
39005 2.00238 NaN NaN NaN 161.78474 -99.31355 -32.46869 264.39450 -172.43015 -22.83449 NaN NaN NaN -23.29629 -172.49043 39.05774 -102.70475 -211.49510 -56.81036
39006 2.01071 NaN NaN NaN 161.76857 -99.38303 -32.48725 264.39307 -172.44374 -22.83866 NaN NaN NaN -23.40620 -172.52519 39.09960 -102.65975 -211.44981 -56.93135
39007 2.01904 NaN NaN NaN 161.76814 -99.38503 -32.46631 264.41864 -172.47701 -22.85246 NaN NaN NaN -23.49536 -172.62994 39.12883 -102.62904 -211.43552 -57.06693
39008 2.02737 NaN NaN NaN 161.76752 -99.40742 -32.47848 264.43021 -172.51694 -22.85790 NaN NaN NaN -23.60507 -172.73613 39.14682 -102.59431 -211.45329 -57.20037
39009 2.03570 NaN NaN NaN 161.76120 -99.41266 -32.47050 264.42554 -172.52771 -22.85906 NaN NaN NaN -23.71975 -172.80025 39.18453 -102.54341 -211.43887 -57.33596
39010 2.04404 NaN NaN NaN 161.75172 -99.43330 -32.46238 264.41736 -172.53175 -22.84985 NaN NaN NaN -23.84503 -172.90378 39.22250 -102.50681 -211.42105 -57.46727
39011 2.05237 NaN NaN NaN 161.74094 -99.42351 -32.45903 264.42752 -172.52570 -22.85210 NaN NaN NaN -23.97765 -172.99002 39.24256 -102.47852 -211.42531 -57.64385
39012 2.06070 NaN NaN NaN 161.72420 -99.43581 -32.46789 264.41760 -172.52995 -22.85302 NaN NaN NaN -24.07311 -173.08141 39.24825 -102.47511 -211.37431 -57.75703
39013 2.06903 NaN NaN NaN 161.70740 -99.42962 -32.45584 264.42844 -172.52324 -22.85645 NaN NaN NaN -24.14147 -173.14601 39.23388 -102.44334 -211.31372 -57.91932
39014 2.07736 NaN NaN NaN 161.70164 -99.42825 -32.45563 264.42084 -172.49414 -22.85790 NaN NaN NaN -24.20598 -173.21460 39.23347 -102.39540 -211.26141 -58.07198
39015 2.08569 NaN NaN NaN 161.70850 -99.38361 -32.43040 264.41455 -172.47498 -22.86950 NaN NaN NaN -24.25518 -173.26921 39.23407 -102.37206 -211.19775 -58.19909
39016 2.09402 NaN NaN NaN 161.72629 -99.36435 -32.44135 264.40912 -172.44937 -22.87318 NaN NaN NaN -24.31234 -173.30751 39.23937 -102.32151 -211.16638 -58.29928
39017 2.10235 NaN NaN NaN 161.73505 -99.32075 -32.43229 264.41690 -172.45151 -22.88224 NaN NaN NaN -24.39158 -173.35149 39.24271 -102.26569 -211.14621 -58.37313
39018 2.11069 NaN NaN NaN 161.75264 -99.29497 -32.40338 264.42352 -172.43953 -22.91800 NaN NaN NaN -24.43766 -173.38193 39.25760 -102.23359 -211.14636 -58.46272
39019 2.11902 NaN NaN NaN 161.75476 -99.27179 -32.38920 264.45926 -172.42421 -22.96036 NaN NaN NaN -24.48994 -173.42450 39.28182 -102.18559 -211.14281 -58.55610
39020 2.12735 NaN NaN NaN 161.78618 -99.23396 -32.36688 264.50977 -172.41714 -23.02373 NaN NaN NaN -24.54069 -173.44519 39.30484 -102.14571 -211.14510 -58.63668
39021 2.13568 NaN NaN NaN 161.82387 -99.20935 -32.33426 264.53049 -172.37779 -23.03275 NaN NaN NaN -24.64575 -173.51984 39.33534 -102.06615 -211.07401 -58.75185
39022 2.14401 NaN NaN NaN 161.84956 -99.20694 -32.30494 264.55151 -172.36774 -23.06799 NaN NaN NaN -24.78227 -173.56230 39.36634 -102.02007 -211.05086 -58.86143
39023 2.15234 NaN NaN NaN 161.88493 -99.23559 -32.29033 264.57242 -172.32420 -23.13912 NaN NaN NaN -24.91500 -173.61171 39.42408 -101.94670 -211.01662 -58.96041
39024 2.16067 NaN NaN NaN 161.90540 -99.23711 -32.26760 264.59232 -172.31017 -23.11146 NaN NaN NaN -25.04460 -173.63750 39.50187 -101.90466 -210.98009 -59.05602
39025 2.16900 NaN NaN NaN 161.91963 -99.23924 -32.22734 264.62073 -172.28120 -23.15221 NaN NaN NaN -25.15619 -173.69307 39.59108 -101.86589 -210.92772 -59.16006
39026 2.17734 NaN NaN NaN 161.94699 -99.16106 -32.21513 264.64996 -172.27386 -23.11011 NaN NaN NaN -25.27363 -173.76132 39.65727 -101.81032 -210.88202 -59.30756
39027 2.18567 NaN NaN NaN 161.94955 -99.13342 -32.21573 264.66159 -172.24129 -23.12184 NaN NaN NaN -25.36046 -173.79836 39.68851 -101.76973 -210.84068 -59.38086
39028 2.19400 NaN NaN NaN 161.97124 -99.04124 -32.22154 264.67194 -172.23457 -23.10952 NaN NaN NaN -25.43724 -173.81252 39.72366 -101.71758 -210.85371 -59.41700
39029 2.20233 NaN NaN NaN 161.97404 -98.97704 -32.23571 264.65649 -172.19173 -23.16717 NaN NaN NaN -25.52399 -173.82700 39.80744 -101.63519 -210.82144 -59.48436
39030 2.21066 NaN NaN NaN 161.98070 -98.94549 -32.23220 264.67188 -172.18033 -23.14133 NaN NaN NaN -25.63012 -173.86426 39.87576 -101.55684 -210.76350 -59.56577
39031 2.21899 NaN NaN NaN 161.98300 -98.93165 -32.22055 264.67102 -172.15250 -23.18975 NaN NaN NaN -25.73242 -173.87971 39.92249 -101.52116 -210.70895 -59.62787
39032 2.22732 NaN NaN NaN 161.99892 -98.91058 -32.19314 264.69717 -172.15854 -23.14134 NaN NaN NaN -25.80733 -173.90611 39.93824 -101.49527 -210.69501 -59.68396
39033 2.23565 NaN NaN NaN 162.02225 -98.93114 -32.12310 264.70221 -172.16023 -23.19905 NaN NaN NaN -25.89737 -173.90257 40.04871 -101.41859 -210.68501 -59.76266
39034 2.24399 NaN NaN NaN 162.03429 -98.95158 -32.08584 264.73621 -172.16922 -23.18672 NaN NaN NaN -26.01006 -173.92564 40.07801 -101.38071 -210.70413 -59.83884
39035 2.25232 NaN NaN NaN 162.03964 -98.98928 -32.04800 264.73486 -172.17220 -23.23753 NaN NaN NaN -26.11777 -174.00414 40.15334 -101.29472 -210.66939 -59.93618
39036 2.26065 NaN NaN NaN 162.06532 -99.00756 -31.99841 264.74951 -172.20090 -23.27730 NaN NaN NaN -26.21430 -174.07310 40.21321 -101.18449 -210.61612 -60.04700
39037 2.26898 NaN NaN NaN 162.07368 -99.01112 -31.89130 264.77042 -172.23557 -23.30541 NaN NaN NaN -26.29112 -174.11951 40.26034 -101.12827 -210.57854 -60.11523
39038 2.27731 NaN NaN NaN 162.09540 -99.02659 -31.84700 264.78552 -172.25784 -23.30697 NaN NaN NaN -26.34604 -174.16225 40.29524 -101.06973 -210.53801 -60.20636
39039 2.28564 NaN NaN NaN 162.09460 -99.02969 -31.79398 264.80286 -172.29921 -23.31221 NaN NaN NaN -26.38626 -174.17722 40.31488 -101.03221 -210.52281 -60.28075
39040 2.29397 NaN NaN NaN 162.10226 -99.07760 -31.76713 264.81006 -172.31557 -23.32878 NaN NaN NaN -26.44725 -174.23499 40.34011 -101.01299 -210.52625 -60.38598
39041 2.30231 NaN NaN NaN 162.11227 -99.09780 -31.73754 264.81454 -172.33582 -23.36049 NaN NaN NaN -26.53126 -174.29724 40.35213 -100.96756 -210.53474 -60.44555
39042 2.31064 NaN NaN NaN 162.10185 -99.12888 -31.75890 264.80893 -172.35507 -23.36705 NaN NaN NaN -26.60933 -174.37686 40.35876 -100.95029 -210.56792 -60.53148
39043 2.31897 NaN NaN NaN 162.10770 -99.14648 -31.75273 264.80325 -172.38211 -23.36542 NaN NaN NaN -26.63710 -174.46043 40.36120 -100.94623 -210.59354 -60.59122
39044 2.32730 NaN NaN NaN 162.10107 -99.19897 -31.76564 264.79141 -172.39868 -23.36394 NaN NaN NaN -26.66068 -174.51094 40.36953 -100.94822 -210.64777 -60.61003
39045 2.33563 NaN NaN NaN 162.07932 -99.19826 -31.80756 264.77557 -172.45541 -23.37020 NaN NaN NaN -26.69748 -174.55331 40.35061 -100.93533 -210.69431 -60.67767
39046 2.34396 NaN NaN NaN 162.06761 -99.22003 -31.83718 264.77097 -172.49022 -23.36572 NaN NaN NaN -26.71866 -174.62427 40.35431 -100.92461 -210.70258 -60.72506
39047 2.35229 NaN NaN NaN 162.07047 -99.26992 -31.85842 264.77219 -172.52429 -23.37260 NaN NaN NaN -26.74864 -174.71309 40.35841 -100.88763 -210.72066 -60.78642
39048 2.36062 NaN NaN NaN 162.07919 -99.33154 -31.84435 264.77640 -172.56230 -23.38527 NaN NaN NaN -26.75738 -174.80475 40.36488 -100.85744 -210.74019 -60.85817
39049 2.36896 NaN NaN NaN 162.06866 -99.41190 -31.84898 264.78320 -172.59726 -23.39606 NaN NaN NaN -26.82435 -174.88811 40.37760 -100.82308 -210.74045 -60.92536
39050 2.37729 NaN NaN NaN 162.08379 -99.46304 -31.90651 264.80844 -172.63998 -23.42055 NaN NaN NaN -26.84433 -174.95427 40.36045 -100.81384 -210.76189 -60.98215
39051 2.38562 NaN NaN NaN 162.14938 -99.47182 -31.88892 264.85107 -172.66504 -23.45890 NaN NaN NaN -26.92509 -175.05594 40.36208 -100.83646 -210.76660 -61.08231
39052 2.39395 NaN NaN NaN 162.19942 -99.46924 -31.80389 264.93158 -172.66933 -23.51458 NaN NaN NaN -27.09984 -175.21579 40.36154 -100.85582 -210.75140 -61.28569
39053 2.40228 NaN NaN NaN 162.22998 -99.44672 -31.70749 265.00131 -172.65469 -23.55863 NaN NaN NaN -27.37214 -175.45149 40.31791 -100.86182 -210.68289 -61.57603
39054 2.41061 NaN NaN NaN 162.25072 -99.46248 -31.64015 265.04599 -172.67006 -23.58386 NaN NaN NaN -27.66312 -175.71448 40.35502 -100.86543 -210.64589 -61.83312
39055 2.41894 NaN NaN NaN 162.29810 -99.45953 -31.55894 265.12143 -172.71284 -23.61485 NaN NaN NaN -28.09341 -175.96985 40.50756 -100.91349 -210.59682 -61.99002
39056 2.42727 NaN NaN NaN 162.37485 -99.58743 -31.40619 265.27704 -172.79248 -23.71851 NaN NaN NaN -28.58765 -176.30092 40.72237 -101.02550 -210.57974 -62.17492
39057 2.43561 NaN NaN NaN 162.49168 -99.75310 -31.22551 265.41800 -172.91168 -23.86305 NaN NaN NaN -29.14697 -176.64984 40.94306 -101.21806 -210.59259 -62.34721
39058 2.44394 NaN NaN NaN 162.56888 -99.93516 -31.09003 265.56714 -172.99866 -23.93420 NaN NaN NaN -29.69526 -176.94716 41.15611 -101.49664 -210.70805 -62.43571
39059 2.45227 NaN NaN NaN 162.63121 -100.10534 -30.94876 265.70450 -173.09697 -23.98247 NaN NaN NaN -30.22569 -177.25769 41.33887 -101.81656 -210.81111 -62.43752
39060 2.46060 NaN NaN NaN 162.68098 -100.28936 -30.77176 265.81168 -173.13860 -24.02621 NaN NaN NaN -30.79015 -177.52235 41.52888 -102.10152 -210.86407 -62.50424
39061 2.46893 NaN NaN NaN 162.73814 -100.40586 -30.70958 265.87866 -173.15906 -24.08431 NaN NaN NaN -31.35839 -177.81146 41.70993 -102.36303 -210.90344 -62.55293
39062 2.47726 NaN NaN NaN 162.74785 -100.43845 -30.70546 265.89661 -173.14171 -24.09275 NaN NaN NaN -31.87607 -178.06000 41.85762 -102.67429 -210.92368 -62.60608
39063 2.48559 NaN NaN NaN 162.76550 -100.37939 -30.79708 265.86981 -173.13562 -24.08925 NaN NaN NaN -32.34243 -178.30637 41.96703 -102.96097 -210.90103 -62.70169
39064 2.49393 NaN NaN NaN 162.70044 -100.27422 -30.93328 265.80508 -173.08139 -24.05268 NaN NaN NaN -32.83001 -178.54173 42.07080 -103.20476 -210.89925 -62.86473
39065 2.50226 NaN NaN NaN 162.63538 -100.11774 -31.08487 265.74960 -173.01048 -23.99935 NaN NaN NaN -33.27898 -178.79134 42.15226 -103.37096 -210.87134 -63.02896
39066 2.51059 NaN NaN NaN 162.58047 -99.94805 -31.20076 265.64450 -172.91435 -23.97520 NaN NaN NaN -33.68637 -179.01541 42.23156 -103.47840 -210.82605 -63.22120
39067 2.51892 NaN NaN NaN 162.52676 -99.83350 -31.26438 265.56036 -172.81207 -23.93631 NaN NaN NaN -34.06367 -179.19127 42.27780 -103.54525 -210.80400 -63.48996
39068 2.52725 NaN NaN NaN 162.48941 -99.78961 -31.32527 265.48431 -172.74210 -23.91641 NaN NaN NaN -34.34620 -179.31573 42.28890 -103.59953 -210.81551 -63.70831
39069 2.53558 NaN NaN NaN 162.38454 -99.73959 -31.38734 265.40546 -172.68068 -23.88470 NaN NaN NaN -34.54305 -179.39172 42.28241 -103.63821 -210.84944 -63.82437
39070 2.54391 NaN NaN NaN 162.34970 -99.68453 -31.40577 265.35565 -172.67090 -23.82356 NaN NaN NaN -34.68964 -179.44972 42.27113 -103.60876 -210.90031 -63.93912
39071 2.55224 NaN NaN NaN 162.29373 -99.62124 -31.43159 265.32208 -172.63080 -23.78484 NaN NaN NaN -34.77626 -179.47765 42.20901 -103.56512 -210.91989 -64.04222
39072 2.56058 NaN NaN NaN 162.30119 -99.57268 -31.41728 265.31012 -172.62233 -23.78067 NaN NaN NaN -34.82642 -179.48482 42.16941 -103.53580 -210.93459 -64.15324
39073 2.56891 NaN NaN NaN 162.31053 -99.49171 -31.41410 265.29831 -172.55811 -23.76471 NaN NaN NaN -34.85592 -179.45973 42.10353 -103.53095 -210.97322 -64.26828
39074 2.57724 NaN NaN NaN 162.31712 -99.42339 -31.42638 265.29059 -172.48051 -23.78699 NaN NaN NaN -34.88600 -179.42558 42.03762 -103.47692 -211.01288 -64.37311
39075 2.58557 NaN NaN NaN 162.28566 -99.42102 -31.43834 265.27173 -172.42805 -23.78174 NaN NaN NaN -34.97643 -179.39236 42.02101 -103.40904 -211.00648 -64.50868
39076 2.59390 NaN NaN NaN 162.26257 -99.44962 -31.44225 265.27188 -172.38985 -23.79103 NaN NaN NaN -35.08295 -179.37129 42.06377 -103.33457 -211.01053 -64.58322
39077 2.60223 NaN NaN NaN 162.25516 -99.39627 -31.44699 265.25247 -172.38232 -23.77537 NaN NaN NaN -35.32767 -179.40532 42.19643 -103.19868 -211.04703 -64.66574
39078 2.61056 NaN NaN NaN 162.25647 -99.33343 -31.45508 265.21973 -172.35057 -23.75127 NaN NaN NaN -35.58415 -179.44485 42.30283 -103.03662 -211.11285 -64.81292
39079 2.61889 NaN NaN NaN 162.22249 -99.31303 -31.51195 265.18088 -172.31102 -23.71790 NaN NaN NaN -35.92670 -179.54306 42.40541 -102.92805 -211.20546 -64.94193
39080 2.62723 NaN NaN NaN 162.17349 -99.28496 -31.56559 265.14801 -172.27580 -23.70819 NaN NaN NaN -36.21053 -179.63516 42.48475 -102.81528 -211.27408 -65.08391
39081 2.63556 NaN NaN NaN 162.13716 -99.24321 -31.61939 265.10898 -172.19843 -23.70027 NaN NaN NaN -36.51887 -179.73215 42.57357 -102.71719 -211.33817 -65.26185
39082 2.64389 NaN NaN NaN 162.09238 -99.21140 -31.67598 265.05649 -172.13525 -23.71649 NaN NaN NaN -36.89610 -179.87074 42.69781 -102.63815 -211.34712 -65.47649
39083 2.65222 NaN NaN NaN 162.05750 -99.22556 -31.70513 265.03842 -172.10239 -23.72078 NaN NaN NaN -37.30542 -180.02504 42.85865 -102.56139 -211.41876 -65.66297
39084 2.66055 NaN NaN NaN 162.03487 -99.24651 -31.75580 265.01041 -172.06432 -23.74406 NaN NaN NaN -37.78216 -180.22452 42.99624 -102.50000 -211.49007 -65.85143
39085 2.66888 NaN NaN NaN 162.02724 -99.25628 -31.80090 265.02026 -172.05304 -23.75693 NaN NaN NaN -38.25657 -180.41814 43.17052 -102.48696 -211.55338 -66.00304
39086 2.67721 NaN NaN NaN 162.03004 -99.30486 -31.80816 265.04062 -172.06529 -23.78896 NaN NaN NaN -38.79694 -180.57974 43.34830 -102.48188 -211.63901 -66.21661
39087 2.68555 NaN NaN NaN 162.03819 -99.31231 -31.82740 265.04724 -172.06937 -23.82535 NaN NaN NaN -39.40221 -180.79749 43.53769 -102.46001 -211.72081 -66.45770
39088 2.69388 NaN NaN NaN 162.03493 -99.33683 -31.81471 265.08176 -172.07982 -23.87881 NaN NaN NaN -40.06265 -181.06702 43.69387 -102.47443 -211.79073 -66.66844
39089 2.70221 NaN NaN NaN 162.06448 -99.38052 -31.80331 265.13724 -172.12265 -23.91908 NaN NaN NaN -40.76386 -181.33578 43.85066 -102.45628 -211.88789 -66.92027
39090 2.71054 NaN NaN NaN 162.12755 -99.43378 -31.71601 265.20746 -172.19225 -23.99184 NaN NaN NaN -41.48567 -181.63953 44.04194 -102.46231 -211.99474 -67.24740
39091 2.71887 NaN NaN NaN 162.16197 -99.48064 -31.65751 265.25989 -172.23747 -24.04008 NaN NaN NaN -42.20398 -181.93764 44.22051 -102.51635 -212.09492 -67.47242
39092 2.72720 NaN NaN NaN 162.19998 -99.57858 -31.60793 265.32742 -172.31096 -24.07521 NaN NaN NaN -42.88052 -182.24173 44.38961 -102.53661 -212.16129 -67.66180
39093 2.73553 NaN NaN NaN 162.23222 -99.61857 -31.55509 265.39151 -172.38020 -24.11120 NaN NaN NaN -43.56948 -182.52805 44.53423 -102.54550 -212.22112 -67.87690
