Frame# Time LH1 LH2 LH3 RH1 RH2 RH3
X54 Y54 Z54 X55 Y55 Z55 X56 Y56 Z56 X57 Y57 Z57 X58 Y58 Z58 X59 Y59 Z59
1121 0.00112 NaN NaN NaN 173.60600 -113.15553 -15.96583 266.34732 -156.67729 -90.23541 NaN NaN NaN 70.82843 -132.57753 -34.82567 -18.83680 -146.43501 -128.58023
1122 0.00946 NaN NaN NaN 173.59932 -113.16139 -15.98105 266.35626 -156.67239 -90.22987 NaN NaN NaN 70.84042 -132.58113 -34.82035 -18.83025 -146.44667 -128.58971
1123 0.01780 NaN NaN NaN 173.60469 -113.12663 -15.98896 266.34799 -156.67442 -90.25995 NaN NaN NaN 70.83065 -132.57098 -34.82269 -18.83046 -146.44186 -128.56427
1124 0.02614 NaN NaN NaN 173.61519 -113.14341 -16.00172 266.34195 -156.66147 -90.24959 NaN NaN NaN 70.83644 -132.56779 -34.82439 -18.81684 -146.42952 -128.59407
1125 0.03448 NaN NaN NaN 173.62405 -113.12420 -16.00330 266.33664 -156.65446 -90.27381 NaN NaN NaN 70.83409 -132.55276 -34.83577 -18.81127 -146.43199 -128.56999
1126 0.04283 NaN NaN NaN 173.61600 -113.13472 -16.00427 266.34073 -156.65576 -90.26213 NaN NaN NaN 70.83376 -132.55629 -34.83670 -18.82866 -146.43793 -128.58890
1127 0.05117 NaN NaN NaN 173.60217 -113.09251 -16.01570 266.35336 -156.65727 -90.28465 NaN NaN NaN 70.84196 -132.55618 -34.83163 -18.81167 -146.41934 -128.57251
1128 0.05951 NaN NaN NaN 173.60370 -113.11340 -16.02056 266.35550 -156.69104 -90.29931 NaN NaN NaN 70.84483 -132.55574 -34.83867 -18.82126 -146.42987 -128.59073
1129 0.06785 NaN NaN NaN 173.57974 -113.07966 -16.04185 266.33585 -156.68706 -90.30032 NaN NaN NaN 70.83180 -132.53842 -34.83752 -18.84134 -146.39896 -128.62715
1130 0.07619 NaN NaN NaN 173.58971 -113.08863 -16.03386 266.34094 -156.65771 -90.31173 NaN NaN NaN 70.83566 -132.54514 -34.83360 -18.83849 -146.42418 -128.55116
1131 0.08453 NaN NaN NaN 173.57513 -113.07960 -16.06423 266.32864 -156.65265 -90.30737 NaN NaN NaN 70.82494 -132.54456 -34.82048 -18.83096 -146.43861 -128.56587
1132 0.09288 NaN NaN NaN 173.58148 -113.08498 -16.08565 266.33154 -156.61931 -90.32652 NaN NaN NaN 70.81933 -132.53844 -34.82862 -18.83370 -146.45438 -128.51591
1133 0.10122 NaN NaN NaN 173.59544 -113.07092 -16.09152 266.33572 -156.61501 -90.33636 NaN NaN NaN 70.80988 -132.53600 -34.82457 -18.82661 -146.45164 -128.53905
1134 0.10956 NaN NaN NaN 173.58295 -113.08685 -16.09213 266.33295 -156.61766 -90.38130 NaN NaN NaN 70.81503 -132.54518 -34.82056 -18.83034 -146.46948 -128.53320
1135 0.11790 NaN NaN NaN 173.57228 -113.06873 -16.08770 266.32758 -156.60942 -90.40168 NaN NaN NaN 70.80916 -132.54834 -34.81560 -18.83148 -146.47235 -128.55115
1136 0.12624 NaN NaN NaN 173.57811 -113.09134 -16.10054 266.31992 -156.61293 -90.45968 NaN NaN NaN 70.81039 -132.55734 -34.80927 -18.83442 -146.47581 -128.52711
1137 0.13459 NaN NaN NaN 173.57713 -113.07755 -16.10706 266.32370 -156.57994 -90.42020 NaN NaN NaN 70.80745 -132.54590 -34.81162 -18.82956 -146.47389 -128.53900
1138 0.14293 NaN NaN NaN 173.59500 -113.09113 -16.11559 266.32587 -156.56917 -90.43518 NaN NaN NaN 70.81931 -132.54303 -34.81501 -18.83177 -146.47295 -128.52786
1139 0.15127 NaN NaN NaN 173.59218 -113.05677 -16.11948 266.33505 -156.56410 -90.43170 NaN NaN NaN 70.81936 -132.54494 -34.81873 -18.84487 -146.47989 -128.56454
1140 0.15961 NaN NaN NaN 173.58908 -113.05080 -16.12624 266.31381 -156.56668 -90.47305 NaN NaN NaN 70.83311 -132.55836 -34.82846 -18.83264 -146.47420 -128.54332
1141 0.16795 NaN NaN NaN 173.58389 -113.04025 -16.12972 266.32626 -156.56297 -90.49631 NaN NaN NaN 70.84042 -132.55473 -34.83323 -18.82409 -146.46858 -128.54198
1142 0.17629 NaN NaN NaN 173.58386 -113.07066 -16.12154 266.32285 -156.55002 -90.48277 NaN NaN NaN 70.84700 -132.57515 -34.83697 -18.80991 -146.46881 -128.55418
1143 0.18464 NaN NaN NaN 173.60075 -113.05566 -16.12337 266.32800 -156.56387 -90.49839 NaN NaN NaN 70.85808 -132.57228 -34.85003 -18.83521 -146.43907 -128.59213
1144 0.19298 NaN NaN NaN 173.61340 -113.07125 -16.12784 266.33466 -156.54820 -90.49066 NaN NaN NaN 70.85315 -132.56877 -34.86502 -18.83746 -146.45700 -128.56702
1145 0.20132 NaN NaN NaN 173.59708 -113.07101 -16.12405 266.32724 -156.57240 -90.50471 NaN NaN NaN 70.84766 -132.55995 -34.86873 -18.82939 -146.43390 -128.60629
1146 0.20966 NaN NaN NaN 173.59355 -113.07911 -16.12522 266.31653 -156.58363 -90.51913 NaN NaN NaN 70.85145 -132.57816 -34.86515 -18.83014 -146.44560 -128.60530
1147 0.21800 NaN NaN NaN 173.59111 -113.07012 -16.13292 266.31311 -156.58809 -90.52568 NaN NaN NaN 70.85023 -132.57849 -34.87022 -18.81323 -146.45016 -128.56488
1148 0.22635 NaN NaN NaN 173.59769 -113.08826 -16.13809 266.29318 -156.56818 -90.54057 NaN NaN NaN 70.85358 -132.57513 -34.87772 -18.81673 -146.47395 -128.53889
1149 0.23469 NaN NaN NaN 173.58752 -113.07953 -16.14480 266.28952 -156.55568 -90.54948 NaN NaN NaN 70.84875 -132.58028 -34.88195 -18.83749 -146.48582 -128.59650
1150 0.24303 NaN NaN NaN 173.57002 -113.09512 -16.14186 266.29086 -156.53758 -90.56745 NaN NaN NaN 70.83794 -132.59555 -34.88134 -18.85946 -146.48360 -128.60994
1151 0.25137 NaN NaN NaN 173.56355 -113.10436 -16.13912 266.29095 -156.54999 -90.57265 NaN NaN NaN 70.82840 -132.60469 -34.87572 -18.87851 -146.46855 -128.61491
1152 0.25971 NaN NaN NaN 173.57104 -113.12379 -16.14267 266.28195 -156.53900 -90.57145 NaN NaN NaN 70.82803 -132.61278 -34.86449 -18.86901 -146.46558 -128.60870
1153 0.26805 NaN NaN NaN 173.57162 -113.11252 -16.16192 266.28278 -156.54849 -90.57505 NaN NaN NaN 70.81126 -132.62088 -34.86036 -18.87995 -146.47150 -128.63541
1154 0.27640 NaN NaN NaN 173.57088 -113.11107 -16.17789 266.26938 -156.52393 -90.58771 NaN NaN NaN 70.80106 -132.62241 -34.86277 -18.88970 -146.46764 -128.63980
1155 0.28474 NaN NaN NaN 173.54645 -113.09645 -16.20457 266.25058 -156.51079 -90.61002 NaN NaN NaN 70.78493 -132.63809 -34.85789 -18.89931 -146.46451 -128.63080
1156 0.29308 NaN NaN NaN 173.51477 -113.09876 -16.21926 266.23590 -156.50487 -90.61851 NaN NaN NaN 70.77595 -132.64755 -34.85401 -18.90608 -146.46399 -128.64952
1157 0.30142 NaN NaN NaN 173.51643 -113.10067 -16.24391 266.23584 -156.50148 -90.63676 NaN NaN NaN 70.75672 -132.65900 -34.85161 -18.91968 -146.47505 -128.67654
1158 0.30976 NaN NaN NaN 173.52132 -113.09825 -16.25076 266.20105 -156.47366 -90.64807 NaN NaN NaN 70.75964 -132.67041 -34.85024 -18.92110 -146.47820 -128.65269
1159 0.31811 NaN NaN NaN 173.52022 -113.10261 -16.25159 266.18689 -156.47404 -90.65549 NaN NaN NaN 70.74526 -132.67435 -34.84854 -18.92544 -146.48260 -128.64218
1160 0.32645 NaN NaN NaN 173.50182 -113.10635 -16.25741 266.18616 -156.47983 -90.66056 NaN NaN NaN 70.75170 -132.68463 -34.84937 -18.93693 -146.47720 -128.63609
1161 0.33479 NaN NaN NaN 173.49876 -113.10821 -16.27005 266.18683 -156.49547 -90.66768 NaN NaN NaN 70.73827 -132.67514 -34.85789 -18.92970 -146.49663 -128.63370
1162 0.34313 NaN NaN NaN 173.47887 -113.11600 -16.30305 266.17493 -156.50371 -90.67744 NaN NaN NaN 70.71884 -132.65109 -34.86421 -18.91228 -146.50346 -128.64954
1163 0.35147 NaN NaN NaN 173.45941 -113.10054 -16.34715 266.16321 -156.51956 -90.68571 NaN NaN NaN 70.70751 -132.65282 -34.85654 -18.93912 -146.51717 -128.65633
1164 0.35981 NaN NaN NaN 173.45235 -113.12125 -16.36088 266.15051 -156.51640 -90.69810 NaN NaN NaN 70.70667 -132.63901 -34.87157 -18.96251 -146.50305 -128.62926
1165 0.36816 NaN NaN NaN 173.44698 -113.12016 -16.38446 266.14780 -156.54449 -90.72917 NaN NaN NaN 70.69782 -132.62851 -34.86822 -18.98158 -146.51433 -128.63727
1166 0.37650 NaN NaN NaN 173.44577 -113.15067 -16.38546 266.14380 -156.54602 -90.74825 NaN NaN NaN 70.69721 -132.63261 -34.86763 -18.99283 -146.54388 -128.61725
1167 0.38484 NaN NaN NaN 173.43748 -113.15787 -16.39887 266.14450 -156.55748 -90.76768 NaN NaN NaN 70.68826 -132.64310 -34.86631 -18.99776 -146.56258 -128.64467
1168 0.39318 NaN NaN NaN 173.42303 -113.15475 -16.40693 266.12430 -156.55470 -90.78699 NaN NaN NaN 70.67990 -132.65834 -34.87643 -19.00585 -146.60223 -128.65256
1169 0.40152 NaN NaN NaN 173.40286 -113.14818 -16.44110 266.10147 -156.54196 -90.80641 NaN NaN NaN 70.67528 -132.65303 -34.87400 -19.00834 -146.59846 -128.65529
1170 0.40986 NaN NaN NaN 173.38753 -113.13125 -16.46718 266.09424 -156.51898 -90.83405 NaN NaN NaN 70.65340 -132.64784 -34.87903 -19.03720 -146.63106 -128.62439
1171 0.41821 NaN NaN NaN 173.39462 -113.12222 -16.48159 266.09601 -156.49136 -90.84460 NaN NaN NaN 70.65009 -132.63933 -34.88267 -19.04424 -146.63898 -128.66586
1172 0.42655 NaN NaN NaN 173.39609 -113.12331 -16.50920 266.09448 -156.46315 -90.87929 NaN NaN NaN 70.65301 -132.65251 -34.87333 -19.04059 -146.64246 -128.65656
1173 0.43489 NaN NaN NaN 173.37241 -113.12207 -16.54739 266.08658 -156.45361 -90.88656 NaN NaN NaN 70.64954 -132.65080 -34.88917 -19.03742 -146.61089 -128.66566
1174 0.44323 NaN NaN NaN 173.36905 -113.12222 -16.57352 266.08313 -156.44753 -90.89693 NaN NaN NaN 70.64336 -132.65781 -34.88324 -19.07089 -146.61925 -128.66020
1175 0.45157 NaN NaN NaN 173.35532 -113.11839 -16.59005 266.09695 -156.45401 -90.91044 NaN NaN NaN 70.64605 -132.66597 -34.87889 -19.08470 -146.60037 -128.65663
1176 0.45992 NaN NaN NaN 173.35971 -113.11524 -16.59477 266.10339 -156.45207 -90.91962 NaN NaN NaN 70.65472 -132.66293 -34.88401 -19.09294 -146.61079 -128.66451
1177 0.46826 NaN NaN NaN 173.36401 -113.10966 -16.61090 266.12009 -156.44772 -90.92937 NaN NaN NaN 70.65451 -132.66055 -34.88721 -19.10084 -146.60840 -128.67053
1178 0.47660 NaN NaN NaN 173.36729 -113.13083 -16.63716 266.12714 -156.43697 -90.96812 NaN NaN NaN 70.65689 -132.65529 -34.89188 -19.09725 -146.61107 -128.64618
1179 0.48494 NaN NaN NaN 173.38330 -113.12444 -16.65166 266.13647 -156.40474 -90.99092 NaN NaN NaN 70.65908 -132.65477 -34.89320 -19.09399 -146.62221 -128.66179
1180 0.49328 NaN NaN NaN 173.37921 -113.12801 -16.68940 266.14392 -156.40561 -91.00145 NaN NaN NaN 70.67494 -132.66190 -34.89472 -19.09105 -146.62189 -128.65083
1181 0.50162 NaN NaN NaN 173.37227 -113.12994 -16.68326 266.16275 -156.39722 -91.01170 NaN NaN NaN 70.66236 -132.65215 -34.91465 -19.09124 -146.61266 -128.64426
1182 0.50997 NaN NaN NaN 173.37714 -113.14001 -16.70620 266.15311 -156.38596 -91.02850 NaN NaN NaN 70.64927 -132.64532 -34.91775 -19.11290 -146.60263 -128.65689
1183 0.51831 NaN NaN NaN 173.38589 -113.14364 -16.69953 266.15869 -156.36746 -91.04076 NaN NaN NaN 70.64915 -132.64798 -34.92299 -19.09994 -146.59779 -128.66167
1184 0.52665 NaN NaN NaN 173.37651 -113.13897 -16.71055 266.17212 -156.35396 -91.06953 NaN NaN NaN 70.65664 -132.66464 -34.89749 -19.09617 -146.61032 -128.66988
1185 0.53499 NaN NaN NaN 173.38727 -113.14664 -16.72817 266.16879 -156.32086 -91.09026 NaN NaN NaN 70.64644 -132.65573 -34.91336 -19.09419 -146.60872 -128.65489
1186 0.54333 NaN NaN NaN 173.37064 -113.15672 -16.73446 266.16257 -156.30783 -91.11686 NaN NaN NaN 70.64791 -132.65614 -34.89785 -19.09882 -146.61223 -128.66383
1187 0.55168 NaN NaN NaN 173.37109 -113.16581 -16.73229 266.15567 -156.29279 -91.12128 NaN NaN NaN 70.62661 -132.63828 -34.89639 -19.09366 -146.60245 -128.64902
1188 0.56002 NaN NaN NaN 173.36696 -113.16084 -16.73041 266.16367 -156.29333 -91.13088 NaN NaN NaN 70.64327 -132.64659 -34.89432 -19.11113 -146.58752 -128.66357
1189 0.56836 NaN NaN NaN 173.37552 -113.16121 -16.72727 266.16632 -156.29694 -91.13229 NaN NaN NaN 70.63981 -132.66144 -34.89796 -19.11811 -146.56825 -128.67279
1190 0.57670 NaN NaN NaN 173.35974 -113.18002 -16.73401 266.16626 -156.31839 -91.13480 NaN NaN NaN 70.63796 -132.66806 -34.90117 -19.12263 -146.55872 -128.68327
1191 0.58504 NaN NaN NaN 173.36874 -113.16943 -16.74497 266.14679 -156.30768 -91.15664 NaN NaN NaN 70.63677 -132.67564 -34.90025 -19.13053 -146.56371 -128.69292
1192 0.59338 NaN NaN NaN 173.34688 -113.16711 -16.75073 266.14331 -156.29895 -91.19504 NaN NaN NaN 70.63052 -132.67339 -34.89132 -19.12630 -146.57153 -128.68365
1193 0.60173 NaN NaN NaN 173.34341 -113.16885 -16.77409 266.13504 -156.29047 -91.22769 NaN NaN NaN 70.60866 -132.66032 -34.89855 -19.13223 -146.57256 -128.68889
1194 0.61007 NaN NaN NaN 173.32512 -113.17532 -16.77884 266.11880 -156.29738 -91.23221 NaN NaN NaN 70.60423 -132.65047 -34.91847 -19.13015 -146.57993 -128.66866
1195 0.61841 NaN NaN NaN 173.31181 -113.19095 -16.78179 266.11893 -156.27307 -91.24902 NaN NaN NaN 70.58579 -132.64429 -34.93297 -19.14397 -146.56960 -128.68880
1196 0.62675 NaN NaN NaN 173.31448 -113.18539 -16.77460 266.10373 -156.26401 -91.25695 NaN NaN NaN 70.57175 -132.65996 -34.90881 -19.14365 -146.57664 -128.69351
1197 0.63509 NaN NaN NaN 173.32021 -113.18737 -16.79224 266.09528 -156.25732 -91.28130 NaN NaN NaN 70.55906 -132.67200 -34.90608 -19.16036 -146.59720 -128.67436
1198 0.64343 NaN NaN NaN 173.30516 -113.20431 -16.79152 266.08237 -156.25624 -91.29532 NaN NaN NaN 70.56486 -132.68486 -34.89370 -19.16186 -146.60757 -128.67619
1199 0.65178 NaN NaN NaN 173.28545 -113.22562 -16.80135 266.08215 -156.25197 -91.30485 NaN NaN NaN 70.54211 -132.68248 -34.92274 -19.17867 -146.61566 -128.67702
1200 0.66012 NaN NaN NaN 173.27126 -113.23061 -16.80763 266.08026 -156.25694 -91.31140 NaN NaN NaN 70.54226 -132.69049 -34.92257 -19.18230 -146.64433 -128.68478
1201 0.66846 NaN NaN NaN 173.26984 -113.21832 -16.81597 266.06387 -156.26346 -91.32423 NaN NaN NaN 70.53667 -132.70421 -34.93093 -19.19899 -146.63518 -128.67155
1202 0.67680 NaN NaN NaN 173.25427 -113.23504 -16.81692 266.04868 -156.26118 -91.34665 NaN NaN NaN 70.52636 -132.70100 -34.93287 -19.18266 -146.65907 -128.68770
1203 0.68514 NaN NaN NaN 173.24478 -113.21100 -16.83586 266.04993 -156.28047 -91.35664 NaN NaN NaN 70.51911 -132.69341 -34.93191 -19.20786 -146.64478 -128.68289
1204 0.69349 NaN NaN NaN 173.25063 -113.21745 -16.83732 266.05029 -156.27943 -91.39819 NaN NaN NaN 70.53103 -132.68544 -34.93580 -19.20100 -146.66272 -128.68480
1205 0.70183 NaN NaN NaN 173.25085 -113.20130 -16.84539 266.03885 -156.28473 -91.38298 NaN NaN NaN 70.52931 -132.70213 -34.93409 -19.19876 -146.66943 -128.70303
1206 0.71017 NaN NaN NaN 173.25032 -113.22994 -16.82760 266.04962 -156.29184 -91.36343 NaN NaN NaN 70.52683 -132.73190 -34.93677 -19.19410 -146.67012 -128.65247
1207 0.71851 NaN NaN NaN 173.25294 -113.22714 -16.83003 266.04895 -156.29131 -91.37023 NaN NaN NaN 70.52795 -132.75012 -34.92747 -19.20201 -146.69029 -128.67867
1208 0.72685 NaN NaN NaN 173.26947 -113.25128 -16.82074 266.05621 -156.30589 -91.36537 NaN NaN NaN 70.53082 -132.75664 -34.91273 -19.20112 -146.69691 -128.67648
1209 0.73519 NaN NaN NaN 173.26425 -113.23792 -16.82063 266.06143 -156.29793 -91.37855 NaN NaN NaN 70.52682 -132.75296 -34.92038 -19.20143 -146.70956 -128.69937
1210 0.74354 NaN NaN NaN 173.27101 -113.29281 -16.79874 266.05923 -156.32411 -91.32431 NaN NaN NaN 70.51755 -132.75978 -34.92297 -19.18882 -146.72995 -128.69012
1211 0.75188 NaN NaN NaN 173.28166 -113.30353 -16.78993 266.05612 -156.35193 -91.30415 NaN NaN NaN 70.52712 -132.76500 -34.92182 -19.18633 -146.74738 -128.69907
1212 0.76022 NaN NaN NaN 173.27730 -113.32599 -16.78571 266.05576 -156.36644 -91.28343 NaN NaN NaN 70.53403 -132.78862 -34.90554 -19.17507 -146.76535 -128.69667
1213 0.76856 NaN NaN NaN 173.28523 -113.31708 -16.78569 266.05524 -156.36978 -91.28004 NaN NaN NaN 70.53650 -132.79077 -34.90919 -19.18011 -146.75258 -128.70314
1214 0.77690 NaN NaN NaN 173.27747 -113.33567 -16.78101 266.05539 -156.36882 -91.27950 NaN NaN NaN 70.53012 -132.82487 -34.89357 -19.18099 -146.76328 -128.69016
1215 0.78525 NaN NaN NaN 173.28194 -113.30500 -16.79017 266.05194 -156.40210 -91.26525 NaN NaN NaN 70.52972 -132.82419 -34.90822 -19.16203 -146.78293 -128.70093
1216 0.79359 NaN NaN NaN 173.27963 -113.31686 -16.78620 266.05444 -156.39693 -91.26832 NaN NaN NaN 70.53249 -132.80377 -34.92156 -19.15195 -146.76511 -128.67206
1217 0.80193 NaN NaN NaN 173.27431 -113.32000 -16.78723 266.06183 -156.38815 -91.28829 NaN NaN NaN 70.53400 -132.77611 -34.90317 -19.15504 -146.79744 -128.69379
1218 0.81027 NaN NaN NaN 173.27357 -113.32303 -16.79619 266.06616 -156.37091 -91.29661 NaN NaN NaN 70.53612 -132.75987 -34.88898 -19.16275 -146.78801 -128.67003
1219 0.81861 NaN NaN NaN 173.28278 -113.28854 -16.82370 266.06589 -156.36266 -91.29768 NaN NaN NaN 70.53532 -132.75174 -34.88520 -19.15894 -146.79274 -128.66965
1220 0.82695 NaN NaN NaN 173.30464 -113.24450 -16.84146 266.07932 -156.33467 -91.31996 NaN NaN NaN 70.55103 -132.72499 -34.87592 -19.14767 -146.78111 -128.64943
1221 0.83530 NaN NaN NaN 173.30357 -113.21420 -16.86027 266.10205 -156.31291 -91.32463 NaN NaN NaN 70.54568 -132.70346 -34.88065 -19.16381 -146.79398 -128.63794
1222 0.84364 NaN NaN NaN 173.29582 -113.17862 -16.87798 266.09650 -156.29808 -91.31797 NaN NaN NaN 70.52722 -132.65205 -34.87563 -19.18542 -146.78448 -128.63489
1223 0.85198 NaN NaN NaN 173.30225 -113.13433 -16.88970 266.10861 -156.29210 -91.33332 NaN NaN NaN 70.49881 -132.59778 -34.86049 -19.21458 -146.77596 -128.63058
1224 0.86032 NaN NaN NaN 173.31822 -113.06268 -16.92648 266.10669 -156.27376 -91.32960 NaN NaN NaN 70.47651 -132.54720 -34.86177 -19.21405 -146.77119 -128.61449
1225 0.86866 NaN NaN NaN 173.33601 -113.00507 -16.92611 266.12714 -156.25316 -91.34716 NaN NaN NaN 70.47054 -132.51324 -34.85750 -19.22210 -146.76276 -128.61353
1226 0.87700 NaN NaN NaN 173.34860 -112.96117 -16.92731 266.12805 -156.21924 -91.33483 NaN NaN NaN 70.44669 -132.47722 -34.83806 -19.20424 -146.75226 -128.55875
1227 0.88535 NaN NaN NaN 173.35928 -112.92499 -16.93017 266.13083 -156.22278 -91.32635 NaN NaN NaN 70.42319 -132.44168 -34.82139 -19.25257 -146.74481 -128.56285
1228 0.89369 NaN NaN NaN 173.36452 -112.89952 -16.91745 266.11005 -156.22720 -91.32115 NaN NaN NaN 70.37792 -132.41496 -34.81808 -19.23158 -146.73750 -128.54121
1229 0.90203 NaN NaN NaN 173.34306 -112.87389 -16.90550 266.10367 -156.22874 -91.27708 NaN NaN NaN 70.37296 -132.39827 -34.79193 -19.24798 -146.70634 -128.57135
1230 0.91037 NaN NaN NaN 173.34654 -112.84129 -16.90288 266.11188 -156.22186 -91.24290 NaN NaN NaN 70.35201 -132.39314 -34.79599 -19.25723 -146.69772 -128.51938
1231 0.91871 NaN NaN NaN 173.34427 -112.82216 -16.88618 266.12970 -156.21761 -91.23814 NaN NaN NaN 70.34660 -132.38873 -34.78183 -19.30642 -146.65898 -128.54581
1232 0.92706 NaN NaN NaN 173.34338 -112.80674 -16.89466 266.11588 -156.22932 -91.22265 NaN NaN NaN 70.32391 -132.38208 -34.78467 -19.28732 -146.61792 -128.58472
1233 0.93540 NaN NaN NaN 173.31578 -112.77387 -16.89523 266.11301 -156.19426 -91.18522 NaN NaN NaN 70.31435 -132.37535 -34.78434 -19.28634 -146.59160 -128.63501
1234 0.94374 NaN NaN NaN 173.30222 -112.75434 -16.89773 266.10281 -156.18575 -91.17561 NaN NaN NaN 70.31812 -132.35855 -34.78909 -19.28808 -146.58438 -128.56679
1235 0.95208 NaN NaN NaN 173.28419 -112.74245 -16.88181 266.09695 -156.18024 -91.13969 NaN NaN NaN 70.32220 -132.34288 -34.79971 -19.29280 -146.58194 -128.61617
1236 0.96042 NaN NaN NaN 173.29655 -112.73269 -16.88639 266.08841 -156.17316 -91.14085 NaN NaN NaN 70.32697 -132.31627 -34.79353 -19.28186 -146.56935 -128.57979
1237 0.96876 NaN NaN NaN 173.27917 -112.72639 -16.87607 266.09460 -156.18042 -91.13089 NaN NaN NaN 70.33097 -132.29524 -34.79038 -19.28674 -146.55727 -128.59128
1238 0.97711 NaN NaN NaN 173.26418 -112.74025 -16.85917 266.09912 -156.15536 -91.12284 NaN NaN NaN 70.33463 -132.28574 -34.79107 -19.26820 -146.58200 -128.56631
1239 0.98545 NaN NaN NaN 173.26450 -112.73749 -16.84720 266.09244 -156.14474 -91.09874 NaN NaN NaN 70.33927 -132.27402 -34.78991 -19.28344 -146.56398 -128.50493
1240 0.99379 NaN NaN NaN 173.27054 -112.70666 -16.83146 266.09021 -156.15723 -91.06905 NaN NaN NaN 70.35421 -132.27605 -34.78843 -19.29144 -146.56767 -128.50064
1241 1.00213 NaN NaN NaN 173.27393 -112.69341 -16.82127 266.07111 -156.15393 -91.06755 NaN NaN NaN 70.36386 -132.27364 -34.77787 -19.27099 -146.55037 -128.49702
1242 1.01047 NaN NaN NaN 173.26859 -112.68440 -16.81370 266.07407 -156.18114 -91.00879 NaN NaN NaN 70.35835 -132.26082 -34.77509 -19.25559 -146.57106 -128.50903
1243 1.01882 NaN NaN NaN 173.28839 -112.66269 -16.79606 266.08224 -156.21445 -90.96600 NaN NaN NaN 70.35928 -132.25490 -34.76985 -19.25173 -146.55194 -128.50369
1244 1.02716 NaN NaN NaN 173.29303 -112.64709 -16.78481 266.09140 -156.22522 -90.95389 NaN NaN NaN 70.35453 -132.22185 -34.77258 -19.24748 -146.54868 -128.49445
1245 1.03550 NaN NaN NaN 173.31293 -112.64341 -16.76841 266.10153 -156.23828 -90.92255 NaN NaN NaN 70.35744 -132.23909 -34.75983 -19.27501 -146.55496 -128.50369
1246 1.04384 NaN NaN NaN 173.30954 -112.63177 -16.77720 266.10944 -156.24234 -90.92366 NaN NaN NaN 70.36168 -132.22115 -34.76017 -19.26197 -146.58792 -128.48985
1247 1.05218 NaN NaN NaN 173.31342 -112.63733 -16.78012 266.10248 -156.24413 -90.91241 NaN NaN NaN 70.36913 -132.23991 -34.75470 -19.25106 -146.59187 -128.48640
1248 1.06052 NaN NaN NaN 173.31226 -112.62911 -16.78841 266.11560 -156.25349 -90.93124 NaN NaN NaN 70.39094 -132.24132 -34.75358 -19.24003 -146.59232 -128.47086
1249 1.06887 NaN NaN NaN 173.31429 -112.63292 -16.79431 266.14114 -156.25787 -90.90881 NaN NaN NaN 70.40491 -132.25165 -34.74119 -19.21989 -146.57884 -128.46753
1250 1.07721 NaN NaN NaN 173.31825 -112.64214 -16.79996 266.15387 -156.25018 -90.93164 NaN NaN NaN 70.40404 -132.24124 -34.74923 -19.19857 -146.59712 -128.46623
1251 1.08555 NaN NaN NaN 173.32765 -112.64737 -16.80624 266.15375 -156.25002 -90.91534 NaN NaN NaN 70.40633 -132.22298 -34.75108 -19.22282 -146.60899 -128.45810
1252 1.09389 NaN NaN NaN 173.31569 -112.64173 -16.82432 266.15640 -156.24619 -90.93504 NaN NaN NaN 70.41517 -132.21352 -34.75240 -19.19692 -146.62495 -128.45305
1253 1.10223 NaN NaN NaN 173.30109 -112.66338 -16.82254 266.15753 -156.26381 -90.93311 NaN NaN NaN 70.42217 -132.20996 -34.75588 -19.19204 -146.63977 -128.43111
1254 1.11057 NaN NaN NaN 173.28996 -112.66299 -16.82912 266.14890 -156.25262 -90.93546 NaN NaN NaN 70.44544 -132.20375 -34.75110 -19.15823 -146.66110 -128.43362
1255 1.11892 NaN NaN NaN 173.30042 -112.67743 -16.82852 266.16309 -156.27379 -90.91788 NaN NaN NaN 70.43403 -132.21216 -34.73925 -19.14544 -146.66907 -128.41716
1256 1.12726 NaN NaN NaN 173.28394 -112.67693 -16.81951 266.15033 -156.28557 -90.91072 NaN NaN NaN 70.45235 -132.21724 -34.73550 -19.14927 -146.66130 -128.42087
1257 1.13560 NaN NaN NaN 173.29376 -112.69411 -16.80638 266.14536 -156.27960 -90.89163 NaN NaN NaN 70.44395 -132.23087 -34.73141 -19.14329 -146.67145 -128.43933
1258 1.14394 NaN NaN NaN 173.29070 -112.68473 -16.81171 266.14532 -156.28114 -90.91385 NaN NaN NaN 70.43057 -132.22174 -34.73589 -19.15098 -146.65831 -128.43205
1259 1.15228 NaN NaN NaN 173.28423 -112.69563 -16.80950 266.13773 -156.29276 -90.89561 NaN NaN NaN 70.41081 -132.23122 -34.72720 -19.15054 -146.65477 -128.41273
1260 1.16063 NaN NaN NaN 173.26790 -112.68886 -16.80986 266.13773 -156.28291 -90.91075 NaN NaN NaN 70.41045 -132.23679 -34.71891 -19.15901 -146.65988 -128.41541
1261 1.16897 NaN NaN NaN 173.27420 -112.69559 -16.80789 266.13974 -156.29617 -90.88354 NaN NaN NaN 70.38676 -132.23973 -34.70977 -19.17448 -146.65816 -128.41594
1262 1.17731 NaN NaN NaN 173.26860 -112.70462 -16.80008 266.14685 -156.27170 -90.89822 NaN NaN NaN 70.38315 -132.22464 -34.71059 -19.16754 -146.66441 -128.41003
1263 1.18565 NaN NaN NaN 173.27232 -112.69416 -16.80388 266.14792 -156.26221 -90.89388 NaN NaN NaN 70.38288 -132.22548 -34.71111 -19.18093 -146.66446 -128.40654
1264 1.19399 NaN NaN NaN 173.26994 -112.68363 -16.80958 266.13977 -156.26724 -90.88237 NaN NaN NaN 70.39156 -132.19981 -34.70411 -19.18453 -146.66435 -128.37065
1265 1.20233 NaN NaN NaN 173.25563 -112.68961 -16.81031 266.13385 -156.27702 -90.87089 NaN NaN NaN 70.38665 -132.21237 -34.70744 -19.18023 -146.64470 -128.36722
1266 1.21068 NaN NaN NaN 173.25598 -112.69072 -16.81285 266.12781 -156.28448 -90.86710 NaN NaN NaN 70.37449 -132.17873 -34.69817 -19.18596 -146.64911 -128.36377
1267 1.21902 NaN NaN NaN 173.23192 -112.67865 -16.82139 266.11908 -156.28233 -90.86440 NaN NaN NaN 70.37780 -132.21468 -34.69811 -19.20137 -146.63414 -128.37802
1268 1.22736 NaN NaN NaN 173.21396 -112.65920 -16.82396 266.11731 -156.28659 -90.87046 NaN NaN NaN 70.37871 -132.20438 -34.68787 -19.19543 -146.62093 -128.37068
1269 1.23570 NaN NaN NaN 173.20622 -112.65290 -16.84112 266.10614 -156.28758 -90.86806 NaN NaN NaN 70.37582 -132.22110 -34.70835 -19.19548 -146.60002 -128.39156
1270 1.24404 NaN NaN NaN 173.21262 -112.66180 -16.85013 266.11826 -156.29361 -90.87312 NaN NaN NaN 70.36609 -132.21878 -34.69657 -19.20502 -146.61108 -128.40431
1271 1.25239 NaN NaN NaN 173.18658 -112.65894 -16.87949 266.11670 -156.34094 -90.84654 NaN NaN NaN 70.36515 -132.24194 -34.69305 -19.20188 -146.60316 -128.41365
1272 1.26073 NaN NaN NaN 173.17514 -112.66833 -16.89029 266.12183 -156.35667 -90.84877 NaN NaN NaN 70.36214 -132.24045 -34.69087 -19.20004 -146.61565 -128.42365
1273 1.26907 NaN NaN NaN 173.18074 -112.65603 -16.91782 266.13672 -156.38643 -90.84454 NaN NaN NaN 70.35864 -132.25145 -34.69347 -19.22761 -146.59222 -128.40210
1274 1.27741 NaN NaN NaN 173.19183 -112.63760 -16.94017 266.14838 -156.38484 -90.86601 NaN NaN NaN 70.34883 -132.26413 -34.68247 -19.22453 -146.59021 -128.41925
1275 1.28575 NaN NaN NaN 173.16786 -112.63219 -16.95696 266.16003 -156.40414 -90.88025 NaN NaN NaN 70.35038 -132.28163 -34.67812 -19.22239 -146.58252 -128.41817
1276 1.29409 NaN NaN NaN 173.13724 -112.62321 -17.02285 266.15009 -156.39754 -90.87568 NaN NaN NaN 70.33081 -132.27679 -34.68994 -19.23294 -146.58141 -128.43562
1277 1.30244 NaN NaN NaN 173.13837 -112.61023 -17.04519 266.15164 -156.41290 -90.86973 NaN NaN NaN 70.31408 -132.28654 -34.67495 -19.24255 -146.56606 -128.45970
1278 1.31078 NaN NaN NaN 173.12805 -112.62358 -17.07675 266.15765 -156.42145 -90.88284 NaN NaN NaN 70.29941 -132.27478 -34.67220 -19.22363 -146.57260 -128.46857
1279 1.31912 NaN NaN NaN 173.11218 -112.61903 -17.13418 266.17081 -156.46915 -90.86604 NaN NaN NaN 70.27843 -132.26906 -34.66130 -19.24029 -146.55637 -128.44902
1280 1.32746 NaN NaN NaN 173.08809 -112.59415 -17.18937 266.19162 -156.51302 -90.83062 NaN NaN NaN 70.26195 -132.27240 -34.61789 -19.23429 -146.57777 -128.45099
1281 1.33580 NaN NaN NaN 173.08771 -112.57996 -17.23786 266.19958 -156.54097 -90.77848 NaN NaN NaN 70.25536 -132.29694 -34.56833 -19.24299 -146.55342 -128.45326
1282 1.34415 NaN NaN NaN 173.08452 -112.58605 -17.27666 266.23145 -156.58534 -90.77693 NaN NaN NaN 70.22736 -132.30772 -34.54842 -19.23391 -146.56995 -128.43965
1283 1.35249 NaN NaN NaN 173.09610 -112.57430 -17.28231 266.24942 -156.62167 -90.78361 NaN NaN NaN 70.20640 -132.32018 -34.54604 -19.23226 -146.56828 -128.44014
1284 1.36083 NaN NaN NaN 173.11327 -112.59478 -17.32569 266.26999 -156.63040 -90.80170 NaN NaN NaN 70.19015 -132.34224 -34.51111 -19.20073 -146.59627 -128.44032
1285 1.36917 NaN NaN NaN 173.15776 -112.64834 -17.31884 266.28418 -156.66420 -90.78110 NaN NaN NaN 70.16088 -132.38646 -34.48091 -19.20661 -146.62125 -128.43677
1286 1.37751 NaN NaN NaN 173.16217 -112.65770 -17.34230 266.31683 -156.69449 -90.76887 NaN NaN NaN 70.12450 -132.42142 -34.45517 -19.19620 -146.66830 -128.42749
1287 1.38585 NaN NaN NaN 173.17711 -112.69210 -17.36707 266.34610 -156.74574 -90.74268 NaN NaN NaN 70.10928 -132.45972 -34.44618 -19.21777 -146.72026 -128.40926
1288 1.39420 NaN NaN NaN 173.16847 -112.71063 -17.36200 266.36453 -156.76317 -90.74053 NaN NaN NaN 70.07450 -132.50803 -34.41835 -19.20974 -146.76027 -128.42154
1289 1.40254 NaN NaN NaN 173.16785 -112.72755 -17.37930 266.37366 -156.78055 -90.73464 NaN NaN NaN 70.06329 -132.55840 -34.38547 -19.22391 -146.81702 -128.43967
1290 1.41088 NaN NaN NaN 173.16380 -112.72704 -17.39466 266.37534 -156.78946 -90.75704 NaN NaN NaN 70.05211 -132.59747 -34.40072 -19.19924 -146.82208 -128.42949
1291 1.41922 NaN NaN NaN 173.16620 -112.73938 -17.42943 266.38907 -156.81842 -90.75687 NaN NaN NaN 70.07098 -132.62131 -34.39240 -19.21931 -146.80775 -128.42073
1292 1.42756 NaN NaN NaN 173.16194 -112.74490 -17.44508 266.37408 -156.83217 -90.76778 NaN NaN NaN 70.05148 -132.62473 -34.40825 -19.22783 -146.82217 -128.42540
1293 1.43590 NaN NaN NaN 173.15465 -112.75191 -17.48524 266.37387 -156.84674 -90.77828 NaN NaN NaN 70.06935 -132.64049 -34.40320 -19.22157 -146.86333 -128.41988
1294 1.44425 NaN NaN NaN 173.13263 -112.77716 -17.50035 266.35126 -156.84308 -90.77613 NaN NaN NaN 70.06057 -132.63754 -34.40760 -19.22426 -146.86087 -128.40323
1295 1.45259 NaN NaN NaN 173.11974 -112.76206 -17.51369 266.36957 -156.86589 -90.77285 NaN NaN NaN 70.05639 -132.62218 -34.41153 -19.19973 -146.87236 -128.40205
1296 1.46093 NaN NaN NaN 173.11491 -112.75007 -17.52131 266.35187 -156.84932 -90.77547 NaN NaN NaN 70.05071 -132.61557 -34.41406 -19.19886 -146.88432 -128.39857
1297 1.46927 NaN NaN NaN 173.12961 -112.71995 -17.52178 266.34378 -156.85800 -90.76674 NaN NaN NaN 70.06203 -132.59758 -34.38650 -19.21851 -146.88023 -128.42699
1298 1.47761 NaN NaN NaN 173.13295 -112.70877 -17.50399 266.34027 -156.82864 -90.76250 NaN NaN NaN 70.04357 -132.59804 -34.40152 -19.20280 -146.86186 -128.41385
1299 1.48596 NaN NaN NaN 173.13872 -112.67622 -17.48997 266.31461 -156.83217 -90.75057 NaN NaN NaN 70.06035 -132.58797 -34.39193 -19.22604 -146.83163 -128.41382
1300 1.49430 NaN NaN NaN 173.14444 -112.65421 -17.43869 266.31354 -156.80042 -90.75083 NaN NaN NaN 70.05426 -132.54552 -34.40196 -19.18745 -146.81964 -128.41162
1301 1.50264 NaN NaN NaN 173.15770 -112.65009 -17.40154 266.31726 -156.79999 -90.72915 NaN NaN NaN 70.06465 -132.54004 -34.39700 -19.19191 -146.81421 -128.44577
1302 1.51098 NaN NaN NaN 173.17406 -112.62442 -17.37658 266.32578 -156.78116 -90.73926 NaN NaN NaN 70.06612 -132.50415 -34.37872 -19.21887 -146.80234 -128.43515
1303 1.51932 NaN NaN NaN 173.19089 -112.61816 -17.36319 266.32614 -156.77756 -90.72057 NaN NaN NaN 70.08463 -132.49841 -34.39246 -19.21175 -146.77132 -128.43103
1304 1.52766 NaN NaN NaN 173.19862 -112.59561 -17.35151 266.33698 -156.77454 -90.72770 NaN NaN NaN 70.08515 -132.46738 -34.40774 -19.21772 -146.73080 -128.43791
1305 1.53601 NaN NaN NaN 173.22208 -112.58250 -17.30706 266.33813 -156.76569 -90.72926 NaN NaN NaN 70.10303 -132.43719 -34.41870 -19.19954 -146.70897 -128.43141
1306 1.54435 NaN NaN NaN 173.22809 -112.57454 -17.28202 266.34055 -156.73952 -90.74047 NaN NaN NaN 70.09505 -132.40775 -34.43576 -19.19429 -146.68063 -128.43979
1307 1.55269 NaN NaN NaN 173.22757 -112.59925 -17.24832 266.32950 -156.75829 -90.73315 NaN NaN NaN 70.12308 -132.41475 -34.45515 -19.16485 -146.67230 -128.44579
1308 1.56103 NaN NaN NaN 173.23955 -112.61465 -17.22783 266.33792 -156.72661 -90.75216 NaN NaN NaN 70.12749 -132.39584 -34.44495 -19.18345 -146.63425 -128.44872
1309 1.56937 NaN NaN NaN 173.23935 -112.61082 -17.20615 266.32440 -156.71330 -90.75137 NaN NaN NaN 70.15266 -132.36551 -34.45731 -19.17436 -146.63838 -128.45378
1310 1.57772 NaN NaN NaN 173.24593 -112.61156 -17.19956 266.31235 -156.68900 -90.75702 NaN NaN NaN 70.17097 -132.33154 -34.47004 -19.15962 -146.60294 -128.45901
1311 1.58606 NaN NaN NaN 173.25261 -112.58906 -17.20085 266.29553 -156.69153 -90.75949 NaN NaN NaN 70.18093 -132.32448 -34.46367 -19.14818 -146.56807 -128.46010
1312 1.59440 NaN NaN NaN 173.24103 -112.58623 -17.16464 266.32114 -156.69475 -90.76257 NaN NaN NaN 70.18985 -132.31932 -34.47052 -19.15344 -146.56647 -128.46782
1313 1.60274 NaN NaN NaN 173.24667 -112.58918 -17.14656 266.29153 -156.69324 -90.76009 NaN NaN NaN 70.19763 -132.32004 -34.47566 -19.14817 -146.56363 -128.46478
1314 1.61108 NaN NaN NaN 173.24977 -112.61109 -17.10045 266.28668 -156.68355 -90.74974 NaN NaN NaN 70.20911 -132.29716 -34.48239 -19.14789 -146.56480 -128.45154
1315 1.61942 NaN NaN NaN 173.25148 -112.61739 -17.06001 266.26355 -156.65045 -90.73894 NaN NaN NaN 70.22282 -132.29327 -34.49436 -19.13882 -146.55460 -128.44154
1316 1.62777 NaN NaN NaN 173.24603 -112.62218 -17.02469 266.25681 -156.63211 -90.74517 NaN NaN NaN 70.23403 -132.28273 -34.51164 -19.14183 -146.57484 -128.44542
1317 1.63611 NaN NaN NaN 173.24387 -112.62247 -16.97297 266.23795 -156.61725 -90.74236 NaN NaN NaN 70.25047 -132.28929 -34.51292 -19.13032 -146.55318 -128.44289
1318 1.64445 NaN NaN NaN 173.25739 -112.65171 -16.94181 266.23978 -156.62439 -90.75032 NaN NaN NaN 70.27019 -132.26897 -34.52399 -19.13226 -146.56270 -128.44759
1319 1.65279 NaN NaN NaN 173.24969 -112.68285 -16.90262 266.21646 -156.61575 -90.74169 NaN NaN NaN 70.28884 -132.28142 -34.54438 -19.13272 -146.55237 -128.44983
1320 1.66113 NaN NaN NaN 173.26196 -112.72076 -16.86899 266.18698 -156.62303 -90.75085 NaN NaN NaN 70.28729 -132.26076 -34.54616 -19.14727 -146.54872 -128.45390
1321 1.66947 NaN NaN NaN 173.25053 -112.75985 -16.83341 266.17117 -156.60320 -90.76051 NaN NaN NaN 70.29529 -132.29218 -34.56418 -19.14263 -146.54637 -128.45973
1322 1.67782 NaN NaN NaN 173.24655 -112.80709 -16.80659 266.14819 -156.60091 -90.76111 NaN NaN NaN 70.30225 -132.29950 -34.57130 -19.13937 -146.56268 -128.45464
1323 1.68616 NaN NaN NaN 173.25722 -112.81171 -16.78823 266.13425 -156.60089 -90.75867 NaN NaN NaN 70.31139 -132.32928 -34.58084 -19.15013 -146.58279 -128.47284
1324 1.69450 NaN NaN NaN 173.25980 -112.85434 -16.76852 266.13272 -156.62009 -90.77562 NaN NaN NaN 70.31180 -132.33969 -34.59020 -19.16056 -146.58340 -128.47458
1325 1.70284 NaN NaN NaN 173.29179 -112.89634 -16.72109 266.09988 -156.64159 -90.76196 NaN NaN NaN 70.31358 -132.36084 -34.61809 -19.18274 -146.59093 -128.48640
1326 1.71118 NaN NaN NaN 173.28381 -112.96081 -16.67496 266.08011 -156.66956 -90.77073 NaN NaN NaN 70.31095 -132.36511 -34.62593 -19.20315 -146.57582 -128.47298
1327 1.71953 NaN NaN NaN 173.29543 -113.02139 -16.63224 266.07614 -156.68011 -90.77451 NaN NaN NaN 70.30033 -132.36852 -34.63379 -19.21508 -146.58627 -128.45488
1328 1.72787 NaN NaN NaN 173.30728 -113.06719 -16.60945 266.07129 -156.68875 -90.78151 NaN NaN NaN 70.29093 -132.37468 -34.64357 -19.20122 -146.62447 -128.45418
1329 1.73621 NaN NaN NaN 173.32227 -113.07908 -16.59189 266.05737 -156.68262 -90.76844 NaN NaN NaN 70.29958 -132.38651 -34.61632 -19.21429 -146.66881 -128.43561
1330 1.74455 NaN NaN NaN 173.32811 -113.08683 -16.58698 266.05927 -156.67657 -90.78249 NaN NaN NaN 70.28500 -132.40405 -34.59552 -19.21267 -146.69861 -128.43518
1331 1.75289 NaN NaN NaN 173.33704 -113.08498 -16.57761 266.07150 -156.67909 -90.79107 NaN NaN NaN 70.28593 -132.42554 -34.59556 -19.19480 -146.72990 -128.42461
1332 1.76123 NaN NaN NaN 173.32597 -113.06549 -16.56167 266.06995 -156.68019 -90.77757 NaN NaN NaN 70.28501 -132.41861 -34.58409 -19.21817 -146.74168 -128.42226
1333 1.76958 NaN NaN NaN 173.33502 -113.06576 -16.56630 266.05542 -156.69391 -90.76402 NaN NaN NaN 70.29102 -132.43855 -34.58576 -19.20390 -146.75551 -128.41675
1334 1.77792 NaN NaN NaN 173.32185 -113.06311 -16.54703 266.04703 -156.69325 -90.75666 NaN NaN NaN 70.28391 -132.44289 -34.57914 -19.18799 -146.76607 -128.41582
1335 1.78626 NaN NaN NaN 173.32864 -113.05871 -16.53988 266.05734 -156.70502 -90.74842 NaN NaN NaN 70.29380 -132.45815 -34.58803 -19.22511 -146.78267 -128.42148
1336 1.79460 NaN NaN NaN 173.32994 -113.06760 -16.54517 266.06049 -156.71106 -90.76572 NaN NaN NaN 70.28748 -132.46178 -34.58444 -19.19307 -146.79842 -128.40846
1337 1.80294 NaN NaN NaN 173.33353 -113.08128 -16.56561 266.06433 -156.72829 -90.75262 NaN NaN NaN 70.29623 -132.46004 -34.61337 -19.18091 -146.80743 -128.40099
1338 1.81129 NaN NaN NaN 173.32947 -113.09674 -16.56575 266.05701 -156.72925 -90.76623 NaN NaN NaN 70.29351 -132.45000 -34.60928 -19.17630 -146.83353 -128.40480
1339 1.81963 NaN NaN NaN 173.32776 -113.09662 -16.57349 266.06717 -156.74391 -90.78561 NaN NaN NaN 70.30450 -132.44633 -34.62579 -19.19183 -146.82208 -128.41116
1340 1.82797 NaN NaN NaN 173.34003 -113.11164 -16.57903 266.07117 -156.76529 -90.78345 NaN NaN NaN 70.32159 -132.46004 -34.64007 -19.20649 -146.81013 -128.40221
1341 1.83631 NaN NaN NaN 173.33395 -113.11430 -16.58358 266.06451 -156.74667 -90.76092 NaN NaN NaN 70.32388 -132.45084 -34.63026 -19.22354 -146.80521 -128.41824
1342 1.84465 NaN NaN NaN 173.32568 -113.11004 -16.58856 266.06357 -156.74185 -90.78390 NaN NaN NaN 70.31942 -132.46617 -34.62979 -19.17532 -146.83264 -128.41359
1343 1.85299 NaN NaN NaN 173.32561 -113.09708 -16.59319 266.06644 -156.73257 -90.78468 NaN NaN NaN 70.32350 -132.45306 -34.63521 -19.18521 -146.80869 -128.41954
1344 1.86134 NaN NaN NaN 173.31461 -113.09940 -16.60363 266.05057 -156.73645 -90.79551 NaN NaN NaN 70.33929 -132.45013 -34.64193 -19.17654 -146.81743 -128.41542
1345 1.86968 NaN NaN NaN 173.32004 -113.09875 -16.61244 266.06320 -156.72815 -90.78987 NaN NaN NaN 70.34177 -132.43570 -34.63745 -19.16383 -146.80733 -128.40216
1346 1.87802 NaN NaN NaN 173.31444 -113.09426 -16.61291 266.06567 -156.70967 -90.78212 NaN NaN NaN 70.35558 -132.41428 -34.64463 -19.16106 -146.79680 -128.39702
1347 1.88636 NaN NaN NaN 173.31903 -113.06720 -16.61287 266.05826 -156.71074 -90.77463 NaN NaN NaN 70.36342 -132.40178 -34.63029 -19.16291 -146.78903 -128.39821
1348 1.89470 NaN NaN NaN 173.30724 -113.05195 -16.60396 266.07251 -156.68550 -90.77695 NaN NaN NaN 70.38173 -132.37651 -34.62486 -19.14907 -146.77431 -128.40445
1349 1.90304 NaN NaN NaN 173.31480 -113.01711 -16.60550 266.08530 -156.67075 -90.74719 NaN NaN NaN 70.37472 -132.36418 -34.63046 -19.11269 -146.76820 -128.41673
1350 1.91139 NaN NaN NaN 173.31572 -113.01727 -16.60742 266.08783 -156.65857 -90.75339 NaN NaN NaN 70.36800 -132.37099 -34.61326 -19.11594 -146.74901 -128.41129
1351 1.91973 NaN NaN NaN 173.32147 -112.99252 -16.60415 266.09799 -156.63651 -90.74171 NaN NaN NaN 70.35963 -132.35052 -34.62938 -19.12816 -146.70525 -128.39575
1352 1.92807 NaN NaN NaN 173.30943 -112.98293 -16.60100 266.09763 -156.64166 -90.73772 NaN NaN NaN 70.36710 -132.34000 -34.59319 -19.13291 -146.68452 -128.40549
1353 1.93641 NaN NaN NaN 173.32092 -112.95499 -16.60679 266.10751 -156.62532 -90.74063 NaN NaN NaN 70.37155 -132.33931 -34.60203 -19.13615 -146.67355 -128.43872
1354 1.94475 NaN NaN NaN 173.31401 -112.94718 -16.61199 266.12155 -156.58955 -90.73717 NaN NaN NaN 70.36735 -132.30670 -34.59915 -19.13772 -146.63074 -128.42555
1355 1.95310 NaN NaN NaN 173.32452 -112.92403 -16.62658 266.11935 -156.57349 -90.73489 NaN NaN NaN 70.36664 -132.29686 -34.62315 -19.13853 -146.60724 -128.43254
1356 1.96144 NaN NaN NaN 173.31230 -112.90928 -16.62731 266.10300 -156.55219 -90.74886 NaN NaN NaN 70.36286 -132.26848 -34.61825 -19.13599 -146.60330 -128.44479
1357 1.96978 NaN NaN NaN 173.31578 -112.89651 -16.63584 266.11304 -156.54459 -90.75309 NaN NaN NaN 70.35099 -132.25127 -34.63256 -19.14416 -146.60387 -128.42487
1358 1.97812 NaN NaN NaN 173.31190 -112.89529 -16.64607 266.11377 -156.55859 -90.76070 NaN NaN NaN 70.35967 -132.24725 -34.63045 -19.13226 -146.61090 -128.42915
1359 1.98646 NaN NaN NaN 173.32541 -112.89281 -16.66021 266.11911 -156.56277 -90.75645 NaN NaN NaN 70.36256 -132.24944 -34.64369 -19.12683 -146.60997 -128.44453
1360 1.99480 NaN NaN NaN 173.30785 -112.87837 -16.66166 266.11157 -156.53824 -90.77509 NaN NaN NaN 70.34954 -132.22458 -34.65526 -19.11360 -146.60255 -128.42493
1361 2.00315 NaN NaN NaN 173.30840 -112.86343 -16.67446 266.10193 -156.51604 -90.77085 NaN NaN NaN 70.35940 -132.20686 -34.63638 -19.11641 -146.59003 -128.44974
1362 2.01149 NaN NaN NaN 173.28851 -112.85905 -16.66575 266.08893 -156.49559 -90.78070 NaN NaN NaN 70.36588 -132.19954 -34.62275 -19.13199 -146.57535 -128.43419
1363 2.01983 NaN NaN NaN 173.28653 -112.83734 -16.66941 266.07443 -156.48491 -90.78089 NaN NaN NaN 70.36007 -132.18793 -34.62345 -19.15069 -146.55925 -128.42540
1364 2.02817 NaN NaN NaN 173.26970 -112.83123 -16.69591 266.09152 -156.46176 -90.79436 NaN NaN NaN 70.36605 -132.17473 -34.63170 -19.14986 -146.56795 -128.42612
1365 2.03651 NaN NaN NaN 173.27464 -112.81515 -16.69313 266.10391 -156.46385 -90.79277 NaN NaN NaN 70.35685 -132.17662 -34.63013 -19.14003 -146.55109 -128.43033
1366 2.04486 NaN NaN NaN 173.26268 -112.81054 -16.70951 266.10986 -156.46843 -90.78319 NaN NaN NaN 70.35892 -132.15927 -34.63310 -19.12076 -146.57599 -128.42068
1367 2.05320 NaN NaN NaN 173.25246 -112.76867 -16.71825 266.10196 -156.45139 -90.78275 NaN NaN NaN 70.35645 -132.18298 -34.61135 -19.12679 -146.55009 -128.42570
1368 2.06154 NaN NaN NaN 173.24841 -112.74486 -16.74938 266.08661 -156.44044 -90.78527 NaN NaN NaN 70.35595 -132.16507 -34.62336 -19.12877 -146.58232 -128.42149
1369 2.06988 NaN NaN NaN 173.23491 -112.73390 -16.74891 266.09048 -156.45029 -90.78813 NaN NaN NaN 70.35377 -132.16649 -34.61409 -19.13749 -146.56168 -128.41107
1370 2.07822 NaN NaN NaN 173.22720 -112.74201 -16.77702 266.07364 -156.42609 -90.79178 NaN NaN NaN 70.34125 -132.15009 -34.62693 -19.14851 -146.55495 -128.42044
1371 2.08656 NaN NaN NaN 173.22183 -112.74850 -16.76588 266.09109 -156.44305 -90.78973 NaN NaN NaN 70.34279 -132.16051 -34.63032 -19.15493 -146.54590 -128.42595
1372 2.09491 NaN NaN NaN 173.20770 -112.74805 -16.78220 266.07278 -156.43262 -90.80666 NaN NaN NaN 70.33294 -132.15332 -34.63093 -19.15700 -146.55641 -128.43307
1373 2.10325 NaN NaN NaN 173.20609 -112.76083 -16.77127 266.06262 -156.45621 -90.79580 NaN NaN NaN 70.33823 -132.16203 -34.62540 -19.15607 -146.53644 -128.42348
1374 2.11159 NaN NaN NaN 173.19656 -112.78718 -16.76842 266.07126 -156.45764 -90.80270 NaN NaN NaN 70.33849 -132.16852 -34.61806 -19.15740 -146.56621 -128.42987
1375 2.11993 NaN NaN NaN 173.19449 -112.80156 -16.76536 266.05939 -156.47238 -90.79762 NaN NaN NaN 70.33534 -132.18781 -34.62699 -19.16070 -146.57634 -128.42009
1376 2.12827 NaN NaN NaN 173.19174 -112.83618 -16.76793 266.05200 -156.48312 -90.79771 NaN NaN NaN 70.32873 -132.19278 -34.62801 -19.16181 -146.60414 -128.41759
1377 2.13662 NaN NaN NaN 173.18735 -112.84637 -16.77188 266.05157 -156.50356 -90.79920 NaN NaN NaN 70.32793 -132.20833 -34.63547 -19.15989 -146.62311 -128.40752
1378 2.14496 NaN NaN NaN 173.19470 -112.86955 -16.76524 266.04703 -156.54599 -90.81172 NaN NaN NaN 70.32922 -132.22913 -34.61801 -19.15895 -146.64244 -128.41180
1379 2.15330 NaN NaN NaN 173.19450 -112.86914 -16.77466 266.04910 -156.55110 -90.80206 NaN NaN NaN 70.32615 -132.25616 -34.61831 -19.16446 -146.66702 -128.40663
1380 2.16164 NaN NaN NaN 173.19624 -112.86431 -16.77271 266.04727 -156.57440 -90.81449 NaN NaN NaN 70.32011 -132.25948 -34.63908 -19.16698 -146.69171 -128.40381
1381 2.16998 NaN NaN NaN 173.17545 -112.88235 -16.78300 266.05179 -156.56209 -90.81071 NaN NaN NaN 70.33784 -132.29843 -34.65288 -19.15374 -146.70981 -128.42065
1382 2.17832 NaN NaN NaN 173.18803 -112.88295 -16.77485 266.03040 -156.57130 -90.82164 NaN NaN NaN 70.34265 -132.29205 -34.64755 -19.17893 -146.70929 -128.41037
1383 2.18667 NaN NaN NaN 173.17831 -112.89596 -16.78158 266.02679 -156.57126 -90.81238 NaN NaN NaN 70.34645 -132.31949 -34.63797 -19.18582 -146.72366 -128.41766
1384 2.19501 NaN NaN NaN 173.17912 -112.90055 -16.78066 266.01898 -156.57216 -90.81501 NaN NaN NaN 70.33223 -132.29608 -34.66104 -19.18284 -146.74037 -128.40790
1385 2.20335 NaN NaN NaN 173.17514 -112.90877 -16.77624 266.02817 -156.61330 -90.80019 NaN NaN NaN 70.33319 -132.29695 -34.65957 -19.18979 -146.78340 -128.42419
1386 2.21169 NaN NaN NaN 173.18024 -112.90179 -16.77258 266.02454 -156.61481 -90.78931 NaN NaN NaN 70.34640 -132.29797 -34.67118 -19.17412 -146.78828 -128.41483
1387 2.22003 NaN NaN NaN 173.16521 -112.89436 -16.77472 266.03378 -156.62885 -90.77502 NaN NaN NaN 70.35252 -132.31714 -34.66182 -19.20150 -146.79387 -128.40866
1388 2.22837 NaN NaN NaN 173.18120 -112.89438 -16.75635 266.03873 -156.62318 -90.78670 NaN NaN NaN 70.34193 -132.30757 -34.66378 -19.19738 -146.78938 -128.39743
1389 2.23672 NaN NaN NaN 173.17758 -112.90845 -16.72316 266.04834 -156.63379 -90.77476 NaN NaN NaN 70.34806 -132.32701 -34.65674 -19.18177 -146.79405 -128.40839
1390 2.24506 NaN NaN NaN 173.19124 -112.90864 -16.73149 266.04175 -156.64551 -90.76209 NaN NaN NaN 70.33743 -132.33789 -34.65519 -19.16279 -146.81398 -128.41260
1391 2.25340 NaN NaN NaN 173.19685 -112.91295 -16.72004 266.04413 -156.63322 -90.76619 NaN NaN NaN 70.33269 -132.33971 -34.64868 -19.19051 -146.81491 -128.41295
1392 2.26174 NaN NaN NaN 173.20222 -112.91359 -16.72737 266.03879 -156.61809 -90.78340 NaN NaN NaN 70.33750 -132.34302 -34.64349 -19.19955 -146.80392 -128.40735
1393 2.27008 NaN NaN NaN 173.19463 -112.90649 -16.73261 266.03220 -156.60750 -90.78284 NaN NaN NaN 70.35400 -132.35121 -34.64064 -19.17053 -146.78278 -128.39424
1394 2.27843 NaN NaN NaN 173.19119 -112.90900 -16.73727 266.04605 -156.62733 -90.79823 NaN NaN NaN 70.36546 -132.33633 -34.63370 -19.14403 -146.78851 -128.40442
1395 2.28677 NaN NaN NaN 173.20097 -112.90820 -16.71996 266.03455 -156.61499 -90.78583 NaN NaN NaN 70.35545 -132.33002 -34.64573 -19.14289 -146.78636 -128.40266
1396 2.29511 NaN NaN NaN 173.20164 -112.89374 -16.73079 266.03647 -156.59561 -90.80385 NaN NaN NaN 70.35786 -132.31314 -34.65937 -19.17225 -146.76575 -128.41563
1397 2.30345 NaN NaN NaN 173.20967 -112.88635 -16.75180 266.04346 -156.58524 -90.79356 NaN NaN NaN 70.35983 -132.31473 -34.66422 -19.16095 -146.72076 -128.41798
1398 2.31179 NaN NaN NaN 173.20300 -112.87399 -16.75334 266.04395 -156.57886 -90.80464 NaN NaN NaN 70.36219 -132.30629 -34.66957 -19.16789 -146.69798 -128.42537
1399 2.32013 NaN NaN NaN 173.20619 -112.88070 -16.73155 266.03827 -156.56262 -90.79460 NaN NaN NaN 70.37180 -132.30989 -34.66628 -19.13385 -146.71361 -128.43813
1400 2.32848 NaN NaN NaN 173.18933 -112.87543 -16.73902 266.04510 -156.54936 -90.81063 NaN NaN NaN 70.37358 -132.28760 -34.67059 -19.11909 -146.69029 -128.43129
1401 2.33682 NaN NaN NaN 173.20558 -112.87100 -16.73054 266.04321 -156.52953 -90.80367 NaN NaN NaN 70.37503 -132.27948 -34.67913 -19.12292 -146.69106 -128.42131
1402 2.34516 NaN NaN NaN 173.19858 -112.86203 -16.73446 266.03574 -156.54646 -90.81214 NaN NaN NaN 70.37040 -132.27798 -34.66832 -19.13029 -146.68828 -128.42635
1403 2.35350 NaN NaN NaN 173.18954 -112.84871 -16.73641 266.01242 -156.51411 -90.81519 NaN NaN NaN 70.37157 -132.28824 -34.67719 -19.13648 -146.67247 -128.42018
1404 2.36184 NaN NaN NaN 173.18546 -112.84053 -16.75147 266.01855 -156.51913 -90.80965 NaN NaN NaN 70.37519 -132.27440 -34.66931 -19.13780 -146.64696 -128.45044
1405 2.37019 NaN NaN NaN 173.19221 -112.81580 -16.73234 266.01108 -156.51495 -90.80864 NaN NaN NaN 70.37518 -132.28499 -34.66626 -19.13951 -146.62431 -128.44649
1406 2.37853 NaN NaN NaN 173.18890 -112.82294 -16.73636 266.01071 -156.50496 -90.79900 NaN NaN NaN 70.35955 -132.26944 -34.66638 -19.13971 -146.62422 -128.43655
1407 2.38687 NaN NaN NaN 173.19147 -112.81293 -16.74111 266.01535 -156.51074 -90.79807 NaN NaN NaN 70.36378 -132.25531 -34.68036 -19.14855 -146.63528 -128.43126
1408 2.39521 NaN NaN NaN 173.18224 -112.81530 -16.73418 266.01886 -156.50819 -90.79382 NaN NaN NaN 70.36766 -132.24240 -34.67899 -19.15476 -146.62936 -128.42265
1409 2.40355 NaN NaN NaN 173.18991 -112.81163 -16.70786 266.02371 -156.49979 -90.79095 NaN NaN NaN 70.35968 -132.23549 -34.67812 -19.15436 -146.61565 -128.42133
1410 2.41189 NaN NaN NaN 173.18851 -112.80867 -16.70886 266.02878 -156.48463 -90.78629 NaN NaN NaN 70.35088 -132.21902 -34.65242 -19.13571 -146.63702 -128.41443
1411 2.42024 NaN NaN NaN 173.20886 -112.80187 -16.70191 266.04077 -156.49524 -90.77522 NaN NaN NaN 70.35959 -132.21793 -34.65768 -19.14374 -146.62555 -128.41551
1412 2.42858 NaN NaN NaN 173.20686 -112.81188 -16.68802 266.03232 -156.50438 -90.75739 NaN NaN NaN 70.36046 -132.18703 -34.63680 -19.13603 -146.61963 -128.40494
1413 2.43692 NaN NaN NaN 173.21008 -112.80746 -16.67023 266.03467 -156.50981 -90.73792 NaN NaN NaN 70.36240 -132.17918 -34.63475 -19.13276 -146.61409 -128.40971
1414 2.44526 NaN NaN NaN 173.22208 -112.78370 -16.63882 266.04877 -156.47980 -90.70995 NaN NaN NaN 70.35296 -132.17114 -34.62587 -19.13450 -146.60985 -128.41843
1415 2.45360 NaN NaN NaN 173.22850 -112.78671 -16.64130 266.06256 -156.48662 -90.71329 NaN NaN NaN 70.35340 -132.17686 -34.61304 -19.14971 -146.60001 -128.42342
1416 2.46194 NaN NaN NaN 173.23334 -112.79038 -16.61950 266.06277 -156.47498 -90.72015 NaN NaN NaN 70.34988 -132.17139 -34.61164 -19.14166 -146.59894 -128.41257
1417 2.47029 NaN NaN NaN 173.24045 -112.77973 -16.61531 266.06543 -156.49924 -90.71506 NaN NaN NaN 70.35135 -132.17975 -34.60579 -19.15113 -146.58255 -128.39369
1418 2.47863 NaN NaN NaN 173.23740 -112.77957 -16.61906 266.06436 -156.49391 -90.68357 NaN NaN NaN 70.35188 -132.17661 -34.61124 -19.13169 -146.58560 -128.40053
1419 2.48697 NaN NaN NaN 173.25160 -112.78164 -16.61165 266.05676 -156.52008 -90.68905 NaN NaN NaN 70.35496 -132.17517 -34.62701 -19.13703 -146.59053 -128.38655
1420 2.49531 NaN NaN NaN 173.24005 -112.80473 -16.60702 266.07242 -156.50969 -90.67551 NaN NaN NaN 70.37038 -132.14903 -34.62846 -19.13848 -146.62292 -128.38992
1421 2.50365 NaN NaN NaN 173.23973 -112.80254 -16.60986 266.06525 -156.51564 -90.69654 NaN NaN NaN 70.38226 -132.17374 -34.62372 -19.14578 -146.61639 -128.40413
1422 2.51200 NaN NaN NaN 173.21747 -112.80461 -16.62100 266.06265 -156.49950 -90.68449 NaN NaN NaN 70.39429 -132.16800 -34.62151 -19.13411 -146.62503 -128.39290
1423 2.52034 NaN NaN NaN 173.22165 -112.80379 -16.63329 266.04614 -156.52272 -90.71376 NaN NaN NaN 70.38640 -132.19879 -34.60348 -19.14598 -146.62341 -128.38501
1424 2.52868 NaN NaN NaN 173.21078 -112.81654 -16.62988 266.06491 -156.50928 -90.69612 NaN NaN NaN 70.39038 -132.21539 -34.62173 -19.13521 -146.64258 -128.38516
1425 2.53702 NaN NaN NaN 173.20432 -112.83182 -16.65457 266.06033 -156.49916 -90.71079 NaN NaN NaN 70.40128 -132.22871 -34.62893 -19.13611 -146.61176 -128.40047
1426 2.54536 NaN NaN NaN 173.20276 -112.82342 -16.65102 266.06094 -156.52184 -90.71209 NaN NaN NaN 70.40117 -132.22910 -34.62948 -19.13021 -146.61182 -128.41277
1427 2.55370 NaN NaN NaN 173.19775 -112.81414 -16.66302 266.05145 -156.54059 -90.71119 NaN NaN NaN 70.39439 -132.22455 -34.64433 -19.13547 -146.60905 -128.39804
1428 2.56205 NaN NaN NaN 173.21150 -112.83653 -16.66920 266.05096 -156.54852 -90.70248 NaN NaN NaN 70.39249 -132.22133 -34.62553 -19.11626 -146.62773 -128.40410
1429 2.57039 NaN NaN NaN 173.19794 -112.84114 -16.66414 266.05142 -156.55997 -90.70357 NaN NaN NaN 70.39717 -132.23906 -34.64536 -19.12672 -146.64635 -128.40331
1430 2.57873 NaN NaN NaN 173.20555 -112.85210 -16.63441 266.06128 -156.54698 -90.67337 NaN NaN NaN 70.41191 -132.26212 -34.62487 -19.12237 -146.65326 -128.39919
1431 2.58707 NaN NaN NaN 173.21049 -112.84900 -16.63027 266.05865 -156.56171 -90.68851 NaN NaN NaN 70.39469 -132.26660 -34.65762 -19.13248 -146.66612 -128.39731
1432 2.59541 NaN NaN NaN 173.21120 -112.86718 -16.62389 266.05807 -156.55008 -90.69096 NaN NaN NaN 70.39223 -132.27309 -34.63789 -19.13560 -146.65741 -128.40002
1433 2.60376 NaN NaN NaN 173.22289 -112.86923 -16.63963 266.06506 -156.56308 -90.70284 NaN NaN NaN 70.39771 -132.27444 -34.66017 -19.11571 -146.67111 -128.41577
1434 2.61210 NaN NaN NaN 173.21696 -112.88376 -16.63094 266.07068 -156.56694 -90.66996 NaN NaN NaN 70.40743 -132.28952 -34.65948 -19.11264 -146.66656 -128.41998
1435 2.62044 NaN NaN NaN 173.21776 -112.89596 -16.63390 266.07150 -156.60310 -90.67841 NaN NaN NaN 70.42193 -132.30923 -34.65785 -19.11772 -146.67473 -128.41457
1436 2.62878 NaN NaN NaN 173.21744 -112.91046 -16.61892 266.06247 -156.60312 -90.66728 NaN NaN NaN 70.42063 -132.31702 -34.65996 -19.12483 -146.67772 -128.40958
1437 2.63712 NaN NaN NaN 173.22849 -112.93008 -16.61376 266.07108 -156.61905 -90.68665 NaN NaN NaN 70.42419 -132.33836 -34.65767 -19.11493 -146.69734 -128.41171
1438 2.64546 NaN NaN NaN 173.23091 -112.94925 -16.59849 266.08084 -156.64011 -90.69006 NaN NaN NaN 70.43304 -132.33929 -34.67815 -19.12296 -146.71889 -128.41820
1439 2.65381 NaN NaN NaN 173.24272 -112.97743 -16.59911 266.08328 -156.64420 -90.68359 NaN NaN NaN 70.43913 -132.35223 -34.68245 -19.11804 -146.73241 -128.43666
1440 2.66215 NaN NaN NaN 173.24403 -112.97890 -16.59476 266.06686 -156.65059 -90.69169 NaN NaN NaN 70.45648 -132.36626 -34.68539 -19.14528 -146.73473 -128.43953
1441 2.67049 NaN NaN NaN 173.24850 -113.00671 -16.59486 266.08362 -156.65495 -90.67796 NaN NaN NaN 70.44576 -132.38644 -34.68700 -19.11922 -146.72862 -128.42720
1442 2.67883 NaN NaN NaN 173.23625 -112.97618 -16.57712 266.06659 -156.65955 -90.67651 NaN NaN NaN 70.45870 -132.42415 -34.68887 -19.10342 -146.73869 -128.43181
1443 2.68717 NaN NaN NaN 173.21396 -112.95708 -16.61105 266.07318 -156.66684 -90.65914 NaN NaN NaN 70.45692 -132.44398 -34.69146 -19.10440 -146.72932 -128.42603
1444 2.69551 NaN NaN NaN 173.20445 -112.94138 -16.62049 266.06567 -156.65492 -90.66597 NaN NaN NaN 70.48235 -132.43871 -34.71228 -19.09146 -146.76721 -128.43600
1445 2.70386 NaN NaN NaN 173.18909 -112.92937 -16.64516 266.06662 -156.65329 -90.66832 NaN NaN NaN 70.47088 -132.44897 -34.72187 -19.09611 -146.74504 -128.42383
1446 2.71220 NaN NaN NaN 173.19531 -112.93868 -16.64338 266.05582 -156.63316 -90.65245 NaN NaN NaN 70.47290 -132.45851 -34.72602 -19.09643 -146.73613 -128.45181
1447 2.72054 NaN NaN NaN 173.18996 -112.91663 -16.65362 266.06165 -156.63225 -90.66314 NaN NaN NaN 70.49351 -132.44841 -34.72802 -19.12892 -146.71103 -128.43922
1448 2.72888 NaN NaN NaN 173.18759 -112.92760 -16.64600 266.05835 -156.60384 -90.65900 NaN NaN NaN 70.50993 -132.45874 -34.73050 -19.12419 -146.69519 -128.44691
1449 2.73722 NaN NaN NaN 173.19771 -112.90807 -16.64497 266.08011 -156.60829 -90.66261 NaN NaN NaN 70.51172 -132.45316 -34.73779 -19.10799 -146.70967 -128.43611
1450 2.74557 NaN NaN NaN 173.19595 -112.92140 -16.64522 266.08658 -156.58397 -90.66117 NaN NaN NaN 70.50663 -132.45370 -34.73246 -19.12276 -146.71651 -128.44574
1451 2.75391 NaN NaN NaN 173.20779 -112.91454 -16.64152 266.09875 -156.58704 -90.67443 NaN NaN NaN 70.51210 -132.45779 -34.72855 -19.14113 -146.71771 -128.43115
1452 2.76225 NaN NaN NaN 173.21819 -112.91067 -16.65084 266.09869 -156.57622 -90.65790 NaN NaN NaN 70.52214 -132.45694 -34.72026 -19.10835 -146.71466 -128.43748
1453 2.77059 NaN NaN NaN 173.22351 -112.89986 -16.65171 266.10199 -156.59525 -90.65550 NaN NaN NaN 70.52942 -132.45724 -34.72523 -19.08506 -146.71527 -128.43753
1454 2.77893 NaN NaN NaN 173.20628 -112.89799 -16.62752 266.10339 -156.58327 -90.64997 NaN NaN NaN 70.51690 -132.44983 -34.72545 -19.08124 -146.71364 -128.43689
1455 2.78727 NaN NaN NaN 173.21164 -112.89966 -16.63634 266.09601 -156.59645 -90.65365 NaN NaN NaN 70.51809 -132.42747 -34.73608 -19.07577 -146.69638 -128.43834
1456 2.79562 NaN NaN NaN 173.23317 -112.89836 -16.62759 266.10693 -156.55423 -90.65171 NaN NaN NaN 70.52634 -132.43581 -34.72797 -19.07734 -146.70978 -128.43961
1457 2.80396 NaN NaN NaN 173.22812 -112.89017 -16.63631 266.10687 -156.57718 -90.66790 NaN NaN NaN 70.54066 -132.43370 -34.74107 -19.08675 -146.70016 -128.43845
1458 2.81230 NaN NaN NaN 173.22150 -112.87445 -16.62945 266.10464 -156.56400 -90.64656 NaN NaN NaN 70.54166 -132.42558 -34.73233 -19.08746 -146.68842 -128.44012
1459 2.82064 NaN NaN NaN 173.22122 -112.86618 -16.63951 266.08548 -156.57095 -90.62724 NaN NaN NaN 70.52895 -132.41946 -34.73300 -19.09120 -146.67781 -128.44128
1460 2.82898 NaN NaN NaN 173.21281 -112.87583 -16.62605 266.08734 -156.54976 -90.62112 NaN NaN NaN 70.53025 -132.43489 -34.72228 -19.07508 -146.67401 -128.44223
1461 2.83733 NaN NaN NaN 173.20346 -112.85542 -16.62164 266.09448 -156.55647 -90.63873 NaN NaN NaN 70.55110 -132.42346 -34.73489 -19.07902 -146.65929 -128.45154
1462 2.84567 NaN NaN NaN 173.19708 -112.86800 -16.60934 266.07550 -156.56146 -90.62286 NaN NaN NaN 70.56017 -132.41869 -34.73873 -19.06373 -146.68204 -128.44611
1463 2.85401 NaN NaN NaN 173.19809 -112.84200 -16.60630 266.08408 -156.54649 -90.61034 NaN NaN NaN 70.55962 -132.41371 -34.73506 -19.07393 -146.67566 -128.43994
1464 2.86235 NaN NaN NaN 173.21143 -112.84012 -16.59833 266.07782 -156.56757 -90.59733 NaN NaN NaN 70.55209 -132.40700 -34.73830 -19.05696 -146.69778 -128.43248
1465 2.87069 NaN NaN NaN 173.20076 -112.83337 -16.60139 266.07492 -156.54121 -90.58712 NaN NaN NaN 70.56378 -132.39763 -34.73548 -19.05869 -146.67612 -128.44460
1466 2.87903 NaN NaN NaN 173.19757 -112.84625 -16.60330 266.07474 -156.53210 -90.59102 NaN NaN NaN 70.57296 -132.40741 -34.73766 -19.04271 -146.68794 -128.43268
1467 2.88738 NaN NaN NaN 173.19528 -112.83504 -16.60108 266.07147 -156.51813 -90.58118 NaN NaN NaN 70.56458 -132.40472 -34.74378 -19.05450 -146.67348 -128.43161
1468 2.89572 NaN NaN NaN 173.20699 -112.82064 -16.59233 266.06595 -156.55589 -90.57851 NaN NaN NaN 70.56445 -132.39565 -34.75131 -19.06786 -146.65970 -128.44655
1469 2.90406 NaN NaN NaN 173.20987 -112.80886 -16.59694 266.07053 -156.56082 -90.56824 NaN NaN NaN 70.56767 -132.39629 -34.74968 -19.07460 -146.66107 -128.44386
1470 2.91240 NaN NaN NaN 173.20731 -112.81583 -16.59550 266.07828 -156.60068 -90.54892 NaN NaN NaN 70.56989 -132.38995 -34.73915 -19.05406 -146.68782 -128.44603
1471 2.92074 NaN NaN NaN 173.19514 -112.78901 -16.59240 266.08081 -156.56450 -90.56240 NaN NaN NaN 70.56429 -132.39661 -34.74397 -19.06373 -146.67839 -128.44440
1472 2.92909 NaN NaN NaN 173.18684 -112.80262 -16.60097 266.07034 -156.57439 -90.55104 NaN NaN NaN 70.56249 -132.39970 -34.75439 -19.04979 -146.68617 -128.44167
1473 2.93743 NaN NaN NaN 173.20525 -112.77831 -16.59572 266.06638 -156.55110 -90.54365 NaN NaN NaN 70.57583 -132.40027 -34.75558 -19.04465 -146.71400 -128.45073
1474 2.94577 NaN NaN NaN 173.20639 -112.79842 -16.58407 266.07077 -156.57089 -90.54465 NaN NaN NaN 70.58582 -132.39900 -34.75239 -19.04315 -146.70073 -128.44658
1475 2.95411 NaN NaN NaN 173.21085 -112.79726 -16.57660 266.07095 -156.55278 -90.54131 NaN NaN NaN 70.57951 -132.40533 -34.75414 -19.05181 -146.69685 -128.46828
1476 2.96245 NaN NaN NaN 173.22035 -112.81229 -16.57869 266.06204 -156.58572 -90.52411 NaN NaN NaN 70.58593 -132.41380 -34.76169 -19.05455 -146.67487 -128.46249
1477 2.97079 NaN NaN NaN 173.20810 -112.80929 -16.58335 266.05634 -156.59464 -90.52676 NaN NaN NaN 70.57852 -132.40771 -34.75744 -19.06107 -146.65863 -128.45699
1478 2.97914 NaN NaN NaN 173.19124 -112.82738 -16.56769 266.05933 -156.61259 -90.51757 NaN NaN NaN 70.58878 -132.40324 -34.75229 -19.04844 -146.68912 -128.45116
1479 2.98748 NaN NaN NaN 173.19826 -112.81727 -16.56076 266.06042 -156.59982 -90.51458 NaN NaN NaN 70.58169 -132.41682 -34.75023 -19.05294 -146.69160 -128.45433
1480 2.99582 NaN NaN NaN 173.18925 -112.81155 -16.55124 266.05652 -156.62631 -90.50301 NaN NaN NaN 70.57935 -132.42113 -34.74983 -19.04541 -146.70932 -128.44998
1481 3.00416 NaN NaN NaN 173.18245 -112.80953 -16.56638 266.03961 -156.58881 -90.52134 NaN NaN NaN 70.57688 -132.41890 -34.75093 -19.05138 -146.69130 -128.45226
1482 3.01250 NaN NaN NaN 173.17256 -112.82671 -16.57626 266.02744 -156.62572 -90.51551 NaN NaN NaN 70.58159 -132.43181 -34.75388 -19.05761 -146.69110 -128.45665
1483 3.02084 NaN NaN NaN 173.18938 -112.82087 -16.57129 266.03256 -156.60901 -90.52039 NaN NaN NaN 70.58096 -132.42986 -34.76529 -19.05559 -146.68373 -128.45903
1484 3.02919 NaN NaN NaN 173.19012 -112.83393 -16.56145 266.04166 -156.63289 -90.50794 NaN NaN NaN 70.56319 -132.41057 -34.75660 -19.05847 -146.68108 -128.45639
1485 3.03753 NaN NaN NaN 173.19124 -112.82710 -16.56591 266.05341 -156.62906 -90.50534 NaN NaN NaN 70.57786 -132.41997 -34.76565 -19.05556 -146.69600 -128.47766
1486 3.04587 NaN NaN NaN 173.18433 -112.84221 -16.57283 266.04874 -156.63432 -90.48988 NaN NaN NaN 70.58987 -132.42937 -34.75670 -19.03942 -146.70340 -128.48001
1487 3.05421 NaN NaN NaN 173.19608 -112.82668 -16.56526 266.04846 -156.61638 -90.50191 NaN NaN NaN 70.58957 -132.41989 -34.76136 -19.03354 -146.70769 -128.46167
1488 3.06255 NaN NaN NaN 173.19147 -112.82571 -16.56830 266.05069 -156.63525 -90.49454 NaN NaN NaN 70.60316 -132.41817 -34.77616 -19.04009 -146.68912 -128.45804
1489 3.07090 NaN NaN NaN 173.19037 -112.80650 -16.57740 266.04901 -156.61044 -90.50882 NaN NaN NaN 70.59700 -132.40903 -34.77535 -19.03417 -146.71187 -128.45149
1490 3.07924 NaN NaN NaN 173.16789 -112.81267 -16.56273 266.03772 -156.62201 -90.50039 NaN NaN NaN 70.60047 -132.43492 -34.76969 -19.05002 -146.72177 -128.45554
1491 3.08758 NaN NaN NaN 173.16737 -112.80622 -16.56802 266.02701 -156.62407 -90.50021 NaN NaN NaN 70.59237 -132.44044 -34.76023 -19.04454 -146.71132 -128.47270
1492 3.09592 NaN NaN NaN 173.15985 -112.81294 -16.57017 266.03165 -156.63228 -90.49399 NaN NaN NaN 70.58743 -132.46199 -34.75590 -19.04477 -146.71999 -128.45149
1493 3.10426 NaN NaN NaN 173.18677 -112.81502 -16.56697 266.04028 -156.62180 -90.50208 NaN NaN NaN 70.60480 -132.46243 -34.77347 -19.05160 -146.71141 -128.45335
1494 3.11260 NaN NaN NaN 173.17433 -112.82643 -16.55939 266.03754 -156.62360 -90.49966 NaN NaN NaN 70.59771 -132.47362 -34.75745 -19.03815 -146.71686 -128.47002
1495 3.12095 NaN NaN NaN 173.18661 -112.83126 -16.56279 266.05252 -156.61806 -90.50159 NaN NaN NaN 70.58681 -132.46922 -34.76889 -19.05043 -146.69772 -128.45247
1496 3.12929 NaN NaN NaN 173.17627 -112.83550 -16.55253 266.04352 -156.63042 -90.48640 NaN NaN NaN 70.59295 -132.47609 -34.76096 -19.05647 -146.71339 -128.45235
1497 3.13763 NaN NaN NaN 173.18234 -112.83981 -16.55054 266.04813 -156.62970 -90.49695 NaN NaN NaN 70.59367 -132.46068 -34.76617 -19.04839 -146.71188 -128.44337
1498 3.14597 NaN NaN NaN 173.18924 -112.82980 -16.53927 266.04480 -156.63994 -90.49767 NaN NaN NaN 70.59143 -132.47116 -34.75275 -19.05976 -146.71054 -128.44034
1499 3.15431 NaN NaN NaN 173.18962 -112.80497 -16.53743 266.02393 -156.62825 -90.50558 NaN NaN NaN 70.58934 -132.46638 -34.75905 -19.08194 -146.70244 -128.44566
1500 3.16266 NaN NaN NaN 173.19220 -112.80217 -16.53238 266.00931 -156.64716 -90.50404 NaN NaN NaN 70.59625 -132.46121 -34.76557 -19.05912 -146.71599 -128.46732
1501 3.17100 NaN NaN NaN 173.18694 -112.80643 -16.54722 266.03287 -156.63048 -90.49339 NaN NaN NaN 70.58870 -132.46303 -34.77002 -19.04929 -146.71881 -128.45697
1502 3.17934 NaN NaN NaN 173.18446 -112.80201 -16.53165 266.04477 -156.64420 -90.48409 NaN NaN NaN 70.58286 -132.47450 -34.76525 -19.04387 -146.73222 -128.44922
1503 3.18768 NaN NaN NaN 173.19252 -112.77910 -16.52645 266.03580 -156.63908 -90.49029 NaN NaN NaN 70.57344 -132.47278 -34.74828 -19.04891 -146.72900 -128.46974
1504 3.19602 NaN NaN NaN 173.17955 -112.79807 -16.53990 266.02551 -156.64258 -90.49770 NaN NaN NaN 70.58090 -132.47455 -34.74322 -19.06167 -146.70876 -128.44424
1505 3.20436 NaN NaN NaN 173.18346 -112.79319 -16.53340 266.02740 -156.64551 -90.49181 NaN NaN NaN 70.57713 -132.46040 -34.74892 -19.06600 -146.70027 -128.44206
1506 3.21271 NaN NaN NaN 173.17778 -112.79336 -16.53034 266.01328 -156.64369 -90.50858 NaN NaN NaN 70.57861 -132.46976 -34.75840 -19.06820 -146.69885 -128.44243
1507 3.22105 NaN NaN NaN 173.18436 -112.79288 -16.52769 266.03748 -156.63435 -90.49982 NaN NaN NaN 70.58852 -132.45889 -34.75866 -19.06383 -146.70918 -128.42746
1508 3.22939 NaN NaN NaN 173.18665 -112.79408 -16.52775 266.03769 -156.63745 -90.49000 NaN NaN NaN 70.60381 -132.44997 -34.75119 -19.04270 -146.72881 -128.42210
1509 3.23773 NaN NaN NaN 173.18536 -112.79320 -16.52988 266.03464 -156.61255 -90.50514 NaN NaN NaN 70.60038 -132.44145 -34.75240 -19.05279 -146.72154 -128.42914
1510 3.24607 NaN NaN NaN 173.18542 -112.81498 -16.54451 266.00992 -156.63564 -90.50735 NaN NaN NaN 70.60600 -132.45236 -34.75305 -19.04617 -146.71265 -128.43364
1511 3.25441 NaN NaN NaN 173.18443 -112.83525 -16.55160 266.03110 -156.62065 -90.51060 NaN NaN NaN 70.60130 -132.43304 -34.75329 -19.04605 -146.70114 -128.43144
1512 3.26276 NaN NaN NaN 173.17516 -112.83031 -16.55214 266.03006 -156.61470 -90.50777 NaN NaN NaN 70.60503 -132.43201 -34.75784 -19.05198 -146.69398 -128.43895
1513 3.27110 NaN NaN NaN 173.18581 -112.82106 -16.56039 266.03387 -156.59840 -90.51411 NaN NaN NaN 70.59933 -132.42209 -34.76022 -19.04636 -146.68581 -128.43968
1514 3.27944 NaN NaN NaN 173.17534 -112.81264 -16.55949 266.02756 -156.59100 -90.51283 NaN NaN NaN 70.60700 -132.42392 -34.75331 -19.04437 -146.69064 -128.43985
1515 3.28778 NaN NaN NaN 173.17014 -112.80113 -16.57223 266.03140 -156.57582 -90.53080 NaN NaN NaN 70.60226 -132.40366 -34.75583 -19.05139 -146.67607 -128.44043
1516 3.29612 NaN NaN NaN 173.15724 -112.80975 -16.57360 266.02081 -156.60565 -90.51598 NaN NaN NaN 70.60855 -132.40567 -34.75452 -19.05729 -146.68274 -128.44310
1517 3.30447 NaN NaN NaN 173.17049 -112.79588 -16.57908 266.02951 -156.58559 -90.52153 NaN NaN NaN 70.60443 -132.39528 -34.75599 -19.04566 -146.67491 -128.45357
1518 3.31281 NaN NaN NaN 173.16533 -112.81953 -16.57008 266.02335 -156.58820 -90.52790 NaN NaN NaN 70.60567 -132.38368 -34.75690 -19.05185 -146.67865 -128.44347
1519 3.32115 NaN NaN NaN 173.16319 -112.80522 -16.57381 266.02283 -156.56357 -90.52930 NaN NaN NaN 70.59144 -132.38460 -34.75550 -19.02907 -146.69861 -128.44815
1520 3.32949 NaN NaN NaN 173.15669 -112.81155 -16.56782 266.02637 -156.58823 -90.52499 NaN NaN NaN 70.59769 -132.38676 -34.75229 -19.02646 -146.71158 -128.42648
1521 3.33783 NaN NaN NaN 173.16347 -112.80739 -16.57418 266.03058 -156.57408 -90.52283 NaN NaN NaN 70.60354 -132.38641 -34.75354 -19.04205 -146.69946 -128.42792
1522 3.34617 NaN NaN NaN 173.14845 -112.82115 -16.56766 266.02567 -156.59503 -90.52100 NaN NaN NaN 70.60736 -132.37433 -34.75298 -19.04708 -146.69025 -128.42706
1523 3.35452 NaN NaN NaN 173.15681 -112.80843 -16.57336 266.00790 -156.58998 -90.52499 NaN NaN NaN 70.61031 -132.37596 -34.75816 -19.05236 -146.67293 -128.42909
1524 3.36286 NaN NaN NaN 173.14644 -112.81468 -16.56040 266.00494 -156.59912 -90.53277 NaN NaN NaN 70.60191 -132.37659 -34.76517 -19.04275 -146.67712 -128.44478
1525 3.37120 NaN NaN NaN 173.14807 -112.81233 -16.57007 266.00928 -156.59270 -90.52783 NaN NaN NaN 70.60834 -132.39648 -34.75816 -19.05137 -146.65584 -128.43803
1526 3.37954 NaN NaN NaN 173.14359 -112.82619 -16.56993 265.99680 -156.61441 -90.52303 NaN NaN NaN 70.61134 -132.38245 -34.75196 -19.04445 -146.68326 -128.44455
1527 3.38788 NaN NaN NaN 173.15584 -112.82821 -16.56625 265.98453 -156.62627 -90.53154 NaN NaN NaN 70.61072 -132.38748 -34.76255 -19.04803 -146.68576 -128.44109
1528 3.39623 NaN NaN NaN 173.15088 -112.82784 -16.55398 265.98828 -156.60651 -90.53594 NaN NaN NaN 70.60674 -132.38579 -34.77526 -19.05239 -146.69801 -128.44418
1529 3.40457 NaN NaN NaN 173.15358 -112.82460 -16.56685 265.99692 -156.59195 -90.52602 NaN NaN NaN 70.58661 -132.39661 -34.76529 -19.05390 -146.67235 -128.44298
1530 3.41291 NaN NaN NaN 173.13802 -112.82714 -16.56656 266.01587 -156.60367 -90.52589 NaN NaN NaN 70.58736 -132.39185 -34.76682 -19.05891 -146.66801 -128.45139
1531 3.42125 NaN NaN NaN 173.13947 -112.84303 -16.58145 266.01190 -156.59221 -90.52944 NaN NaN NaN 70.58649 -132.38239 -34.76847 -19.07069 -146.65134 -128.45052
1532 3.42959 NaN NaN NaN 173.13354 -112.83172 -16.56559 266.00037 -156.60765 -90.52313 NaN NaN NaN 70.59369 -132.39745 -34.76617 -19.07250 -146.64995 -128.45461
1533 3.43793 NaN NaN NaN 173.13480 -112.83111 -16.57696 266.01617 -156.59125 -90.53280 NaN NaN NaN 70.59042 -132.40884 -34.76513 -19.06859 -146.65027 -128.46211
1534 3.44628 NaN NaN NaN 173.14729 -112.83303 -16.57020 266.00272 -156.62180 -90.53983 NaN NaN NaN 70.59950 -132.41425 -34.76244 -19.05706 -146.66612 -128.45079
1535 3.45462 NaN NaN NaN 173.13844 -112.82153 -16.57850 266.00540 -156.61929 -90.53007 NaN NaN NaN 70.59578 -132.40204 -34.76095 -19.04880 -146.66628 -128.44035
1536 3.46296 NaN NaN NaN 173.13533 -112.81371 -16.56929 265.99872 -156.64647 -90.52827 NaN NaN NaN 70.59588 -132.41008 -34.76520 -19.06229 -146.68361 -128.44405
1537 3.47130 NaN NaN NaN 173.13922 -112.83720 -16.57370 265.99991 -156.62878 -90.52783 NaN NaN NaN 70.60735 -132.40569 -34.77047 -19.06828 -146.68622 -128.44124
1538 3.47964 NaN NaN NaN 173.13719 -112.84931 -16.57373 265.99640 -156.62430 -90.53690 NaN NaN NaN 70.60938 -132.41975 -34.76974 -19.06468 -146.70828 -128.44980
1539 3.48798 NaN NaN NaN 173.14127 -112.85767 -16.57773 266.00339 -156.62242 -90.53677 NaN NaN NaN 70.60450 -132.43042 -34.77253 -19.03940 -146.70801 -128.44867
1540 3.49633 NaN NaN NaN 173.15579 -112.85211 -16.57635 266.00452 -156.62456 -90.53107 NaN NaN NaN 70.60810 -132.45164 -34.76543 -19.04164 -146.70490 -128.44852
1541 3.50467 NaN NaN NaN 173.15253 -112.85006 -16.57092 265.99945 -156.61601 -90.53328 NaN NaN NaN 70.60117 -132.44542 -34.76583 -19.04505 -146.70482 -128.45201
1542 3.51301 NaN NaN NaN 173.15631 -112.85314 -16.56543 265.99182 -156.66910 -90.52200 NaN NaN NaN 70.58917 -132.45267 -34.76237 -19.04342 -146.70213 -128.44878
1543 3.52135 NaN NaN NaN 173.15439 -112.85607 -16.56969 266.00513 -156.65071 -90.52076 NaN NaN NaN 70.58820 -132.43306 -34.77152 -19.04852 -146.70511 -128.43794
1544 3.52969 NaN NaN NaN 173.16220 -112.85114 -16.56537 266.00464 -156.66718 -90.52647 NaN NaN NaN 70.61067 -132.44122 -34.77356 -19.05319 -146.72401 -128.44731
1545 3.53804 NaN NaN NaN 173.16368 -112.86432 -16.55965 265.98944 -156.66156 -90.51597 NaN NaN NaN 70.61144 -132.46278 -34.76691 -19.04074 -146.71561 -128.45705
