Frame# Time LH1 LH2 LH3 RH1 RH2 RH3
X54 Y54 Z54 X55 Y55 Z55 X56 Y56 Z56 X57 Y57 Z57 X58 Y58 Z58 X59 Y59 Z59
29581 0.00618 NaN NaN NaN 201.59436 -101.07507 6.45316 294.27585 -166.76886 -49.24533 NaN NaN NaN 87.65356 -110.09473 -13.98775 5.18818 -189.82774 -76.38544
29582 0.01452 NaN NaN NaN 201.57980 -101.07720 6.46297 294.26883 -166.77223 -49.24502 NaN NaN NaN 87.63373 -110.10567 -14.00962 5.17838 -189.83675 -76.37227
29583 0.02287 NaN NaN NaN 201.57840 -101.08382 6.45583 294.27094 -166.77049 -49.24847 NaN NaN NaN 87.60865 -110.11958 -13.99055 5.15605 -189.83145 -76.39545
29584 0.03122 NaN NaN NaN 201.57507 -101.07786 6.45015 294.25681 -166.77258 -49.25325 NaN NaN NaN 87.60437 -110.13247 -14.00668 5.14241 -189.82884 -76.40665
29585 0.03956 NaN NaN NaN 201.57234 -101.07415 6.44408 294.25806 -166.78532 -49.24525 NaN NaN NaN 87.60747 -110.14626 -14.00310 5.14934 -189.84720 -76.40161
29586 0.04791 NaN NaN NaN 201.56842 -101.07793 6.45092 294.26193 -166.79008 -49.25481 NaN NaN NaN 87.63773 -110.16027 -14.00826 5.16262 -189.85635 -76.39205
29587 0.05626 NaN NaN NaN 201.58589 -101.08327 6.45628 294.26431 -166.78165 -49.25267 NaN NaN NaN 87.63165 -110.15079 -13.98243 5.17459 -189.86212 -76.40785
29588 0.06460 NaN NaN NaN 201.58452 -101.09668 6.47272 294.25687 -166.77815 -49.25567 NaN NaN NaN 87.63622 -110.17809 -14.00495 5.16491 -189.85388 -76.42870
29589 0.07295 NaN NaN NaN 201.58896 -101.10286 6.46265 294.27023 -166.79544 -49.26337 NaN NaN NaN 87.63672 -110.16664 -13.98721 5.16888 -189.84203 -76.43153
29590 0.08130 NaN NaN NaN 201.59840 -101.09609 6.46074 294.26898 -166.82100 -49.26004 NaN NaN NaN 87.62907 -110.17598 -14.00771 5.17467 -189.82343 -76.42301
29591 0.08964 NaN NaN NaN 201.60632 -101.10455 6.44807 294.27994 -166.83629 -49.26019 NaN NaN NaN 87.63808 -110.18539 -14.00002 5.18428 -189.81070 -76.45644
29592 0.09799 NaN NaN NaN 201.60576 -101.11473 6.45913 294.28082 -166.84044 -49.25643 NaN NaN NaN 87.63638 -110.18746 -14.01434 5.20127 -189.80621 -76.45219
29593 0.10634 NaN NaN NaN 201.61342 -101.11752 6.44970 294.28864 -166.81357 -49.26277 NaN NaN NaN 87.65507 -110.20490 -14.00380 5.19316 -189.81549 -76.46128
29594 0.11468 NaN NaN NaN 201.60985 -101.11886 6.46224 294.28827 -166.82195 -49.26456 NaN NaN NaN 87.66360 -110.17850 -14.01355 5.20043 -189.81802 -76.46009
29595 0.12303 NaN NaN NaN 201.61305 -101.11109 6.44582 294.29324 -166.80333 -49.26342 NaN NaN NaN 87.66312 -110.20094 -13.99763 5.19205 -189.83665 -76.45046
29596 0.13138 NaN NaN NaN 201.62207 -101.10609 6.45575 294.28165 -166.80476 -49.26536 NaN NaN NaN 87.66438 -110.19802 -14.00788 5.18431 -189.84448 -76.41953
29597 0.13972 NaN NaN NaN 201.62115 -101.10138 6.44213 294.29245 -166.82050 -49.25774 NaN NaN NaN 87.66567 -110.22918 -13.96884 5.19061 -189.86598 -76.41322
29598 0.14807 NaN NaN NaN 201.60957 -101.11771 6.46621 294.28867 -166.83833 -49.25180 NaN NaN NaN 87.65686 -110.24777 -13.98561 5.18196 -189.88632 -76.41297
29599 0.15642 NaN NaN NaN 201.62239 -101.13692 6.44643 294.31021 -166.85345 -49.24358 NaN NaN NaN 87.66068 -110.26875 -13.95254 5.17465 -189.90431 -76.39985
29600 0.16476 NaN NaN NaN 201.62794 -101.14637 6.46464 294.29370 -166.87161 -49.24894 NaN NaN NaN 87.66217 -110.26553 -13.98218 5.18691 -189.91505 -76.37036
29601 0.17311 NaN NaN NaN 201.62051 -101.15807 6.46269 294.30179 -166.85858 -49.24463 NaN NaN NaN 87.66161 -110.23917 -13.96830 5.19705 -189.91695 -76.35461
29602 0.18146 NaN NaN NaN 201.61089 -101.14627 6.47593 294.29306 -166.85196 -49.24329 NaN NaN NaN 87.66441 -110.23167 -13.98498 5.18882 -189.93800 -76.35471
29603 0.18980 NaN NaN NaN 201.61592 -101.13747 6.45570 294.30844 -166.85336 -49.24500 NaN NaN NaN 87.65789 -110.24694 -13.94986 5.17623 -189.93260 -76.37543
29604 0.19815 NaN NaN NaN 201.62032 -101.10071 6.44535 294.29999 -166.86101 -49.25303 NaN NaN NaN 87.66235 -110.24462 -13.97527 5.18454 -189.93884 -76.36561
29605 0.20650 NaN NaN NaN 201.60722 -101.11971 6.46028 294.28900 -166.92314 -49.21621 NaN NaN NaN 87.66151 -110.25690 -13.94986 5.17362 -189.93149 -76.37338
29606 0.21484 NaN NaN NaN 201.59717 -101.13845 6.47803 294.28741 -166.88895 -49.22196 NaN NaN NaN 87.66666 -110.26290 -13.96645 5.18877 -189.93979 -76.35073
29607 0.22319 NaN NaN NaN 201.60925 -101.15848 6.47215 294.31107 -166.88245 -49.23795 NaN NaN NaN 87.64728 -110.25038 -13.95528 5.18045 -189.94234 -76.34853
29608 0.23154 NaN NaN NaN 201.61060 -101.15002 6.47838 294.29517 -166.86406 -49.24628 NaN NaN NaN 87.64129 -110.26244 -13.97888 5.16379 -189.93521 -76.38213
29609 0.23988 NaN NaN NaN 201.60565 -101.15292 6.46935 294.28049 -166.89441 -49.22823 NaN NaN NaN 87.65688 -110.26802 -13.94826 5.16583 -189.92618 -76.38895
29610 0.24823 NaN NaN NaN 201.59613 -101.14081 6.47604 294.28986 -166.85999 -49.24371 NaN NaN NaN 87.65927 -110.25191 -13.98425 5.17520 -189.92421 -76.39690
29611 0.25657 NaN NaN NaN 201.61000 -101.15067 6.47196 294.29935 -166.83705 -49.25158 NaN NaN NaN 87.65568 -110.23942 -13.96626 5.18156 -189.91756 -76.39220
29612 0.26492 NaN NaN NaN 201.61049 -101.13828 6.47495 294.28168 -166.82098 -49.26050 NaN NaN NaN 87.65086 -110.22560 -13.99676 5.18499 -189.91153 -76.40576
29613 0.27327 NaN NaN NaN 201.61960 -101.15201 6.45938 294.28857 -166.81859 -49.26674 NaN NaN NaN 87.65653 -110.24030 -13.95858 5.17150 -189.91081 -76.40030
29614 0.28161 NaN NaN NaN 201.61179 -101.16086 6.47695 294.29218 -166.82303 -49.26215 NaN NaN NaN 87.65233 -110.24644 -13.98543 5.17313 -189.90862 -76.40949
29615 0.28996 NaN NaN NaN 201.60350 -101.14972 6.47024 294.28815 -166.82111 -49.26278 NaN NaN NaN 87.65412 -110.24526 -13.96721 5.16901 -189.91264 -76.40002
29616 0.29831 NaN NaN NaN 201.59970 -101.14036 6.47855 294.28091 -166.83852 -49.29047 NaN NaN NaN 87.63946 -110.24683 -13.99376 5.17523 -189.91457 -76.40671
29617 0.30665 NaN NaN NaN 201.60516 -101.14885 6.49074 294.27505 -166.83752 -49.27378 NaN NaN NaN 87.64069 -110.24106 -13.97160 5.14479 -189.91086 -76.41982
29618 0.31500 NaN NaN NaN 201.60255 -101.14236 6.49021 294.27301 -166.82849 -49.28877 NaN NaN NaN 87.63058 -110.24879 -13.98254 5.15291 -189.92711 -76.41698
29619 0.32335 NaN NaN NaN 201.61275 -101.14944 6.48951 294.28485 -166.82239 -49.26917 NaN NaN NaN 87.64108 -110.25251 -13.96810 5.16315 -189.90671 -76.43064
29620 0.33169 NaN NaN NaN 201.60983 -101.14812 6.49194 294.27911 -166.83389 -49.26376 NaN NaN NaN 87.63451 -110.23874 -13.99720 5.17424 -189.90132 -76.45065
29621 0.34004 NaN NaN NaN 201.61481 -101.15286 6.48371 294.27625 -166.83530 -49.25571 NaN NaN NaN 87.63609 -110.23116 -13.97653 5.16392 -189.90160 -76.44746
29622 0.34839 NaN NaN NaN 201.62759 -101.11418 6.48364 294.28400 -166.85612 -49.25726 NaN NaN NaN 87.62746 -110.21896 -13.99433 5.18654 -189.91548 -76.44283
29623 0.35673 NaN NaN NaN 201.62732 -101.12358 6.48594 294.25021 -166.95721 -49.21722 NaN NaN NaN 87.62594 -110.22660 -13.97083 5.17244 -189.90820 -76.42573
29624 0.36508 NaN NaN NaN 201.60828 -101.12621 6.48681 294.26529 -166.92245 -49.23230 NaN NaN NaN 87.62717 -110.21434 -14.00279 5.18298 -189.90549 -76.43734
29625 0.37343 NaN NaN NaN 201.60376 -101.13091 6.49135 294.23550 -166.98180 -49.19688 NaN NaN NaN 87.62368 -110.21210 -13.97387 5.18565 -189.89497 -76.41734
29626 0.38177 NaN NaN NaN 201.60629 -101.13515 6.49603 294.25940 -166.91151 -49.23246 NaN NaN NaN 87.61475 -110.20323 -14.00432 5.18139 -189.89030 -76.43881
29627 0.39012 NaN NaN NaN 201.60890 -101.13783 6.48117 294.28537 -166.83937 -49.26791 NaN NaN NaN 87.62804 -110.21283 -13.97519 5.18227 -189.88513 -76.43754
29628 0.39847 NaN NaN NaN 201.59477 -101.12070 6.47928 294.28806 -166.80847 -49.27504 NaN NaN NaN 87.62450 -110.19942 -14.00482 5.18085 -189.87854 -76.41955
29629 0.40681 NaN NaN NaN 201.59854 -101.10309 6.46447 294.26801 -166.86659 -49.23616 NaN NaN NaN 87.63942 -110.21304 -13.97077 5.16484 -189.88065 -76.42811
29630 0.41516 NaN NaN NaN 201.59029 -101.09927 6.46830 294.27490 -166.83806 -49.25260 NaN NaN NaN 87.64017 -110.18974 -13.99639 5.15653 -189.88390 -76.43279
29631 0.42351 NaN NaN NaN 201.60175 -101.09862 6.44900 294.25278 -166.91977 -49.20604 NaN NaN NaN 87.63354 -110.19233 -13.97191 5.14915 -189.88441 -76.42675
29632 0.43185 NaN NaN NaN 201.59113 -101.08636 6.45920 294.26254 -166.86061 -49.23205 NaN NaN NaN 87.63941 -110.18498 -14.00277 5.16612 -189.87732 -76.42987
29633 0.44020 NaN NaN NaN 201.59639 -101.09393 6.45037 294.27499 -166.81117 -49.25224 NaN NaN NaN 87.64119 -110.18372 -13.97909 5.17319 -189.87946 -76.43252
29634 0.44855 NaN NaN NaN 201.59224 -101.09524 6.46102 294.27155 -166.77209 -49.26744 NaN NaN NaN 87.62692 -110.19553 -14.00826 5.16362 -189.88377 -76.43340
29635 0.45689 NaN NaN NaN 201.58812 -101.10225 6.45768 294.27606 -166.76701 -49.27490 NaN NaN NaN 87.62630 -110.20999 -13.98507 5.17013 -189.87447 -76.43992
29636 0.46524 NaN NaN NaN 201.58162 -101.10549 6.47240 294.27930 -166.76865 -49.26292 NaN NaN NaN 87.62483 -110.20735 -14.01220 5.16445 -189.87825 -76.44884
29637 0.47359 NaN NaN NaN 201.58977 -101.11105 6.47239 294.27844 -166.78424 -49.26232 NaN NaN NaN 87.63807 -110.20594 -14.00534 5.17496 -189.87195 -76.44321
29638 0.48193 NaN NaN NaN 201.59027 -101.11117 6.48226 294.29440 -166.81848 -49.25894 NaN NaN NaN 87.64988 -110.21585 -14.01994 5.18400 -189.86597 -76.45306
29639 0.49028 NaN NaN NaN 201.60339 -101.11629 6.45860 294.28751 -166.82332 -49.25904 NaN NaN NaN 87.63870 -110.23192 -14.01831 5.17849 -189.85397 -76.46784
29640 0.49862 NaN NaN NaN 201.60849 -101.12309 6.47518 294.28992 -166.82541 -49.25500 NaN NaN NaN 87.64074 -110.25171 -14.04981 5.20540 -189.86018 -76.49673
29641 0.50697 NaN NaN NaN 201.60970 -101.12080 6.45395 294.26868 -166.89496 -49.22110 NaN NaN NaN 87.65266 -110.23734 -14.04149 5.21196 -189.86111 -76.49660
29642 0.51532 NaN NaN NaN 201.61479 -101.12202 6.46151 294.27689 -166.88583 -49.23643 NaN NaN NaN 87.66198 -110.23022 -14.02806 5.22060 -189.87054 -76.50666
29643 0.52366 NaN NaN NaN 201.61957 -101.13136 6.44378 294.30444 -166.84512 -49.25965 NaN NaN NaN 87.67521 -110.23395 -14.03822 5.22215 -189.87384 -76.51689
29644 0.53201 NaN NaN NaN 201.61397 -101.14758 6.45582 294.30228 -166.84209 -49.29059 NaN NaN NaN 87.67455 -110.24877 -14.08244 5.22755 -189.87770 -76.51888
29645 0.54036 NaN NaN NaN 201.62993 -101.15825 6.45138 294.31216 -166.81802 -49.28925 NaN NaN NaN 87.67861 -110.25806 -14.06184 5.23796 -189.88408 -76.53820
29646 0.54870 NaN NaN NaN 201.64990 -101.16158 6.43567 294.30933 -166.81952 -49.30504 NaN NaN NaN 87.68694 -110.28947 -14.07738 5.24862 -189.91631 -76.56295
29647 0.55705 NaN NaN NaN 201.64775 -101.15249 6.43500 294.32230 -166.84573 -49.27653 NaN NaN NaN 87.70145 -110.30705 -14.08679 5.25375 -189.90367 -76.55446
29648 0.56540 NaN NaN NaN 201.64444 -101.14952 6.44903 294.31598 -166.86127 -49.29075 NaN NaN NaN 87.68118 -110.30268 -14.11671 5.26877 -189.91432 -76.55325
29649 0.57374 NaN NaN NaN 201.62674 -101.16039 6.45348 294.28729 -166.97997 -49.21399 NaN NaN NaN 87.70555 -110.29267 -14.11254 5.25156 -189.90620 -76.54832
29650 0.58209 NaN NaN NaN 201.63557 -101.17105 6.43680 294.30338 -166.94429 -49.25798 NaN NaN NaN 87.72224 -110.29866 -14.08681 5.27209 -189.90128 -76.55016
29651 0.59044 NaN NaN NaN 201.64140 -101.17179 6.42002 294.33652 -166.90950 -49.25983 NaN NaN NaN 87.73267 -110.29102 -14.11431 5.28198 -189.90617 -76.56088
29652 0.59878 NaN NaN NaN 201.63904 -101.17174 6.41409 294.31766 -166.85765 -49.29879 NaN NaN NaN 87.71313 -110.26269 -14.12858 5.28304 -189.91180 -76.59268
29653 0.60713 NaN NaN NaN 201.61906 -101.16544 6.40927 294.31335 -166.82919 -49.28736 NaN NaN NaN 87.70467 -110.26005 -14.15608 5.28410 -189.93681 -76.60226
29654 0.61548 NaN NaN NaN 201.60754 -101.16425 6.40484 294.30389 -166.81953 -49.27736 NaN NaN NaN 87.70663 -110.26718 -14.16614 5.27985 -189.94168 -76.62151
29655 0.62382 NaN NaN NaN 201.60941 -101.15384 6.39938 294.31058 -166.85828 -49.26829 NaN NaN NaN 87.73032 -110.25995 -14.16799 5.28393 -189.92146 -76.62122
29656 0.63217 NaN NaN NaN 201.60851 -101.13670 6.38674 294.29736 -166.86278 -49.25542 NaN NaN NaN 87.73058 -110.26263 -14.16877 5.27755 -189.91302 -76.62097
29657 0.64052 NaN NaN NaN 201.60077 -101.14638 6.38741 294.30658 -166.84807 -49.26031 NaN NaN NaN 87.73421 -110.26189 -14.14557 5.26833 -189.88881 -76.63768
29658 0.64886 NaN NaN NaN 201.57742 -101.14523 6.38830 294.30295 -166.87004 -49.25912 NaN NaN NaN 87.71625 -110.25880 -14.15680 5.28609 -189.88268 -76.63113
29659 0.65721 NaN NaN NaN 201.58047 -101.14658 6.37961 294.29886 -166.84079 -49.25561 NaN NaN NaN 87.72192 -110.23707 -14.17251 5.27687 -189.85457 -76.60445
29660 0.66556 NaN NaN NaN 201.57504 -101.12063 6.37652 294.29926 -166.84999 -49.25254 NaN NaN NaN 87.70789 -110.21927 -14.18074 5.28304 -189.85117 -76.63871
29661 0.67390 NaN NaN NaN 201.56955 -101.12811 6.36808 294.28970 -166.80891 -49.24689 NaN NaN NaN 87.71819 -110.21114 -14.17623 5.27448 -189.82904 -76.63288
29662 0.68225 NaN NaN NaN 201.54651 -101.10492 6.37989 294.28146 -166.80383 -49.24261 NaN NaN NaN 87.70819 -110.21445 -14.18147 5.25692 -189.82883 -76.63985
29663 0.69060 NaN NaN NaN 201.55020 -101.10804 6.36221 294.26352 -166.78900 -49.23165 NaN NaN NaN 87.72421 -110.22344 -14.15532 5.26001 -189.83728 -76.62601
29664 0.69894 NaN NaN NaN 201.53180 -101.09480 6.35050 294.25952 -166.80519 -49.22807 NaN NaN NaN 87.70574 -110.18071 -14.17055 5.26910 -189.82217 -76.65458
29665 0.70729 NaN NaN NaN 201.54550 -101.02478 6.31321 294.26938 -166.79251 -49.22271 NaN NaN NaN 87.70926 -110.18750 -14.18078 5.26820 -189.80455 -76.64934
29666 0.71564 NaN NaN NaN 201.51981 -101.02501 6.32347 294.27972 -166.76788 -49.20243 NaN NaN NaN 87.69658 -110.19537 -14.19271 5.26432 -189.80534 -76.68006
29667 0.72398 NaN NaN NaN 201.50545 -101.02802 6.32414 294.27811 -166.78391 -49.20964 NaN NaN NaN 87.70104 -110.20249 -14.19097 5.27594 -189.80003 -76.67449
29668 0.73233 NaN NaN NaN 201.52332 -101.00857 6.30621 294.25983 -166.77739 -49.20678 NaN NaN NaN 87.70832 -110.18763 -14.19684 5.26730 -189.79802 -76.69851
29669 0.74068 NaN NaN NaN 201.52960 -100.97363 6.27129 294.25491 -166.79556 -49.20813 NaN NaN NaN 87.71771 -110.17702 -14.19359 5.27572 -189.80734 -76.69450
29670 0.74902 NaN NaN NaN 201.50661 -100.98775 6.29458 294.22403 -166.85590 -49.13418 NaN NaN NaN 87.71944 -110.17110 -14.20624 5.27796 -189.81653 -76.70365
29671 0.75737 NaN NaN NaN 201.48560 -101.02499 6.28792 294.20956 -166.86676 -49.15130 NaN NaN NaN 87.70445 -110.18425 -14.20305 5.26356 -189.84062 -76.69199
29672 0.76571 NaN NaN NaN 201.45366 -100.99847 6.27753 294.19302 -166.90842 -49.09785 NaN NaN NaN 87.70983 -110.19404 -14.19305 5.27088 -189.84537 -76.67911
29673 0.77406 NaN NaN NaN 201.45070 -100.93570 6.20110 294.19614 -166.94995 -49.08334 NaN NaN NaN 87.71472 -110.21845 -14.19549 5.26613 -189.84807 -76.68600
29674 0.78241 NaN NaN NaN 201.43541 -100.90830 6.17434 294.17868 -166.96690 -49.06984 NaN NaN NaN 87.72462 -110.22553 -14.18282 5.27518 -189.85039 -76.70048
29675 0.79075 NaN NaN NaN 201.40286 -100.92242 6.12879 294.16318 -166.99126 -49.09627 NaN NaN NaN 87.71306 -110.22555 -14.19869 5.27043 -189.87091 -76.69755
29676 0.79910 NaN NaN NaN 201.35002 -100.96855 6.09068 294.14667 -167.00764 -49.10213 NaN NaN NaN 87.71752 -110.23321 -14.21128 5.27164 -189.88820 -76.71013
29677 0.80745 NaN NaN NaN 201.31169 -100.98132 6.06178 294.16245 -166.98744 -49.13059 NaN NaN NaN 87.73753 -110.26342 -14.25083 5.28122 -189.91948 -76.72313
29678 0.81579 NaN NaN NaN 201.26404 -101.02576 6.01701 294.16330 -166.97125 -49.13086 NaN NaN NaN 87.75167 -110.27734 -14.30149 5.25667 -189.96761 -76.73707
29679 0.82414 NaN NaN NaN 201.18750 -101.06381 5.92971 294.15103 -166.93108 -49.15739 NaN NaN NaN 87.77016 -110.31486 -14.34237 5.25446 -190.01845 -76.77524
29680 0.83249 NaN NaN NaN 201.13191 -101.06236 5.79521 294.15533 -166.93596 -49.17464 NaN NaN NaN 87.79093 -110.39767 -14.40511 5.29156 -190.06937 -76.80984
29681 0.84083 NaN NaN NaN 201.05667 -101.03799 5.70530 294.15927 -166.92822 -49.17346 NaN NaN NaN 87.80408 -110.46185 -14.49294 5.31661 -190.09074 -76.85728
29682 0.84918 NaN NaN NaN 200.97644 -101.10022 5.58876 294.14233 -166.95364 -49.15486 NaN NaN NaN 87.84621 -110.53187 -14.54627 5.35628 -190.11559 -76.93358
29683 0.85753 NaN NaN NaN 200.90192 -101.09636 5.52480 294.16055 -166.93475 -49.16904 NaN NaN NaN 87.89809 -110.57245 -14.59452 5.39805 -190.16905 -77.00937
29684 0.86587 NaN NaN NaN 200.82492 -101.07293 5.42356 294.18613 -166.91844 -49.16423 NaN NaN NaN 87.95290 -110.60399 -14.66289 5.45890 -190.21873 -77.13343
29685 0.87422 NaN NaN NaN 200.75111 -101.09814 5.38590 294.23172 -166.82793 -49.20175 NaN NaN NaN 88.00811 -110.66837 -14.71946 5.55176 -190.22780 -77.26226
29686 0.88257 NaN NaN NaN 200.72523 -101.11438 5.31017 294.28186 -166.71101 -49.22857 NaN NaN NaN 88.06965 -110.71136 -14.75921 5.62664 -190.20714 -77.39362
29687 0.89091 NaN NaN NaN 200.70030 -101.16029 5.28317 294.30289 -166.65849 -49.22783 NaN NaN NaN 88.14046 -110.74370 -14.83118 5.70152 -190.18436 -77.55726
29688 0.89926 NaN NaN NaN 200.67953 -101.16228 5.22879 294.33817 -166.63179 -49.18200 NaN NaN NaN 88.23751 -110.76404 -14.89669 5.78077 -190.20761 -77.64554
29689 0.90761 NaN NaN NaN 200.64848 -101.20454 5.22030 294.38907 -166.57028 -49.19188 NaN NaN NaN 88.33496 -110.77546 -14.96107 5.88932 -190.24950 -77.69331
29690 0.91595 NaN NaN NaN 200.63008 -101.17107 5.19683 294.38025 -166.50336 -49.17566 NaN NaN NaN 88.40778 -110.78345 -14.99521 5.94596 -190.29562 -77.70795
29691 0.92430 NaN NaN NaN 200.62132 -101.18048 5.21727 294.39297 -166.44138 -49.17018 NaN NaN NaN 88.46040 -110.84069 -14.99876 5.97489 -190.33881 -77.72130
29692 0.93265 NaN NaN NaN 200.62552 -101.15726 5.19846 294.41068 -166.41121 -49.10909 NaN NaN NaN 88.49592 -110.86934 -14.98990 6.04093 -190.36617 -77.72771
29693 0.94099 NaN NaN NaN 200.62054 -101.14310 5.22050 294.43182 -166.37866 -49.08875 NaN NaN NaN 88.51343 -110.90485 -14.98459 6.04832 -190.40486 -77.76174
29694 0.94934 NaN NaN NaN 200.61903 -101.12919 5.22823 294.42508 -166.36218 -49.08386 NaN NaN NaN 88.51608 -110.92850 -14.97762 6.06467 -190.40532 -77.73043
29695 0.95769 NaN NaN NaN 200.60773 -101.12161 5.25303 294.42026 -166.33147 -49.06866 NaN NaN NaN 88.51804 -110.92779 -14.97746 6.03670 -190.40747 -77.71400
29696 0.96603 NaN NaN NaN 200.59792 -101.10322 5.26388 294.40421 -166.32660 -49.06065 NaN NaN NaN 88.51225 -110.91980 -14.95917 6.02679 -190.40561 -77.69189
29697 0.97438 NaN NaN NaN 200.56128 -101.13990 5.29956 294.39557 -166.32898 -49.03292 NaN NaN NaN 88.49849 -110.90374 -14.95742 6.00628 -190.39929 -77.68112
29698 0.98273 NaN NaN NaN 200.56003 -101.10542 5.30505 294.39548 -166.33131 -49.03857 NaN NaN NaN 88.47878 -110.89717 -14.95476 5.98640 -190.37798 -77.65814
29699 0.99107 NaN NaN NaN 200.56110 -101.11237 5.33831 294.37799 -166.31526 -49.04559 NaN NaN NaN 88.45536 -110.89034 -14.94770 5.95793 -190.34071 -77.67186
29700 0.99942 NaN NaN NaN 200.57063 -101.08372 5.32371 294.35522 -166.29367 -49.05476 NaN NaN NaN 88.43706 -110.84727 -14.95361 5.93576 -190.26781 -77.68816
29701 1.00776 NaN NaN NaN 200.55923 -101.03873 5.32294 294.33221 -166.26344 -49.08345 NaN NaN NaN 88.41279 -110.76926 -14.97465 5.93825 -190.19858 -77.70084
29702 1.01611 NaN NaN NaN 200.54152 -100.99895 5.32251 294.29181 -166.24284 -49.10397 NaN NaN NaN 88.39005 -110.69645 -15.00530 5.91445 -190.13005 -77.73454
29703 1.02446 NaN NaN NaN 200.50917 -101.00422 5.31569 294.25684 -166.18924 -49.11916 NaN NaN NaN 88.38302 -110.63164 -15.01986 5.90902 -190.07109 -77.76743
29704 1.03280 NaN NaN NaN 200.48134 -100.93712 5.27713 294.20993 -166.19209 -49.14017 NaN NaN NaN 88.37719 -110.57706 -15.07439 5.90273 -189.98816 -77.79285
29705 1.04115 NaN NaN NaN 200.42668 -100.91768 5.28769 294.17685 -166.15125 -49.14507 NaN NaN NaN 88.35794 -110.51585 -15.12563 5.89868 -189.89999 -77.82722
29706 1.04950 NaN NaN NaN 200.37744 -100.83245 5.24514 294.16037 -166.11163 -49.15311 NaN NaN NaN 88.35341 -110.47202 -15.14317 5.87891 -189.81880 -77.84833
29707 1.05784 NaN NaN NaN 200.31436 -100.77579 5.25507 294.12390 -166.02190 -49.17091 NaN NaN NaN 88.32520 -110.42150 -15.15692 5.84861 -189.77998 -77.87356
29708 1.06619 NaN NaN NaN 200.27745 -100.67502 5.21278 294.06967 -165.92978 -49.16599 NaN NaN NaN 88.31477 -110.39388 -15.16372 5.83051 -189.74225 -77.89615
29709 1.07454 NaN NaN NaN 200.20430 -100.62922 5.18537 294.01993 -165.84282 -49.15535 NaN NaN NaN 88.30814 -110.38161 -15.17253 5.82041 -189.72333 -77.90405
29710 1.08288 NaN NaN NaN 200.15781 -100.60458 5.19364 293.99579 -165.80801 -49.15627 NaN NaN NaN 88.30894 -110.36778 -15.17431 5.81547 -189.69914 -77.89826
29711 1.09123 NaN NaN NaN 200.13063 -100.63293 5.21703 293.98465 -165.77809 -49.14466 NaN NaN NaN 88.30322 -110.36568 -15.17108 5.81316 -189.69550 -77.89266
29712 1.09958 NaN NaN NaN 200.11902 -100.59759 5.20208 293.97354 -165.76530 -49.13093 NaN NaN NaN 88.30344 -110.35201 -15.15187 5.80998 -189.70396 -77.88350
29713 1.10792 NaN NaN NaN 200.10097 -100.56247 5.16865 293.96652 -165.75565 -49.10495 NaN NaN NaN 88.29057 -110.35559 -15.13515 5.81372 -189.71658 -77.87607
29714 1.11627 NaN NaN NaN 200.07216 -100.54572 5.13699 293.96921 -165.71529 -49.08575 NaN NaN NaN 88.28915 -110.36434 -15.13159 5.80829 -189.73911 -77.86608
29715 1.12462 NaN NaN NaN 200.01854 -100.54399 5.13240 293.95493 -165.68971 -49.05394 NaN NaN NaN 88.28346 -110.39442 -15.12197 5.80256 -189.74806 -77.86390
29716 1.13296 NaN NaN NaN 199.96144 -100.50321 5.06950 293.95511 -165.65302 -49.04506 NaN NaN NaN 88.28756 -110.40901 -15.11697 5.81916 -189.75591 -77.86489
29717 1.14131 NaN NaN NaN 199.91522 -100.47685 5.01495 293.95734 -165.62569 -49.02275 NaN NaN NaN 88.28946 -110.42801 -15.11212 5.81867 -189.80515 -77.86610
29718 1.14966 NaN NaN NaN 199.88025 -100.46091 4.99839 293.97375 -165.59886 -49.01392 NaN NaN NaN 88.28899 -110.43764 -15.11731 5.83314 -189.84113 -77.84618
29719 1.15800 NaN NaN NaN 199.86314 -100.44527 4.98564 293.98416 -165.59178 -48.98098 NaN NaN NaN 88.31242 -110.46329 -15.12318 5.84906 -189.88579 -77.84592
29720 1.16635 NaN NaN NaN 199.85283 -100.47778 4.95684 293.99045 -165.60527 -48.95611 NaN NaN NaN 88.31216 -110.50823 -15.14092 5.88059 -189.95192 -77.82834
29721 1.17470 NaN NaN NaN 199.83247 -100.49261 4.95083 293.99359 -165.60146 -48.93273 NaN NaN NaN 88.31426 -110.57005 -15.15758 5.88796 -190.02878 -77.83185
29722 1.18304 NaN NaN NaN 199.82304 -100.53220 4.94250 293.98904 -165.63628 -48.94947 NaN NaN NaN 88.33672 -110.61265 -15.14124 5.89614 -190.11574 -77.82136
29723 1.19139 NaN NaN NaN 199.82561 -100.57599 4.93448 293.99875 -165.63658 -48.94107 NaN NaN NaN 88.35335 -110.68179 -15.13791 5.90020 -190.16487 -77.81100
29724 1.19974 NaN NaN NaN 199.81856 -100.63430 4.91776 294.00479 -165.66776 -48.95401 NaN NaN NaN 88.37373 -110.71452 -15.13889 5.92851 -190.19978 -77.81485
29725 1.20808 NaN NaN NaN 199.82664 -100.69006 4.92887 294.01825 -165.66661 -48.93788 NaN NaN NaN 88.39526 -110.76236 -15.19061 5.94569 -190.24680 -77.84588
29726 1.21643 NaN NaN NaN 199.79733 -100.74373 4.94894 294.03366 -165.70494 -48.95509 NaN NaN NaN 88.41264 -110.82128 -15.21726 5.95098 -190.30057 -77.86518
29727 1.22478 NaN NaN NaN 199.78447 -100.84602 4.99283 294.03656 -165.70663 -48.95783 NaN NaN NaN 88.44312 -110.87253 -15.22633 5.97244 -190.35280 -77.86230
29728 1.23312 NaN NaN NaN 199.77544 -100.91454 4.99977 294.04532 -165.78117 -48.93039 NaN NaN NaN 88.49238 -110.92033 -15.21083 6.00116 -190.39435 -77.87355
29729 1.24147 NaN NaN NaN 199.79285 -100.94192 4.97201 294.06210 -165.80634 -48.96466 NaN NaN NaN 88.53470 -110.99691 -15.21642 6.01955 -190.42369 -77.88101
29730 1.24982 NaN NaN NaN 199.80231 -100.93792 4.95461 294.06415 -165.86459 -48.97013 NaN NaN NaN 88.57148 -111.02478 -15.24494 6.05191 -190.45833 -77.89538
29731 1.25816 NaN NaN NaN 199.80171 -100.97076 4.94957 294.07526 -165.87155 -48.97532 NaN NaN NaN 88.62963 -111.02569 -15.28264 6.07729 -190.49176 -77.93104
29732 1.26651 NaN NaN NaN 199.80440 -101.02888 4.97406 294.07175 -165.89899 -48.98881 NaN NaN NaN 88.67986 -111.02451 -15.32172 6.10002 -190.48863 -77.94697
29733 1.27485 NaN NaN NaN 199.81955 -101.04137 4.95573 294.08472 -165.92953 -48.99041 NaN NaN NaN 88.72558 -111.02962 -15.35293 6.12466 -190.47772 -78.02025
29734 1.28320 NaN NaN NaN 199.82552 -101.05942 4.91977 294.09036 -165.94397 -49.01571 NaN NaN NaN 88.73913 -110.99408 -15.43554 6.17437 -190.46385 -78.09870
29735 1.29155 NaN NaN NaN 199.83638 -101.04874 4.91741 294.08475 -165.97563 -49.01866 NaN NaN NaN 88.76860 -110.97204 -15.50359 6.20837 -190.45074 -78.13239
29736 1.29989 NaN NaN NaN 199.87750 -101.03717 4.91581 294.09271 -165.97237 -49.04387 NaN NaN NaN 88.81408 -110.94501 -15.57925 6.26151 -190.41194 -78.19231
29737 1.30824 NaN NaN NaN 199.89290 -101.04856 4.91559 294.10214 -165.97055 -49.06230 NaN NaN NaN 88.86673 -110.91915 -15.65269 6.30930 -190.37555 -78.25781
29738 1.31659 NaN NaN NaN 199.92215 -101.06102 4.91150 294.11423 -165.95355 -49.08100 NaN NaN NaN 88.96014 -110.88367 -15.76233 6.36337 -190.34122 -78.30888
29739 1.32493 NaN NaN NaN 199.94563 -101.08018 4.91160 294.12573 -165.96526 -49.09145 NaN NaN NaN 89.07475 -110.82082 -15.88381 6.42966 -190.27762 -78.34436
29740 1.33328 NaN NaN NaN 199.95250 -101.10497 4.90707 294.13300 -165.98291 -49.14352 NaN NaN NaN 89.20712 -110.70997 -16.03382 6.53320 -190.16312 -78.41240
29741 1.34163 NaN NaN NaN 199.99222 -101.12074 4.91997 294.16379 -166.02960 -49.15910 NaN NaN NaN 89.29558 -110.60349 -16.14407 6.65083 -190.09850 -78.47662
29742 1.34997 NaN NaN NaN 200.04185 -101.12260 4.92640 294.17834 -166.10106 -49.15757 NaN NaN NaN 89.47354 -110.43431 -16.27375 6.80614 -190.01192 -78.54884
29743 1.35832 NaN NaN NaN 200.07648 -101.12220 4.93416 294.19623 -166.12984 -49.17289 NaN NaN NaN 89.63508 -110.31230 -16.36502 6.97929 -189.88615 -78.63176
29744 1.36667 NaN NaN NaN 200.12158 -101.10223 4.92963 294.21503 -166.14996 -49.19820 NaN NaN NaN 89.77112 -110.21326 -16.44669 7.12879 -189.75215 -78.74689
29745 1.37501 NaN NaN NaN 200.15854 -101.11732 4.91288 294.23700 -166.11879 -49.22150 NaN NaN NaN 89.86841 -110.12197 -16.48285 7.31430 -189.63722 -78.88657
29746 1.38336 NaN NaN NaN 200.18025 -101.12124 4.90315 294.27673 -166.08795 -49.29663 NaN NaN NaN 90.00774 -110.02539 -16.50165 7.49127 -189.56639 -79.01061
29747 1.39171 NaN NaN NaN 200.21895 -101.10078 4.89477 294.32431 -166.05370 -49.33842 NaN NaN NaN 90.12424 -109.93477 -16.58544 7.64983 -189.52882 -79.04313
29748 1.40005 NaN NaN NaN 200.24785 -101.08301 4.87957 294.34592 -166.02121 -49.33838 NaN NaN NaN 90.24741 -109.85280 -16.63166 7.77717 -189.49881 -79.04688
29749 1.40840 NaN NaN NaN 200.29205 -101.04970 4.86706 294.38892 -166.01036 -49.33440 NaN NaN NaN 90.30111 -109.79140 -16.67133 7.86504 -189.48761 -79.04329
29750 1.41675 NaN NaN NaN 200.33009 -101.01912 4.84786 294.43234 -165.99989 -49.33841 NaN NaN NaN 90.31501 -109.84914 -16.68159 7.90296 -189.50845 -79.07474
29751 1.42509 NaN NaN NaN 200.33955 -101.01876 4.87424 294.45657 -165.97366 -49.35939 NaN NaN NaN 90.32347 -109.92233 -16.67523 7.90881 -189.53539 -79.09442
29752 1.43344 NaN NaN NaN 200.35069 -101.00734 4.88317 294.47046 -165.91515 -49.34059 NaN NaN NaN 90.31467 -109.96364 -16.63476 7.90109 -189.57747 -79.08592
29753 1.44179 NaN NaN NaN 200.35379 -101.00098 4.89674 294.48148 -165.88840 -49.32966 NaN NaN NaN 90.31925 -110.00637 -16.63698 7.87764 -189.61739 -79.06438
29754 1.45013 NaN NaN NaN 200.33369 -100.97424 4.87262 294.46463 -165.83006 -49.31481 NaN NaN NaN 90.30293 -110.06461 -16.60741 7.85625 -189.67787 -79.06044
29755 1.45848 NaN NaN NaN 200.28513 -100.93555 4.87939 294.45898 -165.82646 -49.29284 NaN NaN NaN 90.27226 -110.09287 -16.54685 7.83878 -189.73022 -79.04332
29756 1.46683 NaN NaN NaN 200.25180 -100.90997 4.87352 294.43457 -165.78958 -49.28028 NaN NaN NaN 90.21841 -110.14256 -16.46230 7.81042 -189.76805 -79.02849
29757 1.47517 NaN NaN NaN 200.23553 -100.88625 4.87299 294.40781 -165.77013 -49.22791 NaN NaN NaN 90.18726 -110.19782 -16.43675 7.76420 -189.81117 -79.01389
29758 1.48352 NaN NaN NaN 200.19621 -100.85874 4.85077 294.38123 -165.74663 -49.20291 NaN NaN NaN 90.13633 -110.23563 -16.37577 7.73337 -189.85196 -79.01087
29759 1.49187 NaN NaN NaN 200.14009 -100.82379 4.86559 294.35202 -165.68384 -49.15457 NaN NaN NaN 90.04456 -110.28129 -16.35195 7.69170 -189.88039 -79.00678
29760 1.50021 NaN NaN NaN 200.10507 -100.80522 4.88083 294.33777 -165.64766 -49.13885 NaN NaN NaN 89.98345 -110.34980 -16.30643 7.64712 -189.89201 -79.00059
29761 1.50856 NaN NaN NaN 200.08893 -100.77867 4.88823 294.31699 -165.59264 -49.12278 NaN NaN NaN 89.93163 -110.39431 -16.27777 7.59331 -189.91296 -78.97910
29762 1.51690 NaN NaN NaN 200.07086 -100.75099 4.87864 294.30765 -165.57161 -49.11977 NaN NaN NaN 89.89235 -110.41722 -16.25669 7.52935 -189.93633 -78.97546
29763 1.52525 NaN NaN NaN 200.05316 -100.72749 4.87067 294.30093 -165.54382 -49.11572 NaN NaN NaN 89.86555 -110.44617 -16.24699 7.47375 -189.95364 -78.93336
29764 1.53360 NaN NaN NaN 200.02519 -100.69706 4.86867 294.28531 -165.53677 -49.10669 NaN NaN NaN 89.80881 -110.45417 -16.21827 7.40694 -189.96895 -78.91756
29765 1.54194 NaN NaN NaN 200.01552 -100.67948 4.86590 294.28052 -165.51114 -49.10114 NaN NaN NaN 89.76582 -110.46456 -16.19061 7.37300 -189.97607 -78.91420
29766 1.55029 NaN NaN NaN 200.00735 -100.67352 4.88962 294.27164 -165.51736 -49.09601 NaN NaN NaN 89.74524 -110.46456 -16.17880 7.33473 -189.95900 -78.90755
29767 1.55864 NaN NaN NaN 200.02444 -100.66131 4.88717 294.27518 -165.50331 -49.07603 NaN NaN NaN 89.72749 -110.46169 -16.15852 7.32857 -189.92947 -78.91631
29768 1.56698 NaN NaN NaN 200.01033 -100.65224 4.90251 294.27011 -165.48668 -49.08336 NaN NaN NaN 89.71923 -110.45800 -16.15038 7.29272 -189.90184 -78.91826
29769 1.57533 NaN NaN NaN 200.03340 -100.68023 4.93227 294.27420 -165.47324 -49.06837 NaN NaN NaN 89.69247 -110.44730 -16.13944 7.27396 -189.88718 -78.90636
29770 1.58368 NaN NaN NaN 200.05772 -100.70707 4.95322 294.27109 -165.49806 -49.08202 NaN NaN NaN 89.67027 -110.46569 -16.13420 7.28305 -189.89600 -78.89856
29771 1.59202 NaN NaN NaN 200.06224 -100.72455 4.98764 294.29254 -165.50752 -49.08587 NaN NaN NaN 89.64243 -110.45759 -16.13194 7.25273 -189.90851 -78.88696
29772 1.60037 NaN NaN NaN 200.08827 -100.72909 4.99596 294.27725 -165.51256 -49.09573 NaN NaN NaN 89.62662 -110.46033 -16.12029 7.22742 -189.92924 -78.90687
29773 1.60872 NaN NaN NaN 200.10585 -100.73254 5.01068 294.26321 -165.53232 -49.08899 NaN NaN NaN 89.62109 -110.46017 -16.12613 7.21923 -189.94035 -78.89861
29774 1.61706 NaN NaN NaN 200.12263 -100.75266 4.99835 294.27759 -165.56947 -49.09099 NaN NaN NaN 89.60013 -110.49710 -16.13091 7.20294 -189.97533 -78.89962
29775 1.62541 NaN NaN NaN 200.13173 -100.75005 5.01412 294.29251 -165.60843 -49.08806 NaN NaN NaN 89.59852 -110.53864 -16.14101 7.18073 -190.00598 -78.89586
29776 1.63376 NaN NaN NaN 200.13637 -100.78278 5.01632 294.28690 -165.63211 -49.07660 NaN NaN NaN 89.59180 -110.54466 -16.14713 7.16749 -190.02925 -78.89697
29777 1.64210 NaN NaN NaN 200.12979 -100.82053 5.02867 294.29733 -165.67857 -49.06157 NaN NaN NaN 89.59934 -110.58413 -16.14207 7.15081 -190.06219 -78.88473
29778 1.65045 NaN NaN NaN 200.12729 -100.86716 5.03749 294.29803 -165.69073 -49.06010 NaN NaN NaN 89.54449 -110.65764 -16.11249 7.15026 -190.11015 -78.86536
29779 1.65880 NaN NaN NaN 200.13924 -100.94061 5.08225 294.32455 -165.73982 -49.06221 NaN NaN NaN 89.53459 -110.72952 -16.10806 7.13876 -190.16000 -78.85921
29780 1.66714 NaN NaN NaN 200.17572 -100.95424 5.07843 294.33746 -165.79655 -49.07500 NaN NaN NaN 89.54220 -110.74687 -16.09793 7.13541 -190.20296 -78.84682
29781 1.67549 NaN NaN NaN 200.19295 -101.01381 5.10979 294.35217 -165.81940 -49.10383 NaN NaN NaN 89.55550 -110.78663 -16.09704 7.14386 -190.23088 -78.83968
29782 1.68384 NaN NaN NaN 200.21619 -101.01238 5.09468 294.35938 -165.86194 -49.10858 NaN NaN NaN 89.56896 -110.78702 -16.08236 7.15130 -190.26750 -78.81073
29783 1.69218 NaN NaN NaN 200.24950 -101.04773 5.12361 294.37143 -165.87531 -49.12428 NaN NaN NaN 89.57511 -110.79829 -16.09745 7.15901 -190.28282 -78.77904
29784 1.70053 NaN NaN NaN 200.32195 -101.04471 5.12982 294.39972 -165.89862 -49.14976 NaN NaN NaN 89.59905 -110.79733 -16.09993 7.14839 -190.29121 -78.75404
29785 1.70888 NaN NaN NaN 200.34373 -101.09543 5.16790 294.41284 -165.95009 -49.17282 NaN NaN NaN 89.59983 -110.79581 -16.10836 7.14596 -190.29524 -78.73923
29786 1.71722 NaN NaN NaN 200.39340 -101.09661 5.17697 294.43646 -165.94034 -49.17908 NaN NaN NaN 89.60090 -110.80521 -16.10253 7.14824 -190.31192 -78.71597
29787 1.72557 NaN NaN NaN 200.42043 -101.10822 5.21081 294.43259 -165.96208 -49.17949 NaN NaN NaN 89.61304 -110.80733 -16.10538 7.16500 -190.32814 -78.66232
29788 1.73392 NaN NaN NaN 200.46722 -101.13491 5.23491 294.44955 -165.95279 -49.18622 NaN NaN NaN 89.62965 -110.80720 -16.11333 7.14483 -190.36758 -78.61222
29789 1.74226 NaN NaN NaN 200.46887 -101.16369 5.31022 294.45959 -165.93079 -49.20907 NaN NaN NaN 89.64398 -110.78965 -16.11909 7.14553 -190.41585 -78.55394
29790 1.75061 NaN NaN NaN 200.48776 -101.14135 5.30904 294.46201 -165.91518 -49.23265 NaN NaN NaN 89.63732 -110.78649 -16.12790 7.13839 -190.45952 -78.50241
29791 1.75896 NaN NaN NaN 200.49243 -101.14877 5.35566 294.46716 -165.91187 -49.26093 NaN NaN NaN 89.63757 -110.78698 -16.12525 7.09776 -190.47742 -78.46725
29792 1.76730 NaN NaN NaN 200.52512 -101.12403 5.34071 294.46921 -165.92888 -49.26136 NaN NaN NaN 89.62433 -110.80655 -16.10535 7.08515 -190.51540 -78.37661
29793 1.77565 NaN NaN NaN 200.52655 -101.17038 5.35940 294.48630 -165.95456 -49.28728 NaN NaN NaN 89.62655 -110.81542 -16.09799 7.06106 -190.56659 -78.29336
29794 1.78399 NaN NaN NaN 200.55920 -101.14561 5.34397 294.49011 -165.96022 -49.28975 NaN NaN NaN 89.60990 -110.83717 -16.08849 7.06359 -190.61131 -78.23488
29795 1.79234 NaN NaN NaN 200.57303 -101.14457 5.36383 294.49637 -166.01805 -49.31487 NaN NaN NaN 89.62201 -110.85339 -16.07751 7.04979 -190.64517 -78.18829
29796 1.80069 NaN NaN NaN 200.58502 -101.15340 5.34763 294.50204 -166.03340 -49.33664 NaN NaN NaN 89.59606 -110.84975 -16.06350 7.04770 -190.67531 -78.15015
29797 1.80903 NaN NaN NaN 200.57372 -101.17156 5.36504 294.49277 -166.03912 -49.35083 NaN NaN NaN 89.59596 -110.86116 -16.06915 7.04412 -190.70609 -78.11999
29798 1.81738 NaN NaN NaN 200.58043 -101.17804 5.36969 294.50000 -166.04163 -49.35825 NaN NaN NaN 89.58809 -110.88400 -16.07317 7.05121 -190.73068 -78.09133
29799 1.82573 NaN NaN NaN 200.57516 -101.18794 5.37805 294.50479 -166.03978 -49.35708 NaN NaN NaN 89.61686 -110.89230 -16.07169 7.05118 -190.77481 -78.07612
29800 1.83407 NaN NaN NaN 200.57576 -101.19040 5.37377 294.50714 -166.04680 -49.36456 NaN NaN NaN 89.62782 -110.91471 -16.09439 7.04952 -190.81078 -78.04710
29801 1.84242 NaN NaN NaN 200.56236 -101.23892 5.40057 294.50537 -166.05510 -49.34284 NaN NaN NaN 89.65469 -110.93932 -16.09984 7.04223 -190.86150 -78.02713
29802 1.85077 NaN NaN NaN 200.56171 -101.22066 5.40272 294.50864 -166.04544 -49.35231 NaN NaN NaN 89.67394 -110.97183 -16.12186 7.04650 -190.92296 -78.00484
29803 1.85911 NaN NaN NaN 200.54720 -101.25642 5.42011 294.51981 -166.05206 -49.34198 NaN NaN NaN 89.67921 -110.98415 -16.16679 7.02872 -190.95731 -77.91042
29804 1.86746 NaN NaN NaN 200.55350 -101.22756 5.41852 294.51553 -166.03687 -49.33749 NaN NaN NaN 89.69312 -110.98489 -16.17774 7.01792 -190.99625 -77.86570
29805 1.87581 NaN NaN NaN 200.56456 -101.25612 5.43301 294.52979 -166.04041 -49.32510 NaN NaN NaN 89.71390 -110.98260 -16.14353 7.01721 -191.03040 -77.83633
29806 1.88415 NaN NaN NaN 200.59180 -101.24202 5.44185 294.54422 -166.01012 -49.31481 NaN NaN NaN 89.70934 -110.99691 -16.16588 7.03180 -191.05077 -77.82417
29807 1.89250 NaN NaN NaN 200.58740 -101.27308 5.48912 294.55408 -165.98534 -49.29299 NaN NaN NaN 89.75240 -110.99412 -16.13639 7.01837 -191.05910 -77.80853
29808 1.90085 NaN NaN NaN 200.59525 -101.27254 5.49189 294.55457 -165.96849 -49.26790 NaN NaN NaN 89.74216 -110.99490 -16.15759 7.00774 -191.05894 -77.79861
29809 1.90919 NaN NaN NaN 200.59462 -101.29232 5.51754 294.57089 -165.96484 -49.27455 NaN NaN NaN 89.75362 -111.01336 -16.12211 7.02707 -191.07486 -77.78921
29810 1.91754 NaN NaN NaN 200.58447 -101.32286 5.51164 294.58313 -165.96954 -49.26719 NaN NaN NaN 89.75448 -111.02702 -16.16112 7.04662 -191.10452 -77.77395
29811 1.92589 NaN NaN NaN 200.59506 -101.32713 5.52973 294.58426 -165.97440 -49.28290 NaN NaN NaN 89.76694 -111.03455 -16.16280 7.06783 -191.08801 -77.77625
29812 1.93423 NaN NaN NaN 200.61729 -101.28906 5.52025 294.57596 -165.95952 -49.30023 NaN NaN NaN 89.79963 -111.03661 -16.17552 7.08664 -191.06592 -77.79427
29813 1.94258 NaN NaN NaN 200.62062 -101.30733 5.52534 294.60748 -165.96346 -49.30518 NaN NaN NaN 89.84691 -111.00534 -16.18712 7.08507 -191.03336 -77.80274
29814 1.95093 NaN NaN NaN 200.62617 -101.33752 5.51099 294.61749 -165.95743 -49.34383 NaN NaN NaN 89.87775 -111.01439 -16.19529 7.13174 -191.03780 -77.81362
29815 1.95927 NaN NaN NaN 200.65736 -101.42141 5.54537 294.63342 -165.97443 -49.39211 NaN NaN NaN 89.92461 -111.03226 -16.21983 7.16737 -191.02977 -77.82660
29816 1.96762 NaN NaN NaN 200.68721 -101.44010 5.54522 294.64511 -165.98167 -49.43173 NaN NaN NaN 90.03075 -111.05978 -16.24589 7.23777 -191.02232 -77.86435
29817 1.97597 NaN NaN NaN 200.72530 -101.50813 5.57643 294.64832 -165.97469 -49.48469 NaN NaN NaN 90.14569 -111.07212 -16.30793 7.27814 -191.00792 -77.87072
29818 1.98431 NaN NaN NaN 200.74754 -101.54377 5.59044 294.67670 -165.97099 -49.53170 NaN NaN NaN 90.23200 -111.07906 -16.33960 7.36228 -191.00980 -77.92513
29819 1.99266 NaN NaN NaN 200.78302 -101.60873 5.62370 294.69135 -165.95988 -49.61416 NaN NaN NaN 90.29843 -111.10531 -16.37561 7.43776 -191.02570 -77.98539
29820 2.00101 NaN NaN NaN 200.82491 -101.67762 5.67273 294.71500 -165.97194 -49.66096 NaN NaN NaN 90.35129 -111.16106 -16.43069 7.50432 -191.02394 -78.02700
29821 2.00935 NaN NaN NaN 200.86108 -101.74390 5.71613 294.75006 -165.97693 -49.69777 NaN NaN NaN 90.42826 -111.21650 -16.44288 7.56425 -191.01993 -78.07239
29822 2.01770 NaN NaN NaN 200.89891 -101.83355 5.73953 294.75735 -165.98311 -49.78273 NaN NaN NaN 90.50536 -111.28881 -16.44552 7.64384 -191.02719 -78.11051
29823 2.02604 NaN NaN NaN 200.93622 -101.86152 5.74454 294.76935 -165.98769 -49.85569 NaN NaN NaN 90.57164 -111.32915 -16.42169 7.72550 -191.03056 -78.14138
29824 2.03439 NaN NaN NaN 200.94180 -101.92319 5.74911 294.77264 -165.95567 -49.92551 NaN NaN NaN 90.65276 -111.37326 -16.41730 7.79852 -191.02251 -78.19558
29825 2.04274 NaN NaN NaN 200.94403 -101.96392 5.75306 294.79343 -165.92792 -49.96428 NaN NaN NaN 90.74020 -111.43907 -16.38466 7.86801 -191.00339 -78.29990
29826 2.05108 NaN NaN NaN 200.94455 -102.00577 5.75553 294.79062 -165.90611 -49.99939 NaN NaN NaN 90.81728 -111.48646 -16.39163 7.94410 -191.00529 -78.40782
29827 2.05943 NaN NaN NaN 200.89932 -102.03039 5.73918 294.78467 -165.93776 -50.02740 NaN NaN NaN 90.87139 -111.55131 -16.40269 8.00160 -191.00868 -78.50207
29828 2.06778 NaN NaN NaN 200.86279 -102.07413 5.70508 294.77344 -165.98233 -50.05576 NaN NaN NaN 90.92870 -111.61828 -16.42585 8.08005 -191.01425 -78.58761
29829 2.07612 NaN NaN NaN 200.79247 -102.17847 5.69047 294.75238 -166.00705 -50.06329 NaN NaN NaN 90.97910 -111.66586 -16.44126 8.14185 -191.02196 -78.69599
29830 2.08447 NaN NaN NaN 200.73619 -102.22799 5.65152 294.71814 -166.02393 -50.09125 NaN NaN NaN 91.03822 -111.66864 -16.46364 8.19184 -191.02493 -78.78108
29831 2.09282 NaN NaN NaN 200.67548 -102.25854 5.62031 294.67642 -166.00197 -50.11402 NaN NaN NaN 91.08265 -111.68588 -16.51713 8.24274 -190.99023 -78.86858
29832 2.10116 NaN NaN NaN 200.59332 -102.26533 5.57683 294.63287 -165.98558 -50.09949 NaN NaN NaN 91.12213 -111.73077 -16.53758 8.25733 -190.99609 -78.95847
29833 2.10951 NaN NaN NaN 200.53215 -102.29408 5.56702 294.61914 -165.92477 -50.09135 NaN NaN NaN 91.15047 -111.78998 -16.60266 8.28066 -190.97987 -79.07073
29834 2.11786 NaN NaN NaN 200.49649 -102.28017 5.53400 294.60376 -165.89464 -50.05878 NaN NaN NaN 91.17599 -111.80861 -16.60581 8.32011 -190.96706 -79.14325
29835 2.12620 NaN NaN NaN 200.45038 -102.25639 5.51367 294.56750 -165.84740 -50.00539 NaN NaN NaN 91.18220 -111.80724 -16.63273 8.35845 -190.93951 -79.17333
29836 2.13455 NaN NaN NaN 200.40897 -102.22663 5.48933 294.54941 -165.82579 -49.98457 NaN NaN NaN 91.18874 -111.81535 -16.64069 8.36673 -190.91400 -79.20041
29837 2.14290 NaN NaN NaN 200.33951 -102.22685 5.49314 294.54742 -165.80292 -49.97164 NaN NaN NaN 91.18307 -111.80265 -16.63343 8.36473 -190.91731 -79.20232
29838 2.15124 NaN NaN NaN 200.31491 -102.19485 5.48270 294.55270 -165.79997 -49.94833 NaN NaN NaN 91.16847 -111.80588 -16.61594 8.35551 -190.94193 -79.18186
29839 2.15959 NaN NaN NaN 200.27414 -102.16251 5.48657 294.54251 -165.75679 -49.91905 NaN NaN NaN 91.14982 -111.82389 -16.58183 8.34459 -190.96059 -79.16035
29840 2.16794 NaN NaN NaN 200.24358 -102.13773 5.48973 294.54105 -165.74026 -49.89119 NaN NaN NaN 91.11763 -111.84547 -16.53794 8.34726 -190.98428 -79.12600
29841 2.17628 NaN NaN NaN 200.20988 -102.15932 5.52679 294.54077 -165.69212 -49.87883 NaN NaN NaN 91.11060 -111.81226 -16.49699 8.35093 -191.00534 -79.11522
29842 2.18463 NaN NaN NaN 200.18872 -102.12745 5.51350 294.53760 -165.62350 -49.88427 NaN NaN NaN 91.04792 -111.82059 -16.44676 8.34251 -191.04079 -79.11575
29843 2.19298 NaN NaN NaN 200.15938 -102.10109 5.53672 294.52542 -165.54877 -49.87379 NaN NaN NaN 91.01389 -111.81796 -16.40329 8.34076 -191.04520 -79.09335
29844 2.20132 NaN NaN NaN 200.14618 -102.03382 5.53354 294.54895 -165.54614 -49.83071 NaN NaN NaN 91.01276 -111.82285 -16.41587 8.34518 -191.05081 -79.07429
29845 2.20967 NaN NaN NaN 200.12578 -102.04026 5.54383 294.54330 -165.49284 -49.83391 NaN NaN NaN 90.98318 -111.82234 -16.40094 8.33587 -191.03371 -79.06804
29846 2.21802 NaN NaN NaN 200.09587 -102.04026 5.53987 294.55692 -165.50662 -49.79327 NaN NaN NaN 90.98042 -111.81258 -16.40520 8.33664 -191.02908 -79.08320
29847 2.22636 NaN NaN NaN 200.09879 -102.05947 5.54313 294.55411 -165.52664 -49.74990 NaN NaN NaN 90.96864 -111.79739 -16.40325 8.34160 -191.03221 -79.06689
29848 2.23471 NaN NaN NaN 200.09558 -102.02328 5.52077 294.55856 -165.53636 -49.73890 NaN NaN NaN 90.98013 -111.78043 -16.40430 8.33510 -191.03577 -79.07272
29849 2.24306 NaN NaN NaN 200.09076 -102.04715 5.53379 294.55771 -165.55043 -49.73412 NaN NaN NaN 90.99195 -111.76715 -16.39154 8.34232 -191.03445 -79.06532
29850 2.25140 NaN NaN NaN 200.09642 -102.01709 5.52026 294.55472 -165.55098 -49.74092 NaN NaN NaN 90.99068 -111.77753 -16.39157 8.34138 -191.00917 -79.07999
29851 2.25975 NaN NaN NaN 200.08644 -102.01588 5.50019 294.55319 -165.53232 -49.73974 NaN NaN NaN 90.96530 -111.78561 -16.38153 8.32995 -190.98753 -79.09786
29852 2.26810 NaN NaN NaN 200.06691 -102.02161 5.50104 294.55014 -165.52345 -49.73932 NaN NaN NaN 90.97396 -111.78754 -16.38092 8.32909 -190.96906 -79.12337
29853 2.27644 NaN NaN NaN 200.05072 -102.03737 5.51129 294.55307 -165.51962 -49.73507 NaN NaN NaN 90.97205 -111.77386 -16.38209 8.34202 -190.93237 -79.12213
29854 2.28479 NaN NaN NaN 200.06352 -102.01595 5.48829 294.54871 -165.52451 -49.73186 NaN NaN NaN 90.99607 -111.78462 -16.39117 8.32928 -190.92087 -79.12099
29855 2.29313 NaN NaN NaN 200.05482 -102.02911 5.50986 294.55313 -165.54115 -49.72899 NaN NaN NaN 90.99426 -111.74318 -16.39584 8.34223 -190.91998 -79.11852
29856 2.30148 NaN NaN NaN 200.05515 -102.01276 5.48063 294.53738 -165.54849 -49.72970 NaN NaN NaN 91.00430 -111.75538 -16.40824 8.32779 -190.93365 -79.10710
29857 2.30983 NaN NaN NaN 200.04362 -102.04833 5.48709 294.54440 -165.52618 -49.74273 NaN NaN NaN 91.00575 -111.74799 -16.40135 8.31654 -190.93541 -79.08868
29858 2.31817 NaN NaN NaN 200.04575 -102.03518 5.46346 294.55182 -165.54495 -49.73190 NaN NaN NaN 91.02796 -111.77183 -16.39559 8.29911 -190.94748 -79.02767
29859 2.32652 NaN NaN NaN 200.06096 -102.02119 5.44125 294.55536 -165.54987 -49.73575 NaN NaN NaN 91.02928 -111.76213 -16.39275 8.27295 -190.93881 -78.99818
29860 2.33487 NaN NaN NaN 200.06488 -102.02857 5.44029 294.55237 -165.56670 -49.74274 NaN NaN NaN 91.03126 -111.79436 -16.38892 8.25788 -190.94769 -78.96405
29861 2.34321 NaN NaN NaN 200.06860 -102.09184 5.47109 294.55499 -165.56577 -49.76216 NaN NaN NaN 91.04036 -111.80834 -16.36396 8.25913 -190.95743 -78.93490
29862 2.35156 NaN NaN NaN 200.07761 -102.07851 5.46580 294.56302 -165.56705 -49.78419 NaN NaN NaN 91.05347 -111.87264 -16.32435 8.26347 -190.97116 -78.90553
29863 2.35991 NaN NaN NaN 200.09531 -102.14437 5.47388 294.57132 -165.56815 -49.81438 NaN NaN NaN 91.06052 -111.90185 -16.30953 8.25418 -190.97295 -78.86317
29864 2.36825 NaN NaN NaN 200.11818 -102.13757 5.45704 294.59689 -165.61240 -49.81424 NaN NaN NaN 91.07392 -111.92498 -16.30793 8.25012 -191.00412 -78.81837
29865 2.37660 NaN NaN NaN 200.14658 -102.19138 5.46780 294.59381 -165.61269 -49.84576 NaN NaN NaN 91.07822 -111.94888 -16.31956 8.24836 -191.02081 -78.80221
29866 2.38495 NaN NaN NaN 200.16763 -102.18580 5.47460 294.59863 -165.64865 -49.87142 NaN NaN NaN 91.11258 -111.95512 -16.28882 8.23975 -191.03400 -78.77628
29867 2.39329 NaN NaN NaN 200.19353 -102.24314 5.50775 294.60306 -165.65565 -49.88552 NaN NaN NaN 91.14382 -111.93626 -16.27780 8.25005 -191.01863 -78.76744
29868 2.40164 NaN NaN NaN 200.23643 -102.24472 5.50341 294.62497 -165.67244 -49.90467 NaN NaN NaN 91.16618 -111.93356 -16.28436 8.24580 -191.02234 -78.76840
29869 2.40999 NaN NaN NaN 200.24623 -102.27501 5.52160 294.64053 -165.66249 -49.92573 NaN NaN NaN 91.19455 -111.91249 -16.30317 8.24670 -191.00473 -78.75763
29870 2.41833 NaN NaN NaN 200.26701 -102.25879 5.50243 294.64886 -165.66315 -49.93008 NaN NaN NaN 91.20565 -111.91170 -16.33106 8.25890 -191.00369 -78.75217
29871 2.42668 NaN NaN NaN 200.26703 -102.28052 5.52117 294.66632 -165.64476 -49.93363 NaN NaN NaN 91.22152 -111.89151 -16.35589 8.25638 -190.99359 -78.75527
29872 2.43503 NaN NaN NaN 200.30258 -102.26150 5.51683 294.67398 -165.65723 -49.92101 NaN NaN NaN 91.21852 -111.87944 -16.39222 8.26318 -190.97060 -78.74445
29873 2.44337 NaN NaN NaN 200.31543 -102.30013 5.55451 294.68777 -165.63640 -49.92572 NaN NaN NaN 91.20972 -111.85536 -16.39224 8.24118 -190.97684 -78.73174
29874 2.45172 NaN NaN NaN 200.35704 -102.28271 5.57124 294.69229 -165.64912 -49.91101 NaN NaN NaN 91.21289 -111.84528 -16.37259 8.24595 -190.95384 -78.69556
29875 2.46007 NaN NaN NaN 200.36971 -102.31074 5.62875 294.73599 -165.67392 -49.89988 NaN NaN NaN 91.23925 -111.84560 -16.36383 8.24989 -190.95715 -78.67139
29876 2.46841 NaN NaN NaN 200.38614 -102.28819 5.63566 294.74963 -165.67798 -49.91252 NaN NaN NaN 91.25741 -111.81275 -16.35864 8.26149 -190.92372 -78.67006
29877 2.47676 NaN NaN NaN 200.41444 -102.29733 5.65133 294.78052 -165.68285 -49.90288 NaN NaN NaN 91.25681 -111.81010 -16.34076 8.26966 -190.91507 -78.67114
29878 2.48511 NaN NaN NaN 200.45502 -102.26097 5.64995 294.77380 -165.65681 -49.91497 NaN NaN NaN 91.26958 -111.79188 -16.34046 8.28414 -190.90155 -78.65678
29879 2.49345 NaN NaN NaN 200.46989 -102.26774 5.67887 294.78632 -165.63654 -49.92879 NaN NaN NaN 91.27944 -111.76766 -16.37452 8.29336 -190.88673 -78.67993
29880 2.50180 NaN NaN NaN 200.48952 -102.22518 5.67832 294.79431 -165.61592 -49.94280 NaN NaN NaN 91.29462 -111.75529 -16.38549 8.31769 -190.87766 -78.66737
29881 2.51015 NaN NaN NaN 200.50294 -102.23845 5.69117 294.82895 -165.63101 -49.91971 NaN NaN NaN 91.30164 -111.76334 -16.41173 8.33825 -190.89232 -78.67677
29882 2.51849 NaN NaN NaN 200.52509 -102.18649 5.67532 294.83517 -165.61223 -49.92588 NaN NaN NaN 91.30811 -111.77821 -16.41484 8.36057 -190.88853 -78.68333
29883 2.52684 NaN NaN NaN 200.52794 -102.22020 5.68082 294.84326 -165.62991 -49.91712 NaN NaN NaN 91.31381 -111.75748 -16.46172 8.35182 -190.88957 -78.72942
29884 2.53518 NaN NaN NaN 200.54774 -102.20695 5.66007 294.85767 -165.64253 -49.91892 NaN NaN NaN 91.32143 -111.75397 -16.48317 8.36231 -190.86127 -78.75331
29885 2.54353 NaN NaN NaN 200.56017 -102.23090 5.68217 294.87024 -165.66029 -49.90425 NaN NaN NaN 91.32347 -111.74042 -16.49545 8.34515 -190.83159 -78.76344
29886 2.55188 NaN NaN NaN 200.57631 -102.23432 5.69357 294.87720 -165.67415 -49.90998 NaN NaN NaN 91.33374 -111.74733 -16.51076 8.35386 -190.82382 -78.75329
29887 2.56022 NaN NaN NaN 200.58736 -102.20804 5.69997 294.88153 -165.67729 -49.90284 NaN NaN NaN 91.33481 -111.75716 -16.50597 8.36480 -190.82314 -78.75033
29888 2.56857 NaN NaN NaN 200.60899 -102.18441 5.69109 294.89587 -165.69003 -49.91095 NaN NaN NaN 91.35420 -111.74066 -16.51352 8.38282 -190.81798 -78.73113
29889 2.57692 NaN NaN NaN 200.61055 -102.19870 5.70308 294.91656 -165.69357 -49.90253 NaN NaN NaN 91.34380 -111.72381 -16.51142 8.36380 -190.81355 -78.74860
29890 2.58526 NaN NaN NaN 200.63834 -102.19506 5.69233 294.92383 -165.69707 -49.90981 NaN NaN NaN 91.37634 -111.71056 -16.51588 8.36353 -190.81992 -78.71892
29891 2.59361 NaN NaN NaN 200.64328 -102.21796 5.72001 294.91721 -165.69203 -49.90428 NaN NaN NaN 91.37811 -111.68590 -16.52332 8.35338 -190.81604 -78.71084
29892 2.60196 NaN NaN NaN 200.65169 -102.21399 5.70086 294.92108 -165.67375 -49.91866 NaN NaN NaN 91.38365 -111.68105 -16.50273 8.33655 -190.81503 -78.68319
29893 2.61030 NaN NaN NaN 200.63823 -102.19822 5.71308 294.92651 -165.68935 -49.91562 NaN NaN NaN 91.34690 -111.69653 -16.49442 8.34623 -190.79448 -78.68205
29894 2.61865 NaN NaN NaN 200.65822 -102.19577 5.70838 294.94580 -165.69943 -49.91438 NaN NaN NaN 91.36677 -111.69663 -16.48664 8.36184 -190.79039 -78.66632
29895 2.62700 NaN NaN NaN 200.67960 -102.19467 5.71700 294.95929 -165.69441 -49.91709 NaN NaN NaN 91.35126 -111.69859 -16.46627 8.33603 -190.80457 -78.62502
29896 2.63534 NaN NaN NaN 200.67604 -102.18504 5.71162 294.94901 -165.70334 -49.92474 NaN NaN NaN 91.36875 -111.69132 -16.43596 8.32342 -190.81433 -78.60237
29897 2.64369 NaN NaN NaN 200.68167 -102.21418 5.71162 294.94141 -165.68474 -49.92678 NaN NaN NaN 91.34052 -111.68950 -16.43768 8.29808 -190.81851 -78.59301
29898 2.65204 NaN NaN NaN 200.67842 -102.22298 5.70999 294.94324 -165.69757 -49.93585 NaN NaN NaN 91.32694 -111.68530 -16.39333 8.30278 -190.84352 -78.56870
29899 2.66038 NaN NaN NaN 200.67780 -102.24860 5.72706 294.96213 -165.70255 -49.93964 NaN NaN NaN 91.33102 -111.71043 -16.42165 8.29325 -190.87497 -78.55824
29900 2.66873 NaN NaN NaN 200.69911 -102.24808 5.71548 294.96600 -165.73114 -49.95166 NaN NaN NaN 91.34281 -111.72192 -16.40052 8.29243 -190.88762 -78.53414
29901 2.67708 NaN NaN NaN 200.70352 -102.24492 5.72659 294.96976 -165.73471 -49.96265 NaN NaN NaN 91.32079 -111.73901 -16.41555 8.27677 -190.91432 -78.52370
29902 2.68542 NaN NaN NaN 200.70285 -102.26463 5.71347 294.96390 -165.73183 -49.96208 NaN NaN NaN 91.31976 -111.72987 -16.38969 8.26366 -190.93744 -78.49319
29903 2.69377 NaN NaN NaN 200.67865 -102.30904 5.72946 294.95523 -165.73872 -49.98277 NaN NaN NaN 91.31451 -111.74207 -16.40619 8.24833 -190.95088 -78.47482
29904 2.70212 NaN NaN NaN 200.68637 -102.30568 5.71131 294.94696 -165.74081 -49.99112 NaN NaN NaN 91.30738 -111.78079 -16.41082 8.23061 -190.98181 -78.44559
29905 2.71046 NaN NaN NaN 200.67142 -102.34345 5.73535 294.93530 -165.73331 -50.00235 NaN NaN NaN 91.30228 -111.77139 -16.44180 8.20828 -191.00993 -78.42693
29906 2.71881 NaN NaN NaN 200.66560 -102.38181 5.72040 294.94028 -165.73648 -50.00934 NaN NaN NaN 91.29497 -111.79073 -16.44114 8.21153 -191.04149 -78.41341
29907 2.72716 NaN NaN NaN 200.66545 -102.38948 5.72837 294.93384 -165.74167 -50.00537 NaN NaN NaN 91.28752 -111.81618 -16.44635 8.19715 -191.05731 -78.40203
29908 2.73550 NaN NaN NaN 200.66206 -102.37698 5.72354 294.93176 -165.77130 -50.00639 NaN NaN NaN 91.28329 -111.83607 -16.40079 8.18534 -191.07947 -78.38793
29909 2.74385 NaN NaN NaN 200.64154 -102.41016 5.72217 294.92081 -165.74976 -50.00187 NaN NaN NaN 91.29457 -111.84647 -16.41809 8.17215 -191.07564 -78.36812
29910 2.75220 NaN NaN NaN 200.62962 -102.40340 5.71727 294.91360 -165.75748 -50.01851 NaN NaN NaN 91.27735 -111.84447 -16.40237 8.16292 -191.09309 -78.34787
29911 2.76054 NaN NaN NaN 200.62181 -102.42705 5.72788 294.91760 -165.77170 -50.01684 NaN NaN NaN 91.26944 -111.84964 -16.43534 8.14493 -191.09497 -78.30314
29912 2.76889 NaN NaN NaN 200.62987 -102.40865 5.69353 294.90869 -165.77008 -50.03309 NaN NaN NaN 91.26379 -111.82471 -16.42606 8.14791 -191.11839 -78.30862
29913 2.77724 NaN NaN NaN 200.60576 -102.43346 5.71249 294.91724 -165.76535 -50.02333 NaN NaN NaN 91.25375 -111.79656 -16.42070 8.14926 -191.12576 -78.25188
29914 2.78558 NaN NaN NaN 200.59543 -102.43354 5.71198 294.91556 -165.77397 -50.01637 NaN NaN NaN 91.23926 -111.79689 -16.40687 8.13837 -191.17657 -78.21943
29915 2.79393 NaN NaN NaN 200.59378 -102.44034 5.71928 294.90714 -165.76126 -50.01726 NaN NaN NaN 91.20730 -111.77387 -16.40343 8.11219 -191.16582 -78.19684
29916 2.80227 NaN NaN NaN 200.60185 -102.40441 5.70982 294.89508 -165.75414 -50.02265 NaN NaN NaN 91.18275 -111.76654 -16.37747 8.10291 -191.18982 -78.18748
29917 2.81062 NaN NaN NaN 200.58432 -102.41055 5.71476 294.88162 -165.75266 -50.01445 NaN NaN NaN 91.15926 -111.76257 -16.39778 8.09164 -191.17815 -78.19541
29918 2.81897 NaN NaN NaN 200.56317 -102.40482 5.68876 294.85559 -165.74146 -50.00600 NaN NaN NaN 91.13888 -111.76144 -16.40481 8.08059 -191.20512 -78.19759
29919 2.82731 NaN NaN NaN 200.54799 -102.41071 5.69137 294.84351 -165.75380 -49.99700 NaN NaN NaN 91.13371 -111.76466 -16.42762 8.06109 -191.20110 -78.20715
29920 2.83566 NaN NaN NaN 200.54753 -102.36670 5.67452 294.84341 -165.76227 -49.99283 NaN NaN NaN 91.10625 -111.78285 -16.42925 8.03184 -191.21436 -78.21661
29921 2.84401 NaN NaN NaN 200.53778 -102.38486 5.71134 294.84488 -165.75739 -49.98832 NaN NaN NaN 91.10323 -111.78707 -16.46273 8.00166 -191.19658 -78.20150
29922 2.85235 NaN NaN NaN 200.53056 -102.36806 5.69991 294.86044 -165.76610 -49.96948 NaN NaN NaN 91.09721 -111.79388 -16.44465 7.98282 -191.21762 -78.16639
29923 2.86070 NaN NaN NaN 200.52255 -102.40578 5.69964 294.88165 -165.74098 -49.95059 NaN NaN NaN 91.10026 -111.80042 -16.47352 7.97958 -191.22345 -78.13933
29924 2.86905 NaN NaN NaN 200.52524 -102.41612 5.68505 294.87637 -165.75153 -49.94407 NaN NaN NaN 91.09039 -111.79856 -16.49867 7.95208 -191.23534 -78.09464
29925 2.87739 NaN NaN NaN 200.52353 -102.39738 5.71097 294.88565 -165.72049 -49.93693 NaN NaN NaN 91.10429 -111.78076 -16.49679 7.93601 -191.23997 -78.06805
29926 2.88574 NaN NaN NaN 200.54836 -102.38623 5.70337 294.90921 -165.70683 -49.93960 NaN NaN NaN 91.09915 -111.75542 -16.47676 7.94904 -191.25096 -78.03629
29927 2.89409 NaN NaN NaN 200.58441 -102.37709 5.71976 294.92877 -165.68622 -49.94896 NaN NaN NaN 91.12749 -111.72121 -16.45838 7.97794 -191.25659 -78.01937
29928 2.90243 NaN NaN NaN 200.62114 -102.33308 5.72031 294.95239 -165.69330 -49.94755 NaN NaN NaN 91.13204 -111.69056 -16.42670 8.00132 -191.24809 -78.00629
29929 2.91078 NaN NaN NaN 200.63904 -102.29175 5.72608 294.95847 -165.65971 -49.96294 NaN NaN NaN 91.13592 -111.65112 -16.40283 8.00874 -191.21866 -77.95061
29930 2.91913 NaN NaN NaN 200.68652 -102.27544 5.73694 294.99957 -165.62802 -49.98645 NaN NaN NaN 91.12518 -111.64049 -16.41634 8.00737 -191.22072 -77.91829
29931 2.92747 NaN NaN NaN 200.74287 -102.25240 5.75660 295.02924 -165.57874 -50.01584 NaN NaN NaN 91.13827 -111.62109 -16.43792 8.00231 -191.20409 -77.88437
29932 2.93582 NaN NaN NaN 200.76422 -102.28647 5.77487 295.05768 -165.58156 -50.01379 NaN NaN NaN 91.14927 -111.61654 -16.43407 8.01383 -191.20641 -77.87001
29933 2.94417 NaN NaN NaN 200.79720 -102.25766 5.78344 295.08328 -165.56604 -50.00568 NaN NaN NaN 91.14701 -111.61398 -16.42987 8.02044 -191.20491 -77.86301
29934 2.95251 NaN NaN NaN 200.82863 -102.24050 5.78116 295.08667 -165.55000 -50.00623 NaN NaN NaN 91.16133 -111.62399 -16.43098 8.03077 -191.23097 -77.85612
29935 2.96086 NaN NaN NaN 200.84454 -102.24374 5.81034 295.09656 -165.54912 -50.00626 NaN NaN NaN 91.14183 -111.60896 -16.44709 8.04233 -191.24303 -77.84880
29936 2.96921 NaN NaN NaN 200.89671 -102.18937 5.81070 295.10886 -165.56395 -50.01447 NaN NaN NaN 91.14545 -111.59878 -16.45578 8.03911 -191.25148 -77.83266
29937 2.97755 NaN NaN NaN 200.91278 -102.20704 5.81065 295.12378 -165.57681 -50.01687 NaN NaN NaN 91.15749 -111.59164 -16.47182 8.01725 -191.27425 -77.81818
29938 2.98590 NaN NaN NaN 200.93698 -102.21445 5.81577 295.14020 -165.58659 -50.03699 NaN NaN NaN 91.16312 -111.59110 -16.44981 8.01337 -191.30392 -77.77973
29939 2.99425 NaN NaN NaN 200.96642 -102.28227 5.82322 295.15512 -165.59999 -50.03553 NaN NaN NaN 91.16959 -111.61150 -16.47297 8.01529 -191.34790 -77.76139
29940 3.00259 NaN NaN NaN 201.01137 -102.30920 5.84150 295.15271 -165.63359 -50.04865 NaN NaN NaN 91.18266 -111.65095 -16.50202 8.03101 -191.36806 -77.74148
29941 3.01094 NaN NaN NaN 201.04993 -102.35750 5.88312 295.15588 -165.63519 -50.05091 NaN NaN NaN 91.21484 -111.66845 -16.51447 8.04087 -191.38036 -77.74677
29942 3.01929 NaN NaN NaN 201.07816 -102.38251 5.89897 295.16824 -165.66545 -50.06450 NaN NaN NaN 91.23044 -111.71484 -16.52378 8.03745 -191.38963 -77.73026
29943 3.02763 NaN NaN NaN 201.10934 -102.42160 5.89948 295.18564 -165.69327 -50.04874 NaN NaN NaN 91.24516 -111.72359 -16.51972 8.03743 -191.40858 -77.70323
29944 3.03598 NaN NaN NaN 201.11917 -102.42214 5.91870 295.18839 -165.71703 -50.07325 NaN NaN NaN 91.26533 -111.73951 -16.53276 8.05534 -191.42369 -77.68372
29945 3.04432 NaN NaN NaN 201.13885 -102.44102 5.92064 295.21130 -165.73480 -50.07183 NaN NaN NaN 91.28706 -111.71288 -16.52875 8.05364 -191.41956 -77.69096
29946 3.05267 NaN NaN NaN 201.14651 -102.48869 5.96100 295.21616 -165.73450 -50.10175 NaN NaN NaN 91.29714 -111.73805 -16.54278 8.06314 -191.44745 -77.65823
29947 3.06102 NaN NaN NaN 201.17665 -102.49099 5.96242 295.22324 -165.73819 -50.10267 NaN NaN NaN 91.31891 -111.71992 -16.51889 8.06609 -191.45250 -77.65182
29948 3.06936 NaN NaN NaN 201.17813 -102.48161 5.96442 295.21518 -165.73677 -50.12096 NaN NaN NaN 91.32842 -111.72507 -16.51410 8.06768 -191.46147 -77.63021
29949 3.07771 NaN NaN NaN 201.19891 -102.48512 5.98239 295.24692 -165.75058 -50.13720 NaN NaN NaN 91.33082 -111.72375 -16.51209 8.08681 -191.46378 -77.59364
29950 3.08606 NaN NaN NaN 201.19661 -102.53119 6.02186 295.24231 -165.74086 -50.15825 NaN NaN NaN 91.35691 -111.73407 -16.52370 8.07395 -191.47403 -77.58357
29951 3.09440 NaN NaN NaN 201.20657 -102.52863 6.00814 295.25159 -165.74928 -50.17835 NaN NaN NaN 91.33935 -111.71909 -16.51778 8.06730 -191.47072 -77.54011
29952 3.10275 NaN NaN NaN 201.20857 -102.52038 5.99987 295.24808 -165.76030 -50.19080 NaN NaN NaN 91.34579 -111.73119 -16.53010 8.04253 -191.49171 -77.50661
29953 3.11110 NaN NaN NaN 201.21619 -102.53211 6.00342 295.25671 -165.78084 -50.18089 NaN NaN NaN 91.32645 -111.72994 -16.51936 8.04163 -191.54160 -77.46171
29954 3.11944 NaN NaN NaN 201.20854 -102.53889 5.98345 295.26459 -165.79002 -50.19527 NaN NaN NaN 91.34242 -111.73069 -16.51720 8.02912 -191.55289 -77.41856
29955 3.12779 NaN NaN NaN 201.20996 -102.57726 5.99397 295.27310 -165.79897 -50.20391 NaN NaN NaN 91.34365 -111.74921 -16.50269 8.04419 -191.59158 -77.38875
29956 3.13614 NaN NaN NaN 201.19867 -102.60871 6.00385 295.26993 -165.81039 -50.20725 NaN NaN NaN 91.36235 -111.76822 -16.50090 8.04314 -191.59796 -77.37529
29957 3.14448 NaN NaN NaN 201.20059 -102.62787 5.98939 295.28494 -165.79843 -50.21434 NaN NaN NaN 91.34891 -111.78236 -16.49460 8.04787 -191.60596 -77.36880
29958 3.15283 NaN NaN NaN 201.19754 -102.63664 5.96909 295.27258 -165.78008 -50.21462 NaN NaN NaN 91.36545 -111.80429 -16.48760 8.05045 -191.61920 -77.35491
29959 3.16118 NaN NaN NaN 201.16216 -102.63698 5.95159 295.27539 -165.76436 -50.22330 NaN NaN NaN 91.36798 -111.82790 -16.47708 8.04561 -191.64261 -77.34505
29960 3.16952 NaN NaN NaN 201.16664 -102.61977 5.91692 295.28375 -165.74153 -50.22960 NaN NaN NaN 91.38966 -111.83630 -16.50125 8.05620 -191.67296 -77.32662
29961 3.17787 NaN NaN NaN 201.15170 -102.62035 5.91433 295.29959 -165.74487 -50.22777 NaN NaN NaN 91.41916 -111.86840 -16.49020 8.05038 -191.68773 -77.31956
29962 3.18622 NaN NaN NaN 201.13690 -102.64640 5.91944 295.30731 -165.73564 -50.22493 NaN NaN NaN 91.41886 -111.88435 -16.49031 8.06332 -191.71606 -77.30283
29963 3.19456 NaN NaN NaN 201.11688 -102.62334 5.91902 295.31458 -165.74501 -50.18733 NaN NaN NaN 91.39933 -111.91984 -16.45595 8.07342 -191.73239 -77.27325
29964 3.20291 NaN NaN NaN 201.11972 -102.62376 5.91558 295.30560 -165.72244 -50.15734 NaN NaN NaN 91.41595 -111.92006 -16.47339 8.08332 -191.73898 -77.24408
29965 3.21126 NaN NaN NaN 201.11923 -102.60933 5.91338 295.29913 -165.73709 -50.14978 NaN NaN NaN 91.41317 -111.91949 -16.47195 8.07885 -191.73653 -77.22561
29966 3.21960 NaN NaN NaN 201.10924 -102.58562 5.91341 295.28458 -165.70560 -50.14768 NaN NaN NaN 91.40937 -111.89592 -16.45328 8.09457 -191.75308 -77.20222
29967 3.22795 NaN NaN NaN 201.08792 -102.56482 5.88991 295.28882 -165.67160 -50.12078 NaN NaN NaN 91.39080 -111.86768 -16.47282 8.10050 -191.77460 -77.19453
29968 3.23630 NaN NaN NaN 201.07385 -102.54803 5.88755 295.27722 -165.64265 -50.11825 NaN NaN NaN 91.39696 -111.83982 -16.47675 8.11644 -191.76231 -77.17237
29969 3.24464 NaN NaN NaN 201.06659 -102.53198 5.88268 295.27563 -165.61606 -50.08390 NaN NaN NaN 91.37944 -111.83558 -16.46689 8.10593 -191.74051 -77.15313
29970 3.25299 NaN NaN NaN 201.04625 -102.50536 5.87090 295.26288 -165.58234 -50.05945 NaN NaN NaN 91.37688 -111.82298 -16.47469 8.10702 -191.73001 -77.13459
29971 3.26134 NaN NaN NaN 201.01122 -102.49039 5.87699 295.24695 -165.57602 -50.04708 NaN NaN NaN 91.37312 -111.80502 -16.45996 8.08778 -191.73087 -77.15369
29972 3.26968 NaN NaN NaN 200.96489 -102.45268 5.87874 295.24237 -165.57397 -50.04303 NaN NaN NaN 91.35692 -111.79709 -16.45555 8.08779 -191.72588 -77.13657
29973 3.27803 NaN NaN NaN 200.96332 -102.44934 5.88332 295.23676 -165.52609 -50.02555 NaN NaN NaN 91.35037 -111.79964 -16.44564 8.07662 -191.72458 -77.15345
29974 3.28638 NaN NaN NaN 200.93195 -102.44028 5.85964 295.23315 -165.52312 -50.04320 NaN NaN NaN 91.35104 -111.77164 -16.46074 8.08339 -191.70233 -77.15087
29975 3.29472 NaN NaN NaN 200.92531 -102.42812 5.87372 295.22925 -165.50394 -50.04856 NaN NaN NaN 91.34318 -111.76769 -16.48032 8.07510 -191.70018 -77.15942
29976 3.30307 NaN NaN NaN 200.93362 -102.42419 5.86382 295.20941 -165.49704 -50.04063 NaN NaN NaN 91.35934 -111.77306 -16.50054 8.08060 -191.69147 -77.14967
29977 3.31141 NaN NaN NaN 200.92336 -102.41570 5.86502 295.21732 -165.48724 -50.03973 NaN NaN NaN 91.37304 -111.75462 -16.50907 8.06650 -191.68701 -77.17731
29978 3.31976 NaN NaN NaN 200.91782 -102.40512 5.87610 295.20477 -165.49843 -50.04053 NaN NaN NaN 91.37289 -111.73717 -16.54249 8.07005 -191.67310 -77.17324
29979 3.32811 NaN NaN NaN 200.90167 -102.39413 5.88398 295.20657 -165.50903 -50.03557 NaN NaN NaN 91.36556 -111.75191 -16.56981 8.05509 -191.66153 -77.20205
29980 3.33645 NaN NaN NaN 200.89677 -102.41090 5.87307 295.19635 -165.49637 -50.04839 NaN NaN NaN 91.34499 -111.75558 -16.55839 8.05929 -191.62535 -77.19434
29981 3.34480 NaN NaN NaN 200.90086 -102.40659 5.87325 295.20642 -165.48933 -50.04288 NaN NaN NaN 91.37241 -111.72134 -16.59651 8.05326 -191.62509 -77.21072
29982 3.35315 NaN NaN NaN 200.90712 -102.38555 5.86206 295.20166 -165.48273 -50.05289 NaN NaN NaN 91.39575 -111.69476 -16.60944 8.05894 -191.62004 -77.20872
29983 3.36149 NaN NaN NaN 200.91460 -102.38873 5.87227 295.20734 -165.45891 -50.05847 NaN NaN NaN 91.39874 -111.71761 -16.61259 8.04982 -191.60324 -77.21855
29984 3.36984 NaN NaN NaN 200.91547 -102.38283 5.86755 295.18918 -165.46268 -50.07036 NaN NaN NaN 91.41449 -111.67988 -16.61458 8.06635 -191.58145 -77.21037
29985 3.37819 NaN NaN NaN 200.91556 -102.38557 5.88620 295.19519 -165.46130 -50.07972 NaN NaN NaN 91.43656 -111.67854 -16.61595 8.07475 -191.57162 -77.23253
29986 3.38653 NaN NaN NaN 200.92090 -102.40633 5.85335 295.20554 -165.46587 -50.10101 NaN NaN NaN 91.43299 -111.65051 -16.62332 8.09372 -191.55960 -77.22949
29987 3.39488 NaN NaN NaN 200.93243 -102.40340 5.83867 295.22250 -165.47513 -50.11625 NaN NaN NaN 91.44820 -111.62879 -16.63331 8.10674 -191.57452 -77.26968
29988 3.40323 NaN NaN NaN 200.96669 -102.40730 5.82490 295.22421 -165.47447 -50.13302 NaN NaN NaN 91.45598 -111.63982 -16.64633 8.10117 -191.55920 -77.30478
29989 3.41157 NaN NaN NaN 200.98627 -102.43135 5.81851 295.23294 -165.49579 -50.15009 NaN NaN NaN 91.46693 -111.65200 -16.65835 8.11741 -191.58101 -77.33202
29990 3.41992 NaN NaN NaN 200.99553 -102.49942 5.82596 295.24915 -165.50134 -50.18355 NaN NaN NaN 91.49638 -111.69048 -16.68570 8.11755 -191.61063 -77.36211
29991 3.42827 NaN NaN NaN 201.04066 -102.54281 5.81913 295.27692 -165.54228 -50.21238 NaN NaN NaN 91.50046 -111.69482 -16.71719 8.12988 -191.63911 -77.39268
29992 3.43661 NaN NaN NaN 201.04762 -102.57964 5.80522 295.28650 -165.55904 -50.21968 NaN NaN NaN 91.50621 -111.71454 -16.75420 8.16053 -191.66992 -77.41204
29993 3.44496 NaN NaN NaN 201.05667 -102.58800 5.80464 295.29053 -165.60095 -50.24012 NaN NaN NaN 91.51427 -111.77509 -16.79297 8.18184 -191.70235 -77.42288
29994 3.45331 NaN NaN NaN 201.04976 -102.61182 5.79986 295.30344 -165.60899 -50.22706 NaN NaN NaN 91.54407 -111.82766 -16.80175 8.19015 -191.75075 -77.41834
29995 3.46165 NaN NaN NaN 201.05676 -102.63396 5.79746 295.31775 -165.65733 -50.23024 NaN NaN NaN 91.53686 -111.91325 -16.78729 8.20492 -191.79192 -77.42430
29996 3.47000 NaN NaN NaN 201.05586 -102.66476 5.78369 295.33408 -165.65495 -50.23345 NaN NaN NaN 91.54967 -111.98670 -16.78334 8.22097 -191.83025 -77.42558
29997 3.47835 NaN NaN NaN 201.04524 -102.69001 5.80113 295.34464 -165.67834 -50.22678 NaN NaN NaN 91.57294 -111.99103 -16.77776 8.24624 -191.88596 -77.45700
29998 3.48669 NaN NaN NaN 201.04404 -102.70295 5.78395 295.35098 -165.68578 -50.21938 NaN NaN NaN 91.58882 -112.06278 -16.79490 8.27007 -191.94601 -77.43536
29999 3.49504 NaN NaN NaN 201.05164 -102.74831 5.79284 295.35736 -165.71864 -50.21518 NaN NaN NaN 91.59096 -112.08414 -16.79105 8.27622 -191.96950 -77.42885
30000 3.50339 NaN NaN NaN 201.05457 -102.77477 5.77862 295.36096 -165.70503 -50.22172 NaN NaN NaN 91.58096 -112.13110 -16.78138 8.29267 -192.01587 -77.44279
30001 3.51173 NaN NaN NaN 201.05103 -102.79879 5.79184 295.37109 -165.72598 -50.22169 NaN NaN NaN 91.58188 -112.17871 -16.75439 8.30828 -192.03519 -77.44425
30002 3.52008 NaN NaN NaN 201.03473 -102.79624 5.78916 295.37738 -165.71909 -50.21847 NaN NaN NaN 91.59521 -112.17932 -16.75571 8.30348 -192.05376 -77.43560
30003 3.52843 NaN NaN NaN 201.03622 -102.83707 5.79165 295.37787 -165.73399 -50.21058 NaN NaN NaN 91.57141 -112.20753 -16.77584 8.29569 -192.06876 -77.43322
30004 3.53677 NaN NaN NaN 201.03574 -102.82085 5.77196 295.37827 -165.72821 -50.21387 NaN NaN NaN 91.57631 -112.17894 -16.78168 8.29632 -192.09328 -77.44921
30005 3.54512 NaN NaN NaN 201.01186 -102.82925 5.78858 295.36832 -165.74069 -50.18405 NaN NaN NaN 91.58782 -112.10301 -16.80298 8.29436 -192.10641 -77.44901
30006 3.55346 NaN NaN NaN 201.00514 -102.80579 5.76551 295.37216 -165.73859 -50.19452 NaN NaN NaN 91.56085 -112.12357 -16.78618 8.29902 -192.13988 -77.46104
30007 3.56181 NaN NaN NaN 200.99043 -102.84788 5.76260 295.36673 -165.75931 -50.17205 NaN NaN NaN 91.55128 -112.14710 -16.78493 8.27230 -192.15805 -77.46905
30008 3.57016 NaN NaN NaN 200.98483 -102.82950 5.74383 295.36896 -165.72896 -50.16829 NaN NaN NaN 91.54102 -112.15364 -16.78933 8.27462 -192.16518 -77.48449
30009 3.57850 NaN NaN NaN 200.95325 -102.86866 5.75555 295.36493 -165.73436 -50.15967 NaN NaN NaN 91.53827 -112.17947 -16.77799 8.27215 -192.18037 -77.49032
30010 3.58685 NaN NaN NaN 200.94807 -102.85027 5.74138 295.35501 -165.72397 -50.14507 NaN NaN NaN 91.52667 -112.20091 -16.79336 8.27235 -192.18765 -77.53048
30011 3.59520 NaN NaN NaN 200.91663 -102.86854 5.74137 295.33975 -165.71844 -50.11429 NaN NaN NaN 91.51923 -112.16686 -16.81647 8.27293 -192.17085 -77.57519
30012 3.60354 NaN NaN NaN 200.89856 -102.82023 5.71965 295.32837 -165.68900 -50.11061 NaN NaN NaN 91.50316 -112.14364 -16.86503 8.28404 -192.16075 -77.60524
30013 3.61189 NaN NaN NaN 200.86938 -102.82874 5.72750 295.32697 -165.67151 -50.10386 NaN NaN NaN 91.46428 -112.16290 -16.88731 8.29178 -192.13362 -77.63039
30014 3.62024 NaN NaN NaN 200.85934 -102.78687 5.71411 295.31601 -165.65100 -50.09760 NaN NaN NaN 91.47430 -112.17128 -16.89673 8.29587 -192.11336 -77.65884
30015 3.62858 NaN NaN NaN 200.84612 -102.80157 5.73394 295.30377 -165.64178 -50.08014 NaN NaN NaN 91.43315 -112.13575 -16.92734 8.28116 -192.10287 -77.67701
30016 3.63693 NaN NaN NaN 200.82814 -102.73444 5.70739 295.30258 -165.63005 -50.05395 NaN NaN NaN 91.40454 -112.10666 -16.97184 8.28018 -192.08638 -77.69530
30017 3.64528 NaN NaN NaN 200.79301 -102.73222 5.73432 295.28046 -165.62860 -50.03866 NaN NaN NaN 91.40128 -112.05150 -16.98181 8.26700 -192.06520 -77.70345
30018 3.65362 NaN NaN NaN 200.79411 -102.68668 5.71177 295.27536 -165.59555 -50.03502 NaN NaN NaN 91.41791 -112.02840 -16.98668 8.26685 -192.04350 -77.72316
30019 3.66197 NaN NaN NaN 200.79279 -102.67845 5.74699 295.28293 -165.58299 -50.02197 NaN NaN NaN 91.42427 -112.00911 -16.98717 8.28126 -192.00734 -77.73579
30020 3.67032 NaN NaN NaN 200.81367 -102.59734 5.72932 295.28763 -165.59875 -50.02448 NaN NaN NaN 91.41908 -111.97356 -16.99246 8.28263 -191.97440 -77.74925
30021 3.67866 NaN NaN NaN 200.82397 -102.62028 5.75009 295.26538 -165.57397 -50.01066 NaN NaN NaN 91.41033 -111.95183 -16.98769 8.27052 -191.91220 -77.75180
30022 3.68701 NaN NaN NaN 200.83598 -102.56033 5.74889 295.24719 -165.57678 -50.01036 NaN NaN NaN 91.39258 -111.91994 -17.00122 8.27285 -191.88243 -77.74311
30023 3.69536 NaN NaN NaN 200.84798 -102.51628 5.75361 295.24304 -165.54610 -50.00109 NaN NaN NaN 91.37343 -111.93913 -17.02247 8.26020 -191.81877 -77.74711
30024 3.70370 NaN NaN NaN 200.83418 -102.47818 5.75920 295.23337 -165.53320 -49.98685 NaN NaN NaN 91.37769 -111.87633 -17.01987 8.26674 -191.76106 -77.76718
30025 3.71205 NaN NaN NaN 200.82108 -102.42548 5.77572 295.23105 -165.51398 -49.99242 NaN NaN NaN 91.38490 -111.82100 -17.02601 8.26020 -191.71947 -77.77011
30026 3.72040 NaN NaN NaN 200.82388 -102.42421 5.78194 295.24026 -165.49123 -50.00301 NaN NaN NaN 91.41913 -111.77859 -17.00910 8.26299 -191.67676 -77.77999
30027 3.72874 NaN NaN NaN 200.84499 -102.40487 5.77700 295.24335 -165.47108 -50.00508 NaN NaN NaN 91.42617 -111.73222 -17.02676 8.26996 -191.64943 -77.77289
30028 3.73709 NaN NaN NaN 200.85118 -102.38907 5.77042 295.24280 -165.47238 -50.00672 NaN NaN NaN 91.46782 -111.69707 -17.02542 8.27386 -191.63402 -77.77600
30029 3.74544 NaN NaN NaN 200.85510 -102.36043 5.78713 295.23813 -165.45222 -50.01109 NaN NaN NaN 91.47230 -111.64842 -17.05658 8.29278 -191.61139 -77.77682
30030 3.75378 NaN NaN NaN 200.86124 -102.34277 5.76588 295.24783 -165.45343 -50.00454 NaN NaN NaN 91.50572 -111.60734 -17.06514 8.31627 -191.60585 -77.78714
30031 3.76213 NaN NaN NaN 200.86957 -102.32596 5.75745 295.24747 -165.45013 -50.00495 NaN NaN NaN 91.51874 -111.58659 -17.09317 8.34153 -191.57216 -77.80637
30032 3.77048 NaN NaN NaN 200.87964 -102.32250 5.75463 295.26459 -165.41946 -50.02133 NaN NaN NaN 91.57619 -111.53105 -17.10416 8.39091 -191.51927 -77.84665
30033 3.77882 NaN NaN NaN 200.86952 -102.34141 5.75172 295.28552 -165.41649 -50.02550 NaN NaN NaN 91.58601 -111.52866 -17.11599 8.41356 -191.49239 -77.85797
30034 3.78717 NaN NaN NaN 200.89796 -102.32399 5.73390 295.30872 -165.38672 -50.03273 NaN NaN NaN 91.61021 -111.52113 -17.12716 8.43267 -191.49181 -77.86893
30035 3.79552 NaN NaN NaN 200.89291 -102.33663 5.72446 295.32852 -165.37006 -50.03990 NaN NaN NaN 91.62849 -111.52576 -17.13339 8.45121 -191.51143 -77.89490
30036 3.80386 NaN NaN NaN 200.89629 -102.34281 5.71122 295.32629 -165.34401 -50.05928 NaN NaN NaN 91.66079 -111.52366 -17.13483 8.49548 -191.51775 -77.88366
30037 3.81221 NaN NaN NaN 200.89404 -102.34875 5.70932 295.34286 -165.32521 -50.04721 NaN NaN NaN 91.68189 -111.54215 -17.12436 8.50394 -191.50241 -77.88694
30038 3.82055 NaN NaN NaN 200.91228 -102.34298 5.68743 295.37393 -165.33162 -50.04783 NaN NaN NaN 91.69316 -111.55856 -17.12722 8.51674 -191.50687 -77.90649
30039 3.82890 NaN NaN NaN 200.91805 -102.35320 5.68694 295.38513 -165.34077 -50.03077 NaN NaN NaN 91.69741 -111.56069 -17.10955 8.50864 -191.48654 -77.89854
30040 3.83725 NaN NaN NaN 200.92805 -102.36447 5.68261 295.38400 -165.36623 -50.02683 NaN NaN NaN 91.69604 -111.56687 -17.11384 8.52333 -191.51222 -77.90028
30041 3.84559 NaN NaN NaN 200.94267 -102.37453 5.69193 295.39301 -165.36800 -50.02950 NaN NaN NaN 91.70324 -111.57617 -17.11907 8.53083 -191.52327 -77.93969
30042 3.85394 NaN NaN NaN 200.95172 -102.39648 5.68474 295.40250 -165.38889 -50.04913 NaN NaN NaN 91.71107 -111.57589 -17.12549 8.55933 -191.51503 -77.95988
30043 3.86229 NaN NaN NaN 200.95197 -102.41006 5.68449 295.41855 -165.40077 -50.04463 NaN NaN NaN 91.71049 -111.58806 -17.12062 8.55235 -191.52251 -77.96336
30044 3.87063 NaN NaN NaN 200.92931 -102.42027 5.67775 295.40878 -165.42749 -50.05367 NaN NaN NaN 91.72455 -111.60053 -17.13461 8.54378 -191.53934 -77.95356
30045 3.87898 NaN NaN NaN 200.93503 -102.44622 5.70008 295.38577 -165.44487 -50.04688 NaN NaN NaN 91.71780 -111.61290 -17.11978 8.55275 -191.56575 -77.94751
30046 3.88733 NaN NaN NaN 200.93730 -102.45102 5.68018 295.37915 -165.47101 -50.05946 NaN NaN NaN 91.70989 -111.62222 -17.12910 8.54749 -191.58528 -77.95261
30047 3.89567 NaN NaN NaN 200.93437 -102.47892 5.68496 295.36703 -165.50290 -50.04578 NaN NaN NaN 91.69784 -111.64038 -17.13360 8.53842 -191.59373 -77.96434
30048 3.90402 NaN NaN NaN 200.92737 -102.49180 5.68245 295.36472 -165.51599 -50.05241 NaN NaN NaN 91.68185 -111.63264 -17.14608 8.51043 -191.61041 -77.94833
30049 3.91237 NaN NaN NaN 200.92143 -102.50539 5.69238 295.35870 -165.53511 -50.04106 NaN NaN NaN 91.66284 -111.64733 -17.14643 8.48388 -191.61453 -77.96180
30050 3.92071 NaN NaN NaN 200.91638 -102.52425 5.67444 295.35361 -165.54834 -50.03922 NaN NaN NaN 91.65133 -111.65737 -17.17101 8.48803 -191.63095 -77.96652
30051 3.92906 NaN NaN NaN 200.91843 -102.53059 5.68621 295.33118 -165.55354 -50.02586 NaN NaN NaN 91.64831 -111.66660 -17.12191 8.47481 -191.65536 -77.97330
30052 3.93741 NaN NaN NaN 200.90883 -102.53535 5.66149 295.30649 -165.56688 -50.03077 NaN NaN NaN 91.65977 -111.66839 -17.11600 8.46388 -191.68080 -77.96068
30053 3.94575 NaN NaN NaN 200.90140 -102.53428 5.67863 295.31616 -165.58830 -50.02909 NaN NaN NaN 91.63157 -111.69432 -17.10640 8.44283 -191.68356 -77.95090
30054 3.95410 NaN NaN NaN 200.87793 -102.54291 5.65436 295.30325 -165.60875 -50.01903 NaN NaN NaN 91.61219 -111.69228 -17.12315 8.44196 -191.69096 -77.94646
30055 3.96245 NaN NaN NaN 200.90160 -102.50431 5.65848 295.29120 -165.59439 -50.01383 NaN NaN NaN 91.55519 -111.71968 -17.12042 8.41941 -191.70068 -77.95185
30056 3.97079 NaN NaN NaN 200.88312 -102.49509 5.64561 295.28250 -165.61098 -50.01733 NaN NaN NaN 91.54958 -111.73053 -17.11671 8.41596 -191.71967 -77.94755
30057 3.97914 NaN NaN NaN 200.87285 -102.51674 5.68115 295.27084 -165.61571 -50.00647 NaN NaN NaN 91.52608 -111.71544 -17.12557 8.39371 -191.71933 -77.94178
30058 3.98749 NaN NaN NaN 200.84740 -102.51366 5.67868 295.25656 -165.61295 -50.01690 NaN NaN NaN 91.47881 -111.71313 -17.12625 8.36875 -191.72754 -77.95183
30059 3.99583 NaN NaN NaN 200.85794 -102.53959 5.70434 295.22629 -165.62157 -50.00150 NaN NaN NaN 91.47643 -111.69275 -17.12856 8.32170 -191.69261 -77.95591
30060 4.00418 NaN NaN NaN 200.84966 -102.51676 5.67937 295.21585 -165.62753 -49.99278 NaN NaN NaN 91.45078 -111.68230 -17.13141 8.28507 -191.67520 -77.96772
30061 4.01253 NaN NaN NaN 200.84187 -102.50513 5.69658 295.20193 -165.64113 -49.98337 NaN NaN NaN 91.43945 -111.64838 -17.14509 8.28097 -191.65753 -77.96278
30062 4.02087 NaN NaN NaN 200.84145 -102.48898 5.68253 295.21082 -165.64267 -49.98220 NaN NaN NaN 91.41087 -111.64055 -17.14767 8.26595 -191.66026 -77.97698
30063 4.02922 NaN NaN NaN 200.85176 -102.46397 5.70456 295.19058 -165.64542 -49.98471 NaN NaN NaN 91.39709 -111.61193 -17.16430 8.25957 -191.64548 -77.96970
30064 4.03757 NaN NaN NaN 200.85182 -102.44758 5.70371 295.18918 -165.64005 -49.98500 NaN NaN NaN 91.35395 -111.59240 -17.19744 8.25343 -191.63780 -77.95721
30065 4.04591 NaN NaN NaN 200.85979 -102.42752 5.71931 295.17511 -165.62123 -49.99360 NaN NaN NaN 91.32430 -111.57885 -17.19228 8.23746 -191.62094 -77.96975
30066 4.05426 NaN NaN NaN 200.86223 -102.41091 5.72346 295.16486 -165.61765 -49.99749 NaN NaN NaN 91.31573 -111.56290 -17.20619 8.21716 -191.62141 -77.96320
30067 4.06260 NaN NaN NaN 200.87248 -102.39469 5.74249 295.16916 -165.62570 -49.99989 NaN NaN NaN 91.31855 -111.51780 -17.20828 8.19109 -191.60574 -77.94758
30068 4.07095 NaN NaN NaN 200.92822 -102.32375 5.73237 295.16953 -165.61795 -49.99525 NaN NaN NaN 91.31298 -111.47018 -17.21248 8.16812 -191.55443 -77.92113
30069 4.07930 NaN NaN NaN 200.93524 -102.30794 5.76585 295.17642 -165.61967 -50.00277 NaN NaN NaN 91.30940 -111.42782 -17.20327 8.16878 -191.53407 -77.84976
30070 4.08764 NaN NaN NaN 200.98302 -102.27225 5.77691 295.17700 -165.59775 -50.01942 NaN NaN NaN 91.31275 -111.41010 -17.19361 8.15930 -191.52150 -77.82437
30071 4.09599 NaN NaN NaN 201.00459 -102.31065 5.80743 295.17264 -165.59367 -50.02287 NaN NaN NaN 91.30817 -111.41825 -17.18241 8.15552 -191.50591 -77.79578
30072 4.10434 NaN NaN NaN 201.03044 -102.28230 5.82668 295.18497 -165.58838 -50.02915 NaN NaN NaN 91.30057 -111.44703 -17.19280 8.15013 -191.52588 -77.77304
30073 4.11268 NaN NaN NaN 201.09323 -102.28244 5.84566 295.19098 -165.60135 -50.03548 NaN NaN NaN 91.29285 -111.42149 -17.17934 8.12584 -191.53984 -77.72482
30074 4.12103 NaN NaN NaN 201.11339 -102.28089 5.85296 295.21432 -165.61839 -50.03564 NaN NaN NaN 91.30852 -111.37899 -17.15412 8.10238 -191.53716 -77.68382
30075 4.12938 NaN NaN NaN 201.14977 -102.28840 5.88306 295.23193 -165.62985 -50.04563 NaN NaN NaN 91.29600 -111.39536 -17.16468 8.08988 -191.54384 -77.64673
30076 4.13772 NaN NaN NaN 201.17117 -102.28254 5.89435 295.24628 -165.65472 -50.04537 NaN NaN NaN 91.30531 -111.34998 -17.15657 8.05815 -191.53540 -77.61375
30077 4.14607 NaN NaN NaN 201.20221 -102.30988 5.88679 295.25360 -165.68494 -50.05954 NaN NaN NaN 91.29439 -111.38612 -17.16350 8.04068 -191.54695 -77.57375
30078 4.15442 NaN NaN NaN 201.22420 -102.32066 5.88201 295.27109 -165.69916 -50.07732 NaN NaN NaN 91.31996 -111.37738 -17.13783 8.01839 -191.54826 -77.51836
30079 4.16276 NaN NaN NaN 201.25969 -102.33130 5.89350 295.29489 -165.73836 -50.09469 NaN NaN NaN 91.31827 -111.38461 -17.13326 8.03117 -191.59462 -77.45222
30080 4.17111 NaN NaN NaN 201.29491 -102.33607 5.90325 295.31531 -165.74658 -50.09773 NaN NaN NaN 91.31159 -111.38323 -17.13086 8.02593 -191.61679 -77.40160
30081 4.17946 NaN NaN NaN 201.31120 -102.33938 5.91798 295.33893 -165.77594 -50.10605 NaN NaN NaN 91.32846 -111.39121 -17.13603 8.01606 -191.66025 -77.36982
30082 4.18780 NaN NaN NaN 201.32640 -102.37695 5.94098 295.35220 -165.82225 -50.09161 NaN NaN NaN 91.32514 -111.40277 -17.13158 7.99936 -191.69031 -77.33391
30083 4.19615 NaN NaN NaN 201.37636 -102.36325 5.94336 295.37430 -165.87624 -50.11130 NaN NaN NaN 91.32170 -111.42673 -17.14117 7.98068 -191.70782 -77.29185
30084 4.20450 NaN NaN NaN 201.40245 -102.36091 5.94620 295.36948 -165.90582 -50.09885 NaN NaN NaN 91.29694 -111.47552 -17.15979 7.97299 -191.74966 -77.25778
30085 4.21284 NaN NaN NaN 201.42497 -102.40807 5.97149 295.40839 -165.99158 -50.10882 NaN NaN NaN 91.29311 -111.52342 -17.15232 7.97305 -191.75771 -77.24274
30086 4.22119 NaN NaN NaN 201.47780 -102.43782 5.99924 295.41104 -166.02563 -50.12832 NaN NaN NaN 91.30173 -111.52727 -17.14826 7.97313 -191.79019 -77.22147
30087 4.22954 NaN NaN NaN 201.53014 -102.48308 6.01413 295.41064 -166.05054 -50.11270 NaN NaN NaN 91.30726 -111.52316 -17.14002 7.95801 -191.80815 -77.21320
30088 4.23788 NaN NaN NaN 201.56175 -102.52119 6.01680 295.43332 -166.06618 -50.12567 NaN NaN NaN 91.29759 -111.51782 -17.14659 7.94129 -191.83521 -77.19292
30089 4.24623 NaN NaN NaN 201.57066 -102.57560 6.04508 295.44531 -166.08383 -50.10735 NaN NaN NaN 91.29966 -111.54221 -17.14755 7.92624 -191.87280 -77.17611
30090 4.25458 NaN NaN NaN 201.60223 -102.60045 6.03617 295.45319 -166.10962 -50.13088 NaN NaN NaN 91.26984 -111.60012 -17.14590 7.93199 -191.89796 -77.14265
30091 4.26292 NaN NaN NaN 201.61372 -102.65186 6.07395 295.46301 -166.13139 -50.12589 NaN NaN NaN 91.27142 -111.62993 -17.13581 7.90039 -191.94502 -77.14389
30092 4.27127 NaN NaN NaN 201.63995 -102.64221 6.06174 295.46307 -166.15364 -50.16414 NaN NaN NaN 91.25625 -111.66444 -17.13507 7.87666 -191.98373 -77.15244
30093 4.27962 NaN NaN NaN 201.63385 -102.67668 6.08395 295.47885 -166.18021 -50.15549 NaN NaN NaN 91.26370 -111.67975 -17.14124 7.87593 -192.02911 -77.14830
30094 4.28796 NaN NaN NaN 201.63733 -102.68903 6.09366 295.47964 -166.18648 -50.16320 NaN NaN NaN 91.25878 -111.69150 -17.14452 7.84943 -192.05247 -77.13910
30095 4.29631 NaN NaN NaN 201.65422 -102.71825 6.11747 295.48056 -166.19969 -50.16143 NaN NaN NaN 91.24622 -111.69536 -17.14684 7.83718 -192.08742 -77.13797
30096 4.30466 NaN NaN NaN 201.66698 -102.74776 6.13198 295.48154 -166.20294 -50.16315 NaN NaN NaN 91.23678 -111.71069 -17.15115 7.82801 -192.13426 -77.13206
30097 4.31300 NaN NaN NaN 201.68672 -102.76802 6.13543 295.48795 -166.22328 -50.15955 NaN NaN NaN 91.24570 -111.73566 -17.14561 7.81424 -192.15961 -77.13302
30098 4.32135 NaN NaN NaN 201.67996 -102.77768 6.13453 295.49051 -166.23880 -50.16277 NaN NaN NaN 91.20887 -111.76994 -17.13817 7.81601 -192.17021 -77.13513
30099 4.32969 NaN NaN NaN 201.69601 -102.79298 6.13765 295.49966 -166.26091 -50.16140 NaN NaN NaN 91.16503 -111.84484 -17.14461 7.78978 -192.17355 -77.13097
30100 4.33804 NaN NaN NaN 201.70906 -102.80145 6.15148 295.48404 -166.27786 -50.17138 NaN NaN NaN 91.17625 -111.82238 -17.14226 7.78958 -192.19020 -77.12984
30101 4.34639 NaN NaN NaN 201.70580 -102.81268 6.18129 295.48203 -166.28839 -50.15950 NaN NaN NaN 91.14298 -111.85406 -17.14744 7.77315 -192.19951 -77.13284
30102 4.35473 NaN NaN NaN 201.70738 -102.80649 6.18489 295.47668 -166.27318 -50.18219 NaN NaN NaN 91.12908 -111.88356 -17.14697 7.74621 -192.22804 -77.11885
30103 4.36308 NaN NaN NaN 201.71924 -102.80651 6.19490 295.47269 -166.27109 -50.18192 NaN NaN NaN 91.10094 -111.88414 -17.13867 7.71912 -192.26486 -77.11297
30104 4.37143 NaN NaN NaN 201.70992 -102.82008 6.21094 295.46313 -166.28654 -50.16946 NaN NaN NaN 91.07034 -111.88843 -17.12667 7.71286 -192.25383 -77.12304
30105 4.37977 NaN NaN NaN 201.71083 -102.79594 6.22933 295.46878 -166.29008 -50.17748 NaN NaN NaN 91.05402 -111.83014 -17.09067 7.69366 -192.25526 -77.12352
30106 4.38812 NaN NaN NaN 201.70203 -102.80614 6.22445 295.45871 -166.29105 -50.16839 NaN NaN NaN 91.05413 -111.74512 -17.11462 7.68893 -192.24315 -77.13073
30107 4.39647 NaN NaN NaN 201.71307 -102.78630 6.23382 295.44370 -166.28833 -50.17489 NaN NaN NaN 91.00168 -111.74180 -17.10614 7.67252 -192.23500 -77.12697
30108 4.40481 NaN NaN NaN 201.70956 -102.78398 6.24716 295.42062 -166.27776 -50.16904 NaN NaN NaN 90.97821 -111.75711 -17.10489 7.63783 -192.22076 -77.13628
30109 4.41316 NaN NaN NaN 201.70604 -102.75862 6.25283 295.41052 -166.30266 -50.16365 NaN NaN NaN 90.94525 -111.77462 -17.08016 7.60846 -192.22079 -77.11816
30110 4.42151 NaN NaN NaN 201.70094 -102.75645 6.24810 295.40320 -166.31340 -50.16339 NaN NaN NaN 90.88171 -111.85023 -17.08269 7.59565 -192.19817 -77.10990
30111 4.42985 NaN NaN NaN 201.68440 -102.76621 6.27024 295.38220 -166.32713 -50.16125 NaN NaN NaN 90.83787 -111.81538 -17.06843 7.55402 -192.21208 -77.09993
30112 4.43820 NaN NaN NaN 201.66673 -102.75430 6.26179 295.35196 -166.35928 -50.14772 NaN NaN NaN 90.80883 -111.78687 -17.03010 7.50218 -192.20694 -77.08755
30113 4.44655 NaN NaN NaN 201.64664 -102.73203 6.26522 295.34805 -166.32579 -50.14805 NaN NaN NaN 90.75746 -111.78383 -17.02273 7.46288 -192.20078 -77.05141
30114 4.45489 NaN NaN NaN 201.61752 -102.69083 6.25335 295.31494 -166.34392 -50.11974 NaN NaN NaN 90.75512 -111.75105 -17.01645 7.42169 -192.17204 -77.01860
30115 4.46324 NaN NaN NaN 201.61926 -102.65346 6.24250 295.30441 -166.31741 -50.12289 NaN NaN NaN 90.72475 -111.73822 -17.01133 7.38274 -192.16861 -76.97320
30116 4.47159 NaN NaN NaN 201.59492 -102.63417 6.22610 295.27704 -166.34145 -50.11318 NaN NaN NaN 90.68267 -111.74132 -16.98721 7.33432 -192.16072 -76.94140
30117 4.47993 NaN NaN NaN 201.58833 -102.61417 6.24785 295.27951 -166.29865 -50.12696 NaN NaN NaN 90.63770 -111.71985 -16.98293 7.28743 -192.16292 -76.91682
30118 4.48828 NaN NaN NaN 201.56657 -102.60584 6.25510 295.25122 -166.30608 -50.11757 NaN NaN NaN 90.57526 -111.71767 -16.97885 7.24169 -192.14278 -76.87572
30119 4.49663 NaN NaN NaN 201.54086 -102.58379 6.24958 295.24219 -166.28972 -50.07669 NaN NaN NaN 90.51060 -111.67989 -17.00111 7.20504 -192.12666 -76.87035
30120 4.50497 NaN NaN NaN 201.52946 -102.54074 6.24864 295.20297 -166.23552 -50.06839 NaN NaN NaN 90.45164 -111.64029 -16.99945 7.18468 -192.12012 -76.84374
30121 4.51332 NaN NaN NaN 201.52385 -102.53989 6.25319 295.20831 -166.19855 -50.03959 NaN NaN NaN 90.42760 -111.59621 -16.99303 7.15520 -192.11128 -76.82171
30122 4.52167 NaN NaN NaN 201.51378 -102.52892 6.25463 295.18262 -166.17555 -50.03484 NaN NaN NaN 90.40223 -111.55775 -16.98607 7.11583 -192.10802 -76.80794
30123 4.53001 NaN NaN NaN 201.50165 -102.52422 6.26775 295.18115 -166.19022 -50.02029 NaN NaN NaN 90.39829 -111.57793 -16.96422 7.09414 -192.10028 -76.80050
30124 4.53836 NaN NaN NaN 201.50426 -102.50575 6.26764 295.15005 -166.18433 -49.99524 NaN NaN NaN 90.39543 -111.56956 -16.92295 7.07857 -192.08406 -76.79276
30125 4.54671 NaN NaN NaN 201.49843 -102.47210 6.27756 295.16156 -166.19191 -49.99941 NaN NaN NaN 90.36800 -111.56511 -16.93885 7.06304 -192.08803 -76.80886
30126 4.55505 NaN NaN NaN 201.49503 -102.46084 6.27021 295.15588 -166.20441 -49.96439 NaN NaN NaN 90.35643 -111.59058 -16.93415 7.05825 -192.09528 -76.79546
30127 4.56340 NaN NaN NaN 201.50111 -102.46784 6.29007 295.15982 -166.22672 -49.95473 NaN NaN NaN 90.31602 -111.56020 -16.96244 7.04012 -192.10040 -76.80864
30128 4.57174 NaN NaN NaN 201.50018 -102.46618 6.27466 295.15466 -166.22412 -49.95316 NaN NaN NaN 90.30387 -111.53008 -17.00178 7.04220 -192.09459 -76.81198
30129 4.58009 NaN NaN NaN 201.52686 -102.47776 6.28180 295.15927 -166.21959 -49.97520 NaN NaN NaN 90.32186 -111.53377 -17.01236 7.04021 -192.09261 -76.82959
30130 4.58844 NaN NaN NaN 201.54346 -102.50157 6.28617 295.16312 -166.21912 -49.98544 NaN NaN NaN 90.33209 -111.54307 -17.02904 7.03678 -192.08774 -76.86007
30131 4.59678 NaN NaN NaN 201.55437 -102.50936 6.29579 295.17157 -166.22272 -50.00671 NaN NaN NaN 90.33130 -111.57345 -17.03088 7.04662 -192.11267 -76.88904
30132 4.60513 NaN NaN NaN 201.55609 -102.53075 6.29570 295.17334 -166.23676 -50.01977 NaN NaN NaN 90.33706 -111.59056 -17.04108 7.04670 -192.10049 -76.89840
30133 4.61348 NaN NaN NaN 201.55002 -102.54485 6.32071 295.19907 -166.28027 -50.02105 NaN NaN NaN 90.32234 -111.60507 -17.02198 7.04734 -192.12309 -76.92801
30134 4.62182 NaN NaN NaN 201.57663 -102.54732 6.31215 295.22070 -166.33124 -50.02739 NaN NaN NaN 90.31722 -111.61038 -17.03318 7.04919 -192.13531 -76.91345
30135 4.63017 NaN NaN NaN 201.59387 -102.54292 6.31389 295.22461 -166.37088 -50.03079 NaN NaN NaN 90.31670 -111.62138 -17.04381 7.05127 -192.18159 -76.94289
30136 4.63852 NaN NaN NaN 201.60445 -102.55160 6.29432 295.22913 -166.37918 -50.06917 NaN NaN NaN 90.31704 -111.62607 -17.04896 7.04200 -192.17366 -76.94494
30137 4.64686 NaN NaN NaN 201.61087 -102.55475 6.29054 295.22641 -166.38455 -50.05080 NaN NaN NaN 90.31783 -111.64191 -17.03246 7.04891 -192.20667 -76.95507
