Frame# Time LH1 LH2 LH3 RH1 RH2 RH3
X54 Y54 Z54 X55 Y55 Z55 X56 Y56 Z56 X57 Y57 Z57 X58 Y58 Z58 X59 Y59 Z59
28502 0.00024 NaN NaN NaN 171.38379 -109.24412 -4.66138 269.85614 -181.56502 -37.38280 NaN NaN NaN 68.77225 -116.52196 -8.24113 -20.63612 -191.94005 -65.98247
28503 0.00859 NaN NaN NaN 171.39848 -109.23869 -4.64627 269.85242 -181.57520 -37.43472 NaN NaN NaN 68.77038 -116.48208 -8.23407 -20.63577 -191.91190 -65.95541
28504 0.01694 NaN NaN NaN 171.41060 -109.27325 -4.66076 269.85635 -181.58116 -37.44597 NaN NaN NaN 68.77254 -116.44051 -8.22575 -20.62994 -191.87488 -65.95081
28505 0.02528 NaN NaN NaN 171.41052 -109.26730 -4.66739 269.86896 -181.60497 -37.50036 NaN NaN NaN 68.77600 -116.42158 -8.21687 -20.63217 -191.86263 -65.92943
28506 0.03363 NaN NaN NaN 171.41129 -109.26072 -4.64793 269.85825 -181.59814 -37.50720 NaN NaN NaN 68.77371 -116.43893 -8.21238 -20.64494 -191.85229 -65.90454
28507 0.04198 NaN NaN NaN 171.43834 -109.22475 -4.63961 269.86914 -181.61359 -37.53041 NaN NaN NaN 68.77166 -116.44889 -8.19500 -20.66600 -191.85930 -65.89752
28508 0.05032 NaN NaN NaN 171.42815 -109.24331 -4.63529 269.87177 -181.62321 -37.55189 NaN NaN NaN 68.76630 -116.45857 -8.19987 -20.66166 -191.86304 -65.90457
28509 0.05867 NaN NaN NaN 171.43022 -109.25197 -4.65514 269.87753 -181.60860 -37.57456 NaN NaN NaN 68.76401 -116.46272 -8.17483 -20.66924 -191.86537 -65.91053
28510 0.06701 NaN NaN NaN 171.41568 -109.26823 -4.66975 269.86310 -181.60097 -37.56152 NaN NaN NaN 68.76172 -116.46438 -8.20087 -20.66483 -191.86615 -65.91670
28511 0.07536 NaN NaN NaN 171.44475 -109.23228 -4.65581 269.86996 -181.59030 -37.55630 NaN NaN NaN 68.75912 -116.46767 -8.21283 -20.66283 -191.88225 -65.91798
28512 0.08371 NaN NaN NaN 171.42606 -109.24784 -4.67442 269.85886 -181.59816 -37.53946 NaN NaN NaN 68.75957 -116.48254 -8.22213 -20.65808 -191.89723 -65.92471
28513 0.09205 NaN NaN NaN 171.41617 -109.23305 -4.67640 269.86462 -181.57155 -37.53294 NaN NaN NaN 68.75851 -116.48618 -8.21494 -20.65394 -191.92506 -65.94318
28514 0.10040 NaN NaN NaN 171.40521 -109.24505 -4.70032 269.86276 -181.55795 -37.49529 NaN NaN NaN 68.74551 -116.48707 -8.21615 -20.64819 -191.93480 -65.96597
28515 0.10875 NaN NaN NaN 171.42081 -109.19926 -4.71575 269.86615 -181.54112 -37.46575 NaN NaN NaN 68.73986 -116.50080 -8.22597 -20.63747 -191.95184 -65.98327
28516 0.11709 NaN NaN NaN 171.38577 -109.18147 -4.72075 269.85941 -181.50858 -37.42035 NaN NaN NaN 68.73717 -116.50047 -8.23585 -20.63397 -191.96957 -66.02834
28517 0.12544 NaN NaN NaN 171.38109 -109.15224 -4.73118 269.88693 -181.49615 -37.38636 NaN NaN NaN 68.73834 -116.53334 -8.25159 -20.62574 -192.01135 -66.04674
28518 0.13379 NaN NaN NaN 171.36763 -109.11910 -4.72906 269.86722 -181.45807 -37.37969 NaN NaN NaN 68.73862 -116.55597 -8.26100 -20.60324 -192.03209 -66.06142
28519 0.14213 NaN NaN NaN 171.38881 -109.09880 -4.73956 269.86719 -181.45050 -37.36768 NaN NaN NaN 68.75140 -116.58069 -8.27452 -20.60403 -192.07364 -66.08809
28520 0.15048 NaN NaN NaN 171.36774 -109.08512 -4.75844 269.88107 -181.42905 -37.34755 NaN NaN NaN 68.76578 -116.61162 -8.27274 -20.57857 -192.09373 -66.10642
28521 0.15883 NaN NaN NaN 171.37396 -109.09738 -4.76331 269.89026 -181.43124 -37.33020 NaN NaN NaN 68.76348 -116.62516 -8.28671 -20.58558 -192.08910 -66.12692
28522 0.16717 NaN NaN NaN 171.38206 -109.10619 -4.73911 269.89365 -181.42101 -37.32462 NaN NaN NaN 68.77135 -116.62498 -8.30731 -20.58424 -192.09018 -66.14285
28523 0.17552 NaN NaN NaN 171.39366 -109.09910 -4.71956 269.92435 -181.45259 -37.31180 NaN NaN NaN 68.77251 -116.63200 -8.31935 -20.57098 -192.09483 -66.15273
28524 0.18387 NaN NaN NaN 171.39107 -109.12206 -4.72592 269.91278 -181.44664 -37.31115 NaN NaN NaN 68.80966 -116.63365 -8.30518 -20.56054 -192.10799 -66.18175
28525 0.19221 NaN NaN NaN 171.41452 -109.11617 -4.71678 269.91876 -181.45139 -37.32319 NaN NaN NaN 68.78705 -116.61932 -8.33011 -20.55140 -192.08572 -66.18713
28526 0.20056 NaN NaN NaN 171.41638 -109.11342 -4.72233 269.92044 -181.45714 -37.31666 NaN NaN NaN 68.81065 -116.61097 -8.33268 -20.54790 -192.07829 -66.21497
28527 0.20891 NaN NaN NaN 171.42326 -109.10560 -4.73538 269.92816 -181.46631 -37.31792 NaN NaN NaN 68.80747 -116.60003 -8.32244 -20.55739 -192.03857 -66.20810
28528 0.21725 NaN NaN NaN 171.41638 -109.12978 -4.72952 269.92264 -181.47339 -37.31280 NaN NaN NaN 68.82570 -116.58845 -8.34998 -20.55237 -191.98560 -66.22646
28529 0.22560 NaN NaN NaN 171.43367 -109.12965 -4.72252 269.94318 -181.47423 -37.34188 NaN NaN NaN 68.83000 -116.56924 -8.34321 -20.54466 -191.92738 -66.20354
28530 0.23395 NaN NaN NaN 171.44518 -109.13789 -4.70132 269.92014 -181.49283 -37.33517 NaN NaN NaN 68.84112 -116.53720 -8.32339 -20.55173 -191.89560 -66.20550
28531 0.24229 NaN NaN NaN 171.45132 -109.13839 -4.68462 269.93500 -181.52124 -37.35661 NaN NaN NaN 68.81555 -116.47984 -8.35410 -20.54791 -191.87346 -66.18892
28532 0.25064 NaN NaN NaN 171.44518 -109.16451 -4.67794 269.92865 -181.54123 -37.36044 NaN NaN NaN 68.83768 -116.44476 -8.33394 -20.56092 -191.84973 -66.16991
28533 0.25899 NaN NaN NaN 171.45779 -109.14972 -4.65885 269.94586 -181.56874 -37.35349 NaN NaN NaN 68.81590 -116.40021 -8.33919 -20.56377 -191.82425 -66.17009
28534 0.26733 NaN NaN NaN 171.45409 -109.14320 -4.65685 269.92807 -181.56180 -37.36012 NaN NaN NaN 68.83272 -116.37693 -8.30560 -20.58025 -191.80307 -66.13171
28535 0.27568 NaN NaN NaN 171.45358 -109.13397 -4.64777 269.91537 -181.56201 -37.35522 NaN NaN NaN 68.82529 -116.34637 -8.29099 -20.60302 -191.75648 -66.09423
28536 0.28403 NaN NaN NaN 171.45506 -109.13441 -4.63316 269.89230 -181.56538 -37.34969 NaN NaN NaN 68.82549 -116.33256 -8.25281 -20.60437 -191.74767 -66.06261
28537 0.29237 NaN NaN NaN 171.44807 -109.11430 -4.63195 269.89005 -181.57112 -37.35222 NaN NaN NaN 68.81332 -116.32187 -8.24307 -20.62060 -191.75301 -66.03156
28538 0.30072 NaN NaN NaN 171.45483 -109.12457 -4.61731 269.87378 -181.55663 -37.35223 NaN NaN NaN 68.78764 -116.34380 -8.24089 -20.63700 -191.77277 -66.02419
28539 0.30906 NaN NaN NaN 171.44145 -109.11011 -4.62580 269.86044 -181.55809 -37.37291 NaN NaN NaN 68.77679 -116.34554 -8.22989 -20.64556 -191.78111 -65.98773
28540 0.31741 NaN NaN NaN 171.41747 -109.13068 -4.65786 269.83997 -181.55615 -37.38499 NaN NaN NaN 68.75523 -116.35912 -8.21998 -20.66181 -191.78328 -65.97020
28541 0.32576 NaN NaN NaN 171.42061 -109.11751 -4.66953 269.82709 -181.55269 -37.38238 NaN NaN NaN 68.74969 -116.38225 -8.21359 -20.67305 -191.78177 -65.97254
28542 0.33410 NaN NaN NaN 171.37804 -109.11201 -4.67845 269.82208 -181.54506 -37.37259 NaN NaN NaN 68.73112 -116.38730 -8.20615 -20.67662 -191.79254 -65.96889
28543 0.34245 NaN NaN NaN 171.38046 -109.10844 -4.68788 269.81750 -181.52049 -37.36539 NaN NaN NaN 68.73737 -116.40543 -8.21266 -20.67699 -191.80472 -65.97500
28544 0.35080 NaN NaN NaN 171.35414 -109.11359 -4.68921 269.80334 -181.50934 -37.37337 NaN NaN NaN 68.72969 -116.40647 -8.21133 -20.67469 -191.83002 -65.98291
28545 0.35914 NaN NaN NaN 171.33136 -109.09354 -4.69157 269.80240 -181.49736 -37.37526 NaN NaN NaN 68.71643 -116.41241 -8.21358 -20.68502 -191.84506 -65.98186
28546 0.36749 NaN NaN NaN 171.31943 -109.10715 -4.71839 269.78845 -181.50148 -37.36829 NaN NaN NaN 68.70211 -116.43391 -8.20819 -20.67879 -191.88448 -65.98549
28547 0.37584 NaN NaN NaN 171.31900 -109.08176 -4.69566 269.79465 -181.46204 -37.35199 NaN NaN NaN 68.70710 -116.45725 -8.19282 -20.67309 -191.90292 -65.98394
28548 0.38418 NaN NaN NaN 171.29979 -109.07850 -4.70284 269.79620 -181.43073 -37.34756 NaN NaN NaN 68.69682 -116.45351 -8.19514 -20.67070 -191.91316 -65.97945
28549 0.39253 NaN NaN NaN 171.28670 -109.05800 -4.67418 269.79419 -181.42216 -37.33773 NaN NaN NaN 68.69301 -116.46147 -8.18188 -20.67695 -191.91566 -65.97419
28550 0.40088 NaN NaN NaN 171.29434 -108.99958 -4.67820 269.77701 -181.42311 -37.32089 NaN NaN NaN 68.68771 -116.47325 -8.18055 -20.67308 -191.92668 -65.97806
28551 0.40922 NaN NaN NaN 171.30791 -108.98927 -4.68660 269.78015 -181.40939 -37.33429 NaN NaN NaN 68.69045 -116.47870 -8.17851 -20.68466 -191.94450 -65.98237
28552 0.41757 NaN NaN NaN 171.27005 -108.98051 -4.70198 269.78149 -181.40755 -37.30973 NaN NaN NaN 68.69012 -116.49984 -8.16664 -20.67457 -191.95633 -65.98188
28553 0.42592 NaN NaN NaN 171.28320 -108.96381 -4.69052 269.78012 -181.39777 -37.30252 NaN NaN NaN 68.67716 -116.48094 -8.16507 -20.67843 -191.96498 -65.97924
28554 0.43426 NaN NaN NaN 171.24963 -108.98175 -4.66796 269.78659 -181.39365 -37.30246 NaN NaN NaN 68.67578 -116.47734 -8.17283 -20.67250 -191.95055 -65.98260
28555 0.44261 NaN NaN NaN 171.25517 -108.98544 -4.67005 269.78424 -181.38503 -37.30700 NaN NaN NaN 68.67071 -116.46902 -8.17806 -20.67958 -191.94537 -65.99050
28556 0.45096 NaN NaN NaN 171.26488 -108.99798 -4.66175 269.78018 -181.37567 -37.30528 NaN NaN NaN 68.65736 -116.46597 -8.18311 -20.69044 -191.91403 -66.00412
28557 0.45930 NaN NaN NaN 171.28600 -108.94764 -4.68445 269.77341 -181.38109 -37.30976 NaN NaN NaN 68.66770 -116.45911 -8.17747 -20.70735 -191.89761 -66.03264
28558 0.46765 NaN NaN NaN 171.27898 -108.95693 -4.67626 269.76166 -181.38567 -37.28405 NaN NaN NaN 68.66070 -116.44017 -8.19906 -20.70476 -191.88020 -66.01866
28559 0.47600 NaN NaN NaN 171.28435 -108.93954 -4.68285 269.77884 -181.40030 -37.31144 NaN NaN NaN 68.66497 -116.43488 -8.18362 -20.71042 -191.86734 -66.03371
28560 0.48434 NaN NaN NaN 171.28978 -108.98713 -4.65429 269.77036 -181.41881 -37.31847 NaN NaN NaN 68.65633 -116.42781 -8.18441 -20.71378 -191.85757 -66.01631
28561 0.49269 NaN NaN NaN 171.30350 -109.01485 -4.65128 269.77872 -181.40852 -37.34721 NaN NaN NaN 68.65468 -116.42516 -8.17934 -20.71306 -191.84169 -66.01793
28562 0.50104 NaN NaN NaN 171.33449 -109.06500 -4.63157 269.79684 -181.41463 -37.36501 NaN NaN NaN 68.66225 -116.42226 -8.17816 -20.70374 -191.84042 -66.01695
28563 0.50938 NaN NaN NaN 171.36813 -109.03552 -4.64748 269.80890 -181.43777 -37.38949 NaN NaN NaN 68.67780 -116.41390 -8.16916 -20.70192 -191.82671 -66.03358
28564 0.51773 NaN NaN NaN 171.36197 -109.08546 -4.62642 269.80099 -181.49384 -37.40173 NaN NaN NaN 68.67384 -116.42490 -8.17192 -20.69655 -191.82274 -66.00774
28565 0.52608 NaN NaN NaN 171.38756 -109.10854 -4.61919 269.81686 -181.51237 -37.44452 NaN NaN NaN 68.68489 -116.41583 -8.15229 -20.69576 -191.81403 -65.99759
28566 0.53442 NaN NaN NaN 171.40265 -109.15301 -4.59706 269.82422 -181.54311 -37.45189 NaN NaN NaN 68.67544 -116.41142 -8.16445 -20.69002 -191.80879 -65.98592
28567 0.54277 NaN NaN NaN 171.41656 -109.16364 -4.60882 269.83633 -181.54411 -37.49298 NaN NaN NaN 68.68620 -116.40842 -8.14883 -20.69059 -191.81032 -65.95451
28568 0.55112 NaN NaN NaN 171.43727 -109.17272 -4.60363 269.84506 -181.55641 -37.49917 NaN NaN NaN 68.68972 -116.42343 -8.16056 -20.67669 -191.82448 -65.96484
28569 0.55946 NaN NaN NaN 171.46265 -109.11957 -4.61105 269.88492 -181.58458 -37.52512 NaN NaN NaN 68.70457 -116.42405 -8.14812 -20.66996 -191.84201 -65.95354
28570 0.56781 NaN NaN NaN 171.47835 -109.13866 -4.58827 269.89050 -181.59435 -37.50446 NaN NaN NaN 68.69963 -116.43856 -8.16173 -20.65898 -191.86899 -65.94247
28571 0.57615 NaN NaN NaN 171.49768 -109.14629 -4.56969 269.90961 -181.62863 -37.51937 NaN NaN NaN 68.71287 -116.43947 -8.13927 -20.65920 -191.89236 -65.94408
28572 0.58450 NaN NaN NaN 171.49323 -109.19910 -4.56623 269.91022 -181.63510 -37.52334 NaN NaN NaN 68.70659 -116.47057 -8.15242 -20.65172 -191.91031 -65.95356
28573 0.59285 NaN NaN NaN 171.51416 -109.21520 -4.56243 269.92026 -181.66142 -37.51421 NaN NaN NaN 68.70857 -116.49319 -8.15456 -20.64885 -191.92577 -65.95171
28574 0.60119 NaN NaN NaN 171.50903 -109.25053 -4.56972 269.94073 -181.67076 -37.50935 NaN NaN NaN 68.71550 -116.53748 -8.17562 -20.64925 -191.93883 -65.96460
28575 0.60954 NaN NaN NaN 171.51891 -109.27305 -4.58384 269.95258 -181.69122 -37.51398 NaN NaN NaN 68.73145 -116.56353 -8.16481 -20.64275 -191.98143 -65.97444
28576 0.61789 NaN NaN NaN 171.52879 -109.29084 -4.59173 269.95886 -181.70444 -37.52819 NaN NaN NaN 68.74514 -116.58842 -8.16481 -20.64649 -191.99437 -66.00674
28577 0.62623 NaN NaN NaN 171.54425 -109.29686 -4.57576 269.95068 -181.70248 -37.54184 NaN NaN NaN 68.74885 -116.61009 -8.18497 -20.64633 -192.03189 -66.02843
28578 0.63458 NaN NaN NaN 171.53006 -109.32769 -4.56882 269.97763 -181.71375 -37.53647 NaN NaN NaN 68.73755 -116.62697 -8.18889 -20.63409 -192.07132 -66.03710
28579 0.64293 NaN NaN NaN 171.55873 -109.31723 -4.56068 269.99197 -181.71783 -37.53550 NaN NaN NaN 68.75455 -116.64581 -8.18911 -20.61788 -192.10088 -66.05342
28580 0.65127 NaN NaN NaN 171.58440 -109.33392 -4.53890 269.99838 -181.71642 -37.53617 NaN NaN NaN 68.74844 -116.64958 -8.19366 -20.60451 -192.09618 -66.05190
28581 0.65962 NaN NaN NaN 171.61122 -109.29714 -4.53899 269.98825 -181.71846 -37.54634 NaN NaN NaN 68.75716 -116.65015 -8.18625 -20.60281 -192.10583 -66.06115
28582 0.66797 NaN NaN NaN 171.60905 -109.31608 -4.52010 269.99216 -181.71944 -37.55350 NaN NaN NaN 68.75293 -116.66116 -8.17202 -20.61630 -192.11317 -66.07240
28583 0.67631 NaN NaN NaN 171.61819 -109.30979 -4.50408 269.99927 -181.72496 -37.57492 NaN NaN NaN 68.74943 -116.64146 -8.16324 -20.60272 -192.11075 -66.06503
28584 0.68466 NaN NaN NaN 171.62589 -109.33394 -4.48801 270.01221 -181.72870 -37.56762 NaN NaN NaN 68.74601 -116.62972 -8.14980 -20.59255 -192.09846 -66.01484
28585 0.69301 NaN NaN NaN 171.65073 -109.29649 -4.44145 270.00525 -181.70996 -37.59735 NaN NaN NaN 68.72968 -116.60226 -8.14669 -20.60361 -192.09167 -66.03178
28586 0.70135 NaN NaN NaN 171.65930 -109.28099 -4.44410 270.00464 -181.69714 -37.59041 NaN NaN NaN 68.73148 -116.58853 -8.13857 -20.60994 -192.06468 -66.02779
28587 0.70970 NaN NaN NaN 171.68198 -109.26118 -4.43088 270.00522 -181.69080 -37.61992 NaN NaN NaN 68.71091 -116.55622 -8.13848 -20.61263 -192.03212 -66.01572
28588 0.71805 NaN NaN NaN 171.66295 -109.28597 -4.41230 270.01691 -181.67987 -37.59730 NaN NaN NaN 68.68954 -116.53432 -8.15070 -20.61416 -191.97928 -66.03790
28589 0.72639 NaN NaN NaN 171.66277 -109.31920 -4.39036 270.01791 -181.68019 -37.62172 NaN NaN NaN 68.68876 -116.49303 -8.12189 -20.61736 -191.98792 -66.02622
28590 0.73474 NaN NaN NaN 171.66904 -109.31171 -4.39149 270.00397 -181.68059 -37.59138 NaN NaN NaN 68.66865 -116.49816 -8.12561 -20.63528 -191.97011 -66.00906
28591 0.74309 NaN NaN NaN 171.67892 -109.24248 -4.40044 269.99536 -181.67863 -37.60957 NaN NaN NaN 68.68124 -116.48902 -8.11021 -20.65827 -191.95703 -66.02334
28592 0.75143 NaN NaN NaN 171.67427 -109.24361 -4.39092 269.99377 -181.65852 -37.60743 NaN NaN NaN 68.66441 -116.49809 -8.12890 -20.65866 -191.92764 -66.03627
28593 0.75978 NaN NaN NaN 171.68614 -109.20480 -4.36427 270.01324 -181.68336 -37.61968 NaN NaN NaN 68.66669 -116.50285 -8.10811 -20.64773 -191.90913 -66.04557
28594 0.76813 NaN NaN NaN 171.68425 -109.24867 -4.35987 270.00235 -181.68649 -37.58702 NaN NaN NaN 68.65659 -116.48610 -8.09715 -20.65102 -191.90474 -66.05093
28595 0.77647 NaN NaN NaN 171.72078 -109.22380 -4.33098 269.99536 -181.68198 -37.60213 NaN NaN NaN 68.67079 -116.47828 -8.10355 -20.65012 -191.87500 -66.06848
28596 0.78482 NaN NaN NaN 171.73973 -109.20456 -4.32330 270.00613 -181.68443 -37.58343 NaN NaN NaN 68.65878 -116.46945 -8.12373 -20.63243 -191.86681 -66.08695
28597 0.79317 NaN NaN NaN 171.74399 -109.18648 -4.33181 270.00665 -181.68414 -37.60280 NaN NaN NaN 68.67578 -116.46368 -8.11829 -20.63442 -191.88722 -66.08947
28598 0.80151 NaN NaN NaN 171.72827 -109.20995 -4.30684 270.01416 -181.69910 -37.57335 NaN NaN NaN 68.65498 -116.47175 -8.13227 -20.64462 -191.88536 -66.09483
28599 0.80986 NaN NaN NaN 171.71413 -109.21074 -4.33001 270.01428 -181.73473 -37.56989 NaN NaN NaN 68.66291 -116.47590 -8.11194 -20.63404 -191.92371 -66.10073
28600 0.81820 NaN NaN NaN 171.74260 -109.19497 -4.33869 270.00848 -181.73322 -37.55788 NaN NaN NaN 68.64938 -116.49582 -8.12491 -20.62635 -191.92424 -66.08801
28601 0.82655 NaN NaN NaN 171.75587 -109.20823 -4.33543 270.01816 -181.74895 -37.59142 NaN NaN NaN 68.64834 -116.50726 -8.10847 -20.62435 -191.95682 -66.10698
28602 0.83490 NaN NaN NaN 171.74918 -109.23688 -4.33204 270.01871 -181.78038 -37.57729 NaN NaN NaN 68.64452 -116.53259 -8.12191 -20.63150 -191.97169 -66.10780
28603 0.84324 NaN NaN NaN 171.74814 -109.27483 -4.32318 270.03366 -181.80882 -37.59349 NaN NaN NaN 68.64395 -116.53249 -8.09190 -20.63982 -192.03003 -66.11522
28604 0.85159 NaN NaN NaN 171.75499 -109.32716 -4.29399 270.00989 -181.80774 -37.58094 NaN NaN NaN 68.62417 -116.57412 -8.10797 -20.65326 -192.04327 -66.10713
28605 0.85994 NaN NaN NaN 171.77365 -109.38423 -4.30259 270.01935 -181.85847 -37.59708 NaN NaN NaN 68.62397 -116.59590 -8.10831 -20.63687 -192.07166 -66.09458
28606 0.86828 NaN NaN NaN 171.75435 -109.42486 -4.29740 270.00745 -181.87172 -37.59232 NaN NaN NaN 68.61545 -116.61241 -8.11143 -20.64702 -192.08519 -66.10210
28607 0.87663 NaN NaN NaN 171.75879 -109.46450 -4.30755 269.98550 -181.91359 -37.62358 NaN NaN NaN 68.62000 -116.61877 -8.11108 -20.64060 -192.08717 -66.11530
28608 0.88498 NaN NaN NaN 171.74414 -109.48598 -4.32060 269.97214 -181.96504 -37.62764 NaN NaN NaN 68.62618 -116.65260 -8.12501 -20.65386 -192.09610 -66.12766
28609 0.89332 NaN NaN NaN 171.74390 -109.49737 -4.32323 269.97165 -181.99193 -37.63877 NaN NaN NaN 68.61476 -116.69392 -8.11462 -20.66141 -192.11638 -66.13876
28610 0.90167 NaN NaN NaN 171.74333 -109.52247 -4.30428 269.95087 -182.01791 -37.61414 NaN NaN NaN 68.60329 -116.71984 -8.11108 -20.67060 -192.13588 -66.14630
28611 0.91002 NaN NaN NaN 171.78047 -109.51377 -4.30556 269.95807 -182.04874 -37.62347 NaN NaN NaN 68.60078 -116.74129 -8.10865 -20.68232 -192.16028 -66.14180
28612 0.91836 NaN NaN NaN 171.76236 -109.54604 -4.31179 269.94937 -182.06651 -37.62955 NaN NaN NaN 68.59501 -116.75174 -8.11102 -20.69361 -192.17955 -66.15490
28613 0.92671 NaN NaN NaN 171.76263 -109.57674 -4.30239 269.95499 -182.07260 -37.64618 NaN NaN NaN 68.58176 -116.77259 -8.10121 -20.69732 -192.18184 -66.13969
28614 0.93506 NaN NaN NaN 171.75507 -109.60432 -4.30239 269.93832 -182.08809 -37.65484 NaN NaN NaN 68.57508 -116.79373 -8.09406 -20.71100 -192.22168 -66.14217
28615 0.94340 NaN NaN NaN 171.75250 -109.61310 -4.28698 269.94748 -182.11774 -37.66098 NaN NaN NaN 68.57956 -116.83212 -8.06935 -20.70719 -192.22659 -66.13192
28616 0.95175 NaN NaN NaN 171.77634 -109.62382 -4.29877 269.95123 -182.13525 -37.67719 NaN NaN NaN 68.58475 -116.86158 -8.05815 -20.71231 -192.26682 -66.13988
28617 0.96010 NaN NaN NaN 171.78474 -109.62418 -4.28494 269.94675 -182.15205 -37.68718 NaN NaN NaN 68.56934 -116.87577 -8.05979 -20.70539 -192.26547 -66.13138
28618 0.96844 NaN NaN NaN 171.78851 -109.63807 -4.29932 269.94113 -182.16464 -37.68876 NaN NaN NaN 68.57108 -116.90656 -8.04844 -20.71361 -192.30154 -66.15077
28619 0.97679 NaN NaN NaN 171.79720 -109.63280 -4.28502 269.96460 -182.18205 -37.67096 NaN NaN NaN 68.56039 -116.93550 -8.03861 -20.69678 -192.31474 -66.11931
28620 0.98514 NaN NaN NaN 171.80867 -109.64120 -4.29197 269.97433 -182.17577 -37.64811 NaN NaN NaN 68.58753 -116.91726 -8.03137 -20.68856 -192.31802 -66.14118
28621 0.99348 NaN NaN NaN 171.82915 -109.66024 -4.26919 269.98892 -182.17058 -37.66489 NaN NaN NaN 68.59025 -116.93530 -8.04731 -20.67105 -192.32811 -66.15515
28622 1.00183 NaN NaN NaN 171.82516 -109.66782 -4.28506 270.00452 -182.20215 -37.66915 NaN NaN NaN 68.60098 -116.93237 -8.04365 -20.67101 -192.33670 -66.15474
28623 1.01018 NaN NaN NaN 171.83656 -109.65983 -4.26023 270.00452 -182.18774 -37.66124 NaN NaN NaN 68.60377 -116.94389 -8.04889 -20.65178 -192.34904 -66.15975
28624 1.01852 NaN NaN NaN 171.83347 -109.67816 -4.27151 270.00827 -182.20566 -37.66264 NaN NaN NaN 68.60782 -116.94110 -8.05981 -20.64600 -192.35187 -66.16590
28625 1.02687 NaN NaN NaN 171.82561 -109.65826 -4.26935 270.01624 -182.18501 -37.66648 NaN NaN NaN 68.61515 -116.93232 -8.07380 -20.62845 -192.33185 -66.17404
28626 1.03522 NaN NaN NaN 171.82455 -109.67863 -4.27782 270.01819 -182.18423 -37.66244 NaN NaN NaN 68.62875 -116.90858 -8.06851 -20.62060 -192.31767 -66.18467
28627 1.04356 NaN NaN NaN 171.82841 -109.65453 -4.27962 270.01956 -182.17184 -37.67295 NaN NaN NaN 68.62180 -116.91604 -8.07847 -20.61406 -192.30328 -66.19439
28628 1.05191 NaN NaN NaN 171.83139 -109.65004 -4.28468 270.01431 -182.15538 -37.66045 NaN NaN NaN 68.63279 -116.90821 -8.06182 -20.63025 -192.28738 -66.22376
28629 1.06026 NaN NaN NaN 171.84222 -109.63301 -4.27950 270.02225 -182.14185 -37.64856 NaN NaN NaN 68.63226 -116.89271 -8.06724 -20.60577 -192.25584 -66.19962
28630 1.06860 NaN NaN NaN 171.83113 -109.62550 -4.29415 270.02142 -182.15784 -37.62272 NaN NaN NaN 68.64415 -116.88136 -8.06183 -20.59971 -192.23041 -66.19586
28631 1.07695 NaN NaN NaN 171.82703 -109.61358 -4.27576 270.01794 -182.13205 -37.63275 NaN NaN NaN 68.64138 -116.86545 -8.07153 -20.60043 -192.21196 -66.19517
28632 1.08529 NaN NaN NaN 171.83061 -109.62199 -4.28044 270.01932 -182.11575 -37.61098 NaN NaN NaN 68.63087 -116.85416 -8.05174 -20.62014 -192.22227 -66.20074
28633 1.09364 NaN NaN NaN 171.82582 -109.59320 -4.27482 270.01724 -182.08353 -37.61663 NaN NaN NaN 68.62496 -116.82069 -8.04535 -20.60966 -192.21097 -66.19318
28634 1.10199 NaN NaN NaN 171.81328 -109.58778 -4.27249 270.01520 -182.07962 -37.60591 NaN NaN NaN 68.62016 -116.81745 -8.04547 -20.61802 -192.19194 -66.19213
28635 1.11033 NaN NaN NaN 171.80746 -109.59279 -4.25258 270.00388 -182.06206 -37.61563 NaN NaN NaN 68.61454 -116.81192 -8.02780 -20.62366 -192.16940 -66.16933
28636 1.11868 NaN NaN NaN 171.80084 -109.58341 -4.26384 269.99188 -182.06555 -37.58950 NaN NaN NaN 68.60978 -116.81575 -8.03809 -20.64404 -192.14839 -66.17969
28637 1.12703 NaN NaN NaN 171.79366 -109.58222 -4.24432 269.98108 -182.05757 -37.60698 NaN NaN NaN 68.58114 -116.79331 -8.00798 -20.66008 -192.12280 -66.16825
28638 1.13537 NaN NaN NaN 171.77904 -109.57031 -4.23853 269.97397 -182.04649 -37.58804 NaN NaN NaN 68.57159 -116.78703 -8.01952 -20.66940 -192.12341 -66.18348
28639 1.14372 NaN NaN NaN 171.77068 -109.56858 -4.23179 269.96860 -182.06375 -37.62376 NaN NaN NaN 68.57100 -116.76384 -8.00219 -20.67697 -192.10722 -66.16555
28640 1.15207 NaN NaN NaN 171.75322 -109.54606 -4.24741 269.96170 -182.04607 -37.61855 NaN NaN NaN 68.56062 -116.74776 -8.01404 -20.69385 -192.10374 -66.17359
28641 1.16041 NaN NaN NaN 171.76297 -109.52857 -4.26100 269.96097 -182.05035 -37.61813 NaN NaN NaN 68.54472 -116.72080 -8.01939 -20.68430 -192.08911 -66.16998
28642 1.16876 NaN NaN NaN 171.76067 -109.52554 -4.24376 269.94650 -182.04010 -37.61681 NaN NaN NaN 68.52762 -116.71958 -8.01606 -20.70393 -192.08249 -66.16854
28643 1.17711 NaN NaN NaN 171.76372 -109.54623 -4.24709 269.96933 -182.04752 -37.61558 NaN NaN NaN 68.53115 -116.71391 -8.02393 -20.70601 -192.08055 -66.16463
28644 1.18545 NaN NaN NaN 171.76724 -109.53260 -4.27273 269.95972 -182.03201 -37.63087 NaN NaN NaN 68.53230 -116.70955 -8.01247 -20.69589 -192.06999 -66.15828
28645 1.19380 NaN NaN NaN 171.76468 -109.52116 -4.26700 269.95551 -182.04832 -37.62445 NaN NaN NaN 68.54065 -116.68882 -8.01579 -20.68821 -192.05913 -66.15187
28646 1.20215 NaN NaN NaN 171.75682 -109.53214 -4.27815 269.94534 -182.04364 -37.61143 NaN NaN NaN 68.55291 -116.71388 -8.02472 -20.70536 -192.05115 -66.15609
28647 1.21049 NaN NaN NaN 171.76414 -109.53154 -4.27696 269.94720 -182.04269 -37.61557 NaN NaN NaN 68.57053 -116.70515 -8.03059 -20.67073 -192.06360 -66.14719
28648 1.21884 NaN NaN NaN 171.76888 -109.52480 -4.28891 269.96234 -182.03429 -37.59481 NaN NaN NaN 68.58344 -116.71623 -8.02888 -20.68076 -192.05949 -66.14237
28649 1.22719 NaN NaN NaN 171.76654 -109.51662 -4.28485 269.97192 -182.03020 -37.61313 NaN NaN NaN 68.57487 -116.69333 -8.01211 -20.66810 -192.06528 -66.13277
28650 1.23553 NaN NaN NaN 171.77283 -109.52075 -4.26012 269.97238 -182.02386 -37.59399 NaN NaN NaN 68.57958 -116.69737 -7.99588 -20.67312 -192.07684 -66.12511
28651 1.24388 NaN NaN NaN 171.77948 -109.53720 -4.24076 269.97552 -182.04227 -37.59966 NaN NaN NaN 68.57761 -116.69595 -7.99892 -20.65151 -192.08588 -66.12409
28652 1.25223 NaN NaN NaN 171.78253 -109.53629 -4.24016 269.98401 -182.04199 -37.58282 NaN NaN NaN 68.58948 -116.71126 -7.99742 -20.65693 -192.08139 -66.13101
28653 1.26057 NaN NaN NaN 171.79141 -109.54993 -4.24551 269.97510 -182.04124 -37.60839 NaN NaN NaN 68.60712 -116.73631 -7.99200 -20.63861 -192.08942 -66.13469
28654 1.26892 NaN NaN NaN 171.79251 -109.54801 -4.27105 269.97546 -182.04344 -37.59035 NaN NaN NaN 68.62414 -116.73659 -7.99080 -20.64577 -192.09425 -66.14278
28655 1.27727 NaN NaN NaN 171.79425 -109.55238 -4.27227 269.99924 -182.05196 -37.60796 NaN NaN NaN 68.62585 -116.74919 -8.00068 -20.63762 -192.09988 -66.14884
28656 1.28561 NaN NaN NaN 171.78622 -109.54605 -4.27552 269.99429 -182.05301 -37.58873 NaN NaN NaN 68.62836 -116.76474 -8.02682 -20.63132 -192.10435 -66.13886
28657 1.29396 NaN NaN NaN 171.79510 -109.55587 -4.27725 269.99771 -182.05299 -37.60718 NaN NaN NaN 68.62035 -116.76446 -8.02638 -20.62164 -192.10442 -66.13200
28658 1.30231 NaN NaN NaN 171.80711 -109.58311 -4.29072 269.99182 -182.06677 -37.59218 NaN NaN NaN 68.62544 -116.79012 -8.04212 -20.60603 -192.11732 -66.15244
28659 1.31065 NaN NaN NaN 171.82057 -109.59854 -4.27893 270.00006 -182.07585 -37.63131 NaN NaN NaN 68.63292 -116.80116 -8.03159 -20.60927 -192.13588 -66.15820
28660 1.31900 NaN NaN NaN 171.82623 -109.61143 -4.27977 270.00769 -182.09300 -37.61731 NaN NaN NaN 68.64005 -116.81641 -8.03854 -20.62162 -192.16153 -66.17359
28661 1.32734 NaN NaN NaN 171.82423 -109.61393 -4.27353 270.00397 -182.08900 -37.63944 NaN NaN NaN 68.63904 -116.81078 -8.02095 -20.61405 -192.16098 -66.16640
28662 1.33569 NaN NaN NaN 171.81447 -109.63609 -4.27633 270.00061 -182.10590 -37.63990 NaN NaN NaN 68.65447 -116.86320 -8.00820 -20.61828 -192.18050 -66.18575
28663 1.34404 NaN NaN NaN 171.82056 -109.62115 -4.26028 270.00183 -182.10442 -37.62627 NaN NaN NaN 68.63268 -116.85083 -8.01974 -20.59814 -192.17084 -66.19405
28664 1.35238 NaN NaN NaN 171.82370 -109.63956 -4.26366 270.00992 -182.14284 -37.65928 NaN NaN NaN 68.64379 -116.87907 -8.01357 -20.61539 -192.18080 -66.19924
28665 1.36073 NaN NaN NaN 171.83315 -109.64101 -4.24528 270.00641 -182.12675 -37.65133 NaN NaN NaN 68.63374 -116.87850 -8.00675 -20.62712 -192.17555 -66.18828
28666 1.36908 NaN NaN NaN 171.80989 -109.69551 -4.21506 269.99783 -182.14546 -37.65940 NaN NaN NaN 68.64005 -116.89616 -8.00040 -20.62778 -192.19063 -66.19994
28667 1.37742 NaN NaN NaN 171.82567 -109.64740 -4.25617 269.99991 -182.13307 -37.65106 NaN NaN NaN 68.62479 -116.87773 -7.98263 -20.61491 -192.20114 -66.19588
28668 1.38577 NaN NaN NaN 171.80774 -109.68021 -4.23953 270.00055 -182.14917 -37.64502 NaN NaN NaN 68.63002 -116.89204 -7.99292 -20.61477 -192.18724 -66.19110
28669 1.39412 NaN NaN NaN 171.81848 -109.64901 -4.24113 269.99860 -182.15030 -37.63777 NaN NaN NaN 68.62360 -116.88243 -8.00204 -20.61448 -192.18185 -66.18763
28670 1.40246 NaN NaN NaN 171.81519 -109.63927 -4.25187 269.99384 -182.16194 -37.64616 NaN NaN NaN 68.62708 -116.88392 -8.00953 -20.62428 -192.18974 -66.19083
28671 1.41081 NaN NaN NaN 171.79810 -109.63178 -4.23378 269.98935 -182.13870 -37.65464 NaN NaN NaN 68.61400 -116.86396 -7.99337 -20.63697 -192.18394 -66.17241
28672 1.41916 NaN NaN NaN 171.78722 -109.68996 -4.19062 270.00058 -182.13914 -37.63792 NaN NaN NaN 68.62766 -116.88708 -7.99006 -20.62151 -192.17609 -66.17964
28673 1.42750 NaN NaN NaN 171.80240 -109.66252 -4.17371 270.00006 -182.12396 -37.64752 NaN NaN NaN 68.62433 -116.86896 -7.96662 -20.62273 -192.16568 -66.16366
28674 1.43585 NaN NaN NaN 171.80698 -109.68732 -4.15146 269.99710 -182.14973 -37.65756 NaN NaN NaN 68.62453 -116.88712 -7.96622 -20.63253 -192.16754 -66.15931
28675 1.44420 NaN NaN NaN 171.82916 -109.66722 -4.15614 269.98434 -182.13956 -37.65613 NaN NaN NaN 68.60579 -116.87939 -7.97798 -20.62780 -192.16528 -66.16679
28676 1.45254 NaN NaN NaN 171.81317 -109.70758 -4.13449 269.99261 -182.13470 -37.61853 NaN NaN NaN 68.61597 -116.89324 -7.98752 -20.64162 -192.16782 -66.18115
28677 1.46089 NaN NaN NaN 171.81989 -109.66851 -4.13874 269.99323 -182.11711 -37.60685 NaN NaN NaN 68.61825 -116.86864 -7.97808 -20.63084 -192.17091 -66.17216
28678 1.46924 NaN NaN NaN 171.80603 -109.65740 -4.13453 270.00470 -182.12326 -37.58447 NaN NaN NaN 68.61989 -116.88956 -7.97426 -20.64124 -192.16318 -66.16713
28679 1.47758 NaN NaN NaN 171.80763 -109.64043 -4.13172 269.99118 -182.11685 -37.63118 NaN NaN NaN 68.63060 -116.87640 -7.96573 -20.63061 -192.16068 -66.15255
28680 1.48593 NaN NaN NaN 171.82079 -109.64298 -4.12333 269.99689 -182.11070 -37.60216 NaN NaN NaN 68.62725 -116.88326 -7.94869 -20.64367 -192.16586 -66.16622
28681 1.49428 NaN NaN NaN 171.84995 -109.63860 -4.11809 269.98972 -182.08559 -37.62099 NaN NaN NaN 68.62139 -116.89677 -7.93862 -20.63836 -192.16220 -66.15569
28682 1.50262 NaN NaN NaN 171.82794 -109.63647 -4.11249 270.00681 -182.10143 -37.58746 NaN NaN NaN 68.62417 -116.90535 -7.94780 -20.62803 -192.17696 -66.17052
28683 1.51097 NaN NaN NaN 171.82616 -109.65051 -4.11673 270.00012 -182.08208 -37.60482 NaN NaN NaN 68.62105 -116.90663 -7.95608 -20.63762 -192.18681 -66.17683
28684 1.51932 NaN NaN NaN 171.83052 -109.65635 -4.10470 270.01318 -182.10539 -37.58828 NaN NaN NaN 68.60602 -116.91048 -7.96163 -20.64816 -192.17906 -66.18659
28685 1.52766 NaN NaN NaN 171.85281 -109.63118 -4.09856 270.01089 -182.08983 -37.62275 NaN NaN NaN 68.59879 -116.89208 -7.96603 -20.62214 -192.16948 -66.19161
28686 1.53601 NaN NaN NaN 171.84053 -109.61952 -4.10810 270.01730 -182.09787 -37.59905 NaN NaN NaN 68.61189 -116.88999 -7.96544 -20.62222 -192.16934 -66.21462
28687 1.54436 NaN NaN NaN 171.86464 -109.60353 -4.11191 270.00308 -182.08746 -37.61086 NaN NaN NaN 68.61639 -116.88496 -7.96467 -20.62801 -192.16653 -66.23750
28688 1.55270 NaN NaN NaN 171.84601 -109.63427 -4.10734 270.02039 -182.09436 -37.58971 NaN NaN NaN 68.63170 -116.89891 -7.98958 -20.64005 -192.16354 -66.28579
28689 1.56105 NaN NaN NaN 171.86284 -109.61456 -4.11633 270.01443 -182.07146 -37.60291 NaN NaN NaN 68.63017 -116.84623 -7.99841 -20.63636 -192.15468 -66.27363
28690 1.56940 NaN NaN NaN 171.84927 -109.63967 -4.11635 270.01236 -182.09781 -37.57886 NaN NaN NaN 68.63331 -116.85252 -8.01615 -20.63715 -192.14497 -66.30054
28691 1.57774 NaN NaN NaN 171.85297 -109.63701 -4.13436 270.01083 -182.08894 -37.60190 NaN NaN NaN 68.62302 -116.81940 -8.00911 -20.62211 -192.14357 -66.27042
28692 1.58609 NaN NaN NaN 171.87540 -109.61232 -4.11299 270.00815 -182.09537 -37.60328 NaN NaN NaN 68.63133 -116.84552 -8.01038 -20.63486 -192.12917 -66.29189
28693 1.59443 NaN NaN NaN 171.90092 -109.59946 -4.12318 270.02319 -182.07933 -37.61082 NaN NaN NaN 68.64455 -116.81693 -7.99435 -20.62589 -192.14114 -66.25939
28694 1.60278 NaN NaN NaN 171.90157 -109.57745 -4.10163 270.03186 -182.08273 -37.60843 NaN NaN NaN 68.66473 -116.85557 -7.99175 -20.61008 -192.15231 -66.24706
28695 1.61113 NaN NaN NaN 171.90773 -109.58463 -4.11309 270.02917 -182.08463 -37.60654 NaN NaN NaN 68.65366 -116.85455 -7.97279 -20.60872 -192.15662 -66.23847
28696 1.61947 NaN NaN NaN 171.89780 -109.59451 -4.09468 270.01898 -182.08389 -37.61027 NaN NaN NaN 68.64854 -116.88917 -7.96243 -20.62539 -192.15195 -66.23258
28697 1.62782 NaN NaN NaN 171.89236 -109.60403 -4.09132 270.02896 -182.07805 -37.60868 NaN NaN NaN 68.63256 -116.88726 -7.94687 -20.62492 -192.14717 -66.20483
28698 1.63617 NaN NaN NaN 171.87520 -109.61799 -4.09095 270.02713 -182.09975 -37.58127 NaN NaN NaN 68.63771 -116.88911 -7.93303 -20.62144 -192.15578 -66.20795
28699 1.64451 NaN NaN NaN 171.89009 -109.62531 -4.09883 270.03571 -182.09970 -37.58421 NaN NaN NaN 68.63845 -116.86971 -7.94411 -20.62031 -192.16335 -66.20869
28700 1.65286 NaN NaN NaN 171.88187 -109.61993 -4.09063 270.02820 -182.09848 -37.55598 NaN NaN NaN 68.62995 -116.86324 -7.94314 -20.61209 -192.16609 -66.21682
28701 1.66121 NaN NaN NaN 171.90532 -109.61922 -4.08716 270.03592 -182.10558 -37.57271 NaN NaN NaN 68.62083 -116.87678 -7.94198 -20.61017 -192.17091 -66.20338
28702 1.66955 NaN NaN NaN 171.90254 -109.60648 -4.08317 270.02957 -182.10637 -37.57528 NaN NaN NaN 68.63499 -116.88692 -7.93022 -20.60395 -192.18520 -66.20169
28703 1.67790 NaN NaN NaN 171.87558 -109.60201 -4.11327 270.03262 -182.10439 -37.58536 NaN NaN NaN 68.64100 -116.91251 -7.92372 -20.60487 -192.18631 -66.19285
28704 1.68625 NaN NaN NaN 171.86591 -109.62674 -4.10445 270.02591 -182.09717 -37.56809 NaN NaN NaN 68.63080 -116.90257 -7.90541 -20.61269 -192.19951 -66.20300
28705 1.69459 NaN NaN NaN 171.88371 -109.63472 -4.10977 270.02353 -182.11473 -37.56243 NaN NaN NaN 68.62485 -116.91589 -7.91468 -20.59972 -192.20119 -66.19676
28706 1.70294 NaN NaN NaN 171.84241 -109.69014 -4.08536 270.01611 -182.12894 -37.53696 NaN NaN NaN 68.62905 -116.91768 -7.92815 -20.60740 -192.20415 -66.22304
28707 1.71129 NaN NaN NaN 171.85735 -109.65822 -4.09689 270.00864 -182.12901 -37.56216 NaN NaN NaN 68.62650 -116.91644 -7.93663 -20.60685 -192.19115 -66.20833
28708 1.71963 NaN NaN NaN 171.84267 -109.64900 -4.10708 270.00485 -182.11592 -37.55523 NaN NaN NaN 68.64449 -116.90972 -7.92988 -20.60635 -192.19057 -66.20226
28709 1.72798 NaN NaN NaN 171.83539 -109.64284 -4.12488 270.00696 -182.11406 -37.57135 NaN NaN NaN 68.64713 -116.90490 -7.92339 -20.60979 -192.19569 -66.19594
28710 1.73633 NaN NaN NaN 171.83078 -109.65872 -4.12527 269.99994 -182.12257 -37.54836 NaN NaN NaN 68.64792 -116.90108 -7.92033 -20.62705 -192.19429 -66.23562
28711 1.74467 NaN NaN NaN 171.82544 -109.66132 -4.12308 269.99966 -182.13007 -37.55969 NaN NaN NaN 68.62546 -116.92005 -7.92081 -20.61653 -192.17906 -66.21525
28712 1.75302 NaN NaN NaN 171.83734 -109.63850 -4.10055 270.00726 -182.13789 -37.54762 NaN NaN NaN 68.63445 -116.92049 -7.92280 -20.62019 -192.17911 -66.21197
28713 1.76137 NaN NaN NaN 171.83330 -109.64990 -4.11557 269.99893 -182.16344 -37.57208 NaN NaN NaN 68.63037 -116.93984 -7.89779 -20.61369 -192.19557 -66.19715
28714 1.76971 NaN NaN NaN 171.80397 -109.67961 -4.09616 269.97894 -182.14166 -37.55612 NaN NaN NaN 68.62657 -116.94417 -7.89748 -20.61997 -192.18124 -66.26322
28715 1.77806 NaN NaN NaN 171.81787 -109.67467 -4.10852 269.97070 -182.14130 -37.55990 NaN NaN NaN 68.62090 -116.93819 -7.89943 -20.61912 -192.16847 -66.22903
28716 1.78641 NaN NaN NaN 171.80435 -109.70258 -4.08987 269.96573 -182.13275 -37.57616 NaN NaN NaN 68.61240 -116.92518 -7.90409 -20.63000 -192.16594 -66.24131
28717 1.79475 NaN NaN NaN 171.80745 -109.68101 -4.10954 269.96347 -182.13400 -37.57519 NaN NaN NaN 68.60645 -116.93690 -7.90932 -20.62714 -192.18210 -66.22388
28718 1.80310 NaN NaN NaN 171.80147 -109.65854 -4.11448 269.95041 -182.13792 -37.58018 NaN NaN NaN 68.62141 -116.95710 -7.90407 -20.63614 -192.17317 -66.26839
28719 1.81145 NaN NaN NaN 171.80275 -109.64801 -4.12158 269.94180 -182.15218 -37.56581 NaN NaN NaN 68.61844 -116.97878 -7.89479 -20.64465 -192.16553 -66.25730
28720 1.81979 NaN NaN NaN 171.78903 -109.68985 -4.10041 269.94177 -182.16380 -37.54124 NaN NaN NaN 68.61098 -116.98092 -7.89727 -20.63608 -192.16948 -66.25432
28721 1.82814 NaN NaN NaN 171.77979 -109.67722 -4.11340 269.95337 -182.16074 -37.55106 NaN NaN NaN 68.60390 -116.94779 -7.90423 -20.64015 -192.16766 -66.24926
28722 1.83648 NaN NaN NaN 171.77562 -109.71055 -4.09308 269.95984 -182.16869 -37.52582 NaN NaN NaN 68.61150 -116.95235 -7.89417 -20.64286 -192.16174 -66.28894
28723 1.84483 NaN NaN NaN 171.77385 -109.67495 -4.12312 269.96191 -182.16425 -37.54484 NaN NaN NaN 68.63124 -116.95192 -7.88078 -20.63793 -192.15567 -66.25674
28724 1.85318 NaN NaN NaN 171.75240 -109.68394 -4.11762 269.95605 -182.15265 -37.54270 NaN NaN NaN 68.64258 -116.94312 -7.85173 -20.64170 -192.15450 -66.24098
28725 1.86152 NaN NaN NaN 171.76904 -109.65240 -4.13617 269.95276 -182.14406 -37.55347 NaN NaN NaN 68.63569 -116.95211 -7.85961 -20.62927 -192.15395 -66.21001
28726 1.86987 NaN NaN NaN 171.75464 -109.67557 -4.11725 269.95825 -182.15514 -37.52424 NaN NaN NaN 68.64085 -116.94800 -7.85527 -20.63291 -192.14934 -66.20264
28727 1.87822 NaN NaN NaN 171.78415 -109.65483 -4.13688 269.95584 -182.14230 -37.54248 NaN NaN NaN 68.65082 -116.94530 -7.85115 -20.61728 -192.15649 -66.19420
28728 1.88656 NaN NaN NaN 171.77132 -109.68105 -4.11829 269.96570 -182.15007 -37.52490 NaN NaN NaN 68.65084 -116.93954 -7.84083 -20.62405 -192.15326 -66.20162
28729 1.89491 NaN NaN NaN 171.77568 -109.65340 -4.13793 269.96805 -182.14876 -37.53841 NaN NaN NaN 68.65555 -116.95591 -7.83699 -20.61391 -192.12527 -66.18022
28730 1.90326 NaN NaN NaN 171.75894 -109.67455 -4.12684 269.97675 -182.14359 -37.52039 NaN NaN NaN 68.65694 -116.94584 -7.82758 -20.61676 -192.12917 -66.18887
28731 1.91160 NaN NaN NaN 171.80193 -109.64964 -4.12254 269.97537 -182.14407 -37.53421 NaN NaN NaN 68.66551 -116.96094 -7.83265 -20.59289 -192.13113 -66.17046
28732 1.91995 NaN NaN NaN 171.78973 -109.68287 -4.11902 269.97281 -182.14244 -37.51598 NaN NaN NaN 68.66959 -116.94613 -7.81348 -20.59709 -192.13373 -66.18829
28733 1.92830 NaN NaN NaN 171.79616 -109.66344 -4.13380 269.98346 -182.14720 -37.53768 NaN NaN NaN 68.67912 -116.95679 -7.80169 -20.60796 -192.12120 -66.18314
28734 1.93664 NaN NaN NaN 171.78549 -109.63498 -4.15878 269.97672 -182.13721 -37.51223 NaN NaN NaN 68.67780 -116.96031 -7.79724 -20.60015 -192.13448 -66.18458
28735 1.94499 NaN NaN NaN 171.78358 -109.62050 -4.15231 269.98721 -182.14575 -37.52974 NaN NaN NaN 68.68870 -116.97218 -7.79052 -20.59771 -192.13129 -66.16704
28736 1.95334 NaN NaN NaN 171.77217 -109.66011 -4.13812 269.99637 -182.13240 -37.51345 NaN NaN NaN 68.67915 -116.96539 -7.79263 -20.58361 -192.14160 -66.17405
28737 1.96168 NaN NaN NaN 171.78351 -109.65412 -4.15958 269.99103 -182.14082 -37.51312 NaN NaN NaN 68.70203 -116.96373 -7.78971 -20.59123 -192.13307 -66.15455
28738 1.97003 NaN NaN NaN 171.77666 -109.64790 -4.16035 269.98801 -182.13576 -37.49314 NaN NaN NaN 68.70483 -116.97374 -7.78536 -20.59254 -192.15178 -66.15880
28739 1.97838 NaN NaN NaN 171.76656 -109.64101 -4.16210 269.98138 -182.13799 -37.51744 NaN NaN NaN 68.69797 -116.96829 -7.78094 -20.58562 -192.14381 -66.15075
28740 1.98672 NaN NaN NaN 171.76672 -109.67152 -4.14333 269.98254 -182.13264 -37.49413 NaN NaN NaN 68.68513 -116.99511 -7.77837 -20.59880 -192.13710 -66.18639
28741 1.99507 NaN NaN NaN 171.76833 -109.65514 -4.15647 269.97739 -182.12184 -37.52000 NaN NaN NaN 68.69888 -117.00033 -7.77807 -20.59985 -192.12599 -66.17767
28742 2.00342 NaN NaN NaN 171.74464 -109.67815 -4.15308 269.97464 -182.12065 -37.49098 NaN NaN NaN 68.69829 -117.00811 -7.77275 -20.58199 -192.14725 -66.17693
28743 2.01176 NaN NaN NaN 171.73003 -109.64485 -4.16421 269.97748 -182.12822 -37.51214 NaN NaN NaN 68.69705 -117.00421 -7.73505 -20.57533 -192.14793 -66.15069
28744 2.02011 NaN NaN NaN 171.74336 -109.62992 -4.16520 269.97192 -182.13446 -37.48344 NaN NaN NaN 68.70642 -117.01287 -7.71812 -20.58300 -192.14597 -66.16849
28745 2.02846 NaN NaN NaN 171.73862 -109.62117 -4.16444 269.97614 -182.13480 -37.50967 NaN NaN NaN 68.69697 -117.01266 -7.72897 -20.59504 -192.14467 -66.14742
28746 2.03680 NaN NaN NaN 171.73381 -109.61613 -4.16462 269.96567 -182.12877 -37.49241 NaN NaN NaN 68.67892 -117.02229 -7.72763 -20.59782 -192.14139 -66.16019
28747 2.04515 NaN NaN NaN 171.71530 -109.61969 -4.17536 269.96667 -182.12761 -37.49139 NaN NaN NaN 68.68585 -117.03286 -7.73560 -20.59162 -192.12981 -66.14460
28748 2.05350 NaN NaN NaN 171.70717 -109.65438 -4.15603 269.96500 -182.13416 -37.46606 NaN NaN NaN 68.67472 -117.02237 -7.73370 -20.58422 -192.14275 -66.15401
28749 2.06184 NaN NaN NaN 171.70322 -109.64166 -4.16871 269.96613 -182.13428 -37.47488 NaN NaN NaN 68.69116 -117.03477 -7.71078 -20.58766 -192.12315 -66.14144
28750 2.07019 NaN NaN NaN 171.70993 -109.63104 -4.16996 269.95605 -182.13591 -37.47097 NaN NaN NaN 68.68902 -117.04671 -7.69432 -20.58835 -192.13742 -66.16035
28751 2.07854 NaN NaN NaN 171.71133 -109.62640 -4.18007 269.95187 -182.13525 -37.47472 NaN NaN NaN 68.68715 -117.02849 -7.69750 -20.60387 -192.11902 -66.14246
28752 2.08688 NaN NaN NaN 171.69855 -109.61282 -4.18389 269.94296 -182.15182 -37.46560 NaN NaN NaN 68.66653 -117.02933 -7.70625 -20.60957 -192.12192 -66.17406
28753 2.09523 NaN NaN NaN 171.69623 -109.61654 -4.18940 269.93491 -182.14453 -37.47052 NaN NaN NaN 68.68633 -117.03079 -7.70490 -20.61478 -192.11940 -66.16936
28754 2.10357 NaN NaN NaN 171.67474 -109.64297 -4.17723 269.94299 -182.13474 -37.46299 NaN NaN NaN 68.68119 -117.05923 -7.67889 -20.60800 -192.11462 -66.17996
28755 2.11192 NaN NaN NaN 171.67331 -109.63731 -4.18830 269.93964 -182.12140 -37.46168 NaN NaN NaN 68.68394 -117.06496 -7.67456 -20.61832 -192.09499 -66.15925
28756 2.12027 NaN NaN NaN 171.68393 -109.62327 -4.17782 269.94482 -182.13081 -37.45982 NaN NaN NaN 68.64783 -117.05742 -7.67676 -20.61499 -192.10341 -66.15372
28757 2.12861 NaN NaN NaN 171.66469 -109.60217 -4.17599 269.94296 -182.13895 -37.45491 NaN NaN NaN 68.64878 -117.03089 -7.66599 -20.61180 -192.10829 -66.13261
28758 2.13696 NaN NaN NaN 171.65894 -109.60229 -4.17428 269.94095 -182.14789 -37.45052 NaN NaN NaN 68.63004 -117.03627 -7.65722 -20.61535 -192.10422 -66.13272
28759 2.14531 NaN NaN NaN 171.66499 -109.60001 -4.18564 269.93652 -182.12663 -37.44816 NaN NaN NaN 68.65952 -117.04285 -7.66198 -20.61026 -192.10532 -66.13003
28760 2.15365 NaN NaN NaN 171.66376 -109.59213 -4.17579 269.94104 -182.11554 -37.44829 NaN NaN NaN 68.64993 -117.06405 -7.63180 -20.61641 -192.11047 -66.13316
28761 2.16200 NaN NaN NaN 171.65393 -109.59386 -4.18546 269.92529 -182.12024 -37.46650 NaN NaN NaN 68.63730 -117.05539 -7.63533 -20.60733 -192.11839 -66.13315
28762 2.17035 NaN NaN NaN 171.64682 -109.61753 -4.19240 269.92889 -182.13081 -37.45660 NaN NaN NaN 68.63943 -117.08553 -7.62094 -20.61758 -192.12093 -66.13586
28763 2.17869 NaN NaN NaN 171.64777 -109.62017 -4.18186 269.93744 -182.11966 -37.44463 NaN NaN NaN 68.64887 -117.07887 -7.62705 -20.61298 -192.11958 -66.13094
28764 2.18704 NaN NaN NaN 171.64699 -109.64140 -4.16596 269.93295 -182.10634 -37.44371 NaN NaN NaN 68.61646 -117.07681 -7.63053 -20.63209 -192.10719 -66.13878
28765 2.19539 NaN NaN NaN 171.65059 -109.61954 -4.16960 269.93036 -182.08870 -37.44122 NaN NaN NaN 68.64410 -117.05443 -7.62315 -20.61734 -192.10144 -66.13383
28766 2.20373 NaN NaN NaN 171.64452 -109.62473 -4.15901 269.93710 -182.09546 -37.43615 NaN NaN NaN 68.62250 -117.04267 -7.60577 -20.62098 -192.07869 -66.14073
28767 2.21208 NaN NaN NaN 171.65172 -109.59110 -4.17652 269.93097 -182.10207 -37.44203 NaN NaN NaN 68.64746 -117.01627 -7.62812 -20.60766 -192.08353 -66.14240
28768 2.22043 NaN NaN NaN 171.64282 -109.59496 -4.15735 269.93494 -182.09708 -37.42995 NaN NaN NaN 68.66549 -117.03828 -7.59351 -20.60484 -192.07422 -66.14625
28769 2.22877 NaN NaN NaN 171.64314 -109.56616 -4.17337 269.93884 -182.09026 -37.42992 NaN NaN NaN 68.68655 -117.03696 -7.61715 -20.60616 -192.06438 -66.14352
28770 2.23712 NaN NaN NaN 171.65894 -109.55046 -4.18574 269.94699 -182.08046 -37.41904 NaN NaN NaN 68.68177 -117.05356 -7.58268 -20.60293 -192.03316 -66.14436
28771 2.24547 NaN NaN NaN 171.66129 -109.55751 -4.19192 269.94330 -182.07198 -37.42191 NaN NaN NaN 68.66161 -117.01734 -7.57673 -20.60994 -192.04913 -66.14384
28772 2.25381 NaN NaN NaN 171.66920 -109.59472 -4.17132 269.94467 -182.06628 -37.42199 NaN NaN NaN 68.66418 -117.00600 -7.55251 -20.61029 -192.03563 -66.13170
28773 2.26216 NaN NaN NaN 171.65810 -109.57281 -4.15138 269.94482 -182.05850 -37.42356 NaN NaN NaN 68.67256 -116.99475 -7.55485 -20.60793 -192.03400 -66.13572
28774 2.27051 NaN NaN NaN 171.64163 -109.57719 -4.13751 269.93945 -182.04381 -37.39650 NaN NaN NaN 68.66130 -117.01286 -7.54009 -20.60376 -192.02916 -66.14363
28775 2.27885 NaN NaN NaN 171.63885 -109.54411 -4.14692 269.93610 -182.03154 -37.38399 NaN NaN NaN 68.65980 -117.01871 -7.53899 -20.60929 -192.04007 -66.13885
28776 2.28720 NaN NaN NaN 171.64711 -109.52184 -4.15266 269.94199 -182.02856 -37.35780 NaN NaN NaN 68.63792 -117.01508 -7.54005 -20.59435 -192.02533 -66.12906
28777 2.29555 NaN NaN NaN 171.64063 -109.51077 -4.16094 269.93988 -182.02348 -37.33799 NaN NaN NaN 68.63474 -117.01385 -7.54140 -20.60295 -192.03894 -66.13154
28778 2.30389 NaN NaN NaN 171.63545 -109.49386 -4.16635 269.92728 -182.00128 -37.30788 NaN NaN NaN 68.63997 -117.02187 -7.52923 -20.60426 -192.03819 -66.13129
28779 2.31224 NaN NaN NaN 171.61853 -109.47562 -4.17018 269.93594 -182.00305 -37.31575 NaN NaN NaN 68.67461 -117.02871 -7.51382 -20.61236 -192.03822 -66.13272
28780 2.32059 NaN NaN NaN 171.63312 -109.48249 -4.17289 269.95221 -181.97455 -37.30536 NaN NaN NaN 68.65974 -117.02834 -7.52585 -20.60445 -192.04150 -66.12446
28781 2.32893 NaN NaN NaN 171.62589 -109.48377 -4.17270 269.92905 -181.98473 -37.30139 NaN NaN NaN 68.65089 -117.03437 -7.51664 -20.59789 -192.02985 -66.12410
28782 2.33728 NaN NaN NaN 171.60928 -109.52630 -4.15602 269.91974 -181.98405 -37.30142 NaN NaN NaN 68.63550 -117.04682 -7.49595 -20.59172 -192.00870 -66.12498
28783 2.34563 NaN NaN NaN 171.60152 -109.49941 -4.16450 269.91510 -182.00046 -37.29585 NaN NaN NaN 68.63228 -117.04462 -7.50545 -20.61880 -192.02188 -66.11866
28784 2.35397 NaN NaN NaN 171.58629 -109.52519 -4.15629 269.90457 -181.99524 -37.29959 NaN NaN NaN 68.63315 -117.04369 -7.50619 -20.62984 -192.01915 -66.11353
28785 2.36232 NaN NaN NaN 171.60201 -109.49971 -4.16326 269.92239 -182.00461 -37.30531 NaN NaN NaN 68.63792 -117.03268 -7.49797 -20.62982 -192.02898 -66.10486
28786 2.37066 NaN NaN NaN 171.59431 -109.52580 -4.15146 269.91632 -182.01242 -37.30557 NaN NaN NaN 68.62604 -117.05800 -7.48790 -20.63587 -192.02162 -66.10217
28787 2.37901 NaN NaN NaN 171.60733 -109.51909 -4.15280 269.91464 -182.01743 -37.31537 NaN NaN NaN 68.63374 -117.08274 -7.46839 -20.63897 -192.03914 -66.08405
28788 2.38736 NaN NaN NaN 171.62604 -109.52711 -4.15395 269.92023 -182.01793 -37.31468 NaN NaN NaN 68.63824 -117.07671 -7.46225 -20.63769 -192.03502 -66.08953
28789 2.39570 NaN NaN NaN 171.63377 -109.53769 -4.14296 269.94052 -182.03619 -37.36111 NaN NaN NaN 68.64046 -117.10347 -7.45514 -20.64401 -192.03899 -66.07865
28790 2.40405 NaN NaN NaN 171.61694 -109.57584 -4.12587 269.93204 -182.06001 -37.34820 NaN NaN NaN 68.61781 -117.10973 -7.46770 -20.63089 -192.05067 -66.06927
28791 2.41240 NaN NaN NaN 171.63503 -109.58824 -4.12222 269.91925 -182.06531 -37.37373 NaN NaN NaN 68.62238 -117.11977 -7.45790 -20.64116 -192.05342 -66.06709
28792 2.42074 NaN NaN NaN 171.64296 -109.58453 -4.12432 269.91306 -182.08600 -37.37217 NaN NaN NaN 68.60648 -117.13580 -7.45847 -20.63182 -192.07515 -66.06938
28793 2.42909 NaN NaN NaN 171.63319 -109.58882 -4.12380 269.92047 -182.09355 -37.38132 NaN NaN NaN 68.59094 -117.14287 -7.47234 -20.63407 -192.08453 -66.06913
28794 2.43744 NaN NaN NaN 171.62944 -109.62077 -4.11538 269.92746 -182.11810 -37.39211 NaN NaN NaN 68.58884 -117.16921 -7.46262 -20.63260 -192.10725 -66.08244
28795 2.44578 NaN NaN NaN 171.63766 -109.62257 -4.11894 269.93042 -182.10999 -37.41256 NaN NaN NaN 68.59757 -117.19663 -7.45933 -20.62396 -192.10382 -66.08270
28796 2.45413 NaN NaN NaN 171.63724 -109.65923 -4.08918 269.93060 -182.13457 -37.40348 NaN NaN NaN 68.59496 -117.19849 -7.44825 -20.62815 -192.12340 -66.08012
28797 2.46248 NaN NaN NaN 171.65430 -109.63620 -4.09788 269.93564 -182.16493 -37.42500 NaN NaN NaN 68.58607 -117.19576 -7.45944 -20.63549 -192.14388 -66.05740
28798 2.47082 NaN NaN NaN 171.66264 -109.68446 -4.07515 269.95068 -182.17148 -37.42572 NaN NaN NaN 68.58727 -117.21447 -7.44282 -20.63659 -192.16237 -66.07323
28799 2.47917 NaN NaN NaN 171.69214 -109.67600 -4.09884 269.95404 -182.16351 -37.44415 NaN NaN NaN 68.60542 -117.23930 -7.44180 -20.62902 -192.15611 -66.05973
28800 2.48752 NaN NaN NaN 171.71837 -109.68049 -4.09668 269.95801 -182.15625 -37.45638 NaN NaN NaN 68.60796 -117.24671 -7.42821 -20.62881 -192.18668 -66.04071
28801 2.49586 NaN NaN NaN 171.71654 -109.68575 -4.08763 269.96216 -182.16582 -37.46351 NaN NaN NaN 68.63472 -117.27859 -7.41206 -20.62820 -192.18387 -66.05799
28802 2.50421 NaN NaN NaN 171.71016 -109.73891 -4.05692 269.97412 -182.18365 -37.46612 NaN NaN NaN 68.60017 -117.28357 -7.41947 -20.64120 -192.21173 -66.03693
28803 2.51256 NaN NaN NaN 171.71428 -109.72322 -4.06824 269.97549 -182.17487 -37.47860 NaN NaN NaN 68.61617 -117.29322 -7.40070 -20.62111 -192.21394 -66.04259
28804 2.52090 NaN NaN NaN 171.71548 -109.75368 -4.05125 269.97690 -182.16620 -37.47096 NaN NaN NaN 68.61361 -117.28041 -7.39117 -20.61560 -192.22873 -66.03518
28805 2.52925 NaN NaN NaN 171.73398 -109.72928 -4.06713 269.97464 -182.14601 -37.47803 NaN NaN NaN 68.62475 -117.29119 -7.39143 -20.60966 -192.25670 -66.02705
28806 2.53760 NaN NaN NaN 171.72287 -109.73548 -4.05914 269.97226 -182.14763 -37.47949 NaN NaN NaN 68.62096 -117.28806 -7.38135 -20.61142 -192.26903 -66.01499
28807 2.54594 NaN NaN NaN 171.72644 -109.70755 -4.06622 269.98206 -182.14749 -37.48411 NaN NaN NaN 68.61517 -117.29984 -7.39031 -20.61144 -192.28070 -66.00655
28808 2.55429 NaN NaN NaN 171.75200 -109.69067 -4.06686 269.98386 -182.16383 -37.47609 NaN NaN NaN 68.60870 -117.30273 -7.37145 -20.61234 -192.29771 -66.00432
28809 2.56264 NaN NaN NaN 171.75867 -109.70138 -4.05973 269.98773 -182.16289 -37.51379 NaN NaN NaN 68.62552 -117.31326 -7.36493 -20.60478 -192.29134 -65.99422
28810 2.57098 NaN NaN NaN 171.75284 -109.75860 -4.03149 269.98920 -182.15472 -37.49011 NaN NaN NaN 68.60472 -117.29565 -7.34549 -20.61394 -192.31071 -65.99287
28811 2.57933 NaN NaN NaN 171.75180 -109.73151 -4.04181 269.98669 -182.15640 -37.51385 NaN NaN NaN 68.59610 -117.30042 -7.34012 -20.60441 -192.29999 -66.00278
28812 2.58768 NaN NaN NaN 171.75687 -109.76658 -4.01177 269.98660 -182.15784 -37.49239 NaN NaN NaN 68.58286 -117.30486 -7.33485 -20.60174 -192.32986 -65.97446
28813 2.59602 NaN NaN NaN 171.75098 -109.77636 -4.00810 269.99228 -182.14275 -37.52560 NaN NaN NaN 68.57671 -117.28221 -7.33956 -20.59777 -192.32169 -65.97353
28814 2.60437 NaN NaN NaN 171.76707 -109.78104 -4.00486 269.99570 -182.14421 -37.51310 NaN NaN NaN 68.57832 -117.29357 -7.33574 -20.59143 -192.33719 -65.95857
28815 2.61271 NaN NaN NaN 171.77051 -109.73271 -4.02813 269.99918 -182.14305 -37.53490 NaN NaN NaN 68.56067 -117.27594 -7.34476 -20.59416 -192.34888 -65.96764
28816 2.62106 NaN NaN NaN 171.78258 -109.71972 -4.04253 269.99484 -182.13354 -37.51621 NaN NaN NaN 68.57787 -117.28180 -7.34877 -20.60826 -192.33862 -65.97196
