Frame# Time LH1 LH2 LH3 RH1 RH2 RH3
X54 Y54 Z54 X55 Y55 Z55 X56 Y56 Z56 X57 Y57 Z57 X58 Y58 Z58 X59 Y59 Z59
42734 0.00458 NaN NaN NaN 154.13863 -84.99616 -33.21523 252.42349 -164.29654 -27.29121 NaN NaN NaN 30.64785 -119.00300 12.92099 -64.10458 -178.83905 -53.74584
42735 0.01291 NaN NaN NaN 154.11926 -85.01736 -33.22313 252.43353 -164.29179 -27.29793 NaN NaN NaN 30.63191 -119.03082 12.93046 -64.12545 -178.84720 -53.73635
42736 0.02124 NaN NaN NaN 154.17223 -84.96104 -33.22022 252.43727 -164.28932 -27.30276 NaN NaN NaN 30.60892 -119.01860 12.93377 -64.14220 -178.84563 -53.73893
42737 0.02958 NaN NaN NaN 154.13582 -84.99017 -33.24387 252.43810 -164.27594 -27.29335 NaN NaN NaN 30.59648 -119.01875 12.95425 -64.17181 -178.83638 -53.74501
42738 0.03791 NaN NaN NaN 154.15465 -84.96644 -33.22468 252.43817 -164.28465 -27.29660 NaN NaN NaN 30.58313 -119.00033 12.97232 -64.19740 -178.83243 -53.73986
42739 0.04624 NaN NaN NaN 154.14827 -84.93499 -33.21343 252.42059 -164.27039 -27.30310 NaN NaN NaN 30.56273 -118.99188 12.99409 -64.20987 -178.82150 -53.74637
42740 0.05457 NaN NaN NaN 154.15627 -84.90545 -33.21801 252.41470 -164.27155 -27.30322 NaN NaN NaN 30.53820 -119.00002 13.00092 -64.22389 -178.80470 -53.74997
42741 0.06290 NaN NaN NaN 154.15912 -84.88920 -33.20161 252.42336 -164.24976 -27.29502 NaN NaN NaN 30.51179 -118.98271 13.01351 -64.25240 -178.79431 -53.75100
42742 0.07123 NaN NaN NaN 154.13545 -84.92862 -33.19095 252.42583 -164.25328 -27.29338 NaN NaN NaN 30.47002 -118.96801 13.01819 -64.26842 -178.78415 -53.75518
42743 0.07956 NaN NaN NaN 154.14583 -84.91161 -33.18935 252.42130 -164.25340 -27.28158 NaN NaN NaN 30.46605 -118.96352 13.02040 -64.27690 -178.78804 -53.75726
42744 0.08789 NaN NaN NaN 154.17805 -84.89659 -33.15832 252.42151 -164.24490 -27.28282 NaN NaN NaN 30.46956 -118.97213 13.03345 -64.26373 -178.76913 -53.73285
42745 0.09623 NaN NaN NaN 154.16565 -84.87588 -33.13615 252.43503 -164.25595 -27.24136 NaN NaN NaN 30.46340 -118.97022 13.04811 -64.26926 -178.76778 -53.73625
42746 0.10456 NaN NaN NaN 154.17531 -84.85541 -33.12521 252.43425 -164.24968 -27.24844 NaN NaN NaN 30.45452 -118.98476 13.05460 -64.28052 -178.75015 -53.72632
42747 0.11289 NaN NaN NaN 154.19019 -84.82652 -33.11704 252.43390 -164.22989 -27.24009 NaN NaN NaN 30.42501 -118.99062 13.06034 -64.29974 -178.74419 -53.74209
42748 0.12122 NaN NaN NaN 154.19252 -84.82237 -33.10464 252.45021 -164.21043 -27.24360 NaN NaN NaN 30.42516 -118.98245 13.06705 -64.30420 -178.72501 -53.71484
42749 0.12955 NaN NaN NaN 154.20757 -84.82534 -33.13347 252.45639 -164.19936 -27.23653 NaN NaN NaN 30.42385 -118.97364 13.06833 -64.33252 -178.72763 -53.72294
42750 0.13788 NaN NaN NaN 154.21251 -84.80927 -33.12427 252.45511 -164.20567 -27.23347 NaN NaN NaN 30.38425 -118.98438 13.07394 -64.33846 -178.71957 -53.72182
42751 0.14621 NaN NaN NaN 154.18695 -84.84086 -33.10491 252.45999 -164.23122 -27.19017 NaN NaN NaN 30.34560 -118.98772 13.06917 -64.34911 -178.71645 -53.74562
42752 0.15455 NaN NaN NaN 154.20992 -84.83698 -33.08364 252.45831 -164.22969 -27.20819 NaN NaN NaN 30.35449 -119.01304 13.08807 -64.36234 -178.70068 -53.74494
42753 0.16288 NaN NaN NaN 154.22557 -84.83985 -33.08728 252.46954 -164.26717 -27.19064 NaN NaN NaN 30.34173 -119.04351 13.11698 -64.38022 -178.71222 -53.77547
42754 0.17121 NaN NaN NaN 154.24146 -84.82736 -33.05894 252.47870 -164.26848 -27.21655 NaN NaN NaN 30.30997 -119.05303 13.13293 -64.38448 -178.69621 -53.81805
42755 0.17954 NaN NaN NaN 154.24542 -84.85792 -33.05190 252.50632 -164.27963 -27.17689 NaN NaN NaN 30.28482 -119.08248 13.13727 -64.39951 -178.71288 -53.83676
42756 0.18787 NaN NaN NaN 154.24396 -84.91117 -33.02913 252.51405 -164.29114 -27.23101 NaN NaN NaN 30.26122 -119.09920 13.14058 -64.41241 -178.70738 -53.84558
42757 0.19620 NaN NaN NaN 154.24373 -84.94924 -33.02481 252.54057 -164.31042 -27.21199 NaN NaN NaN 30.25849 -119.09144 13.14266 -64.42628 -178.71425 -53.83923
42758 0.20453 NaN NaN NaN 154.24557 -84.98924 -33.00607 252.53548 -164.33350 -27.26053 NaN NaN NaN 30.26417 -119.10854 13.14295 -64.43513 -178.73264 -53.83448
42759 0.21286 NaN NaN NaN 154.26115 -85.02245 -32.97073 252.53822 -164.34407 -27.27430 NaN NaN NaN 30.24422 -119.11256 13.16583 -64.44552 -178.74414 -53.81924
42760 0.22120 NaN NaN NaN 154.26913 -85.05508 -32.96662 252.53830 -164.38554 -27.25716 NaN NaN NaN 30.21729 -119.13317 13.15428 -64.45878 -178.75008 -53.83145
42761 0.22953 NaN NaN NaN 154.26688 -85.07470 -32.94867 252.53868 -164.40808 -27.23553 NaN NaN NaN 30.18226 -119.17152 13.18167 -64.45732 -178.75751 -53.84857
42762 0.23786 NaN NaN NaN 154.26947 -85.08718 -32.95022 252.53316 -164.43867 -27.20109 NaN NaN NaN 30.18643 -119.21644 13.20091 -64.47351 -178.77571 -53.85384
42763 0.24619 NaN NaN NaN 154.27325 -85.08692 -32.93841 252.52592 -164.46658 -27.14149 NaN NaN NaN 30.17307 -119.24710 13.21595 -64.48813 -178.76917 -53.84800
42764 0.25452 NaN NaN NaN 154.26833 -85.08802 -32.93590 252.51401 -164.51004 -27.09995 NaN NaN NaN 30.15272 -119.28920 13.21762 -64.50512 -178.77988 -53.85507
42765 0.26285 NaN NaN NaN 154.24745 -85.11323 -32.89557 252.49965 -164.51624 -27.07772 NaN NaN NaN 30.13781 -119.30761 13.24693 -64.52420 -178.78674 -53.85475
42766 0.27118 NaN NaN NaN 154.22725 -85.16498 -32.86365 252.50078 -164.54761 -27.04077 NaN NaN NaN 30.08895 -119.31318 13.26848 -64.56063 -178.80557 -53.86460
42767 0.27951 NaN NaN NaN 154.22275 -85.20690 -32.83796 252.50597 -164.57272 -27.01089 NaN NaN NaN 30.06803 -119.32188 13.29494 -64.61232 -178.81908 -53.87243
42768 0.28785 NaN NaN NaN 154.20979 -85.24305 -32.82320 252.51358 -164.60428 -27.00525 NaN NaN NaN 30.03301 -119.38744 13.31792 -64.64108 -178.83443 -53.86404
42769 0.29618 NaN NaN NaN 154.23253 -85.29772 -32.80586 252.52129 -164.64565 -26.99077 NaN NaN NaN 29.97354 -119.42850 13.34480 -64.69153 -178.84256 -53.87173
42770 0.30451 NaN NaN NaN 154.23151 -85.34548 -32.77190 252.54298 -164.70802 -26.99212 NaN NaN NaN 29.92951 -119.52238 13.38549 -64.72345 -178.87498 -53.86525
42771 0.31284 NaN NaN NaN 154.23743 -85.38660 -32.74458 252.54974 -164.76668 -26.97362 NaN NaN NaN 29.85958 -119.57029 13.42305 -64.76048 -178.89662 -53.85647
42772 0.32117 NaN NaN NaN 154.21309 -85.46571 -32.73512 252.56721 -164.82224 -26.95902 NaN NaN NaN 29.82440 -119.60487 13.45617 -64.81030 -178.92427 -53.87549
42773 0.32950 NaN NaN NaN 154.21362 -85.52965 -32.69192 252.58319 -164.86430 -26.94893 NaN NaN NaN 29.77706 -119.63602 13.49344 -64.85287 -178.92531 -53.88796
42774 0.33783 NaN NaN NaN 154.19919 -85.55610 -32.67516 252.57347 -164.89616 -26.94253 NaN NaN NaN 29.74572 -119.69738 13.52309 -64.88924 -178.94452 -53.89783
42775 0.34617 NaN NaN NaN 154.23645 -85.55654 -32.65556 252.56044 -164.92572 -26.92756 NaN NaN NaN 29.68878 -119.73333 13.53549 -64.91698 -178.93144 -53.90382
42776 0.35450 NaN NaN NaN 154.24783 -85.55986 -32.65174 252.55896 -164.93845 -26.92815 NaN NaN NaN 29.66596 -119.75636 13.56186 -64.96831 -178.92548 -53.94221
42777 0.36283 NaN NaN NaN 154.24916 -85.59573 -32.64787 252.57784 -164.98494 -26.88907 NaN NaN NaN 29.63014 -119.74183 13.56710 -64.99194 -178.90987 -53.89875
42778 0.37116 NaN NaN NaN 154.24374 -85.62576 -32.63974 252.57555 -165.02135 -26.87327 NaN NaN NaN 29.58896 -119.74814 13.58809 -65.02223 -178.89972 -53.88849
42779 0.37949 NaN NaN NaN 154.25119 -85.67102 -32.62536 252.58743 -165.06189 -26.84205 NaN NaN NaN 29.54335 -119.79446 13.60373 -65.04514 -178.90202 -53.88113
42780 0.38782 NaN NaN NaN 154.26624 -85.73440 -32.62259 252.58069 -165.07347 -26.80401 NaN NaN NaN 29.50494 -119.83406 13.62254 -65.05422 -178.90924 -53.90101
42781 0.39615 NaN NaN NaN 154.29256 -85.74324 -32.62222 252.55934 -165.10870 -26.76634 NaN NaN NaN 29.46475 -119.86802 13.66758 -65.09036 -178.89886 -53.90033
42782 0.40448 NaN NaN NaN 154.29294 -85.73151 -32.65548 252.54907 -165.14598 -26.73231 NaN NaN NaN 29.44292 -119.90776 13.73115 -65.10866 -178.90550 -53.91496
42783 0.41282 NaN NaN NaN 154.28271 -85.75117 -32.69823 252.53926 -165.14679 -26.68782 NaN NaN NaN 29.38594 -119.91903 13.79607 -65.15776 -178.91318 -53.89999
42784 0.42115 NaN NaN NaN 154.26181 -85.76154 -32.74092 252.51546 -165.16599 -26.63212 NaN NaN NaN 29.33987 -119.96595 13.84247 -65.19788 -178.92664 -53.92938
42785 0.42948 NaN NaN NaN 154.24469 -85.78677 -32.82668 252.49709 -165.16719 -26.58083 NaN NaN NaN 29.28059 -119.98408 13.89654 -65.24688 -178.93034 -53.91979
42786 0.43781 NaN NaN NaN 154.27823 -85.81545 -32.88052 252.49734 -165.18610 -26.54557 NaN NaN NaN 29.22878 -120.04011 13.96372 -65.31541 -178.90942 -53.99825
42787 0.44614 NaN NaN NaN 154.31059 -85.83714 -32.94054 252.49808 -165.22527 -26.48172 NaN NaN NaN 29.13474 -120.12256 14.04764 -65.37193 -178.89555 -54.06505
42788 0.45447 NaN NaN NaN 154.33681 -85.87072 -33.00254 252.50427 -165.23357 -26.43920 NaN NaN NaN 29.02721 -120.20712 14.16381 -65.38036 -178.87450 -54.12487
42789 0.46280 NaN NaN NaN 154.34125 -85.92428 -33.07397 252.52673 -165.26094 -26.39764 NaN NaN NaN 28.91428 -120.31208 14.25574 -65.40315 -178.87386 -54.16876
42790 0.47113 NaN NaN NaN 154.36465 -85.98031 -33.12476 252.55704 -165.29076 -26.34262 NaN NaN NaN 28.80242 -120.43252 14.46252 -65.41064 -178.86739 -54.19122
42791 0.47947 NaN NaN NaN 154.36668 -86.08022 -33.16646 252.57060 -165.30360 -26.30380 NaN NaN NaN 28.68838 -120.47407 14.68738 -65.44411 -178.85835 -54.18295
42792 0.48780 NaN NaN NaN 154.40234 -86.20352 -33.23878 252.61661 -165.33325 -26.26921 NaN NaN NaN 28.51955 -120.47131 14.93365 -65.43075 -178.85332 -54.10029
42793 0.49613 NaN NaN NaN 154.44998 -86.31335 -33.26040 252.71120 -165.37247 -26.20550 NaN NaN NaN 28.37144 -120.42879 15.25295 -65.44398 -178.87729 -53.88593
42794 0.50446 NaN NaN NaN 154.50841 -86.43185 -33.20718 252.82982 -165.45560 -26.12673 NaN NaN NaN 28.22395 -120.33657 15.69886 -65.42698 -178.88850 -53.60241
42795 0.51279 NaN NaN NaN 154.61435 -86.57297 -33.13909 252.98889 -165.54524 -26.10201 NaN NaN NaN 28.07218 -120.22624 16.12222 -65.42756 -178.92433 -53.19184
42796 0.52112 NaN NaN NaN 154.76968 -86.71477 -33.06128 253.15422 -165.63770 -26.13934 NaN NaN NaN 27.90176 -120.10601 16.68019 -65.47829 -179.06647 -52.65809
42797 0.52945 NaN NaN NaN 154.91023 -86.91016 -32.94733 253.32924 -165.70920 -26.16044 NaN NaN NaN 27.73649 -119.93898 17.31788 -65.53645 -179.26411 -51.80510
42798 0.53779 NaN NaN NaN 155.08228 -87.06264 -32.80226 253.53058 -165.82089 -26.15728 NaN NaN NaN 27.53016 -119.76427 18.09306 -65.61982 -179.58452 -50.83298
42799 0.54612 NaN NaN NaN 155.21486 -87.21196 -32.58289 253.72307 -165.91281 -26.15874 NaN NaN NaN 27.27586 -119.59329 18.97385 -65.68326 -179.96075 -49.63820
42800 0.55445 NaN NaN NaN 155.35130 -87.37021 -32.30351 253.94722 -165.96254 -26.18002 NaN NaN NaN 26.97087 -119.49846 20.04037 -65.77272 -180.32076 -48.40849
42801 0.56278 NaN NaN NaN 155.51474 -87.44983 -32.08092 254.20499 -166.02753 -26.20323 NaN NaN NaN 26.56979 -119.44463 21.19609 -65.87635 -180.75180 -47.27173
42802 0.57111 NaN NaN NaN 155.66878 -87.70665 -31.77286 254.45700 -166.07648 -26.21731 NaN NaN NaN 26.23590 -119.51409 22.52448 -65.98845 -181.17870 -46.04087
42803 0.57944 NaN NaN NaN 155.89665 -87.79103 -31.48818 254.65007 -166.14865 -26.25941 NaN NaN NaN 25.83068 -119.66930 23.88781 -66.14727 -181.60519 -44.77296
42804 0.58777 NaN NaN NaN 156.04425 -87.72029 -31.18702 254.85721 -166.23444 -26.27434 NaN NaN NaN 25.43930 -119.86178 25.27634 -66.28300 -182.03873 -43.47724
42805 0.59610 NaN NaN NaN 156.19527 -87.62920 -30.82890 255.13124 -166.26755 -26.31378 NaN NaN NaN 24.99973 -120.04124 26.56348 -66.39982 -182.51952 -42.30302
42806 0.60444 NaN NaN NaN 156.36559 -87.61288 -30.43366 255.35040 -166.34468 -26.34109 NaN NaN NaN 24.58641 -120.28223 27.87363 -66.52624 -182.99438 -41.17142
42807 0.61277 NaN NaN NaN 156.49287 -87.76212 -30.03461 255.54803 -166.35942 -26.38412 NaN NaN NaN 24.16420 -120.58192 29.10993 -66.62775 -183.49878 -40.12999
42808 0.62110 NaN NaN NaN 156.60976 -87.89610 -29.71396 255.75403 -166.40207 -26.42910 NaN NaN NaN 23.78363 -120.90345 30.36191 -66.69664 -183.94891 -39.18863
42809 0.62943 NaN NaN NaN 156.71291 -88.05418 -29.34874 255.93785 -166.46237 -26.47906 NaN NaN NaN 23.39476 -121.21234 31.53697 -66.74301 -184.34575 -38.37387
42810 0.63776 NaN NaN NaN 156.73724 -88.25105 -29.02945 256.08331 -166.48465 -26.55759 NaN NaN NaN 23.00311 -121.56446 32.69182 -66.75482 -184.72171 -37.65792
42811 0.64609 NaN NaN NaN 156.75749 -88.41989 -28.75974 256.20288 -166.47131 -26.69467 NaN NaN NaN 22.58025 -121.88290 33.80028 -66.69789 -185.02676 -37.16784
42812 0.65442 NaN NaN NaN 156.78647 -88.45739 -28.69090 256.28894 -166.44426 -26.78247 NaN NaN NaN 22.15192 -122.19554 34.94001 -66.59412 -185.28287 -36.82158
42813 0.66275 NaN NaN NaN 156.76405 -88.51308 -28.68988 256.34644 -166.37598 -26.87788 NaN NaN NaN 21.66636 -122.50491 36.03110 -66.45026 -185.43076 -36.56953
42814 0.67109 NaN NaN NaN 156.68837 -88.50360 -28.72376 256.35715 -166.29836 -26.93234 NaN NaN NaN 21.21737 -122.81121 37.06826 -66.27875 -185.51582 -36.46597
42815 0.67942 NaN NaN NaN 156.59889 -88.45500 -28.77540 256.34506 -166.22520 -26.97001 NaN NaN NaN 20.75756 -123.08792 38.05815 -66.07542 -185.53040 -36.46518
42816 0.68775 NaN NaN NaN 156.49104 -88.39969 -28.85508 256.30603 -166.11377 -26.98941 NaN NaN NaN 20.33235 -123.29433 39.03963 -65.82663 -185.47464 -36.48723
42817 0.69608 NaN NaN NaN 156.42790 -88.35480 -28.99820 256.26163 -165.95537 -27.01233 NaN NaN NaN 19.84541 -123.45702 39.91434 -65.57832 -185.40659 -36.56368
42818 0.70441 NaN NaN NaN 156.35080 -88.27886 -29.18708 256.20456 -165.78320 -27.03175 NaN NaN NaN 19.43283 -123.58246 40.74275 -65.29578 -185.28773 -36.75099
42819 0.71274 NaN NaN NaN 156.27928 -88.17529 -29.32368 256.14914 -165.61261 -27.01416 NaN NaN NaN 19.02045 -123.71056 41.43621 -65.00095 -185.18668 -37.04572
42820 0.72107 NaN NaN NaN 156.15370 -88.09417 -29.44767 256.08975 -165.46361 -26.97229 NaN NaN NaN 18.62719 -123.81892 41.98000 -64.71665 -185.07085 -37.35507
42821 0.72940 NaN NaN NaN 156.06866 -87.97092 -29.64703 256.05154 -165.34866 -26.93344 NaN NaN NaN 18.26667 -123.94318 42.49155 -64.44106 -184.90359 -37.76791
42822 0.73774 NaN NaN NaN 156.00906 -87.82201 -29.81180 256.01105 -165.21693 -26.87302 NaN NaN NaN 17.95080 -124.05625 42.88282 -64.10123 -184.73035 -38.23156
42823 0.74607 NaN NaN NaN 155.94812 -87.76969 -30.00932 255.98099 -165.05759 -26.82250 NaN NaN NaN 17.64667 -124.23811 43.15682 -63.78044 -184.55255 -38.75016
42824 0.75440 NaN NaN NaN 155.93378 -87.61558 -30.29774 255.94250 -164.89610 -26.78486 NaN NaN NaN 17.34394 -124.42865 43.36921 -63.47551 -184.41595 -39.33601
42825 0.76273 NaN NaN NaN 155.93839 -87.49086 -30.55685 255.89256 -164.76495 -26.75784 NaN NaN NaN 17.05544 -124.60545 43.64212 -63.19191 -184.23772 -39.95924
42826 0.77106 NaN NaN NaN 155.97127 -87.39286 -30.82143 255.86366 -164.69725 -26.72494 NaN NaN NaN 16.80171 -124.82704 43.91766 -62.86046 -184.01454 -40.59317
42827 0.77939 NaN NaN NaN 155.94775 -87.30231 -31.10566 255.82576 -164.68562 -26.68599 NaN NaN NaN 16.52949 -125.00130 44.10072 -62.51925 -183.80429 -41.32760
42828 0.78772 NaN NaN NaN 155.94070 -87.17631 -31.42893 255.79709 -164.65858 -26.61289 NaN NaN NaN 16.32889 -125.19956 44.14829 -62.14837 -183.61688 -41.95794
42829 0.79606 NaN NaN NaN 155.97511 -87.09375 -31.74687 255.75337 -164.64417 -26.52902 NaN NaN NaN 16.10246 -125.36134 44.24725 -61.80360 -183.40091 -42.60213
42830 0.80439 NaN NaN NaN 155.95847 -87.09659 -32.00113 255.72339 -164.65050 -26.44257 NaN NaN NaN 15.95526 -125.48792 44.30244 -61.45881 -183.28105 -43.14861
42831 0.81272 NaN NaN NaN 155.98763 -87.12896 -32.23724 255.68445 -164.69322 -26.34401 NaN NaN NaN 15.85928 -125.57055 44.35719 -61.11617 -183.13931 -43.66469
42832 0.82105 NaN NaN NaN 156.02560 -87.13319 -32.49687 255.63063 -164.77219 -26.19581 NaN NaN NaN 15.79531 -125.62127 44.45539 -60.68622 -183.00092 -44.06860
42833 0.82938 NaN NaN NaN 156.08556 -87.18858 -32.73582 255.56876 -164.84695 -26.04207 NaN NaN NaN 15.73433 -125.62449 44.56317 -60.28539 -182.83733 -44.48210
42834 0.83771 NaN NaN NaN 156.10321 -87.19639 -32.95303 255.52670 -164.91745 -25.81618 NaN NaN NaN 15.65862 -125.62518 44.75236 -59.88061 -182.67149 -44.85818
42835 0.84604 NaN NaN NaN 156.07993 -87.21817 -33.21429 255.43216 -165.00024 -25.60883 NaN NaN NaN 15.59433 -125.59965 45.02681 -59.42019 -182.47414 -45.15164
42836 0.85437 NaN NaN NaN 156.04404 -87.21040 -33.50822 255.34293 -165.03947 -25.37569 NaN NaN NaN 15.51610 -125.52499 45.27201 -59.02210 -182.28113 -45.44129
42837 0.86271 NaN NaN NaN 155.95998 -87.11092 -33.93067 255.20158 -165.03246 -25.13099 NaN NaN NaN 15.42814 -125.36463 45.45852 -58.59087 -182.08354 -45.62985
42838 0.87104 NaN NaN NaN 155.88091 -87.04827 -34.35875 254.94101 -164.89528 -24.66283 NaN NaN NaN 15.38262 -125.13244 45.64108 -58.20077 -181.90033 -45.69495
42839 0.87937 NaN NaN NaN 155.74200 -86.83415 -35.00316 254.64699 -164.72572 -24.14186 NaN NaN NaN 15.35340 -124.84359 45.92867 -57.81998 -181.79137 -45.69060
42840 0.88770 NaN NaN NaN 155.58408 -86.61053 -35.61378 254.28094 -164.47198 -23.48201 NaN NaN NaN 15.31775 -124.56597 46.21459 -57.42234 -181.69463 -45.65696
42841 0.89603 NaN NaN NaN 155.35167 -86.26851 -36.40513 253.90610 -164.10172 -22.83722 NaN NaN NaN 15.24812 -124.32414 46.42522 -57.11977 -181.55762 -45.62730
42842 0.90436 NaN NaN NaN 155.16435 -85.75951 -37.07819 253.46399 -163.69516 -22.18662 NaN NaN NaN 15.18231 -124.08368 46.66874 -56.78714 -181.40428 -45.62098
42843 0.91269 NaN NaN NaN 154.93272 -85.40225 -37.79656 253.05368 -163.24916 -21.62918 NaN NaN NaN 14.99310 -123.87611 47.00632 -56.45712 -181.22025 -45.73475
42844 0.92102 NaN NaN NaN 154.77243 -84.92347 -38.35858 252.71399 -162.80147 -21.08131 NaN NaN NaN 14.73439 -123.80307 47.36117 -56.17757 -180.92709 -45.95291
42845 0.92936 NaN NaN NaN 154.61385 -84.52063 -38.90666 252.41478 -162.32195 -20.67032 NaN NaN NaN 14.42102 -123.80792 47.61185 -55.96123 -180.63051 -46.20227
42846 0.93769 NaN NaN NaN 154.53743 -84.09367 -39.45827 252.15279 -161.80640 -20.18058 NaN NaN NaN 14.11373 -123.80091 47.85739 -55.78695 -180.32303 -46.44954
42847 0.94602 NaN NaN NaN 154.32622 -83.72522 -40.20643 251.87453 -161.27402 -19.88253 NaN NaN NaN 13.82488 -123.82117 48.11973 -55.69949 -180.12321 -46.63992
42848 0.95435 NaN NaN NaN 154.12990 -83.32104 -40.60904 251.71033 -160.72607 -19.68591 NaN NaN NaN 13.46601 -123.70850 48.30827 -55.62716 -179.98201 -46.81911
42849 0.96268 NaN NaN NaN 153.93379 -82.96611 -40.79978 251.62993 -160.08603 -19.64087 NaN NaN NaN 13.10750 -123.54648 48.49672 -55.62680 -179.85635 -46.87683
42850 0.97101 NaN NaN NaN 153.75499 -82.55906 -40.85479 251.55453 -159.49001 -19.60831 NaN NaN NaN 12.73245 -123.39473 48.70133 -55.69441 -179.70952 -46.87397
42851 0.97934 NaN NaN NaN 153.60204 -82.17696 -40.86375 251.50671 -158.86411 -19.59352 NaN NaN NaN 12.34997 -123.17660 48.96885 -55.84300 -179.52234 -46.79617
42852 0.98768 NaN NaN NaN 153.41367 -81.82509 -40.87709 251.49438 -158.31427 -19.40501 NaN NaN NaN 11.93360 -122.94183 49.21439 -55.99271 -179.32996 -46.63639
42853 0.99601 NaN NaN NaN 153.18753 -81.55499 -40.93731 251.45930 -157.71935 -19.28475 NaN NaN NaN 11.56072 -122.68690 49.53599 -56.20383 -179.14604 -46.31159
42854 1.00434 NaN NaN NaN 153.03625 -81.20969 -40.95607 251.43750 -157.20340 -19.16858 NaN NaN NaN 11.20722 -122.27532 49.89818 -56.43765 -179.04614 -45.94426
42855 1.01267 NaN NaN NaN 152.86386 -81.01529 -41.03802 251.35567 -156.68906 -19.06642 NaN NaN NaN 10.92654 -121.78964 50.20327 -56.71805 -178.92249 -45.41390
42856 1.02100 NaN NaN NaN 152.75261 -80.73959 -40.99133 251.26930 -156.24011 -18.89054 NaN NaN NaN 10.69776 -121.19905 50.47782 -56.98996 -178.81284 -44.79587
42857 1.02933 NaN NaN NaN 152.63895 -80.47121 -40.92873 251.14726 -155.81613 -18.74339 NaN NaN NaN 10.50302 -120.56007 50.76700 -57.33372 -178.74115 -44.10830
42858 1.03766 NaN NaN NaN 152.50732 -80.21243 -40.84410 251.00064 -155.39722 -18.55055 NaN NaN NaN 10.33324 -119.95229 50.97604 -57.68113 -178.63857 -43.47830
42859 1.04599 NaN NaN NaN 152.42535 -80.01432 -40.81041 250.82843 -155.03705 -18.25163 NaN NaN NaN 10.15797 -119.30630 51.03211 -58.00859 -178.59845 -42.85754
42860 1.05433 NaN NaN NaN 152.21144 -79.85004 -40.89951 250.65071 -154.71123 -18.04724 NaN NaN NaN 10.04451 -118.67017 51.11858 -58.36219 -178.50819 -42.27842
42861 1.06266 NaN NaN NaN 152.01952 -79.63311 -40.95834 250.43639 -154.44977 -17.86784 NaN NaN NaN 9.94756 -117.95070 51.09885 -58.71539 -178.44505 -41.74746
42862 1.07099 NaN NaN NaN 151.83803 -79.35339 -41.02050 250.20529 -154.14043 -17.63885 NaN NaN NaN 9.85645 -117.30624 51.03650 -59.05318 -178.27272 -41.33474
42863 1.07932 NaN NaN NaN 151.64157 -79.01678 -41.08170 249.99767 -153.91943 -17.48031 NaN NaN NaN 9.79385 -116.72835 50.98237 -59.33824 -178.02937 -40.94354
42864 1.08765 NaN NaN NaN 151.53300 -78.69451 -41.04808 249.73109 -153.68927 -17.39676 NaN NaN NaN 9.73370 -116.27105 50.98135 -59.58720 -177.71544 -40.72313
42865 1.09598 NaN NaN NaN 151.33736 -78.34814 -41.16565 249.47646 -153.50784 -17.43752 NaN NaN NaN 9.61356 -115.91943 51.02598 -59.83282 -177.31226 -40.63708
42866 1.10431 NaN NaN NaN 151.15092 -77.92593 -41.20610 249.19685 -153.34148 -17.45587 NaN NaN NaN 9.39201 -115.78088 51.21494 -60.06935 -176.81410 -40.69845
42867 1.11264 NaN NaN NaN 150.99847 -77.59737 -41.22464 248.92662 -153.22124 -17.54989 NaN NaN NaN 8.97300 -115.83920 51.49632 -60.14722 -176.27565 -41.10249
42868 1.12098 NaN NaN NaN 150.86327 -77.34049 -41.27069 248.72401 -153.19736 -17.71760 NaN NaN NaN 8.42606 -116.03249 51.78079 -60.01865 -175.75275 -41.80323
42869 1.12931 NaN NaN NaN 150.76523 -77.16678 -41.29321 248.55972 -153.20515 -17.93667 NaN NaN NaN 7.94083 -116.20110 52.01602 -59.94138 -175.16762 -42.37603
42870 1.13764 NaN NaN NaN 150.71237 -77.10002 -41.24161 248.48553 -153.24042 -18.19631 NaN NaN NaN 7.67545 -116.08225 52.07958 -60.04807 -174.78084 -42.48687
42871 1.14597 NaN NaN NaN 150.71335 -77.07192 -41.22820 248.45929 -153.27443 -18.47401 NaN NaN NaN 7.67177 -115.66129 51.94823 -60.28681 -174.66867 -42.24960
42872 1.15430 NaN NaN NaN 150.70503 -77.09237 -41.20646 248.44310 -153.28371 -18.64300 NaN NaN NaN 7.77578 -115.08570 51.72020 -60.52314 -174.67586 -41.89422
42873 1.16263 NaN NaN NaN 150.68803 -77.12612 -41.12457 248.42516 -153.26801 -18.69372 NaN NaN NaN 7.85464 -114.60913 51.53029 -60.75092 -174.72971 -41.64667
42874 1.17096 NaN NaN NaN 150.72148 -77.19945 -41.16768 248.40820 -153.25009 -18.70984 NaN NaN NaN 7.94063 -114.27275 51.27388 -60.91070 -174.75410 -41.46212
42875 1.17930 NaN NaN NaN 150.75414 -77.21284 -41.20759 248.39070 -153.21283 -18.58172 NaN NaN NaN 8.02951 -113.97857 50.93534 -61.10567 -174.77400 -41.33669
42876 1.18763 NaN NaN NaN 150.80215 -77.21519 -41.26569 248.37820 -153.28180 -18.44487 NaN NaN NaN 8.19088 -113.75822 50.49007 -61.31903 -174.91138 -41.22486
42877 1.19596 NaN NaN NaN 150.87488 -77.18087 -41.25999 248.36522 -153.32092 -18.26063 NaN NaN NaN 8.35497 -113.56866 50.08070 -61.47618 -175.11244 -41.12191
42878 1.20429 NaN NaN NaN 150.95808 -77.27213 -41.24752 248.38408 -153.39624 -18.10183 NaN NaN NaN 8.49877 -113.43179 49.65703 -61.66301 -175.39600 -41.08736
42879 1.21262 NaN NaN NaN 151.03606 -77.29684 -41.23313 248.39366 -153.49763 -17.92843 NaN NaN NaN 8.54796 -113.54197 49.17277 -61.80729 -175.73679 -41.22740
42880 1.22095 NaN NaN NaN 151.15994 -77.35372 -41.26806 248.40746 -153.64709 -17.77433 NaN NaN NaN 8.51465 -113.77772 48.70968 -61.90092 -176.04428 -41.63982
42881 1.22928 NaN NaN NaN 151.29144 -77.39474 -41.29684 248.43459 -153.86467 -17.62801 NaN NaN NaN 8.35731 -114.25352 48.27010 -62.01223 -176.32202 -42.21909
42882 1.23761 NaN NaN NaN 151.47969 -77.41212 -41.35093 248.43568 -154.11147 -17.53470 NaN NaN NaN 8.16549 -114.84353 47.87869 -62.07096 -176.52264 -42.94691
42883 1.24595 NaN NaN NaN 151.61943 -77.33337 -41.40598 248.46089 -154.36818 -17.48271 NaN NaN NaN 8.01627 -115.45129 47.38397 -62.15575 -176.76755 -43.78609
42884 1.25428 NaN NaN NaN 151.73781 -77.35683 -41.51782 248.50209 -154.64572 -17.44683 NaN NaN NaN 7.91815 -116.00471 46.83009 -62.29798 -177.01656 -44.45864
42885 1.26261 NaN NaN NaN 151.87259 -77.38135 -41.59313 248.55128 -154.90428 -17.45921 NaN NaN NaN 7.92408 -116.47942 46.12539 -62.47111 -177.35078 -45.04354
42886 1.27094 NaN NaN NaN 151.96317 -77.40751 -41.65127 248.59099 -155.15695 -17.51348 NaN NaN NaN 8.01948 -116.79385 45.35358 -62.68509 -177.73862 -45.57481
42887 1.27927 NaN NaN NaN 151.99915 -77.49657 -41.69915 248.62482 -155.37589 -17.59102 NaN NaN NaN 8.20967 -117.05700 44.49346 -62.89880 -178.22691 -45.98256
42888 1.28760 NaN NaN NaN 152.07553 -77.61879 -41.71766 248.70110 -155.61732 -17.70429 NaN NaN NaN 8.49625 -117.31184 43.56153 -63.08499 -178.67622 -46.38332
42889 1.29593 NaN NaN NaN 152.14539 -77.81375 -41.70838 248.75023 -155.84599 -17.79660 NaN NaN NaN 8.95884 -117.48553 42.63897 -63.25281 -179.17557 -46.66782
42890 1.30426 NaN NaN NaN 152.14177 -78.17432 -41.63912 248.79199 -156.08083 -17.84024 NaN NaN NaN 9.45444 -117.64049 41.66450 -63.41108 -179.68593 -46.86435
42891 1.31260 NaN NaN NaN 152.15132 -78.46568 -41.57065 248.86984 -156.33258 -17.86124 NaN NaN NaN 10.04472 -117.78191 40.59034 -63.53989 -180.20702 -47.08939
42892 1.32093 NaN NaN NaN 152.17059 -78.81176 -41.49152 248.96312 -156.57402 -17.94453 NaN NaN NaN 10.66286 -117.94469 39.55445 -63.57668 -180.76753 -47.22951
42893 1.32926 NaN NaN NaN 152.22563 -79.13049 -41.36872 249.06218 -156.80765 -18.04706 NaN NaN NaN 11.30906 -118.18466 38.57755 -63.54605 -181.34439 -47.41519
42894 1.33759 NaN NaN NaN 152.22728 -79.44162 -41.23161 249.16685 -157.07953 -18.29457 NaN NaN NaN 11.89590 -118.43095 37.66693 -63.41598 -181.92426 -47.66678
42895 1.34592 NaN NaN NaN 152.26588 -79.74422 -41.03201 249.29964 -157.37952 -18.48645 NaN NaN NaN 12.54354 -118.74155 36.82044 -63.24680 -182.44153 -47.97168
42896 1.35425 NaN NaN NaN 152.30576 -80.07464 -40.80659 249.46437 -157.62318 -18.68561 NaN NaN NaN 13.21390 -119.06857 36.04290 -62.94469 -182.94800 -48.29787
42897 1.36258 NaN NaN NaN 152.36815 -80.34686 -40.59538 249.70464 -157.92151 -18.92032 NaN NaN NaN 13.91546 -119.38750 35.29612 -62.63808 -183.43843 -48.57933
42898 1.37091 NaN NaN NaN 152.34436 -80.67920 -40.24252 249.96938 -158.13371 -19.23188 NaN NaN NaN 14.63089 -119.76276 34.47097 -62.29235 -183.99448 -48.93486
42899 1.37925 NaN NaN NaN 152.36313 -81.00549 -39.85490 250.21184 -158.31726 -19.66631 NaN NaN NaN 15.37117 -120.04104 33.69156 -61.90895 -184.53773 -49.17833
42900 1.38758 NaN NaN NaN 152.41451 -81.37667 -39.47807 250.51154 -158.47569 -19.99816 NaN NaN NaN 16.11126 -120.32590 32.96255 -61.46471 -185.05855 -49.39193
42901 1.39591 NaN NaN NaN 152.58946 -81.53403 -39.10014 250.79648 -158.61728 -20.33429 NaN NaN NaN 16.84979 -120.56323 32.30291 -61.04878 -185.54311 -49.66559
42902 1.40424 NaN NaN NaN 152.74507 -81.59772 -38.84151 251.07523 -158.65083 -20.59330 NaN NaN NaN 17.54131 -120.82478 31.61784 -60.60287 -185.96484 -49.89541
42903 1.41257 NaN NaN NaN 152.79489 -81.79633 -38.70174 251.37485 -158.62379 -20.84567 NaN NaN NaN 18.20751 -120.98468 31.02672 -60.24955 -186.31874 -50.05329
42904 1.42090 NaN NaN NaN 152.94598 -81.81580 -38.38999 251.68100 -158.58296 -21.02126 NaN NaN NaN 18.81537 -121.17777 30.50674 -59.95051 -186.61710 -50.21003
42905 1.42923 NaN NaN NaN 153.00307 -82.03555 -38.16621 252.03922 -158.52170 -21.13551 NaN NaN NaN 19.31805 -121.31214 30.01609 -59.66942 -186.84460 -50.33080
42906 1.43757 NaN NaN NaN 153.16206 -82.16077 -37.85935 252.43279 -158.50063 -21.28309 NaN NaN NaN 19.76570 -121.50187 29.68082 -59.47074 -187.00865 -50.44978
42907 1.44590 NaN NaN NaN 153.38966 -82.27871 -37.47160 252.83737 -158.48462 -21.45473 NaN NaN NaN 20.07273 -121.65870 29.44750 -59.35701 -187.07970 -50.61651
42908 1.45423 NaN NaN NaN 153.69370 -82.30383 -36.97771 253.27930 -158.48412 -21.64115 NaN NaN NaN 20.30753 -121.83576 29.35348 -59.33095 -187.04634 -50.75813
42909 1.46256 NaN NaN NaN 153.95988 -82.42509 -36.51180 253.76633 -158.51584 -21.87784 NaN NaN NaN 20.41198 -121.97482 29.20593 -59.36322 -186.95677 -50.88854
42910 1.47089 NaN NaN NaN 154.29694 -82.53749 -35.95341 254.24197 -158.57758 -22.03415 NaN NaN NaN 20.40543 -122.14568 29.10619 -59.47974 -186.81342 -51.02139
42911 1.47922 NaN NaN NaN 154.59172 -82.71312 -35.42251 254.73094 -158.64355 -22.18050 NaN NaN NaN 20.32343 -122.28895 29.09165 -59.61501 -186.65887 -51.24139
42912 1.48755 NaN NaN NaN 154.87920 -82.84965 -34.84265 255.18001 -158.74535 -22.29330 NaN NaN NaN 20.19022 -122.40102 29.12010 -59.81568 -186.41045 -51.50916
42913 1.49588 NaN NaN NaN 155.13196 -82.98891 -34.32602 255.57292 -158.81836 -22.40419 NaN NaN NaN 19.98308 -122.51840 29.16694 -60.04076 -186.09993 -51.77958
42914 1.50422 NaN NaN NaN 155.36420 -83.04102 -33.85405 255.83253 -158.83830 -22.46792 NaN NaN NaN 19.74421 -122.55782 29.19213 -60.27934 -185.76555 -52.08124
42915 1.51255 NaN NaN NaN 155.51524 -83.06599 -33.43531 256.03339 -158.83611 -22.50534 NaN NaN NaN 19.48622 -122.53148 29.25581 -60.48956 -185.32300 -52.40345
42916 1.52088 NaN NaN NaN 155.62575 -83.01310 -33.20559 256.16907 -158.80847 -22.51741 NaN NaN NaN 19.27843 -122.48711 29.30602 -60.71778 -184.86082 -52.73704
42917 1.52921 NaN NaN NaN 155.70206 -82.86822 -33.05096 256.23807 -158.76674 -22.50977 NaN NaN NaN 19.07315 -122.39428 29.23257 -60.88893 -184.42383 -52.97541
42918 1.53754 NaN NaN NaN 155.74716 -82.68606 -32.96578 256.25748 -158.67323 -22.50720 NaN NaN NaN 18.94109 -122.18707 29.07518 -61.05410 -184.00867 -53.20075
42919 1.54587 NaN NaN NaN 155.81912 -82.52209 -32.78223 256.29459 -158.58960 -22.50983 NaN NaN NaN 18.91061 -121.91778 28.91032 -61.17943 -183.56541 -53.42316
42920 1.55420 NaN NaN NaN 155.84525 -82.42406 -32.61201 256.35059 -158.50449 -22.55442 NaN NaN NaN 18.97855 -121.68832 28.72984 -61.21511 -183.20804 -53.59472
42921 1.56253 NaN NaN NaN 155.88510 -82.41890 -32.44279 256.49796 -158.41498 -22.65453 NaN NaN NaN 19.12672 -121.42752 28.55308 -61.18511 -182.82794 -53.76721
42922 1.57087 NaN NaN NaN 155.91037 -82.47572 -32.28383 256.62326 -158.34021 -22.72073 NaN NaN NaN 19.32597 -121.22723 28.29979 -61.06693 -182.56200 -53.97102
42923 1.57920 NaN NaN NaN 155.92097 -82.54480 -32.19321 256.74393 -158.23944 -22.78835 NaN NaN NaN 19.52844 -121.03754 28.06422 -60.88744 -182.29854 -54.23898
42924 1.58753 NaN NaN NaN 155.91951 -82.59888 -32.15207 256.91251 -158.09331 -22.81091 NaN NaN NaN 19.78205 -120.93811 27.78404 -60.61960 -182.04750 -54.57932
42925 1.59586 NaN NaN NaN 155.94777 -82.64668 -32.13972 257.08160 -157.93243 -22.77664 NaN NaN NaN 20.11713 -120.91585 27.53571 -60.33836 -181.90955 -54.89808
42926 1.60419 NaN NaN NaN 155.99902 -82.68248 -32.11336 257.26782 -157.76613 -22.73011 NaN NaN NaN 20.52154 -120.95548 27.26619 -59.93550 -181.88887 -55.31571
42927 1.61252 NaN NaN NaN 156.02960 -82.69973 -32.13457 257.44608 -157.58109 -22.66707 NaN NaN NaN 20.91686 -121.04256 26.94410 -59.50999 -181.88983 -55.67862
42928 1.62085 NaN NaN NaN 156.07507 -82.69401 -32.09467 257.66168 -157.35785 -22.62026 NaN NaN NaN 21.39758 -121.25624 26.59863 -59.01105 -181.92143 -56.08239
42929 1.62919 NaN NaN NaN 156.15054 -82.74831 -32.08010 257.85562 -157.15541 -22.57619 NaN NaN NaN 21.94008 -121.50613 26.29151 -58.52307 -182.00586 -56.44812
42930 1.63752 NaN NaN NaN 156.25700 -82.77924 -32.01546 258.07544 -157.00363 -22.50501 NaN NaN NaN 22.47674 -121.83743 26.11329 -57.99648 -182.16441 -56.89345
42931 1.64585 NaN NaN NaN 156.37497 -82.75066 -31.97613 258.32675 -156.82953 -22.44929 NaN NaN NaN 22.91718 -122.30048 25.85032 -57.46478 -182.34357 -57.40356
42932 1.65418 NaN NaN NaN 156.56448 -82.69431 -31.87443 258.56006 -156.75174 -22.40826 NaN NaN NaN 23.34643 -122.90334 25.70153 -56.85318 -182.54979 -58.04380
42933 1.66251 NaN NaN NaN 156.78127 -82.72588 -31.72457 258.84250 -156.74287 -22.41406 NaN NaN NaN 23.70853 -123.66944 25.57488 -56.25098 -182.69225 -58.77631
42934 1.67084 NaN NaN NaN 157.02232 -82.79118 -31.45263 259.12183 -156.81036 -22.48281 NaN NaN NaN 23.97109 -124.54086 25.52442 -55.64491 -182.82448 -59.65067
42935 1.67917 NaN NaN NaN 157.29633 -82.83369 -31.15295 259.39990 -156.94418 -22.54897 NaN NaN NaN 24.20983 -125.53493 25.48688 -55.07175 -182.94096 -60.62209
42936 1.68750 NaN NaN NaN 157.59036 -83.01530 -30.76235 259.66205 -157.07970 -22.58648 NaN NaN NaN 24.44454 -126.45319 25.31825 -54.59398 -183.03169 -61.44720
42937 1.69584 NaN NaN NaN 157.82840 -83.16428 -30.45636 259.83609 -157.26418 -22.56793 NaN NaN NaN 24.68024 -127.23165 25.15479 -54.22463 -183.19035 -62.17174
42938 1.70417 NaN NaN NaN 157.96138 -83.33517 -30.25164 259.99170 -157.44867 -22.54883 NaN NaN NaN 24.96075 -127.93691 24.89410 -53.89988 -183.34460 -62.76275
42939 1.71250 NaN NaN NaN 158.11815 -83.39227 -30.10061 260.06982 -157.63304 -22.51064 NaN NaN NaN 25.21690 -128.58818 24.66446 -53.67051 -183.56903 -63.34472
42940 1.72083 NaN NaN NaN 158.29124 -83.42900 -29.88835 260.10233 -157.82790 -22.47476 NaN NaN NaN 25.42053 -129.16472 24.41667 -53.50164 -183.77628 -63.80529
42941 1.72916 NaN NaN NaN 158.41713 -83.46113 -29.78511 260.09955 -158.02792 -22.45310 NaN NaN NaN 25.55020 -129.76459 24.15565 -53.39113 -183.96895 -64.19679
42942 1.73749 NaN NaN NaN 158.56288 -83.44972 -29.69644 260.08667 -158.27158 -22.44565 NaN NaN NaN 25.62271 -130.27655 24.03320 -53.37633 -184.14986 -64.49464
42943 1.74582 NaN NaN NaN 158.68518 -83.51778 -29.64574 260.06415 -158.53908 -22.46206 NaN NaN NaN 25.64150 -130.69168 24.00420 -53.48849 -184.28395 -64.64201
42944 1.75415 NaN NaN NaN 158.79851 -83.55540 -29.59621 260.07449 -158.81892 -22.48855 NaN NaN NaN 25.57581 -131.00455 23.98777 -53.66782 -184.44853 -64.68928
42945 1.76249 NaN NaN NaN 158.85216 -83.66397 -29.54837 260.01685 -159.10597 -22.60196 NaN NaN NaN 25.44000 -131.30121 24.01252 -53.87539 -184.57549 -64.70593
42946 1.77082 NaN NaN NaN 158.89267 -83.73965 -29.53938 259.93771 -159.38159 -22.71537 NaN NaN NaN 25.26896 -131.62006 24.04040 -54.07051 -184.66029 -64.77030
42947 1.77915 NaN NaN NaN 159.00523 -83.83965 -29.44789 259.84726 -159.63380 -22.87002 NaN NaN NaN 25.05761 -131.88985 24.12412 -54.30235 -184.69211 -64.77901
42948 1.78748 NaN NaN NaN 159.06764 -83.89244 -29.39033 259.78848 -159.89778 -23.01068 NaN NaN NaN 24.77719 -132.08667 24.24786 -54.57614 -184.69992 -64.80821
42949 1.79581 NaN NaN NaN 159.10172 -83.92333 -29.36071 259.69464 -160.11591 -23.18492 NaN NaN NaN 24.52532 -132.23253 24.38131 -54.80167 -184.69061 -64.82868
42950 1.80414 NaN NaN NaN 159.12073 -83.84017 -29.37528 259.60742 -160.29317 -23.32022 NaN NaN NaN 24.25305 -132.35223 24.44930 -55.03854 -184.64330 -64.82529
42951 1.81247 NaN NaN NaN 159.18054 -83.81863 -29.27379 259.50912 -160.51781 -23.44209 NaN NaN NaN 23.97694 -132.41344 24.50554 -55.25610 -184.56883 -64.83475
42952 1.82081 NaN NaN NaN 159.23387 -83.79176 -29.22091 259.41867 -160.68791 -23.50583 NaN NaN NaN 23.73744 -132.45180 24.57017 -55.50698 -184.49179 -64.84153
42953 1.82914 NaN NaN NaN 159.28752 -83.73466 -29.19508 259.29318 -160.79379 -23.54009 NaN NaN NaN 23.54787 -132.40211 24.65883 -55.71790 -184.37039 -64.83795
42954 1.83747 NaN NaN NaN 159.31442 -83.66567 -29.19189 259.16418 -160.86641 -23.61998 NaN NaN NaN 23.38970 -132.31349 24.75348 -55.88026 -184.27377 -64.77422
42955 1.84580 NaN NaN NaN 159.32619 -83.51034 -29.24062 259.05673 -160.88342 -23.66467 NaN NaN NaN 23.28612 -132.23085 24.80013 -56.00782 -184.17641 -64.70930
42956 1.85413 NaN NaN NaN 159.31883 -83.33613 -29.25108 258.92368 -160.89328 -23.75244 NaN NaN NaN 23.18679 -132.09814 24.80144 -56.15868 -184.10788 -64.66924
42957 1.86246 NaN NaN NaN 159.25583 -83.14447 -29.34112 258.79269 -160.87735 -23.80516 NaN NaN NaN 23.11654 -132.02274 24.79833 -56.31403 -184.09946 -64.61015
42958 1.87079 NaN NaN NaN 159.25691 -82.95667 -29.38668 258.65326 -160.86925 -23.85012 NaN NaN NaN 23.06440 -131.99066 24.77782 -56.44068 -184.11447 -64.55877
42959 1.87912 NaN NaN NaN 159.22849 -82.78362 -29.46407 258.50153 -160.82169 -23.93252 NaN NaN NaN 22.94704 -131.98685 24.73837 -56.57140 -184.15918 -64.45323
42960 1.88746 NaN NaN NaN 159.16010 -82.60326 -29.53331 258.34503 -160.76178 -24.01700 NaN NaN NaN 22.86092 -132.02725 24.67062 -56.75471 -184.23412 -64.36334
42961 1.89579 NaN NaN NaN 159.13319 -82.42330 -29.60590 258.19226 -160.73979 -24.08958 NaN NaN NaN 22.77306 -132.09010 24.62614 -56.94209 -184.34889 -64.31382
42962 1.90412 NaN NaN NaN 159.10155 -82.29773 -29.60911 258.03583 -160.73514 -24.16024 NaN NaN NaN 22.59684 -132.24939 24.63554 -57.12387 -184.46614 -64.31080
42963 1.91245 NaN NaN NaN 159.10657 -82.16623 -29.62656 257.89902 -160.69992 -24.26476 NaN NaN NaN 22.36783 -132.46312 24.72533 -57.34497 -184.59901 -64.27495
42964 1.92078 NaN NaN NaN 159.10768 -82.05067 -29.72662 257.79227 -160.71158 -24.32056 NaN NaN NaN 22.08361 -132.75005 24.88140 -57.62779 -184.78532 -64.22193
42965 1.92911 NaN NaN NaN 159.09949 -81.95872 -29.78586 257.71616 -160.70326 -24.33778 NaN NaN NaN 21.70193 -133.11769 25.05177 -57.97301 -184.96094 -64.23687
42966 1.93744 NaN NaN NaN 159.09622 -81.88367 -29.79995 257.63794 -160.74722 -24.35673 NaN NaN NaN 21.19734 -133.55254 25.24682 -58.31047 -185.12645 -64.26828
42967 1.94577 NaN NaN NaN 159.10709 -81.78958 -29.82041 257.57040 -160.78490 -24.37037 NaN NaN NaN 20.59949 -134.07156 25.59669 -58.68610 -185.29431 -64.33424
42968 1.95411 NaN NaN NaN 159.11250 -81.74777 -29.76267 257.49103 -160.79813 -24.38145 NaN NaN NaN 19.89469 -134.68849 25.91817 -59.08806 -185.42735 -64.41499
42969 1.96244 NaN NaN NaN 159.13298 -81.71945 -29.73346 257.46594 -160.81824 -24.39321 NaN NaN NaN 19.13268 -135.33226 26.36216 -59.51943 -185.58846 -64.57380
42970 1.97077 NaN NaN NaN 159.13934 -81.72272 -29.69558 257.41998 -160.82111 -24.39165 NaN NaN NaN 18.27803 -136.01141 26.80122 -60.01267 -185.75627 -64.85844
42971 1.97910 NaN NaN NaN 159.11389 -81.69815 -29.73392 257.38235 -160.84140 -24.39185 NaN NaN NaN 17.31300 -136.79919 27.31130 -60.50664 -185.83949 -65.13920
42972 1.98743 NaN NaN NaN 159.13567 -81.63589 -29.70424 257.34012 -160.86681 -24.39450 NaN NaN NaN 16.24716 -137.60603 27.87950 -60.97814 -185.91165 -65.42837
42973 1.99576 NaN NaN NaN 159.12740 -81.64834 -29.67727 257.29364 -160.89992 -24.41142 NaN NaN NaN 15.06964 -138.54333 28.46468 -61.45684 -185.90564 -65.83321
42974 2.00409 NaN NaN NaN 159.12325 -81.56788 -29.78669 257.28348 -160.92908 -24.42452 NaN NaN NaN 13.80507 -139.50319 29.11559 -61.94114 -185.89523 -66.28593
42975 2.01242 NaN NaN NaN 159.07701 -81.59293 -29.79383 257.25037 -160.94955 -24.43017 NaN NaN NaN 12.41114 -140.52605 29.81607 -62.44024 -185.86041 -66.81659
42976 2.02076 NaN NaN NaN 159.02444 -81.63777 -29.80195 257.21085 -160.92662 -24.42831 NaN NaN NaN 10.85469 -141.64799 30.53694 -62.88860 -185.76761 -67.45322
42977 2.02909 NaN NaN NaN 158.99931 -81.51686 -29.92534 257.16089 -160.88445 -24.41375 NaN NaN NaN 9.11095 -142.92468 31.32334 -63.31405 -185.60751 -68.22197
42978 2.03742 NaN NaN NaN 158.95578 -81.48027 -30.08209 257.11066 -160.78993 -24.38631 NaN NaN NaN 7.24093 -144.33377 32.12449 -63.79676 -185.35355 -69.18276
42979 2.04575 NaN NaN NaN 158.93492 -81.30950 -30.20075 257.06021 -160.68974 -24.36541 NaN NaN NaN 5.28496 -145.78642 32.89852 -64.27192 -184.90578 -70.14655
42980 2.05408 NaN NaN NaN 158.85617 -81.22160 -30.31899 257.01807 -160.60587 -24.30459 NaN NaN NaN 3.33148 -147.19438 33.55539 -64.82044 -184.29372 -71.22249
42981 2.06241 NaN NaN NaN 158.80298 -81.15892 -30.40411 256.97726 -160.53807 -24.22153 NaN NaN NaN 1.37722 -148.60872 34.21219 -65.31816 -183.72830 -72.19711
42982 2.07074 NaN NaN NaN 158.77028 -81.08030 -30.51141 256.95547 -160.45955 -24.07500 NaN NaN NaN -0.50029 -149.93044 34.76715 -65.80740 -183.29964 -73.16292
42983 2.07908 NaN NaN NaN 158.78673 -80.95315 -30.59712 256.94519 -160.34230 -24.05865 NaN NaN NaN -2.25415 -151.11552 35.16622 -66.24111 -182.90926 -74.00927
42984 2.08741 NaN NaN NaN 158.77809 -80.85876 -30.72990 256.91815 -160.23872 -24.01531 NaN NaN NaN -3.87728 -152.26678 35.41885 -66.61780 -182.62013 -74.74245
42985 2.09574 NaN NaN NaN 158.73871 -80.79221 -30.85761 256.91595 -160.12109 -24.01338 NaN NaN NaN -5.28409 -153.23592 35.63783 -66.98629 -182.33261 -75.37241
42986 2.10407 NaN NaN NaN 158.74355 -80.69382 -30.95840 256.93155 -160.04610 -24.01815 NaN NaN NaN -6.46742 -154.05501 35.79958 -67.25637 -182.18387 -75.96877
42987 2.11240 NaN NaN NaN 158.76237 -80.61037 -31.08057 256.97122 -159.97630 -24.05471 NaN NaN NaN -7.40054 -154.72710 35.94132 -67.41684 -181.96588 -76.41829
42988 2.12073 NaN NaN NaN 158.83150 -80.50505 -31.13923 257.01501 -159.88237 -24.09692 NaN NaN NaN -8.09227 -155.20949 36.05458 -67.56465 -181.81641 -76.68864
42989 2.12906 NaN NaN NaN 158.87140 -80.46994 -31.21479 257.07843 -159.77057 -24.20277 NaN NaN NaN -8.54230 -155.49046 36.11042 -67.74169 -181.78835 -76.85568
42990 2.13739 NaN NaN NaN 158.89494 -80.44501 -31.25113 257.15656 -159.67062 -24.31745 NaN NaN NaN -8.75699 -155.57127 36.11947 -67.88285 -181.80008 -76.88534
42991 2.14573 NaN NaN NaN 158.92986 -80.41946 -31.20086 257.21735 -159.57623 -24.43443 NaN NaN NaN -8.75536 -155.53938 36.10954 -67.94432 -181.79828 -76.83674
42992 2.15406 NaN NaN NaN 158.96730 -80.38345 -31.11038 257.29343 -159.54099 -24.52381 NaN NaN NaN -8.55833 -155.46901 36.09086 -67.97202 -181.76720 -76.73481
42993 2.16239 NaN NaN NaN 159.00417 -80.39275 -31.03953 257.34592 -159.54037 -24.59167 NaN NaN NaN -8.16853 -155.33311 35.99711 -67.98335 -181.66356 -76.59857
42994 2.17072 NaN NaN NaN 159.02907 -80.35860 -30.97910 257.33292 -159.53574 -24.71765 NaN NaN NaN -7.62233 -155.16222 35.85475 -68.04114 -181.65263 -76.42828
42995 2.17905 NaN NaN NaN 159.06250 -80.27150 -30.94308 257.34186 -159.54631 -24.86480 NaN NaN NaN -6.92424 -154.86447 35.65529 -68.11891 -181.67537 -76.19183
42996 2.18738 NaN NaN NaN 159.03415 -80.27167 -30.89538 257.32333 -159.54955 -25.00460 NaN NaN NaN -6.24894 -154.60712 35.43569 -68.13221 -181.75862 -75.94823
42997 2.19571 NaN NaN NaN 159.03481 -80.27064 -30.88083 257.34671 -159.58026 -25.14584 NaN NaN NaN -5.62482 -154.33456 35.20945 -68.04859 -181.87634 -75.77418
42998 2.20404 NaN NaN NaN 159.02287 -80.34443 -30.85774 257.35477 -159.64796 -25.37761 NaN NaN NaN -5.07062 -154.12666 35.03645 -67.93769 -182.01038 -75.61542
42999 2.21238 NaN NaN NaN 159.04088 -80.44270 -30.80569 257.34406 -159.73042 -25.62234 NaN NaN NaN -4.54406 -154.00711 34.83145 -67.82442 -182.14198 -75.49123
43000 2.22071 NaN NaN NaN 159.03903 -80.52750 -30.74428 257.31708 -159.84369 -25.81098 NaN NaN NaN -4.10816 -153.92856 34.65250 -67.72964 -182.30161 -75.43986
43001 2.22904 NaN NaN NaN 159.05754 -80.59710 -30.66246 257.35657 -159.96518 -26.03163 NaN NaN NaN -3.72578 -153.92642 34.49966 -67.64234 -182.44559 -75.41014
43002 2.23737 NaN NaN NaN 159.05064 -80.68512 -30.51667 257.36594 -160.09795 -26.22832 NaN NaN NaN -3.37589 -153.99123 34.35691 -67.56805 -182.60991 -75.38316
43003 2.24570 NaN NaN NaN 159.02817 -80.84180 -30.36216 257.34390 -160.27885 -26.40539 NaN NaN NaN -3.01450 -154.05746 34.21651 -67.56784 -182.81592 -75.35968
43004 2.25403 NaN NaN NaN 159.03528 -81.02677 -30.15590 257.33212 -160.51013 -26.58586 NaN NaN NaN -2.69561 -154.16388 34.01894 -67.58133 -183.08588 -75.30082
43005 2.26236 NaN NaN NaN 158.97144 -81.23444 -29.97149 257.27255 -160.67197 -26.80487 NaN NaN NaN -2.36334 -154.29109 33.80067 -67.58287 -183.39641 -75.21627
43006 2.27070 NaN NaN NaN 158.98621 -81.35674 -29.78761 257.19717 -160.86519 -26.96485 NaN NaN NaN -2.02160 -154.44946 33.65133 -67.59888 -183.73505 -75.13363
43007 2.27903 NaN NaN NaN 158.91861 -81.57757 -29.53254 257.13748 -161.07262 -27.12240 NaN NaN NaN -1.72794 -154.70834 33.47210 -67.62540 -184.09695 -75.08883
43008 2.28736 NaN NaN NaN 158.86853 -81.83357 -29.24364 257.07645 -161.27515 -27.28682 NaN NaN NaN -1.44218 -155.02646 33.31665 -67.66680 -184.51016 -75.03098
43009 2.29569 NaN NaN NaN 158.84016 -82.05176 -28.97343 257.01566 -161.53087 -27.42523 NaN NaN NaN -1.17021 -155.41460 33.14454 -67.73991 -184.92165 -74.97311
43010 2.30402 NaN NaN NaN 158.87718 -82.11839 -28.74244 256.99329 -161.76404 -27.54385 NaN NaN NaN -0.92137 -155.81926 32.97086 -67.80775 -185.36409 -74.94238
43011 2.31235 NaN NaN NaN 158.87074 -82.31368 -28.57084 256.96228 -162.04556 -27.67590 NaN NaN NaN -0.68455 -156.25592 32.82038 -67.86258 -185.80905 -74.90876
43012 2.32068 NaN NaN NaN 158.81989 -82.53746 -28.44422 256.92184 -162.27899 -27.80219 NaN NaN NaN -0.54268 -156.66887 32.67552 -67.94080 -186.22279 -74.90842
43013 2.32901 NaN NaN NaN 158.84444 -82.76199 -28.28201 256.88205 -162.48299 -27.84834 NaN NaN NaN -0.32645 -157.01477 32.50777 -68.07639 -186.65274 -74.87341
43014 2.33735 NaN NaN NaN 158.79625 -83.00218 -28.13370 256.83444 -162.69476 -27.84960 NaN NaN NaN -0.14685 -157.34860 32.30859 -68.21062 -187.05516 -74.82887
43015 2.34568 NaN NaN NaN 158.74081 -83.21133 -28.04780 256.77618 -162.89058 -27.83456 NaN NaN NaN 0.00872 -157.64566 32.15919 -68.30978 -187.45015 -74.84453
43016 2.35401 NaN NaN NaN 158.65170 -83.41732 -27.98014 256.72626 -163.06726 -27.79073 NaN NaN NaN 0.16790 -157.96156 32.00886 -68.32496 -187.86374 -74.89469
43017 2.36234 NaN NaN NaN 158.63121 -83.54162 -27.95379 256.67813 -163.20065 -27.76098 NaN NaN NaN 0.29107 -158.20406 31.86695 -68.38466 -188.25272 -74.89928
43018 2.37067 NaN NaN NaN 158.58211 -83.73382 -28.01473 256.62909 -163.29982 -27.74704 NaN NaN NaN 0.45826 -158.33948 31.69621 -68.46921 -188.60852 -74.83675
43019 2.37900 NaN NaN NaN 158.56792 -83.75607 -28.01324 256.54648 -163.40335 -27.77671 NaN NaN NaN 0.67145 -158.51111 31.56570 -68.52791 -188.85158 -74.77672
43020 2.38733 NaN NaN NaN 158.51355 -83.82271 -28.03396 256.48517 -163.50290 -27.79332 NaN NaN NaN 0.81496 -158.67662 31.36812 -68.57579 -189.03427 -74.77012
43021 2.39566 NaN NaN NaN 158.41130 -83.96436 -28.03981 256.44272 -163.57942 -27.79340 NaN NaN NaN 0.97130 -158.75082 31.22672 -68.65369 -189.21690 -74.72083
43022 2.40400 NaN NaN NaN 158.33119 -84.04543 -28.12281 256.40521 -163.64339 -27.80346 NaN NaN NaN 1.19751 -158.72450 31.04931 -68.74779 -189.43628 -74.63895
43023 2.41233 NaN NaN NaN 158.28410 -84.14695 -28.18939 256.36993 -163.67456 -27.81937 NaN NaN NaN 1.43436 -158.66687 30.88385 -68.83408 -189.63211 -74.52551
43024 2.42066 NaN NaN NaN 158.20041 -84.19974 -28.27037 256.33777 -163.68903 -27.82830 NaN NaN NaN 1.59717 -158.53615 30.73626 -68.94084 -189.85248 -74.36223
43025 2.42899 NaN NaN NaN 158.12454 -84.35749 -28.41853 256.30222 -163.66922 -27.83411 NaN NaN NaN 1.69089 -158.43529 30.64728 -68.99841 -189.98392 -74.30048
43026 2.43732 NaN NaN NaN 158.08244 -84.42619 -28.51787 256.26175 -163.65036 -27.84004 NaN NaN NaN 1.76487 -158.39330 30.59763 -69.02814 -190.01080 -74.28923
43027 2.44565 NaN NaN NaN 158.06104 -84.38676 -28.56176 256.20139 -163.63289 -27.79972 NaN NaN NaN 1.82411 -158.28619 30.49955 -69.08413 -190.00023 -74.27052
43028 2.45398 NaN NaN NaN 158.03792 -84.15462 -28.60702 256.15668 -163.57787 -27.72482 NaN NaN NaN 1.86021 -158.13811 30.43486 -69.15769 -189.98975 -74.19132
43029 2.46232 NaN NaN NaN 158.08157 -83.91872 -28.62972 256.12292 -163.52942 -27.64961 NaN NaN NaN 1.89684 -158.00003 30.42005 -69.23224 -189.98442 -74.11682
43030 2.47065 NaN NaN NaN 158.05714 -83.70615 -28.71541 256.10541 -163.41104 -27.55969 NaN NaN NaN 1.88660 -157.83403 30.41801 -69.28151 -189.98747 -74.04228
43031 2.47898 NaN NaN NaN 158.08243 -83.49981 -28.75946 256.06873 -163.30989 -27.48594 NaN NaN NaN 1.84732 -157.65448 30.43863 -69.31646 -189.95221 -73.96745
43032 2.48731 NaN NaN NaN 158.07726 -83.30611 -28.79997 256.02240 -163.18335 -27.43041 NaN NaN NaN 1.79240 -157.45480 30.49639 -69.36160 -189.88943 -73.89103
43033 2.49564 NaN NaN NaN 158.11365 -83.16392 -28.76186 255.99797 -163.05463 -27.34370 NaN NaN NaN 1.76622 -157.22403 30.59883 -69.41250 -189.82591 -73.77449
43034 2.50397 NaN NaN NaN 158.13824 -83.02776 -28.76238 255.95477 -162.90685 -27.28881 NaN NaN NaN 1.71958 -156.95757 30.65263 -69.48597 -189.71999 -73.56943
43035 2.51230 NaN NaN NaN 158.17517 -82.81767 -28.73002 255.95926 -162.75902 -27.24343 NaN NaN NaN 1.71034 -156.63895 30.73599 -69.58384 -189.61301 -73.39225
43036 2.52063 NaN NaN NaN 158.24005 -82.67345 -28.66449 256.00574 -162.63869 -27.26055 NaN NaN NaN 1.73396 -156.24176 30.74687 -69.69627 -189.56128 -73.16918
43037 2.52897 NaN NaN NaN 158.31302 -82.52792 -28.59388 256.05893 -162.52083 -27.28377 NaN NaN NaN 1.81922 -155.78796 30.71689 -69.83577 -189.52060 -72.89898
43038 2.53730 NaN NaN NaN 158.35614 -82.54594 -28.57498 256.14392 -162.40393 -27.33458 NaN NaN NaN 1.94152 -155.34566 30.69691 -69.94894 -189.45840 -72.64127
43039 2.54563 NaN NaN NaN 158.52919 -82.29714 -28.44733 256.23553 -162.32697 -27.37870 NaN NaN NaN 2.08549 -154.91444 30.67447 -70.05205 -189.41499 -72.35802
43040 2.55396 NaN NaN NaN 158.61914 -82.27091 -28.36671 256.30542 -162.28256 -27.41117 NaN NaN NaN 2.25939 -154.41463 30.62991 -70.14737 -189.39429 -72.04628
43041 2.56229 NaN NaN NaN 158.70114 -82.08982 -28.26403 256.37531 -162.23349 -27.49101 NaN NaN NaN 2.49574 -153.89540 30.56719 -70.27886 -189.34682 -71.74474
43042 2.57062 NaN NaN NaN 158.76686 -82.04127 -28.22672 256.42365 -162.17171 -27.63089 NaN NaN NaN 2.76732 -153.34740 30.47562 -70.33455 -189.39027 -71.32240
43043 2.57895 NaN NaN NaN 158.84171 -81.88853 -28.10936 256.46124 -162.13142 -27.66158 NaN NaN NaN 3.02781 -152.81851 30.36789 -70.37861 -189.45404 -70.96230
43044 2.58728 NaN NaN NaN 158.86792 -81.82019 -27.92046 256.49231 -162.09181 -27.75805 NaN NaN NaN 3.29166 -152.32274 30.25081 -70.46152 -189.47211 -70.64457
43045 2.59562 NaN NaN NaN 158.90672 -81.81129 -27.84352 256.52100 -162.07404 -27.76772 NaN NaN NaN 3.59021 -151.90138 30.13213 -70.54646 -189.48848 -70.29205
43046 2.60395 NaN NaN NaN 158.92497 -81.83665 -27.71773 256.54703 -162.04778 -27.82545 NaN NaN NaN 3.73759 -151.57373 30.07119 -70.54567 -189.44936 -70.15618
43047 2.61228 NaN NaN NaN 158.93205 -81.85127 -27.63369 256.54010 -162.05083 -27.83211 NaN NaN NaN 3.85859 -151.31313 30.05717 -70.51606 -189.26956 -70.06528
43048 2.62061 NaN NaN NaN 158.92009 -81.82549 -27.60752 256.53891 -162.04898 -27.83816 NaN NaN NaN 3.99284 -151.12454 30.05235 -70.52372 -189.16508 -69.97356
43049 2.62894 NaN NaN NaN 158.90659 -81.80022 -27.61502 256.51245 -162.06190 -27.81694 NaN NaN NaN 4.07656 -150.96548 30.01224 -70.59009 -189.05110 -69.86787
43050 2.63727 NaN NaN NaN 158.87263 -81.77657 -27.62679 256.46106 -162.07927 -27.78967 NaN NaN NaN 4.13298 -150.85051 29.96587 -70.63302 -189.00755 -69.82253
43051 2.64560 NaN NaN NaN 158.80453 -81.79776 -27.57904 256.40747 -162.12079 -27.77792 NaN NaN NaN 4.21328 -150.77351 29.92318 -70.64129 -188.94266 -69.80163
43052 2.65393 NaN NaN NaN 158.77808 -81.83833 -27.56322 256.35873 -162.16954 -27.77581 NaN NaN NaN 4.24740 -150.73572 29.89192 -70.64908 -188.90358 -69.80232
43053 2.66227 NaN NaN NaN 158.76207 -81.88403 -27.56283 256.32977 -162.21805 -27.76463 NaN NaN NaN 4.27570 -150.72267 29.87998 -70.62521 -188.91071 -69.79111
43054 2.67060 NaN NaN NaN 158.76878 -81.93279 -27.52200 256.29163 -162.29967 -27.75694 NaN NaN NaN 4.30178 -150.72495 29.84139 -70.65091 -188.92410 -69.82930
43055 2.67893 NaN NaN NaN 158.72432 -82.03075 -27.49068 256.28726 -162.39850 -27.70888 NaN NaN NaN 4.37198 -150.74986 29.79316 -70.64655 -188.94025 -69.83620
43056 2.68726 NaN NaN NaN 158.72681 -82.09451 -27.49137 256.25385 -162.48582 -27.72877 NaN NaN NaN 4.44940 -150.81171 29.74231 -70.62479 -189.04608 -69.81413
43057 2.69559 NaN NaN NaN 158.70499 -82.20471 -27.44766 256.22791 -162.61292 -27.72181 NaN NaN NaN 4.51416 -150.83044 29.67140 -70.61053 -189.12727 -69.78941
43058 2.70392 NaN NaN NaN 158.62514 -82.39273 -27.42423 256.20142 -162.70557 -27.72053 NaN NaN NaN 4.59990 -150.86490 29.60677 -70.59888 -189.22012 -69.78740
43059 2.71225 NaN NaN NaN 158.58640 -82.53036 -27.45724 256.16983 -162.82060 -27.71112 NaN NaN NaN 4.72539 -150.86008 29.51756 -70.53783 -189.31227 -69.71068
43060 2.72059 NaN NaN NaN 158.54109 -82.65961 -27.48393 256.14914 -162.96980 -27.71148 NaN NaN NaN 4.88969 -150.87437 29.44080 -70.50751 -189.43462 -69.66493
43061 2.72892 NaN NaN NaN 158.55087 -82.76842 -27.50642 256.14169 -163.13655 -27.74235 NaN NaN NaN 5.03340 -150.83257 29.36978 -70.46575 -189.59813 -69.56667
43062 2.73725 NaN NaN NaN 158.51279 -82.92220 -27.50202 256.15833 -163.27046 -27.79124 NaN NaN NaN 5.16050 -150.78004 29.29489 -70.40965 -189.71863 -69.46907
43063 2.74558 NaN NaN NaN 158.49817 -83.10558 -27.49251 256.19675 -163.40930 -27.86490 NaN NaN NaN 5.30001 -150.71471 29.22243 -70.40681 -189.81081 -69.39668
43064 2.75391 NaN NaN NaN 158.49133 -83.27919 -27.48083 256.21674 -163.50517 -27.92217 NaN NaN NaN 5.44344 -150.70496 29.13292 -70.39935 -189.90224 -69.32104
43065 2.76224 NaN NaN NaN 158.49448 -83.44130 -27.42106 256.23181 -163.61263 -27.97890 NaN NaN NaN 5.54357 -150.69833 29.07842 -70.39794 -189.95027 -69.26007
43066 2.77057 NaN NaN NaN 158.50687 -83.60691 -27.38193 256.25516 -163.73656 -28.02339 NaN NaN NaN 5.63342 -150.69855 29.01414 -70.35486 -190.02400 -69.20039
43067 2.77890 NaN NaN NaN 158.48335 -83.75620 -27.36930 256.28113 -163.84819 -28.07522 NaN NaN NaN 5.72945 -150.67717 28.95127 -70.38407 -190.10716 -69.13993
43068 2.78724 NaN NaN NaN 158.46278 -83.89206 -27.35374 256.29977 -163.94427 -28.12201 NaN NaN NaN 5.83010 -150.64659 28.89403 -70.40215 -190.15649 -69.09467
43069 2.79557 NaN NaN NaN 158.45891 -83.94038 -27.34791 256.30499 -164.02599 -28.13993 NaN NaN NaN 5.93126 -150.58128 28.85841 -70.44627 -190.19202 -69.03934
43070 2.80390 NaN NaN NaN 158.44601 -84.03219 -27.32238 256.30685 -164.07481 -28.14398 NaN NaN NaN 6.03555 -150.53047 28.79890 -70.49860 -190.27200 -68.95266
43071 2.81223 NaN NaN NaN 158.44373 -84.05201 -27.32724 256.32089 -164.11156 -28.13891 NaN NaN NaN 6.11334 -150.46028 28.70148 -70.50842 -190.31638 -68.88982
43072 2.82056 NaN NaN NaN 158.42589 -84.06715 -27.31680 256.33835 -164.11208 -28.12698 NaN NaN NaN 6.15144 -150.40253 28.66409 -70.52521 -190.37750 -68.82379
43073 2.82889 NaN NaN NaN 158.41359 -84.08091 -27.32722 256.34464 -164.10907 -28.12290 NaN NaN NaN 6.20263 -150.34972 28.65641 -70.49458 -190.40430 -68.75014
43074 2.83722 NaN NaN NaN 158.42113 -84.07696 -27.30941 256.37097 -164.10236 -28.10062 NaN NaN NaN 6.23517 -150.28593 28.63225 -70.50152 -190.40733 -68.72540
43075 2.84555 NaN NaN NaN 158.43367 -84.04177 -27.32230 256.38068 -164.06361 -28.08884 NaN NaN NaN 6.29322 -150.18500 28.60966 -70.51171 -190.35469 -68.70193
43076 2.85389 NaN NaN NaN 158.44946 -84.03828 -27.30673 256.40750 -164.01749 -28.07191 NaN NaN NaN 6.37351 -150.06732 28.56358 -70.49720 -190.31627 -68.67078
43077 2.86222 NaN NaN NaN 158.50087 -83.96980 -27.28606 256.42438 -163.98412 -28.07409 NaN NaN NaN 6.41449 -149.98233 28.55527 -70.49172 -190.26074 -68.64588
43078 2.87055 NaN NaN NaN 158.50700 -83.93686 -27.26976 256.44171 -163.94679 -28.08344 NaN NaN NaN 6.45221 -149.87151 28.55505 -70.48652 -190.24718 -68.65505
43079 2.87888 NaN NaN NaN 158.54288 -83.86919 -27.25898 256.44977 -163.90388 -28.05969 NaN NaN NaN 6.47416 -149.75702 28.51739 -70.47487 -190.13635 -68.60847
43080 2.88721 NaN NaN NaN 158.58620 -83.79602 -27.24452 256.47974 -163.86507 -28.05590 NaN NaN NaN 6.50731 -149.65143 28.48535 -70.46452 -190.00702 -68.58543
43081 2.89554 NaN NaN NaN 158.62494 -83.72842 -27.23247 256.53345 -163.81493 -28.03584 NaN NaN NaN 6.55497 -149.50371 28.45017 -70.47579 -189.84898 -68.58748
43082 2.90387 NaN NaN NaN 158.64296 -83.66923 -27.22905 256.55899 -163.74321 -28.00480 NaN NaN NaN 6.58788 -149.38200 28.43298 -70.46912 -189.73495 -68.61986
43083 2.91221 NaN NaN NaN 158.66190 -83.60031 -27.19850 256.58191 -163.68149 -27.99367 NaN NaN NaN 6.63685 -149.25511 28.40022 -70.46286 -189.63322 -68.63229
43084 2.92054 NaN NaN NaN 158.66394 -83.55824 -27.14023 256.58032 -163.60892 -27.98731 NaN NaN NaN 6.67131 -149.12148 28.35904 -70.46783 -189.52725 -68.64993
43085 2.92887 NaN NaN NaN 158.67696 -83.53011 -27.10573 256.59036 -163.54602 -28.00595 NaN NaN NaN 6.72988 -148.97749 28.29724 -70.46796 -189.42441 -68.66271
43086 2.93720 NaN NaN NaN 158.69490 -83.44619 -27.06432 256.59430 -163.49683 -28.00485 NaN NaN NaN 6.76423 -148.84836 28.25028 -70.48793 -189.30849 -68.67805
43087 2.94553 NaN NaN NaN 158.70372 -83.37993 -27.02500 256.59848 -163.45226 -27.99355 NaN NaN NaN 6.78723 -148.74553 28.22310 -70.51325 -189.17650 -68.68132
43088 2.95386 NaN NaN NaN 158.70110 -83.30953 -26.99772 256.57074 -163.39717 -27.94051 NaN NaN NaN 6.77592 -148.61415 28.19406 -70.53323 -189.04073 -68.68846
43089 2.96219 NaN NaN NaN 158.67368 -83.27318 -26.97050 256.54568 -163.35194 -27.94343 NaN NaN NaN 6.78619 -148.45937 28.14553 -70.54707 -188.91418 -68.70847
43090 2.97052 NaN NaN NaN 158.67589 -83.21197 -26.95153 256.52588 -163.32108 -27.94142 NaN NaN NaN 6.78710 -148.32364 28.09951 -70.58701 -188.79858 -68.66472
43091 2.97886 NaN NaN NaN 158.65146 -83.13638 -26.93806 256.49872 -163.28200 -27.94413 NaN NaN NaN 6.78877 -148.21927 28.07400 -70.65459 -188.67680 -68.64803
43092 2.98719 NaN NaN NaN 158.62096 -83.07061 -26.88561 256.47070 -163.27695 -27.93758 NaN NaN NaN 6.79195 -148.13228 28.04569 -70.73746 -188.55612 -68.57232
43093 2.99552 NaN NaN NaN 158.59827 -83.02236 -26.84023 256.42972 -163.25786 -27.94240 NaN NaN NaN 6.80782 -148.04300 28.05238 -70.79788 -188.46428 -68.51508
43094 3.00385 NaN NaN NaN 158.59949 -82.97672 -26.87053 256.39645 -163.23001 -27.93898 NaN NaN NaN 6.79017 -147.88416 28.04511 -70.84027 -188.43208 -68.44405
43095 3.01218 NaN NaN NaN 158.58031 -82.97601 -26.84165 256.36917 -163.22212 -27.94071 NaN NaN NaN 6.79811 -147.70111 28.02743 -70.87070 -188.39612 -68.38847
43096 3.02051 NaN NaN NaN 158.56834 -82.93061 -26.86705 256.32162 -163.22224 -27.93774 NaN NaN NaN 6.77991 -147.55132 28.03226 -70.92857 -188.31541 -68.36269
43097 3.02884 NaN NaN NaN 158.54781 -82.91911 -26.84542 256.29050 -163.24452 -27.93448 NaN NaN NaN 6.77275 -147.41803 28.02526 -70.98782 -188.22873 -68.28934
43098 3.03717 NaN NaN NaN 158.52348 -82.94204 -26.83073 256.26199 -163.27348 -27.93438 NaN NaN NaN 6.79778 -147.27504 28.00346 -71.06533 -188.15657 -68.20155
43099 3.04551 NaN NaN NaN 158.55807 -82.95308 -26.80501 256.26019 -163.31116 -27.92052 NaN NaN NaN 6.85663 -147.06995 27.97243 -71.22868 -187.83627 -68.25092
43100 3.05384 NaN NaN NaN 158.58658 -82.95959 -26.78578 256.24301 -163.34807 -27.93370 NaN NaN NaN 6.93693 -146.89088 27.92658 -71.29131 -187.71497 -68.18233
43101 3.06217 NaN NaN NaN 158.60280 -82.97868 -26.76869 256.25494 -163.41603 -27.93415 NaN NaN NaN 7.00748 -146.72835 27.87187 -71.31398 -187.61284 -68.09282
43102 3.07050 NaN NaN NaN 158.60934 -83.00604 -26.75466 256.26520 -163.46584 -27.96823 NaN NaN NaN 7.04530 -146.53604 27.82365 -71.38111 -187.51498 -68.01138
43103 3.07883 NaN NaN NaN 158.60994 -83.04597 -26.72729 256.26514 -163.51921 -27.98459 NaN NaN NaN 7.14732 -146.37131 27.76762 -71.40918 -187.46495 -67.89149
43104 3.08716 NaN NaN NaN 158.63564 -83.08038 -26.67607 256.27924 -163.57187 -27.99025 NaN NaN NaN 7.26533 -146.17529 27.69720 -71.36840 -187.59579 -67.69049
43105 3.09549 NaN NaN NaN 158.63686 -83.14965 -26.65603 256.29364 -163.63786 -27.98676 NaN NaN NaN 7.36647 -145.98567 27.62502 -71.31774 -187.73077 -67.52707
43106 3.10383 NaN NaN NaN 158.65500 -83.19570 -26.62586 256.29782 -163.69788 -27.98297 NaN NaN NaN 7.46410 -145.78636 27.54278 -71.29453 -187.83995 -67.41520
43107 3.11216 NaN NaN NaN 158.72687 -83.22546 -26.54904 256.32666 -163.77554 -27.99366 NaN NaN NaN 7.52218 -145.64966 27.51603 -71.25161 -187.86035 -67.31792
43108 3.12049 NaN NaN NaN 158.77003 -83.29462 -26.47494 256.35251 -163.85274 -27.97901 NaN NaN NaN 7.59444 -145.53517 27.50165 -71.25366 -187.85310 -67.24612
43109 3.12882 NaN NaN NaN 158.85066 -83.33408 -26.39268 256.37854 -163.95358 -27.96317 NaN NaN NaN 7.66809 -145.44693 27.50811 -71.22600 -187.81490 -67.18602
43110 3.13715 NaN NaN NaN 158.87750 -83.41560 -26.31478 256.40280 -164.00989 -27.94408 NaN NaN NaN 7.73641 -145.40402 27.49668 -71.22914 -187.79034 -67.13611
43111 3.14548 NaN NaN NaN 158.91602 -83.45932 -26.25585 256.42664 -164.08167 -27.93492 NaN NaN NaN 7.81469 -145.34073 27.49152 -71.25935 -187.71992 -67.11459
43112 3.15381 NaN NaN NaN 158.94289 -83.53851 -26.16678 256.47781 -164.17374 -27.94305 NaN NaN NaN 7.89372 -145.27490 27.48611 -71.22203 -187.80019 -67.01477
43113 3.16214 NaN NaN NaN 159.04770 -83.60255 -26.09418 256.53613 -164.27490 -27.95568 NaN NaN NaN 7.92827 -145.23065 27.48505 -71.18176 -187.93776 -66.89359
43114 3.17048 NaN NaN NaN 159.13084 -83.67326 -26.03218 256.58929 -164.38394 -27.98793 NaN NaN NaN 7.95233 -145.17792 27.47612 -71.18526 -188.03726 -66.80959
43115 3.17881 NaN NaN NaN 159.21657 -83.74097 -25.96305 256.62933 -164.49965 -28.02507 NaN NaN NaN 7.95927 -145.15451 27.47042 -71.17494 -188.10783 -66.76162
43116 3.18714 NaN NaN NaN 159.23788 -83.82153 -25.89374 256.68109 -164.58415 -28.07335 NaN NaN NaN 7.98592 -145.15508 27.47260 -71.18622 -188.12985 -66.70557
43117 3.19547 NaN NaN NaN 159.25652 -83.87634 -25.83202 256.71469 -164.63568 -28.08776 NaN NaN NaN 8.03979 -145.14018 27.46042 -71.17126 -188.12709 -66.67545
43118 3.20380 NaN NaN NaN 159.31244 -83.95535 -25.76649 256.77637 -164.66470 -28.11331 NaN NaN NaN 8.07577 -145.10849 27.40997 -71.16382 -188.12396 -66.65857
43119 3.21213 NaN NaN NaN 159.40964 -83.99027 -25.76087 256.83380 -164.70020 -28.18397 NaN NaN NaN 8.10501 -145.07037 27.38184 -71.17375 -188.16428 -66.60164
43120 3.22046 NaN NaN NaN 159.45480 -84.03864 -25.72322 256.89832 -164.75684 -28.23844 NaN NaN NaN 8.16022 -145.04417 27.32307 -71.16226 -188.18140 -66.56355
43121 3.22879 NaN NaN NaN 159.51550 -84.08588 -25.71009 256.94159 -164.82532 -28.26249 NaN NaN NaN 8.21430 -144.99826 27.28460 -71.14023 -188.19019 -66.55541
43122 3.23713 NaN NaN NaN 159.55586 -84.07747 -25.71121 256.98221 -164.87674 -28.27583 NaN NaN NaN 8.26675 -144.96783 27.26824 -71.10854 -188.16522 -66.59301
43123 3.24546 NaN NaN NaN 159.60434 -84.09005 -25.68783 257.02173 -164.90964 -28.27181 NaN NaN NaN 8.33911 -144.92241 27.24850 -71.07594 -188.10478 -66.58669
43124 3.25379 NaN NaN NaN 159.63654 -84.09624 -25.66080 257.04181 -164.90535 -28.27355 NaN NaN NaN 8.39167 -144.87500 27.22211 -71.05963 -188.06294 -66.59716
43125 3.26212 NaN NaN NaN 159.65149 -84.10249 -25.65901 257.06775 -164.86342 -28.28321 NaN NaN NaN 8.43046 -144.84480 27.19736 -71.04404 -188.01367 -66.60765
43126 3.27045 NaN NaN NaN 159.66234 -84.09406 -25.65057 257.08105 -164.86687 -28.28108 NaN NaN NaN 8.44648 -144.83025 27.18044 -71.01897 -188.00092 -66.62778
43127 3.27878 NaN NaN NaN 159.68727 -84.08022 -25.63544 257.08694 -164.85049 -28.28486 NaN NaN NaN 8.48411 -144.81126 27.16389 -71.01461 -187.98503 -66.65015
43128 3.28711 NaN NaN NaN 159.71031 -84.06422 -25.62169 257.10663 -164.85449 -28.30881 NaN NaN NaN 8.48258 -144.81509 27.14259 -71.00690 -187.95763 -66.68233
43129 3.29544 NaN NaN NaN 159.69225 -84.07610 -25.60139 257.12445 -164.85341 -28.30030 NaN NaN NaN 8.47435 -144.80727 27.13375 -71.00875 -187.96518 -66.66731
43130 3.30378 NaN NaN NaN 159.71082 -84.07561 -25.55235 257.12000 -164.86055 -28.31759 NaN NaN NaN 8.45922 -144.78442 27.15037 -71.01276 -187.92906 -66.68901
43131 3.31211 NaN NaN NaN 159.70886 -84.05429 -25.55149 257.11523 -164.85498 -28.30216 NaN NaN NaN 8.44504 -144.78246 27.16013 -71.03075 -187.89763 -66.71011
43132 3.32044 NaN NaN NaN 159.71004 -84.05668 -25.53769 257.12418 -164.86205 -28.31731 NaN NaN NaN 8.42690 -144.79054 27.17645 -71.05228 -187.83017 -66.73601
43133 3.32877 NaN NaN NaN 159.71594 -84.04206 -25.48160 257.12195 -164.85364 -28.30788 NaN NaN NaN 8.39587 -144.78064 27.17909 -71.07085 -187.80266 -66.74989
43134 3.33710 NaN NaN NaN 159.73276 -84.00849 -25.43818 257.12726 -164.85837 -28.32400 NaN NaN NaN 8.35947 -144.77403 27.18428 -71.09817 -187.76843 -66.75156
43135 3.34543 NaN NaN NaN 159.76361 -83.96664 -25.43971 257.12372 -164.85364 -28.31343 NaN NaN NaN 8.33167 -144.78023 27.19045 -71.14101 -187.72287 -66.78812
43136 3.35376 NaN NaN NaN 159.77699 -83.94725 -25.43305 257.13412 -164.85564 -28.32679 NaN NaN NaN 8.32077 -144.77309 27.18550 -71.13460 -187.69504 -66.79556
43137 3.36210 NaN NaN NaN 159.75774 -83.93738 -25.44261 257.13116 -164.84352 -28.32059 NaN NaN NaN 8.31307 -144.76886 27.18903 -71.13762 -187.68071 -66.81277
43138 3.37043 NaN NaN NaN 159.76743 -83.92027 -25.42712 257.12888 -164.83519 -28.33060 NaN NaN NaN 8.27517 -144.77818 27.17844 -71.15240 -187.64328 -66.84109
43139 3.37876 NaN NaN NaN 159.80284 -83.90761 -25.37108 257.13736 -164.82135 -28.32353 NaN NaN NaN 8.26666 -144.78352 27.18157 -71.19774 -187.59315 -66.89729
43140 3.38709 NaN NaN NaN 159.82504 -83.85382 -25.33953 257.13812 -164.80420 -28.33194 NaN NaN NaN 8.23892 -144.76524 27.16819 -71.20500 -187.52380 -66.93786
43141 3.39542 NaN NaN NaN 159.83022 -83.83488 -25.31831 257.12134 -164.78633 -28.32039 NaN NaN NaN 8.22968 -144.75269 27.17725 -71.20689 -187.45258 -66.96392
43142 3.40375 NaN NaN NaN 159.81218 -83.79697 -25.32634 257.10980 -164.77417 -28.31036 NaN NaN NaN 8.22356 -144.71858 27.16540 -71.21672 -187.41479 -66.96566
43143 3.41208 NaN NaN NaN 159.80252 -83.77144 -25.32416 257.09616 -164.72513 -28.29054 NaN NaN NaN 8.20845 -144.68971 27.17243 -71.23605 -187.38625 -66.95503
43144 3.42041 NaN NaN NaN 159.77397 -83.73473 -25.33214 257.06870 -164.66203 -28.25587 NaN NaN NaN 8.21364 -144.66287 27.15914 -71.26303 -187.29893 -66.99817
43145 3.42875 NaN NaN NaN 159.76659 -83.70706 -25.34896 257.03903 -164.61478 -28.23808 NaN NaN NaN 8.20531 -144.62396 27.15388 -71.30911 -187.19682 -67.04018
43146 3.43708 NaN NaN NaN 159.74316 -83.67533 -25.35846 257.00537 -164.56514 -28.23222 NaN NaN NaN 8.20386 -144.61412 27.14337 -71.37157 -187.07997 -67.06391
43147 3.44541 NaN NaN NaN 159.72929 -83.64094 -25.38414 256.97784 -164.52675 -28.21316 NaN NaN NaN 8.19561 -144.59053 27.14325 -71.40676 -186.99275 -67.10468
43148 3.45374 NaN NaN NaN 159.71623 -83.60384 -25.40134 256.93631 -164.51285 -28.18191 NaN NaN NaN 8.18302 -144.58455 27.13141 -71.38755 -187.07341 -67.05131
43149 3.46207 NaN NaN NaN 159.74762 -83.56128 -25.45814 256.93173 -164.50734 -28.16403 NaN NaN NaN 8.18076 -144.56842 27.13463 -71.40389 -186.99725 -67.08594
