Frame# Time LH1 LH2 LH3 RH1 RH2 RH3
X54 Y54 Z54 X55 Y55 Z55 X56 Y56 Z56 X57 Y57 Z57 X58 Y58 Z58 X59 Y59 Z59
35881 0.00019 NaN NaN NaN 237.38724 -201.52046 13.82017 NaN NaN NaN NaN NaN NaN 24.24324 -240.94733 -7.42202 -92.59033 -279.29395 -51.00734
35882 0.00852 NaN NaN NaN 237.39574 -201.53062 13.82191 NaN NaN NaN NaN NaN NaN 24.30737 -240.81146 -7.47737 -92.58358 -279.20938 -50.84578
35883 0.01685 NaN NaN NaN 237.40289 -201.52634 13.81040 NaN NaN NaN NaN NaN NaN 24.34851 -240.70229 -7.51202 -92.60730 -279.13663 -50.69795
35884 0.02518 NaN NaN NaN 237.41754 -201.51405 13.80405 NaN NaN NaN NaN NaN NaN 24.35572 -240.64484 -7.50359 -92.64385 -279.02768 -50.62004
35885 0.03352 NaN NaN NaN 237.42203 -201.50894 13.80495 NaN NaN NaN NaN NaN NaN 24.35244 -240.60362 -7.53524 -92.65320 -278.93161 -50.61343
35886 0.04185 NaN NaN NaN 237.41891 -201.51802 13.80254 NaN NaN NaN NaN NaN NaN 24.39291 -240.52394 -7.60347 -92.72536 -278.83234 -50.55901
35887 0.05018 NaN NaN NaN 237.41399 -201.50809 13.79195 NaN NaN NaN NaN NaN NaN 24.38441 -240.49266 -7.67416 -92.80850 -278.75531 -50.45145
35888 0.05851 NaN NaN NaN 237.40829 -201.50533 13.79620 NaN NaN NaN NaN NaN NaN 24.31391 -240.47531 -7.69260 -92.93415 -278.69305 -50.34613
35889 0.06684 NaN NaN NaN 237.40009 -201.48892 13.78850 NaN NaN NaN NaN NaN NaN 24.19930 -240.48645 -7.59516 -93.09691 -278.67554 -50.23536
35890 0.07517 NaN NaN NaN 237.39182 -201.47293 13.77454 NaN NaN NaN NaN NaN NaN 24.05861 -240.44838 -7.46039 -93.20433 -278.60931 -50.17696
35891 0.08350 NaN NaN NaN 237.37943 -201.45406 13.74572 NaN NaN NaN NaN NaN NaN 23.98838 -240.36598 -7.35272 -93.28199 -278.52036 -50.08165
35892 0.09184 NaN NaN NaN 237.37610 -201.42709 13.73483 NaN NaN NaN NaN NaN NaN 23.92540 -240.24687 -7.24796 -93.31117 -278.40024 -50.03518
35893 0.10017 NaN NaN NaN 237.37312 -201.40451 13.73663 NaN NaN NaN NaN NaN NaN 23.90256 -240.13673 -7.15386 -93.30978 -278.23169 -50.04491
35894 0.10850 NaN NaN NaN 237.34128 -201.37056 13.72223 NaN NaN NaN NaN NaN NaN 23.88256 -239.92296 -7.03526 -93.30552 -278.02335 -50.01995
35895 0.11683 NaN NaN NaN 237.31787 -201.33162 13.71813 NaN NaN NaN NaN NaN NaN 23.94864 -239.67566 -6.96242 -93.23141 -277.77676 -49.97657
35896 0.12516 NaN NaN NaN 237.31032 -201.30296 13.69969 NaN NaN NaN NaN NaN NaN 24.07402 -239.34315 -7.00626 -93.09238 -277.50272 -49.94745
35897 0.13349 NaN NaN NaN 237.28702 -201.24455 13.68478 NaN NaN NaN NaN NaN NaN 24.24950 -238.94748 -7.07778 -92.93556 -277.21082 -49.86673
35898 0.14182 NaN NaN NaN 237.26295 -201.20946 13.68958 NaN NaN NaN NaN NaN NaN 24.49985 -238.50665 -7.23985 -92.77168 -276.91071 -49.73204
35899 0.15015 NaN NaN NaN 237.23944 -201.14861 13.68436 NaN NaN NaN NaN NaN NaN 24.74161 -237.99086 -7.42211 -92.55882 -276.61258 -49.51473
35900 0.15849 NaN NaN NaN 237.23819 -201.09618 13.69244 NaN NaN NaN NaN NaN NaN 25.04213 -237.38521 -7.66497 -92.35886 -276.29776 -49.20384
35901 0.16682 NaN NaN NaN 237.23135 -201.04643 13.70282 NaN NaN NaN NaN NaN NaN 25.40352 -236.78056 -7.92508 -92.11946 -276.00504 -48.84361
35902 0.17515 NaN NaN NaN 237.23941 -201.03386 13.70806 NaN NaN NaN NaN NaN NaN 25.75935 -236.14935 -8.16526 -91.85603 -275.76108 -48.43429
35903 0.18348 NaN NaN NaN 237.24460 -201.00522 13.72419 NaN NaN NaN NaN NaN NaN 26.08701 -235.49074 -8.36511 -91.62861 -275.39880 -48.00545
35904 0.19181 NaN NaN NaN 237.28069 -200.95804 13.74610 NaN NaN NaN NaN NaN NaN 26.41688 -234.83333 -8.49857 -91.35143 -275.05505 -47.62906
35905 0.20014 NaN NaN NaN 237.29095 -200.93039 13.74682 NaN NaN NaN NaN NaN NaN 26.68777 -234.21063 -8.60175 -91.13618 -274.70770 -47.35184
35906 0.20847 NaN NaN NaN 237.29758 -200.91196 13.76060 NaN NaN NaN NaN NaN NaN 26.94371 -233.63814 -8.59006 -90.93413 -274.35098 -47.17756
35907 0.21680 NaN NaN NaN 237.29002 -200.88789 13.76732 NaN NaN NaN NaN NaN NaN 27.13642 -233.10942 -8.58185 -90.68015 -273.99026 -47.02465
35908 0.22514 NaN NaN NaN 237.29060 -200.88934 13.77051 NaN NaN NaN NaN NaN NaN 27.29615 -232.66757 -8.50873 -90.48060 -273.64523 -46.90769
35909 0.23347 NaN NaN NaN 237.31017 -200.89615 13.78345 NaN NaN NaN NaN NaN NaN 27.40599 -232.26050 -8.38171 -90.30430 -273.30634 -46.75982
35910 0.24180 NaN NaN NaN 237.29924 -200.90428 13.77419 NaN NaN NaN NaN NaN NaN 27.48958 -231.87746 -8.17044 -90.18328 -273.00516 -46.64552
35911 0.25013 NaN NaN NaN 237.30507 -200.90237 13.78018 NaN NaN NaN NaN NaN NaN 27.55918 -231.49559 -7.96411 -90.07951 -272.69815 -46.49847
35912 0.25846 NaN NaN NaN 237.29318 -200.89566 13.78184 NaN NaN NaN NaN NaN NaN 27.59587 -231.13092 -7.72075 -90.02522 -272.44916 -46.31538
35913 0.26679 NaN NaN NaN 237.29659 -200.86856 13.80736 NaN NaN NaN NaN NaN NaN 27.56585 -230.84290 -7.46262 -89.97246 -272.17645 -46.12403
35914 0.27512 NaN NaN NaN 237.28543 -200.85585 13.78534 NaN NaN NaN NaN NaN NaN 27.54720 -230.53902 -7.16808 -89.97585 -271.90485 -45.91949
35915 0.28346 NaN NaN NaN 237.25937 -200.82320 13.78591 NaN NaN NaN NaN NaN NaN 27.49228 -230.27516 -6.87207 -90.00505 -271.69638 -45.75082
35916 0.29179 NaN NaN NaN 237.24765 -200.78954 13.76750 NaN NaN NaN NaN NaN NaN 27.39745 -230.00432 -6.61022 -90.06416 -271.42874 -45.59261
35917 0.30012 NaN NaN NaN 237.24347 -200.74860 13.75576 NaN NaN NaN NaN NaN NaN 27.30457 -229.77509 -6.35369 -90.09569 -271.13971 -45.38968
35918 0.30845 NaN NaN NaN 237.24641 -200.68408 13.74139 NaN NaN NaN NaN NaN NaN 27.24004 -229.48758 -6.09037 -90.12811 -270.85724 -45.23119
35919 0.31678 NaN NaN NaN 237.22636 -200.60727 13.74180 NaN NaN NaN NaN NaN NaN 27.20046 -229.23061 -5.92487 -90.18976 -270.53467 -45.11201
35920 0.32511 NaN NaN NaN 237.24310 -200.52310 13.73553 NaN NaN NaN NaN NaN NaN 27.14334 -228.98140 -5.73728 -90.25172 -270.28387 -44.95304
35921 0.33344 NaN NaN NaN 237.24847 -200.41162 13.80148 NaN NaN NaN NaN NaN NaN 27.06638 -228.75432 -5.50477 -90.35968 -270.01144 -44.74989
35922 0.34177 NaN NaN NaN 237.26227 -200.31696 13.81340 NaN NaN NaN NaN NaN NaN 26.97557 -228.56998 -5.20035 -90.43776 -269.75592 -44.53993
35923 0.35011 NaN NaN NaN 237.28569 -200.28389 13.88091 NaN NaN NaN NaN NaN NaN 26.99091 -228.41621 -5.22540 -90.47462 -269.46268 -44.52610
35924 0.35844 NaN NaN NaN 237.29437 -200.24631 13.88893 NaN NaN NaN NaN NaN NaN 27.20575 -228.25883 -5.68413 -90.60633 -269.14240 -44.16706
35925 0.36677 NaN NaN NaN 237.32054 -200.17300 13.95997 NaN NaN NaN NaN NaN NaN 27.24992 -228.41406 -6.13402 -91.22239 -268.90543 -42.95514
35926 0.37510 NaN NaN NaN 237.35825 -200.10277 13.98223 NaN NaN NaN NaN NaN NaN 26.77312 -229.00964 -5.83253 -92.25505 -268.91006 -41.63845
35927 0.38343 NaN NaN NaN 237.35402 -200.01520 14.02651 NaN NaN NaN NaN NaN NaN 25.69395 -230.04108 -4.65978 -93.60213 -269.09601 -40.45243
35928 0.39176 NaN NaN NaN 237.33881 -199.95343 14.03328 NaN NaN NaN NaN NaN NaN 24.25048 -231.29269 -2.88016 -95.19650 -269.33682 -39.30432
35929 0.40009 NaN NaN NaN 237.29465 -199.87299 14.03777 NaN NaN NaN NaN NaN NaN 22.58379 -232.68498 -0.82168 -96.95898 -269.53192 -38.16125
35930 0.40842 NaN NaN NaN 237.26347 -199.75565 14.04325 NaN NaN NaN NaN NaN NaN 20.67925 -233.99173 1.26376 -98.86195 -269.59183 -37.06983
35931 0.41676 NaN NaN NaN 237.24431 -199.58864 14.04067 NaN NaN NaN NaN NaN NaN 18.65656 -235.19456 3.40954 -100.85609 -269.59073 -36.23038
35932 0.42509 NaN NaN NaN 237.21199 -199.43188 14.05490 NaN NaN NaN NaN NaN NaN 16.44284 -236.39746 5.70115 -102.93072 -269.62592 -35.62390
35933 0.43342 NaN NaN NaN 237.18762 -199.24190 14.05973 NaN NaN NaN NaN NaN NaN 14.09005 -237.57574 8.09465 -104.98209 -269.70013 -35.44166
35934 0.44175 NaN NaN NaN 237.10789 -199.03882 14.05044 NaN NaN NaN NaN NaN NaN 11.58654 -238.68182 10.56162 -106.75307 -269.45636 -35.66465
35935 0.45008 NaN NaN NaN 237.05385 -198.80641 14.07528 NaN NaN NaN NaN NaN NaN 8.98096 -239.66582 13.11774 -108.40466 -269.08908 -36.15998
35936 0.45841 NaN NaN NaN 236.97781 -198.57329 14.10508 NaN NaN NaN NaN NaN NaN 6.39676 -240.47008 15.61479 -109.86602 -268.62683 -36.81807
35937 0.46674 NaN NaN NaN 236.88252 -198.32886 14.13485 NaN NaN NaN NaN NaN NaN 3.84884 -241.04767 18.05746 -111.19003 -268.12500 -37.56052
35938 0.47508 NaN NaN NaN 236.76999 -198.06477 14.18302 NaN NaN NaN NaN NaN NaN 1.45754 -241.47719 20.42943 -112.26595 -267.64438 -38.28113
35939 0.48341 NaN NaN NaN 236.62212 -197.78558 14.19890 NaN NaN NaN NaN NaN NaN -0.73562 -241.71880 22.57842 -113.15179 -267.17560 -38.88284
35940 0.49174 NaN NaN NaN 236.44841 -197.47414 14.27124 NaN NaN NaN NaN NaN NaN -2.71969 -241.73199 24.55646 -113.88461 -266.72412 -39.36875
35941 0.50007 NaN NaN NaN 236.27315 -197.16751 14.37536 NaN NaN NaN NaN NaN NaN -4.53240 -241.52437 26.31866 -114.46680 -266.22495 -39.78069
35942 0.50840 NaN NaN NaN 236.08701 -196.87454 14.50493 NaN NaN NaN NaN NaN NaN -6.12948 -241.11189 27.97700 -114.86957 -265.69247 -40.03348
35943 0.51673 NaN NaN NaN 235.91599 -196.51665 14.73840 NaN NaN NaN NaN NaN NaN -7.54842 -240.42322 29.62465 -115.11688 -265.14526 -40.20250
35944 0.52506 NaN NaN NaN 235.72691 -196.14409 15.04237 NaN NaN NaN NaN NaN NaN -8.80341 -239.62494 31.24406 -115.19108 -264.52985 -40.29231
35945 0.53339 NaN NaN NaN 235.55809 -195.79143 15.41766 NaN NaN NaN NaN NaN NaN -9.83897 -238.61313 32.84611 -115.01980 -263.86835 -40.27592
35946 0.54173 NaN NaN NaN 235.38782 -195.35165 15.86941 NaN NaN NaN NaN NaN NaN -10.65643 -237.36925 34.46904 -114.64842 -263.17603 -40.13738
35947 0.55006 NaN NaN NaN 235.18898 -194.90334 16.40121 NaN NaN NaN NaN NaN NaN -11.26117 -235.97595 36.13881 -114.04482 -262.43576 -39.88049
35948 0.55839 NaN NaN NaN 234.98409 -194.36542 16.99615 NaN NaN NaN NaN NaN NaN -11.68820 -234.40199 37.85443 -113.21556 -261.67758 -39.59150
35949 0.56672 NaN NaN NaN 234.79617 -193.74971 17.66723 NaN NaN NaN NaN NaN NaN -11.97701 -232.71927 39.62991 -112.16115 -260.89688 -39.19960
35950 0.57505 NaN NaN NaN 234.56200 -193.09531 18.35822 NaN NaN NaN NaN NaN NaN -12.12219 -231.00107 41.48124 -110.89854 -260.03879 -38.81780
35951 0.58338 NaN NaN NaN 234.25211 -192.31522 19.11394 NaN NaN NaN NaN NaN NaN -12.17374 -229.20206 43.31464 -109.50426 -259.16144 -38.43731
35952 0.59171 NaN NaN NaN 233.90950 -191.47385 19.84374 NaN NaN NaN NaN NaN NaN -12.11804 -227.33136 45.11678 -108.00503 -258.29248 -37.92846
35953 0.60004 NaN NaN NaN 233.47223 -190.54666 20.53178 332.30099 -208.66420 -49.79424 NaN NaN NaN -11.96656 -225.46240 46.91243 -106.37852 -257.37442 -37.30161
35954 0.60838 NaN NaN NaN 232.99483 -189.60341 21.27054 331.60416 -209.38066 -48.56698 NaN NaN NaN -11.65690 -223.53329 48.75346 -104.73875 -256.54974 -36.54919
35955 0.61671 NaN NaN NaN 232.42583 -188.58272 22.00628 330.97806 -209.87004 -47.64902 NaN NaN NaN -11.24056 -221.58539 50.45996 -103.15855 -255.78244 -35.69413
35956 0.62504 NaN NaN NaN 231.79726 -187.43912 22.76240 329.89734 -209.99541 -46.60970 NaN NaN NaN -10.71315 -219.65965 52.16868 -101.54787 -255.01688 -34.66582
35957 0.63337 NaN NaN NaN 231.07410 -186.27818 23.49499 329.49142 -209.53586 -46.06381 NaN NaN NaN -10.06300 -217.69876 53.80149 -99.98932 -254.35823 -33.49439
35958 0.64170 NaN NaN NaN 230.28976 -185.15628 24.18557 328.78363 -209.67923 -45.42506 NaN NaN NaN -9.36204 -215.74585 55.30881 -98.57714 -254.05356 -32.18307
35959 0.65003 NaN NaN NaN 229.48068 -183.94681 24.84145 328.09363 -209.39751 -44.89629 NaN NaN NaN -8.57950 -213.79533 56.72253 -96.94978 -253.44373 -30.87653
35960 0.65836 NaN NaN NaN 228.70338 -182.79053 25.51235 328.01843 -208.63162 -44.29214 NaN NaN NaN -7.71528 -211.85820 58.15016 -95.27350 -252.63612 -29.59940
35961 0.66669 NaN NaN NaN 227.90373 -181.56052 26.20635 327.66489 -207.90004 -43.77177 NaN NaN NaN -6.80856 -209.91035 59.57774 -93.73285 -252.03648 -28.23082
35962 0.67503 NaN NaN NaN 227.12144 -180.32831 26.84154 327.32755 -207.07262 -43.41845 NaN NaN NaN -5.87092 -208.00247 60.78799 -92.27942 -251.44426 -26.74551
35963 0.68336 NaN NaN NaN 226.36484 -179.08409 27.51021 326.88419 -206.33322 -43.07631 NaN NaN NaN -4.87884 -206.08229 62.15104 -90.95531 -251.12277 -25.04593
35964 0.69169 NaN NaN NaN 225.60802 -177.77933 28.17719 326.20178 -205.73508 -42.45563 NaN NaN NaN -3.95369 -204.14226 63.39547 -89.52432 -250.64993 -23.52270
35965 0.70002 NaN NaN NaN 224.88232 -176.48735 28.75200 325.42419 -205.26198 -41.54394 NaN NaN NaN -3.10569 -202.25967 64.71450 -87.99406 -249.96614 -22.15949
35966 0.70835 NaN NaN NaN 224.17767 -175.18639 29.27476 324.74646 -204.76424 -40.78781 NaN NaN NaN -2.36211 -200.47925 65.94736 -86.46652 -249.25906 -20.89252
35967 0.71668 NaN NaN NaN 223.46170 -173.88583 29.84717 324.03781 -204.20660 -40.18312 NaN NaN NaN -1.67667 -198.64151 67.17087 -85.02840 -248.57599 -19.81897
35968 0.72501 NaN NaN NaN 222.78427 -172.56758 30.46966 323.33432 -203.58786 -39.55604 NaN NaN NaN -1.08586 -196.88254 68.26407 -83.65108 -247.86858 -18.87967
35969 0.73335 NaN NaN NaN 222.17363 -171.19733 30.99625 322.56238 -202.92960 -38.94506 NaN NaN NaN -0.50495 -195.11192 69.27660 -82.16048 -247.12036 -18.02852
35970 0.74168 NaN NaN NaN 221.56740 -169.87579 31.46481 321.78244 -202.26170 -38.37883 NaN NaN NaN 0.03333 -193.26683 70.32592 -80.73765 -246.36548 -17.18636
35971 0.75001 NaN NaN NaN 220.98203 -168.53505 31.94274 321.07233 -201.35341 -37.76319 NaN NaN NaN 0.55534 -191.45514 71.28703 -79.36073 -245.52180 -16.46142
35972 0.75834 NaN NaN NaN 220.43445 -167.12598 32.49618 320.35513 -200.63562 -37.26115 NaN NaN NaN 1.03416 -189.62100 72.19240 -78.03128 -244.64803 -15.77775
35973 0.76667 NaN NaN NaN 219.93532 -165.67084 33.00595 319.61792 -199.95050 -36.84079 NaN NaN NaN 1.40096 -187.78519 73.04896 -76.75803 -243.72583 -15.11533
35974 0.77500 NaN NaN NaN 219.39629 -164.21770 33.36932 318.87393 -199.29440 -36.38798 NaN NaN NaN 1.79542 -185.97295 73.88003 -75.48219 -242.71167 -14.47613
35975 0.78333 NaN NaN NaN 218.84592 -162.72238 33.70126 318.11572 -198.64894 -35.95169 NaN NaN NaN 2.20120 -184.21129 74.69334 -74.29804 -241.70398 -13.85147
35976 0.79166 NaN NaN NaN 218.27081 -161.21771 33.96761 317.38239 -197.93842 -35.49498 NaN NaN NaN 2.56537 -182.43382 75.35699 -73.15955 -240.65320 -13.36798
35977 0.80000 NaN NaN NaN 217.67027 -159.70381 34.19164 316.65097 -197.20909 -35.06578 NaN NaN NaN 2.91491 -180.58438 75.92830 -72.11768 -239.55849 -12.88591
35978 0.80833 NaN NaN NaN 217.04306 -158.21309 34.38164 315.90906 -196.43065 -34.63758 NaN NaN NaN 3.33327 -178.80115 76.40957 -71.18047 -238.41922 -12.37900
35979 0.81666 NaN NaN NaN 216.45314 -156.73152 34.47027 315.15182 -195.65933 -34.17956 NaN NaN NaN 3.77553 -176.96951 76.87766 -70.31714 -237.25516 -11.84823
35980 0.82499 NaN NaN NaN 215.83340 -155.21832 34.59665 314.49463 -194.89111 -33.70407 NaN NaN NaN 4.26977 -175.15596 77.13862 -69.49696 -236.08766 -11.44453
35981 0.83332 NaN NaN NaN 215.19951 -153.76282 34.62177 313.88568 -194.19096 -33.28044 NaN NaN NaN 4.76361 -173.29039 77.31790 -68.68375 -235.06511 -11.05595
35982 0.84165 NaN NaN NaN 214.54922 -152.36978 34.62474 313.28696 -193.53123 -32.77896 NaN NaN NaN 5.25405 -171.39705 77.39681 -67.89024 -233.94720 -10.70842
35983 0.84998 NaN NaN NaN 213.94125 -150.98105 34.59230 312.73315 -192.92633 -32.25132 NaN NaN NaN 5.80857 -169.46365 77.38038 -67.02055 -232.59712 -10.50361
35984 0.85831 NaN NaN NaN 213.27383 -149.66908 34.49600 312.11835 -192.41292 -31.79041 NaN NaN NaN 6.36429 -167.54008 77.21254 -66.16538 -231.13155 -10.42868
35985 0.86665 NaN NaN NaN 212.61493 -148.43172 34.37022 311.55103 -191.90892 -31.40594 NaN NaN NaN 6.91926 -165.57494 76.93698 -65.26956 -229.70560 -10.54368
35986 0.87498 NaN NaN NaN 211.99266 -147.21016 34.25185 310.94843 -191.40074 -31.00122 NaN NaN NaN 7.53067 -163.66762 76.62886 -64.38661 -228.30260 -10.72066
35987 0.88331 NaN NaN NaN 211.42227 -146.09074 34.07912 310.34137 -190.94649 -30.73362 NaN NaN NaN 8.13905 -161.72231 76.28358 -63.50764 -226.91945 -10.96574
35988 0.89164 NaN NaN NaN 210.83539 -145.03516 33.90754 309.67252 -190.45628 -30.56852 NaN NaN NaN 8.71028 -159.79417 75.76054 -62.64858 -225.58289 -11.26082
35989 0.89997 NaN NaN NaN 210.25018 -144.00391 33.72791 308.99472 -190.02982 -30.44731 NaN NaN NaN 9.25571 -157.86948 75.19200 -61.83836 -224.20395 -11.59253
35990 0.90830 NaN NaN NaN 209.64664 -143.05417 33.49196 308.29697 -189.64026 -30.42627 NaN NaN NaN 9.84983 -155.94145 74.59555 -61.03618 -222.82193 -11.94786
35991 0.91663 NaN NaN NaN 209.08047 -142.10608 33.24195 307.56882 -189.27916 -30.48584 NaN NaN NaN 10.44109 -154.00797 73.94933 -60.28035 -221.40747 -12.37308
35992 0.92497 NaN NaN NaN 208.49535 -141.26901 32.99099 306.84387 -188.94263 -30.52120 NaN NaN NaN 11.06287 -152.15321 73.23367 -59.49705 -219.99388 -12.81633
35993 0.93330 NaN NaN NaN 207.88428 -140.44095 32.72239 306.09943 -188.63069 -30.56167 NaN NaN NaN 11.67493 -150.29346 72.50925 -58.78156 -218.59680 -13.29824
35994 0.94163 NaN NaN NaN 207.29295 -139.65427 32.47644 305.38895 -188.39925 -30.61170 NaN NaN NaN 12.32639 -148.41232 71.75396 -58.05048 -217.19833 -13.71803
35995 0.94996 NaN NaN NaN 206.65224 -138.82794 32.14198 304.68466 -188.15361 -30.59908 NaN NaN NaN 13.08263 -146.53981 70.88178 -57.39252 -215.86362 -14.09906
35996 0.95829 NaN NaN NaN 205.99994 -138.00458 31.74507 304.00656 -187.92509 -30.57903 NaN NaN NaN 13.85711 -144.69200 69.96614 -56.70406 -214.53670 -14.57126
35997 0.96662 NaN NaN NaN 205.27435 -137.26056 31.40096 303.29559 -187.73506 -30.52968 NaN NaN NaN 14.64109 -142.83942 69.04182 -56.00084 -213.19954 -14.89809
35998 0.97495 NaN NaN NaN 204.64079 -136.53462 31.08955 302.60614 -187.53111 -30.47787 NaN NaN NaN 15.48039 -141.03252 68.06541 -55.37295 -211.92159 -15.22363
35999 0.98328 NaN NaN NaN 204.02464 -135.87781 30.76197 301.94205 -187.36266 -30.46836 NaN NaN NaN 16.27222 -139.26111 67.17606 -54.75989 -210.66995 -15.59680
36000 0.99162 NaN NaN NaN 203.43701 -135.28360 30.47752 301.27652 -187.21785 -30.51056 NaN NaN NaN 17.01111 -137.53075 66.22868 -54.13405 -209.46686 -16.01867
36001 0.99995 NaN NaN NaN 202.85814 -134.71451 30.20490 300.60254 -187.09544 -30.54216 NaN NaN NaN 17.72094 -135.89119 65.29745 -53.46952 -208.27319 -16.43155
36002 1.00828 NaN NaN NaN 202.30479 -134.17633 29.92892 299.93408 -186.99736 -30.61860 NaN NaN NaN 18.41134 -134.32077 64.45077 -52.77689 -207.11957 -16.88150
36003 1.01661 NaN NaN NaN 201.76938 -133.74817 29.72630 299.30414 -186.87016 -30.74862 NaN NaN NaN 19.11949 -132.85001 63.67138 -52.09253 -205.96632 -17.39823
36004 1.02494 NaN NaN NaN 201.27687 -133.34508 29.51278 298.68866 -186.74599 -30.86655 NaN NaN NaN 19.74565 -131.43448 62.98984 -51.40710 -204.85341 -17.93963
36005 1.03327 NaN NaN NaN 200.83540 -132.92641 29.30989 298.11282 -186.64374 -30.98150 NaN NaN NaN 20.32567 -130.07196 62.31078 -50.69559 -203.76508 -18.49448
36006 1.04160 NaN NaN NaN 200.36972 -132.56281 29.11764 297.53922 -186.57149 -31.13002 NaN NaN NaN 20.90368 -128.78786 61.70698 -49.95774 -202.64671 -19.05766
36007 1.04993 NaN NaN NaN 199.88791 -132.18991 28.89931 296.97379 -186.46768 -31.22358 NaN NaN NaN 21.46252 -127.46632 61.08128 -49.22056 -201.52908 -19.68321
36008 1.05827 NaN NaN NaN 199.42168 -131.82835 28.61212 296.48767 -186.36543 -31.30780 NaN NaN NaN 22.05097 -126.23175 60.54078 -48.46494 -200.41585 -20.21166
36009 1.06660 NaN NaN NaN 198.95367 -131.46739 28.31719 296.03241 -186.24080 -31.32523 NaN NaN NaN 22.65452 -125.00567 59.94904 -47.74812 -199.36864 -20.70266
36010 1.07493 NaN NaN NaN 198.50551 -131.17476 27.99926 295.63477 -186.14137 -31.28399 NaN NaN NaN 23.18782 -123.76099 59.38188 -47.09890 -198.36281 -21.15409
36011 1.08326 NaN NaN NaN 198.07550 -130.78732 27.61409 295.35587 -186.06592 -31.20075 NaN NaN NaN 23.68107 -122.60509 58.90773 -46.42757 -197.42752 -21.56021
36012 1.09159 NaN NaN NaN 197.59209 -130.43448 27.14565 295.08105 -185.99101 -31.11116 NaN NaN NaN 24.07534 -121.45064 58.55260 -45.79356 -196.46977 -22.00500
36013 1.09992 NaN NaN NaN 197.13669 -130.08752 26.64697 294.87537 -185.95302 -31.03205 NaN NaN NaN 24.48882 -120.38461 58.22742 -45.22717 -195.48569 -22.43912
36014 1.10825 NaN NaN NaN 196.80898 -129.77991 26.13008 294.71503 -185.96964 -30.97562 NaN NaN NaN 24.86855 -119.34469 57.90136 -44.66899 -194.55414 -22.77327
36015 1.11659 NaN NaN NaN 196.56766 -129.55157 25.66545 294.58594 -185.93341 -31.01544 NaN NaN NaN 25.27574 -118.30051 57.55400 -44.15129 -193.67029 -23.04674
36016 1.12492 NaN NaN NaN 196.45503 -129.39543 25.29351 294.47653 -185.92522 -31.16391 NaN NaN NaN 25.66373 -117.21972 57.20481 -43.72988 -192.80750 -23.23982
36017 1.13325 NaN NaN NaN 196.42393 -129.33315 25.00865 294.42429 -185.94868 -31.40744 NaN NaN NaN 26.07045 -116.16184 56.91959 -43.35112 -191.97423 -23.39744
36018 1.14158 NaN NaN NaN 196.40575 -129.30940 24.72123 294.39246 -185.90527 -31.70596 NaN NaN NaN 26.45369 -115.17840 56.58823 -43.00475 -191.13170 -23.52144
36019 1.14991 NaN NaN NaN 196.40991 -129.32832 24.44660 294.38593 -185.89703 -32.05257 NaN NaN NaN 26.80243 -114.21317 56.23861 -42.68764 -190.30963 -23.67132
36020 1.15824 NaN NaN NaN 196.41826 -129.29071 24.10850 294.40085 -185.87993 -32.37120 NaN NaN NaN 27.14108 -113.29779 55.86909 -42.49030 -189.48447 -23.80284
36021 1.16657 NaN NaN NaN 196.40544 -129.20882 23.79035 294.38214 -185.84824 -32.61087 NaN NaN NaN 27.43438 -112.40178 55.49963 -42.31606 -188.74426 -23.96815
36022 1.17490 NaN NaN NaN 196.31070 -129.09685 23.41543 294.34271 -185.78955 -32.83855 NaN NaN NaN 27.68225 -111.58426 55.10305 -42.15354 -188.00517 -24.17746
36023 1.18324 NaN NaN NaN 196.22467 -128.94550 23.04903 294.28088 -185.65263 -33.09547 NaN NaN NaN 27.89611 -110.81133 54.71518 -42.01711 -187.22797 -24.47522
36024 1.19157 NaN NaN NaN 196.12459 -128.72063 22.67062 294.23221 -185.48662 -33.28898 NaN NaN NaN 28.02900 -110.02924 54.38267 -41.89586 -186.49072 -24.78793
36025 1.19990 NaN NaN NaN 196.01016 -128.48973 22.34947 294.18271 -185.31876 -33.51197 NaN NaN NaN 28.16105 -109.39153 54.05231 -41.77785 -185.82512 -25.12842
36026 1.20823 NaN NaN NaN 195.90860 -128.19792 21.97409 294.10748 -185.16008 -33.70369 NaN NaN NaN 28.27536 -108.84300 53.76275 -41.71447 -185.18874 -25.48237
36027 1.21656 NaN NaN NaN 195.77802 -127.94849 21.66855 294.00290 -184.97481 -33.95604 NaN NaN NaN 28.32123 -108.27515 53.44355 -41.63017 -184.55098 -25.92639
36028 1.22489 NaN NaN NaN 195.66882 -127.72696 21.40857 293.87228 -184.79210 -34.22874 NaN NaN NaN 28.31540 -107.77559 53.13152 -41.53178 -183.91293 -26.41340
36029 1.23322 NaN NaN NaN 195.51309 -127.46687 21.13676 293.71176 -184.61618 -34.47707 NaN NaN NaN 28.29728 -107.28525 52.73142 -41.45858 -183.33324 -27.01916
36030 1.24155 NaN NaN NaN 195.36462 -127.22074 20.91463 293.50488 -184.41864 -34.72042 NaN NaN NaN 28.34893 -106.82155 52.30991 -41.32985 -182.75365 -27.59790
36031 1.24989 NaN NaN NaN 195.14772 -126.87376 20.64355 293.18225 -184.15295 -34.95850 NaN NaN NaN 28.41891 -106.45190 51.85004 -41.15974 -182.17526 -28.20601
36032 1.25822 NaN NaN NaN 194.84259 -126.48902 20.38779 292.81757 -183.86800 -35.23316 NaN NaN NaN 28.54854 -106.04071 51.46186 -40.87706 -181.62888 -28.93762
36033 1.26655 NaN NaN NaN 194.48955 -126.06134 20.09911 292.41141 -183.64529 -35.52812 NaN NaN NaN 28.70462 -105.61176 51.03780 -40.51542 -181.02565 -29.74815
36034 1.27488 NaN NaN NaN 194.09714 -125.66963 19.84455 291.94000 -183.37717 -35.75457 NaN NaN NaN 28.92266 -105.16378 50.55137 -40.10718 -180.44044 -30.49928
36035 1.28321 NaN NaN NaN 193.65082 -125.21367 19.47338 291.45499 -183.15244 -35.91208 NaN NaN NaN 29.20196 -104.73487 49.90091 -39.68477 -179.86786 -31.34181
36036 1.29154 NaN NaN NaN 193.13144 -124.76239 19.02498 290.94070 -182.95276 -36.02510 NaN NaN NaN 29.59519 -104.30017 49.31113 -39.15327 -179.33928 -32.16458
36037 1.29987 NaN NaN NaN 192.52794 -124.26255 18.58029 290.39722 -182.71973 -36.12995 NaN NaN NaN 30.06724 -103.87146 48.62767 -38.51960 -178.82889 -33.06788
36038 1.30820 NaN NaN NaN 191.90178 -123.68706 18.03514 289.78894 -182.52609 -36.22309 NaN NaN NaN 30.61571 -103.43336 47.83910 -37.84101 -178.31245 -34.03474
36039 1.31654 NaN NaN NaN 191.20233 -123.07630 17.48097 289.16486 -182.33099 -36.28673 NaN NaN NaN 31.24548 -103.02214 47.07718 -37.08413 -177.80774 -35.04394
36040 1.32487 NaN NaN NaN 190.44043 -122.49277 16.76825 288.52539 -182.22285 -36.31696 NaN NaN NaN 31.97077 -102.69770 46.19665 -36.28469 -177.30721 -36.12731
36041 1.33320 NaN NaN NaN 189.65874 -121.90440 16.04369 287.83865 -182.17455 -36.36613 NaN NaN NaN 32.74964 -102.42603 45.36267 -35.43975 -176.87236 -37.21946
36042 1.34153 NaN NaN NaN 188.82242 -121.26563 15.26040 287.13229 -182.09413 -36.49524 NaN NaN NaN 33.52397 -102.24247 44.45304 -34.55355 -176.49197 -38.36674
36043 1.34986 NaN NaN NaN 188.00681 -120.66628 14.40027 286.39023 -181.89162 -36.66666 NaN NaN NaN 34.32328 -102.18428 43.51534 -33.63839 -176.15144 -39.59505
36044 1.35819 NaN NaN NaN 187.19492 -120.04092 13.46074 285.66306 -181.67204 -36.91181 NaN NaN NaN 35.13338 -102.16126 42.55439 -32.74185 -175.87737 -40.80946
36045 1.36652 NaN NaN NaN 186.34120 -119.45326 12.40766 284.94211 -181.39410 -37.19258 NaN NaN NaN 35.94847 -102.20061 41.62768 -31.88578 -175.64249 -42.03073
36046 1.37486 NaN NaN NaN 185.49808 -118.84569 11.31941 284.25482 -181.15182 -37.41404 NaN NaN NaN 36.82036 -102.29997 40.69275 -31.06940 -175.42867 -43.24179
36047 1.38319 NaN NaN NaN 184.63899 -118.25294 10.15434 283.59293 -180.92798 -37.63595 NaN NaN NaN 37.61683 -102.40887 39.67827 -30.38087 -175.29744 -44.38806
36048 1.39152 NaN NaN NaN 183.76633 -117.64364 8.84680 283.01645 -180.75388 -37.67105 NaN NaN NaN 38.43171 -102.63113 38.62537 -29.75192 -175.18849 -45.57465
36049 1.39985 NaN NaN NaN 182.85828 -116.94207 7.42659 282.46225 -180.61890 -37.48213 NaN NaN NaN 39.22174 -102.87392 37.51503 -29.23683 -175.14868 -46.73633
36050 1.40818 NaN NaN NaN 181.95506 -116.25030 6.01263 282.00101 -180.52913 -37.14557 NaN NaN NaN 39.96513 -103.20437 36.41493 -28.79902 -175.15985 -47.83557
36051 1.41651 NaN NaN NaN 181.12080 -115.49767 4.60764 281.54059 -180.40193 -36.65095 NaN NaN NaN 40.66213 -103.58955 35.34169 -28.43497 -175.15762 -48.87258
36052 1.42484 NaN NaN NaN 180.30180 -114.76035 3.27010 281.09836 -180.31520 -36.13291 NaN NaN NaN 41.32487 -103.90035 34.21304 -28.13688 -175.24626 -49.91500
36053 1.43317 NaN NaN NaN 179.53267 -114.07689 2.03013 280.69281 -180.15370 -35.54952 NaN NaN NaN 41.97006 -104.30016 33.07488 -27.94344 -175.31592 -51.00155
36054 1.44151 NaN NaN NaN 178.78165 -113.44334 0.91278 280.25165 -180.00449 -34.97351 NaN NaN NaN 42.54585 -104.73920 31.87259 -27.77875 -175.43489 -52.11794
36055 1.44984 NaN NaN NaN 178.07114 -112.76899 -0.15114 279.80472 -179.80185 -34.35010 NaN NaN NaN 43.07543 -105.20929 30.65343 -27.62249 -175.60075 -53.31243
36056 1.45817 NaN NaN NaN 177.36133 -112.14973 -1.17140 279.32910 -179.58351 -33.68195 NaN NaN NaN 43.54554 -105.69427 29.48350 -27.51593 -175.76668 -54.46994
36057 1.46650 NaN NaN NaN 176.64156 -111.56175 -2.12228 278.86084 -179.40421 -33.04232 NaN NaN NaN 43.96185 -106.21500 28.34425 -27.36239 -175.89955 -55.59277
36058 1.47483 NaN NaN NaN 175.95845 -111.00833 -2.95771 278.39352 -179.18011 -32.38075 NaN NaN NaN 44.38276 -106.71867 27.28605 -27.23457 -176.01358 -56.72971
36059 1.48316 NaN NaN NaN 175.31064 -110.45788 -3.83179 277.94492 -178.95166 -31.78824 NaN NaN NaN 44.78081 -107.28573 26.27282 -27.13355 -176.12376 -57.88168
36060 1.49149 NaN NaN NaN 174.67363 -109.95900 -4.64777 277.51212 -178.74660 -31.22548 NaN NaN NaN 45.12811 -107.83897 25.34105 -27.02694 -176.28323 -58.95409
36061 1.49982 NaN NaN NaN 174.05486 -109.55727 -5.40986 277.05991 -178.52576 -30.63876 NaN NaN NaN 45.39096 -108.36024 24.48251 -26.96434 -176.45164 -59.93908
36062 1.50816 NaN NaN NaN 173.49734 -109.15150 -6.12974 276.64114 -178.33893 -30.19194 NaN NaN NaN 45.62711 -108.83677 23.71745 -26.91266 -176.62454 -60.73262
36063 1.51649 NaN NaN NaN 173.02005 -108.84615 -6.74058 276.29779 -178.21675 -29.81578 NaN NaN NaN 45.85730 -109.28339 23.00542 -26.97074 -176.87698 -61.34704
36064 1.52482 NaN NaN NaN 172.61478 -108.61868 -7.27722 276.03033 -178.12791 -29.53640 NaN NaN NaN 46.10233 -109.55622 22.37897 -27.00896 -177.17265 -61.70132
36065 1.53315 NaN NaN NaN 172.32953 -108.46616 -7.69167 275.77756 -178.06972 -29.34964 NaN NaN NaN 46.33842 -109.78401 21.86098 -27.12303 -177.58727 -61.83474
36066 1.54148 NaN NaN NaN 172.09453 -108.36052 -8.00820 275.57480 -178.05266 -29.23030 NaN NaN NaN 46.50911 -110.01028 21.40107 -27.29061 -178.05446 -61.83731
36067 1.54981 NaN NaN NaN 171.89760 -108.32635 -8.32037 275.41605 -178.07713 -29.18019 NaN NaN NaN 46.63163 -110.29943 21.12258 -27.46977 -178.53217 -61.76865
36068 1.55814 NaN NaN NaN 171.76282 -108.30537 -8.55369 275.33112 -178.12627 -29.24556 NaN NaN NaN 46.63918 -110.67762 20.92892 -27.68487 -178.96936 -61.66024
36069 1.56648 NaN NaN NaN 171.71112 -108.41547 -8.68733 275.29102 -178.17853 -29.40102 NaN NaN NaN 46.62594 -111.07227 20.77293 -27.92137 -179.41161 -61.52833
36070 1.57481 NaN NaN NaN 171.69643 -108.50288 -8.77999 275.27792 -178.25580 -29.54906 NaN NaN NaN 46.55871 -111.50977 20.68884 -28.20503 -179.80321 -61.37963
36071 1.58314 NaN NaN NaN 171.68890 -108.67044 -8.87810 275.26083 -178.36394 -29.72130 NaN NaN NaN 46.44678 -111.89597 20.65281 -28.48519 -180.23405 -61.23651
36072 1.59147 NaN NaN NaN 171.70851 -108.82755 -8.90140 275.24713 -178.45538 -29.89692 NaN NaN NaN 46.39489 -112.29601 20.65955 -28.74575 -180.61731 -61.09973
36073 1.59980 NaN NaN NaN 171.71222 -108.99792 -8.92573 275.26166 -178.54140 -30.09803 NaN NaN NaN 46.33350 -112.66318 20.63375 -29.00641 -181.01596 -60.96296
36074 1.60813 NaN NaN NaN 171.70711 -109.16927 -8.95087 275.27545 -178.60086 -30.28940 NaN NaN NaN 46.30187 -113.07896 20.60056 -29.22541 -181.38373 -60.86378
36075 1.61646 NaN NaN NaN 171.68266 -109.32053 -8.99971 275.26959 -178.67065 -30.51074 NaN NaN NaN 46.23937 -113.43814 20.51822 -29.46515 -181.74008 -60.77158
36076 1.62479 NaN NaN NaN 171.64015 -109.43212 -9.04937 275.24197 -178.76703 -30.65683 NaN NaN NaN 46.20860 -113.75066 20.43064 -29.68798 -182.02821 -60.66404
36077 1.63313 NaN NaN NaN 171.58112 -109.54855 -9.11409 275.21066 -178.83383 -30.76278 NaN NaN NaN 46.19255 -114.14047 20.30684 -29.89621 -182.32793 -60.61122
36078 1.64146 NaN NaN NaN 171.54604 -109.63260 -9.20829 275.16183 -178.91057 -30.83515 NaN NaN NaN 46.20483 -114.45397 20.21003 -30.03884 -182.62427 -60.57258
36079 1.64979 NaN NaN NaN 171.45473 -109.69751 -9.33341 275.10352 -178.95711 -30.91178 NaN NaN NaN 46.24422 -114.74585 20.13150 -30.15466 -182.86562 -60.61714
36080 1.65812 NaN NaN NaN 171.39674 -109.63175 -9.50653 275.01187 -178.96190 -30.94610 NaN NaN NaN 46.27391 -114.95705 20.01146 -30.28458 -183.12035 -60.64845
36081 1.66645 NaN NaN NaN 171.30269 -109.55720 -9.68729 274.90222 -178.91628 -30.93222 NaN NaN NaN 46.30951 -115.21728 19.84331 -30.39714 -183.36639 -60.71420
36082 1.67478 NaN NaN NaN 171.16228 -109.46925 -9.91834 274.80093 -178.88666 -30.91474 NaN NaN NaN 46.28741 -115.46533 19.69778 -30.51386 -183.61426 -60.75815
36083 1.68311 NaN NaN NaN 171.01540 -109.36749 -10.13346 274.71426 -178.87366 -30.90321 NaN NaN NaN 46.26860 -115.79250 19.56691 -30.59074 -183.79469 -60.80530
36084 1.69144 NaN NaN NaN 170.89545 -109.29349 -10.28633 274.62357 -178.86046 -30.86032 NaN NaN NaN 46.26054 -116.10059 19.48135 -30.71297 -183.94659 -60.96376
36085 1.69978 NaN NaN NaN 170.77449 -109.24189 -10.39670 274.53751 -178.82426 -30.84927 NaN NaN NaN 46.21395 -116.42535 19.41305 -30.79011 -184.07478 -61.13480
36086 1.70811 NaN NaN NaN 170.70349 -109.17582 -10.52445 274.41562 -178.78908 -30.80676 NaN NaN NaN 46.11613 -116.70034 19.33183 -30.90820 -184.21742 -61.36594
36087 1.71644 NaN NaN NaN 170.60153 -109.04946 -10.70180 274.32925 -178.74303 -30.79129 NaN NaN NaN 46.04199 -117.06202 19.22699 -31.06320 -184.36096 -61.65342
36088 1.72477 NaN NaN NaN 170.51735 -108.98978 -10.80359 274.24243 -178.70026 -30.74825 NaN NaN NaN 45.91019 -117.37209 19.05774 -31.20788 -184.42709 -61.99316
36089 1.73310 NaN NaN NaN 170.41829 -108.97478 -10.88736 274.18842 -178.66579 -30.73512 NaN NaN NaN 45.73358 -117.78216 18.85286 -31.35726 -184.51852 -62.33453
36090 1.74143 NaN NaN NaN 170.32835 -108.92209 -10.98800 274.13486 -178.63374 -30.71899 NaN NaN NaN 45.55156 -118.14722 18.65016 -31.53439 -184.60352 -62.78060
36091 1.74976 NaN NaN NaN 170.26970 -108.87959 -11.05943 274.03781 -178.62744 -30.69183 NaN NaN NaN 45.34814 -118.54472 18.46039 -31.73459 -184.62491 -63.34259
36092 1.75810 NaN NaN NaN 170.24219 -108.82821 -11.12136 273.96332 -178.59898 -30.63528 NaN NaN NaN 45.13694 -118.93117 18.19289 -31.97570 -184.65717 -63.87526
36093 1.76643 NaN NaN NaN 170.18243 -108.75386 -11.20334 273.89182 -178.55910 -30.61130 NaN NaN NaN 44.90545 -119.28393 17.83836 -32.20250 -184.71413 -64.49610
36094 1.77476 NaN NaN NaN 170.07175 -108.66838 -11.30209 273.80011 -178.52361 -30.53157 NaN NaN NaN 44.70687 -119.61082 17.49977 -32.45132 -184.73911 -64.97043
36095 1.78309 NaN NaN NaN 169.97523 -108.56698 -11.42699 273.70886 -178.49289 -30.51197 NaN NaN NaN 44.50083 -119.88774 17.13013 -32.68703 -184.77362 -65.50343
36096 1.79142 NaN NaN NaN 169.87857 -108.47330 -11.53060 273.61206 -178.44664 -30.46844 NaN NaN NaN 44.30817 -120.15154 16.76391 -32.95497 -184.87692 -65.93250
36097 1.79975 NaN NaN NaN 169.80711 -108.36498 -11.65223 273.49991 -178.41162 -30.39856 NaN NaN NaN 44.16464 -120.41757 16.42183 -33.22858 -184.95265 -66.29038
36098 1.80808 NaN NaN NaN 169.70781 -108.25652 -11.73916 273.41638 -178.33821 -30.32592 NaN NaN NaN 44.02260 -120.63810 16.06322 -33.50113 -185.11508 -66.56307
36099 1.81641 NaN NaN NaN 169.62675 -108.16389 -11.82455 273.33502 -178.26649 -30.29668 NaN NaN NaN 43.84481 -120.90548 15.66222 -33.87772 -185.32666 -66.84519
36100 1.82475 NaN NaN NaN 169.53159 -108.05182 -11.93120 273.23425 -178.18544 -30.28011 NaN NaN NaN 43.66633 -121.23915 15.35084 -34.23257 -185.58426 -67.11105
36101 1.83308 NaN NaN NaN 169.40573 -107.96752 -11.99183 273.12943 -178.12883 -30.26354 NaN NaN NaN 43.45646 -121.63993 15.15646 -34.59715 -185.90109 -67.26283
36102 1.84141 NaN NaN NaN 169.29672 -107.85260 -12.15087 272.99252 -178.11180 -30.19332 NaN NaN NaN 43.16186 -122.16714 15.02104 -34.99809 -186.30432 -67.36980
36103 1.84974 NaN NaN NaN 169.16795 -107.75265 -12.20369 272.85440 -178.07663 -30.13121 NaN NaN NaN 42.84959 -122.74108 14.92929 -35.42960 -186.72563 -67.47130
36104 1.85807 NaN NaN NaN 169.07855 -107.58760 -12.30596 272.76028 -178.05734 -30.08348 NaN NaN NaN 42.54542 -123.40118 14.91783 -35.86372 -187.12051 -67.49964
36105 1.86640 NaN NaN NaN 168.97589 -107.53603 -12.36778 272.66345 -178.01520 -30.07066 NaN NaN NaN 42.23258 -124.03237 14.93084 -36.34275 -187.52686 -67.52246
36106 1.87473 NaN NaN NaN 168.87407 -107.48660 -12.40182 272.54968 -177.95056 -30.06118 NaN NaN NaN 41.90182 -124.73600 14.96277 -36.83435 -187.98421 -67.50626
36107 1.88306 NaN NaN NaN 168.77211 -107.50961 -12.41638 272.43875 -177.91585 -30.05265 NaN NaN NaN 41.56464 -125.48100 14.91450 -37.34485 -188.48610 -67.46478
36108 1.89140 NaN NaN NaN 168.65800 -107.56821 -12.41096 272.37598 -177.91386 -30.03775 NaN NaN NaN 41.23524 -126.21523 14.96915 -37.90777 -189.01401 -67.38708
36109 1.89973 NaN NaN NaN 168.57602 -107.60896 -12.39839 272.31076 -177.92450 -30.01642 NaN NaN NaN 40.91781 -126.94262 15.04570 -38.46892 -189.57652 -67.32178
36110 1.90806 NaN NaN NaN 168.51334 -107.64278 -12.39375 272.27283 -177.94415 -30.02495 NaN NaN NaN 40.54176 -127.69787 15.06446 -39.06011 -190.16724 -67.23577
36111 1.91639 NaN NaN NaN 168.45229 -107.66219 -12.43886 272.21460 -177.94023 -30.04114 NaN NaN NaN 40.21014 -128.50166 15.08742 -39.64727 -190.76875 -67.15387
36112 1.92472 NaN NaN NaN 168.40227 -107.68565 -12.48650 272.17706 -177.95300 -30.08442 NaN NaN NaN 39.85656 -129.34334 15.05161 -40.26531 -191.37057 -67.04211
36113 1.93305 NaN NaN NaN 168.35962 -107.71281 -12.50259 272.16129 -177.96030 -30.13165 NaN NaN NaN 39.52462 -130.17677 15.04432 -40.88683 -191.94157 -66.81622
36114 1.94138 NaN NaN NaN 168.34085 -107.77654 -12.52204 272.12729 -177.98743 -30.14613 NaN NaN NaN 39.17646 -130.94156 15.09738 -41.55311 -192.53838 -66.62991
36115 1.94971 NaN NaN NaN 168.26506 -107.84077 -12.55027 272.08270 -178.04752 -30.20733 NaN NaN NaN 38.83157 -131.68129 15.13794 -42.20439 -193.13959 -66.43375
36116 1.95805 NaN NaN NaN 168.19830 -107.89285 -12.59180 272.02826 -178.07727 -30.22805 NaN NaN NaN 38.43275 -132.39262 15.14187 -42.82632 -193.67467 -66.29269
36117 1.96638 NaN NaN NaN 168.13664 -107.94053 -12.64188 271.98285 -178.09064 -30.26268 NaN NaN NaN 38.06224 -133.11311 15.13324 -43.43568 -194.23923 -66.15880
36118 1.97471 NaN NaN NaN 168.08688 -108.00070 -12.68545 271.95038 -178.10454 -30.28508 NaN NaN NaN 37.71756 -133.75377 15.15929 -44.02177 -194.74530 -66.05905
36119 1.98304 NaN NaN NaN 168.06502 -108.02059 -12.73476 271.92599 -178.11656 -30.31937 NaN NaN NaN 37.31052 -134.39128 15.27167 -44.54020 -195.20612 -65.97757
36120 1.99137 NaN NaN NaN 168.02618 -108.01002 -12.76488 271.89642 -178.11671 -30.33494 NaN NaN NaN 36.94435 -134.99530 15.35131 -45.01924 -195.59883 -65.91518
36121 1.99970 NaN NaN NaN 167.96838 -107.99368 -12.80707 271.83423 -178.12029 -30.35812 NaN NaN NaN 36.59049 -135.56911 15.42928 -45.48137 -195.97295 -65.88619
36122 2.00803 NaN NaN NaN 167.85849 -108.01546 -12.87197 271.72705 -178.15247 -30.36115 NaN NaN NaN 36.27462 -136.05663 15.56361 -45.83828 -196.25952 -65.81951
36123 2.01637 NaN NaN NaN 167.75581 -108.01688 -12.99692 271.63586 -178.17256 -30.37119 NaN NaN NaN 35.92205 -136.45100 15.75031 -46.17134 -196.48828 -65.81156
36124 2.02470 NaN NaN NaN 167.67355 -108.00564 -13.13401 271.53873 -178.17967 -30.33439 NaN NaN NaN 35.62827 -136.81752 15.91926 -46.42493 -196.69200 -65.83118
36125 2.03303 NaN NaN NaN 167.58363 -107.95444 -13.22460 271.46445 -178.20634 -30.33811 NaN NaN NaN 35.33980 -137.10081 16.09943 -46.57298 -196.79021 -65.87341
36126 2.04136 NaN NaN NaN 167.51938 -107.92403 -13.29994 271.39539 -178.22122 -30.32865 NaN NaN NaN 35.12500 -137.33044 16.28545 -46.65963 -196.83904 -65.95740
36127 2.04969 NaN NaN NaN 167.48021 -107.90147 -13.32790 271.35684 -178.25409 -30.38408 NaN NaN NaN 34.95322 -137.44803 16.46423 -46.69747 -196.80672 -66.01360
36128 2.05802 NaN NaN NaN 167.45222 -107.90776 -13.32554 271.32019 -178.26315 -30.39353 NaN NaN NaN 34.86173 -137.49025 16.60612 -46.70011 -196.75887 -66.05712
36129 2.06635 NaN NaN NaN 167.45332 -107.93360 -13.34322 271.28522 -178.29684 -30.39513 NaN NaN NaN 34.85250 -137.39204 16.68144 -46.63891 -196.69360 -66.03554
36130 2.07468 NaN NaN NaN 167.44325 -107.93590 -13.34212 271.24698 -178.31824 -30.38224 NaN NaN NaN 34.90368 -137.17395 16.66984 -46.55229 -196.65794 -65.95358
36131 2.08302 NaN NaN NaN 167.44000 -107.92693 -13.38438 271.22372 -178.33322 -30.38716 NaN NaN NaN 35.00473 -136.86972 16.62938 -46.43152 -196.54985 -65.85741
36132 2.09135 NaN NaN NaN 167.43336 -107.94865 -13.38831 271.21115 -178.35017 -30.37567 NaN NaN NaN 35.14425 -136.52209 16.54224 -46.26389 -196.41148 -65.80505
36133 2.09968 NaN NaN NaN 167.44141 -107.91599 -13.42776 271.22614 -178.34868 -30.39689 NaN NaN NaN 35.29858 -136.18137 16.47882 -46.09768 -196.27974 -65.76753
36134 2.10801 NaN NaN NaN 167.44989 -107.92535 -13.47170 271.21973 -178.34912 -30.40353 NaN NaN NaN 35.45334 -135.88982 16.42836 -45.93030 -196.14600 -65.69400
36135 2.11634 NaN NaN NaN 167.47008 -107.90685 -13.47536 271.26895 -178.38388 -30.40434 NaN NaN NaN 35.60279 -135.56638 16.34589 -45.78809 -195.95564 -65.66330
36136 2.12467 NaN NaN NaN 167.48193 -107.92129 -13.46131 271.28580 -178.39653 -30.39003 NaN NaN NaN 35.75568 -135.24573 16.24386 -45.62626 -195.79915 -65.66054
36137 2.13300 NaN NaN NaN 167.49173 -107.95912 -13.46623 271.31342 -178.42654 -30.38532 NaN NaN NaN 35.87413 -134.97742 16.12978 -45.49199 -195.61534 -65.71513
36138 2.14133 NaN NaN NaN 167.50650 -107.98839 -13.44182 271.32581 -178.45480 -30.38538 NaN NaN NaN 36.02961 -134.74098 16.03365 -45.33326 -195.45966 -65.79759
36139 2.14967 NaN NaN NaN 167.53091 -108.04797 -13.42275 271.37106 -178.46707 -30.40092 NaN NaN NaN 36.15288 -134.55751 15.89848 -45.18443 -195.32629 -65.86011
36140 2.15800 NaN NaN NaN 167.55803 -108.06714 -13.46668 271.40198 -178.48586 -30.40489 NaN NaN NaN 36.26241 -134.36639 15.78619 -45.03632 -195.17751 -65.95747
36141 2.16633 NaN NaN NaN 167.57217 -108.07243 -13.51231 271.40808 -178.49213 -30.41255 NaN NaN NaN 36.34945 -134.21840 15.68109 -44.95643 -195.08514 -66.01221
36142 2.17466 NaN NaN NaN 167.56329 -108.10065 -13.51616 271.42261 -178.50003 -30.42374 NaN NaN NaN 36.41544 -134.12781 15.60564 -44.87589 -194.99966 -66.07393
36143 2.18299 NaN NaN NaN 167.58475 -108.08222 -13.56345 271.44543 -178.50397 -30.44116 NaN NaN NaN 36.47270 -134.06801 15.57033 -44.81861 -194.93230 -66.09705
36144 2.19132 NaN NaN NaN 167.59378 -108.11350 -13.55570 271.46326 -178.51048 -30.43585 NaN NaN NaN 36.49173 -134.03384 15.56054 -44.80673 -194.90504 -66.08936
36145 2.19965 NaN NaN NaN 167.62669 -108.12725 -13.56010 271.48203 -178.49896 -30.48550 NaN NaN NaN 36.49418 -134.06070 15.56497 -44.88564 -194.91664 -66.05927
36146 2.20799 NaN NaN NaN 167.62016 -108.11073 -13.57548 271.47589 -178.49377 -30.46313 NaN NaN NaN 36.43237 -134.13335 15.59941 -44.98904 -194.99846 -66.01488
36147 2.21632 NaN NaN NaN 167.57195 -108.09586 -13.61956 271.46939 -178.45959 -30.47828 NaN NaN NaN 36.31743 -134.23856 15.68174 -45.05251 -195.07515 -65.98009
36148 2.22465 NaN NaN NaN 167.54614 -108.04863 -13.65939 271.47565 -178.42508 -30.47619 NaN NaN NaN 36.17361 -134.43639 15.83537 -45.12286 -195.16769 -65.97470
36149 2.23298 NaN NaN NaN 167.51866 -108.05181 -13.67404 271.46149 -178.41048 -30.48073 NaN NaN NaN 35.98212 -134.67758 16.03964 -45.27196 -195.29825 -65.95414
36150 2.24131 NaN NaN NaN 167.51627 -108.05226 -13.66324 271.45023 -178.38943 -30.48289 NaN NaN NaN 35.75966 -134.96318 16.24238 -45.43129 -195.44452 -65.89076
36151 2.24964 NaN NaN NaN 167.51868 -108.05067 -13.65616 271.42780 -178.40799 -30.47107 NaN NaN NaN 35.53849 -135.27599 16.45236 -45.62899 -195.66472 -65.81154
36152 2.25797 NaN NaN NaN 167.51373 -108.07312 -13.61151 271.44238 -178.39772 -30.44469 NaN NaN NaN 35.27805 -135.63438 16.64092 -45.83040 -195.90173 -65.66883
36153 2.26630 NaN NaN NaN 167.54808 -108.11087 -13.54324 271.46326 -178.42368 -30.46117 NaN NaN NaN 35.03239 -136.04140 16.89024 -46.10299 -196.17635 -65.49626
36154 2.27464 NaN NaN NaN 167.57779 -108.11716 -13.48467 271.47250 -178.42770 -30.51091 NaN NaN NaN 34.74547 -136.44632 17.15262 -46.41963 -196.50647 -65.28594
36155 2.28297 NaN NaN NaN 167.58716 -108.11857 -13.49324 271.47400 -178.42398 -30.53977 NaN NaN NaN 34.39842 -136.85332 17.37519 -46.78456 -196.85455 -65.12669
36156 2.29130 NaN NaN NaN 167.57867 -108.10645 -13.51170 271.45175 -178.39862 -30.54574 NaN NaN NaN 33.99374 -137.40685 17.65274 -47.14642 -197.20341 -65.01926
36157 2.29963 NaN NaN NaN 167.52632 -108.11115 -13.50299 271.44626 -178.40115 -30.55711 NaN NaN NaN 33.55713 -137.94971 17.97831 -47.53843 -197.49298 -65.00066
36158 2.30796 NaN NaN NaN 167.50005 -108.06627 -13.53537 271.41507 -178.35925 -30.57639 NaN NaN NaN 33.08455 -138.54326 18.24085 -47.92580 -197.75397 -65.00312
36159 2.31629 NaN NaN NaN 167.45770 -108.04984 -13.56399 271.38889 -178.34152 -30.60711 NaN NaN NaN 32.66925 -139.10217 18.55866 -48.32124 -197.99762 -65.01547
36160 2.32462 NaN NaN NaN 167.45206 -108.05714 -13.59413 271.35367 -178.30054 -30.61097 NaN NaN NaN 32.26633 -139.62720 18.77145 -48.73450 -198.22348 -64.98891
36161 2.33295 NaN NaN NaN 167.44777 -108.05087 -13.61731 271.33676 -178.29359 -30.62519 NaN NaN NaN 31.89838 -140.16039 18.95316 -49.10900 -198.46693 -64.94958
36162 2.34129 NaN NaN NaN 167.39763 -108.09261 -13.62828 271.32550 -178.27982 -30.61429 NaN NaN NaN 31.53311 -140.61060 19.05730 -49.47781 -198.66284 -64.89285
36163 2.34962 NaN NaN NaN 167.37073 -108.09660 -13.66058 271.26929 -178.30667 -30.61411 NaN NaN NaN 31.20455 -140.98511 19.17553 -49.80701 -198.85355 -64.88368
36164 2.35795 NaN NaN NaN 167.33218 -108.09438 -13.71222 271.23364 -178.33403 -30.60331 NaN NaN NaN 30.90466 -141.29784 19.25255 -50.10352 -199.01512 -64.89407
36165 2.36628 NaN NaN NaN 167.30150 -108.09048 -13.76260 271.20340 -178.33699 -30.62399 NaN NaN NaN 30.65897 -141.60672 19.33701 -50.34971 -199.14854 -64.91763
36166 2.37461 NaN NaN NaN 167.26939 -108.10229 -13.82407 271.18875 -178.34874 -30.62883 NaN NaN NaN 30.46624 -141.80797 19.39873 -50.55949 -199.20169 -64.96853
36167 2.38294 NaN NaN NaN 167.22824 -108.11505 -13.84480 271.17258 -178.36050 -30.68583 NaN NaN NaN 30.30890 -142.00620 19.43852 -50.69645 -199.22612 -65.01375
36168 2.39127 NaN NaN NaN 167.20444 -108.19615 -13.85196 271.16345 -178.38312 -30.69593 NaN NaN NaN 30.22294 -142.10585 19.46966 -50.77024 -199.23108 -65.08609
36169 2.39961 NaN NaN NaN 167.18727 -108.24404 -13.86961 271.17142 -178.41052 -30.73251 NaN NaN NaN 30.21061 -142.12669 19.47275 -50.76292 -199.17467 -65.16475
36170 2.40794 NaN NaN NaN 167.17842 -108.37402 -13.86535 271.17459 -178.45525 -30.79219 NaN NaN NaN 30.24505 -142.07645 19.42647 -50.68130 -199.09038 -65.24710
36171 2.41627 NaN NaN NaN 167.17381 -108.40934 -13.86809 271.20276 -178.47940 -30.90021 NaN NaN NaN 30.34905 -141.94997 19.36065 -50.58598 -198.97847 -65.32851
36172 2.42460 NaN NaN NaN 167.19649 -108.45916 -13.84392 271.22379 -178.50870 -30.92690 NaN NaN NaN 30.50727 -141.73892 19.25292 -50.44334 -198.83440 -65.37071
36173 2.43293 NaN NaN NaN 167.23915 -108.42921 -13.88044 271.22083 -178.52756 -30.93530 NaN NaN NaN 30.75044 -141.48004 19.12198 -50.28534 -198.68626 -65.39530
36174 2.44126 NaN NaN NaN 167.25949 -108.44478 -13.90127 271.22208 -178.54591 -30.90369 NaN NaN NaN 30.96885 -141.17642 18.99005 -50.07092 -198.54643 -65.38861
36175 2.44959 NaN NaN NaN 167.20947 -108.41977 -13.94336 271.20667 -178.57109 -30.87639 NaN NaN NaN 31.22360 -140.86467 18.85349 -49.88176 -198.40495 -65.43481
36176 2.45792 NaN NaN NaN 167.18346 -108.42393 -13.99111 271.20813 -178.56862 -30.84374 NaN NaN NaN 31.47496 -140.52852 18.64154 -49.67873 -198.19829 -65.49538
36177 2.46626 NaN NaN NaN 167.18269 -108.40292 -14.04176 271.20572 -178.60327 -30.80023 NaN NaN NaN 31.74889 -140.22061 18.44688 -49.47522 -197.97565 -65.57645
36178 2.47459 NaN NaN NaN 167.17763 -108.42481 -14.08203 271.22394 -178.62627 -30.76178 NaN NaN NaN 31.98563 -139.88913 18.24734 -49.24299 -197.73047 -65.67870
36179 2.48292 NaN NaN NaN 167.19331 -108.42513 -14.10148 271.23419 -178.64627 -30.76519 NaN NaN NaN 32.24706 -139.59308 18.01317 -49.04176 -197.50233 -65.78025
36180 2.49125 NaN NaN NaN 167.21936 -108.47795 -14.12513 271.24213 -178.66476 -30.75264 NaN NaN NaN 32.52074 -139.27809 17.81510 -48.80557 -197.25891 -65.91235
36181 2.49958 NaN NaN NaN 167.24452 -108.50797 -14.13110 271.27206 -178.72330 -30.76115 NaN NaN NaN 32.78045 -138.92726 17.61826 -48.56199 -197.02373 -66.03955
36182 2.50791 NaN NaN NaN 167.27528 -108.58150 -14.12780 271.29977 -178.73724 -30.79500 NaN NaN NaN 33.04701 -138.63611 17.45573 -48.33577 -196.76764 -66.17339
36183 2.51624 NaN NaN NaN 167.31288 -108.63622 -14.12564 271.34351 -178.78783 -30.83853 NaN NaN NaN 33.27470 -138.32120 17.24124 -48.11732 -196.50179 -66.32185
36184 2.52457 NaN NaN NaN 167.34923 -108.70344 -14.12178 271.38034 -178.80933 -30.86108 NaN NaN NaN 33.52794 -138.01642 17.00251 -47.88626 -196.23982 -66.46960
36185 2.53291 NaN NaN NaN 167.38200 -108.78416 -14.07755 271.42355 -178.85690 -30.88610 NaN NaN NaN 33.75731 -137.67270 16.79341 -47.68013 -195.99377 -66.59737
36186 2.54124 NaN NaN NaN 167.39397 -108.85404 -14.05769 271.46030 -178.92108 -30.89963 NaN NaN NaN 34.03736 -137.32935 16.56213 -47.47917 -195.76344 -66.72649
36187 2.54957 NaN NaN NaN 167.42122 -108.88258 -14.05008 271.50555 -178.96053 -30.91352 NaN NaN NaN 34.26687 -137.01692 16.30451 -47.26560 -195.53355 -66.84293
36188 2.55790 NaN NaN NaN 167.44981 -108.94884 -14.01343 271.51935 -178.97864 -30.93014 NaN NaN NaN 34.49405 -136.76563 16.06139 -47.08395 -195.28413 -66.95805
36189 2.56623 NaN NaN NaN 167.46220 -108.98880 -13.97817 271.55893 -179.00404 -30.94056 NaN NaN NaN 34.73966 -136.43814 15.84587 -46.92538 -195.07349 -67.07848
36190 2.57456 NaN NaN NaN 167.46910 -109.02702 -13.96672 271.57465 -178.99945 -30.93856 NaN NaN NaN 34.93678 -136.15601 15.59759 -46.75133 -194.88713 -67.18774
36191 2.58289 NaN NaN NaN 167.47896 -109.04691 -13.93966 271.59467 -179.02208 -30.93622 NaN NaN NaN 35.13736 -135.90240 15.41572 -46.59846 -194.70975 -67.28240
36192 2.59122 NaN NaN NaN 167.49710 -109.04857 -13.92594 271.59369 -179.02147 -30.92425 NaN NaN NaN 35.29084 -135.61732 15.25751 -46.47777 -194.55037 -67.38597
36193 2.59956 NaN NaN NaN 167.51054 -109.03381 -13.90621 271.60934 -179.00308 -30.91665 NaN NaN NaN 35.45074 -135.38460 15.05668 -46.35889 -194.37697 -67.48852
36194 2.60789 NaN NaN NaN 167.52583 -109.03476 -13.88289 271.61533 -178.97572 -30.90884 NaN NaN NaN 35.59643 -135.11617 14.85813 -46.24538 -194.23250 -67.57760
36195 2.61622 NaN NaN NaN 167.53409 -109.04670 -13.86379 271.64822 -178.95418 -30.91092 NaN NaN NaN 35.74467 -134.93256 14.69216 -46.15693 -194.07320 -67.65565
36196 2.62455 NaN NaN NaN 167.53934 -109.06175 -13.84516 271.67422 -178.94125 -30.90577 NaN NaN NaN 35.87854 -134.77473 14.56689 -46.06534 -193.94870 -67.74390
36197 2.63288 NaN NaN NaN 167.53523 -109.04633 -13.82397 271.68933 -178.90996 -30.92058 NaN NaN NaN 35.97182 -134.59978 14.42570 -45.98594 -193.82333 -67.80902
36198 2.64121 NaN NaN NaN 167.54753 -109.06066 -13.81146 271.69705 -178.91640 -30.90695 NaN NaN NaN 36.06123 -134.46214 14.29947 -45.93803 -193.72534 -67.88444
36199 2.64954 NaN NaN NaN 167.54590 -109.05801 -13.81212 271.70346 -178.92242 -30.91532 NaN NaN NaN 36.16713 -134.29802 14.19146 -45.88138 -193.59978 -67.90988
36200 2.65788 NaN NaN NaN 167.55629 -109.06159 -13.81266 271.71701 -178.89261 -30.92200 NaN NaN NaN 36.24247 -134.16185 14.09347 -45.82422 -193.50809 -67.95496
36201 2.66621 NaN NaN NaN 167.55222 -109.05968 -13.80944 271.72598 -178.87228 -30.94579 NaN NaN NaN 36.30853 -134.08403 14.03210 -45.79238 -193.41423 -67.99704
36202 2.67454 NaN NaN NaN 167.58846 -109.04389 -13.80580 271.74014 -178.85553 -30.95846 NaN NaN NaN 36.36988 -134.00014 13.97059 -45.74673 -193.35025 -68.03323
36203 2.68287 NaN NaN NaN 167.57234 -109.04321 -13.79782 271.75131 -178.84654 -30.97968 NaN NaN NaN 36.43219 -133.91254 13.93248 -45.71257 -193.26884 -68.05763
36204 2.69120 NaN NaN NaN 167.59756 -109.01665 -13.79672 271.74478 -178.83345 -30.98299 NaN NaN NaN 36.48642 -133.84369 13.85684 -45.68519 -193.22743 -68.09468
36205 2.69953 NaN NaN NaN 167.58461 -109.00609 -13.80580 271.76498 -178.82986 -31.00552 NaN NaN NaN 36.50680 -133.78873 13.82701 -45.67604 -193.16957 -68.12048
36206 2.70786 NaN NaN NaN 167.58147 -109.02653 -13.76753 271.74557 -178.78854 -30.98490 NaN NaN NaN 36.52617 -133.74992 13.78184 -45.66458 -193.11407 -68.15562
36207 2.71619 NaN NaN NaN 167.55106 -109.03529 -13.75187 271.74210 -178.75920 -30.99350 NaN NaN NaN 36.54787 -133.68582 13.76690 -45.66221 -193.06979 -68.17846
36208 2.72453 NaN NaN NaN 167.55026 -108.98901 -13.74430 271.73569 -178.74666 -30.98694 NaN NaN NaN 36.56543 -133.64725 13.68417 -45.63999 -193.04927 -68.19230
36209 2.73286 NaN NaN NaN 167.54980 -108.97913 -13.74405 271.73737 -178.74760 -30.98494 NaN NaN NaN 36.58022 -133.62898 13.63631 -45.62915 -193.00659 -68.20895
36210 2.74119 NaN NaN NaN 167.53860 -108.98562 -13.73571 271.72940 -178.73582 -30.97938 NaN NaN NaN 36.57992 -133.62112 13.62109 -45.62334 -192.97078 -68.23920
36211 2.74952 NaN NaN NaN 167.53317 -108.97710 -13.72830 271.73972 -178.73650 -30.98841 NaN NaN NaN 36.57238 -133.60292 13.61313 -45.62185 -192.92325 -68.26002
36212 2.75785 NaN NaN NaN 167.53017 -108.96471 -13.74314 271.71924 -178.71652 -30.98813 NaN NaN NaN 36.57359 -133.60115 13.62206 -45.61518 -192.88683 -68.31284
36213 2.76618 NaN NaN NaN 167.52786 -108.96560 -13.73438 271.73529 -178.72441 -30.99098 NaN NaN NaN 36.58228 -133.58183 13.60987 -45.59878 -192.83784 -68.33314
36214 2.77451 NaN NaN NaN 167.52612 -108.98529 -13.73136 271.73669 -178.71471 -31.00233 NaN NaN NaN 36.58204 -133.56511 13.60772 -45.61499 -192.80447 -68.37106
36215 2.78284 NaN NaN NaN 167.52750 -108.99969 -13.72447 271.74765 -178.73732 -31.01935 NaN NaN NaN 36.60923 -133.55101 13.58542 -45.61682 -192.77376 -68.37417
36216 2.79118 NaN NaN NaN 167.54099 -109.02093 -13.71605 271.73602 -178.72452 -31.02591 NaN NaN NaN 36.61261 -133.54552 13.56624 -45.62682 -192.76193 -68.39893
36217 2.79951 NaN NaN NaN 167.54358 -109.02381 -13.72291 271.74600 -178.73843 -31.05525 NaN NaN NaN 36.62658 -133.53259 13.54893 -45.61206 -192.71587 -68.40742
36218 2.80784 NaN NaN NaN 167.53590 -109.03072 -13.73054 271.75354 -178.73701 -31.07466 NaN NaN NaN 36.63311 -133.52951 13.52808 -45.58590 -192.69894 -68.44121
36219 2.81617 NaN NaN NaN 167.54211 -109.05296 -13.73459 271.75134 -178.75058 -31.09856 NaN NaN NaN 36.65620 -133.52367 13.50878 -45.59496 -192.63710 -68.46716
36220 2.82450 NaN NaN NaN 167.54399 -109.09764 -13.72106 271.76675 -178.76837 -31.09520 NaN NaN NaN 36.66394 -133.51167 13.49333 -45.61211 -192.61729 -68.49521
36221 2.83283 NaN NaN NaN 167.55176 -109.11031 -13.71176 271.76874 -178.76559 -31.09038 NaN NaN NaN 36.68976 -133.50859 13.46357 -45.60334 -192.59598 -68.54121
36222 2.84116 NaN NaN NaN 167.54802 -109.14390 -13.71703 271.76889 -178.77693 -31.09394 NaN NaN NaN 36.70266 -133.50888 13.42681 -45.60387 -192.57161 -68.58718
36223 2.84950 NaN NaN NaN 167.53714 -109.15516 -13.71603 271.78922 -178.79733 -31.09292 NaN NaN NaN 36.72173 -133.49243 13.42337 -45.60036 -192.53812 -68.62160
36224 2.85783 NaN NaN NaN 167.56432 -109.16225 -13.69719 271.79816 -178.81282 -31.09123 NaN NaN NaN 36.74458 -133.47110 13.42382 -45.58345 -192.50162 -68.66039
36225 2.86616 NaN NaN NaN 167.55075 -109.17532 -13.69746 271.82047 -178.83968 -31.08992 NaN NaN NaN 36.76170 -133.48354 13.40548 -45.59379 -192.46417 -68.70043
36226 2.87449 NaN NaN NaN 167.56563 -109.20646 -13.68300 271.84152 -178.85536 -31.09091 NaN NaN NaN 36.80218 -133.48380 13.34814 -45.58115 -192.45198 -68.71886
36227 2.88282 NaN NaN NaN 167.58145 -109.22292 -13.67034 271.86563 -178.87921 -31.09683 NaN NaN NaN 36.81297 -133.48885 13.32500 -45.59747 -192.42033 -68.74660
