Frame# Time LH1 LH2 LH3 RH1 RH2 RH3
X54 Y54 Z54 X55 Y55 Z55 X56 Y56 Z56 X57 Y57 Z57 X58 Y58 Z58 X59 Y59 Z59
33342 0.00702 NaN NaN NaN 176.91403 -134.90297 7.40352 271.49130 -195.61024 -50.86821 NaN NaN NaN 51.47680 -166.05331 1.93604 -44.69157 -211.48428 -73.44077
33343 0.01535 NaN NaN NaN 176.91994 -134.91266 7.41919 271.48944 -195.62309 -50.86832 NaN NaN NaN 51.47044 -166.07637 1.93278 -44.69737 -211.50056 -73.43848
33344 0.02369 NaN NaN NaN 176.93851 -134.92776 7.43106 271.50195 -195.64157 -50.87305 NaN NaN NaN 51.46753 -166.10516 1.94967 -44.69659 -211.50525 -73.45633
33345 0.03202 NaN NaN NaN 176.95232 -134.94531 7.44689 271.51251 -195.65794 -50.87599 NaN NaN NaN 51.48890 -166.12627 1.95669 -44.69303 -211.51434 -73.42544
33346 0.04035 NaN NaN NaN 176.97572 -134.99895 7.47766 271.51584 -195.66490 -50.87958 NaN NaN NaN 51.48158 -166.14482 1.96378 -44.71627 -211.52536 -73.39602
33347 0.04868 NaN NaN NaN 176.98155 -135.02380 7.49809 271.52353 -195.67842 -50.89083 NaN NaN NaN 51.49229 -166.13576 1.96683 -44.74383 -211.54099 -73.36513
33348 0.05701 NaN NaN NaN 177.00365 -135.04163 7.51196 271.52591 -195.68263 -50.87618 NaN NaN NaN 51.46344 -166.15533 1.97262 -44.74383 -211.58517 -73.33556
33349 0.06534 NaN NaN NaN 177.00330 -135.06703 7.52320 271.53345 -195.69661 -50.89913 NaN NaN NaN 51.47350 -166.16774 1.98617 -44.77322 -211.60719 -73.31441
33350 0.07367 NaN NaN NaN 177.00668 -135.06311 7.53409 271.51816 -195.68828 -50.88311 NaN NaN NaN 51.47244 -166.17798 2.01126 -44.76117 -211.63745 -73.29681
33351 0.08201 NaN NaN NaN 177.00311 -135.06738 7.53190 271.52060 -195.68170 -50.88451 NaN NaN NaN 51.48213 -166.16219 2.00692 -44.76669 -211.67241 -73.29388
33352 0.09034 NaN NaN NaN 177.00894 -135.06975 7.53927 271.51987 -195.67154 -50.87498 NaN NaN NaN 51.46876 -166.18840 2.02266 -44.75770 -211.67320 -73.29263
33353 0.09867 NaN NaN NaN 177.00832 -135.08113 7.55119 271.53833 -195.67802 -50.88080 NaN NaN NaN 51.46512 -166.21925 2.04731 -44.76561 -211.67490 -73.29453
33354 0.10700 NaN NaN NaN 177.02864 -135.07626 7.55399 271.54242 -195.67520 -50.86845 NaN NaN NaN 51.44416 -166.22369 2.06315 -44.77239 -211.67303 -73.28040
33355 0.11533 NaN NaN NaN 177.03951 -135.08330 7.55799 271.55969 -195.70570 -50.89247 NaN NaN NaN 51.46108 -166.23773 2.06631 -44.79951 -211.69060 -73.26659
33356 0.12366 NaN NaN NaN 177.04407 -135.08450 7.56565 271.55560 -195.69380 -50.88327 NaN NaN NaN 51.45672 -166.23775 2.06813 -44.81187 -211.71065 -73.24061
33357 0.13199 NaN NaN NaN 177.05609 -135.10574 7.57878 271.56958 -195.69237 -50.90052 NaN NaN NaN 51.43962 -166.23836 2.06958 -44.82257 -211.71666 -73.24538
33358 0.14032 NaN NaN NaN 177.07167 -135.08627 7.57624 271.57471 -195.67824 -50.89875 NaN NaN NaN 51.42434 -166.23990 2.12672 -44.83220 -211.72032 -73.23795
33359 0.14866 NaN NaN NaN 177.09219 -135.10678 7.60282 271.58115 -195.68042 -50.91353 NaN NaN NaN 51.40762 -166.25883 2.15733 -44.84121 -211.71025 -73.23413
33360 0.15699 NaN NaN NaN 177.11148 -135.09090 7.61260 271.59811 -195.67709 -50.93123 NaN NaN NaN 51.39588 -166.26088 2.19674 -44.83979 -211.70036 -73.22217
33361 0.16532 NaN NaN NaN 177.11768 -135.08395 7.62852 271.60352 -195.67793 -50.92255 NaN NaN NaN 51.39837 -166.25652 2.20343 -44.84627 -211.70715 -73.21215
33362 0.17365 NaN NaN NaN 177.10963 -135.08521 7.64052 271.59192 -195.66469 -50.90863 NaN NaN NaN 51.38503 -166.25894 2.21021 -44.85160 -211.72734 -73.19176
33363 0.18198 NaN NaN NaN 177.11438 -135.08904 7.65502 271.59769 -195.65883 -50.91405 NaN NaN NaN 51.38098 -166.27272 2.20768 -44.85575 -211.74194 -73.16927
33364 0.19031 NaN NaN NaN 177.12706 -135.08044 7.66256 271.59045 -195.64487 -50.91240 NaN NaN NaN 51.35822 -166.24852 2.22132 -44.87062 -211.74097 -73.14624
33365 0.19864 NaN NaN NaN 177.12708 -135.07938 7.66068 271.60257 -195.63704 -50.92059 NaN NaN NaN 51.36549 -166.24310 2.23458 -44.89442 -211.74577 -73.11860
33366 0.20697 NaN NaN NaN 177.13051 -135.07303 7.66146 271.60040 -195.62137 -50.91891 NaN NaN NaN 51.33773 -166.23489 2.24797 -44.91481 -211.75136 -73.08151
33367 0.21531 NaN NaN NaN 177.13516 -135.06529 7.66830 271.59366 -195.62335 -50.92756 NaN NaN NaN 51.32347 -166.24940 2.25334 -44.92465 -211.75890 -73.07139
33368 0.22364 NaN NaN NaN 177.11879 -135.06749 7.65970 271.57306 -195.60960 -50.93046 NaN NaN NaN 51.31467 -166.26273 2.25186 -44.95190 -211.77200 -73.07125
33369 0.23197 NaN NaN NaN 177.11877 -135.05070 7.66997 271.56912 -195.60649 -50.93960 NaN NaN NaN 51.29815 -166.26628 2.26535 -44.95921 -211.78937 -73.05949
33370 0.24030 NaN NaN NaN 177.11314 -135.05574 7.66007 271.56476 -195.58957 -50.91979 NaN NaN NaN 51.28296 -166.27148 2.27979 -44.97404 -211.79478 -73.04197
33371 0.24863 NaN NaN NaN 177.11168 -135.04796 7.66897 271.55807 -195.59769 -50.94822 NaN NaN NaN 51.26183 -166.26254 2.27397 -44.99205 -211.81554 -73.02095
33372 0.25696 NaN NaN NaN 177.11162 -135.04787 7.65899 271.55212 -195.58479 -50.96440 NaN NaN NaN 51.24972 -166.26305 2.27946 -44.99709 -211.81055 -72.99574
33373 0.26529 NaN NaN NaN 177.12497 -135.04782 7.67187 271.55728 -195.59077 -50.96013 NaN NaN NaN 51.26168 -166.27136 2.28756 -45.03299 -211.79619 -72.97092
33374 0.27362 NaN NaN NaN 177.12117 -135.04955 7.67367 271.55484 -195.58849 -50.95978 NaN NaN NaN 51.23170 -166.27464 2.30953 -45.03375 -211.79887 -72.94942
33375 0.28196 NaN NaN NaN 177.11893 -135.04121 7.66900 271.54507 -195.59729 -50.96304 NaN NaN NaN 51.22834 -166.28944 2.31990 -45.04736 -211.80725 -72.95581
33376 0.29029 NaN NaN NaN 177.11603 -135.04620 7.66701 271.54541 -195.59805 -50.96674 NaN NaN NaN 51.21217 -166.28157 2.32737 -45.03416 -211.82478 -72.93230
33377 0.29862 NaN NaN NaN 177.12637 -135.05222 7.67628 271.55829 -195.60881 -50.97567 NaN NaN NaN 51.19596 -166.28485 2.33411 -45.05304 -211.83250 -72.92227
33378 0.30695 NaN NaN NaN 177.12073 -135.05452 7.67350 271.56107 -195.59944 -50.96790 NaN NaN NaN 51.20000 -166.28859 2.35817 -45.05018 -211.84665 -72.90100
33379 0.31528 NaN NaN NaN 177.12276 -135.05690 7.67531 271.56726 -195.61320 -50.98316 NaN NaN NaN 51.19811 -166.29036 2.37197 -45.06046 -211.85861 -72.89651
33380 0.32361 NaN NaN NaN 177.12534 -135.06758 7.67175 271.56241 -195.60104 -50.97526 NaN NaN NaN 51.20673 -166.29668 2.37057 -45.05545 -211.86670 -72.88460
33381 0.33194 NaN NaN NaN 177.13573 -135.06064 7.67762 271.56766 -195.59315 -50.97533 NaN NaN NaN 51.19621 -166.30624 2.37725 -45.08125 -211.88788 -72.86291
33382 0.34028 NaN NaN NaN 177.13554 -135.07283 7.66169 271.56592 -195.59703 -50.97950 NaN NaN NaN 51.21113 -166.32076 2.38441 -45.08348 -211.88354 -72.86542
33383 0.34861 NaN NaN NaN 177.14336 -135.07710 7.66045 271.57193 -195.61716 -50.99252 NaN NaN NaN 51.18227 -166.31828 2.36924 -45.10687 -211.88837 -72.85380
33384 0.35694 NaN NaN NaN 177.12730 -135.08000 7.65988 271.57578 -195.62112 -50.98170 NaN NaN NaN 51.18425 -166.34781 2.37271 -45.11763 -211.89503 -72.82732
33385 0.36527 NaN NaN NaN 177.12834 -135.08801 7.65362 271.58273 -195.64359 -50.99066 NaN NaN NaN 51.18807 -166.35326 2.36683 -45.12910 -211.92342 -72.81163
33386 0.37360 NaN NaN NaN 177.12059 -135.09280 7.65409 271.57037 -195.64549 -50.99837 NaN NaN NaN 51.19803 -166.34924 2.36300 -45.14066 -211.94687 -72.77190
33387 0.38193 NaN NaN NaN 177.14243 -135.09535 7.65088 271.58929 -195.65218 -50.99580 NaN NaN NaN 51.19843 -166.38841 2.35429 -45.16339 -211.96458 -72.79778
33388 0.39026 NaN NaN NaN 177.12764 -135.09595 7.62993 271.59787 -195.66963 -50.96259 NaN NaN NaN 51.17618 -166.43588 2.38159 -45.15736 -211.99078 -72.80459
33389 0.39859 NaN NaN NaN 177.12726 -135.10907 7.62946 271.60001 -195.68475 -50.97171 NaN NaN NaN 51.13934 -166.44658 2.38961 -45.16875 -211.99771 -72.82258
33390 0.40693 NaN NaN NaN 177.12692 -135.10324 7.62104 271.59109 -195.67776 -50.95678 NaN NaN NaN 51.11501 -166.45897 2.41469 -45.17524 -212.01138 -72.80093
33391 0.41526 NaN NaN NaN 177.12828 -135.10492 7.60916 271.58463 -195.68307 -50.97955 NaN NaN NaN 51.10115 -166.46637 2.40238 -45.21981 -212.03471 -72.79486
33392 0.42359 NaN NaN NaN 177.12158 -135.10025 7.58899 271.58258 -195.67815 -50.96358 NaN NaN NaN 51.11162 -166.45493 2.41674 -45.21125 -212.04060 -72.77275
33393 0.43192 NaN NaN NaN 177.11621 -135.09665 7.58689 271.58212 -195.68230 -50.97375 NaN NaN NaN 51.10931 -166.45480 2.41264 -45.21740 -212.06451 -72.76173
33394 0.44025 NaN NaN NaN 177.09412 -135.09407 7.57910 271.58444 -195.70209 -50.95430 NaN NaN NaN 51.09662 -166.48790 2.41772 -45.22803 -212.07118 -72.75876
33395 0.44858 NaN NaN NaN 177.07510 -135.09464 7.56134 271.57385 -195.69215 -50.94827 NaN NaN NaN 51.06573 -166.52539 2.41837 -45.25031 -212.07561 -72.79786
33396 0.45691 NaN NaN NaN 177.07475 -135.06570 7.54845 271.56522 -195.70474 -50.93308 NaN NaN NaN 51.05383 -166.55447 2.43571 -45.23973 -212.08237 -72.79588
33397 0.46524 NaN NaN NaN 177.05333 -135.05920 7.52972 271.55609 -195.69690 -50.92065 NaN NaN NaN 51.04793 -166.59224 2.42299 -45.27472 -212.07819 -72.79688
33398 0.47358 NaN NaN NaN 177.02837 -135.04352 7.52340 271.54510 -195.69958 -50.89619 NaN NaN NaN 51.03022 -166.58727 2.41434 -45.28549 -212.08003 -72.75831
33399 0.48191 NaN NaN NaN 177.02194 -135.04568 7.52238 271.53323 -195.70412 -50.90285 NaN NaN NaN 51.03603 -166.57663 2.40659 -45.30955 -212.09532 -72.75505
33400 0.49024 NaN NaN NaN 177.01941 -135.03271 7.50950 271.52515 -195.68828 -50.89745 NaN NaN NaN 51.00847 -166.58954 2.40274 -45.32060 -212.10376 -72.76582
33401 0.49857 NaN NaN NaN 177.02882 -135.03963 7.50955 271.53876 -195.71021 -50.92461 NaN NaN NaN 50.96122 -166.65089 2.42192 -45.34255 -212.09988 -72.78799
33402 0.50690 NaN NaN NaN 177.02803 -135.05328 7.50987 271.52914 -195.69797 -50.93065 NaN NaN NaN 50.93952 -166.68690 2.43637 -45.36497 -212.10851 -72.79622
33403 0.51523 NaN NaN NaN 177.02992 -135.04832 7.51020 271.53769 -195.68819 -50.92015 NaN NaN NaN 50.92266 -166.72804 2.45527 -45.36943 -212.11594 -72.80569
33404 0.52356 NaN NaN NaN 177.02965 -135.03207 7.51268 271.52814 -195.69106 -50.93245 NaN NaN NaN 50.91267 -166.75546 2.45401 -45.39140 -212.12672 -72.78453
33405 0.53190 NaN NaN NaN 177.02789 -135.03601 7.51321 271.53098 -195.68921 -50.92551 NaN NaN NaN 50.90609 -166.75456 2.46805 -45.40896 -212.13991 -72.77408
33406 0.54023 NaN NaN NaN 177.03142 -135.01698 7.51694 271.53387 -195.68420 -50.91180 NaN NaN NaN 50.89250 -166.74319 2.46757 -45.41559 -212.13785 -72.75507
33407 0.54856 NaN NaN NaN 177.04163 -135.03654 7.51928 271.53107 -195.68076 -50.91842 NaN NaN NaN 50.89523 -166.72882 2.45746 -45.41244 -212.12820 -72.74319
33408 0.55689 NaN NaN NaN 177.04709 -135.03775 7.53508 271.52319 -195.67580 -50.90549 NaN NaN NaN 50.88374 -166.70183 2.46183 -45.41607 -212.12796 -72.73404
33409 0.56522 NaN NaN NaN 177.05194 -135.05263 7.53472 271.54428 -195.67230 -50.92059 NaN NaN NaN 50.89083 -166.71681 2.46724 -45.40966 -212.12352 -72.76196
33410 0.57355 NaN NaN NaN 177.04865 -135.02736 7.55049 271.55054 -195.67245 -50.92476 NaN NaN NaN 50.88369 -166.76123 2.49781 -45.41459 -212.12263 -72.76978
33411 0.58188 NaN NaN NaN 177.06703 -135.03497 7.55376 271.55508 -195.69016 -50.92001 NaN NaN NaN 50.87962 -166.76010 2.48178 -45.42651 -212.11272 -72.80784
33412 0.59021 NaN NaN NaN 177.07045 -135.02460 7.55488 271.54633 -195.68291 -50.93370 NaN NaN NaN 50.87368 -166.78403 2.50801 -45.42095 -212.10760 -72.78824
33413 0.59855 NaN NaN NaN 177.10606 -135.04666 7.57406 271.55139 -195.68954 -50.94382 NaN NaN NaN 50.87622 -166.78157 2.52033 -45.42426 -212.12520 -72.77056
33414 0.60688 NaN NaN NaN 177.11160 -135.04613 7.56613 271.54755 -195.66676 -50.94758 NaN NaN NaN 50.86169 -166.79599 2.53230 -45.44657 -212.13638 -72.75721
33415 0.61521 NaN NaN NaN 177.11720 -135.05034 7.57516 271.57019 -195.67590 -50.96618 NaN NaN NaN 50.84684 -166.78253 2.51391 -45.47738 -212.14270 -72.75645
33416 0.62354 NaN NaN NaN 177.11108 -135.05434 7.59446 271.55786 -195.65686 -50.95488 NaN NaN NaN 50.84574 -166.79912 2.54022 -45.49096 -212.14510 -72.76071
33417 0.63187 NaN NaN NaN 177.10902 -135.04614 7.58657 271.55606 -195.65607 -50.95331 NaN NaN NaN 50.84156 -166.79541 2.52522 -45.49641 -212.13614 -72.75783
33418 0.64020 NaN NaN NaN 177.10982 -135.04074 7.59058 271.55301 -195.65379 -50.95441 NaN NaN NaN 50.83686 -166.80074 2.54418 -45.50768 -212.13065 -72.77244
33419 0.64853 NaN NaN NaN 177.12733 -135.04189 7.58944 271.56708 -195.67274 -50.96341 NaN NaN NaN 50.83691 -166.79184 2.52239 -45.51202 -212.12201 -72.79662
33420 0.65686 NaN NaN NaN 177.12048 -135.03333 7.58516 271.57266 -195.67000 -50.95509 NaN NaN NaN 50.82550 -166.80484 2.53801 -45.52021 -212.11443 -72.81034
33421 0.66520 NaN NaN NaN 177.12830 -135.02594 7.58182 271.56909 -195.67615 -50.97532 NaN NaN NaN 50.84068 -166.81259 2.51640 -45.50845 -212.09981 -72.82365
33422 0.67353 NaN NaN NaN 177.12762 -135.03017 7.56136 271.54965 -195.67905 -50.99020 NaN NaN NaN 50.82911 -166.82066 2.52724 -45.50123 -212.10736 -72.82884
33423 0.68186 NaN NaN NaN 177.14729 -135.03455 7.56219 271.56100 -195.67793 -51.00260 NaN NaN NaN 50.82683 -166.81593 2.50446 -45.49878 -212.09877 -72.85014
33424 0.69019 NaN NaN NaN 177.15819 -135.04755 7.55534 271.55002 -195.68987 -51.01921 NaN NaN NaN 50.82618 -166.80710 2.51511 -45.49277 -212.10959 -72.84238
33425 0.69852 NaN NaN NaN 177.16052 -135.04703 7.55687 271.56091 -195.69115 -51.02410 NaN NaN NaN 50.82442 -166.78665 2.49314 -45.49835 -212.08444 -72.84818
33426 0.70685 NaN NaN NaN 177.17065 -135.04921 7.56243 271.57037 -195.69753 -51.04156 NaN NaN NaN 50.81817 -166.77251 2.48313 -45.50592 -212.07874 -72.84600
33427 0.71518 NaN NaN NaN 177.19994 -135.04123 7.57319 271.59198 -195.70900 -51.05477 NaN NaN NaN 50.81753 -166.76331 2.48683 -45.50093 -212.05943 -72.85056
33428 0.72352 NaN NaN NaN 177.20154 -135.05380 7.58718 271.59671 -195.69981 -51.08089 NaN NaN NaN 50.80087 -166.76385 2.51961 -45.52200 -212.05368 -72.83648
33429 0.73185 NaN NaN NaN 177.20328 -135.07228 7.62248 271.59213 -195.69479 -51.08096 NaN NaN NaN 50.79046 -166.75429 2.53831 -45.53347 -212.05309 -72.84539
33430 0.74018 NaN NaN NaN 177.19955 -135.06882 7.61662 271.56628 -195.67714 -51.10159 NaN NaN NaN 50.76590 -166.77434 2.54969 -45.56195 -212.04539 -72.83569
33431 0.74851 NaN NaN NaN 177.20834 -135.06291 7.61939 271.57275 -195.67261 -51.08850 NaN NaN NaN 50.75012 -166.75993 2.55829 -45.60548 -212.02628 -72.82916
33432 0.75684 NaN NaN NaN 177.22186 -135.06747 7.61848 271.56601 -195.67566 -51.11625 NaN NaN NaN 50.71521 -166.77950 2.57942 -45.63809 -212.01392 -72.79552
33433 0.76517 NaN NaN NaN 177.23837 -135.08177 7.63400 271.56943 -195.66783 -51.13050 NaN NaN NaN 50.65849 -166.82132 2.60620 -45.65818 -212.02121 -72.79012
33434 0.77350 NaN NaN NaN 177.24426 -135.09529 7.63624 271.55667 -195.66377 -51.16481 NaN NaN NaN 50.59674 -166.86877 2.64148 -45.67893 -212.03329 -72.78129
33435 0.78183 NaN NaN NaN 177.25464 -135.12819 7.66529 271.55774 -195.66702 -51.20401 NaN NaN NaN 50.55074 -166.91075 2.68170 -45.71429 -212.04025 -72.77180
33436 0.79017 NaN NaN NaN 177.26601 -135.13507 7.64475 271.53833 -195.64986 -51.22708 NaN NaN NaN 50.51682 -166.96709 2.68949 -45.74822 -212.07155 -72.76567
33437 0.79850 NaN NaN NaN 177.26855 -135.16295 7.66943 271.54279 -195.63788 -51.25337 NaN NaN NaN 50.48978 -166.97838 2.70498 -45.76305 -212.09448 -72.75132
33438 0.80683 NaN NaN NaN 177.27534 -135.16031 7.64350 271.54010 -195.63417 -51.27250 NaN NaN NaN 50.48367 -166.99129 2.70834 -45.78674 -212.11920 -72.72443
33439 0.81516 NaN NaN NaN 177.28789 -135.14041 7.63855 271.54633 -195.63506 -51.28346 NaN NaN NaN 50.47305 -166.99741 2.70940 -45.83691 -212.16565 -72.67215
33440 0.82349 NaN NaN NaN 177.29425 -135.14322 7.63318 271.52551 -195.64056 -51.32943 NaN NaN NaN 50.47668 -167.00668 2.69106 -45.87121 -212.20738 -72.65495
33441 0.83182 NaN NaN NaN 177.29900 -135.16928 7.66887 271.54504 -195.63089 -51.32835 NaN NaN NaN 50.47792 -167.00882 2.68013 -45.87975 -212.21956 -72.62796
33442 0.84015 NaN NaN NaN 177.30635 -135.17400 7.65424 271.53610 -195.61673 -51.33900 NaN NaN NaN 50.48131 -167.01256 2.68327 -45.90197 -212.22604 -72.57194
33443 0.84848 NaN NaN NaN 177.31514 -135.16975 7.66277 271.53757 -195.60364 -51.34325 NaN NaN NaN 50.49345 -167.01649 2.68647 -45.90307 -212.22368 -72.51805
33444 0.85682 NaN NaN NaN 177.34679 -135.16609 7.66626 271.53995 -195.60046 -51.42767 NaN NaN NaN 50.49841 -167.00713 2.70298 -45.93534 -212.24203 -72.46614
33445 0.86515 NaN NaN NaN 177.37134 -135.19063 7.71143 271.54730 -195.59486 -51.44518 NaN NaN NaN 50.47664 -166.99936 2.71763 -45.94801 -212.26035 -72.41295
33446 0.87348 NaN NaN NaN 177.39656 -135.21820 7.75170 271.54117 -195.60432 -51.51319 NaN NaN NaN 50.45303 -166.99423 2.74788 -45.95193 -212.29428 -72.37228
33447 0.88181 NaN NaN NaN 177.44313 -135.27464 7.79285 271.55573 -195.59686 -51.54444 NaN NaN NaN 50.45211 -166.99843 2.78090 -45.95716 -212.31531 -72.35075
33448 0.89014 NaN NaN NaN 177.48102 -135.32199 7.82842 271.56204 -195.61377 -51.56285 NaN NaN NaN 50.42518 -166.99927 2.80147 -45.98003 -212.32420 -72.34409
33449 0.89847 NaN NaN NaN 177.50969 -135.34256 7.85329 271.58951 -195.61256 -51.62240 NaN NaN NaN 50.41478 -167.01639 2.84327 -46.01475 -212.30554 -72.33224
33450 0.90680 NaN NaN NaN 177.55270 -135.36128 7.87626 271.60211 -195.62811 -51.67140 NaN NaN NaN 50.39494 -167.02647 2.88791 -46.02597 -212.30658 -72.30473
33451 0.91513 NaN NaN NaN 177.59334 -135.38954 7.89319 271.60269 -195.62137 -51.72080 NaN NaN NaN 50.38620 -167.01663 2.92871 -46.05523 -212.30078 -72.29801
33452 0.92347 NaN NaN NaN 177.65501 -135.39418 7.89803 271.61960 -195.62834 -51.77716 NaN NaN NaN 50.34051 -166.98332 2.95502 -46.07350 -212.29181 -72.29079
33453 0.93180 NaN NaN NaN 177.68080 -135.41476 7.90475 271.63611 -195.61172 -51.82437 NaN NaN NaN 50.29216 -166.98270 2.96035 -46.11354 -212.26399 -72.27605
33454 0.94013 NaN NaN NaN 177.69191 -135.41183 7.90636 271.63348 -195.59816 -51.85757 NaN NaN NaN 50.25740 -166.96733 2.98444 -46.13957 -212.24876 -72.26335
33455 0.94846 NaN NaN NaN 177.69978 -135.43115 7.93692 271.63089 -195.56171 -51.86447 NaN NaN NaN 50.22619 -166.95399 3.00355 -46.16561 -212.23201 -72.25150
33456 0.95679 NaN NaN NaN 177.70880 -135.38680 7.91075 271.63864 -195.53645 -51.89663 NaN NaN NaN 50.22698 -166.93950 2.99525 -46.19507 -212.19742 -72.22927
33457 0.96512 NaN NaN NaN 177.69635 -135.33768 7.89909 271.62375 -195.47305 -51.92269 NaN NaN NaN 50.21149 -166.92863 2.99450 -46.23322 -212.19330 -72.22229
33458 0.97345 NaN NaN NaN 177.70937 -135.26355 7.84829 271.61993 -195.44411 -51.91600 NaN NaN NaN 50.18040 -166.91400 2.99746 -46.26252 -212.17491 -72.20939
33459 0.98179 NaN NaN NaN 177.68973 -135.24843 7.84615 271.60205 -195.37704 -51.90071 NaN NaN NaN 50.17058 -166.90096 2.99804 -46.31318 -212.13451 -72.24129
33460 0.99012 NaN NaN NaN 177.69072 -135.18127 7.81296 271.59119 -195.34053 -51.91277 NaN NaN NaN 50.15344 -166.88388 3.00697 -46.32556 -212.08437 -72.22428
33461 0.99845 NaN NaN NaN 177.65971 -135.11839 7.79177 271.57840 -195.30319 -51.91408 NaN NaN NaN 50.12630 -166.85582 3.00579 -46.34909 -212.04314 -72.23389
33462 1.00678 NaN NaN NaN 177.61829 -135.04504 7.78444 271.54547 -195.31374 -51.88725 NaN NaN NaN 50.11525 -166.81522 3.01381 -46.36011 -211.99936 -72.20255
33463 1.01511 NaN NaN NaN 177.58694 -135.01384 7.79028 271.54852 -195.30174 -51.88164 NaN NaN NaN 50.11524 -166.78679 3.02509 -46.35580 -211.99701 -72.19492
33464 1.02344 NaN NaN NaN 177.58458 -134.99077 7.78938 271.53134 -195.29599 -51.87833 NaN NaN NaN 50.12060 -166.77310 3.03126 -46.37297 -211.99088 -72.17802
33465 1.03177 NaN NaN NaN 177.59395 -134.99113 7.79283 271.55142 -195.27766 -51.89138 NaN NaN NaN 50.11618 -166.73543 3.04494 -46.37555 -211.94722 -72.17596
33466 1.04010 NaN NaN NaN 177.59589 -134.99615 7.80673 271.55286 -195.27914 -51.89911 NaN NaN NaN 50.10730 -166.74545 3.04999 -46.38565 -211.91571 -72.15549
33467 1.04844 NaN NaN NaN 177.63686 -135.00760 7.81808 271.56320 -195.26344 -51.91134 NaN NaN NaN 50.09769 -166.71837 3.05570 -46.41226 -211.89070 -72.16087
33468 1.05677 NaN NaN NaN 177.68990 -135.03665 7.84328 271.55115 -195.23651 -51.94273 NaN NaN NaN 50.08477 -166.72185 3.05381 -46.41492 -211.87904 -72.16082
33469 1.06510 NaN NaN NaN 177.72375 -135.10368 7.90144 271.55566 -195.22990 -51.97079 NaN NaN NaN 50.08359 -166.70518 3.05535 -46.42323 -211.88818 -72.16563
33470 1.07343 NaN NaN NaN 177.75540 -135.11937 7.89747 271.57596 -195.25987 -51.99643 NaN NaN NaN 50.07820 -166.69736 3.04235 -46.43383 -211.89816 -72.15424
33471 1.08176 NaN NaN NaN 177.76831 -135.13971 7.93631 271.57922 -195.27734 -52.01944 NaN NaN NaN 50.08031 -166.69508 3.04541 -46.43341 -211.89349 -72.14571
33472 1.09009 NaN NaN NaN 177.78702 -135.16966 7.94556 271.59952 -195.30228 -52.04552 NaN NaN NaN 50.08412 -166.70300 3.03717 -46.42863 -211.91434 -72.12705
33473 1.09842 NaN NaN NaN 177.80397 -135.21426 7.97682 271.59592 -195.30441 -52.04898 NaN NaN NaN 50.11670 -166.68680 3.03256 -46.42486 -211.91071 -72.12564
33474 1.10675 NaN NaN NaN 177.83241 -135.21991 7.95163 271.60712 -195.31979 -52.06809 NaN NaN NaN 50.12321 -166.69627 3.03204 -46.43221 -211.90866 -72.12764
33475 1.11509 NaN NaN NaN 177.84601 -135.23067 7.98046 271.62094 -195.31668 -52.07432 NaN NaN NaN 50.13130 -166.68597 3.03135 -46.42555 -211.91306 -72.11097
33476 1.12342 NaN NaN NaN 177.83693 -135.24661 7.98384 271.61136 -195.32094 -52.08276 NaN NaN NaN 50.13847 -166.69981 3.02522 -46.43848 -211.93117 -72.09196
33477 1.13175 NaN NaN NaN 177.84364 -135.25079 8.00125 271.60406 -195.32231 -52.07627 NaN NaN NaN 50.14286 -166.71471 3.02697 -46.44001 -211.95575 -72.07526
33478 1.14008 NaN NaN NaN 177.84319 -135.26010 8.01172 271.60983 -195.34804 -52.07001 NaN NaN NaN 50.16123 -166.73228 3.02886 -46.42821 -211.98936 -72.04836
33479 1.14841 NaN NaN NaN 177.84286 -135.28485 8.01769 271.61957 -195.36084 -52.07953 NaN NaN NaN 50.17225 -166.73132 3.02812 -46.44120 -212.02437 -72.01672
33480 1.15674 NaN NaN NaN 177.86304 -135.29662 8.03064 271.62411 -195.38150 -52.09675 NaN NaN NaN 50.18691 -166.72987 3.02604 -46.44868 -212.04933 -71.98114
33481 1.16507 NaN NaN NaN 177.90092 -135.31082 8.05398 271.63858 -195.40880 -52.12844 NaN NaN NaN 50.18438 -166.72227 3.02643 -46.45812 -212.06786 -71.93003
33482 1.17341 NaN NaN NaN 177.92017 -135.34718 8.05227 271.63440 -195.43272 -52.14400 NaN NaN NaN 50.19039 -166.74965 3.03228 -46.49245 -212.09988 -71.88295
33483 1.18174 NaN NaN NaN 177.94891 -135.39061 8.07026 271.64844 -195.44623 -52.16873 NaN NaN NaN 50.17449 -166.78535 3.03335 -46.49573 -212.16225 -71.79840
33484 1.19007 NaN NaN NaN 177.96457 -135.45850 8.08954 271.65970 -195.49399 -52.21073 NaN NaN NaN 50.18406 -166.81624 3.02954 -46.51389 -212.24796 -71.73412
33485 1.19840 NaN NaN NaN 178.00079 -135.49696 8.10394 271.69458 -195.55493 -52.21986 NaN NaN NaN 50.20070 -166.84692 3.02823 -46.53602 -212.32423 -71.69070
33486 1.20673 NaN NaN NaN 178.02151 -135.55717 8.11830 271.69440 -195.57147 -52.23878 NaN NaN NaN 50.20823 -166.86925 3.02529 -46.51974 -212.39087 -71.64605
33487 1.21506 NaN NaN NaN 178.05231 -135.61250 8.12047 271.70172 -195.61279 -52.26818 NaN NaN NaN 50.20781 -166.89795 3.01299 -46.53165 -212.48981 -71.61066
33488 1.22339 NaN NaN NaN 178.08191 -135.67557 8.13284 271.70786 -195.67029 -52.29262 NaN NaN NaN 50.23563 -166.92459 2.98640 -46.53004 -212.54611 -71.58344
33489 1.23172 NaN NaN NaN 178.10004 -135.76738 8.13658 271.71729 -195.72336 -52.33126 NaN NaN NaN 50.23893 -166.97249 2.95490 -46.53823 -212.61206 -71.57724
33490 1.24006 NaN NaN NaN 178.12990 -135.86302 8.15099 271.73834 -195.75230 -52.37617 NaN NaN NaN 50.25084 -167.02487 2.94107 -46.52866 -212.65900 -71.56273
33491 1.24839 NaN NaN NaN 178.16702 -135.95016 8.17277 271.73883 -195.76836 -52.41897 NaN NaN NaN 50.25761 -167.07346 2.92589 -46.53125 -212.71906 -71.56085
33492 1.25672 NaN NaN NaN 178.18140 -136.02377 8.15382 271.73663 -195.80467 -52.43936 NaN NaN NaN 50.27441 -167.13577 2.90427 -46.52249 -212.74760 -71.54220
33493 1.26505 NaN NaN NaN 178.16064 -136.06175 8.16520 271.75400 -195.85184 -52.43969 NaN NaN NaN 50.35045 -167.18355 2.87092 -46.55626 -212.83153 -71.49474
33494 1.27338 NaN NaN NaN 178.14749 -136.08253 8.13153 271.75070 -195.90318 -52.41812 NaN NaN NaN 50.41709 -167.17197 2.74577 -46.56950 -212.91415 -71.32777
33495 1.28171 NaN NaN NaN 178.12660 -136.09872 8.13775 271.75168 -195.96062 -52.38510 NaN NaN NaN 50.46342 -167.13188 2.58327 -46.64716 -213.01332 -71.15913
33496 1.29004 NaN NaN NaN 178.10051 -136.12201 8.15244 271.76080 -195.97507 -52.35133 NaN NaN NaN 50.54303 -167.04546 2.44796 -46.69317 -213.08553 -71.08768
33497 1.29837 NaN NaN NaN 178.09988 -136.14787 8.19058 271.76892 -196.02455 -52.31594 NaN NaN NaN 50.59829 -167.00301 2.36187 -46.70868 -213.10825 -71.10403
33498 1.30671 NaN NaN NaN 178.08655 -136.16611 8.16230 271.75455 -196.02242 -52.31609 NaN NaN NaN 50.62241 -166.98901 2.32977 -46.72034 -213.05611 -71.12723
33499 1.31504 NaN NaN NaN 178.06999 -136.16783 8.14002 271.75250 -196.04256 -52.30085 NaN NaN NaN 50.65342 -166.98878 2.31217 -46.74243 -213.01863 -71.11717
33500 1.32337 NaN NaN NaN 178.05792 -136.15822 8.12591 271.74387 -196.05029 -52.28905 NaN NaN NaN 50.64894 -166.96889 2.28678 -46.76516 -212.99959 -71.11369
33501 1.33170 NaN NaN NaN 178.06216 -136.15308 8.12458 271.74881 -196.03603 -52.27328 NaN NaN NaN 50.63950 -166.97275 2.29872 -46.76167 -212.98650 -71.14116
33502 1.34003 NaN NaN NaN 178.06126 -136.12917 8.11938 271.74283 -196.03546 -52.26902 NaN NaN NaN 50.61984 -166.95999 2.34051 -46.74594 -212.95352 -71.15945
33503 1.34836 NaN NaN NaN 178.06630 -136.10649 8.13646 271.74023 -196.02524 -52.26285 NaN NaN NaN 50.54914 -166.94777 2.38904 -46.72920 -212.89363 -71.20644
33504 1.35669 NaN NaN NaN 178.10420 -136.07712 8.15932 271.74704 -195.99265 -52.25307 NaN NaN NaN 50.49434 -166.90669 2.41521 -46.71393 -212.80763 -71.21891
33505 1.36503 NaN NaN NaN 178.12668 -136.03767 8.20617 271.74384 -195.94415 -52.25705 NaN NaN NaN 50.46942 -166.87700 2.46732 -46.70163 -212.70067 -71.24678
33506 1.37336 NaN NaN NaN 178.16286 -136.02858 8.32031 271.74957 -195.88042 -52.26207 NaN NaN NaN 50.43848 -166.82800 2.52404 -46.71112 -212.63354 -71.27528
33507 1.38169 NaN NaN NaN 178.17302 -136.02055 8.44855 271.74884 -195.82884 -52.27465 NaN NaN NaN 50.42347 -166.79132 2.55069 -46.72012 -212.56259 -71.32825
33508 1.39002 NaN NaN NaN 178.21072 -135.99133 8.55306 271.73456 -195.77228 -52.28738 NaN NaN NaN 50.40670 -166.79257 2.59479 -46.72957 -212.50046 -71.34003
33509 1.39835 NaN NaN NaN 178.25117 -135.99664 8.61515 271.74002 -195.73911 -52.31060 NaN NaN NaN 50.38039 -166.76462 2.61787 -46.72793 -212.42261 -71.39278
33510 1.40668 NaN NaN NaN 178.30521 -135.95535 8.64526 271.74823 -195.70769 -52.31105 NaN NaN NaN 50.35823 -166.75417 2.62513 -46.74988 -212.33766 -71.39970
33511 1.41501 NaN NaN NaN 178.34116 -135.93211 8.67731 271.75827 -195.66092 -52.31192 NaN NaN NaN 50.35484 -166.70280 2.64663 -46.75525 -212.28290 -71.39217
33512 1.42334 NaN NaN NaN 178.33203 -135.89856 8.69544 271.75610 -195.61302 -52.30123 NaN NaN NaN 50.34677 -166.65988 2.65663 -46.77354 -212.25809 -71.40559
33513 1.43168 NaN NaN NaN 178.30095 -135.85617 8.68597 271.76294 -195.55092 -52.30492 NaN NaN NaN 50.32917 -166.62617 2.66314 -46.76957 -212.21104 -71.41143
33514 1.44001 NaN NaN NaN 178.29138 -135.77394 8.66172 271.73889 -195.50809 -52.27125 NaN NaN NaN 50.31372 -166.60150 2.67138 -46.75687 -212.18384 -71.41780
33515 1.44834 NaN NaN NaN 178.26485 -135.74037 8.64404 271.73300 -195.49040 -52.24384 NaN NaN NaN 50.30516 -166.57362 2.68623 -46.75285 -212.14488 -71.45253
33516 1.45667 NaN NaN NaN 178.25468 -135.63826 8.59679 271.72946 -195.44893 -52.24350 NaN NaN NaN 50.30129 -166.54649 2.71114 -46.75241 -212.09853 -71.44817
33517 1.46500 NaN NaN NaN 178.21799 -135.58809 8.56718 271.73395 -195.43384 -52.22618 NaN NaN NaN 50.31554 -166.51732 2.71784 -46.76596 -212.06728 -71.45903
33518 1.47333 NaN NaN NaN 178.19431 -135.47726 8.52696 271.71701 -195.39304 -52.19809 NaN NaN NaN 50.31087 -166.49913 2.73869 -46.76263 -212.03798 -71.40936
33519 1.48166 NaN NaN NaN 178.16446 -135.43176 8.51955 271.70035 -195.36073 -52.17850 NaN NaN NaN 50.32884 -166.45934 2.77455 -46.76326 -212.01512 -71.36398
33520 1.48999 NaN NaN NaN 178.17287 -135.42264 8.53153 271.69293 -195.32370 -52.17833 NaN NaN NaN 50.32299 -166.42543 2.80879 -46.76179 -211.97977 -71.35686
33521 1.49833 NaN NaN NaN 178.19434 -135.42035 8.53774 271.70535 -195.31516 -52.19973 NaN NaN NaN 50.30983 -166.41827 2.83745 -46.75782 -211.98138 -71.34608
33522 1.50666 NaN NaN NaN 178.22710 -135.41615 8.54350 271.70825 -195.31020 -52.22831 NaN NaN NaN 50.27456 -166.41678 2.87269 -46.77684 -211.97664 -71.33138
33523 1.51499 NaN NaN NaN 178.24825 -135.44363 8.57123 271.72134 -195.31950 -52.25735 NaN NaN NaN 50.23707 -166.41190 2.91603 -46.80430 -211.99229 -71.29249
33524 1.52332 NaN NaN NaN 178.28682 -135.45615 8.59040 271.71973 -195.32843 -52.27057 NaN NaN NaN 50.21332 -166.44489 2.94575 -46.82228 -212.01817 -71.26003
33525 1.53165 NaN NaN NaN 178.31001 -135.44029 8.60151 271.71008 -195.31944 -52.28884 NaN NaN NaN 50.19754 -166.47237 2.97998 -46.81578 -212.06354 -71.23550
33526 1.53998 NaN NaN NaN 178.32222 -135.46906 8.61990 271.71408 -195.32524 -52.31005 NaN NaN NaN 50.17390 -166.49745 3.01389 -46.83545 -212.11821 -71.20404
33527 1.54831 NaN NaN NaN 178.33504 -135.48604 8.61456 271.70609 -195.32738 -52.32424 NaN NaN NaN 50.15697 -166.53839 3.03596 -46.88120 -212.16461 -71.18863
33528 1.55664 NaN NaN NaN 178.32626 -135.52032 8.62311 271.71631 -195.34990 -52.34351 NaN NaN NaN 50.11311 -166.58653 3.05280 -46.91949 -212.20369 -71.16286
33529 1.56498 NaN NaN NaN 178.32550 -135.54022 8.63087 271.69534 -195.35568 -52.35477 NaN NaN NaN 50.08506 -166.64880 3.06884 -46.94831 -212.25851 -71.16735
33530 1.57331 NaN NaN NaN 178.30908 -135.57600 8.62708 271.69144 -195.38979 -52.35332 NaN NaN NaN 50.04111 -166.72464 3.07355 -46.97173 -212.28517 -71.17422
33531 1.58164 NaN NaN NaN 178.30057 -135.62347 8.63883 271.67862 -195.40375 -52.36882 NaN NaN NaN 49.99489 -166.80086 3.09313 -46.98507 -212.31894 -71.18494
33532 1.58997 NaN NaN NaN 178.26231 -135.72156 8.65631 271.67297 -195.42456 -52.37407 NaN NaN NaN 49.99817 -166.85423 3.10033 -47.00048 -212.35434 -71.18446
33533 1.59830 NaN NaN NaN 178.25822 -135.75319 8.63044 271.65683 -195.43643 -52.40453 NaN NaN NaN 49.99255 -166.89409 3.08905 -46.99533 -212.39944 -71.19034
33534 1.60663 NaN NaN NaN 178.23706 -135.77054 8.60365 271.65509 -195.49266 -52.42879 NaN NaN NaN 49.98974 -166.95500 3.07386 -46.99403 -212.44473 -71.20390
33535 1.61496 NaN NaN NaN 178.22229 -135.83827 8.60835 271.64999 -195.52835 -52.42673 NaN NaN NaN 49.99365 -166.99886 3.05125 -47.00076 -212.47545 -71.20458
33536 1.62330 NaN NaN NaN 178.20999 -135.85732 8.59683 271.65750 -195.56732 -52.42507 NaN NaN NaN 50.01734 -167.02878 3.03584 -47.01150 -212.49916 -71.23314
33537 1.63163 NaN NaN NaN 178.19472 -135.92206 8.59006 271.65408 -195.59467 -52.43245 NaN NaN NaN 50.03828 -167.06871 2.98487 -46.99874 -212.53842 -71.23877
33538 1.63996 NaN NaN NaN 178.18073 -135.96402 8.58593 271.65598 -195.60849 -52.43649 NaN NaN NaN 50.05348 -167.11049 2.97489 -46.99847 -212.59402 -71.22882
33539 1.64829 NaN NaN NaN 178.18549 -135.99919 8.58498 271.65073 -195.61452 -52.46597 NaN NaN NaN 50.07566 -167.14703 2.95842 -46.98519 -212.63562 -71.22427
33540 1.65662 NaN NaN NaN 178.18387 -136.03056 8.57707 271.65338 -195.64995 -52.46813 NaN NaN NaN 50.08770 -167.16196 2.95505 -46.98904 -212.69058 -71.21083
33541 1.66495 NaN NaN NaN 178.20302 -136.05914 8.58706 271.66019 -195.68202 -52.46602 NaN NaN NaN 50.09397 -167.19135 2.95213 -46.98373 -212.73755 -71.18879
33542 1.67328 NaN NaN NaN 178.21448 -136.09727 8.59655 271.66617 -195.74379 -52.47351 NaN NaN NaN 50.09499 -167.24823 2.94319 -46.99787 -212.79947 -71.17542
33543 1.68161 NaN NaN NaN 178.24643 -136.13904 8.61457 271.68881 -195.79463 -52.47002 NaN NaN NaN 50.08992 -167.30173 2.93789 -47.00587 -212.82739 -71.17419
33544 1.68995 NaN NaN NaN 178.26617 -136.16811 8.61138 271.69992 -195.84349 -52.46815 NaN NaN NaN 50.10867 -167.34961 2.93630 -47.02396 -212.86285 -71.19612
33545 1.69828 NaN NaN NaN 178.28096 -136.21448 8.62707 271.70810 -195.84952 -52.47446 NaN NaN NaN 50.08486 -167.37633 2.93792 -47.03132 -212.89093 -71.20787
33546 1.70661 NaN NaN NaN 178.29721 -136.22478 8.62342 271.70834 -195.85992 -52.46823 NaN NaN NaN 50.08136 -167.40349 2.92421 -47.04132 -212.91379 -71.22058
33547 1.71494 NaN NaN NaN 178.31039 -136.24696 8.63119 271.73148 -195.85910 -52.48702 NaN NaN NaN 50.08982 -167.42259 2.92821 -47.03024 -212.93495 -71.21578
33548 1.72327 NaN NaN NaN 178.31947 -136.24033 8.62673 271.72537 -195.85255 -52.47853 NaN NaN NaN 50.09927 -167.42268 2.90977 -47.03168 -212.93491 -71.21532
33549 1.73160 NaN NaN NaN 178.30415 -136.23488 8.62512 271.72791 -195.83931 -52.47490 NaN NaN NaN 50.10927 -167.43309 2.90308 -47.03454 -212.91359 -71.22101
33550 1.73993 NaN NaN NaN 178.28372 -136.19571 8.60620 271.72870 -195.85170 -52.45945 NaN NaN NaN 50.09584 -167.42064 2.89138 -47.04419 -212.87878 -71.24567
33551 1.74826 NaN NaN NaN 178.27768 -136.18288 8.60747 271.73676 -195.85139 -52.43161 NaN NaN NaN 50.11937 -167.37767 2.89341 -47.03389 -212.85750 -71.24277
33552 1.75660 NaN NaN NaN 178.26849 -136.14587 8.60105 271.73804 -195.83281 -52.43245 NaN NaN NaN 50.14984 -167.30956 2.85450 -47.03110 -212.82176 -71.22955
33553 1.76493 NaN NaN NaN 178.28032 -136.12323 8.62130 271.75284 -195.78154 -52.40755 NaN NaN NaN 50.16817 -167.26071 2.81965 -47.01992 -212.78186 -71.22462
33554 1.77326 NaN NaN NaN 178.31050 -136.07104 8.62411 271.73923 -195.73369 -52.41362 NaN NaN NaN 50.19503 -167.19095 2.79477 -47.02085 -212.73598 -71.22549
33555 1.78159 NaN NaN NaN 178.33765 -136.06862 8.65913 271.73438 -195.66800 -52.40967 NaN NaN NaN 50.19370 -167.13046 2.79815 -47.01693 -212.67500 -71.20119
33556 1.78992 NaN NaN NaN 178.36130 -136.01283 8.66963 271.73837 -195.63864 -52.39013 NaN NaN NaN 50.20540 -167.06261 2.78354 -47.01288 -212.62216 -71.17358
33557 1.79825 NaN NaN NaN 178.38254 -135.97859 8.67677 271.75073 -195.62302 -52.39831 NaN NaN NaN 50.23906 -167.00374 2.75212 -47.03390 -212.56129 -71.13378
33558 1.80658 NaN NaN NaN 178.37958 -135.96548 8.71229 271.75702 -195.62465 -52.39554 NaN NaN NaN 50.29189 -166.91763 2.68773 -47.05618 -212.52185 -71.09995
33559 1.81492 NaN NaN NaN 178.41414 -135.91187 8.71159 271.76974 -195.58606 -52.41382 NaN NaN NaN 50.32336 -166.81575 2.64993 -47.07346 -212.48566 -71.04986
33560 1.82325 NaN NaN NaN 178.44215 -135.90392 8.75302 271.76266 -195.48709 -52.45127 NaN NaN NaN 50.32571 -166.72807 2.63450 -47.07178 -212.45595 -71.05653
33561 1.83158 NaN NaN NaN 178.47202 -135.84348 8.75503 271.76596 -195.42561 -52.47038 NaN NaN NaN 50.32887 -166.66251 2.63265 -47.06358 -212.39720 -71.06293
33562 1.83991 NaN NaN NaN 178.46581 -135.85075 8.78967 271.77127 -195.34863 -52.51775 NaN NaN NaN 50.32513 -166.62253 2.63631 -47.05473 -212.39128 -71.05640
33563 1.84824 NaN NaN NaN 178.48822 -135.78734 8.76864 271.77185 -195.32916 -52.51772 NaN NaN NaN 50.32267 -166.57825 2.63870 -47.08611 -212.36508 -71.01507
33564 1.85657 NaN NaN NaN 178.50110 -135.73373 8.76427 271.76709 -195.32600 -52.51325 NaN NaN NaN 50.31875 -166.55226 2.63643 -47.10296 -212.35434 -70.99420
33565 1.86490 NaN NaN NaN 178.52144 -135.70303 8.76121 271.76474 -195.33904 -52.53294 NaN NaN NaN 50.31430 -166.53166 2.64627 -47.08827 -212.34973 -70.99319
33566 1.87323 NaN NaN NaN 178.52051 -135.69666 8.76692 271.76913 -195.34872 -52.53144 NaN NaN NaN 50.28720 -166.52081 2.68504 -47.07337 -212.34734 -71.00402
33567 1.88157 NaN NaN NaN 178.54855 -135.71323 8.78228 271.78830 -195.33243 -52.55842 NaN NaN NaN 50.29013 -166.52228 2.69802 -47.07798 -212.33040 -71.01302
33568 1.88990 NaN NaN NaN 178.55002 -135.72707 8.80367 271.78802 -195.32777 -52.55764 NaN NaN NaN 50.27922 -166.51999 2.71378 -47.07264 -212.31625 -71.01966
33569 1.89823 NaN NaN NaN 178.57347 -135.73663 8.81640 271.78516 -195.31071 -52.57683 NaN NaN NaN 50.26906 -166.52315 2.71656 -47.08683 -212.32182 -71.02023
33570 1.90656 NaN NaN NaN 178.58580 -135.75928 8.83762 271.77899 -195.30215 -52.56948 NaN NaN NaN 50.27178 -166.52373 2.73520 -47.07796 -212.34517 -71.01158
33571 1.91489 NaN NaN NaN 178.58293 -135.79294 8.87942 271.78281 -195.29926 -52.59892 NaN NaN NaN 50.27098 -166.52711 2.74480 -47.07854 -212.36229 -71.01192
33572 1.92322 NaN NaN NaN 178.58395 -135.84811 8.88160 271.78983 -195.31607 -52.59674 NaN NaN NaN 50.26637 -166.56104 2.74439 -47.09068 -212.36284 -71.01052
33573 1.93155 NaN NaN NaN 178.59283 -135.88995 8.89245 271.79501 -195.33272 -52.61539 NaN NaN NaN 50.26211 -166.61769 2.77168 -47.09186 -212.40729 -71.00076
33574 1.93988 NaN NaN NaN 178.58414 -135.92799 8.87981 271.78302 -195.33821 -52.60537 NaN NaN NaN 50.24983 -166.68965 2.79307 -47.08031 -212.45616 -71.00624
33575 1.94822 NaN NaN NaN 178.59261 -135.97559 8.89257 271.76968 -195.34502 -52.63915 NaN NaN NaN 50.24725 -166.75330 2.80133 -47.07464 -212.52283 -70.99450
33576 1.95655 NaN NaN NaN 178.55215 -136.01572 8.87469 271.76935 -195.40230 -52.62848 NaN NaN NaN 50.23441 -166.83157 2.78569 -47.09140 -212.57898 -70.98399
33577 1.96488 NaN NaN NaN 178.53664 -136.05487 8.88509 271.76855 -195.45596 -52.62005 NaN NaN NaN 50.22778 -166.92587 2.80488 -47.11684 -212.61375 -70.97546
33578 1.97321 NaN NaN NaN 178.52840 -136.06123 8.85691 271.74341 -195.48227 -52.60950 NaN NaN NaN 50.21138 -166.99599 2.79256 -47.12995 -212.66437 -70.97381
33579 1.98154 NaN NaN NaN 178.52332 -136.09772 8.84647 271.76892 -195.56544 -52.58822 NaN NaN NaN 50.20432 -167.04311 2.80167 -47.15229 -212.70932 -70.98241
33580 1.98987 NaN NaN NaN 178.51001 -136.16536 8.88036 271.77496 -195.61064 -52.57820 NaN NaN NaN 50.19493 -167.06424 2.79657 -47.15810 -212.75000 -70.98534
33581 1.99820 NaN NaN NaN 178.51141 -136.20116 8.87200 271.77570 -195.64163 -52.60723 NaN NaN NaN 50.16143 -167.08870 2.77583 -47.16876 -212.78511 -71.00276
33582 2.00654 NaN NaN NaN 178.52313 -136.23792 8.87286 271.76694 -195.67986 -52.58855 NaN NaN NaN 50.14067 -167.12328 2.78070 -47.15924 -212.79784 -71.01648
33583 2.01487 NaN NaN NaN 178.52872 -136.27258 8.87124 271.77145 -195.68114 -52.65665 NaN NaN NaN 50.13970 -167.13626 2.76704 -47.16948 -212.80505 -71.05043
33584 2.02320 NaN NaN NaN 178.54024 -136.30363 8.88770 271.76648 -195.69916 -52.63512 NaN NaN NaN 50.14565 -167.14786 2.74774 -47.14802 -212.82584 -71.06230
33585 2.03153 NaN NaN NaN 178.55186 -136.33099 8.89547 271.77625 -195.71208 -52.64803 NaN NaN NaN 50.16006 -167.14499 2.73753 -47.15192 -212.81053 -71.06898
33586 2.03986 NaN NaN NaN 178.55638 -136.36588 8.89982 271.77985 -195.75240 -52.60526 NaN NaN NaN 50.16766 -167.15527 2.74207 -47.14719 -212.80397 -71.08980
33587 2.04819 NaN NaN NaN 178.57031 -136.37315 8.91140 271.79147 -195.75768 -52.61879 NaN NaN NaN 50.16883 -167.16435 2.74244 -47.15279 -212.79803 -71.07687
33588 2.05652 NaN NaN NaN 178.55333 -136.36955 8.90636 271.79297 -195.77464 -52.58711 NaN NaN NaN 50.15495 -167.17110 2.74296 -47.14270 -212.79170 -71.07076
33589 2.06485 NaN NaN NaN 178.54987 -136.35551 8.90919 271.78543 -195.76436 -52.57224 NaN NaN NaN 50.16030 -167.16336 2.75373 -47.16173 -212.78252 -71.07353
33590 2.07319 NaN NaN NaN 178.54074 -136.31459 8.92221 271.78006 -195.76007 -52.54230 NaN NaN NaN 50.19133 -167.14088 2.73133 -47.14840 -212.75644 -71.05685
33591 2.08152 NaN NaN NaN 178.54630 -136.29520 8.94263 271.79871 -195.72949 -52.53999 NaN NaN NaN 50.21146 -167.07072 2.70908 -47.16660 -212.74997 -71.03548
33592 2.08985 NaN NaN NaN 178.56473 -136.28809 8.97205 271.78741 -195.70250 -52.52750 NaN NaN NaN 50.19019 -167.04453 2.70695 -47.13823 -212.71866 -71.04851
33593 2.09818 NaN NaN NaN 178.58081 -136.29964 8.98177 271.81241 -195.67499 -52.54045 NaN NaN NaN 50.19175 -167.02489 2.70769 -47.12894 -212.69910 -71.06671
33594 2.10651 NaN NaN NaN 178.57381 -136.29170 8.98565 271.78827 -195.61668 -52.55415 NaN NaN NaN 50.19119 -167.02611 2.72110 -47.13243 -212.68361 -71.06761
33595 2.11484 NaN NaN NaN 178.58301 -136.27382 8.98662 271.79419 -195.60757 -52.56347 NaN NaN NaN 50.20798 -167.02246 2.72067 -47.15255 -212.68422 -71.06538
33596 2.12317 NaN NaN NaN 178.58926 -136.24861 8.98004 271.81293 -195.60269 -52.57443 NaN NaN NaN 50.21647 -167.01395 2.72008 -47.14634 -212.68495 -71.05861
33597 2.13150 NaN NaN NaN 178.61223 -136.25101 8.97413 271.82022 -195.58214 -52.59062 NaN NaN NaN 50.20002 -166.99814 2.71520 -47.14814 -212.66362 -71.05280
33598 2.13984 NaN NaN NaN 178.62032 -136.25511 8.99790 271.81369 -195.56705 -52.58974 NaN NaN NaN 50.18507 -166.98337 2.71517 -47.13965 -212.62212 -71.06115
33599 2.14817 NaN NaN NaN 178.64755 -136.23186 9.00502 271.82501 -195.53365 -52.61038 NaN NaN NaN 50.19283 -166.96353 2.71280 -47.15191 -212.57466 -71.06038
33600 2.15650 NaN NaN NaN 178.65331 -136.24388 9.03803 271.82858 -195.52412 -52.62261 NaN NaN NaN 50.19571 -166.94090 2.70523 -47.13485 -212.57552 -71.06351
33601 2.16483 NaN NaN NaN 178.67775 -136.23570 9.06013 271.84677 -195.52071 -52.62923 NaN NaN NaN 50.21801 -166.91624 2.72897 -47.12188 -212.56563 -71.03697
33602 2.17316 NaN NaN NaN 178.69690 -136.24699 9.06990 271.84723 -195.50925 -52.63599 NaN NaN NaN 50.21629 -166.88202 2.73187 -47.11762 -212.57935 -71.01622
33603 2.18149 NaN NaN NaN 178.71753 -136.26495 9.09354 271.86316 -195.46843 -52.67105 NaN NaN NaN 50.24269 -166.82600 2.72652 -47.10092 -212.56421 -70.98852
33604 2.18982 NaN NaN NaN 178.73514 -136.26196 9.11296 271.84210 -195.41969 -52.66233 NaN NaN NaN 50.26065 -166.77055 2.71246 -47.11438 -212.55754 -70.98009
33605 2.19815 NaN NaN NaN 178.76022 -136.26027 9.14326 271.85406 -195.37971 -52.72810 NaN NaN NaN 50.29216 -166.74394 2.71943 -47.11168 -212.54762 -70.94064
33606 2.20649 NaN NaN NaN 178.76039 -136.22992 9.15531 271.83118 -195.36263 -52.71956 NaN NaN NaN 50.28804 -166.72757 2.74402 -47.14823 -212.56163 -70.91135
33607 2.21482 NaN NaN NaN 178.77208 -136.21410 9.17090 271.84018 -195.33405 -52.75557 NaN NaN NaN 50.27575 -166.72665 2.79222 -47.16034 -212.56891 -70.88828
33608 2.22315 NaN NaN NaN 178.78889 -136.17987 9.25245 271.81772 -195.35422 -52.73801 NaN NaN NaN 50.26245 -166.73628 2.78711 -47.17673 -212.59691 -70.87281
33609 2.23148 NaN NaN NaN 178.78888 -136.19402 9.26318 271.81677 -195.36862 -52.75543 NaN NaN NaN 50.24508 -166.77055 2.81336 -47.19099 -212.61813 -70.84727
33610 2.23981 NaN NaN NaN 178.79073 -136.21124 9.29413 271.78748 -195.42326 -52.70696 NaN NaN NaN 50.21884 -166.82281 2.82447 -47.19847 -212.65753 -70.82382
33611 2.24814 NaN NaN NaN 178.79753 -136.21820 9.26993 271.80963 -195.44725 -52.72958 NaN NaN NaN 50.17826 -166.85480 2.86375 -47.23520 -212.69655 -70.82394
33612 2.25647 NaN NaN NaN 178.79256 -136.21866 9.26511 271.78278 -195.49774 -52.71532 NaN NaN NaN 50.17761 -166.87169 2.86856 -47.23072 -212.70758 -70.78907
33613 2.26481 NaN NaN NaN 178.77536 -136.23187 9.23651 271.80542 -195.51266 -52.76052 NaN NaN NaN 50.16630 -166.92581 2.87361 -47.25620 -212.74983 -70.79251
33614 2.27314 NaN NaN NaN 178.76482 -136.25346 9.22400 271.78403 -195.51286 -52.75546 NaN NaN NaN 50.16584 -166.95285 2.86919 -47.24938 -212.77872 -70.76424
33615 2.28147 NaN NaN NaN 178.76686 -136.27814 9.17030 271.78888 -195.52170 -52.77988 NaN NaN NaN 50.15026 -166.97534 2.86273 -47.26395 -212.80962 -70.77817
33616 2.28980 NaN NaN NaN 178.75807 -136.29346 9.13971 271.79355 -195.55704 -52.78733 NaN NaN NaN 50.16232 -166.98759 2.82136 -47.25510 -212.82394 -70.75633
33617 2.29813 NaN NaN NaN 178.75948 -136.32074 9.13450 271.80878 -195.58273 -52.77953 NaN NaN NaN 50.18027 -167.00446 2.79323 -47.26369 -212.82791 -70.75605
33618 2.30646 NaN NaN NaN 178.74582 -136.35246 9.12828 271.79086 -195.57745 -52.78258 NaN NaN NaN 50.21299 -167.00905 2.77728 -47.25262 -212.83299 -70.75588
33619 2.31479 NaN NaN NaN 178.73761 -136.39125 9.13024 271.79538 -195.59477 -52.79082 NaN NaN NaN 50.24095 -167.02603 2.74389 -47.24881 -212.85126 -70.77097
33620 2.32312 NaN NaN NaN 178.73747 -136.41469 9.12275 271.80838 -195.62857 -52.73885 NaN NaN NaN 50.25720 -167.02431 2.72583 -47.23541 -212.84668 -70.78470
33621 2.33146 NaN NaN NaN 178.74585 -136.42366 9.12582 271.82468 -195.64398 -52.75082 NaN NaN NaN 50.31555 -167.01973 2.69534 -47.22671 -212.85379 -70.79060
33622 2.33979 NaN NaN NaN 178.74915 -136.43246 9.12704 271.83044 -195.70598 -52.70491 NaN NaN NaN 50.32917 -167.02205 2.66254 -47.21117 -212.86880 -70.78931
33623 2.34812 NaN NaN NaN 178.74797 -136.42975 9.10670 271.85208 -195.71519 -52.71359 NaN NaN NaN 50.33246 -166.99071 2.59559 -47.20932 -212.88844 -70.78722
33624 2.35645 NaN NaN NaN 178.76553 -136.43460 9.08916 271.84573 -195.72978 -52.68076 NaN NaN NaN 50.33694 -166.98557 2.56121 -47.20490 -212.89697 -70.77827
33625 2.36478 NaN NaN NaN 178.78033 -136.44759 9.08522 271.86823 -195.74471 -52.69291 NaN NaN NaN 50.33232 -166.99225 2.53726 -47.21278 -212.90352 -70.79500
33626 2.37311 NaN NaN NaN 178.76443 -136.50494 9.11013 271.87906 -195.75700 -52.69293 NaN NaN NaN 50.32727 -167.02110 2.50838 -47.20205 -212.92938 -70.81226
33627 2.38144 NaN NaN NaN 178.79855 -136.52438 9.09725 271.88467 -195.70798 -52.73128 NaN NaN NaN 50.34804 -167.05458 2.47812 -47.19597 -212.93268 -70.82385
33628 2.38977 NaN NaN NaN 178.81659 -136.52570 9.08443 271.91586 -195.74123 -52.71056 NaN NaN NaN 50.36439 -167.06706 2.46384 -47.21173 -212.92531 -70.83910
33629 2.39811 NaN NaN NaN 178.82936 -136.52754 9.07730 271.93161 -195.72513 -52.72711 NaN NaN NaN 50.41195 -167.08984 2.45214 -47.21747 -212.94455 -70.83545
33630 2.40644 NaN NaN NaN 178.84395 -136.54482 9.08461 271.94092 -195.73109 -52.73995 NaN NaN NaN 50.42979 -167.05614 2.39150 -47.22624 -212.92300 -70.85358
33631 2.41477 NaN NaN NaN 178.84720 -136.56245 9.09118 271.97113 -195.71318 -52.73735 NaN NaN NaN 50.43721 -167.02040 2.35540 -47.22360 -212.91559 -70.86038
33632 2.42310 NaN NaN NaN 178.86415 -136.61916 9.14238 271.98932 -195.73315 -52.72155 NaN NaN NaN 50.44558 -166.97713 2.32160 -47.21679 -212.90909 -70.87226
33633 2.43143 NaN NaN NaN 178.88799 -136.60814 9.13148 272.00198 -195.72629 -52.71878 NaN NaN NaN 50.47782 -166.94965 2.29284 -47.19841 -212.89212 -70.88055
33634 2.43976 NaN NaN NaN 178.89386 -136.62779 9.16118 272.01471 -195.72289 -52.70696 NaN NaN NaN 50.48550 -166.93176 2.28058 -47.17175 -212.88538 -70.87772
33635 2.44809 NaN NaN NaN 178.90709 -136.59013 9.15100 272.02267 -195.70242 -52.71301 NaN NaN NaN 50.52113 -166.91524 2.26254 -47.15703 -212.85645 -70.87803
33636 2.45643 NaN NaN NaN 178.90659 -136.60733 9.19802 272.02585 -195.67674 -52.70026 NaN NaN NaN 50.53687 -166.88582 2.26258 -47.15353 -212.84891 -70.88674
33637 2.46476 NaN NaN NaN 178.92575 -136.57872 9.19419 272.02573 -195.63573 -52.72465 NaN NaN NaN 50.54617 -166.86031 2.26800 -47.14552 -212.81868 -70.89220
33638 2.47309 NaN NaN NaN 178.92664 -136.57265 9.21869 272.02240 -195.62634 -52.71365 NaN NaN NaN 50.53597 -166.82121 2.27466 -47.15885 -212.80061 -70.89779
33639 2.48142 NaN NaN NaN 178.91629 -136.55206 9.28072 272.02728 -195.60298 -52.71293 NaN NaN NaN 50.55093 -166.78331 2.26019 -47.15269 -212.77573 -70.89940
33640 2.48975 NaN NaN NaN 178.91850 -136.52710 9.28239 272.02252 -195.59976 -52.69954 NaN NaN NaN 50.55707 -166.74918 2.25179 -47.15477 -212.75237 -70.90088
33641 2.49808 NaN NaN NaN 178.90541 -136.51863 9.28907 272.00693 -195.58678 -52.71510 NaN NaN NaN 50.57289 -166.72549 2.23551 -47.14723 -212.73851 -70.89172
33642 2.50641 NaN NaN NaN 178.92189 -136.51195 9.28020 272.00073 -195.60182 -52.72128 NaN NaN NaN 50.56773 -166.66678 2.22651 -47.16821 -212.72249 -70.87601
33643 2.51474 NaN NaN NaN 178.93593 -136.50807 9.28760 272.00098 -195.58496 -52.74048 NaN NaN NaN 50.57266 -166.62976 2.19499 -47.18249 -212.68640 -70.86237
33644 2.52308 NaN NaN NaN 178.94305 -136.49265 9.28723 271.99921 -195.59914 -52.74400 NaN NaN NaN 50.56692 -166.56955 2.18081 -47.19465 -212.66208 -70.86291
33645 2.53141 NaN NaN NaN 178.92918 -136.46599 9.29080 271.99866 -195.60869 -52.77394 NaN NaN NaN 50.59749 -166.52574 2.17167 -47.18967 -212.61308 -70.86918
33646 2.53974 NaN NaN NaN 178.95337 -136.47345 9.29423 271.98196 -195.56174 -52.80594 NaN NaN NaN 50.60093 -166.52412 2.15936 -47.20660 -212.61028 -70.86549
33647 2.54807 NaN NaN NaN 178.96080 -136.47427 9.29997 271.98694 -195.56667 -52.81226 NaN NaN NaN 50.59398 -166.54510 2.16492 -47.21159 -212.61542 -70.85983
33648 2.55640 NaN NaN NaN 178.96565 -136.49635 9.32352 271.98236 -195.56544 -52.82218 NaN NaN NaN 50.55602 -166.55600 2.14880 -47.21338 -212.61626 -70.84986
33649 2.56473 NaN NaN NaN 178.97618 -136.49776 9.34615 271.98773 -195.60233 -52.84286 NaN NaN NaN 50.56166 -166.55930 2.12577 -47.22212 -212.61803 -70.84589
33650 2.57306 NaN NaN NaN 178.99222 -136.49948 9.35000 271.97693 -195.62968 -52.84114 NaN NaN NaN 50.54288 -166.55745 2.11061 -47.24494 -212.62202 -70.85795
33651 2.58139 NaN NaN NaN 178.99594 -136.51361 9.35790 271.96695 -195.66885 -52.84546 NaN NaN NaN 50.53397 -166.56517 2.12727 -47.27002 -212.63950 -70.86349
33652 2.58973 NaN NaN NaN 178.99097 -136.52098 9.37502 271.96848 -195.69212 -52.82593 NaN NaN NaN 50.52224 -166.59375 2.14971 -47.27003 -212.64056 -70.86388
33653 2.59806 NaN NaN NaN 178.99597 -136.55035 9.37683 271.96219 -195.70479 -52.84497 NaN NaN NaN 50.51144 -166.60954 2.12631 -47.27768 -212.64935 -70.86179
33654 2.60639 NaN NaN NaN 179.00600 -136.56435 9.37513 271.95355 -195.69479 -52.84744 NaN NaN NaN 50.49605 -166.62303 2.12422 -47.28203 -212.65891 -70.86660
33655 2.61472 NaN NaN NaN 178.99976 -136.58939 9.41454 271.94504 -195.70326 -52.86926 NaN NaN NaN 50.50840 -166.64890 2.11762 -47.29168 -212.67091 -70.87427
33656 2.62305 NaN NaN NaN 179.00763 -136.60864 9.39145 271.94162 -195.68730 -52.86974 NaN NaN NaN 50.49688 -166.67081 2.09143 -47.28415 -212.67700 -70.88234
33657 2.63138 NaN NaN NaN 178.99576 -136.63091 9.37896 271.94785 -195.67784 -52.88688 NaN NaN NaN 50.49706 -166.70316 2.07186 -47.29353 -212.69540 -70.89617
33658 2.63971 NaN NaN NaN 178.99739 -136.67294 9.36916 271.95636 -195.73590 -52.86555 NaN NaN NaN 50.48727 -166.71634 2.06705 -47.28456 -212.71497 -70.91130
33659 2.64805 NaN NaN NaN 179.01141 -136.67079 9.35714 271.96738 -195.74178 -52.87396 NaN NaN NaN 50.50930 -166.74814 2.07165 -47.28267 -212.72380 -70.91582
33660 2.65638 NaN NaN NaN 179.01770 -136.69057 9.32866 271.96649 -195.74965 -52.86309 NaN NaN NaN 50.50859 -166.76894 2.06011 -47.27272 -212.72458 -70.93117
33661 2.66471 NaN NaN NaN 179.02435 -136.70119 9.31175 271.98392 -195.76971 -52.86477 NaN NaN NaN 50.51884 -166.81027 2.05712 -47.29242 -212.73459 -70.93130
33662 2.67304 NaN NaN NaN 179.03191 -136.74994 9.31232 271.99753 -195.78528 -52.85229 NaN NaN NaN 50.51419 -166.81438 2.03220 -47.28610 -212.76025 -70.94204
33663 2.68137 NaN NaN NaN 179.07014 -136.75848 9.30890 272.01364 -195.81075 -52.85360 NaN NaN NaN 50.53609 -166.84567 2.03030 -47.28619 -212.76598 -70.94508
33664 2.68970 NaN NaN NaN 179.11639 -136.77266 9.32019 272.02924 -195.82971 -52.84555 NaN NaN NaN 50.53369 -166.88664 2.02399 -47.27774 -212.77744 -70.95630
33665 2.69803 NaN NaN NaN 179.13370 -136.77715 9.33029 272.04507 -195.81160 -52.85638 NaN NaN NaN 50.54919 -166.91565 2.04134 -47.26876 -212.80905 -70.96329
33666 2.70636 NaN NaN NaN 179.15387 -136.79709 9.34758 272.06583 -195.83339 -52.85241 NaN NaN NaN 50.52661 -166.93591 2.04443 -47.26381 -212.83087 -70.97244
33667 2.71470 NaN NaN NaN 179.18076 -136.82083 9.36878 272.09851 -195.84657 -52.84255 NaN NaN NaN 50.53366 -166.95149 2.06050 -47.26486 -212.83319 -70.97620
33668 2.72303 NaN NaN NaN 179.19196 -136.86324 9.40595 272.10815 -195.85426 -52.83023 NaN NaN NaN 50.52237 -166.95761 2.06311 -47.25205 -212.84010 -70.97777
33669 2.73136 NaN NaN NaN 179.20413 -136.86397 9.39039 272.11334 -195.86241 -52.82489 NaN NaN NaN 50.51589 -166.97485 2.06948 -47.23651 -212.85892 -70.99375
33670 2.73969 NaN NaN NaN 179.21155 -136.89516 9.43358 272.10989 -195.86172 -52.82710 NaN NaN NaN 50.48313 -166.99574 2.08387 -47.24308 -212.87509 -70.99294
33671 2.74802 NaN NaN NaN 179.20528 -136.88196 9.41807 272.12936 -195.87544 -52.81424 NaN NaN NaN 50.48421 -167.02039 2.09216 -47.25544 -212.90147 -71.00687
33672 2.75635 NaN NaN NaN 179.21513 -136.87056 9.41610 272.14090 -195.89061 -52.80657 NaN NaN NaN 50.47793 -167.03368 2.11123 -47.23472 -212.93787 -70.99960
33673 2.76468 NaN NaN NaN 179.23575 -136.88516 9.42593 272.14276 -195.90036 -52.78986 NaN NaN NaN 50.48549 -167.05467 2.11535 -47.23191 -212.93340 -71.00244
33674 2.77301 NaN NaN NaN 179.24271 -136.88484 9.46207 272.14822 -195.92313 -52.78965 NaN NaN NaN 50.46302 -167.06656 2.13258 -47.21162 -212.93581 -71.01754
33675 2.78135 NaN NaN NaN 179.24915 -136.89925 9.44576 272.14252 -195.89726 -52.80924 NaN NaN NaN 50.44924 -167.09094 2.14523 -47.23296 -212.94174 -71.06423
33676 2.78968 NaN NaN NaN 179.24573 -136.89534 9.47895 272.14532 -195.86977 -52.85115 NaN NaN NaN 50.40659 -167.10735 2.18728 -47.23298 -212.92331 -71.08682
33677 2.79801 NaN NaN NaN 179.25868 -136.90358 9.48560 272.14951 -195.85028 -52.85397 NaN NaN NaN 50.38998 -167.13943 2.22415 -47.22564 -212.91522 -71.09272
33678 2.80634 NaN NaN NaN 179.23553 -136.91931 9.50977 272.13736 -195.82413 -52.87997 NaN NaN NaN 50.34930 -167.15645 2.24803 -47.22158 -212.90326 -71.10385
33679 2.81467 NaN NaN NaN 179.24776 -136.90952 9.51705 272.13031 -195.82393 -52.86809 NaN NaN NaN 50.34353 -167.15694 2.26226 -47.22491 -212.90120 -71.11171
33680 2.82300 NaN NaN NaN 179.22957 -136.91493 9.52008 272.09747 -195.77376 -52.90399 NaN NaN NaN 50.32685 -167.14888 2.28037 -47.23113 -212.86899 -71.12068
33681 2.83133 NaN NaN NaN 179.24374 -136.88806 9.51421 272.08542 -195.77701 -52.88119 NaN NaN NaN 50.30933 -167.14700 2.28488 -47.24997 -212.85165 -71.12653
33682 2.83966 NaN NaN NaN 179.23555 -136.89091 9.52860 272.05579 -195.70546 -52.92918 NaN NaN NaN 50.29101 -167.12843 2.28986 -47.25470 -212.82574 -71.12563
33683 2.84800 NaN NaN NaN 179.22345 -136.88734 9.54903 272.03659 -195.69817 -52.90795 NaN NaN NaN 50.30544 -167.10539 2.27829 -47.27430 -212.80650 -71.12951
33684 2.85633 NaN NaN NaN 179.23198 -136.84700 9.57747 272.03461 -195.67409 -52.93496 NaN NaN NaN 50.31696 -167.05505 2.25089 -47.28468 -212.80437 -71.10868
33685 2.86466 NaN NaN NaN 179.22409 -136.82103 9.60077 272.03000 -195.67691 -52.92091 NaN NaN NaN 50.33940 -166.99680 2.24093 -47.29534 -212.79247 -71.10052
33686 2.87299 NaN NaN NaN 179.21059 -136.82161 9.62708 272.01416 -195.66272 -52.93776 NaN NaN NaN 50.34598 -166.96539 2.22252 -47.29262 -212.76387 -71.10441
33687 2.88132 NaN NaN NaN 179.20381 -136.78610 9.61619 272.01096 -195.65819 -52.92740 NaN NaN NaN 50.32484 -166.96475 2.22279 -47.30184 -212.72484 -71.12375
33688 2.88965 NaN NaN NaN 179.19879 -136.76158 9.61436 271.99216 -195.64546 -52.94698 NaN NaN NaN 50.31548 -166.98650 2.22196 -47.32962 -212.65068 -71.14999
33689 2.89798 NaN NaN NaN 179.18484 -136.72789 9.61079 271.98407 -195.62782 -52.94351 NaN NaN NaN 50.31095 -166.98021 2.22833 -47.35043 -212.62076 -71.16759
33690 2.90632 NaN NaN NaN 179.18611 -136.68378 9.61601 271.98343 -195.67065 -52.92293 NaN NaN NaN 50.30241 -166.95580 2.21363 -47.36233 -212.59654 -71.17433
33691 2.91465 NaN NaN NaN 179.16403 -136.63971 9.59214 271.98166 -195.65585 -52.92095 NaN NaN NaN 50.29790 -166.93042 2.19338 -47.38274 -212.54572 -71.17892
33692 2.92298 NaN NaN NaN 179.15108 -136.61705 9.57630 271.97836 -195.67336 -52.93812 NaN NaN NaN 50.27514 -166.90932 2.19316 -47.39624 -212.50853 -71.18088
33693 2.93131 NaN NaN NaN 179.14380 -136.58612 9.54579 271.98190 -195.65779 -52.94891 NaN NaN NaN 50.25627 -166.89835 2.18794 -47.45097 -212.48254 -71.18811
33694 2.93964 NaN NaN NaN 179.13593 -136.56580 9.51155 271.94724 -195.56691 -53.01643 NaN NaN NaN 50.23709 -166.91776 2.16761 -47.47126 -212.43256 -71.20570
33695 2.94797 NaN NaN NaN 179.10542 -136.52432 9.44195 271.93970 -195.48265 -53.05906 NaN NaN NaN 50.22529 -166.94925 2.20726 -47.48133 -212.37466 -71.23055
33696 2.95630 NaN NaN NaN 179.04518 -136.39471 9.31091 271.89832 -195.38036 -53.09345 NaN NaN NaN 50.18911 -166.97241 2.23469 -47.50120 -212.32109 -71.24989
33697 2.96463 NaN NaN NaN 178.97690 -136.20644 9.08966 271.85791 -195.29053 -53.07030 NaN NaN NaN 50.17713 -167.00681 2.28267 -47.52188 -212.24577 -71.25950
33698 2.97297 NaN NaN NaN 178.87689 -136.04976 8.96948 271.84149 -195.23091 -53.07222 NaN NaN NaN 50.14413 -167.01224 2.31438 -47.56052 -212.16798 -71.26738
33699 2.98130 NaN NaN NaN 178.81433 -135.84859 8.83652 271.83661 -195.13144 -52.99730 NaN NaN NaN 50.15711 -166.99971 2.33354 -47.57086 -212.08986 -71.30215
33700 2.98963 NaN NaN NaN 178.74055 -135.68393 8.70051 271.86856 -195.04335 -52.93296 NaN NaN NaN 50.20163 -166.95799 2.29484 -47.56604 -211.99992 -71.29732
33701 2.99796 NaN NaN NaN 178.64108 -135.57529 8.56472 271.89661 -194.95644 -52.87374 NaN NaN NaN 50.27609 -166.90025 2.26371 -47.55024 -211.91919 -71.26680
33702 3.00629 NaN NaN NaN 178.54372 -135.44269 8.44124 271.92987 -194.93205 -52.75450 NaN NaN NaN 50.33586 -166.86206 2.22131 -47.50535 -211.81769 -71.26963
33703 3.01462 NaN NaN NaN 178.52831 -135.32057 8.28562 271.99811 -194.89310 -52.62839 NaN NaN NaN 50.40495 -166.83875 2.17065 -47.46162 -211.75311 -71.28745
33704 3.02295 NaN NaN NaN 178.49214 -135.18941 8.03545 272.08307 -194.85745 -52.50812 NaN NaN NaN 50.57036 -166.82736 2.08867 -47.39325 -211.66612 -71.30759
33705 3.03128 NaN NaN NaN 178.44861 -135.02017 7.85399 272.20056 -194.81754 -52.39702 NaN NaN NaN 50.75001 -166.78253 2.01367 -47.30639 -211.57375 -71.32079
33706 3.03962 NaN NaN NaN 178.38539 -134.86430 7.65762 272.27924 -194.76949 -52.26088 NaN NaN NaN 50.94170 -166.81081 1.92291 -47.21329 -211.48486 -71.36588
33707 3.04795 NaN NaN NaN 178.30759 -134.71136 7.45036 272.39209 -194.71211 -52.08092 NaN NaN NaN 51.06991 -166.86307 1.82189 -47.09427 -211.39873 -71.48148
33708 3.05628 NaN NaN NaN 178.18567 -134.57805 7.20778 272.48334 -194.66295 -51.85284 NaN NaN NaN 51.13599 -166.97192 1.79359 -46.96790 -211.27557 -71.75610
33709 3.06461 NaN NaN NaN 178.06744 -134.38031 6.91595 272.55801 -194.61603 -51.67027 NaN NaN NaN 51.13865 -167.15488 1.83478 -46.81149 -211.12434 -72.18320
33710 3.07294 NaN NaN NaN 177.99998 -134.17941 6.64677 272.63208 -194.56873 -51.53956 NaN NaN NaN 51.06771 -167.39584 1.96603 -46.62669 -210.92526 -72.61410
33711 3.08127 NaN NaN NaN 177.91562 -133.91219 6.43326 272.65060 -194.52359 -51.39758 NaN NaN NaN 50.96327 -167.65378 2.17994 -46.41877 -210.72571 -73.09469
33712 3.08960 NaN NaN NaN 177.79648 -133.58942 6.27272 272.62219 -194.39488 -51.24436 NaN NaN NaN 50.81519 -167.90683 2.48440 -46.18377 -210.56531 -73.55473
33713 3.09794 NaN NaN NaN 177.61867 -133.17815 6.12382 272.58560 -194.23836 -50.94558 NaN NaN NaN 50.59686 -168.22173 2.84710 -45.94180 -210.41350 -74.00214
33714 3.10627 NaN NaN NaN 177.35220 -132.72900 5.88596 272.52228 -194.01973 -50.53559 NaN NaN NaN 50.24506 -168.58005 3.26125 -45.72421 -210.30446 -74.53294
33715 3.11460 NaN NaN NaN 177.03780 -132.08531 5.57651 272.39084 -193.72450 -50.02084 NaN NaN NaN 49.77197 -169.03403 3.89675 -45.54271 -210.18274 -75.06892
33716 3.12293 NaN NaN NaN 176.67206 -131.38918 5.17976 272.30603 -193.45518 -49.45120 NaN NaN NaN 49.16644 -169.59616 4.57700 -45.35489 -210.03175 -75.61481
33717 3.13126 NaN NaN NaN 176.28070 -130.66760 4.78542 272.25546 -193.11711 -48.80784 NaN NaN NaN 48.50879 -170.19864 5.30655 -45.17313 -209.79048 -76.42245
33718 3.13959 NaN NaN NaN 175.82281 -129.94496 4.43755 272.16782 -192.74454 -48.10373 NaN NaN NaN 47.77512 -170.88527 6.01273 -45.02198 -209.45959 -77.13564
33719 3.14792 NaN NaN NaN 175.36514 -129.18257 4.00054 272.07086 -192.36801 -47.39826 NaN NaN NaN 46.91076 -171.63124 6.84419 -44.87744 -209.18900 -77.90899
33720 3.15625 NaN NaN NaN 174.87334 -128.47281 3.54254 271.96753 -191.98349 -46.65373 NaN NaN NaN 45.87789 -172.47078 7.75680 -44.69226 -208.89105 -78.75919
33721 3.16459 NaN NaN NaN 174.33092 -127.75942 3.09775 271.89218 -191.60661 -45.85315 NaN NaN NaN 44.67122 -173.33543 8.68295 -44.50943 -208.56607 -79.74951
33722 3.17292 NaN NaN NaN 173.86533 -127.06590 2.77887 271.79044 -191.21828 -45.03899 NaN NaN NaN 43.31401 -174.38469 9.75140 -44.25814 -208.20580 -80.76894
33723 3.18125 NaN NaN NaN 173.41498 -126.36407 2.49904 271.65613 -190.88779 -44.24981 NaN NaN NaN 41.84107 -175.53859 10.92951 -43.97601 -207.80667 -81.83280
33724 3.18958 NaN NaN NaN 172.96318 -125.59441 2.19191 271.50284 -190.53906 -43.41212 NaN NaN NaN 40.28576 -176.71527 12.09218 -43.69138 -207.40395 -82.91734
33725 3.19791 NaN NaN NaN 172.49350 -124.85141 1.87688 271.38211 -190.17123 -42.50669 NaN NaN NaN 38.63483 -177.98943 13.13215 -43.40133 -206.94807 -83.91651
33726 3.20624 NaN NaN NaN 171.94460 -124.11519 1.51499 271.22256 -189.79819 -41.54351 NaN NaN NaN 36.96697 -179.15880 14.17125 -43.08002 -206.52188 -85.00128
33727 3.21457 NaN NaN NaN 171.35835 -123.34103 1.11030 271.06213 -189.42528 -40.46165 NaN NaN NaN 35.18109 -180.37299 15.22261 -42.73636 -206.09897 -86.11962
33728 3.22290 NaN NaN NaN 170.76639 -122.53299 0.63542 270.87067 -189.04349 -39.28174 NaN NaN NaN 33.33923 -181.48503 16.24529 -42.36585 -205.60942 -87.13627
33729 3.23124 NaN NaN NaN 170.18913 -121.81974 0.14851 270.63440 -188.63487 -38.06421 NaN NaN NaN 31.45372 -182.54990 17.20146 -42.04267 -205.24535 -88.12253
33730 3.23957 NaN NaN NaN 169.55673 -121.07507 -0.37523 270.43417 -188.24109 -36.71252 NaN NaN NaN 29.52779 -183.67317 18.09846 -41.72826 -204.88762 -88.98593
33731 3.24790 NaN NaN NaN 168.97099 -120.37358 -0.93949 270.18311 -187.82849 -35.32081 NaN NaN NaN 27.57587 -184.73134 18.97321 -41.42360 -204.57799 -89.81652
33732 3.25623 NaN NaN NaN 168.42082 -119.62790 -1.53431 269.95172 -187.39058 -33.98844 NaN NaN NaN 25.66572 -186.08093 20.01952 -41.04594 -204.26816 -90.59492
33733 3.26456 NaN NaN NaN 167.77196 -118.65491 -2.34031 269.67996 -186.99446 -32.55207 NaN NaN NaN 23.57650 -187.21854 20.83452 -40.63608 -203.96442 -91.43974
33734 3.27289 NaN NaN NaN 167.09111 -117.69260 -3.04898 269.34793 -186.55725 -31.26018 NaN NaN NaN 21.38302 -188.22908 21.62815 -40.21674 -203.70889 -92.20183
33735 3.28122 NaN NaN NaN 166.51566 -116.92281 -3.81977 269.01654 -186.12889 -30.01638 NaN NaN NaN 19.10791 -189.21516 22.33607 -39.70111 -203.33963 -93.04875
33736 3.28956 NaN NaN NaN 165.96526 -116.24659 -4.62712 268.65625 -185.74538 -28.93553 NaN NaN NaN 16.83900 -190.28534 23.05956 -38.93114 -202.75276 -94.05453
33737 3.29789 NaN NaN NaN 165.49548 -115.59083 -5.48165 268.30716 -185.37865 -28.00617 NaN NaN NaN 14.50879 -191.35478 23.60663 -38.13826 -202.08836 -95.04823
33738 3.30622 NaN NaN NaN 165.01318 -114.92478 -6.36843 267.94241 -185.03050 -27.17015 NaN NaN NaN 12.21054 -192.39540 24.11247 -37.33934 -201.38882 -96.05670
33739 3.31455 NaN NaN NaN 164.56242 -114.33083 -7.25149 267.56595 -184.68925 -26.45263 NaN NaN NaN 9.99605 -193.52252 24.56685 -36.49950 -200.74474 -96.91482
33740 3.32288 NaN NaN NaN 164.01688 -113.58662 -8.43035 267.13245 -184.31328 -25.71949 NaN NaN NaN 7.88747 -194.55489 25.01785 -35.65191 -200.14470 -97.64051
33741 3.33121 NaN NaN NaN 163.48994 -112.80392 -9.65522 266.61081 -183.92522 -25.00420 NaN NaN NaN 5.83893 -195.53305 25.43564 -34.79916 -199.64050 -98.36971
33742 3.33954 NaN NaN NaN 162.91618 -111.96469 -10.99077 266.06271 -183.46535 -24.25239 NaN NaN NaN 3.80884 -196.52921 25.67636 -33.92588 -199.08412 -99.03788
33743 3.34787 NaN NaN NaN 162.30057 -111.09040 -12.23060 265.49219 -183.00734 -23.47663 NaN NaN NaN 1.87628 -197.47462 25.86760 -33.06015 -198.45592 -99.58772
33744 3.35621 NaN NaN NaN 161.63991 -110.16405 -13.47253 264.87766 -182.42209 -22.61699 NaN NaN NaN 0.04535 -198.32442 26.01892 -32.28592 -197.96033 -100.21801
33745 3.36454 NaN NaN NaN 160.93861 -109.29193 -14.86754 264.26862 -181.90781 -21.78716 NaN NaN NaN -1.61704 -199.11060 26.09503 -31.58987 -197.48676 -100.73093
33746 3.37287 NaN NaN NaN 160.34654 -108.50201 -15.83015 263.67105 -181.38356 -21.00025 NaN NaN NaN -3.13383 -199.79791 26.17749 -30.98308 -197.07385 -101.08399
33747 3.38120 NaN NaN NaN 159.61423 -107.50527 -16.95938 263.04138 -180.90564 -20.23388 NaN NaN NaN -4.58823 -200.42863 26.20354 -30.56433 -196.81494 -101.33909
33748 3.38953 NaN NaN NaN 159.10924 -106.80443 -17.79796 262.37344 -180.36452 -19.56783 NaN NaN NaN -5.89870 -201.01694 26.27766 -30.15905 -196.53604 -101.62690
33749 3.39786 NaN NaN NaN 158.49109 -106.27143 -18.75767 261.72086 -179.85164 -18.99026 NaN NaN NaN -7.12911 -201.54807 26.33458 -29.90166 -196.36948 -101.88186
33750 3.40619 NaN NaN NaN 157.86790 -105.64323 -19.59017 261.06778 -179.27002 -18.53073 NaN NaN NaN -8.23709 -202.03761 26.37552 -29.67551 -196.25456 -102.01843
33751 3.41452 NaN NaN NaN 157.25526 -105.22987 -20.39371 260.51389 -178.74425 -18.05840 NaN NaN NaN -9.26885 -202.51291 26.43128 -29.45348 -196.15431 -102.11438
33752 3.42286 NaN NaN NaN 156.69995 -104.83255 -21.15767 259.94229 -178.21136 -17.66318 NaN NaN NaN -10.25810 -202.97917 26.48145 -29.22101 -196.08537 -102.22894
33753 3.43119 NaN NaN NaN 156.16608 -104.39577 -21.70774 259.43030 -177.75984 -17.36478 NaN NaN NaN -11.21402 -203.43463 26.50292 -28.93435 -195.96786 -102.39259
33754 3.43952 NaN NaN NaN 155.74614 -104.07593 -22.21276 259.01309 -177.34827 -17.02254 NaN NaN NaN -12.08628 -203.89311 26.43971 -28.63385 -195.91014 -102.55214
33755 3.44785 NaN NaN NaN 155.38007 -103.80505 -22.74112 258.63931 -177.00655 -16.75080 NaN NaN NaN -12.89100 -204.34294 26.36335 -28.30171 -195.79553 -102.68769
33756 3.45618 NaN NaN NaN 155.03647 -103.62814 -23.18025 258.36551 -176.72256 -16.46770 NaN NaN NaN -13.61759 -204.74931 26.28021 -27.93237 -195.73372 -102.86877
33757 3.46451 NaN NaN NaN 154.77109 -103.51344 -23.46162 258.13852 -176.48877 -16.20705 NaN NaN NaN -14.29923 -205.15192 26.15481 -27.63049 -195.66919 -103.05701
33758 3.47284 NaN NaN NaN 154.53137 -103.52326 -23.68323 258.00482 -176.29225 -15.94154 NaN NaN NaN -14.87594 -205.44533 26.11646 -27.31462 -195.57544 -103.22694
33759 3.48117 NaN NaN NaN 154.28206 -103.67661 -23.96386 257.96490 -176.18942 -15.78164 NaN NaN NaN -15.38101 -205.70045 26.10188 -27.05088 -195.49332 -103.38609
33760 3.48951 NaN NaN NaN 154.24475 -103.78848 -24.03694 257.96198 -176.10178 -15.67407 NaN NaN NaN -15.84500 -205.91846 26.10294 -26.79454 -195.43196 -103.46055
33761 3.49784 NaN NaN NaN 154.19180 -103.92583 -24.07228 258.00089 -176.04434 -15.57835 NaN NaN NaN -16.25315 -206.08943 26.09590 -26.59991 -195.40550 -103.44447
33762 3.50617 NaN NaN NaN 154.16109 -104.16553 -24.11094 258.09134 -176.03833 -15.53358 NaN NaN NaN -16.63036 -206.25967 26.09791 -26.50584 -195.45718 -103.43896
33763 3.51450 NaN NaN NaN 154.02080 -104.42437 -24.27867 258.16684 -176.06656 -15.57659 NaN NaN NaN -16.92047 -206.39282 26.12625 -26.47084 -195.53723 -103.41305
33764 3.52283 NaN NaN NaN 154.17705 -104.65666 -24.17312 258.27542 -176.13557 -15.68299 NaN NaN NaN -17.15139 -206.48248 26.18056 -26.50301 -195.64000 -103.39986
33765 3.53116 NaN NaN NaN 154.24608 -104.84128 -24.16773 258.34531 -176.18549 -15.79947 NaN NaN NaN -17.36396 -206.53120 26.25175 -26.51672 -195.72729 -103.35773
33766 3.53949 NaN NaN NaN 154.12439 -105.05504 -24.29586 258.40662 -176.22939 -15.91273 NaN NaN NaN -17.54092 -206.52965 26.34366 -26.55302 -195.84900 -103.30376
33767 3.54783 NaN NaN NaN 154.13036 -105.19008 -24.48945 258.44656 -176.23792 -15.99061 NaN NaN NaN -17.67068 -206.45288 26.42805 -26.59212 -195.93217 -103.18451
33768 3.55616 NaN NaN NaN 154.07222 -105.31470 -24.60846 258.49243 -176.23636 -16.13339 NaN NaN NaN -17.74197 -206.34370 26.55844 -26.62448 -196.03748 -103.05053
33769 3.56449 NaN NaN NaN 153.92754 -105.43587 -24.77418 258.47934 -176.19626 -16.22001 NaN NaN NaN -17.82213 -206.22394 26.69449 -26.63364 -196.15642 -102.88837
33770 3.57282 NaN NaN NaN 153.80101 -105.60250 -24.88767 258.44110 -176.14467 -16.26252 NaN NaN NaN -17.91562 -206.13322 26.81144 -26.66107 -196.24052 -102.72896
33771 3.58115 NaN NaN NaN 153.65207 -105.68506 -25.05055 258.32431 -176.10608 -16.30941 NaN NaN NaN -17.94054 -206.05185 26.99266 -26.77186 -196.31599 -102.54149
33772 3.58948 NaN NaN NaN 153.46265 -105.73610 -25.24273 258.22021 -176.06004 -16.35977 NaN NaN NaN -17.86830 -205.91422 27.20394 -26.92616 -196.40900 -102.42368
33773 3.59781 NaN NaN NaN 153.33691 -105.76896 -25.40438 258.14496 -176.05089 -16.39011 NaN NaN NaN -17.62533 -205.61148 27.44601 -27.20973 -196.52173 -102.19297
33774 3.60614 NaN NaN NaN 153.15692 -105.81960 -25.66667 258.08496 -176.03627 -16.41570 NaN NaN NaN -17.18138 -205.22466 27.75306 -27.66930 -196.77068 -101.90301
33775 3.61448 NaN NaN NaN 153.01921 -105.84525 -25.93732 258.02136 -176.03267 -16.45691 NaN NaN NaN -16.49612 -204.73178 28.03175 -28.23897 -197.15714 -101.51799
33776 3.62281 NaN NaN NaN 152.94441 -105.85673 -26.13987 257.91360 -176.02370 -16.54584 NaN NaN NaN -15.65926 -204.12959 28.37023 -28.84880 -197.64157 -101.13398
33777 3.63114 NaN NaN NaN 152.83737 -105.91986 -26.31679 257.83319 -176.00906 -16.65971 NaN NaN NaN -14.74706 -203.46707 28.71805 -29.41239 -198.10539 -100.70047
33778 3.63947 NaN NaN NaN 152.67799 -105.95006 -26.58601 257.75659 -175.99020 -16.78530 NaN NaN NaN -13.80608 -202.77658 29.01076 -29.91004 -198.50359 -100.31924
33779 3.64780 NaN NaN NaN 152.47295 -106.06576 -26.93230 257.64914 -175.91451 -16.86108 NaN NaN NaN -12.85375 -202.13177 29.20916 -30.28368 -198.89159 -99.88348
33780 3.65613 NaN NaN NaN 152.37593 -105.99718 -27.14162 257.52292 -175.86243 -16.93405 NaN NaN NaN -12.00525 -201.56061 29.35381 -30.55912 -199.16898 -99.59875
33781 3.66446 NaN NaN NaN 152.30457 -105.95781 -27.38481 257.38666 -175.84863 -16.92798 NaN NaN NaN -11.21969 -201.10120 29.47302 -30.69707 -199.20947 -99.25077
33782 3.67279 NaN NaN NaN 152.18201 -105.96021 -27.70289 257.27548 -175.83026 -16.91058 NaN NaN NaN -10.52382 -200.76645 29.62583 -30.70339 -199.22449 -99.01720
33783 3.68113 NaN NaN NaN 152.07443 -105.94733 -27.98525 257.11505 -175.75470 -16.83790 NaN NaN NaN -9.91649 -200.45976 29.72537 -30.75397 -199.31903 -98.88538
33784 3.68946 NaN NaN NaN 151.93181 -105.89827 -28.21521 256.97144 -175.71179 -16.76996 NaN NaN NaN -9.27596 -200.13118 29.89809 -30.85412 -199.43163 -98.62135
33785 3.69779 NaN NaN NaN 151.79451 -105.88903 -28.34172 256.85675 -175.63150 -16.66411 NaN NaN NaN -8.55679 -199.77522 30.11991 -31.11395 -199.67319 -98.28951
33786 3.70612 NaN NaN NaN 151.76422 -105.86533 -28.38906 256.73444 -175.60609 -16.55580 NaN NaN NaN -7.64241 -199.32816 30.28828 -31.53985 -199.96182 -97.86440
33787 3.71445 NaN NaN NaN 151.73402 -105.85227 -28.52088 256.67615 -175.57411 -16.46170 NaN NaN NaN -6.46335 -198.68694 30.44558 -32.19241 -200.35191 -97.27563
33788 3.72278 NaN NaN NaN 151.68878 -105.85124 -28.61641 256.67303 -175.55009 -16.44390 NaN NaN NaN -5.16244 -198.00189 30.59264 -33.00948 -200.93672 -96.73929
33789 3.73111 NaN NaN NaN 151.72375 -105.80660 -28.50482 256.67224 -175.52885 -16.47138 NaN NaN NaN -3.86561 -197.26184 30.65968 -33.82228 -201.50618 -96.14960
33790 3.73945 NaN NaN NaN 151.74359 -105.80204 -28.46459 256.70905 -175.55772 -16.57118 NaN NaN NaN -2.72372 -196.62149 30.65518 -34.58048 -202.11508 -95.59631
33791 3.74778 NaN NaN NaN 151.78008 -105.81146 -28.35977 256.74228 -175.60207 -16.63260 NaN NaN NaN -1.81431 -196.13612 30.58064 -35.20098 -202.55914 -95.14196
33792 3.75611 NaN NaN NaN 151.82353 -105.84876 -28.28864 256.78986 -175.64337 -16.64916 NaN NaN NaN -1.13329 -195.86938 30.53264 -35.63338 -202.96851 -94.84222
33793 3.76444 NaN NaN NaN 151.83864 -105.90881 -28.25522 256.82126 -175.66664 -16.59925 NaN NaN NaN -0.65378 -195.75150 30.48252 -35.87418 -203.18018 -94.68078
33794 3.77277 NaN NaN NaN 151.87537 -105.90453 -28.20151 256.84317 -175.65765 -16.46600 NaN NaN NaN -0.25397 -195.72684 30.44511 -36.12771 -203.32993 -94.57069
33795 3.78110 NaN NaN NaN 151.94429 -105.87172 -28.02685 256.82401 -175.63831 -16.33621 NaN NaN NaN 0.06632 -195.69829 30.41462 -36.41309 -203.54134 -94.46274
33796 3.78943 NaN NaN NaN 151.93851 -105.80482 -27.88491 256.80429 -175.64104 -16.21331 NaN NaN NaN 0.35588 -195.72609 30.43659 -36.78953 -203.82915 -94.26805
33797 3.79776 NaN NaN NaN 151.93687 -105.77870 -27.69927 256.78754 -175.66682 -15.99308 NaN NaN NaN 0.67649 -195.61365 30.52343 -37.25734 -204.19627 -93.93243
33798 3.80610 NaN NaN NaN 151.89851 -105.77718 -27.67072 256.75653 -175.69028 -15.78485 NaN NaN NaN 1.07364 -195.46234 30.61917 -37.89806 -204.71709 -93.44814
33799 3.81443 NaN NaN NaN 151.87953 -105.73786 -27.61634 256.69827 -175.66682 -15.60126 NaN NaN NaN 1.59508 -195.21437 30.75688 -38.73896 -205.37076 -92.86941
33800 3.82276 NaN NaN NaN 151.90964 -105.67483 -27.58122 256.68094 -175.67181 -15.41922 NaN NaN NaN 2.15055 -194.89969 30.85076 -39.62898 -206.09489 -92.17846
33801 3.83109 NaN NaN NaN 151.90581 -105.66586 -27.60174 256.67831 -175.64194 -15.31005 NaN NaN NaN 2.61331 -194.63789 30.96016 -40.52960 -206.81186 -91.47917
33802 3.83942 NaN NaN NaN 151.96321 -105.75695 -27.56623 256.63681 -175.61307 -15.22719 NaN NaN NaN 2.85967 -194.50351 31.03449 -41.36312 -207.47157 -90.90234
33803 3.84775 NaN NaN NaN 151.92178 -105.77471 -27.69905 256.54358 -175.55656 -15.09135 NaN NaN NaN 2.86353 -194.52481 31.08675 -41.98639 -207.95020 -90.52823
33804 3.85608 NaN NaN NaN 151.84831 -105.67321 -27.98769 256.42044 -175.49040 -14.95966 NaN NaN NaN 2.58147 -194.73143 31.15003 -42.50552 -208.30464 -90.34676
33805 3.86441 NaN NaN NaN 151.78636 -105.46513 -28.23467 256.23032 -175.40102 -14.73941 NaN NaN NaN 2.08959 -195.06508 31.24699 -42.95452 -208.49844 -90.31454
33806 3.87275 NaN NaN NaN 151.70044 -105.22123 -28.45052 256.07275 -175.30717 -14.53539 NaN NaN NaN 1.53501 -195.49936 31.35837 -43.30438 -208.62328 -90.32140
33807 3.88108 NaN NaN NaN 151.62407 -104.97865 -28.58898 255.89371 -175.22437 -14.40780 NaN NaN NaN 0.97365 -195.93608 31.47936 -43.65348 -208.73782 -90.30386
33808 3.88941 NaN NaN NaN 151.52080 -104.88060 -28.63816 255.74239 -175.17337 -14.30811 NaN NaN NaN 0.50213 -196.29535 31.60519 -43.96470 -208.85065 -90.27647
33809 3.89774 NaN NaN NaN 151.46840 -104.83669 -28.64249 255.64272 -175.15512 -14.23396 NaN NaN NaN 0.07761 -196.59674 31.72997 -44.30805 -209.10397 -90.19077
33810 3.90607 NaN NaN NaN 151.41731 -104.85615 -28.62697 255.55841 -175.08400 -14.14871 NaN NaN NaN -0.32208 -196.83510 31.90286 -44.71009 -209.40681 -90.01094
33811 3.91440 NaN NaN NaN 151.42882 -104.83629 -28.63170 255.48917 -175.07796 -14.10481 NaN NaN NaN -0.67507 -197.06169 32.09159 -45.13605 -209.73476 -89.77352
33812 3.92273 NaN NaN NaN 151.38678 -104.88091 -28.69710 255.44225 -175.09221 -14.06401 NaN NaN NaN -1.06640 -197.30164 32.29305 -45.59398 -210.04175 -89.53931
33813 3.93107 NaN NaN NaN 151.40138 -104.89979 -28.71531 255.43340 -175.10214 -14.08374 NaN NaN NaN -1.50022 -197.53635 32.51033 -46.11004 -210.35252 -89.25732
33814 3.93940 NaN NaN NaN 151.39452 -104.90672 -28.74966 255.44937 -175.16260 -14.11461 NaN NaN NaN -1.91346 -197.75954 32.75843 -46.62508 -210.65610 -89.00786
33815 3.94773 NaN NaN NaN 151.42035 -104.91344 -28.73972 255.46123 -175.23238 -14.18399 NaN NaN NaN -2.36501 -197.98969 33.00681 -47.21938 -210.97839 -88.75475
33816 3.95606 NaN NaN NaN 151.44963 -105.00108 -28.73020 255.49469 -175.31148 -14.27604 NaN NaN NaN -2.77223 -198.15935 33.17418 -47.83304 -211.29568 -88.51069
33817 3.96439 NaN NaN NaN 151.47739 -105.10550 -28.69448 255.53194 -175.38800 -14.35385 NaN NaN NaN -3.20694 -198.36589 33.29545 -48.46766 -211.61325 -88.24715
33818 3.97272 NaN NaN NaN 151.48593 -105.23666 -28.67598 255.56367 -175.47417 -14.42205 NaN NaN NaN -3.65251 -198.54817 33.41563 -49.08227 -211.89471 -88.03828
33819 3.98105 NaN NaN NaN 151.50912 -105.30886 -28.65464 255.58215 -175.56606 -14.49576 NaN NaN NaN -4.11614 -198.80197 33.48223 -49.71474 -212.20515 -87.87359
33820 3.98938 NaN NaN NaN 151.49403 -105.34306 -28.67520 255.60938 -175.61537 -14.54067 NaN NaN NaN -4.50753 -199.06410 33.59967 -50.32003 -212.47742 -87.69704
33821 3.99772 NaN NaN NaN 151.51497 -105.38463 -28.64182 255.60170 -175.63844 -14.54942 NaN NaN NaN -4.90704 -199.28833 33.70549 -50.99379 -212.77344 -87.48273
33822 4.00605 NaN NaN NaN 151.48114 -105.31232 -28.69264 255.57407 -175.65439 -14.52924 NaN NaN NaN -5.22730 -199.46964 33.80155 -51.73446 -213.12907 -87.23966
33823 4.01438 NaN NaN NaN 151.53615 -105.29755 -28.67645 255.53024 -175.64671 -14.49721 NaN NaN NaN -5.57024 -199.65584 33.88534 -52.53910 -213.64015 -86.98329
33824 4.02271 NaN NaN NaN 151.45662 -105.25694 -28.77056 255.47754 -175.58975 -14.44547 NaN NaN NaN -5.95229 -199.82040 34.00863 -53.39411 -214.05347 -86.67064
33825 4.03104 NaN NaN NaN 151.40816 -105.18547 -28.85267 255.39758 -175.50212 -14.36427 NaN NaN NaN -6.38171 -199.98193 34.16126 -54.25733 -214.61748 -86.35159
33826 4.03937 NaN NaN NaN 151.36220 -105.10410 -28.89293 255.34274 -175.44302 -14.31562 NaN NaN NaN -6.91867 -200.24135 34.35645 -55.06789 -215.06657 -86.09191
33827 4.04770 NaN NaN NaN 151.32957 -104.99418 -28.93157 255.29581 -175.37915 -14.30248 NaN NaN NaN -7.55334 -200.53447 34.49464 -55.81070 -215.42964 -85.90908
33828 4.05603 NaN NaN NaN 151.30307 -104.87204 -28.97062 255.24182 -175.31862 -14.25139 NaN NaN NaN -8.20855 -200.85899 34.64096 -56.50385 -215.64699 -85.64056
33829 4.06437 NaN NaN NaN 151.28731 -104.77058 -29.00091 255.17000 -175.26440 -14.18567 NaN NaN NaN -8.82612 -201.11835 34.81000 -57.25647 -215.88921 -85.41631
33830 4.07270 NaN NaN NaN 151.27884 -104.70030 -28.91706 255.12422 -175.22795 -14.12474 NaN NaN NaN -9.34917 -201.35091 34.96160 -58.01871 -216.09900 -85.11274
33831 4.08103 NaN NaN NaN 151.27028 -104.65720 -28.92244 255.07475 -175.21571 -14.08927 NaN NaN NaN -9.76444 -201.43875 35.11390 -58.81030 -216.45456 -84.75386
33832 4.08936 NaN NaN NaN 151.26547 -104.65197 -28.93048 255.01758 -175.20483 -14.06146 NaN NaN NaN -10.02078 -201.52843 35.32568 -59.59014 -216.75853 -84.41274
33833 4.09769 NaN NaN NaN 151.23341 -104.60331 -29.01121 254.95526 -175.17683 -14.04580 NaN NaN NaN -10.18190 -201.52335 35.51801 -60.51027 -217.16541 -83.82468
33834 4.10602 NaN NaN NaN 151.20387 -104.53674 -29.15836 254.90659 -175.16034 -14.04570 NaN NaN NaN -10.21164 -201.46718 35.67733 -61.52441 -217.64386 -83.12877
33835 4.11435 NaN NaN NaN 151.18762 -104.54039 -29.31748 254.84665 -175.12181 -14.05549 NaN NaN NaN -10.12411 -201.35312 35.83273 -62.59806 -218.15083 -82.32507
33836 4.12268 NaN NaN NaN 151.17484 -104.54909 -29.57556 254.75710 -175.08325 -14.07115 NaN NaN NaN -9.97432 -201.16966 35.98373 -63.64968 -218.65701 -81.57310
33837 4.13102 NaN NaN NaN 151.15570 -104.56118 -29.83246 254.67522 -175.06747 -14.09817 NaN NaN NaN -9.85177 -200.97104 36.12245 -64.67832 -219.13432 -80.79849
33838 4.13935 NaN NaN NaN 151.11163 -104.56670 -30.00343 254.59271 -175.07753 -14.15359 NaN NaN NaN -9.82367 -200.82774 36.22855 -65.65290 -219.51387 -80.16334
33839 4.14768 NaN NaN NaN 151.05742 -104.51788 -30.13186 254.49199 -175.06627 -14.21743 NaN NaN NaN -9.90896 -200.73000 36.30781 -66.47426 -219.86165 -79.67574
33840 4.15601 NaN NaN NaN 151.00551 -104.52882 -30.30738 254.39458 -175.06584 -14.27992 NaN NaN NaN -10.10594 -200.72865 36.32391 -67.18037 -220.10915 -79.38789
33841 4.16434 NaN NaN NaN 150.92360 -104.43848 -30.43207 254.29228 -175.07657 -14.36243 NaN NaN NaN -10.37972 -200.80510 36.39936 -67.72768 -220.27333 -79.20018
33842 4.17267 NaN NaN NaN 150.78323 -104.35615 -30.62409 254.18163 -175.12012 -14.42551 NaN NaN NaN -10.73090 -200.91199 36.45385 -68.13452 -220.40187 -79.07722
33843 4.18100 NaN NaN NaN 150.70628 -104.31176 -30.86010 254.01111 -175.13840 -14.48712 NaN NaN NaN -11.04032 -201.01935 36.57993 -68.40914 -220.48764 -78.99553
33844 4.18934 NaN NaN NaN 150.60263 -104.30247 -31.16153 253.78378 -175.13174 -14.54316 NaN NaN NaN -11.29275 -201.09351 36.72171 -68.50358 -220.47774 -78.90343
33845 4.19767 NaN NaN NaN 150.45920 -104.29686 -31.48610 253.59622 -175.09944 -14.60942 NaN NaN NaN -11.39369 -201.11583 36.79126 -68.56489 -220.51804 -78.85616
33846 4.20600 NaN NaN NaN 150.31697 -104.22629 -31.73031 253.44569 -175.04063 -14.67349 NaN NaN NaN -11.28883 -201.07158 36.82121 -68.51708 -220.46220 -78.72988
33847 4.21433 NaN NaN NaN 150.21785 -104.18475 -31.78298 253.38170 -175.07063 -14.81378 NaN NaN NaN -11.05847 -200.97057 36.80645 -68.44179 -220.50943 -78.65249
33848 4.22266 NaN NaN NaN 150.18263 -104.19949 -31.73608 253.34805 -175.14716 -14.99447 NaN NaN NaN -10.71550 -200.85376 36.75352 -68.24250 -220.51103 -78.59598
33849 4.23099 NaN NaN NaN 150.19493 -104.23237 -31.69226 253.39490 -175.19115 -15.16180 NaN NaN NaN -10.38031 -200.80077 36.70939 -67.93753 -220.46898 -78.61985
33850 4.23932 NaN NaN NaN 150.24762 -104.31487 -31.62970 253.46835 -175.29848 -15.32155 NaN NaN NaN -10.03511 -200.76305 36.64141 -67.58038 -220.35269 -78.68133
33851 4.24765 NaN NaN NaN 150.30119 -104.40820 -31.58889 253.54327 -175.41187 -15.51758 NaN NaN NaN -9.57884 -200.66261 36.49228 -67.24734 -220.24141 -78.80789
33852 4.25599 NaN NaN NaN 150.37209 -104.56483 -31.54644 253.63232 -175.50563 -15.77422 NaN NaN NaN -9.06301 -200.55696 36.29337 -66.89875 -220.16145 -78.96259
33853 4.26432 NaN NaN NaN 150.36769 -104.73428 -31.57604 253.71045 -175.61559 -15.95961 NaN NaN NaN -8.58701 -200.46817 36.04549 -66.54612 -220.04285 -79.12289
33854 4.27265 NaN NaN NaN 150.41916 -104.83316 -31.53778 253.79175 -175.70180 -16.07534 NaN NaN NaN -8.19464 -200.35397 35.88913 -66.19721 -219.95056 -79.28654
33855 4.28098 NaN NaN NaN 150.42252 -104.87308 -31.54891 253.81683 -175.74841 -16.13955 NaN NaN NaN -7.80647 -200.29420 35.76069 -65.81047 -219.81721 -79.42037
33856 4.28931 NaN NaN NaN 150.46391 -104.97951 -31.48658 253.82002 -175.79735 -16.18122 NaN NaN NaN -7.38404 -200.21088 35.65759 -65.51650 -219.73920 -79.50530
33857 4.29764 NaN NaN NaN 150.47281 -105.05884 -31.44440 253.81544 -175.83403 -16.21115 NaN NaN NaN -6.90501 -200.12830 35.47084 -65.18731 -219.63475 -79.63141
33858 4.30597 NaN NaN NaN 150.44214 -105.09989 -31.41532 253.78136 -175.87027 -16.25640 NaN NaN NaN -6.33420 -200.00964 35.22396 -64.85054 -219.53163 -79.70284
33859 4.31430 NaN NaN NaN 150.39354 -105.09380 -31.52928 253.74463 -175.90045 -16.29324 NaN NaN NaN -5.78559 -199.84401 34.99031 -64.47711 -219.44476 -79.77844
33860 4.32264 NaN NaN NaN 150.31140 -105.12305 -31.63382 253.72388 -175.91385 -16.29670 NaN NaN NaN -5.24104 -199.67322 34.79518 -64.04677 -219.37563 -79.87484
33861 4.33097 NaN NaN NaN 150.26915 -105.15417 -31.64487 253.68883 -175.92183 -16.30542 NaN NaN NaN -4.77061 -199.51549 34.65079 -63.58433 -219.24225 -80.05722
33862 4.33930 NaN NaN NaN 150.22952 -105.19239 -31.65242 253.67776 -175.94818 -16.29637 NaN NaN NaN -4.34849 -199.35919 34.51894 -63.14880 -219.13797 -80.23825
33863 4.34763 NaN NaN NaN 150.19792 -105.23722 -31.66722 253.65855 -175.95840 -16.29128 NaN NaN NaN -3.90544 -199.24287 34.38398 -62.69269 -218.96989 -80.42374
33864 4.35596 NaN NaN NaN 150.19543 -105.31414 -31.60596 253.63803 -175.96388 -16.27447 NaN NaN NaN -3.45137 -199.11572 34.22060 -62.24012 -218.82031 -80.58379
33865 4.36429 NaN NaN NaN 150.14307 -105.40359 -31.59855 253.61510 -175.93646 -16.23630 NaN NaN NaN -2.99226 -198.98756 34.09113 -61.82337 -218.69482 -80.67644
33866 4.37262 NaN NaN NaN 150.11450 -105.41009 -31.58731 253.58545 -175.90787 -16.22878 NaN NaN NaN -2.54075 -198.84705 33.95848 -61.38902 -218.52470 -80.78645
33867 4.38096 NaN NaN NaN 150.09386 -105.41828 -31.58904 253.56284 -175.88689 -16.20460 NaN NaN NaN -2.11655 -198.69046 33.83548 -60.94881 -218.40572 -80.91669
33868 4.38929 NaN NaN NaN 150.06624 -105.38317 -31.58123 253.55460 -175.87852 -16.16711 NaN NaN NaN -1.68164 -198.51694 33.69637 -60.51889 -218.26819 -81.09968
33869 4.39762 NaN NaN NaN 150.05583 -105.35052 -31.56032 253.54941 -175.84477 -16.11428 NaN NaN NaN -1.24246 -198.33794 33.51738 -60.07613 -218.17818 -81.25493
33870 4.40595 NaN NaN NaN 150.04204 -105.27637 -31.50471 253.51718 -175.79536 -16.09191 NaN NaN NaN -0.81211 -198.17838 33.38198 -59.65464 -218.07431 -81.35401
33871 4.41428 NaN NaN NaN 150.03078 -105.21175 -31.51171 253.48094 -175.77557 -16.05404 NaN NaN NaN -0.41346 -198.04050 33.28244 -59.23796 -217.90211 -81.49609
33872 4.42261 NaN NaN NaN 149.94878 -105.25392 -31.60796 253.44655 -175.74376 -16.03990 NaN NaN NaN -0.07029 -197.89531 33.14070 -58.70350 -217.70117 -81.73946
33873 4.43094 NaN NaN NaN 149.89890 -105.23261 -31.67497 253.41077 -175.70779 -16.00973 NaN NaN NaN 0.32846 -197.73959 33.02728 -58.18861 -217.42561 -81.94358
33874 4.43927 NaN NaN NaN 149.89220 -105.15855 -31.65782 253.38277 -175.67542 -15.99033 NaN NaN NaN 0.70235 -197.59027 32.85268 -57.63973 -217.07451 -82.26535
