Frame# Time LH1 LH2 LH3 RH1 RH2 RH3
X54 Y54 Z54 X55 Y55 Z55 X56 Y56 Z56 X57 Y57 Z57 X58 Y58 Z58 X59 Y59 Z59
49878 0.00338 NaN NaN NaN 195.09578 -116.75691 -7.02916 301.65417 -177.05533 -38.93491 NaN NaN NaN 70.02229 -88.20495 -19.15730 -17.96862 -180.83244 -45.93048
49879 0.01171 NaN NaN NaN 195.07387 -116.72416 -6.99418 301.59689 -177.02991 -39.09211 NaN NaN NaN 70.02575 -88.10513 -19.24659 -17.94278 -180.74820 -46.07304
49880 0.02004 NaN NaN NaN 195.07310 -116.69237 -6.97992 301.54898 -177.01918 -39.22876 NaN NaN NaN 70.05487 -88.05659 -19.42804 -17.89841 -180.72067 -46.25577
49881 0.02837 NaN NaN NaN 195.06079 -116.68108 -6.98667 301.52127 -177.01689 -39.29136 NaN NaN NaN 70.12616 -88.00350 -19.61412 -17.81629 -180.65315 -46.54482
49882 0.03671 NaN NaN NaN 195.06645 -116.64686 -7.00124 301.49872 -177.00049 -39.31741 NaN NaN NaN 70.25201 -88.00749 -19.79439 -17.75965 -180.58568 -46.77951
49883 0.04504 NaN NaN NaN 195.02696 -116.65804 -7.01876 301.47394 -176.99138 -39.32751 NaN NaN NaN 70.32785 -87.98342 -19.99380 -17.66645 -180.54366 -47.01993
49884 0.05337 NaN NaN NaN 194.96660 -116.63156 -7.03016 301.44632 -176.98085 -39.32749 NaN NaN NaN 70.34916 -87.96868 -20.19721 -17.60096 -180.49777 -47.26267
49885 0.06170 NaN NaN NaN 194.90973 -116.59259 -7.06771 301.38043 -176.92859 -39.35220 NaN NaN NaN 70.40063 -87.95055 -20.33613 -17.53753 -180.45932 -47.58805
49886 0.07003 NaN NaN NaN 194.84457 -116.53194 -7.15198 301.31360 -176.89786 -39.35182 NaN NaN NaN 70.48228 -87.92874 -20.52867 -17.44854 -180.44051 -47.85511
49887 0.07836 NaN NaN NaN 194.79492 -116.45044 -7.21939 301.27747 -176.85736 -39.33785 NaN NaN NaN 70.53896 -87.95293 -20.68753 -17.39955 -180.43079 -48.09746
49888 0.08669 NaN NaN NaN 194.74986 -116.41016 -7.24594 301.25681 -176.83833 -39.32167 NaN NaN NaN 70.57234 -87.96616 -20.82969 -17.36252 -180.43213 -48.31176
49889 0.09503 NaN NaN NaN 194.72566 -116.36024 -7.28521 301.24341 -176.81430 -39.33072 NaN NaN NaN 70.62482 -87.98701 -20.95700 -17.31483 -180.46739 -48.57558
49890 0.10336 NaN NaN NaN 194.72791 -116.34747 -7.33154 301.21933 -176.79457 -39.32397 NaN NaN NaN 70.67222 -88.06850 -21.09178 -17.26390 -180.48042 -48.76349
49891 0.11169 NaN NaN NaN 194.73546 -116.29878 -7.36511 301.20374 -176.78798 -39.33585 NaN NaN NaN 70.76011 -88.11198 -21.17908 -17.20812 -180.47661 -48.91555
49892 0.12002 NaN NaN NaN 194.71335 -116.32445 -7.39867 301.21783 -176.79385 -39.32764 NaN NaN NaN 70.79409 -88.15173 -21.27590 -17.19060 -180.47623 -49.05755
49893 0.12835 NaN NaN NaN 194.71239 -116.31529 -7.39955 301.21497 -176.79848 -39.33900 NaN NaN NaN 70.83182 -88.18372 -21.36493 -17.18340 -180.47699 -49.24401
49894 0.13668 NaN NaN NaN 194.70900 -116.31229 -7.42188 301.22488 -176.81876 -39.34326 NaN NaN NaN 70.82282 -88.18215 -21.45956 -17.16600 -180.47997 -49.38714
49895 0.14501 NaN NaN NaN 194.72116 -116.33214 -7.45430 301.23114 -176.83131 -39.35384 NaN NaN NaN 70.86523 -88.19438 -21.50119 -17.13343 -180.47708 -49.54221
49896 0.15334 NaN NaN NaN 194.76598 -116.35175 -7.46941 301.25101 -176.85086 -39.34636 NaN NaN NaN 70.89471 -88.22024 -21.53251 -17.06784 -180.48645 -49.69085
49897 0.16168 NaN NaN NaN 194.78801 -116.37926 -7.49695 301.26617 -176.88301 -39.33709 NaN NaN NaN 70.93491 -88.23302 -21.56839 -17.01315 -180.48769 -49.82242
49898 0.17001 NaN NaN NaN 194.80191 -116.36704 -7.52609 301.28152 -176.89436 -39.35900 NaN NaN NaN 70.96072 -88.24040 -21.58431 -16.96349 -180.48189 -49.92622
49899 0.17834 NaN NaN NaN 194.81688 -116.38570 -7.52689 301.29410 -176.88686 -39.36130 NaN NaN NaN 71.00079 -88.24801 -21.58750 -16.90596 -180.47308 -50.01897
49900 0.18667 NaN NaN NaN 194.82199 -116.37762 -7.56661 301.31943 -176.90279 -39.36678 NaN NaN NaN 71.02921 -88.26492 -21.52340 -16.85280 -180.45883 -50.22235
49901 0.19500 NaN NaN NaN 194.81940 -116.36596 -7.60073 301.35281 -176.90907 -39.36023 NaN NaN NaN 71.05676 -88.33305 -21.46506 -16.79413 -180.41968 -50.46476
49902 0.20333 NaN NaN NaN 194.84985 -116.36587 -7.62218 301.36624 -176.91776 -39.35418 NaN NaN NaN 71.06448 -88.40932 -21.35115 -16.75556 -180.39291 -50.72301
49903 0.21166 NaN NaN NaN 194.85110 -116.35915 -7.66340 301.39429 -176.94357 -39.34831 NaN NaN NaN 71.11087 -88.52555 -21.27057 -16.74503 -180.36694 -50.94475
49904 0.21999 NaN NaN NaN 194.86024 -116.34547 -7.69391 301.39139 -176.93898 -39.36514 NaN NaN NaN 71.16798 -88.65087 -21.23213 -16.74614 -180.35178 -51.11668
49905 0.22833 NaN NaN NaN 194.85106 -116.31747 -7.71230 301.39737 -176.94704 -39.38977 NaN NaN NaN 71.20788 -88.77147 -21.28275 -16.72543 -180.41843 -51.21228
49906 0.23666 NaN NaN NaN 194.84441 -116.32549 -7.71752 301.35806 -176.93253 -39.44318 NaN NaN NaN 71.24872 -88.85822 -21.34289 -16.72593 -180.50293 -51.25208
49907 0.24499 NaN NaN NaN 194.81842 -116.34117 -7.72627 301.32700 -176.91809 -39.47514 NaN NaN NaN 71.28155 -88.97436 -21.38929 -16.73719 -180.58429 -51.26962
49908 0.25332 NaN NaN NaN 194.79453 -116.37326 -7.75163 301.31573 -176.89392 -39.49160 NaN NaN NaN 71.30790 -89.04495 -21.40783 -16.73453 -180.64569 -51.34106
49909 0.26165 NaN NaN NaN 194.77904 -116.40379 -7.78373 301.32803 -176.91672 -39.49434 NaN NaN NaN 71.30539 -89.17646 -21.40641 -16.78233 -180.67624 -51.50496
49910 0.26998 NaN NaN NaN 194.78180 -116.41093 -7.79213 301.33228 -176.91420 -39.49973 NaN NaN NaN 71.31731 -89.29618 -21.35264 -16.80161 -180.73169 -51.66971
49911 0.27831 NaN NaN NaN 194.79648 -116.42374 -7.78644 301.34180 -176.94185 -39.50457 NaN NaN NaN 71.31094 -89.43916 -21.29431 -16.82548 -180.73921 -51.83095
49912 0.28664 NaN NaN NaN 194.79997 -116.40554 -7.78209 301.34973 -176.93231 -39.51048 NaN NaN NaN 71.34200 -89.57878 -21.27143 -16.81318 -180.77817 -51.98477
49913 0.29498 NaN NaN NaN 194.84680 -116.40037 -7.77671 301.36188 -176.94856 -39.54768 NaN NaN NaN 71.44397 -89.67439 -21.44077 -16.82557 -180.80910 -51.99798
49914 0.30331 NaN NaN NaN 194.90193 -116.45862 -7.64292 301.34122 -177.01088 -39.66990 NaN NaN NaN 71.63913 -89.78053 -21.78349 -16.86616 -180.87642 -51.78719
49915 0.31164 NaN NaN NaN 194.95480 -116.58224 -7.49870 301.32947 -177.04913 -39.81070 NaN NaN NaN 71.78218 -89.84048 -22.13155 -16.87703 -180.99265 -51.49394
49916 0.31997 NaN NaN NaN 194.95352 -116.68959 -7.47338 301.31403 -177.06450 -39.88468 NaN NaN NaN 71.84223 -89.91502 -22.41001 -16.85165 -181.19487 -51.21204
49917 0.32830 NaN NaN NaN 194.94537 -116.77626 -7.46169 301.30249 -177.09483 -39.94235 NaN NaN NaN 71.80354 -89.96579 -22.47301 -16.81377 -181.40179 -51.17349
49918 0.33663 NaN NaN NaN 194.94016 -116.80025 -7.45383 301.31870 -177.12033 -39.96994 NaN NaN NaN 71.72076 -90.11872 -22.33166 -16.87546 -181.52359 -51.34378
49919 0.34496 NaN NaN NaN 194.95099 -116.85868 -7.37530 301.32785 -177.13588 -40.00514 NaN NaN NaN 71.61181 -90.28597 -22.08708 -16.96845 -181.58772 -51.55122
49920 0.35330 NaN NaN NaN 194.94989 -116.87440 -7.35487 301.32364 -177.15256 -40.03226 NaN NaN NaN 71.50932 -90.49517 -21.86841 -17.05068 -181.60727 -51.77351
49921 0.36163 NaN NaN NaN 194.96931 -116.87947 -7.32772 301.32703 -177.15865 -40.07776 NaN NaN NaN 71.43111 -90.65697 -21.70142 -17.12606 -181.65607 -51.92019
49922 0.36996 NaN NaN NaN 194.96011 -116.88226 -7.33748 301.32645 -177.15788 -40.10507 NaN NaN NaN 71.39276 -90.85403 -21.55913 -17.22374 -181.71408 -52.03790
49923 0.37829 NaN NaN NaN 194.96571 -116.88409 -7.33583 301.31790 -177.14111 -40.12837 NaN NaN NaN 71.32998 -90.96757 -21.49592 -17.30045 -181.77347 -52.08792
49924 0.38662 NaN NaN NaN 194.94295 -116.87537 -7.34813 301.28662 -177.13269 -40.15426 NaN NaN NaN 71.27975 -91.05261 -21.45925 -17.38820 -181.82283 -52.11506
49925 0.39495 NaN NaN NaN 194.94585 -116.84769 -7.34447 301.27527 -177.12244 -40.18043 NaN NaN NaN 71.23091 -91.10155 -21.46858 -17.44980 -181.85214 -52.11235
49926 0.40328 NaN NaN NaN 194.92595 -116.84401 -7.33949 301.25305 -177.12315 -40.17862 NaN NaN NaN 71.14481 -91.08522 -21.51232 -17.51933 -181.86511 -52.09789
49927 0.41161 NaN NaN NaN 194.92078 -116.82397 -7.33107 301.23834 -177.13019 -40.19035 NaN NaN NaN 71.08475 -91.09173 -21.57783 -17.61084 -181.90050 -52.06187
49928 0.41995 NaN NaN NaN 194.91177 -116.79959 -7.30577 301.21402 -177.11992 -40.16614 NaN NaN NaN 71.03217 -91.11724 -21.66875 -17.70487 -181.92068 -52.04178
49929 0.42828 NaN NaN NaN 194.88644 -116.76082 -7.28250 301.18628 -177.09291 -40.13982 NaN NaN NaN 70.97617 -91.16639 -21.76797 -17.79881 -181.97063 -52.01240
49930 0.43661 NaN NaN NaN 194.87363 -116.74466 -7.25478 301.17175 -177.07303 -40.10171 NaN NaN NaN 70.92898 -91.23304 -21.84488 -17.91624 -181.98885 -51.99454
49931 0.44494 NaN NaN NaN 194.84108 -116.75085 -7.23515 301.13504 -177.06357 -40.11727 NaN NaN NaN 70.89754 -91.26640 -21.93726 -18.00746 -182.01416 -51.93894
49932 0.45327 NaN NaN NaN 194.80931 -116.71909 -7.22984 301.11230 -177.06024 -40.08364 NaN NaN NaN 70.86118 -91.27790 -22.04845 -18.06313 -182.03229 -51.91988
49933 0.46160 NaN NaN NaN 194.79669 -116.70175 -7.19291 301.08328 -177.03180 -40.09803 NaN NaN NaN 70.79319 -91.29882 -22.15798 -18.15517 -182.08374 -51.92229
49934 0.46993 NaN NaN NaN 194.77139 -116.66878 -7.18436 301.06918 -177.02052 -40.07995 NaN NaN NaN 70.77351 -91.35199 -22.21167 -18.21063 -182.12418 -51.93136
49935 0.47826 NaN NaN NaN 194.72479 -116.67216 -7.21764 301.03329 -177.01099 -40.08218 NaN NaN NaN 70.74724 -91.39912 -22.27073 -18.24405 -182.17052 -51.94596
49936 0.48660 NaN NaN NaN 194.70274 -116.63984 -7.23768 301.02090 -177.01157 -40.08369 NaN NaN NaN 70.69342 -91.42702 -22.34709 -18.27384 -182.22270 -51.97378
49937 0.49493 NaN NaN NaN 194.71350 -116.65657 -7.24911 301.00851 -177.01683 -40.08556 NaN NaN NaN 70.69349 -91.45387 -22.36983 -18.31935 -182.25883 -52.06149
49938 0.50326 NaN NaN NaN 194.71291 -116.66145 -7.25223 301.01730 -177.02356 -40.09029 NaN NaN NaN 70.67606 -91.45946 -22.38072 -18.32678 -182.26581 -52.13261
49939 0.51159 NaN NaN NaN 194.72824 -116.66291 -7.26943 301.02435 -177.05078 -40.08765 NaN NaN NaN 70.65489 -91.45895 -22.45118 -18.36268 -182.24774 -52.26238
49940 0.51992 NaN NaN NaN 194.73250 -116.71230 -7.30392 301.04059 -177.07623 -40.08963 NaN NaN NaN 70.64404 -91.46503 -22.47783 -18.35575 -182.19701 -52.35367
49941 0.52825 NaN NaN NaN 194.76373 -116.71951 -7.31834 301.04337 -177.10976 -40.14349 NaN NaN NaN 70.65723 -91.42845 -22.49199 -18.31496 -182.16924 -52.45258
49942 0.53658 NaN NaN NaN 194.79373 -116.75165 -7.36258 301.08374 -177.13771 -40.19051 NaN NaN NaN 70.64033 -91.41467 -22.45933 -18.24081 -182.11462 -52.58971
49943 0.54492 NaN NaN NaN 194.82834 -116.77335 -7.38811 301.10419 -177.16273 -40.25320 NaN NaN NaN 70.66370 -91.38155 -22.47876 -18.15267 -182.11501 -52.72164
49944 0.55325 NaN NaN NaN 194.84773 -116.83176 -7.40460 301.13144 -177.18518 -40.27645 NaN NaN NaN 70.69072 -91.31269 -22.53370 -18.08862 -182.05452 -52.81159
49945 0.56158 NaN NaN NaN 194.89915 -116.85893 -7.36015 301.14749 -177.19724 -40.32488 NaN NaN NaN 70.74839 -91.24123 -22.62133 -18.04020 -182.00711 -52.84875
49946 0.56991 NaN NaN NaN 194.93806 -116.88808 -7.34393 301.18585 -177.22626 -40.36001 NaN NaN NaN 70.77082 -91.17827 -22.72194 -17.98635 -181.96236 -52.86810
49947 0.57824 NaN NaN NaN 194.97739 -116.89011 -7.29344 301.22003 -177.26918 -40.38180 NaN NaN NaN 70.78202 -91.17213 -22.74997 -17.95128 -181.97803 -52.93094
49948 0.58657 NaN NaN NaN 195.04314 -116.92899 -7.26743 301.26633 -177.30302 -40.42313 NaN NaN NaN 70.75871 -91.19002 -22.71085 -17.96266 -182.01857 -53.00275
49949 0.59490 NaN NaN NaN 195.09152 -116.94273 -7.23850 301.31290 -177.31192 -40.44305 NaN NaN NaN 70.76281 -91.26461 -22.57306 -17.98289 -182.06970 -53.05862
49950 0.60323 NaN NaN NaN 195.12451 -116.96950 -7.24114 301.33334 -177.32179 -40.46479 NaN NaN NaN 70.73458 -91.37238 -22.48649 -18.01988 -182.09435 -53.05951
49951 0.61157 NaN NaN NaN 195.12868 -116.98196 -7.23706 301.34311 -177.33459 -40.48879 NaN NaN NaN 70.72795 -91.40044 -22.50664 -18.05176 -182.11429 -53.01669
49952 0.61990 NaN NaN NaN 195.17908 -117.01099 -7.22382 301.36096 -177.35103 -40.51109 NaN NaN NaN 70.70341 -91.36246 -22.71537 -18.04751 -182.09990 -52.92626
49953 0.62823 NaN NaN NaN 195.19081 -117.07792 -7.20459 301.36090 -177.37534 -40.53537 NaN NaN NaN 70.74642 -91.26211 -22.89985 -18.00127 -182.09518 -52.86299
49954 0.63656 NaN NaN NaN 195.21002 -117.12968 -7.18789 301.38528 -177.35260 -40.65115 NaN NaN NaN 70.80569 -91.15527 -23.08009 -17.96166 -182.07509 -52.84025
49955 0.64489 NaN NaN NaN 195.21164 -117.17227 -7.16651 301.40060 -177.33908 -40.70032 NaN NaN NaN 70.83962 -91.03714 -23.23790 -17.91376 -182.05461 -52.88787
49956 0.65322 NaN NaN NaN 195.24231 -117.12664 -7.18890 301.40311 -177.34886 -40.69695 NaN NaN NaN 70.87365 -90.96812 -23.33823 -17.85459 -182.02287 -52.95298
49957 0.66155 NaN NaN NaN 195.23117 -117.15626 -7.19985 301.38895 -177.37227 -40.60498 NaN NaN NaN 70.89648 -90.91759 -23.39925 -17.79377 -181.96803 -53.02697
49958 0.66988 NaN NaN NaN 195.24637 -117.15199 -7.22263 301.42389 -177.38368 -40.65110 NaN NaN NaN 70.92680 -90.88229 -23.41222 -17.75855 -181.92961 -53.11976
49959 0.67822 NaN NaN NaN 195.27036 -117.16844 -7.20933 301.46686 -177.37634 -40.68643 NaN NaN NaN 70.97719 -90.85390 -23.44936 -17.71415 -181.88635 -53.12334
49960 0.68655 NaN NaN NaN 195.30310 -117.17596 -7.20726 301.49219 -177.37326 -40.72194 NaN NaN NaN 71.04636 -90.82623 -23.48646 -17.67175 -181.84975 -53.11410
49961 0.69488 NaN NaN NaN 195.32979 -117.17923 -7.17759 301.52286 -177.36530 -40.73077 NaN NaN NaN 71.08606 -90.81442 -23.51820 -17.64147 -181.82516 -53.12807
49962 0.70321 NaN NaN NaN 195.35162 -117.21413 -7.16732 301.52786 -177.37280 -40.76377 NaN NaN NaN 71.14230 -90.80379 -23.50100 -17.61574 -181.75352 -53.15299
49963 0.71154 NaN NaN NaN 195.38181 -117.22739 -7.15230 301.54221 -177.36729 -40.74996 NaN NaN NaN 71.20717 -90.76405 -23.47755 -17.56697 -181.68245 -53.19943
49964 0.71987 NaN NaN NaN 195.41548 -117.26143 -7.12922 301.57758 -177.39680 -40.74063 NaN NaN NaN 71.28307 -90.71301 -23.42974 -17.51402 -181.59216 -53.25862
49965 0.72820 NaN NaN NaN 195.43153 -117.25971 -7.10517 301.59839 -177.36394 -40.71702 NaN NaN NaN 71.37709 -90.67345 -23.34091 -17.46744 -181.50497 -53.36682
49966 0.73654 NaN NaN NaN 195.45471 -117.27814 -7.10710 301.61624 -177.40875 -40.71371 NaN NaN NaN 71.42611 -90.65615 -23.23914 -17.39898 -181.42044 -53.44312
49967 0.74487 NaN NaN NaN 195.45132 -117.27000 -7.10023 301.64758 -177.41075 -40.69130 NaN NaN NaN 71.46933 -90.62945 -23.15142 -17.31703 -181.32858 -53.55175
49968 0.75320 NaN NaN NaN 195.45914 -117.27498 -7.12203 301.65656 -177.42818 -40.68811 NaN NaN NaN 71.50670 -90.56870 -23.07111 -17.24737 -181.24290 -53.60175
49969 0.76153 NaN NaN NaN 195.48891 -117.28680 -7.11531 301.68597 -177.42082 -40.67464 NaN NaN NaN 71.55836 -90.47582 -23.00407 -17.18227 -181.15535 -53.65887
49970 0.76986 NaN NaN NaN 195.51814 -117.28259 -7.11705 301.71674 -177.42493 -40.69026 NaN NaN NaN 71.60077 -90.33869 -22.96961 -17.09199 -181.05737 -53.72068
49971 0.77819 NaN NaN NaN 195.53699 -117.27787 -7.11041 301.71497 -177.45601 -40.59074 NaN NaN NaN 71.62354 -90.20833 -22.96781 -17.00603 -180.97093 -53.77707
49972 0.78652 NaN NaN NaN 195.55278 -117.25774 -7.12964 301.74869 -177.45795 -40.66007 NaN NaN NaN 71.64019 -90.11192 -23.01296 -16.95722 -180.87231 -53.83167
49973 0.79485 NaN NaN NaN 195.57919 -117.25227 -7.14144 301.75146 -177.46931 -40.58965 NaN NaN NaN 71.67155 -90.03766 -23.03677 -16.88990 -180.77388 -53.96377
49974 0.80319 NaN NaN NaN 195.59518 -117.24797 -7.15947 301.78677 -177.46767 -40.66677 NaN NaN NaN 71.72557 -90.00249 -22.96391 -16.84701 -180.70065 -54.06559
49975 0.81152 NaN NaN NaN 195.60539 -117.23244 -7.15950 301.77411 -177.47391 -40.58583 NaN NaN NaN 71.72440 -89.96651 -22.90209 -16.80308 -180.65305 -54.15263
49976 0.81985 NaN NaN NaN 195.61160 -117.23009 -7.16757 301.77881 -177.51306 -40.57967 NaN NaN NaN 71.74372 -89.96837 -22.83324 -16.75118 -180.60345 -54.24553
49977 0.82818 NaN NaN NaN 195.62402 -117.23299 -7.15218 301.76682 -177.51808 -40.57580 NaN NaN NaN 71.77899 -90.02356 -22.66562 -16.71247 -180.59827 -54.33693
49978 0.83651 NaN NaN NaN 195.60599 -117.26093 -7.13534 301.78467 -177.50441 -40.68026 NaN NaN NaN 71.79282 -90.09032 -22.55885 -16.70008 -180.59605 -54.41110
49979 0.84484 NaN NaN NaN 195.60318 -117.27849 -7.13489 301.75909 -177.50175 -40.63319 NaN NaN NaN 71.78905 -90.18981 -22.41832 -16.69880 -180.62122 -54.48016
49980 0.85317 NaN NaN NaN 195.59946 -117.31355 -7.14155 301.79269 -177.47917 -40.69696 NaN NaN NaN 71.73812 -90.29618 -22.29614 -16.72863 -180.63289 -54.53723
49981 0.86150 NaN NaN NaN 195.60562 -117.34136 -7.12357 301.79312 -177.47836 -40.72635 NaN NaN NaN 71.66975 -90.38732 -22.10033 -16.77208 -180.63435 -54.63314
49982 0.86984 NaN NaN NaN 195.60880 -117.38212 -7.10024 301.80594 -177.50500 -40.72035 NaN NaN NaN 71.59760 -90.51512 -21.88317 -16.82501 -180.70468 -54.73470
49983 0.87817 NaN NaN NaN 195.62546 -117.40708 -7.06887 301.80490 -177.58095 -40.60268 NaN NaN NaN 71.55965 -90.66033 -21.73845 -16.88722 -180.73595 -54.80793
49984 0.88650 NaN NaN NaN 195.63986 -117.42575 -7.04442 301.83380 -177.57014 -40.67138 NaN NaN NaN 71.52671 -90.77232 -21.64881 -16.93954 -180.78804 -54.77616
49985 0.89483 NaN NaN NaN 195.63875 -117.42059 -7.04297 301.83109 -177.60143 -40.60232 NaN NaN NaN 71.49196 -90.89275 -21.59974 -17.01936 -180.87982 -54.69184
49986 0.90316 NaN NaN NaN 195.64647 -117.44090 -7.03749 301.84952 -177.57790 -40.66721 NaN NaN NaN 71.46979 -90.96294 -21.57866 -17.10440 -180.96210 -54.55741
49987 0.91149 NaN NaN NaN 195.64369 -117.45519 -7.04195 301.84573 -177.60730 -40.59269 NaN NaN NaN 71.43260 -91.01044 -21.57681 -17.21455 -181.04128 -54.37590
49988 0.91982 NaN NaN NaN 195.66145 -117.47128 -7.01054 301.86234 -177.57719 -40.67624 NaN NaN NaN 71.39291 -91.08289 -21.59428 -17.30529 -181.10561 -54.19107
49989 0.92815 NaN NaN NaN 195.67281 -117.48864 -6.99709 301.83151 -177.61128 -40.60812 NaN NaN NaN 71.31912 -91.17908 -21.56545 -17.39015 -181.20242 -54.10793
49990 0.93649 NaN NaN NaN 195.66434 -117.48587 -6.99190 301.84137 -177.59090 -40.67878 NaN NaN NaN 71.23753 -91.30222 -21.48222 -17.49564 -181.29588 -54.04934
49991 0.94482 NaN NaN NaN 195.65921 -117.46563 -6.99797 301.81125 -177.63274 -40.60178 NaN NaN NaN 71.16433 -91.46015 -21.31287 -17.58934 -181.38309 -54.05546
49992 0.95315 NaN NaN NaN 195.64154 -117.45724 -7.00070 301.81937 -177.59962 -40.68463 NaN NaN NaN 71.09515 -91.59306 -21.13320 -17.65341 -181.43660 -54.08556
49993 0.96148 NaN NaN NaN 195.62561 -117.44798 -6.99572 301.77576 -177.60114 -40.60527 NaN NaN NaN 71.03590 -91.70555 -21.00607 -17.73290 -181.48553 -54.13909
49994 0.96981 NaN NaN NaN 195.61145 -117.44415 -6.98673 301.76218 -177.56680 -40.67330 NaN NaN NaN 70.97348 -91.81789 -20.93386 -17.80269 -181.53337 -54.15196
49995 0.97814 NaN NaN NaN 195.58665 -117.41681 -6.99407 301.73425 -177.56778 -40.60359 NaN NaN NaN 70.92200 -91.89355 -20.91011 -17.89428 -181.56120 -54.15295
49996 0.98647 NaN NaN NaN 195.56351 -117.42255 -6.97464 301.74863 -177.55057 -40.65364 NaN NaN NaN 70.88778 -91.97337 -20.93647 -17.97143 -181.60216 -54.13330
49997 0.99481 NaN NaN NaN 195.55925 -117.40261 -6.97331 301.71851 -177.53751 -40.56892 NaN NaN NaN 70.84914 -92.03873 -20.97498 -18.02696 -181.65215 -54.08458
49998 1.00314 NaN NaN NaN 195.56871 -117.39116 -6.92797 301.73209 -177.52092 -40.62187 NaN NaN NaN 70.81015 -92.08198 -21.00818 -18.10217 -181.74449 -54.05785
49999 1.01147 NaN NaN NaN 195.56543 -117.35354 -6.92026 301.70905 -177.53751 -40.54506 NaN NaN NaN 70.76145 -92.15407 -21.04207 -18.16807 -181.82600 -54.05861
50000 1.01980 NaN NaN NaN 195.54227 -117.38056 -6.90333 301.71167 -177.51195 -40.59673 NaN NaN NaN 70.70265 -92.20796 -21.10155 -18.22581 -181.89822 -54.08749
50001 1.02813 NaN NaN NaN 195.54182 -117.37782 -6.92041 301.67828 -177.51717 -40.53591 NaN NaN NaN 70.65213 -92.24592 -21.18777 -18.27700 -181.97179 -54.11899
50002 1.03646 NaN NaN NaN 195.53122 -117.39172 -6.92118 301.66202 -177.53380 -40.51637 NaN NaN NaN 70.59491 -92.34186 -21.20221 -18.32177 -182.00984 -54.12437
50003 1.04479 NaN NaN NaN 195.50449 -117.36970 -6.92253 301.64114 -177.54106 -40.51039 NaN NaN NaN 70.53136 -92.41384 -21.21069 -18.36539 -182.06104 -54.14692
50004 1.05312 NaN NaN NaN 195.49886 -117.38523 -6.92202 301.64679 -177.50052 -40.59859 NaN NaN NaN 70.50146 -92.48270 -21.16036 -18.42703 -182.11092 -54.22034
50005 1.06146 NaN NaN NaN 195.47794 -117.38147 -6.92853 301.62863 -177.49931 -40.53783 NaN NaN NaN 70.44428 -92.55570 -21.12588 -18.46436 -182.17140 -54.33639
50006 1.06979 NaN NaN NaN 195.45433 -117.38654 -6.94599 301.61182 -177.51660 -40.50647 NaN NaN NaN 70.41810 -92.62627 -21.03430 -18.49843 -182.18483 -54.44703
50007 1.07812 NaN NaN NaN 195.43085 -117.38331 -6.96342 301.61249 -177.52943 -40.50612 NaN NaN NaN 70.36891 -92.71329 -20.89834 -18.52726 -182.20180 -54.58635
50008 1.08645 NaN NaN NaN 195.42198 -117.37601 -6.94917 301.62396 -177.49437 -40.59849 NaN NaN NaN 70.30591 -92.79472 -20.79073 -18.53560 -182.21025 -54.69730
50009 1.09478 NaN NaN NaN 195.41095 -117.37447 -6.93154 301.60217 -177.49306 -40.56237 NaN NaN NaN 70.27786 -92.88338 -20.64234 -18.58336 -182.20621 -54.78360
50010 1.10311 NaN NaN NaN 195.43118 -117.38784 -6.90704 301.61108 -177.47125 -40.63429 NaN NaN NaN 70.24113 -92.93645 -20.49438 -18.63336 -182.21750 -54.83925
50011 1.11144 NaN NaN NaN 195.44453 -117.42168 -6.89051 301.59714 -177.47797 -40.56830 NaN NaN NaN 70.20225 -92.99036 -20.41010 -18.68428 -182.22215 -54.87613
50012 1.11977 NaN NaN NaN 195.46591 -117.43382 -6.88755 301.62036 -177.47290 -40.64600 NaN NaN NaN 70.19614 -93.05849 -20.33116 -18.72363 -182.20869 -54.87745
50013 1.12811 NaN NaN NaN 195.46178 -117.43311 -6.87173 301.61963 -177.49345 -40.58259 NaN NaN NaN 70.16219 -93.06700 -20.26497 -18.73644 -182.20461 -54.88126
50014 1.13644 NaN NaN NaN 195.47227 -117.43837 -6.86488 301.62906 -177.50592 -40.66307 NaN NaN NaN 70.13680 -93.10538 -20.14190 -18.75772 -182.21242 -54.88528
50015 1.14477 NaN NaN NaN 195.46646 -117.42868 -6.87141 301.62344 -177.50694 -40.59697 NaN NaN NaN 70.11334 -93.13177 -20.03451 -18.76491 -182.20035 -54.90026
50016 1.15310 NaN NaN NaN 195.47089 -117.43421 -6.85989 301.63132 -177.50822 -40.66053 NaN NaN NaN 70.08990 -93.14558 -19.95075 -18.77021 -182.19608 -54.89545
50017 1.16143 NaN NaN NaN 195.46762 -117.44449 -6.85673 301.62750 -177.49844 -40.59617 NaN NaN NaN 70.06960 -93.17084 -19.89523 -18.78818 -182.17953 -54.89204
50018 1.16976 NaN NaN NaN 195.48138 -117.44354 -6.87570 301.64648 -177.48921 -40.66856 NaN NaN NaN 70.05165 -93.16412 -19.79708 -18.79360 -182.17601 -54.89172
50019 1.17809 NaN NaN NaN 195.47005 -117.47625 -6.89591 301.64114 -177.49231 -40.60388 NaN NaN NaN 70.01923 -93.17849 -19.69580 -18.79396 -182.17268 -54.90377
50020 1.18643 NaN NaN NaN 195.48036 -117.47096 -6.89152 301.65161 -177.51103 -40.67421 NaN NaN NaN 69.97952 -93.21352 -19.53265 -18.79314 -182.17342 -54.92739
50021 1.19476 NaN NaN NaN 195.47414 -117.46434 -6.91541 301.65561 -177.51529 -40.59405 NaN NaN NaN 69.92903 -93.24345 -19.35123 -18.79819 -182.17700 -54.97469
50022 1.20309 NaN NaN NaN 195.49092 -117.46514 -6.92929 301.67905 -177.50659 -40.65697 NaN NaN NaN 69.82458 -93.35146 -19.15302 -18.81230 -182.17555 -55.05778
50023 1.21142 NaN NaN NaN 195.48730 -117.44505 -6.94865 301.67770 -177.51915 -40.59768 NaN NaN NaN 69.73537 -93.45246 -18.84712 -18.84397 -182.18204 -55.15588
50024 1.21975 NaN NaN NaN 195.49118 -117.43921 -6.95988 301.70364 -177.51656 -40.68519 NaN NaN NaN 69.66972 -93.55284 -18.60380 -18.88737 -182.20119 -55.24016
50025 1.22808 NaN NaN NaN 195.51108 -117.45336 -6.97504 301.71432 -177.53017 -40.63860 NaN NaN NaN 69.58765 -93.66924 -18.35405 -18.89019 -182.19534 -55.34208
50026 1.23641 NaN NaN NaN 195.54778 -117.48487 -6.95254 301.74106 -177.53691 -40.72403 NaN NaN NaN 69.53366 -93.77324 -18.16105 -18.92890 -182.23494 -55.39587
50027 1.24474 NaN NaN NaN 195.57089 -117.52988 -6.93094 301.73547 -177.57190 -40.66806 NaN NaN NaN 69.45181 -93.84060 -17.99069 -18.97648 -182.26375 -55.40678
50028 1.25308 NaN NaN NaN 195.57556 -117.53645 -6.91894 301.76019 -177.55005 -40.74207 NaN NaN NaN 69.38122 -93.91013 -17.85326 -19.02559 -182.29800 -55.33330
50029 1.26141 NaN NaN NaN 195.60402 -117.56890 -6.92897 301.77911 -177.53482 -40.77935 NaN NaN NaN 69.31367 -93.97344 -17.67352 -19.05539 -182.37589 -55.28685
50030 1.26974 NaN NaN NaN 195.60445 -117.58015 -6.93228 301.81296 -177.52441 -40.80190 NaN NaN NaN 69.22268 -94.06936 -17.45563 -19.11645 -182.41071 -55.22989
50031 1.27807 NaN NaN NaN 195.63248 -117.60249 -6.93461 301.80356 -177.57298 -40.70584 NaN NaN NaN 69.07067 -94.14236 -17.24972 -19.23891 -182.52565 -55.14701
50032 1.28640 NaN NaN NaN 195.65356 -117.61586 -6.93300 301.84531 -177.56879 -40.76401 NaN NaN NaN 68.96526 -94.24745 -17.11340 -19.35578 -182.57506 -55.06473
50033 1.29473 NaN NaN NaN 195.67354 -117.64641 -6.92417 301.85187 -177.62949 -40.72466 NaN NaN NaN 68.86993 -94.43277 -16.96286 -19.47385 -182.66222 -54.96970
50034 1.30306 NaN NaN NaN 195.69196 -117.66745 -6.88226 301.89575 -177.59712 -40.82158 NaN NaN NaN 68.76617 -94.59084 -16.79370 -19.59478 -182.75128 -54.87891
50035 1.31139 NaN NaN NaN 195.70099 -117.66226 -6.87079 301.89020 -177.61197 -40.78328 NaN NaN NaN 68.62270 -94.78590 -16.57606 -19.74389 -182.88918 -54.83754
50036 1.31973 NaN NaN NaN 195.72475 -117.66694 -6.86073 301.89362 -177.55899 -40.83503 NaN NaN NaN 68.48770 -94.93282 -16.41664 -19.87555 -183.03020 -54.78450
50037 1.32806 NaN NaN NaN 195.73776 -117.66799 -6.86691 301.93726 -177.53976 -40.84853 NaN NaN NaN 68.33554 -95.10634 -16.23354 -20.00693 -183.16373 -54.69223
50038 1.33639 NaN NaN NaN 195.77658 -117.71481 -6.83824 301.95145 -177.53070 -40.87300 NaN NaN NaN 68.21419 -95.20416 -16.09571 -20.12733 -183.27454 -54.56920
50039 1.34472 NaN NaN NaN 195.80833 -117.74192 -6.80584 302.01111 -177.54829 -40.89053 NaN NaN NaN 68.06794 -95.30466 -15.93031 -20.25610 -183.38373 -54.41932
50040 1.35305 NaN NaN NaN 195.82970 -117.76313 -6.78703 302.03262 -177.58167 -40.89880 NaN NaN NaN 67.97652 -95.46352 -15.81792 -20.39507 -183.52104 -54.18145
50041 1.36138 NaN NaN NaN 195.86061 -117.75570 -6.78377 302.04462 -177.58484 -40.91705 NaN NaN NaN 67.88206 -95.51041 -15.80331 -20.57858 -183.66173 -53.80921
50042 1.36971 NaN NaN NaN 195.88219 -117.79803 -6.77433 302.08484 -177.61595 -40.93580 NaN NaN NaN 67.81303 -95.49870 -15.91261 -20.71311 -183.79430 -53.28860
50043 1.37805 NaN NaN NaN 195.92444 -117.81376 -6.77893 302.11624 -177.63934 -40.96147 NaN NaN NaN 67.78131 -95.41825 -15.99637 -20.84148 -183.98373 -52.60709
50044 1.38638 NaN NaN NaN 195.97699 -117.85834 -6.75595 302.16168 -177.66432 -40.96315 NaN NaN NaN 67.68217 -95.28794 -16.12315 -20.97043 -184.14919 -51.97835
50045 1.39471 NaN NaN NaN 196.02748 -117.87643 -6.74044 302.19354 -177.68896 -41.02232 NaN NaN NaN 67.59216 -95.20207 -16.20453 -21.12007 -184.31064 -51.38397
50046 1.40304 NaN NaN NaN 196.07350 -117.91911 -6.71751 302.22705 -177.69804 -41.04585 NaN NaN NaN 67.48137 -95.17938 -16.20743 -21.29837 -184.40701 -50.94953
50047 1.41137 NaN NaN NaN 196.13104 -117.95228 -6.70544 302.25974 -177.75783 -41.10432 NaN NaN NaN 67.40948 -95.19141 -16.22747 -21.45923 -184.54047 -50.46232
50048 1.41970 NaN NaN NaN 196.18979 -117.99038 -6.68216 302.29880 -177.79039 -41.14480 NaN NaN NaN 67.33609 -95.18819 -16.25116 -21.60875 -184.62480 -50.07000
50049 1.42803 NaN NaN NaN 196.23415 -117.99664 -6.64460 302.31165 -177.81007 -41.16411 NaN NaN NaN 67.19198 -95.21644 -16.20201 -21.75575 -184.70100 -49.81224
50050 1.43636 NaN NaN NaN 196.26810 -118.04613 -6.60658 302.32526 -177.83258 -41.14908 NaN NaN NaN 67.01814 -95.31924 -16.03180 -21.93367 -184.77443 -49.63314
50051 1.44470 NaN NaN NaN 196.30257 -118.08189 -6.57161 302.34180 -177.84100 -41.16169 NaN NaN NaN 66.93552 -95.41798 -15.88034 -22.12600 -184.87518 -49.31656
50052 1.45303 NaN NaN NaN 196.33379 -118.08801 -6.55570 302.35345 -177.85114 -41.17265 NaN NaN NaN 66.83764 -95.47206 -15.82600 -22.27361 -184.96202 -48.89275
50053 1.46136 NaN NaN NaN 196.36290 -118.12708 -6.52329 302.38245 -177.85587 -41.19417 NaN NaN NaN 66.75026 -95.43702 -15.86750 -22.39228 -185.04343 -48.44982
50054 1.46969 NaN NaN NaN 196.39973 -118.16011 -6.50304 302.39224 -177.87936 -41.20776 NaN NaN NaN 66.70567 -95.43544 -15.87521 -22.50577 -185.10832 -48.06329
50055 1.47802 NaN NaN NaN 196.43860 -118.20798 -6.45178 302.42322 -177.90138 -41.23154 NaN NaN NaN 66.63257 -95.40141 -15.88230 -22.63284 -185.17038 -47.75442
50056 1.48635 NaN NaN NaN 196.47342 -118.24150 -6.39693 302.43018 -177.95148 -41.26648 NaN NaN NaN 66.60888 -95.30119 -15.95243 -22.71030 -185.21162 -47.39334
50057 1.49468 NaN NaN NaN 196.52182 -118.29042 -6.35305 302.47800 -177.99466 -41.29245 NaN NaN NaN 66.58701 -95.21255 -16.06691 -22.75882 -185.22116 -47.03399
50058 1.50301 NaN NaN NaN 196.57092 -118.34796 -6.31576 302.51025 -178.05551 -41.33605 NaN NaN NaN 66.61328 -95.13972 -16.13927 -22.80418 -185.26584 -46.77164
50059 1.51135 NaN NaN NaN 196.62433 -118.41666 -6.24316 302.55286 -178.12358 -41.39390 NaN NaN NaN 66.63396 -95.08743 -16.21267 -22.81140 -185.26443 -46.61565
50060 1.51968 NaN NaN NaN 196.68875 -118.49998 -6.14508 302.58398 -178.15750 -41.43431 NaN NaN NaN 66.63913 -95.05924 -16.26049 -22.80349 -185.28116 -46.52393
50061 1.52801 NaN NaN NaN 196.73515 -118.51847 -6.09344 302.62085 -178.17404 -41.46872 NaN NaN NaN 66.63788 -95.02350 -16.26944 -22.77761 -185.23515 -46.47763
50062 1.53634 NaN NaN NaN 196.79010 -118.51958 -6.03764 302.66373 -178.20660 -41.50164 NaN NaN NaN 66.64091 -94.97270 -16.25032 -22.75859 -185.20290 -46.45389
50063 1.54467 NaN NaN NaN 196.84277 -118.56858 -5.98661 302.71954 -178.22060 -41.51239 NaN NaN NaN 66.61543 -94.91447 -16.16895 -22.74423 -185.15147 -46.45774
50064 1.55300 NaN NaN NaN 196.90790 -118.59024 -5.93732 302.75854 -178.23386 -41.54090 NaN NaN NaN 66.59908 -94.90357 -16.05492 -22.74814 -185.13298 -46.46795
50065 1.56133 NaN NaN NaN 196.95676 -118.64436 -5.90921 302.79285 -178.24742 -41.53826 NaN NaN NaN 66.57044 -94.94391 -15.93477 -22.76393 -185.11984 -46.43143
50066 1.56966 NaN NaN NaN 197.00067 -118.66570 -5.86902 302.83740 -178.27657 -41.60349 NaN NaN NaN 66.54735 -94.96294 -15.85617 -22.78106 -185.13982 -46.34722
50067 1.57800 NaN NaN NaN 197.03578 -118.68903 -5.87488 302.87418 -178.27744 -41.59951 NaN NaN NaN 66.52347 -94.98935 -15.74664 -22.82229 -185.16042 -46.22853
50068 1.58633 NaN NaN NaN 197.10321 -118.71843 -5.85371 302.90018 -178.26976 -41.65260 NaN NaN NaN 66.48336 -94.99339 -15.64160 -22.87028 -185.20377 -46.07983
50069 1.59466 NaN NaN NaN 197.13255 -118.73010 -5.85953 302.91510 -178.26779 -41.64807 NaN NaN NaN 66.41351 -95.00189 -15.54717 -22.92242 -185.27222 -45.90983
50070 1.60299 NaN NaN NaN 197.15176 -118.74219 -5.83225 302.94171 -178.25114 -41.68051 NaN NaN NaN 66.35999 -95.03306 -15.48128 -22.97616 -185.32513 -45.69583
50071 1.61132 NaN NaN NaN 197.15796 -118.74105 -5.83872 302.96051 -178.25386 -41.66922 NaN NaN NaN 66.31020 -95.06065 -15.43930 -23.03644 -185.37639 -45.46936
50072 1.61965 NaN NaN NaN 197.17369 -118.73785 -5.82482 302.97208 -178.24472 -41.69242 NaN NaN NaN 66.21846 -95.03479 -15.33522 -23.11621 -185.46582 -45.15947
50073 1.62798 NaN NaN NaN 197.17294 -118.76711 -5.85178 302.97659 -178.26308 -41.66400 NaN NaN NaN 66.18135 -95.07663 -15.19445 -23.22927 -185.55354 -44.87003
50074 1.63632 NaN NaN NaN 197.20667 -118.80549 -5.82784 302.98352 -178.27660 -41.68987 NaN NaN NaN 66.12028 -95.13272 -15.01001 -23.32035 -185.67209 -44.60205
50075 1.64465 NaN NaN NaN 197.21979 -118.82348 -5.81806 302.99939 -178.29205 -41.69454 NaN NaN NaN 66.04974 -95.22308 -14.83170 -23.42331 -185.71379 -44.33937
50076 1.65298 NaN NaN NaN 197.24342 -118.83821 -5.80794 303.02045 -178.30208 -41.74965 NaN NaN NaN 65.96424 -95.36246 -14.69405 -23.54552 -185.75757 -44.09034
50077 1.66131 NaN NaN NaN 197.26672 -118.86263 -5.81051 303.04181 -178.33351 -41.76236 NaN NaN NaN 65.84628 -95.49023 -14.54863 -23.67969 -185.82567 -43.78577
50078 1.66964 NaN NaN NaN 197.28026 -118.88109 -5.79417 303.04388 -178.31801 -41.78891 NaN NaN NaN 65.75936 -95.53652 -14.38161 -23.78069 -185.93031 -43.47611
50079 1.67797 NaN NaN NaN 197.28868 -118.90404 -5.79440 303.05634 -178.32333 -41.79044 NaN NaN NaN 65.69781 -95.59867 -14.23713 -23.90082 -186.05049 -43.10155
50080 1.68630 NaN NaN NaN 197.28995 -118.87054 -5.77986 303.05670 -178.32530 -41.80700 NaN NaN NaN 65.64537 -95.64749 -14.08242 -23.99896 -186.14024 -42.63009
50081 1.69463 NaN NaN NaN 197.27831 -118.90792 -5.78214 303.04910 -178.33173 -41.81038 NaN NaN NaN 65.61820 -95.65467 -13.96918 -24.11710 -186.19820 -42.03314
50082 1.70297 NaN NaN NaN 197.26910 -118.89877 -5.77736 303.03461 -178.33141 -41.80584 NaN NaN NaN 65.60059 -95.61365 -13.90064 -24.24254 -186.30310 -41.27097
50083 1.71130 NaN NaN NaN 197.25320 -118.89342 -5.80873 303.02902 -178.33824 -41.80570 NaN NaN NaN 65.60163 -95.51765 -13.88986 -24.31975 -186.38567 -40.34980
50084 1.71963 NaN NaN NaN 197.26620 -118.84727 -5.81136 303.00787 -178.35612 -41.79834 NaN NaN NaN 65.60800 -95.38889 -13.88757 -24.37572 -186.44940 -39.37490
50085 1.72796 NaN NaN NaN 197.27254 -118.84777 -5.82556 303.01636 -178.37160 -41.78610 NaN NaN NaN 65.57484 -95.22425 -13.86917 -24.45879 -186.53699 -38.35954
50086 1.73629 NaN NaN NaN 197.29086 -118.86192 -5.79893 303.00610 -178.37126 -41.78115 NaN NaN NaN 65.55293 -95.13695 -13.73178 -24.51603 -186.64227 -37.40356
50087 1.74462 NaN NaN NaN 197.28990 -118.90019 -5.80173 303.02570 -178.38298 -41.79372 NaN NaN NaN 65.48741 -95.02900 -13.57321 -24.62843 -186.67932 -36.47915
50088 1.75295 NaN NaN NaN 197.29668 -118.88192 -5.80044 303.00964 -178.38373 -41.79408 NaN NaN NaN 65.41611 -94.97849 -13.38249 -24.74516 -186.73848 -35.67630
50089 1.76128 NaN NaN NaN 197.30035 -118.89332 -5.82498 303.03574 -178.39893 -41.79775 NaN NaN NaN 65.36054 -94.92272 -13.12586 -24.84772 -186.74335 -34.90022
50090 1.76962 NaN NaN NaN 197.28716 -118.89246 -5.82343 303.01358 -178.40814 -41.78974 NaN NaN NaN 65.31857 -94.90243 -12.80676 -25.01086 -186.73639 -34.12822
50091 1.77795 NaN NaN NaN 197.29449 -118.89966 -5.83446 303.01624 -178.43391 -41.79044 NaN NaN NaN 65.28863 -94.86001 -12.53937 -25.12117 -186.73463 -33.43663
50092 1.78628 NaN NaN NaN 197.28661 -118.89433 -5.81263 302.99161 -178.43008 -41.80490 NaN NaN NaN 65.24311 -94.80608 -12.35279 -25.17264 -186.73518 -32.77035
50093 1.79461 NaN NaN NaN 197.27359 -118.87915 -5.83246 302.99228 -178.45091 -41.79596 NaN NaN NaN 65.18156 -94.73583 -12.27817 -25.28787 -186.73099 -32.11824
50094 1.80294 NaN NaN NaN 197.25169 -118.86442 -5.86341 302.96231 -178.45171 -41.77106 NaN NaN NaN 65.09276 -94.64298 -12.22733 -25.38176 -186.70009 -31.51522
50095 1.81127 NaN NaN NaN 197.21777 -118.83662 -5.88487 302.93170 -178.44841 -41.74282 NaN NaN NaN 65.04501 -94.49577 -12.08263 -25.48299 -186.70956 -31.00666
50096 1.81960 NaN NaN NaN 197.19083 -118.82183 -5.90671 302.88040 -178.43575 -41.72596 NaN NaN NaN 64.97066 -94.38074 -11.99081 -25.56097 -186.64003 -30.58788
50097 1.82794 NaN NaN NaN 197.13481 -118.81947 -5.94905 302.83850 -178.43121 -41.69757 NaN NaN NaN 64.92101 -94.25025 -11.93655 -25.61244 -186.57419 -30.14565
50098 1.83627 NaN NaN NaN 197.09802 -118.78059 -5.98947 302.81256 -178.40898 -41.68363 NaN NaN NaN 64.90028 -94.13136 -11.92806 -25.63893 -186.51425 -29.72566
50099 1.84460 NaN NaN NaN 197.02853 -118.76686 -6.07767 302.80157 -178.39682 -41.63621 NaN NaN NaN 64.85551 -94.00329 -11.91798 -25.66836 -186.47350 -29.35665
50100 1.85293 NaN NaN NaN 196.95338 -118.71729 -6.16762 302.77637 -178.38527 -41.63628 NaN NaN NaN 64.81036 -93.90203 -11.89537 -25.73478 -186.40359 -29.06306
50101 1.86126 NaN NaN NaN 196.91602 -118.65476 -6.27271 302.75943 -178.37848 -41.58838 NaN NaN NaN 64.74565 -93.81871 -11.90380 -25.79103 -186.36574 -28.86996
50102 1.86959 NaN NaN NaN 196.88075 -118.60447 -6.34009 302.72571 -178.37384 -41.57134 NaN NaN NaN 64.69383 -93.68916 -11.83529 -25.80309 -186.31378 -28.72791
50103 1.87792 NaN NaN NaN 196.83745 -118.54901 -6.40063 302.68942 -178.36002 -41.54360 NaN NaN NaN 64.62261 -93.59973 -11.77441 -25.81205 -186.25307 -28.62944
50104 1.88625 NaN NaN NaN 196.78122 -118.50830 -6.46417 302.63449 -178.32919 -41.52514 NaN NaN NaN 64.60635 -93.58840 -11.64847 -25.84725 -186.21677 -28.59184
50105 1.89459 NaN NaN NaN 196.72346 -118.46546 -6.50025 302.59088 -178.30261 -41.51953 NaN NaN NaN 64.54602 -93.56647 -11.54454 -25.89920 -186.17633 -28.62625
50106 1.90292 NaN NaN NaN 196.66330 -118.41398 -6.53762 302.54828 -178.27391 -41.50044 NaN NaN NaN 64.45803 -93.54746 -11.41546 -25.95535 -186.12093 -28.73093
50107 1.91125 NaN NaN NaN 196.61452 -118.37316 -6.55970 302.51288 -178.23201 -41.49027 NaN NaN NaN 64.43648 -93.56293 -11.20844 -26.00946 -186.07835 -28.85489
50108 1.91958 NaN NaN NaN 196.59689 -118.35144 -6.58403 302.48346 -178.21906 -41.44291 NaN NaN NaN 64.42596 -93.56838 -11.02939 -26.04086 -186.01793 -28.84724
50109 1.92791 NaN NaN NaN 196.58350 -118.34011 -6.57605 302.46967 -178.20499 -41.46463 NaN NaN NaN 64.43372 -93.58527 -10.92242 -26.05163 -185.95937 -28.70986
50110 1.93624 NaN NaN NaN 196.58566 -118.35264 -6.56258 302.45435 -178.20123 -41.47424 NaN NaN NaN 64.45137 -93.57941 -10.79222 -26.05711 -185.89360 -28.56340
50111 1.94457 NaN NaN NaN 196.56918 -118.37206 -6.53208 302.47256 -178.22116 -41.49042 NaN NaN NaN 64.43657 -93.55801 -10.64902 -26.09562 -185.88626 -28.49832
50112 1.95290 NaN NaN NaN 196.56557 -118.37205 -6.52287 302.45349 -178.21019 -41.50438 NaN NaN NaN 64.46312 -93.64271 -10.48942 -26.11825 -185.87379 -28.50989
50113 1.96124 NaN NaN NaN 196.57123 -118.38300 -6.49165 302.45496 -178.21832 -41.52810 NaN NaN NaN 64.45447 -93.70406 -10.31514 -26.13443 -185.87788 -28.47904
50114 1.96957 NaN NaN NaN 196.59096 -118.40446 -6.45522 302.46130 -178.21915 -41.53624 NaN NaN NaN 64.37917 -93.73077 -10.08974 -26.17513 -185.89027 -28.48705
50115 1.97790 NaN NaN NaN 196.59975 -118.45706 -6.43117 302.45291 -178.21301 -41.55585 NaN NaN NaN 64.30271 -93.78545 -9.90356 -26.25363 -185.94160 -28.55305
50116 1.98623 NaN NaN NaN 196.61606 -118.47052 -6.40110 302.46732 -178.21622 -41.56939 NaN NaN NaN 64.24464 -93.93104 -9.60706 -26.34796 -186.03316 -28.63584
50117 1.99456 NaN NaN NaN 196.59883 -118.48341 -6.40766 302.46713 -178.20415 -41.57605 NaN NaN NaN 64.12912 -94.14087 -9.30145 -26.44549 -186.16916 -28.81879
50118 2.00289 NaN NaN NaN 196.58290 -118.46065 -6.43423 302.46088 -178.21565 -41.56498 NaN NaN NaN 64.00495 -94.43203 -8.85019 -26.58131 -186.30798 -29.00340
50119 2.01122 NaN NaN NaN 196.55940 -118.44206 -6.46154 302.43524 -178.21463 -41.56107 NaN NaN NaN 63.81695 -94.69479 -8.27848 -26.76352 -186.48508 -29.27531
50120 2.01956 NaN NaN NaN 196.53253 -118.43395 -6.48456 302.41415 -178.20190 -41.56140 NaN NaN NaN 63.60178 -95.09280 -7.67753 -26.92754 -186.61946 -29.68996
50121 2.02789 NaN NaN NaN 196.51631 -118.41947 -6.49888 302.40506 -178.18964 -41.56432 NaN NaN NaN 63.31071 -95.55856 -6.98546 -27.14234 -186.82806 -30.15434
50122 2.03622 NaN NaN NaN 196.48906 -118.41512 -6.52214 302.38968 -178.18620 -41.54984 NaN NaN NaN 63.06478 -96.04033 -6.27969 -27.38080 -187.01714 -30.65759
50123 2.04455 NaN NaN NaN 196.45207 -118.42951 -6.55093 302.35593 -178.18031 -41.54044 NaN NaN NaN 62.80145 -96.52822 -5.60406 -27.63345 -187.18417 -31.03771
50124 2.05288 NaN NaN NaN 196.42554 -118.43524 -6.56051 302.33121 -178.18523 -41.51338 NaN NaN NaN 62.51382 -96.97517 -5.07704 -27.86126 -187.38483 -31.34695
50125 2.06121 NaN NaN NaN 196.38423 -118.44095 -6.55509 302.30038 -178.17136 -41.50833 NaN NaN NaN 62.28277 -97.39525 -4.56730 -28.08591 -187.60139 -31.55060
50126 2.06954 NaN NaN NaN 196.36241 -118.44711 -6.56357 302.28024 -178.17862 -41.48373 NaN NaN NaN 62.07544 -97.76740 -4.04639 -28.27480 -187.80730 -31.61901
50127 2.07787 NaN NaN NaN 196.36230 -118.42524 -6.56729 302.23752 -178.18211 -41.46518 NaN NaN NaN 61.83487 -98.10905 -3.59567 -28.49672 -188.04079 -31.63338
50128 2.08621 NaN NaN NaN 196.34608 -118.40129 -6.56989 302.21497 -178.18260 -41.45151 NaN NaN NaN 61.61496 -98.41917 -3.15468 -28.70266 -188.19287 -31.66568
50129 2.09454 NaN NaN NaN 196.33546 -118.38422 -6.54669 302.20068 -178.18533 -41.44620 NaN NaN NaN 61.37921 -98.70476 -2.75881 -28.89477 -188.41261 -31.69905
50130 2.10287 NaN NaN NaN 196.31822 -118.38197 -6.54898 302.19217 -178.20047 -41.44739 NaN NaN NaN 61.23320 -99.04594 -2.28889 -29.07895 -188.57536 -31.67604
50131 2.11120 NaN NaN NaN 196.33115 -118.40737 -6.53132 302.18427 -178.21764 -41.43990 NaN NaN NaN 61.05575 -99.36531 -1.84089 -29.30518 -188.75099 -31.71641
50132 2.11953 NaN NaN NaN 196.33093 -118.40779 -6.52008 302.16730 -178.22020 -41.44336 NaN NaN NaN 60.83779 -99.74551 -1.43821 -29.48174 -188.88420 -31.88655
50133 2.12786 NaN NaN NaN 196.33812 -118.43460 -6.50367 302.16788 -178.24507 -41.46087 NaN NaN NaN 60.56905 -100.07785 -0.91623 -29.67595 -189.02820 -32.18707
50134 2.13619 NaN NaN NaN 196.33749 -118.41698 -6.48682 302.14258 -178.26091 -41.47863 NaN NaN NaN 60.34605 -100.46743 -0.44417 -29.88739 -189.17891 -32.54439
50135 2.14452 NaN NaN NaN 196.34134 -118.43362 -6.48174 302.14035 -178.28099 -41.48395 NaN NaN NaN 60.00517 -100.83183 0.17048 -30.09143 -189.32236 -33.13643
50136 2.15286 NaN NaN NaN 196.34406 -118.41692 -6.48334 302.11118 -178.27664 -41.48227 NaN NaN NaN 59.69500 -101.36106 0.74472 -30.28475 -189.40884 -33.80930
50137 2.16119 NaN NaN NaN 196.32373 -118.42590 -6.46834 302.11441 -178.29556 -41.49178 NaN NaN NaN 59.35515 -101.92514 1.39065 -30.48197 -189.51138 -34.53040
50138 2.16952 NaN NaN NaN 196.31779 -118.42235 -6.45346 302.10114 -178.26332 -41.49169 NaN NaN NaN 59.07021 -102.46764 1.94218 -30.66685 -189.63113 -35.13056
50139 2.17785 NaN NaN NaN 196.32973 -118.43361 -6.43600 302.10309 -178.26968 -41.50109 NaN NaN NaN 58.84680 -102.86897 2.23390 -30.87073 -189.74614 -35.52798
50140 2.18618 NaN NaN NaN 196.32716 -118.42130 -6.43522 302.09546 -178.26115 -41.48888 NaN NaN NaN 58.70191 -103.08818 2.30878 -31.01588 -189.85564 -35.64279
50141 2.19451 NaN NaN NaN 196.32289 -118.41315 -6.42623 302.09073 -178.26820 -41.50131 NaN NaN NaN 58.63805 -103.18099 2.20718 -31.11032 -189.99510 -35.57509
50142 2.20284 NaN NaN NaN 196.31221 -118.40556 -6.42562 302.07718 -178.27164 -41.49548 NaN NaN NaN 58.68637 -103.23452 2.05018 -31.17688 -190.11504 -35.46673
50143 2.21117 NaN NaN NaN 196.28909 -118.41959 -6.44481 302.05991 -178.27132 -41.50134 NaN NaN NaN 58.72652 -103.23752 1.80898 -31.21879 -190.17709 -35.34250
50144 2.21951 NaN NaN NaN 196.29518 -118.40674 -6.43958 302.05545 -178.26724 -41.49541 NaN NaN NaN 58.82533 -103.16716 1.46395 -31.22638 -190.19083 -35.27837
50145 2.22784 NaN NaN NaN 196.27580 -118.43306 -6.43941 302.03616 -178.27621 -41.48738 NaN NaN NaN 58.91676 -103.06639 1.05160 -31.18834 -190.15045 -35.31775
50146 2.23617 NaN NaN NaN 196.27209 -118.43148 -6.40985 302.03543 -178.27597 -41.47917 NaN NaN NaN 59.10459 -102.95477 0.60882 -31.10123 -190.07735 -35.51945
50147 2.24450 NaN NaN NaN 196.27286 -118.46572 -6.41016 302.03329 -178.29124 -41.47190 NaN NaN NaN 59.24632 -102.69529 0.02461 -30.99784 -189.91336 -35.80109
50148 2.25283 NaN NaN NaN 196.28488 -118.48067 -6.38008 302.06335 -178.30292 -41.47415 NaN NaN NaN 59.52674 -102.43500 -0.63436 -30.82427 -189.70401 -36.12060
50149 2.26116 NaN NaN NaN 196.29898 -118.51157 -6.34810 302.07690 -178.30830 -41.47945 NaN NaN NaN 59.80000 -102.09386 -1.55495 -30.61132 -189.48361 -36.44954
50150 2.26949 NaN NaN NaN 196.31526 -118.53171 -6.31440 302.10501 -178.31189 -41.46119 NaN NaN NaN 60.17524 -101.71951 -2.50941 -30.34880 -189.20715 -36.82024
50151 2.27783 NaN NaN NaN 196.33728 -118.57408 -6.28319 302.13501 -178.33989 -41.45589 NaN NaN NaN 60.56081 -101.26413 -3.55483 -30.11091 -188.92090 -37.16083
50152 2.28616 NaN NaN NaN 196.37206 -118.61738 -6.25574 302.17880 -178.36693 -41.44423 NaN NaN NaN 60.94078 -100.79035 -4.63695 -29.84775 -188.64166 -37.40721
50153 2.29449 NaN NaN NaN 196.41901 -118.63693 -6.22052 302.23334 -178.34915 -41.42551 NaN NaN NaN 61.26758 -100.27536 -5.69991 -29.54544 -188.40276 -37.56683
50154 2.30282 NaN NaN NaN 196.44762 -118.61894 -6.23044 302.29245 -178.32640 -41.35386 NaN NaN NaN 61.55339 -99.77101 -6.60379 -29.26510 -188.19293 -37.71233
50155 2.31115 NaN NaN NaN 196.46828 -118.60639 -6.24769 302.31540 -178.30118 -41.33191 NaN NaN NaN 61.76432 -99.32652 -7.35342 -29.04366 -187.97751 -37.87067
50156 2.31948 NaN NaN NaN 196.47356 -118.53992 -6.28656 302.34000 -178.28049 -41.28375 NaN NaN NaN 61.94651 -98.97087 -7.92172 -28.89214 -187.83134 -38.03656
50157 2.32781 NaN NaN NaN 196.48212 -118.46001 -6.33669 302.34650 -178.25107 -41.24908 NaN NaN NaN 62.09335 -98.68541 -8.45947 -28.76023 -187.65096 -38.06052
50158 2.33614 NaN NaN NaN 196.49585 -118.38663 -6.36714 302.37292 -178.23367 -41.22192 NaN NaN NaN 62.21900 -98.40804 -8.94975 -28.64680 -187.51573 -38.03448
50159 2.34448 NaN NaN NaN 196.51796 -118.33537 -6.37307 302.37131 -178.21457 -41.20676 NaN NaN NaN 62.37711 -98.10999 -9.47411 -28.54331 -187.34534 -37.84480
50160 2.35281 NaN NaN NaN 196.52882 -118.29187 -6.36105 302.37280 -178.18294 -41.18544 NaN NaN NaN 62.55897 -97.78374 -9.95112 -28.46363 -187.22849 -37.49376
50161 2.36114 NaN NaN NaN 196.51610 -118.26035 -6.33807 302.36035 -178.13165 -41.17869 NaN NaN NaN 62.69788 -97.46646 -10.54456 -28.35940 -187.11961 -37.10098
50162 2.36947 NaN NaN NaN 196.51369 -118.24174 -6.28234 302.37286 -178.11304 -41.14981 NaN NaN NaN 62.85276 -97.16702 -11.03347 -28.22012 -187.05856 -36.70774
50163 2.37780 NaN NaN NaN 196.52699 -118.25241 -6.25458 302.37119 -178.12444 -41.10069 NaN NaN NaN 63.03355 -96.85345 -11.49456 -28.15416 -186.96182 -36.36159
50164 2.38613 NaN NaN NaN 196.53252 -118.25271 -6.14225 302.38651 -178.13657 -41.09732 NaN NaN NaN 63.17798 -96.60758 -11.96630 -28.04211 -186.87827 -36.08496
50165 2.39446 NaN NaN NaN 196.56409 -118.29496 -6.07726 302.41263 -178.16003 -41.07758 NaN NaN NaN 63.31343 -96.40948 -12.31309 -27.94232 -186.79060 -35.92648
50166 2.40279 NaN NaN NaN 196.61127 -118.32233 -5.97501 302.43451 -178.20108 -41.08038 NaN NaN NaN 63.39672 -96.20766 -12.75840 -27.82566 -186.72655 -35.74679
50167 2.41113 NaN NaN NaN 196.64970 -118.35942 -5.92421 302.46078 -178.21642 -41.07417 NaN NaN NaN 63.53693 -96.04542 -13.14669 -27.73986 -186.64853 -35.58952
50168 2.41946 NaN NaN NaN 196.68504 -118.38361 -5.90579 302.48312 -178.23425 -41.09861 NaN NaN NaN 63.69422 -95.86390 -13.43877 -27.63106 -186.56778 -35.46090
50169 2.42779 NaN NaN NaN 196.70027 -118.42242 -5.89119 302.49921 -178.23650 -41.08570 NaN NaN NaN 63.81929 -95.67546 -13.75435 -27.50668 -186.46559 -35.36019
50170 2.43612 NaN NaN NaN 196.71622 -118.44628 -5.89538 302.50531 -178.25363 -41.09419 NaN NaN NaN 63.91843 -95.50494 -14.14279 -27.41750 -186.40288 -35.29525
50171 2.44445 NaN NaN NaN 196.72141 -118.44393 -5.89563 302.51782 -178.24466 -41.08931 NaN NaN NaN 64.01713 -95.32700 -14.44520 -27.30744 -186.32027 -35.19501
50172 2.45278 NaN NaN NaN 196.73256 -118.41895 -5.91268 302.53824 -178.26251 -41.06884 NaN NaN NaN 64.13428 -95.23268 -14.61837 -27.19570 -186.25290 -35.10259
50173 2.46111 NaN NaN NaN 196.71947 -118.41423 -5.92447 302.54736 -178.25282 -41.06375 NaN NaN NaN 64.24932 -95.12663 -14.68373 -27.13049 -186.17450 -35.05139
50174 2.46945 NaN NaN NaN 196.71820 -118.41451 -5.94610 302.57605 -178.25597 -41.02327 NaN NaN NaN 64.28532 -95.09090 -14.68834 -27.08128 -186.10692 -35.00166
50175 2.47778 NaN NaN NaN 196.72021 -118.45029 -5.95084 302.58890 -178.24625 -41.01725 NaN NaN NaN 64.32035 -95.09416 -14.63382 -27.04359 -186.06995 -34.94365
50176 2.48611 NaN NaN NaN 196.73001 -118.44513 -5.94363 302.60541 -178.25696 -41.01597 NaN NaN NaN 64.33987 -95.05901 -14.48282 -27.01362 -186.05087 -34.87605
50177 2.49444 NaN NaN NaN 196.73991 -118.43250 -5.92958 302.62277 -178.25645 -41.02393 NaN NaN NaN 64.37689 -95.06380 -14.37974 -27.00158 -186.01530 -34.81584
50178 2.50277 NaN NaN NaN 196.74579 -118.42808 -5.91534 302.64145 -178.26573 -41.03104 NaN NaN NaN 64.41937 -95.04893 -14.25688 -26.99257 -185.97578 -34.75637
50179 2.51110 NaN NaN NaN 196.77896 -118.43990 -5.88232 302.64774 -178.24020 -41.05082 NaN NaN NaN 64.44880 -94.99754 -14.17515 -26.97201 -185.92476 -34.67067
50180 2.51943 NaN NaN NaN 196.78767 -118.46478 -5.85179 302.65573 -178.25143 -41.04314 NaN NaN NaN 64.49114 -94.94699 -14.04192 -26.94321 -185.87404 -34.60110
50181 2.52776 NaN NaN NaN 196.79761 -118.47250 -5.81744 302.65991 -178.24673 -41.05722 NaN NaN NaN 64.54264 -94.88303 -13.97567 -26.90148 -185.79781 -34.51050
50182 2.53610 NaN NaN NaN 196.81596 -118.47457 -5.79008 302.65720 -178.25883 -41.04382 NaN NaN NaN 64.57261 -94.84341 -13.99174 -26.86764 -185.75716 -34.46167
50183 2.54443 NaN NaN NaN 196.82819 -118.47732 -5.76762 302.66718 -178.24071 -41.04664 NaN NaN NaN 64.64415 -94.77799 -14.04383 -26.80842 -185.71298 -34.43787
50184 2.55276 NaN NaN NaN 196.85461 -118.46846 -5.73575 302.67581 -178.23936 -41.02678 NaN NaN NaN 64.70775 -94.68531 -14.15351 -26.75307 -185.65672 -34.42171
50185 2.56109 NaN NaN NaN 196.85614 -118.47272 -5.73937 302.70547 -178.23807 -41.04874 NaN NaN NaN 64.77199 -94.54353 -14.27899 -26.65568 -185.59152 -34.42622
50186 2.56942 NaN NaN NaN 196.88638 -118.46560 -5.72903 302.70953 -178.23277 -41.04987 NaN NaN NaN 64.83950 -94.45101 -14.40265 -26.56071 -185.53093 -34.42628
50187 2.57775 NaN NaN NaN 196.88840 -118.48695 -5.75340 302.72800 -178.24950 -41.05912 NaN NaN NaN 64.93835 -94.35874 -14.55909 -26.43876 -185.47343 -34.46399
50188 2.58608 NaN NaN NaN 196.89554 -118.48210 -5.78944 302.73282 -178.25359 -41.04354 NaN NaN NaN 65.01772 -94.30880 -14.65416 -26.33189 -185.43063 -34.52935
50189 2.59441 NaN NaN NaN 196.88904 -118.49772 -5.78712 302.74084 -178.24493 -41.06484 NaN NaN NaN 65.10524 -94.28358 -14.68804 -26.21844 -185.40268 -34.64161
50190 2.60275 NaN NaN NaN 196.90158 -118.50584 -5.79362 302.75708 -178.25034 -41.06188 NaN NaN NaN 65.16102 -94.27091 -14.68781 -26.14367 -185.35440 -34.81832
50191 2.61108 NaN NaN NaN 196.90469 -118.52345 -5.78138 302.75430 -178.24759 -41.06549 NaN NaN NaN 65.21294 -94.20555 -14.67729 -26.06134 -185.25714 -35.02969
50192 2.61941 NaN NaN NaN 196.93074 -118.51203 -5.78891 302.76715 -178.24567 -41.04873 NaN NaN NaN 65.29763 -94.17004 -14.69356 -25.96376 -185.21732 -35.21122
50193 2.62774 NaN NaN NaN 196.95171 -118.52979 -5.76967 302.77243 -178.24805 -41.06020 NaN NaN NaN 65.34587 -94.09895 -14.78149 -25.88326 -185.18086 -35.30766
50194 2.63607 NaN NaN NaN 196.95778 -118.53385 -5.77174 302.78632 -178.25838 -41.05523 NaN NaN NaN 65.43524 -94.04012 -14.84959 -25.78968 -185.14197 -35.36212
50195 2.64440 NaN NaN NaN 196.98517 -118.54997 -5.76121 302.82159 -178.25206 -41.07862 NaN NaN NaN 65.53393 -93.96066 -14.91638 -25.70443 -185.04779 -35.43166
50196 2.65273 NaN NaN NaN 197.01912 -118.54259 -5.73873 302.83383 -178.27135 -41.05912 NaN NaN NaN 65.63786 -93.89835 -14.99230 -25.61082 -184.98515 -35.50612
50197 2.66107 NaN NaN NaN 197.03879 -118.54702 -5.69774 302.85678 -178.28529 -41.06160 NaN NaN NaN 65.75420 -93.81011 -15.12956 -25.47318 -184.83731 -35.59693
50198 2.66940 NaN NaN NaN 197.07494 -118.54835 -5.65027 302.86514 -178.29063 -41.08804 NaN NaN NaN 66.00322 -93.62083 -15.63162 -25.30694 -184.71001 -35.69757
50199 2.67773 NaN NaN NaN 197.09784 -118.59047 -5.61318 302.86700 -178.29161 -41.14052 NaN NaN NaN 66.31765 -93.32869 -16.35327 -25.08241 -184.56998 -35.61941
50200 2.68606 NaN NaN NaN 197.11263 -118.62620 -5.58255 302.87466 -178.33157 -41.21211 NaN NaN NaN 66.55589 -93.10391 -17.00098 -24.79400 -184.52998 -35.62482
50201 2.69439 NaN NaN NaN 197.09805 -118.68610 -5.56493 302.89456 -178.35078 -41.27117 NaN NaN NaN 66.70950 -92.87331 -17.39939 -24.53766 -184.50330 -35.92188
50202 2.70272 NaN NaN NaN 197.11287 -118.69496 -5.55960 302.90027 -178.36501 -41.24820 NaN NaN NaN 66.86198 -92.76501 -17.62585 -24.33853 -184.43654 -36.41554
50203 2.71105 NaN NaN NaN 197.11304 -118.71414 -5.58350 302.91599 -178.35622 -41.22827 NaN NaN NaN 67.01276 -92.73941 -17.92538 -24.13464 -184.34653 -36.81189
50204 2.71938 NaN NaN NaN 197.12682 -118.70120 -5.61550 302.92068 -178.33012 -41.15523 NaN NaN NaN 67.19067 -92.66515 -18.29408 -23.94725 -184.23592 -37.08362
50205 2.72772 NaN NaN NaN 197.11902 -118.68606 -5.64034 302.94833 -178.32469 -41.12837 NaN NaN NaN 67.35682 -92.48624 -18.75213 -23.71323 -184.11269 -37.30145
50206 2.73605 NaN NaN NaN 197.13638 -118.71952 -5.68645 302.97665 -178.33841 -41.14818 NaN NaN NaN 67.43335 -92.28507 -19.02056 -23.51445 -184.02441 -37.52081
50207 2.74438 NaN NaN NaN 197.16068 -118.78284 -5.70043 303.01944 -178.37291 -41.20312 NaN NaN NaN 67.58966 -92.08436 -19.24157 -23.35488 -183.93977 -37.71974
50208 2.75271 NaN NaN NaN 197.20743 -118.80528 -5.69303 303.04440 -178.37498 -41.22723 NaN NaN NaN 67.73663 -92.03542 -19.47976 -23.23298 -183.89877 -37.87541
50209 2.76104 NaN NaN NaN 197.23651 -118.81569 -5.66702 303.07486 -178.38692 -41.25028 NaN NaN NaN 67.84116 -91.96288 -19.73396 -23.12209 -183.86574 -37.97564
50210 2.76937 NaN NaN NaN 197.26610 -118.80103 -5.66274 303.07910 -178.36740 -41.22932 NaN NaN NaN 67.91891 -91.93127 -20.06588 -23.06386 -183.82823 -37.98966
50211 2.77770 NaN NaN NaN 197.27878 -118.81321 -5.62309 303.10904 -178.36647 -41.20882 NaN NaN NaN 67.96887 -91.87009 -20.31800 -23.01966 -183.78598 -37.94688
50212 2.78603 NaN NaN NaN 197.27565 -118.81306 -5.58161 303.14801 -178.37825 -41.17261 NaN NaN NaN 68.06719 -91.82963 -20.56576 -22.97722 -183.75261 -37.87516
50213 2.79437 NaN NaN NaN 197.30495 -118.82507 -5.55211 303.16980 -178.37415 -41.12852 NaN NaN NaN 68.10986 -91.78008 -20.83460 -22.95434 -183.72737 -37.80548
50214 2.80270 NaN NaN NaN 197.33920 -118.80109 -5.48525 303.16046 -178.37883 -41.09731 NaN NaN NaN 68.11481 -91.73315 -21.01679 -22.95404 -183.73270 -37.72366
50215 2.81103 NaN NaN NaN 197.34496 -118.81561 -5.47304 303.15356 -178.40233 -41.06807 NaN NaN NaN 68.10124 -91.75073 -21.21513 -22.99945 -183.76411 -37.64554
50216 2.81936 NaN NaN NaN 197.36459 -118.80119 -5.45770 303.15381 -178.40559 -41.07770 NaN NaN NaN 68.07422 -91.75472 -21.31863 -23.04959 -183.81308 -37.59338
50217 2.82769 NaN NaN NaN 197.35236 -118.82489 -5.45513 303.15112 -178.41939 -41.06944 NaN NaN NaN 68.08113 -91.81751 -21.35973 -23.10037 -183.86998 -37.50537
50218 2.83602 NaN NaN NaN 197.34792 -118.80815 -5.46463 303.15784 -178.41211 -41.08329 NaN NaN NaN 68.10302 -91.87531 -21.36609 -23.15046 -183.89465 -37.43178
50219 2.84435 NaN NaN NaN 197.34827 -118.82864 -5.49667 303.16473 -178.42731 -41.09356 NaN NaN NaN 68.10459 -91.91756 -21.36020 -23.19644 -183.90503 -37.42018
50220 2.85268 NaN NaN NaN 197.35335 -118.82786 -5.48740 303.15784 -178.42050 -41.09410 NaN NaN NaN 68.05716 -91.92634 -21.30476 -23.21385 -183.88019 -37.49234
50221 2.86102 NaN NaN NaN 197.34341 -118.84438 -5.52458 303.16003 -178.43626 -41.10402 NaN NaN NaN 67.95453 -91.89022 -21.19398 -23.23794 -183.87424 -37.59081
50222 2.86935 NaN NaN NaN 197.31856 -118.84037 -5.56613 303.16669 -178.43636 -41.12434 NaN NaN NaN 67.87461 -91.84533 -21.12715 -23.24239 -183.86206 -37.70912
50223 2.87768 NaN NaN NaN 197.33374 -118.87142 -5.58597 303.18658 -178.46547 -41.14820 NaN NaN NaN 67.83299 -91.86400 -20.95993 -23.24361 -183.86020 -37.90250
50224 2.88601 NaN NaN NaN 197.34906 -118.82370 -5.57524 303.20065 -178.47310 -41.14142 NaN NaN NaN 67.81768 -91.95996 -20.83105 -23.26975 -183.84206 -38.17957
50225 2.89434 NaN NaN NaN 197.36693 -118.87067 -5.58361 303.21725 -178.50558 -41.17215 NaN NaN NaN 67.77189 -92.02721 -20.70364 -23.31682 -183.83852 -38.36950
50226 2.90267 NaN NaN NaN 197.39224 -118.89572 -5.59678 303.22064 -178.48752 -41.14332 NaN NaN NaN 67.78239 -92.11743 -20.58825 -23.37088 -183.82219 -38.50051
50227 2.91100 NaN NaN NaN 197.38638 -118.90675 -5.58972 303.23965 -178.50278 -41.16804 NaN NaN NaN 67.75623 -92.17250 -20.49965 -23.40681 -183.85924 -38.59788
50228 2.91934 NaN NaN NaN 197.39702 -118.89880 -5.59539 303.23425 -178.49527 -41.16584 NaN NaN NaN 67.70289 -92.20210 -20.42333 -23.44291 -183.90678 -38.70200
50229 2.92767 NaN NaN NaN 197.38664 -118.90016 -5.58993 303.22562 -178.50160 -41.19529 NaN NaN NaN 67.67202 -92.25916 -20.31702 -23.48942 -183.92467 -38.81912
50230 2.93600 NaN NaN NaN 197.38960 -118.89085 -5.59850 303.20987 -178.49680 -41.18995 NaN NaN NaN 67.60304 -92.41059 -20.18375 -23.55407 -183.98486 -38.94047
50231 2.94433 NaN NaN NaN 197.39307 -118.89190 -5.60417 303.21771 -178.50771 -41.19858 NaN NaN NaN 67.49928 -92.48560 -20.06846 -23.63049 -184.00647 -39.06861
50232 2.95266 NaN NaN NaN 197.39275 -118.88971 -5.58717 303.20554 -178.52293 -41.18121 NaN NaN NaN 67.44170 -92.58917 -19.95889 -23.74018 -184.08647 -39.31296
50233 2.96099 NaN NaN NaN 197.38765 -118.89307 -5.58880 303.20691 -178.54068 -41.19824 NaN NaN NaN 67.31713 -92.71274 -19.83343 -23.82538 -184.12901 -39.53027
50234 2.96932 NaN NaN NaN 197.35088 -118.87893 -5.56180 303.19324 -178.54010 -41.19942 NaN NaN NaN 67.21410 -92.90936 -19.71220 -23.91937 -184.16600 -39.78411
50235 2.97765 NaN NaN NaN 197.34953 -118.89628 -5.56433 303.18280 -178.53543 -41.20178 NaN NaN NaN 67.16027 -93.11316 -19.58727 -24.03861 -184.26408 -40.05307
50236 2.98599 NaN NaN NaN 197.33946 -118.88742 -5.53525 303.16782 -178.52884 -41.21638 NaN NaN NaN 67.05935 -93.33977 -19.44844 -24.17431 -184.34508 -40.31682
50237 2.99432 NaN NaN NaN 197.32692 -118.90807 -5.56434 303.13962 -178.51428 -41.22164 NaN NaN NaN 66.96103 -93.51103 -19.32181 -24.28119 -184.42514 -40.60060
50238 3.00265 NaN NaN NaN 197.31165 -118.87038 -5.56753 303.11826 -178.52061 -41.22766 NaN NaN NaN 66.83037 -93.70747 -19.19493 -24.37709 -184.50737 -40.95116
50239 3.01098 NaN NaN NaN 197.28883 -118.89468 -5.58996 303.08347 -178.50986 -41.23680 NaN NaN NaN 66.70804 -93.90023 -19.07704 -24.47865 -184.59750 -41.30264
50240 3.01931 NaN NaN NaN 197.27188 -118.85176 -5.60466 303.05286 -178.50964 -41.23636 NaN NaN NaN 66.62576 -94.13046 -18.96420 -24.61552 -184.71126 -41.73089
50241 3.02764 NaN NaN NaN 197.23480 -118.88238 -5.61198 303.03714 -178.51669 -41.24604 NaN NaN NaN 66.56362 -94.37460 -18.85908 -24.69586 -184.79802 -42.11772
50242 3.03597 NaN NaN NaN 197.22545 -118.84465 -5.60692 303.02151 -178.51804 -41.26450 NaN NaN NaN 66.47293 -94.61786 -18.81400 -24.78849 -184.88188 -42.47116
50243 3.04430 NaN NaN NaN 197.21881 -118.88039 -5.60525 303.00363 -178.50841 -41.26216 NaN NaN NaN 66.44064 -94.81504 -18.79387 -24.87401 -184.95850 -42.77615
50244 3.05264 NaN NaN NaN 197.20979 -118.85938 -5.59565 302.96741 -178.48636 -41.27263 NaN NaN NaN 66.38256 -95.01221 -18.83405 -24.93143 -185.04716 -43.03663
50245 3.06097 NaN NaN NaN 197.19664 -118.90785 -5.58650 302.96933 -178.48955 -41.26244 NaN NaN NaN 66.34505 -95.14256 -18.82888 -24.96172 -185.13020 -43.27136
50246 3.06930 NaN NaN NaN 197.19102 -118.89592 -5.54968 302.94095 -178.51077 -41.27599 NaN NaN NaN 66.37034 -95.28906 -18.87460 -25.01183 -185.23528 -43.56449
50247 3.07763 NaN NaN NaN 197.19705 -118.92193 -5.53686 302.95972 -178.53516 -41.29667 NaN NaN NaN 66.38306 -95.41912 -18.92548 -25.04962 -185.30449 -43.79846
50248 3.08596 NaN NaN NaN 197.19710 -118.93323 -5.52454 302.95926 -178.52768 -41.32187 NaN NaN NaN 66.35458 -95.51258 -18.99154 -25.05594 -185.34311 -43.95604
50249 3.09429 NaN NaN NaN 197.19583 -118.96741 -5.50887 302.95938 -178.52753 -41.37870 NaN NaN NaN 66.38301 -95.64788 -19.08145 -25.04851 -185.39873 -44.14458
50250 3.10262 NaN NaN NaN 197.21870 -119.01292 -5.45666 302.97278 -178.54225 -41.38825 NaN NaN NaN 66.41805 -95.74040 -19.15958 -25.02808 -185.46384 -44.29008
50251 3.11096 NaN NaN NaN 197.22595 -119.04930 -5.42827 302.98959 -178.56342 -41.36236 NaN NaN NaN 66.45181 -95.77949 -19.27519 -24.99496 -185.51472 -44.37082
50252 3.11929 NaN NaN NaN 197.24988 -119.03525 -5.42025 302.98578 -178.58649 -41.38101 NaN NaN NaN 66.54396 -95.88303 -19.44720 -24.94478 -185.56895 -44.35695
50253 3.12762 NaN NaN NaN 197.27373 -119.07178 -5.38773 302.99753 -178.61177 -41.39254 NaN NaN NaN 66.63448 -95.92823 -19.58753 -24.92253 -185.61905 -44.30247
50254 3.13595 NaN NaN NaN 197.28854 -119.08940 -5.36162 303.00043 -178.62885 -41.41425 NaN NaN NaN 66.69524 -95.87305 -19.74108 -24.89577 -185.65012 -44.19391
50255 3.14428 NaN NaN NaN 197.31750 -119.10828 -5.34002 303.02219 -178.64424 -41.41139 NaN NaN NaN 66.77769 -95.82802 -20.01859 -24.85544 -185.67851 -44.06650
50256 3.15261 NaN NaN NaN 197.34970 -119.13329 -5.29718 303.04123 -178.65742 -41.43043 NaN NaN NaN 66.85138 -95.78000 -20.28414 -24.82571 -185.68871 -43.90179
50257 3.16094 NaN NaN NaN 197.36050 -119.16111 -5.27368 303.05023 -178.67432 -41.41185 NaN NaN NaN 66.94278 -95.74792 -20.58207 -24.80238 -185.69135 -43.73980
50258 3.16927 NaN NaN NaN 197.37628 -119.17442 -5.25853 303.06107 -178.68542 -41.41639 NaN NaN NaN 66.96974 -95.70151 -20.82209 -24.79771 -185.71620 -43.60060
50259 3.17761 NaN NaN NaN 197.38785 -119.18353 -5.24514 303.06531 -178.69290 -41.40566 NaN NaN NaN 67.02792 -95.67041 -21.00382 -24.79267 -185.75290 -43.46660
50260 3.18594 NaN NaN NaN 197.41592 -119.16906 -5.23545 303.07101 -178.70110 -41.40911 NaN NaN NaN 67.05632 -95.67296 -21.24694 -24.80092 -185.78973 -43.34196
50261 3.19427 NaN NaN NaN 197.40857 -119.18630 -5.23674 303.08606 -178.68776 -41.40659 NaN NaN NaN 67.07442 -95.67408 -21.43066 -24.83930 -185.80484 -43.26018
50262 3.20260 NaN NaN NaN 197.40982 -119.18118 -5.24293 303.08017 -178.71022 -41.40969 NaN NaN NaN 67.12703 -95.65658 -21.63663 -24.84812 -185.81305 -43.12204
50263 3.21093 NaN NaN NaN 197.39519 -119.19978 -5.24317 303.07681 -178.70296 -41.40379 NaN NaN NaN 67.21269 -95.65563 -21.86324 -24.83761 -185.81136 -42.98202
50264 3.21926 NaN NaN NaN 197.40659 -119.18959 -5.25101 303.05548 -178.68700 -41.40120 NaN NaN NaN 67.27716 -95.62916 -22.12191 -24.82529 -185.76117 -42.84706
50265 3.22759 NaN NaN NaN 197.37694 -119.17715 -5.26734 303.05002 -178.68350 -41.39592 NaN NaN NaN 67.37538 -95.51466 -22.35338 -24.79013 -185.70718 -42.72438
50266 3.23592 NaN NaN NaN 197.37154 -119.16611 -5.28042 303.05887 -178.67838 -41.37964 NaN NaN NaN 67.46709 -95.40887 -22.60858 -24.70156 -185.65514 -42.55047
50267 3.24426 NaN NaN NaN 197.34897 -119.13943 -5.27924 303.04984 -178.66870 -41.36207 NaN NaN NaN 67.56334 -95.31395 -22.86720 -24.62762 -185.61287 -42.43148
50268 3.25259 NaN NaN NaN 197.34731 -119.13492 -5.28147 303.06815 -178.68649 -41.34203 NaN NaN NaN 67.70277 -95.25839 -22.99760 -24.53839 -185.56790 -42.33971
50269 3.26092 NaN NaN NaN 197.34479 -119.14287 -5.26051 303.06372 -178.69081 -41.34083 NaN NaN NaN 67.77474 -95.14521 -23.07909 -24.45899 -185.48970 -42.27822
50270 3.26925 NaN NaN NaN 197.38605 -119.18563 -5.22808 303.08090 -178.70609 -41.34459 NaN NaN NaN 67.87164 -94.98714 -23.15063 -24.35575 -185.40045 -42.20243
50271 3.27758 NaN NaN NaN 197.40469 -119.22044 -5.20473 303.07944 -178.71046 -41.35784 NaN NaN NaN 67.96198 -94.85529 -23.29236 -24.21838 -185.32347 -42.10045
50272 3.28591 NaN NaN NaN 197.44827 -119.24091 -5.18561 303.11380 -178.73808 -41.36073 NaN NaN NaN 68.12179 -94.69044 -23.41354 -24.04824 -185.21893 -42.09239
50273 3.29424 NaN NaN NaN 197.46748 -119.27975 -5.14903 303.15155 -178.74940 -41.35866 NaN NaN NaN 68.24805 -94.56696 -23.43704 -23.88741 -185.14040 -42.08110
50274 3.30258 NaN NaN NaN 197.50934 -119.27312 -5.15104 303.17465 -178.76695 -41.36000 NaN NaN NaN 68.35816 -94.47756 -23.45111 -23.74265 -185.07141 -42.07899
50275 3.31091 NaN NaN NaN 197.51202 -119.28748 -5.14154 303.20273 -178.76949 -41.36667 NaN NaN NaN 68.45335 -94.30415 -23.50698 -23.61935 -184.97734 -42.08891
50276 3.31924 NaN NaN NaN 197.55826 -119.24696 -5.14440 303.21448 -178.75682 -41.39006 NaN NaN NaN 68.51117 -94.13217 -23.58078 -23.48246 -184.88196 -42.11809
50277 3.32757 NaN NaN NaN 197.58008 -119.26810 -5.13233 303.26553 -178.76735 -41.40230 NaN NaN NaN 68.56232 -93.99586 -23.58628 -23.34062 -184.76457 -42.14877
50278 3.33590 NaN NaN NaN 197.61098 -119.23269 -5.13940 303.29782 -178.75197 -41.41740 NaN NaN NaN 68.67476 -93.87105 -23.52506 -23.22569 -184.65900 -42.22508
50279 3.34423 NaN NaN NaN 197.64705 -119.26603 -5.12775 303.32471 -178.74449 -41.41508 NaN NaN NaN 68.74398 -93.69238 -23.48588 -23.11792 -184.58107 -42.27969
50280 3.35256 NaN NaN NaN 197.67834 -119.26029 -5.12004 303.34409 -178.72957 -41.43071 NaN NaN NaN 68.80404 -93.56593 -23.43760 -22.96662 -184.46379 -42.35880
50281 3.36089 NaN NaN NaN 197.69221 -119.24485 -5.12799 303.35791 -178.72075 -41.43497 NaN NaN NaN 68.83367 -93.45926 -23.41903 -22.83749 -184.38293 -42.46194
50282 3.36923 NaN NaN NaN 197.70869 -119.24715 -5.12498 303.37695 -178.71437 -41.45922 NaN NaN NaN 68.88963 -93.27695 -23.32243 -22.69990 -184.28278 -42.58135
50283 3.37756 NaN NaN NaN 197.73273 -119.30648 -5.14250 303.39224 -178.68576 -41.48307 NaN NaN NaN 68.99554 -93.13887 -23.24681 -22.57254 -184.18442 -42.70801
50284 3.38589 NaN NaN NaN 197.74275 -119.30176 -5.14791 303.41864 -178.69405 -41.53920 NaN NaN NaN 69.14617 -93.05173 -23.23332 -22.42987 -184.11525 -42.74989
50285 3.39422 NaN NaN NaN 197.75299 -119.30788 -5.15490 303.43539 -178.69908 -41.57286 NaN NaN NaN 69.27199 -92.92255 -23.30370 -22.27474 -183.99449 -42.77476
50286 3.40255 NaN NaN NaN 197.76741 -119.30610 -5.16201 303.41699 -178.70099 -41.62862 NaN NaN NaN 69.40394 -92.73559 -23.48787 -22.07033 -183.87653 -42.76825
50287 3.41088 NaN NaN NaN 197.77652 -119.33906 -5.14068 303.41156 -178.70587 -41.62299 NaN NaN NaN 69.58395 -92.63197 -23.77060 -21.85727 -183.77853 -42.61646
50288 3.41921 NaN NaN NaN 197.78809 -119.33727 -5.12092 303.40848 -178.70560 -41.66813 NaN NaN NaN 69.77790 -92.50790 -24.06614 -21.68725 -183.73482 -42.44624
50289 3.42754 NaN NaN NaN 197.83321 -119.34406 -5.08209 303.41281 -178.72151 -41.69749 NaN NaN NaN 69.99851 -92.38609 -24.41177 -21.54699 -183.71861 -42.25378
50290 3.43588 NaN NaN NaN 197.84261 -119.37201 -5.04579 303.42587 -178.74771 -41.75011 NaN NaN NaN 70.22958 -92.33288 -24.95475 -21.44794 -183.74829 -41.99148
50291 3.44421 NaN NaN NaN 197.84387 -119.45143 -4.98851 303.42508 -178.75034 -41.80709 NaN NaN NaN 70.38235 -92.30161 -25.49487 -21.32960 -183.79065 -41.70002
50292 3.45254 NaN NaN NaN 197.87726 -119.54584 -4.89429 303.39120 -178.84079 -41.80241 NaN NaN NaN 70.53215 -92.28246 -26.06149 -21.20935 -183.88527 -41.42569
50293 3.46087 NaN NaN NaN 197.90694 -119.64232 -4.79186 303.42722 -178.87433 -41.93569 NaN NaN NaN 70.68436 -92.38451 -26.42798 -21.14821 -184.02344 -41.23080
50294 3.46920 NaN NaN NaN 197.96350 -119.77499 -4.68632 303.41269 -179.00122 -41.96351 NaN NaN NaN 70.77936 -92.56968 -26.98740 -21.11700 -184.17578 -41.04963
50295 3.47753 NaN NaN NaN 197.98892 -119.85946 -4.62317 303.45004 -178.98875 -42.10392 NaN NaN NaN 70.83733 -92.77602 -27.41001 -21.15026 -184.38162 -40.90681
50296 3.48586 NaN NaN NaN 198.00601 -119.93376 -4.61402 303.40497 -179.09650 -42.09134 NaN NaN NaN 70.86728 -92.99045 -27.61841 -21.17190 -184.57051 -40.89293
50297 3.49419 NaN NaN NaN 197.97768 -119.98032 -4.59365 303.43082 -179.03123 -42.15617 NaN NaN NaN 70.89218 -93.17805 -27.76947 -21.24066 -184.77213 -40.92013
50298 3.50253 NaN NaN NaN 197.98544 -120.02163 -4.60002 303.39670 -179.16057 -42.09312 NaN NaN NaN 70.91716 -93.37741 -27.97593 -21.31796 -184.92386 -40.87091
50299 3.51086 NaN NaN NaN 197.97255 -120.01479 -4.58113 303.42178 -179.07675 -42.16719 NaN NaN NaN 70.91378 -93.56690 -28.30389 -21.36855 -185.06512 -40.73360
50300 3.51919 NaN NaN NaN 197.97922 -120.06075 -4.61435 303.39890 -179.18643 -42.17297 NaN NaN NaN 70.90237 -93.69714 -28.51110 -21.36797 -185.18539 -40.58926
50301 3.52752 NaN NaN NaN 197.97409 -120.08723 -4.60286 303.43500 -179.12126 -42.26854 NaN NaN NaN 70.87424 -93.74470 -28.64376 -21.37768 -185.30632 -40.57932
50302 3.53585 NaN NaN NaN 197.99329 -120.12154 -4.61325 303.40631 -179.20828 -42.24539 NaN NaN NaN 70.84130 -93.81708 -28.66331 -21.41273 -185.39830 -40.66511
50303 3.54418 NaN NaN NaN 197.99203 -120.14506 -4.61647 303.43912 -179.12888 -42.30742 NaN NaN NaN 70.82123 -93.84598 -28.66804 -21.43176 -185.42505 -40.79169
50304 3.55251 NaN NaN NaN 197.98732 -120.10686 -4.63746 303.41086 -179.20943 -42.21907 NaN NaN NaN 70.81625 -93.82073 -28.65503 -21.44833 -185.39799 -40.85239
50305 3.56085 NaN NaN NaN 197.98050 -120.11006 -4.64843 303.46350 -179.10976 -42.21455 NaN NaN NaN 70.79798 -93.78295 -28.64674 -21.43044 -185.33951 -40.84909
50306 3.56918 NaN NaN NaN 197.98926 -120.06026 -4.69937 303.44086 -179.18275 -42.13658 NaN NaN NaN 70.79608 -93.71486 -28.59653 -21.39504 -185.31090 -40.85327
50307 3.57751 NaN NaN NaN 197.99734 -120.05069 -4.69024 303.43726 -179.20523 -42.10433 NaN NaN NaN 70.80662 -93.63195 -28.57910 -21.35879 -185.27972 -40.87637
50308 3.58584 NaN NaN NaN 198.00955 -120.02503 -4.69630 303.42804 -179.21030 -42.08184 NaN NaN NaN 70.79601 -93.55250 -28.56189 -21.32067 -185.23631 -40.89083
50309 3.59417 NaN NaN NaN 197.99535 -120.01128 -4.69877 303.43793 -179.19469 -42.07259 NaN NaN NaN 70.81242 -93.47495 -28.56863 -21.31866 -185.16956 -40.88578
50310 3.60250 NaN NaN NaN 198.00038 -119.96896 -4.71497 303.44312 -179.16913 -42.06215 NaN NaN NaN 70.81497 -93.42236 -28.49495 -21.31071 -185.12175 -40.87893
50311 3.61083 NaN NaN NaN 197.99962 -119.93646 -4.74452 303.44376 -179.14200 -42.04031 NaN NaN NaN 70.86020 -93.42998 -28.52110 -21.33538 -185.07306 -40.85705
50312 3.61916 NaN NaN NaN 198.01147 -119.92213 -4.75991 303.44708 -179.13013 -42.02901 NaN NaN NaN 70.85117 -93.42040 -28.52217 -21.32999 -185.04436 -40.79361
50313 3.62750 NaN NaN NaN 197.98943 -119.90776 -4.76148 303.45111 -179.13412 -42.03529 NaN NaN NaN 70.83419 -93.41042 -28.53727 -21.34002 -185.05276 -40.80198
50314 3.63583 NaN NaN NaN 197.99437 -119.91866 -4.78075 303.44727 -179.14322 -42.03708 NaN NaN NaN 70.80036 -93.40957 -28.53626 -21.35188 -185.06096 -40.77481
50315 3.64416 NaN NaN NaN 197.97862 -119.92871 -4.77879 303.43542 -179.15933 -42.04749 NaN NaN NaN 70.71075 -93.40687 -28.54463 -21.36552 -185.06960 -40.76474
50316 3.65249 NaN NaN NaN 197.96599 -119.96596 -4.79848 303.42139 -179.15544 -42.04811 NaN NaN NaN 70.61586 -93.45345 -28.52897 -21.43812 -185.11649 -40.78562
50317 3.66082 NaN NaN NaN 197.95718 -119.96682 -4.79525 303.41589 -179.17204 -42.07428 NaN NaN NaN 70.49910 -93.52574 -28.49442 -21.53407 -185.22351 -40.86125
50318 3.66915 NaN NaN NaN 197.95428 -119.99841 -4.79002 303.39917 -179.18050 -42.07625 NaN NaN NaN 70.37501 -93.66424 -28.40836 -21.65513 -185.35800 -40.90817
50319 3.67748 NaN NaN NaN 197.94159 -120.03864 -4.78444 303.40817 -179.19753 -42.10408 NaN NaN NaN 70.31534 -93.87106 -28.29048 -21.81080 -185.48958 -40.95013
50320 3.68581 NaN NaN NaN 197.93854 -120.05315 -4.78563 303.38992 -179.21597 -42.10700 NaN NaN NaN 70.24833 -94.06730 -28.20145 -21.96936 -185.62640 -40.95123
50321 3.69415 NaN NaN NaN 197.93399 -120.03158 -4.75848 303.43573 -179.10867 -42.16639 NaN NaN NaN 70.09077 -94.28513 -28.16168 -22.16157 -185.76813 -40.94568
50322 3.70248 NaN NaN NaN 197.93265 -120.00840 -4.74709 303.36920 -179.15265 -42.13013 NaN NaN NaN 69.90868 -94.46700 -28.16119 -22.39037 -185.89203 -40.92897
50323 3.71081 NaN NaN NaN 197.91312 -120.01202 -4.72644 303.39612 -179.05876 -42.18895 NaN NaN NaN 69.77205 -94.71132 -28.04662 -22.60091 -186.03116 -40.93750
50324 3.71914 NaN NaN NaN 197.90033 -120.02016 -4.72795 303.34671 -179.13620 -42.11908 NaN NaN NaN 69.61308 -94.95563 -27.86772 -22.84184 -186.20146 -40.97617
50325 3.72747 NaN NaN NaN 197.86720 -119.98957 -4.69722 303.38013 -179.05635 -42.14950 NaN NaN NaN 69.41354 -95.23177 -27.69358 -23.08273 -186.39291 -40.96257
50326 3.73580 NaN NaN NaN 197.84256 -119.94089 -4.69788 303.34195 -179.13362 -42.03454 NaN NaN NaN 69.21292 -95.49046 -27.53820 -23.35349 -186.57394 -40.95736
50327 3.74413 NaN NaN NaN 197.81725 -119.91876 -4.70352 303.35980 -179.04376 -42.02718 NaN NaN NaN 68.99700 -95.74276 -27.44993 -23.63820 -186.68921 -40.97291
50328 3.75247 NaN NaN NaN 197.80356 -119.91535 -4.71247 303.36267 -178.99615 -42.02996 NaN NaN NaN 68.80252 -95.95374 -27.32295 -23.89244 -186.80074 -41.00200
50329 3.76080 NaN NaN NaN 197.79823 -119.89602 -4.69152 303.36383 -178.96115 -42.03293 NaN NaN NaN 68.60345 -96.14752 -27.14792 -24.14623 -186.88092 -41.01547
50330 3.76913 NaN NaN NaN 197.79080 -119.86989 -4.69423 303.35812 -178.95813 -42.06454 NaN NaN NaN 68.40126 -96.26937 -26.99699 -24.38277 -186.99402 -41.03353
50331 3.77746 NaN NaN NaN 197.78186 -119.89108 -4.66676 303.34622 -178.95757 -42.04357 NaN NaN NaN 68.23676 -96.35953 -26.86860 -24.57446 -187.06566 -41.02818
50332 3.78579 NaN NaN NaN 197.78244 -119.90776 -4.67297 303.33826 -178.96889 -42.04116 NaN NaN NaN 68.09277 -96.42610 -26.75931 -24.72961 -187.13213 -41.02920
50333 3.79412 NaN NaN NaN 197.77708 -119.88348 -4.67403 303.33881 -178.96196 -42.02235 NaN NaN NaN 67.98822 -96.44496 -26.62659 -24.79060 -187.15729 -41.08173
50334 3.80245 NaN NaN NaN 197.75400 -119.91288 -4.69341 303.29520 -179.06236 -41.92771 NaN NaN NaN 67.87935 -96.46548 -26.56308 -24.85509 -187.16617 -41.14712
50335 3.81078 NaN NaN NaN 197.75723 -119.88529 -4.69045 303.30588 -178.99271 -41.97456 NaN NaN NaN 67.83462 -96.47756 -26.53393 -24.91443 -187.14438 -41.18562
50336 3.81912 NaN NaN NaN 197.73874 -119.86822 -4.71000 303.30978 -178.95988 -42.00900 NaN NaN NaN 67.79412 -96.45657 -26.49060 -24.93653 -187.12996 -41.24065
50337 3.82745 NaN NaN NaN 197.73685 -119.82123 -4.72336 303.29865 -178.88770 -42.00596 NaN NaN NaN 67.79543 -96.44210 -26.47094 -24.94832 -187.10355 -41.27280
50338 3.83578 NaN NaN NaN 197.74257 -119.79415 -4.72672 303.30521 -178.85994 -42.01574 NaN NaN NaN 67.80075 -96.43053 -26.46817 -24.95540 -187.11819 -41.34694
50339 3.84411 NaN NaN NaN 197.74699 -119.79533 -4.71438 303.29547 -178.85910 -42.01426 NaN NaN NaN 67.79794 -96.41235 -26.37827 -24.98757 -187.09177 -41.40004
50340 3.85244 NaN NaN NaN 197.74997 -119.79881 -4.71846 303.29874 -178.89206 -42.00060 NaN NaN NaN 67.77309 -96.40189 -26.32290 -24.99171 -187.08191 -41.45895
50341 3.86077 NaN NaN NaN 197.74454 -119.81657 -4.66782 303.30502 -178.89949 -41.99643 NaN NaN NaN 67.74197 -96.43764 -26.25608 -25.01257 -187.05562 -41.51535
50342 3.86910 NaN NaN NaN 197.74611 -119.84509 -4.67212 303.30817 -178.91862 -41.99597 NaN NaN NaN 67.70781 -96.46404 -26.21377 -25.01674 -187.04904 -41.57532
50343 3.87743 NaN NaN NaN 197.76311 -119.84616 -4.66730 303.30966 -178.90028 -42.01823 NaN NaN NaN 67.67709 -96.53955 -26.10626 -25.05093 -187.07581 -41.64766
50344 3.88577 NaN NaN NaN 197.74654 -119.87145 -4.66184 303.31158 -178.91190 -42.02298 NaN NaN NaN 67.65652 -96.59412 -25.93168 -25.12256 -187.10661 -41.71951
50345 3.89410 NaN NaN NaN 197.74889 -119.86230 -4.64722 303.30557 -178.90338 -42.01265 NaN NaN NaN 67.63431 -96.64333 -25.79738 -25.16669 -187.11227 -41.80285
50346 3.90243 NaN NaN NaN 197.74178 -119.89548 -4.65143 303.31216 -178.91321 -41.99027 NaN NaN NaN 67.57559 -96.73357 -25.73215 -25.20413 -187.13365 -41.79897
50347 3.91076 NaN NaN NaN 197.73502 -119.87399 -4.64588 303.30270 -178.89838 -41.98512 NaN NaN NaN 67.53033 -96.77787 -25.66928 -25.25035 -187.17337 -41.79718
50348 3.91909 NaN NaN NaN 197.72867 -119.87755 -4.67054 303.29797 -178.91934 -41.97064 NaN NaN NaN 67.49001 -96.81408 -25.63228 -25.29430 -187.22600 -41.78377
50349 3.92742 NaN NaN NaN 197.73184 -119.86367 -4.66513 303.29150 -178.90518 -41.99147 NaN NaN NaN 67.46743 -96.86994 -25.59344 -25.34571 -187.28552 -41.79949
50350 3.93575 NaN NaN NaN 197.72144 -119.85046 -4.67531 303.28998 -178.90382 -41.96371 NaN NaN NaN 67.44706 -96.95384 -25.50602 -25.38385 -187.36249 -41.83346
50351 3.94409 NaN NaN NaN 197.71300 -119.86128 -4.66114 303.29047 -178.88631 -41.94690 NaN NaN NaN 67.39565 -97.01963 -25.46350 -25.43012 -187.37230 -41.87638
50352 3.95242 NaN NaN NaN 197.70018 -119.87361 -4.70329 303.29132 -178.89433 -41.93173 NaN NaN NaN 67.37963 -97.10579 -25.39238 -25.47177 -187.35756 -41.91558
50353 3.96075 NaN NaN NaN 197.69667 -119.85078 -4.70663 303.29077 -178.88966 -41.93760 NaN NaN NaN 67.36700 -97.16117 -25.34366 -25.51556 -187.36095 -41.95723
50354 3.96908 NaN NaN NaN 197.68338 -119.86289 -4.71829 303.30273 -178.87987 -41.94154 NaN NaN NaN 67.32362 -97.13760 -25.25766 -25.52809 -187.35985 -41.99415
50355 3.97741 NaN NaN NaN 197.69699 -119.85156 -4.71447 303.30005 -178.86362 -41.95133 NaN NaN NaN 67.33096 -97.13830 -25.21105 -25.50363 -187.37395 -42.06145
50356 3.98574 NaN NaN NaN 197.69287 -119.82951 -4.73928 303.30133 -178.87550 -41.93517 NaN NaN NaN 67.32178 -97.15626 -25.04846 -25.46859 -187.39795 -42.15994
50357 3.99407 NaN NaN NaN 197.67253 -119.83817 -4.75738 303.28452 -178.86472 -41.91660 NaN NaN NaN 67.31982 -97.15495 -24.90643 -25.43024 -187.36441 -42.26310
50358 4.00240 NaN NaN NaN 197.65546 -119.82277 -4.79937 303.28534 -178.85190 -41.91854 NaN NaN NaN 67.35807 -97.12990 -24.73434 -25.39600 -187.32875 -42.37959
50359 4.01074 NaN NaN NaN 197.62131 -119.81277 -4.84482 303.25452 -178.82321 -41.88012 NaN NaN NaN 67.38640 -97.09908 -24.55412 -25.34479 -187.28824 -42.44308
50360 4.01907 NaN NaN NaN 197.56822 -119.80009 -4.93552 303.25116 -178.80942 -41.88463 NaN NaN NaN 67.43361 -97.07869 -24.33848 -25.23269 -187.23109 -42.58304
50361 4.02740 NaN NaN NaN 197.54750 -119.77472 -5.01970 303.23511 -178.79936 -41.86524 NaN NaN NaN 67.46622 -97.02488 -24.21976 -25.14027 -187.16936 -42.64979
50362 4.03573 NaN NaN NaN 197.52295 -119.77406 -5.06840 303.22815 -178.80742 -41.90889 NaN NaN NaN 67.52117 -96.94826 -24.14270 -25.05518 -187.11919 -42.68068
50363 4.04406 NaN NaN NaN 197.51395 -119.80373 -5.11150 303.20050 -178.79959 -41.90511 NaN NaN NaN 67.59344 -96.85717 -24.11090 -24.98547 -187.04979 -42.72578
50364 4.05239 NaN NaN NaN 197.51790 -119.80408 -5.13436 303.21140 -178.79144 -41.94809 NaN NaN NaN 67.70333 -96.76913 -24.17361 -24.84776 -186.94931 -42.71413
50365 4.06072 NaN NaN NaN 197.50395 -119.84251 -5.12566 303.23630 -178.79884 -41.96943 NaN NaN NaN 67.79503 -96.62314 -24.28396 -24.72495 -186.83450 -42.68829
50366 4.06905 NaN NaN NaN 197.51016 -119.88305 -5.11403 303.23981 -178.87329 -41.93475 NaN NaN NaN 67.87437 -96.48811 -24.40100 -24.63687 -186.74234 -42.66191
50367 4.07739 NaN NaN NaN 197.52090 -119.92908 -5.12361 303.27570 -178.84599 -42.02602 NaN NaN NaN 67.94047 -96.36380 -24.50130 -24.60352 -186.69804 -42.63581
50368 4.08572 NaN NaN NaN 197.53221 -119.97074 -5.09734 303.25394 -178.91869 -42.02723 NaN NaN NaN 68.00458 -96.31279 -24.57308 -24.56857 -186.65964 -42.58311
50369 4.09405 NaN NaN NaN 197.51755 -120.00331 -5.09874 303.28030 -178.85013 -42.07680 NaN NaN NaN 68.06831 -96.30564 -24.59642 -24.54251 -186.66075 -42.49576
50370 4.10238 NaN NaN NaN 197.50565 -120.00357 -5.08617 303.25128 -178.94449 -42.01254 NaN NaN NaN 68.10522 -96.29886 -24.58993 -24.49513 -186.67757 -42.39932
50371 4.11071 NaN NaN NaN 197.47650 -120.00980 -5.11698 303.25577 -178.83061 -42.06119 NaN NaN NaN 68.10577 -96.35964 -24.51769 -24.47932 -186.69937 -42.34260
50372 4.11904 NaN NaN NaN 197.44965 -120.00314 -5.10946 303.22003 -178.89429 -41.99076 NaN NaN NaN 68.12359 -96.44386 -24.38638 -24.47479 -186.74118 -42.33840
50373 4.12737 NaN NaN NaN 197.43130 -119.98814 -5.10459 303.23798 -178.80429 -42.03900 NaN NaN NaN 68.10985 -96.56768 -24.23575 -24.49278 -186.75636 -42.34845
50374 4.13570 NaN NaN NaN 197.40909 -120.00594 -5.07002 303.19272 -178.84431 -41.99103 NaN NaN NaN 68.09319 -96.62896 -23.95284 -24.50412 -186.75510 -42.34055
50375 4.14404 NaN NaN NaN 197.43266 -120.05066 -5.05238 303.24561 -178.78351 -42.04792 NaN NaN NaN 68.10548 -96.66781 -23.69705 -24.54200 -186.75996 -42.30139
50376 4.15237 NaN NaN NaN 197.43997 -120.06619 -5.03190 303.21902 -178.84769 -42.00269 NaN NaN NaN 68.13358 -96.70688 -23.46348 -24.56881 -186.75644 -42.26955
50377 4.16070 NaN NaN NaN 197.45549 -120.08262 -5.00343 303.25601 -178.78722 -42.05951 NaN NaN NaN 68.12531 -96.71371 -23.21989 -24.58714 -186.72864 -42.19571
50378 4.16903 NaN NaN NaN 197.48346 -120.07260 -4.97995 303.24146 -178.85735 -42.03394 NaN NaN NaN 68.10609 -96.71232 -23.08366 -24.57466 -186.71013 -42.06309
50379 4.17736 NaN NaN NaN 197.50812 -120.04829 -4.94801 303.29022 -178.79250 -42.09571 NaN NaN NaN 68.10703 -96.70290 -22.93579 -24.56536 -186.67606 -41.90500
50380 4.18569 NaN NaN NaN 197.51955 -120.02697 -4.91965 303.27130 -178.84721 -42.04342 NaN NaN NaN 68.08511 -96.69364 -22.77769 -24.56112 -186.69460 -41.77665
50381 4.19402 NaN NaN NaN 197.56091 -119.97731 -4.88725 303.27124 -178.85497 -42.03522 NaN NaN NaN 68.03039 -96.62380 -22.64364 -24.57538 -186.66995 -41.64122
50382 4.20236 NaN NaN NaN 197.55737 -119.97372 -4.88550 303.27588 -178.84442 -42.03671 NaN NaN NaN 68.05392 -96.58057 -22.48386 -24.57110 -186.63976 -41.56462
50383 4.21069 NaN NaN NaN 197.58034 -119.97997 -4.82243 303.29227 -178.79504 -42.04448 NaN NaN NaN 68.06589 -96.54469 -22.26485 -24.59307 -186.59390 -41.44479
50384 4.21902 NaN NaN NaN 197.59143 -119.96792 -4.80797 303.29279 -178.75653 -42.06850 NaN NaN NaN 68.03951 -96.51650 -21.97472 -24.61684 -186.54744 -41.35219
50385 4.22735 NaN NaN NaN 197.61284 -119.96390 -4.78451 303.30026 -178.73355 -42.05516 NaN NaN NaN 67.95612 -96.52408 -21.67104 -24.67562 -186.51019 -41.25108
50386 4.23568 NaN NaN NaN 197.61571 -119.96255 -4.78181 303.31311 -178.67859 -42.06543 NaN NaN NaN 67.87475 -96.62091 -21.27060 -24.76757 -186.52374 -41.15597
50387 4.24401 NaN NaN NaN 197.62177 -119.95677 -4.76509 303.33249 -178.68449 -42.05272 NaN NaN NaN 67.78913 -96.75231 -20.79913 -24.83930 -186.52396 -41.01054
50388 4.25234 NaN NaN NaN 197.63998 -119.96823 -4.76045 303.35452 -178.68413 -42.04645 NaN NaN NaN 67.71408 -96.90177 -20.17781 -24.96175 -186.57121 -40.71482
50389 4.26067 NaN NaN NaN 197.67073 -119.95519 -4.74392 303.39725 -178.68578 -42.04596 NaN NaN NaN 67.54863 -97.11962 -19.52053 -25.13080 -186.65942 -40.33580
50390 4.26901 NaN NaN NaN 197.68250 -120.00381 -4.74120 303.42941 -178.67940 -42.03488 NaN NaN NaN 67.38485 -97.26548 -18.93467 -25.32038 -186.73705 -39.85984
50391 4.27734 NaN NaN NaN 197.72408 -120.03755 -4.71086 303.47488 -178.69336 -42.05231 NaN NaN NaN 67.22372 -97.34584 -18.34923 -25.48145 -186.87262 -39.11798
50392 4.28567 NaN NaN NaN 197.75462 -120.12536 -4.68604 303.53012 -178.75230 -42.07251 NaN NaN NaN 67.08491 -97.41409 -17.89040 -25.63974 -187.00098 -38.38585
50393 4.29400 NaN NaN NaN 197.81767 -120.16985 -4.63728 303.58743 -178.79742 -42.12155 NaN NaN NaN 66.90690 -97.38612 -17.49173 -25.79662 -187.12155 -37.56498
50394 4.30233 NaN NaN NaN 197.86336 -120.24829 -4.56812 303.62241 -178.85031 -42.15168 NaN NaN NaN 66.82941 -97.41560 -17.20416 -25.93063 -187.21758 -36.82896
50395 4.31066 NaN NaN NaN 197.92398 -120.30810 -4.51400 303.64951 -178.87401 -42.15430 NaN NaN NaN 66.75589 -97.38913 -16.91867 -26.03569 -187.24863 -36.06653
50396 4.31899 NaN NaN NaN 197.95027 -120.38853 -4.44195 303.66858 -178.88756 -42.15308 NaN NaN NaN 66.69575 -97.34296 -16.65921 -26.12500 -187.25620 -35.51701
50397 4.32732 NaN NaN NaN 197.96758 -120.46859 -4.33776 303.70547 -178.89738 -42.14952 NaN NaN NaN 66.69741 -97.37160 -16.45793 -26.17793 -187.24890 -35.05605
50398 4.33566 NaN NaN NaN 197.97467 -120.54672 -4.25579 303.70569 -178.91664 -42.14537 NaN NaN NaN 66.73666 -97.30032 -16.39606 -26.18550 -187.13757 -34.68585
50399 4.34399 NaN NaN NaN 198.00076 -120.56497 -4.18660 303.71637 -178.94232 -42.13324 NaN NaN NaN 66.81454 -97.12309 -16.45557 -26.10411 -187.01976 -34.37123
50400 4.35232 NaN NaN NaN 198.01711 -120.61151 -4.13655 303.71017 -178.98984 -42.12622 NaN NaN NaN 66.89281 -96.82034 -16.61609 -25.98328 -186.83388 -34.07267
50401 4.36065 NaN NaN NaN 198.03999 -120.67753 -4.06621 303.75159 -179.00478 -42.12731 NaN NaN NaN 67.04704 -96.49472 -16.76468 -25.80717 -186.64046 -33.84528
50402 4.36898 NaN NaN NaN 198.06137 -120.72643 -4.03682 303.75217 -179.01544 -42.10957 NaN NaN NaN 67.25259 -96.13444 -16.94655 -25.58009 -186.41092 -33.70909
50403 4.37731 NaN NaN NaN 198.09132 -120.78192 -4.00196 303.77151 -179.06398 -42.10606 NaN NaN NaN 67.44337 -95.76539 -17.11938 -25.30857 -186.16965 -33.64150
50404 4.38564 NaN NaN NaN 198.11484 -120.86744 -3.96140 303.78647 -179.09225 -42.11073 NaN NaN NaN 67.64369 -95.32497 -17.33403 -25.03066 -185.84933 -33.64211
50405 4.39398 NaN NaN NaN 198.16161 -120.93157 -3.93807 303.83850 -179.12540 -42.12123 NaN NaN NaN 67.97145 -94.88039 -17.57167 -24.66110 -185.48517 -33.69348
50406 4.40231 NaN NaN NaN 198.24290 -120.99310 -3.89432 303.87714 -179.18465 -42.18325 NaN NaN NaN 68.27024 -94.35125 -17.85021 -24.24556 -185.08131 -33.82008
50407 4.41064 NaN NaN NaN 198.32492 -121.06042 -3.82502 303.92700 -179.21371 -42.30448 NaN NaN NaN 68.63742 -93.76587 -18.22652 -23.79863 -184.64186 -33.96860
50408 4.41897 NaN NaN NaN 198.41826 -121.15646 -3.74547 303.97803 -179.29691 -42.39113 NaN NaN NaN 68.96270 -93.12921 -18.64465 -23.32695 -184.22362 -34.25911
50409 4.42730 NaN NaN NaN 198.48689 -121.23020 -3.64110 304.05588 -179.35721 -42.48643 NaN NaN NaN 69.38912 -92.52001 -19.18502 -22.79836 -183.77975 -34.61522
50410 4.43563 NaN NaN NaN 198.62431 -121.34010 -3.47865 304.13055 -179.38344 -42.54441 NaN NaN NaN 69.79737 -91.90275 -19.80748 -22.26539 -183.28677 -34.94859
50411 4.44396 NaN NaN NaN 198.71971 -121.43324 -3.31910 304.20355 -179.34268 -42.62547 NaN NaN NaN 70.26868 -91.29752 -20.49966 -21.70562 -182.79698 -35.34036
50412 4.45229 NaN NaN NaN 198.84717 -121.47339 -3.16260 304.23929 -179.36156 -42.64002 NaN NaN NaN 70.72047 -90.73637 -21.15426 -21.16148 -182.33885 -35.70575
50413 4.46063 NaN NaN NaN 198.95027 -121.54666 -2.99777 304.34720 -179.17563 -42.66671 NaN NaN NaN 71.11208 -90.09149 -21.80230 -20.55328 -181.89531 -36.12721
50414 4.46896 NaN NaN NaN 199.00908 -121.62074 -2.87742 304.39362 -179.08763 -42.67826 NaN NaN NaN 71.55085 -89.48167 -22.53363 -19.98705 -181.42935 -36.57398
50415 4.47729 NaN NaN NaN 199.06909 -121.64069 -2.80295 304.47565 -179.08275 -42.69160 NaN NaN NaN 71.88519 -88.90239 -23.14175 -19.48242 -181.05769 -36.99134
50416 4.48562 NaN NaN NaN 199.11534 -121.67047 -2.77253 304.54141 -179.15758 -42.63344 NaN NaN NaN 72.26057 -88.45034 -23.61166 -19.00292 -180.74684 -37.37543
50417 4.49395 NaN NaN NaN 199.17532 -121.68307 -2.78181 304.59613 -179.25989 -42.61338 NaN NaN NaN 72.54060 -88.00283 -23.90553 -18.61028 -180.45581 -37.75567
50418 4.50228 NaN NaN NaN 199.22993 -121.67348 -2.80147 304.66635 -179.35538 -42.55012 NaN NaN NaN 72.75451 -87.61864 -24.14839 -18.26209 -180.19983 -38.06620
50419 4.51061 NaN NaN NaN 199.29408 -121.67194 -2.79105 304.73212 -179.40340 -42.55448 NaN NaN NaN 72.98595 -87.28854 -24.37365 -17.94554 -179.93747 -38.37039
50420 4.51894 NaN NaN NaN 199.35657 -121.67716 -2.79388 304.76602 -179.42336 -42.59163 NaN NaN NaN 73.22742 -87.09612 -24.48081 -17.70706 -179.70367 -38.71771
50421 4.52728 NaN NaN NaN 199.41566 -121.67143 -2.77327 304.80215 -179.41553 -42.62208 NaN NaN NaN 73.40138 -86.94590 -24.57122 -17.54412 -179.51767 -39.08263
50422 4.53561 NaN NaN NaN 199.45508 -121.67377 -2.76401 304.81772 -179.38089 -42.55475 NaN NaN NaN 73.55676 -86.90816 -24.68750 -17.42862 -179.40410 -39.38244
50423 4.54394 NaN NaN NaN 199.47673 -121.71375 -2.72366 304.82285 -179.25296 -42.59959 NaN NaN NaN 73.64201 -86.87846 -24.82321 -17.31078 -179.28116 -39.68415
50424 4.55227 NaN NaN NaN 199.54245 -121.75033 -2.69155 304.87848 -179.22453 -42.57499 NaN NaN NaN 73.66564 -86.88203 -24.96141 -17.22866 -179.23859 -40.07654
50425 4.56060 NaN NaN NaN 199.61011 -121.81765 -2.61114 304.97296 -179.21651 -42.64410 NaN NaN NaN 73.65385 -86.92136 -25.06341 -17.23965 -179.22128 -40.38055
