Frame# Time LH1 LH2 LH3 RH1 RH2 RH3
X54 Y54 Z54 X55 Y55 Z55 X56 Y56 Z56 X57 Y57 Z57 X58 Y58 Z58 X59 Y59 Z59
20350 0.00172 NaN NaN NaN 151.53598 -88.90450 -26.64845 254.21143 -162.23958 -34.95195 NaN NaN NaN -10.71083 -163.95750 39.39644 -30.43227 -160.69467 -89.40175
20351 0.01007 NaN NaN NaN 151.45163 -88.48602 -26.83798 254.05157 -162.04346 -34.85236 NaN NaN NaN -11.62439 -164.82214 39.14273 -30.47712 -160.64899 -89.87038
20352 0.01842 NaN NaN NaN 151.37732 -88.14897 -26.99447 253.93489 -161.85045 -34.77791 NaN NaN NaN -12.38981 -165.72232 39.08077 -30.65974 -160.83659 -90.00687
20353 0.02676 NaN NaN NaN 151.33199 -87.86568 -27.08888 253.86150 -161.72354 -34.74652 NaN NaN NaN -13.23582 -166.60022 39.12575 -30.82914 -161.18143 -90.01003
20354 0.03511 NaN NaN NaN 151.31763 -87.70399 -27.19159 253.79936 -161.62404 -34.76646 NaN NaN NaN -14.20523 -167.53433 39.17564 -30.95722 -161.64360 -90.00275
20355 0.04346 NaN NaN NaN 151.26843 -87.66519 -27.34624 253.78419 -161.61061 -34.83656 NaN NaN NaN -15.27489 -168.53581 39.20123 -30.90589 -161.93219 -90.02558
20356 0.05180 NaN NaN NaN 151.14450 -88.25636 -27.29752 253.74600 -161.67363 -34.94064 NaN NaN NaN -16.39687 -169.48460 39.23142 -30.82753 -162.15306 -90.06264
20357 0.06015 NaN NaN NaN 151.07164 -88.67202 -27.28753 253.73741 -161.74808 -35.06027 NaN NaN NaN -17.35300 -170.26144 39.32396 -30.90620 -162.37756 -90.11543
20358 0.06850 NaN NaN NaN 151.19933 -88.42545 -27.42540 253.71500 -161.77657 -35.11031 NaN NaN NaN -18.05847 -170.76686 39.46784 -31.18487 -162.68266 -90.04776
20359 0.07684 NaN NaN NaN 151.28334 -88.14050 -27.50203 253.74217 -161.79004 -35.10875 NaN NaN NaN -18.53576 -170.99300 39.69545 -31.87650 -163.19119 -89.85562
20360 0.08519 NaN NaN NaN 151.33780 -87.83106 -27.55336 253.75627 -161.76474 -35.06084 NaN NaN NaN -18.77043 -171.15463 39.94583 -32.82187 -164.02531 -89.56013
20361 0.09354 NaN NaN NaN 151.38687 -87.57934 -27.55262 253.77544 -161.70943 -34.96069 NaN NaN NaN -19.00784 -171.39711 40.17096 -33.88367 -164.97568 -89.21104
20362 0.10188 NaN NaN NaN 151.41185 -87.46534 -27.48828 253.79744 -161.61697 -34.79548 NaN NaN NaN -19.42510 -171.78983 40.32931 -34.89003 -165.98480 -89.01051
20363 0.11023 NaN NaN NaN 151.34741 -87.97987 -27.26651 253.82420 -161.52362 -34.62130 NaN NaN NaN -19.95228 -172.29880 40.43791 -35.84326 -166.92322 -88.82658
20364 0.11858 NaN NaN NaN 151.36378 -88.33333 -27.11822 253.87541 -161.45972 -34.51080 NaN NaN NaN -20.45021 -172.77490 40.54790 -36.79860 -167.80249 -88.63745
20365 0.12692 NaN NaN NaN 151.40039 -88.53776 -27.06891 253.95578 -161.42050 -34.48736 NaN NaN NaN -20.77636 -173.11499 40.68449 -37.77421 -168.63283 -88.41555
20366 0.13527 NaN NaN NaN 151.61055 -88.02941 -27.16213 254.05074 -161.42612 -34.52806 NaN NaN NaN -20.97278 -173.39714 40.80988 -38.72253 -169.33487 -88.35334
20367 0.14362 NaN NaN NaN 151.55881 -88.16515 -27.16776 254.12640 -161.42917 -34.60303 NaN NaN NaN -21.16691 -173.71753 40.87355 -39.45999 -169.89403 -88.22258
20368 0.15196 NaN NaN NaN 151.57156 -88.31749 -27.15520 254.19031 -161.48041 -34.73360 NaN NaN NaN -21.42606 -174.12949 40.85667 -39.85221 -170.23248 -88.13647
20369 0.16031 NaN NaN NaN 151.58966 -88.50231 -27.19707 254.27779 -161.56586 -34.86481 NaN NaN NaN -21.49748 -174.44775 40.83694 -40.09423 -170.25900 -88.08285
20370 0.16866 NaN NaN NaN 151.63496 -88.73286 -27.21842 254.36757 -161.63664 -34.97277 NaN NaN NaN -21.11067 -174.50536 40.80481 -40.35318 -170.24768 -88.03318
20371 0.17700 NaN NaN NaN 151.80740 -88.29127 -27.40972 254.42848 -161.66582 -35.03610 NaN NaN NaN -20.25216 -174.20068 40.75459 -40.72825 -170.32658 -87.95731
20372 0.18535 NaN NaN NaN 151.85320 -88.07325 -27.51155 254.48611 -161.71277 -35.07462 NaN NaN NaN -18.92300 -173.60223 40.60603 -41.19564 -170.52954 -87.87045
20373 0.19370 NaN NaN NaN 151.78725 -88.02989 -27.59221 254.51704 -161.78474 -35.07063 NaN NaN NaN -17.37552 -172.88315 40.32784 -41.51897 -171.10114 -87.70141
20374 0.20204 NaN NaN NaN 151.71101 -88.17986 -27.75867 254.51709 -161.87350 -35.10423 NaN NaN NaN -15.94486 -172.10207 39.90188 -41.39724 -171.60184 -87.90248
20375 0.21039 NaN NaN NaN 151.69566 -88.39642 -27.99028 254.50035 -161.96838 -35.23264 NaN NaN NaN -14.93444 -171.61513 39.40095 -40.61994 -171.61224 -88.18204
20376 0.21874 NaN NaN NaN 151.70897 -88.57977 -28.20439 254.51451 -162.01608 -35.40230 NaN NaN NaN -14.02647 -171.23663 38.87333 -39.64196 -170.90428 -88.47717
20377 0.22708 NaN NaN NaN 151.74272 -88.69410 -28.31430 254.58388 -162.05946 -35.55696 NaN NaN NaN -12.89116 -170.84750 38.44946 -38.86962 -170.02348 -88.91328
20378 0.23543 NaN NaN NaN 151.80836 -88.72355 -28.31465 254.66029 -162.08493 -35.65302 NaN NaN NaN -11.57921 -170.25116 38.03791 -38.44028 -169.21321 -89.33141
20379 0.24377 NaN NaN NaN 151.83710 -88.66109 -28.27462 254.71211 -162.11438 -35.68993 NaN NaN NaN -10.16855 -169.58044 37.67912 -38.29544 -168.67586 -89.67805
20380 0.25212 NaN NaN NaN 151.86269 -88.64815 -28.18778 254.71478 -162.13083 -35.66330 NaN NaN NaN -8.82837 -168.86189 37.37939 -38.22387 -168.48254 -89.70958
20381 0.26047 NaN NaN NaN 151.86946 -88.69141 -28.10939 254.73857 -162.15433 -35.62404 NaN NaN NaN -7.56250 -168.17422 37.16312 -38.16653 -168.45422 -89.62021
20382 0.26881 NaN NaN NaN 151.85242 -88.80620 -27.85764 254.74106 -162.18631 -35.61169 NaN NaN NaN -6.26891 -167.47964 36.99445 -38.11203 -168.59784 -89.35957
20383 0.27716 NaN NaN NaN 151.90378 -88.89492 -27.59547 254.77182 -162.22176 -35.60330 NaN NaN NaN -4.91732 -166.74728 36.78376 -38.16519 -168.89018 -89.13043
20384 0.28551 NaN NaN NaN 151.95111 -89.02415 -27.42282 254.80663 -162.24593 -35.61061 NaN NaN NaN -3.53559 -166.01361 36.54668 -38.16879 -169.15361 -88.97577
20385 0.29385 NaN NaN NaN 151.97801 -89.07999 -27.33394 254.84334 -162.25768 -35.60773 NaN NaN NaN -2.32506 -165.32137 36.24366 -38.16640 -169.21797 -88.89728
20386 0.30220 NaN NaN NaN 151.95291 -89.08534 -27.24856 254.84459 -162.26106 -35.59969 NaN NaN NaN -1.26173 -164.76601 35.92162 -38.12446 -169.20538 -88.91608
20387 0.31055 NaN NaN NaN 151.92751 -89.06261 -27.07176 254.82901 -162.24710 -35.59027 NaN NaN NaN -0.33355 -164.27216 35.73983 -38.09388 -169.12021 -88.91264
20388 0.31889 NaN NaN NaN 151.88641 -88.99730 -27.00980 254.79068 -162.23495 -35.60539 NaN NaN NaN 0.40463 -163.83871 35.57178 -38.09094 -169.08440 -88.92457
20389 0.32724 NaN NaN NaN 151.84444 -88.97882 -27.01562 254.75450 -162.21399 -35.62962 NaN NaN NaN 0.89242 -163.57426 35.46964 -38.12562 -169.07352 -88.92029
20390 0.33559 NaN NaN NaN 151.81300 -89.00124 -27.00783 254.74133 -162.20145 -35.63133 NaN NaN NaN 1.11648 -163.47763 35.42708 -38.15492 -169.08952 -88.86922
20391 0.34393 NaN NaN NaN 151.78745 -89.02075 -26.98195 254.72171 -162.22104 -35.65174 NaN NaN NaN 1.12962 -163.48431 35.47473 -38.18102 -169.06949 -88.77859
20392 0.35228 NaN NaN NaN 151.75183 -89.07850 -26.92287 254.70296 -162.25745 -35.67122 NaN NaN NaN 0.97228 -163.58003 35.58826 -38.22068 -169.10210 -88.69678
20393 0.36063 NaN NaN NaN 151.72672 -89.17226 -26.81326 254.69467 -162.30405 -35.70337 NaN NaN NaN 0.74088 -163.65392 35.71243 -38.27567 -169.13719 -88.62145
20394 0.36897 NaN NaN NaN 151.68320 -89.29528 -26.72784 254.67502 -162.37234 -35.69178 NaN NaN NaN 0.39696 -163.76004 35.80469 -38.29734 -169.10626 -88.60565
20395 0.37732 NaN NaN NaN 151.62703 -89.51419 -26.53198 254.68495 -162.43457 -35.68939 NaN NaN NaN 0.02034 -163.85933 35.86263 -38.26960 -168.95959 -88.62684
20396 0.38567 NaN NaN NaN 151.62810 -89.72304 -26.35146 254.71208 -162.49376 -35.69082 NaN NaN NaN -0.46033 -163.99864 35.90289 -38.08857 -168.83546 -88.81145
20397 0.39401 NaN NaN NaN 151.64236 -89.87563 -26.22893 254.74863 -162.52567 -35.71282 NaN NaN NaN -1.12272 -164.22929 35.88328 -37.75099 -168.70723 -89.10013
20398 0.40236 NaN NaN NaN 151.65721 -89.94561 -26.07041 254.75720 -162.50742 -35.73532 NaN NaN NaN -2.00220 -164.59853 35.84847 -37.34324 -168.64781 -89.38763
20399 0.41071 NaN NaN NaN 151.66368 -89.92717 -26.02737 254.74953 -162.50063 -35.69110 NaN NaN NaN -3.10203 -165.17241 35.81717 -36.63987 -168.02974 -90.01469
20400 0.41905 NaN NaN NaN 151.63843 -89.81183 -26.10639 254.68913 -162.45303 -35.60706 NaN NaN NaN -4.39691 -165.90517 35.74590 -35.98603 -167.40622 -90.59649
20401 0.42740 NaN NaN NaN 151.57156 -89.65832 -26.24314 254.64816 -162.38318 -35.51550 NaN NaN NaN -5.78872 -166.73917 35.76799 -35.48458 -166.85086 -91.13135
20402 0.43575 NaN NaN NaN 151.52084 -89.40140 -26.39455 254.54291 -162.27753 -35.42612 NaN NaN NaN -7.15107 -167.56351 35.88248 -35.22796 -166.51674 -91.50288
20403 0.44409 NaN NaN NaN 151.46725 -89.14113 -26.58086 254.41713 -162.16113 -35.34556 NaN NaN NaN -8.48430 -168.35068 36.03254 -35.15382 -166.43105 -91.73899
20404 0.45244 NaN NaN NaN 151.38629 -88.93071 -26.75098 254.30998 -162.07542 -35.27405 NaN NaN NaN -9.85406 -169.13838 36.19029 -35.21416 -166.69199 -91.82667
20405 0.46079 NaN NaN NaN 151.32840 -88.76583 -26.89094 254.22679 -162.00555 -35.20370 NaN NaN NaN -11.18523 -169.91090 36.34932 -35.36613 -167.11691 -91.82531
20406 0.46913 NaN NaN NaN 151.29793 -88.59775 -26.98890 254.14729 -161.99141 -35.16076 NaN NaN NaN -12.49330 -170.68498 36.48260 -35.57406 -167.59198 -91.78917
20407 0.47748 NaN NaN NaN 151.25078 -88.53339 -27.08394 254.08380 -161.99960 -35.12572 NaN NaN NaN -13.74798 -171.49211 36.57652 -35.85185 -168.11067 -91.86004
20408 0.48582 NaN NaN NaN 151.22951 -88.52738 -27.08517 254.02170 -161.99654 -35.12188 NaN NaN NaN -14.95220 -172.28291 36.65631 -36.14501 -168.56010 -91.89423
20409 0.49417 NaN NaN NaN 151.19180 -88.54319 -27.15046 253.98138 -161.98758 -35.12530 NaN NaN NaN -16.04490 -173.03351 36.69839 -36.45160 -168.84726 -91.99108
20410 0.50252 NaN NaN NaN 151.18265 -88.56539 -27.17605 253.93756 -162.00847 -35.13975 NaN NaN NaN -17.00346 -173.75391 36.68616 -36.63205 -168.98018 -92.09116
20411 0.51086 NaN NaN NaN 151.06236 -89.10168 -27.18544 253.90730 -162.05058 -35.14670 NaN NaN NaN -17.94462 -174.46262 36.60283 -36.73418 -169.07376 -92.28713
20412 0.51921 NaN NaN NaN 151.05708 -89.36101 -27.25183 253.89441 -162.03754 -35.13851 NaN NaN NaN -18.88038 -175.17215 36.40236 -36.71155 -169.08209 -92.59381
20413 0.52756 NaN NaN NaN 151.26057 -88.85263 -27.38864 253.91537 -161.98865 -35.11135 NaN NaN NaN -19.70464 -175.79390 36.24009 -36.71843 -169.13229 -92.89155
20414 0.53590 NaN NaN NaN 151.34949 -88.38264 -27.49887 253.95926 -161.92313 -35.07881 NaN NaN NaN -20.30642 -176.45100 36.01421 -36.79409 -169.09477 -93.14596
20415 0.54425 NaN NaN NaN 151.37163 -87.96652 -27.65803 253.98210 -161.83813 -35.03303 NaN NaN NaN -20.88621 -177.18675 35.72255 -36.77376 -169.00854 -93.47579
20416 0.55260 NaN NaN NaN 151.41133 -87.72392 -27.80880 254.00317 -161.69905 -34.94228 NaN NaN NaN -21.63232 -177.97316 35.43653 -36.61213 -168.92227 -93.70953
20417 0.56094 NaN NaN NaN 151.49287 -87.52193 -27.88332 254.04102 -161.51367 -34.86884 NaN NaN NaN -22.29046 -178.87553 35.06956 -36.43607 -168.75656 -94.03757
20418 0.56929 NaN NaN NaN 151.60091 -87.39546 -27.99006 254.08681 -161.36372 -34.79014 NaN NaN NaN -22.79523 -179.69028 34.78604 -36.48353 -168.61772 -94.36526
20419 0.57764 NaN NaN NaN 151.62712 -87.35664 -28.03475 254.11699 -161.26103 -34.76785 NaN NaN NaN -23.12322 -180.37318 34.53231 -36.71126 -168.76042 -94.74406
20420 0.58598 NaN NaN NaN 151.64859 -87.37318 -28.05656 254.18880 -161.21065 -34.83993 NaN NaN NaN -23.15496 -180.77460 34.40595 -37.20622 -169.05396 -94.88994
20421 0.59433 NaN NaN NaN 151.65782 -87.36852 -28.07018 254.23698 -161.18681 -34.90348 NaN NaN NaN -22.99761 -180.96759 34.39701 -37.77012 -169.47348 -94.82858
20422 0.60268 NaN NaN NaN 151.67784 -87.44135 -28.08104 254.30133 -161.21051 -34.99370 NaN NaN NaN -22.53851 -180.96635 34.39523 -38.44001 -170.04109 -94.65450
20423 0.61102 NaN NaN NaN 151.70427 -87.59250 -28.01407 254.39308 -161.33089 -35.14326 NaN NaN NaN -21.70047 -180.76318 34.47672 -39.18981 -170.71095 -94.44360
20424 0.61937 NaN NaN NaN 151.76181 -87.79469 -27.90610 254.48137 -161.46851 -35.24418 NaN NaN NaN -20.59954 -180.23045 34.57003 -39.90685 -171.25981 -94.12592
20425 0.62772 NaN NaN NaN 151.81105 -88.01009 -27.80869 254.52832 -161.57654 -35.36973 NaN NaN NaN -19.43640 -179.48770 34.69885 -40.39087 -171.87462 -93.82926
20426 0.63606 NaN NaN NaN 151.79013 -88.25515 -27.75795 254.55110 -161.67245 -35.44548 NaN NaN NaN -18.22802 -178.77335 34.73215 -40.71371 -172.45436 -93.35828
20427 0.64441 NaN NaN NaN 151.75667 -88.40265 -27.75799 254.57121 -161.75584 -35.52853 NaN NaN NaN -16.98596 -178.07732 34.68708 -40.72788 -172.62735 -93.16223
20428 0.65276 NaN NaN NaN 151.73344 -88.47784 -27.77993 254.57994 -161.82336 -35.60389 NaN NaN NaN -15.75808 -177.43871 34.56914 -40.49541 -172.51050 -93.06575
20429 0.66110 NaN NaN NaN 151.69095 -88.52341 -27.84972 254.57172 -161.83537 -35.63683 NaN NaN NaN -14.60726 -176.83472 34.36877 -40.02101 -172.14464 -93.13829
20430 0.66945 NaN NaN NaN 151.64682 -88.53324 -28.03511 254.52203 -161.82480 -35.67982 NaN NaN NaN -13.78831 -176.36066 34.07946 -39.33788 -171.55550 -93.44215
20431 0.67780 NaN NaN NaN 151.58116 -88.52348 -28.24134 254.45653 -161.82625 -35.76292 NaN NaN NaN -13.29835 -176.08740 33.77975 -38.49567 -170.74907 -93.76951
20432 0.68614 NaN NaN NaN 151.53972 -88.52293 -28.32805 254.44014 -161.78465 -35.84440 NaN NaN NaN -12.82907 -175.88799 33.61836 -37.81218 -169.88345 -94.04514
20433 0.69449 NaN NaN NaN 151.57648 -88.55333 -28.25206 254.47687 -161.76993 -35.87741 NaN NaN NaN -12.10011 -175.49365 33.58990 -37.42019 -169.26053 -94.05514
20434 0.70284 NaN NaN NaN 151.60712 -88.61282 -28.11694 254.52727 -161.80701 -35.88093 NaN NaN NaN -11.00184 -174.78033 33.72580 -37.36352 -168.94574 -93.91720
20435 0.71118 NaN NaN NaN 151.65546 -88.67402 -27.90217 254.57613 -161.85271 -35.85978 NaN NaN NaN -9.69859 -173.81931 33.82208 -37.57399 -168.93524 -93.54617
20436 0.71953 NaN NaN NaN 151.69995 -88.70592 -27.66900 254.64597 -161.86111 -35.79275 NaN NaN NaN -8.47266 -172.80577 33.82897 -37.69358 -169.08002 -93.19818
20437 0.72788 NaN NaN NaN 151.76871 -88.72691 -27.49873 254.71619 -161.84610 -35.69727 NaN NaN NaN -7.43970 -171.96960 33.68787 -37.71656 -169.19835 -92.99696
20438 0.73622 NaN NaN NaN 151.83246 -88.69979 -27.31071 254.76144 -161.79913 -35.63985 NaN NaN NaN -6.53587 -171.31104 33.55225 -37.65521 -169.22809 -92.88596
20439 0.74457 NaN NaN NaN 151.85591 -88.61577 -27.16327 254.77441 -161.74980 -35.59985 NaN NaN NaN -5.75862 -170.75021 33.47009 -37.64281 -169.16849 -92.78260
20440 0.75291 NaN NaN NaN 151.85025 -88.59768 -27.02737 254.77066 -161.72186 -35.62912 NaN NaN NaN -5.03215 -170.23250 33.49909 -37.71817 -169.06921 -92.71140
20441 0.76126 NaN NaN NaN 151.84598 -88.59706 -26.96674 254.75099 -161.69746 -35.59852 NaN NaN NaN -4.34935 -169.65854 33.53495 -37.98457 -169.04459 -92.40118
20442 0.76961 NaN NaN NaN 151.80106 -88.58239 -26.92804 254.72469 -161.67577 -35.59808 NaN NaN NaN -3.79001 -169.11642 33.60095 -38.34774 -169.16707 -92.07803
20443 0.77795 NaN NaN NaN 151.75084 -88.56429 -26.90814 254.68373 -161.66872 -35.58572 NaN NaN NaN -3.44872 -168.67886 33.70158 -38.59316 -169.26836 -91.77041
20444 0.78630 NaN NaN NaN 151.72989 -88.56866 -26.88353 254.63161 -161.67439 -35.59259 NaN NaN NaN -3.40660 -168.46898 33.87590 -38.67772 -169.38922 -91.51720
20445 0.79465 NaN NaN NaN 151.70102 -88.53275 -26.94230 254.61230 -161.70090 -35.61131 NaN NaN NaN -3.56815 -168.46648 34.06223 -38.65198 -169.33141 -91.45921
20446 0.80299 NaN NaN NaN 151.67381 -88.57269 -26.89949 254.58197 -161.78073 -35.62989 NaN NaN NaN -3.87995 -168.51318 34.22099 -38.57171 -169.11748 -91.44528
20447 0.81134 NaN NaN NaN 151.65128 -88.76796 -26.77494 254.61494 -161.85333 -35.64970 NaN NaN NaN -4.09998 -168.52840 34.35948 -38.51915 -168.75075 -91.38483
20448 0.81969 NaN NaN NaN 151.67325 -89.00369 -26.55615 254.66978 -161.98042 -35.68305 NaN NaN NaN -4.21131 -168.40376 34.46903 -38.41262 -168.33034 -91.29250
20449 0.82803 NaN NaN NaN 151.67781 -89.26569 -26.32315 254.74210 -162.16005 -35.78498 NaN NaN NaN -4.24074 -168.03665 34.49318 -38.15392 -167.97072 -91.32655
20450 0.83638 NaN NaN NaN 151.70601 -89.79351 -25.88099 254.83559 -162.32103 -35.88391 NaN NaN NaN -4.18761 -167.53615 34.49741 -37.79243 -167.77689 -91.35387
20451 0.84473 NaN NaN NaN 151.74908 -90.13318 -25.62334 254.93123 -162.46140 -35.96954 NaN NaN NaN -4.27243 -167.04941 34.45334 -37.26084 -167.55380 -91.50668
20452 0.85307 NaN NaN NaN 151.72829 -90.27162 -25.59925 254.96878 -162.55225 -35.96807 NaN NaN NaN -4.74222 -166.70920 34.39231 -36.38961 -166.78993 -91.83524
20453 0.86142 NaN NaN NaN 151.69936 -90.15482 -25.70360 254.88924 -162.55121 -35.90092 NaN NaN NaN -5.59723 -166.77631 34.32832 -35.29719 -165.91096 -92.39648
20454 0.86977 NaN NaN NaN 151.64238 -89.89438 -25.84618 254.76624 -162.46979 -35.79539 NaN NaN NaN -6.73973 -167.16928 34.25042 -34.05467 -164.84242 -93.09949
20455 0.87811 NaN NaN NaN 151.51233 -89.59316 -26.03224 254.61023 -162.31778 -35.65509 NaN NaN NaN -7.86405 -167.72519 34.16664 -32.81893 -163.84193 -93.68453
20456 0.88646 NaN NaN NaN 151.40781 -89.17632 -26.37532 254.42227 -162.12212 -35.47680 NaN NaN NaN -8.75491 -168.27139 34.16152 -31.78248 -163.10033 -94.18414
20457 0.89481 NaN NaN NaN 151.30586 -88.82960 -26.68682 254.24014 -161.95135 -35.35711 NaN NaN NaN -9.43798 -168.69812 34.18581 -31.03934 -162.73109 -94.46857
20458 0.90315 NaN NaN NaN 151.25021 -88.50623 -26.91414 254.13335 -161.81087 -35.25420 NaN NaN NaN -10.00087 -169.06845 34.16297 -30.53118 -162.73058 -94.54173
20459 0.91150 NaN NaN NaN 151.21024 -88.35290 -27.04220 254.03702 -161.71574 -35.16869 NaN NaN NaN -10.51653 -169.41473 34.14268 -30.08190 -162.88559 -94.58908
20460 0.91985 NaN NaN NaN 151.20830 -88.19337 -27.18379 253.97646 -161.67239 -35.11212 NaN NaN NaN -11.06129 -169.77771 34.14361 -29.78114 -163.17786 -94.62048
20461 0.92819 NaN NaN NaN 151.18394 -88.10431 -27.27640 253.95987 -161.66133 -35.10164 NaN NaN NaN -11.60786 -170.15591 34.06796 -29.60713 -163.40027 -94.68835
20462 0.93654 NaN NaN NaN 151.16100 -88.11214 -27.32145 253.95549 -161.67667 -35.10261 NaN NaN NaN -12.13756 -170.57324 34.01334 -29.46003 -163.62708 -94.89384
20463 0.94489 NaN NaN NaN 151.13127 -88.13998 -27.34640 253.93066 -161.70358 -35.11417 NaN NaN NaN -12.62663 -171.02382 33.89388 -29.37896 -163.73863 -95.12752
20464 0.95323 NaN NaN NaN 151.14308 -88.20698 -27.41962 253.90228 -161.75867 -35.10167 NaN NaN NaN -13.14666 -171.59940 33.74652 -29.36854 -163.79475 -95.37064
20465 0.96158 NaN NaN NaN 151.17543 -88.20024 -27.55442 253.90874 -161.77859 -35.06295 NaN NaN NaN -13.66398 -172.12909 33.53878 -29.42623 -163.91684 -95.62165
20466 0.96993 NaN NaN NaN 151.19902 -88.13883 -27.63998 253.94447 -161.74948 -35.02114 NaN NaN NaN -14.20233 -172.82007 33.25187 -29.60004 -164.04742 -95.93391
20467 0.97827 NaN NaN NaN 151.22554 -87.98352 -27.81201 253.93227 -161.60811 -34.92725 NaN NaN NaN -15.01976 -173.77258 32.79000 -29.65669 -164.07851 -96.34425
20468 0.98662 NaN NaN NaN 151.24286 -87.82206 -27.99867 253.92085 -161.45821 -34.80905 NaN NaN NaN -16.15788 -175.11206 32.13930 -29.47487 -163.93614 -96.95673
20469 0.99496 NaN NaN NaN 151.27153 -87.58797 -28.16556 253.90211 -161.29425 -34.69888 NaN NaN NaN -17.49673 -176.67079 31.44087 -29.06442 -163.63043 -97.64973
20470 1.00331 NaN NaN NaN 151.27100 -87.36852 -28.35755 253.87383 -161.12753 -34.64536 NaN NaN NaN -18.76149 -178.19887 30.75220 -28.81704 -163.20273 -98.32903
20471 1.01166 NaN NaN NaN 151.17874 -87.67326 -28.40098 253.84831 -161.01324 -34.63475 NaN NaN NaN -19.76316 -179.46312 30.20520 -28.87437 -162.97672 -98.94183
20472 1.02000 NaN NaN NaN 151.12906 -87.87468 -28.40925 253.82613 -160.92622 -34.68116 NaN NaN NaN -20.45112 -180.39255 29.86408 -29.25559 -162.90833 -99.37905
20473 1.02835 NaN NaN NaN 151.10519 -88.01955 -28.46907 253.79565 -160.87627 -34.73380 NaN NaN NaN -20.92028 -181.03310 29.71698 -29.87053 -163.19695 -99.47170
20474 1.03670 NaN NaN NaN 151.06169 -88.01707 -28.59388 253.76180 -160.86766 -34.75740 NaN NaN NaN -21.15827 -181.47038 29.76101 -30.57302 -163.76126 -99.39134
20475 1.04504 NaN NaN NaN 151.16077 -87.31860 -28.91885 253.70757 -160.83760 -34.78697 NaN NaN NaN -21.20046 -181.63779 29.95727 -31.25077 -164.41234 -99.11433
20476 1.05339 NaN NaN NaN 151.13425 -86.88274 -29.18743 253.66574 -160.86081 -34.82498 NaN NaN NaN -21.11661 -181.65691 30.24070 -31.90297 -165.15860 -98.73458
20477 1.06174 NaN NaN NaN 151.04562 -86.71086 -29.35501 253.62622 -160.89557 -34.86943 NaN NaN NaN -20.93638 -181.64854 30.57276 -32.62840 -165.87158 -98.34628
20478 1.07008 NaN NaN NaN 150.96783 -86.76740 -29.43210 253.61185 -160.93977 -34.89671 NaN NaN NaN -20.59860 -181.45273 30.90409 -33.39080 -166.54337 -97.92293
20479 1.07843 NaN NaN NaN 150.93239 -87.01957 -29.38301 253.61208 -161.05463 -34.89956 NaN NaN NaN -20.07175 -181.03896 31.29848 -34.16912 -167.15871 -97.54619
20480 1.08678 NaN NaN NaN 150.93591 -87.42693 -29.32816 253.61656 -161.20337 -34.90677 NaN NaN NaN -19.38863 -180.50241 31.62704 -34.92086 -167.66017 -97.22674
20481 1.09512 NaN NaN NaN 150.93246 -87.72806 -29.25040 253.62772 -161.35445 -34.91516 NaN NaN NaN -18.64094 -179.84241 31.82626 -35.49420 -168.07167 -96.97960
20482 1.10347 NaN NaN NaN 150.92737 -87.88599 -29.17045 253.64345 -161.43900 -34.87076 NaN NaN NaN -18.00082 -179.30089 31.87203 -35.73500 -168.19009 -96.81532
20483 1.11182 NaN NaN NaN 150.90683 -87.99095 -29.12817 253.66818 -161.52213 -34.85703 NaN NaN NaN -17.50870 -178.94344 31.72615 -35.67759 -167.95381 -96.81331
20484 1.12016 NaN NaN NaN 150.87769 -88.05810 -29.05722 253.70898 -161.55443 -34.86829 NaN NaN NaN -17.07195 -178.72293 31.45253 -35.35971 -167.52513 -97.07204
20485 1.12851 NaN NaN NaN 150.86165 -88.06902 -29.03684 253.72112 -161.57603 -34.88150 NaN NaN NaN -16.61053 -178.52597 31.06828 -34.95477 -166.87065 -97.47369
20486 1.13686 NaN NaN NaN 150.82451 -88.09349 -29.02533 253.71744 -161.58728 -34.90097 NaN NaN NaN -16.03810 -178.22758 30.66579 -34.57631 -166.22983 -97.85390
20487 1.14520 NaN NaN NaN 150.80148 -88.09203 -29.04469 253.70232 -161.55301 -34.88654 NaN NaN NaN -15.44532 -177.90897 30.25832 -34.23012 -165.60316 -98.21515
20488 1.15355 NaN NaN NaN 150.76491 -88.04035 -29.06730 253.69460 -161.48428 -34.85345 NaN NaN NaN -14.88968 -177.64314 29.86932 -33.92618 -165.03499 -98.56277
20489 1.16190 NaN NaN NaN 150.70903 -87.99264 -29.14560 253.66794 -161.39919 -34.83786 NaN NaN NaN -14.34973 -177.40669 29.47927 -33.59061 -164.50813 -98.88313
20490 1.17024 NaN NaN NaN 150.65186 -87.91193 -29.24814 253.64452 -161.26396 -34.80674 NaN NaN NaN -13.85662 -177.26991 29.16335 -33.35749 -164.24049 -99.06763
20491 1.17859 NaN NaN NaN 150.62961 -87.79224 -29.35845 253.65034 -161.11850 -34.79240 NaN NaN NaN -13.38055 -177.15723 29.00468 -33.29349 -164.11157 -99.20246
20492 1.18694 NaN NaN NaN 150.61833 -87.66470 -29.42179 253.68382 -160.98257 -34.76337 NaN NaN NaN -13.00849 -177.03242 28.91448 -33.31496 -164.09383 -99.23902
20493 1.19528 NaN NaN NaN 150.60805 -87.58416 -29.42789 253.73549 -160.89886 -34.76005 NaN NaN NaN -12.59203 -176.88255 28.90197 -33.46992 -164.12540 -99.11755
20494 1.20363 NaN NaN NaN 150.66412 -87.57767 -29.27869 253.77736 -160.86728 -34.79332 NaN NaN NaN -12.12041 -176.62891 29.04296 -33.80101 -164.28764 -98.96427
20495 1.21198 NaN NaN NaN 150.69437 -87.58839 -29.12715 253.80457 -160.84059 -34.80998 NaN NaN NaN -11.58394 -176.25975 29.19754 -34.25206 -164.79451 -98.75040
20496 1.22032 NaN NaN NaN 150.68631 -87.66009 -29.02549 253.80656 -160.82750 -34.81570 NaN NaN NaN -11.09968 -175.80559 29.30771 -34.75588 -165.46112 -98.37094
20497 1.22867 NaN NaN NaN 150.64035 -87.73905 -28.81278 253.82028 -160.81688 -34.79976 NaN NaN NaN -10.73804 -175.43227 29.41544 -35.16209 -165.91783 -97.97043
20498 1.23702 NaN NaN NaN 150.63051 -87.72720 -28.75396 253.80910 -160.81705 -34.80025 NaN NaN NaN -10.51710 -175.20819 29.55574 -35.39630 -166.24469 -97.74995
20499 1.24536 NaN NaN NaN 150.62708 -87.71551 -28.66548 253.80374 -160.81372 -34.80624 NaN NaN NaN -10.44487 -175.13307 29.72133 -35.61587 -166.22545 -97.55724
20500 1.25371 NaN NaN NaN 150.61969 -87.71404 -28.57127 253.80025 -160.81770 -34.79086 NaN NaN NaN -10.42891 -175.05023 29.89201 -35.87428 -166.10429 -97.45607
20501 1.26205 NaN NaN NaN 150.60648 -87.76047 -28.47612 253.79083 -160.81805 -34.81068 NaN NaN NaN -10.41758 -174.95351 30.06253 -36.08270 -165.98595 -97.34254
20502 1.27040 NaN NaN NaN 150.57898 -87.81995 -28.37404 253.78522 -160.83684 -34.83654 NaN NaN NaN -10.40578 -174.80710 30.19313 -36.28892 -165.92946 -97.10963
20503 1.27875 NaN NaN NaN 150.57095 -87.90665 -28.28289 253.78799 -160.86194 -34.87461 NaN NaN NaN -10.38857 -174.65184 30.35204 -36.40043 -165.92542 -96.79536
20504 1.28709 NaN NaN NaN 150.55838 -87.96646 -28.19577 253.79895 -160.91124 -34.90012 NaN NaN NaN -10.42797 -174.46735 30.49546 -36.13660 -165.86360 -96.64082
20505 1.29544 NaN NaN NaN 150.54471 -88.03012 -28.11179 253.78383 -160.96991 -34.90987 NaN NaN NaN -10.48147 -174.27357 30.59414 -35.57788 -165.10239 -96.72455
20506 1.30379 NaN NaN NaN 150.52048 -88.13016 -27.96349 253.81131 -161.02757 -34.91544 NaN NaN NaN -10.48072 -173.98283 30.63606 -34.86481 -164.25703 -96.91076
20507 1.31213 NaN NaN NaN 150.52766 -88.22024 -27.87045 253.80273 -161.10368 -34.95315 NaN NaN NaN -10.38004 -173.55612 30.64026 -34.09280 -163.30255 -97.13332
20508 1.32048 NaN NaN NaN 150.52960 -88.33044 -27.77252 253.81438 -161.14931 -34.96856 NaN NaN NaN -10.18200 -172.96198 30.61348 -33.37308 -162.43515 -97.35091
20509 1.32883 NaN NaN NaN 150.55786 -88.38504 -27.72573 253.81761 -161.16483 -34.95900 NaN NaN NaN -10.00774 -172.37689 30.53374 -32.49792 -161.59219 -97.56795
20510 1.33717 NaN NaN NaN 150.45197 -88.93270 -27.56472 253.82359 -161.16878 -34.92862 NaN NaN NaN -10.02639 -171.95836 30.40942 -31.58695 -160.92003 -97.73729
20511 1.34552 NaN NaN NaN 150.59518 -88.65822 -27.60246 253.79340 -161.13148 -34.85919 NaN NaN NaN -10.24165 -171.73436 30.22749 -30.53434 -160.35773 -98.06180
20512 1.35387 NaN NaN NaN 150.57164 -88.33006 -27.78307 253.74850 -161.07108 -34.76620 NaN NaN NaN -10.56676 -171.72565 30.09833 -29.50728 -159.88510 -98.39182
20513 1.36221 NaN NaN NaN 150.53979 -87.98505 -28.00238 253.67897 -161.02496 -34.65796 NaN NaN NaN -10.93779 -171.79193 30.06883 -28.64487 -159.43715 -98.57865
20514 1.37056 NaN NaN NaN 150.47957 -87.72761 -28.24109 253.61414 -160.99150 -34.58422 NaN NaN NaN -11.17739 -171.82738 30.12034 -28.04287 -159.23021 -98.61581
20515 1.37891 NaN NaN NaN 150.44931 -87.61543 -28.36263 253.53249 -160.93375 -34.51402 NaN NaN NaN -11.42553 -171.85341 30.21597 -27.69371 -159.21745 -98.68922
20516 1.38725 NaN NaN NaN 150.42874 -87.55904 -28.45349 253.47279 -160.89967 -34.46223 NaN NaN NaN -11.77409 -171.93411 30.29536 -27.43420 -159.28990 -98.61916
20517 1.39560 NaN NaN NaN 150.40051 -87.58771 -28.51936 253.42119 -160.84662 -34.42204 NaN NaN NaN -12.30572 -172.19177 30.34392 -27.18646 -159.51808 -98.62043
20518 1.40395 NaN NaN NaN 150.25191 -88.09415 -28.53503 253.37125 -160.84596 -34.36728 NaN NaN NaN -12.96113 -172.61121 30.37989 -26.86468 -159.69479 -98.58327
20519 1.41229 NaN NaN NaN 150.28952 -87.88456 -28.65380 253.31792 -160.86894 -34.31206 NaN NaN NaN -13.65966 -173.16226 30.36280 -26.58388 -159.89963 -98.68626
20520 1.42064 NaN NaN NaN 150.18327 -88.22503 -28.62769 253.28801 -160.87050 -34.27318 NaN NaN NaN -14.32646 -173.70135 30.33148 -26.45874 -159.98019 -98.75269
20521 1.42899 NaN NaN NaN 150.29355 -87.85195 -28.68966 253.28497 -160.90794 -34.18539 NaN NaN NaN -14.89748 -174.19037 30.26967 -26.39445 -160.07457 -98.81715
20522 1.43733 NaN NaN NaN 150.20247 -88.14721 -28.62638 253.28581 -160.94023 -34.06535 NaN NaN NaN -15.43579 -174.68730 30.15810 -26.54121 -160.18602 -99.03442
20523 1.44568 NaN NaN NaN 150.30972 -87.78906 -28.69622 253.30461 -160.92307 -33.93794 NaN NaN NaN -15.95834 -175.21321 29.90001 -26.69844 -160.31831 -99.25854
20524 1.45403 NaN NaN NaN 150.34212 -87.56113 -28.75551 253.28178 -160.88628 -33.80081 NaN NaN NaN -16.53430 -175.84418 29.54378 -26.89472 -160.49248 -99.53258
20525 1.46237 NaN NaN NaN 150.33661 -87.35522 -28.87956 253.29274 -160.83444 -33.67570 NaN NaN NaN -17.20706 -176.61105 29.14134 -27.05225 -160.56636 -99.88361
20526 1.47072 NaN NaN NaN 150.21268 -87.65794 -28.95944 253.26758 -160.76370 -33.53847 NaN NaN NaN -17.98343 -177.49142 28.68391 -27.14643 -160.66335 -100.31087
20527 1.47907 NaN NaN NaN 150.17726 -87.77814 -29.06275 253.23550 -160.65558 -33.43021 NaN NaN NaN -18.69135 -178.39911 28.24506 -27.17867 -160.75050 -100.63456
20528 1.48741 NaN NaN NaN 150.27245 -87.27608 -29.32319 253.20587 -160.51237 -33.40559 NaN NaN NaN -19.19951 -179.20145 27.90928 -27.36225 -160.77570 -100.95984
20529 1.49576 NaN NaN NaN 150.32709 -86.84424 -29.51930 253.18633 -160.35112 -33.40779 NaN NaN NaN -19.51543 -179.75157 27.71449 -27.72301 -160.95596 -101.10907
20530 1.50410 NaN NaN NaN 150.27083 -86.53037 -29.73141 253.14929 -160.23708 -33.44731 NaN NaN NaN -19.62522 -180.07382 27.69579 -28.19520 -161.25189 -101.08002
20531 1.51245 NaN NaN NaN 150.12802 -86.73745 -29.84846 253.11954 -160.11766 -33.47532 NaN NaN NaN -19.54889 -180.16309 27.94927 -28.79073 -161.66681 -100.86648
20532 1.52080 NaN NaN NaN 150.15150 -86.56988 -30.02401 253.09869 -160.04652 -33.56935 NaN NaN NaN -19.31837 -180.14185 28.41313 -29.43808 -162.19745 -100.38818
20533 1.52914 NaN NaN NaN 150.16573 -86.52422 -30.21352 253.11293 -159.96909 -33.70828 NaN NaN NaN -18.90372 -179.91042 28.91890 -30.15518 -162.88069 -99.89520
20534 1.53749 NaN NaN NaN 150.13712 -86.52172 -30.38547 253.11714 -159.92265 -33.80313 NaN NaN NaN -18.39572 -179.59361 29.58013 -30.85203 -163.67665 -99.35835
20535 1.54584 NaN NaN NaN 150.11359 -86.52204 -30.47858 253.13857 -159.90088 -33.88803 NaN NaN NaN -17.93929 -179.20018 30.20912 -31.53683 -164.44487 -98.64294
20536 1.55418 NaN NaN NaN 150.08362 -86.57326 -30.47562 253.14096 -159.89024 -33.91956 NaN NaN NaN -17.52647 -178.88167 30.67989 -32.12107 -165.00755 -98.04837
20537 1.56253 NaN NaN NaN 150.02567 -86.64522 -30.47407 253.14180 -159.88300 -33.93293 NaN NaN NaN -17.18599 -178.57140 31.02156 -32.54231 -165.34673 -97.63243
20538 1.57088 NaN NaN NaN 149.95212 -86.68696 -30.46899 253.13803 -159.87273 -33.89326 NaN NaN NaN -16.92479 -178.25793 31.25653 -32.77905 -165.52057 -97.48955
20539 1.57922 NaN NaN NaN 149.92290 -86.69177 -30.48165 253.12227 -159.82408 -33.84067 NaN NaN NaN -16.83083 -178.09190 31.29249 -32.71338 -165.30588 -97.38968
20540 1.58757 NaN NaN NaN 149.89642 -86.60905 -30.47897 253.10562 -159.79510 -33.74269 NaN NaN NaN -16.88793 -178.10632 31.13327 -32.50669 -164.90555 -97.52271
20541 1.59592 NaN NaN NaN 149.87192 -86.54913 -30.49263 253.08917 -159.69742 -33.61730 NaN NaN NaN -16.92824 -178.19405 30.84702 -32.15722 -164.32564 -97.79319
20542 1.60426 NaN NaN NaN 149.86540 -86.48522 -30.45105 253.10690 -159.60175 -33.53360 NaN NaN NaN -16.80784 -178.16905 30.65170 -31.94626 -163.78569 -98.09830
20543 1.61261 NaN NaN NaN 149.83992 -86.41094 -30.44794 253.12169 -159.51366 -33.50444 NaN NaN NaN -16.46514 -177.89174 30.50799 -31.93683 -163.29488 -98.22735
20544 1.62096 NaN NaN NaN 149.80576 -86.36755 -30.45026 253.13272 -159.40863 -33.46853 NaN NaN NaN -16.08329 -177.51988 30.37770 -31.99656 -162.98511 -98.33639
20545 1.62930 NaN NaN NaN 149.79962 -86.30082 -30.46015 253.13187 -159.29657 -33.43013 NaN NaN NaN -15.71003 -177.15504 30.29080 -31.93325 -162.81728 -98.40189
20546 1.63765 NaN NaN NaN 149.77864 -86.24448 -30.43401 253.15500 -159.19008 -33.38965 NaN NaN NaN -15.34287 -176.82851 30.17768 -31.85131 -162.75084 -98.41305
20547 1.64600 NaN NaN NaN 149.74835 -86.19265 -30.45924 253.16162 -159.10545 -33.37712 NaN NaN NaN -14.79247 -176.48773 30.15561 -31.87509 -162.73563 -98.40435
20548 1.65434 NaN NaN NaN 149.70830 -86.13153 -30.48820 253.15965 -158.99451 -33.39629 NaN NaN NaN -14.06722 -176.01686 30.23071 -32.02340 -162.66672 -98.30961
20549 1.66269 NaN NaN NaN 149.66121 -86.03799 -30.56048 253.12906 -158.89146 -33.43312 NaN NaN NaN -13.32555 -175.48981 30.26467 -32.22332 -162.71790 -98.14400
20550 1.67104 NaN NaN NaN 149.62865 -85.92223 -30.60529 253.10289 -158.79225 -33.48364 NaN NaN NaN -12.57060 -174.92590 30.25696 -32.43101 -162.71571 -98.01721
20551 1.67938 NaN NaN NaN 149.58241 -85.85425 -30.64347 253.07710 -158.67169 -33.52163 NaN NaN NaN -11.88434 -174.42043 30.22812 -32.63192 -162.78804 -97.97443
20552 1.68773 NaN NaN NaN 149.57835 -85.81014 -30.63465 253.04500 -158.59525 -33.54135 NaN NaN NaN -11.22063 -173.90564 30.19685 -32.86420 -162.92194 -97.88811
20553 1.69608 NaN NaN NaN 149.53896 -85.85019 -30.60211 253.02499 -158.56497 -33.56543 NaN NaN NaN -10.55779 -173.42990 30.12805 -33.14149 -163.05896 -97.78836
20554 1.70442 NaN NaN NaN 149.45955 -85.92751 -30.54373 253.01170 -158.58040 -33.55513 NaN NaN NaN -9.89860 -172.92841 30.09912 -33.44433 -163.10446 -97.60423
20555 1.71277 NaN NaN NaN 149.43950 -85.99759 -30.39344 252.98578 -158.59410 -33.52088 NaN NaN NaN -9.25343 -172.44197 30.10951 -33.79963 -163.33765 -97.56221
20556 1.72112 NaN NaN NaN 149.28894 -86.50814 -30.07105 252.97137 -158.61623 -33.49009 NaN NaN NaN -8.57297 -171.95155 30.10806 -34.15709 -163.41222 -97.41433
20557 1.72946 NaN NaN NaN 149.25127 -86.49816 -29.89744 252.96564 -158.66902 -33.47886 NaN NaN NaN -7.78404 -171.40269 30.08428 -34.57880 -163.59654 -97.29060
20558 1.73781 NaN NaN NaN 149.22539 -86.49584 -29.75268 252.96718 -158.73428 -33.48965 NaN NaN NaN -6.89158 -170.70364 30.09433 -35.01057 -163.99739 -97.01283
20559 1.74616 NaN NaN NaN 149.15398 -86.49036 -29.63895 252.96227 -158.76480 -33.49730 NaN NaN NaN -6.01119 -169.90677 30.07543 -35.47800 -164.45070 -96.70539
20560 1.75450 NaN NaN NaN 148.96170 -86.98006 -29.42058 252.96040 -158.80595 -33.51926 NaN NaN NaN -5.27128 -169.16302 30.00750 -35.68065 -164.71642 -96.45547
20561 1.76285 NaN NaN NaN 148.86603 -87.34903 -29.26698 252.94981 -158.80945 -33.53769 NaN NaN NaN -4.65966 -168.56351 29.87922 -35.69068 -164.69868 -96.40105
20562 1.77119 NaN NaN NaN 148.82126 -87.68285 -29.18007 252.95503 -158.82294 -33.56339 NaN NaN NaN -4.10175 -168.08170 29.73185 -35.59004 -164.39122 -96.45439
20563 1.77954 NaN NaN NaN 148.82153 -87.87200 -29.13107 252.91795 -158.82199 -33.61103 NaN NaN NaN -3.62562 -167.60800 29.61433 -35.42267 -164.05643 -96.54066
20564 1.78789 NaN NaN NaN 148.82530 -87.86535 -29.11673 252.87511 -158.80109 -33.61025 NaN NaN NaN -3.13106 -167.11360 29.54786 -35.07551 -163.56119 -96.61046
20565 1.79623 NaN NaN NaN 148.80617 -87.75339 -29.17960 252.84734 -158.80095 -33.61944 NaN NaN NaN -2.76927 -166.64198 29.45544 -34.39025 -162.61807 -96.81791
20566 1.80458 NaN NaN NaN 148.77109 -87.62077 -29.22621 252.85162 -158.85658 -33.61670 NaN NaN NaN -2.50210 -166.21683 29.37839 -33.61004 -161.74290 -97.08149
20567 1.81293 NaN NaN NaN 148.72264 -87.58376 -29.24273 252.83624 -158.91138 -33.65364 NaN NaN NaN -2.24769 -165.80156 29.31903 -32.75745 -160.90236 -97.35110
20568 1.82127 NaN NaN NaN 148.71767 -87.65137 -29.20796 252.86285 -158.98192 -33.69201 NaN NaN NaN -1.95077 -165.31851 29.26565 -32.00639 -160.15352 -97.51296
20569 1.82962 NaN NaN NaN 148.80347 -87.83320 -28.96780 252.92773 -159.07930 -33.74146 NaN NaN NaN -1.68218 -164.81091 29.23603 -31.29783 -159.57089 -97.63605
20570 1.83797 NaN NaN NaN 148.83566 -88.10669 -28.74954 252.99603 -159.13429 -33.77897 NaN NaN NaN -1.57232 -164.38550 29.17014 -30.50937 -159.09036 -97.86118
20571 1.84631 NaN NaN NaN 148.84996 -88.27898 -28.57276 253.06572 -159.16071 -33.81211 NaN NaN NaN -1.72207 -164.17793 29.06007 -29.69358 -158.62445 -98.08235
20572 1.85466 NaN NaN NaN 149.04514 -87.74335 -28.60447 253.11357 -159.19882 -33.80234 NaN NaN NaN -2.10096 -164.31084 28.96592 -28.76222 -158.13643 -98.40908
20573 1.86301 NaN NaN NaN 149.08606 -87.36740 -28.69996 253.11328 -159.17767 -33.81320 NaN NaN NaN -2.74139 -164.63657 28.77739 -27.90401 -157.60204 -98.76504
20574 1.87135 NaN NaN NaN 148.99437 -87.37903 -28.76788 253.05782 -159.11038 -33.80239 NaN NaN NaN -3.51017 -165.16568 28.62916 -26.98066 -157.05898 -99.24022
20575 1.87970 NaN NaN NaN 148.90437 -87.47668 -28.96109 252.93932 -159.05885 -33.77613 NaN NaN NaN -4.33611 -165.78717 28.54532 -26.24957 -156.68448 -99.57682
20576 1.88805 NaN NaN NaN 148.86987 -87.48629 -29.12943 252.79546 -158.95584 -33.75275 NaN NaN NaN -5.05941 -166.35411 28.57450 -25.76044 -156.40761 -99.78243
20577 1.89639 NaN NaN NaN 149.01686 -86.82762 -29.40680 252.66260 -158.85092 -33.72488 NaN NaN NaN -5.69834 -166.81589 28.65478 -25.51962 -156.51387 -99.88932
20578 1.90474 NaN NaN NaN 149.07014 -86.34058 -29.66407 252.54895 -158.79903 -33.69317 NaN NaN NaN -6.31446 -167.21109 28.75088 -25.52492 -156.82137 -99.92289
20579 1.91309 NaN NaN NaN 149.03435 -85.98880 -29.84909 252.47543 -158.76039 -33.66074 NaN NaN NaN -6.94892 -167.62183 28.85755 -25.65978 -157.36533 -99.91457
20580 1.92143 NaN NaN NaN 148.98586 -85.83801 -29.93533 252.40326 -158.73886 -33.60701 NaN NaN NaN -7.73059 -168.12338 28.94852 -25.84704 -157.89645 -99.81451
20581 1.92978 NaN NaN NaN 148.99045 -85.80074 -29.94650 252.36243 -158.74730 -33.52684 NaN NaN NaN -8.53719 -168.66301 29.08785 -26.01725 -158.35976 -99.64996
20582 1.93813 NaN NaN NaN 149.02782 -85.88342 -29.87149 252.34810 -158.77943 -33.44986 NaN NaN NaN -9.25822 -169.15488 29.23384 -26.26847 -158.87294 -99.63409
20583 1.94647 NaN NaN NaN 149.08197 -85.96402 -29.68977 252.34776 -158.86684 -33.37289 NaN NaN NaN -9.86255 -169.54327 29.33342 -26.63453 -159.33743 -99.61523
20584 1.95482 NaN NaN NaN 148.99974 -86.55739 -29.37840 252.34894 -158.94942 -33.30483 NaN NaN NaN -10.40078 -169.96889 29.37323 -27.11003 -159.72067 -99.58384
20585 1.96317 NaN NaN NaN 149.16985 -86.34289 -29.31071 252.38133 -159.04507 -33.22703 NaN NaN NaN -11.01061 -170.52907 29.22617 -27.47520 -160.03981 -99.64431
20586 1.97151 NaN NaN NaN 149.21651 -86.27230 -29.28323 252.42189 -159.10999 -33.16035 NaN NaN NaN -11.66496 -171.18616 29.10044 -27.78320 -160.27991 -99.72961
20587 1.97986 NaN NaN NaN 149.24518 -86.14803 -29.29618 252.44220 -159.14941 -33.09383 NaN NaN NaN -12.40842 -171.92770 28.87936 -28.01620 -160.45380 -100.02013
20588 1.98821 NaN NaN NaN 149.24547 -86.02803 -29.31366 252.44023 -159.15302 -33.06147 NaN NaN NaN -13.16539 -172.77998 28.59969 -28.12956 -160.44347 -100.30341
20589 1.99655 NaN NaN NaN 149.26093 -85.92288 -29.37307 252.44627 -159.08768 -32.99139 NaN NaN NaN -13.88546 -173.64873 28.29901 -28.12958 -160.40363 -100.64344
20590 2.00490 NaN NaN NaN 149.30934 -85.76740 -29.53709 252.41370 -158.97632 -32.96241 NaN NaN NaN -14.51893 -174.50130 27.93981 -28.11895 -160.24551 -101.02984
20591 2.01325 NaN NaN NaN 149.30450 -85.59499 -29.78443 252.37321 -158.84967 -32.96942 NaN NaN NaN -14.95946 -175.25641 27.67174 -28.17417 -160.19757 -101.26764
20592 2.02159 NaN NaN NaN 149.18825 -85.84715 -29.96025 252.34026 -158.71208 -32.98002 NaN NaN NaN -15.27705 -175.85587 27.45438 -28.32452 -160.22791 -101.42564
20593 2.02994 NaN NaN NaN 149.26775 -85.45387 -30.25602 252.30548 -158.59294 -32.98815 NaN NaN NaN -15.51200 -176.35442 27.29870 -28.55981 -160.42459 -101.57304
20594 2.03828 NaN NaN NaN 149.31366 -85.18259 -30.55194 252.29039 -158.49913 -33.05241 NaN NaN NaN -15.57945 -176.73232 27.30864 -28.79963 -160.72845 -101.52528
20595 2.04663 NaN NaN NaN 149.32335 -84.86332 -30.80706 252.27620 -158.39195 -33.11654 NaN NaN NaN -15.56008 -176.99524 27.44546 -29.17773 -161.10020 -101.30344
20596 2.05498 NaN NaN NaN 149.32173 -84.69895 -30.95546 252.24849 -158.30841 -33.19785 NaN NaN NaN -15.49371 -177.20912 27.64870 -29.49661 -161.47385 -101.11675
20597 2.06332 NaN NaN NaN 149.28024 -84.62725 -31.03039 252.23869 -158.26842 -33.30090 NaN NaN NaN -15.54463 -177.46590 27.80580 -29.78728 -161.87883 -100.91615
20598 2.07167 NaN NaN NaN 149.27812 -84.61931 -31.06773 252.23312 -158.26178 -33.37769 NaN NaN NaN -15.72442 -177.76846 27.90390 -29.89038 -162.12387 -100.76405
20599 2.08002 NaN NaN NaN 149.29842 -84.66132 -31.12427 252.25716 -158.29538 -33.44463 NaN NaN NaN -16.03958 -178.14717 27.96383 -29.83852 -162.23259 -100.63996
20600 2.08836 NaN NaN NaN 149.35028 -84.73203 -31.15169 252.26385 -158.34276 -33.46476 NaN NaN NaN -16.34895 -178.50249 28.02240 -29.80091 -162.18047 -100.50745
20601 2.09671 NaN NaN NaN 149.34958 -84.79507 -31.16520 252.26549 -158.37682 -33.45969 NaN NaN NaN -16.55374 -178.74403 28.09274 -29.81190 -162.16434 -100.51592
20602 2.10506 NaN NaN NaN 149.24004 -85.30758 -31.06323 252.26395 -158.40936 -33.44506 NaN NaN NaN -16.66661 -178.88301 28.21746 -29.92983 -162.13470 -100.36971
20603 2.11340 NaN NaN NaN 149.27850 -85.10847 -31.12713 252.27893 -158.42264 -33.43697 NaN NaN NaN -16.72216 -178.93953 28.34167 -30.05060 -162.20624 -100.25484
20604 2.12175 NaN NaN NaN 149.20622 -85.43877 -31.06281 252.26759 -158.42941 -33.44035 NaN NaN NaN -16.70213 -178.91747 28.50767 -30.17437 -162.41968 -100.11406
20605 2.13010 NaN NaN NaN 149.13794 -85.64030 -30.99686 252.25514 -158.41077 -33.44944 NaN NaN NaN -16.64824 -178.83907 28.70409 -30.25387 -162.62546 -99.92429
20606 2.13844 NaN NaN NaN 149.11461 -85.77952 -31.02247 252.24689 -158.39394 -33.46001 NaN NaN NaN -16.56592 -178.77274 28.90003 -30.33202 -162.78865 -99.75945
20607 2.14679 NaN NaN NaN 149.06607 -85.79569 -30.99665 252.21906 -158.35768 -33.46326 NaN NaN NaN -16.44547 -178.72762 29.05235 -30.44705 -162.84123 -99.60432
20608 2.15514 NaN NaN NaN 149.05487 -85.81039 -31.02012 252.22842 -158.34219 -33.48232 NaN NaN NaN -16.17188 -178.58289 29.19778 -30.60359 -162.88533 -99.42906
20609 2.16348 NaN NaN NaN 149.04530 -85.73568 -31.00200 252.21123 -158.34520 -33.50002 NaN NaN NaN -15.80208 -178.28775 29.28917 -30.86189 -162.92021 -99.38393
20610 2.17183 NaN NaN NaN 149.12367 -85.26266 -31.08510 252.24313 -158.36855 -33.51308 NaN NaN NaN -15.41903 -177.98682 29.32946 -31.05975 -162.99496 -99.32658
20611 2.18018 NaN NaN NaN 149.15112 -84.96893 -31.16745 252.26091 -158.36765 -33.55830 NaN NaN NaN -15.00407 -177.62953 29.27387 -31.29832 -163.14046 -99.29844
20612 2.18852 NaN NaN NaN 149.13449 -84.87627 -31.15112 252.29097 -158.39969 -33.59792 NaN NaN NaN -14.53698 -177.28821 29.14602 -31.48914 -163.18770 -99.31847
20613 2.19687 NaN NaN NaN 149.11288 -84.95486 -31.08326 252.32861 -158.40169 -33.62487 NaN NaN NaN -14.00506 -176.95908 29.01330 -31.62267 -163.16406 -99.38525
20614 2.20522 NaN NaN NaN 149.10873 -85.12170 -30.98293 252.34117 -158.45671 -33.62387 NaN NaN NaN -13.36683 -176.48537 28.82872 -31.70830 -163.03899 -99.49495
20615 2.21356 NaN NaN NaN 149.13306 -85.20920 -30.88826 252.35019 -158.44612 -33.62075 NaN NaN NaN -12.67068 -176.00502 28.58737 -31.68626 -162.79166 -99.66833
20616 2.22191 NaN NaN NaN 149.13872 -85.26057 -30.87833 252.34883 -158.42352 -33.58950 NaN NaN NaN -12.04020 -175.52702 28.27714 -31.59735 -162.48921 -99.84000
20617 2.23026 NaN NaN NaN 149.08646 -85.16376 -30.87166 252.32710 -158.34653 -33.56413 NaN NaN NaN -11.45613 -175.13960 27.94875 -31.30243 -162.09756 -100.09619
20618 2.23860 NaN NaN NaN 149.05362 -85.05097 -30.90883 252.29834 -158.29630 -33.53325 NaN NaN NaN -10.91621 -174.81264 27.73050 -31.04186 -161.68864 -100.34704
20619 2.24695 NaN NaN NaN 149.02736 -84.93472 -30.97083 252.24916 -158.19888 -33.53465 NaN NaN NaN -10.33926 -174.47014 27.60358 -30.95065 -161.41176 -100.43651
20620 2.25530 NaN NaN NaN 149.00233 -84.83908 -30.99821 252.19708 -158.11928 -33.53317 NaN NaN NaN -9.76374 -174.10461 27.57203 -31.03374 -161.19598 -100.39063
20621 2.26364 NaN NaN NaN 148.99654 -84.81409 -30.97708 252.19257 -158.05556 -33.54843 NaN NaN NaN -9.20764 -173.70018 27.66870 -31.28995 -161.34007 -100.29295
20622 2.27199 NaN NaN NaN 148.94797 -84.88948 -30.90447 252.18440 -158.05167 -33.55559 NaN NaN NaN -8.70368 -173.19711 27.96309 -31.85532 -161.70027 -100.00265
20623 2.28033 NaN NaN NaN 148.95335 -84.90826 -30.72266 252.20639 -158.10165 -33.55920 NaN NaN NaN -8.19461 -172.71999 28.36315 -32.52592 -162.32936 -99.56329
20624 2.28868 NaN NaN NaN 148.94185 -85.02329 -30.58448 252.23230 -158.19518 -33.56707 NaN NaN NaN -7.74226 -172.19591 28.81303 -33.30580 -163.11176 -98.79668
20625 2.29703 NaN NaN NaN 148.87944 -85.59177 -30.20802 252.27045 -158.29910 -33.57206 NaN NaN NaN -7.30606 -171.67686 29.32340 -34.10612 -163.93327 -98.08794
20626 2.30537 NaN NaN NaN 148.94319 -85.57343 -30.02360 252.29097 -158.46187 -33.58865 NaN NaN NaN -6.90209 -171.18523 29.94783 -34.91796 -164.80136 -97.14912
20627 2.31372 NaN NaN NaN 148.88664 -86.19294 -29.66541 252.31972 -158.59154 -33.61718 NaN NaN NaN -6.53487 -170.62479 30.52281 -35.75832 -165.83960 -96.25606
20628 2.32207 NaN NaN NaN 148.88008 -86.58216 -29.43535 252.36728 -158.73830 -33.62674 NaN NaN NaN -6.24008 -170.04045 31.12025 -36.42641 -166.68623 -95.49052
20629 2.33041 NaN NaN NaN 148.83435 -86.94296 -29.29330 252.37233 -158.84348 -33.64290 NaN NaN NaN -6.08215 -169.55894 31.59853 -36.79003 -167.03442 -94.83514
20630 2.33876 NaN NaN NaN 148.81615 -87.10147 -29.16635 252.35963 -158.92288 -33.64178 NaN NaN NaN -6.04254 -169.24925 31.99260 -36.87187 -167.14223 -94.35160
20631 2.34711 NaN NaN NaN 148.94225 -86.56084 -29.21980 252.34904 -158.98399 -33.63101 NaN NaN NaN -6.01890 -169.02837 32.23798 -36.76847 -166.93059 -94.14925
20632 2.35545 NaN NaN NaN 148.95677 -86.26903 -29.24286 252.34695 -159.05336 -33.61771 NaN NaN NaN -5.95371 -168.75566 32.42568 -36.25658 -166.14281 -94.13641
20633 2.36380 NaN NaN NaN 148.92738 -86.14547 -29.24819 252.34981 -159.13223 -33.61380 NaN NaN NaN -5.76878 -168.31296 32.56641 -35.63785 -165.23650 -94.19312
20634 2.37215 NaN NaN NaN 148.91609 -86.25118 -29.18908 252.39166 -159.27817 -33.62032 NaN NaN NaN -5.56382 -167.78603 32.66605 -34.93282 -164.44182 -94.32540
20635 2.38049 NaN NaN NaN 148.96603 -86.50316 -29.00397 252.43204 -159.41739 -33.59890 NaN NaN NaN -5.27255 -167.17418 32.75001 -34.17959 -163.75841 -94.38755
20636 2.38884 NaN NaN NaN 149.01508 -86.76567 -28.82110 252.48161 -159.53294 -33.59223 NaN NaN NaN -5.02405 -166.57843 32.75938 -33.37145 -163.18565 -94.54575
20637 2.39719 NaN NaN NaN 149.08989 -86.87376 -28.70803 252.48967 -159.58067 -33.50905 NaN NaN NaN -5.03250 -166.19324 32.72800 -32.42519 -162.67049 -94.67972
20638 2.40553 NaN NaN NaN 149.09306 -86.87408 -28.73509 252.43718 -159.57266 -33.35265 NaN NaN NaN -5.41886 -166.10814 32.67408 -31.30408 -162.13130 -94.96635
20639 2.41388 NaN NaN NaN 148.93352 -87.25880 -28.78504 252.35463 -159.49963 -33.21068 NaN NaN NaN -6.12929 -166.38809 32.66854 -30.11474 -161.56290 -95.22947
20640 2.42223 NaN NaN NaN 148.97888 -86.77582 -29.08382 252.25612 -159.41371 -33.08283 NaN NaN NaN -6.89978 -166.91840 32.80185 -29.11551 -161.12256 -95.47411
