Frame# Time LH1 LH2 LH3 RH1 RH2 RH3
X54 Y54 Z54 X55 Y55 Z55 X56 Y56 Z56 X57 Y57 Z57 X58 Y58 Z58 X59 Y59 Z59
12504 0.00371 NaN NaN NaN 131.81398 -114.88389 -73.58756 229.79893 -194.36624 -83.92415 NaN NaN NaN 97.00597 -131.07288 -86.63737 -9.80923 -204.92975 -75.10390
12505 0.01205 NaN NaN NaN 131.83017 -114.88229 -73.59079 229.80240 -194.37038 -83.90515 NaN NaN NaN 97.00889 -131.07913 -86.64454 -9.81237 -204.93399 -75.11281
12506 0.02039 NaN NaN NaN 131.81885 -114.87006 -73.61147 229.80537 -194.37447 -83.93055 NaN NaN NaN 96.99751 -131.07773 -86.64670 -9.80711 -204.93486 -75.10651
12507 0.02873 NaN NaN NaN 131.81474 -114.84969 -73.61736 229.79555 -194.37119 -83.93568 NaN NaN NaN 97.00167 -131.07274 -86.65254 -9.80850 -204.93307 -75.10744
12508 0.03707 NaN NaN NaN 131.81100 -114.85571 -73.63148 229.79460 -194.35905 -83.93744 NaN NaN NaN 96.99638 -131.06837 -86.65160 -9.81686 -204.91959 -75.10596
12509 0.04541 NaN NaN NaN 131.81090 -114.86568 -73.60210 229.79901 -194.37260 -83.93276 NaN NaN NaN 97.00552 -131.05182 -86.65472 -9.81287 -204.92896 -75.11536
12510 0.05375 NaN NaN NaN 131.81776 -114.88552 -73.60084 229.79530 -194.36569 -83.93009 NaN NaN NaN 97.00648 -131.06471 -86.64359 -9.82632 -204.92754 -75.11226
12511 0.06208 NaN NaN NaN 131.81374 -114.92137 -73.58991 229.80887 -194.37231 -83.92845 NaN NaN NaN 96.97551 -131.00797 -86.65997 -9.82285 -204.92984 -75.12676
12512 0.07042 NaN NaN NaN 131.80927 -114.93949 -73.59116 229.80836 -194.37770 -83.93472 NaN NaN NaN 96.98453 -131.04477 -86.64581 -9.80933 -204.92130 -75.11305
12513 0.07876 NaN NaN NaN 131.82375 -114.90607 -73.59608 229.81303 -194.39485 -83.92379 NaN NaN NaN 96.98002 -131.00740 -86.66312 -9.82239 -204.92276 -75.11791
12514 0.08710 NaN NaN NaN 131.80530 -114.90297 -73.59871 229.81500 -194.38667 -83.93460 NaN NaN NaN 96.98253 -131.06480 -86.63731 -9.83502 -204.92790 -75.10374
12515 0.09544 NaN NaN NaN 131.80846 -114.89668 -73.60332 229.80185 -194.39171 -83.90188 NaN NaN NaN 96.94821 -131.02980 -86.66090 -9.83991 -204.91628 -75.11599
12516 0.10378 NaN NaN NaN 131.81387 -114.88974 -73.60992 229.80086 -194.38084 -83.92097 NaN NaN NaN 96.98363 -131.09608 -86.63386 -9.84566 -204.93097 -75.11460
12517 0.11212 NaN NaN NaN 131.82672 -114.89333 -73.58907 229.80367 -194.38365 -83.93188 NaN NaN NaN 96.99200 -131.10255 -86.64091 -9.84611 -204.92744 -75.12000
12518 0.12046 NaN NaN NaN 131.81375 -114.92667 -73.56541 229.81018 -194.37875 -83.94086 NaN NaN NaN 96.99623 -131.11745 -86.63123 -9.85088 -204.93083 -75.10390
12519 0.12880 NaN NaN NaN 131.82657 -114.92966 -73.58780 229.80524 -194.38948 -83.93199 NaN NaN NaN 96.96818 -131.04552 -86.65453 -9.85631 -204.91129 -75.11123
12520 0.13713 NaN NaN NaN 131.80688 -114.93491 -73.58154 229.80550 -194.39137 -83.93006 NaN NaN NaN 96.94144 -131.00383 -86.65088 -9.87132 -204.92622 -75.09771
12521 0.14547 NaN NaN NaN 131.82552 -114.92517 -73.59003 229.80708 -194.39328 -83.92389 NaN NaN NaN 96.91866 -130.97502 -86.67443 -9.87271 -204.91083 -75.13156
12522 0.15381 NaN NaN NaN 131.83360 -114.90766 -73.61639 229.81427 -194.40457 -83.92354 NaN NaN NaN 96.95777 -131.05576 -86.65392 -9.87795 -204.93301 -75.13744
12523 0.16215 NaN NaN NaN 131.84882 -114.90881 -73.60787 229.82423 -194.40216 -83.92428 NaN NaN NaN 96.97091 -131.11415 -86.63464 -9.88015 -204.91318 -75.14074
12524 0.17049 NaN NaN NaN 131.82904 -114.92068 -73.60114 229.81746 -194.40512 -83.92149 NaN NaN NaN 96.95297 -131.08455 -86.62736 -9.88977 -204.93544 -75.15005
12525 0.17883 NaN NaN NaN 131.85030 -114.90454 -73.59621 229.81810 -194.39880 -83.92519 NaN NaN NaN 96.95708 -131.11603 -86.63441 -9.89345 -204.91388 -75.15205
12526 0.18717 NaN NaN NaN 131.84616 -114.90056 -73.60413 229.82306 -194.41197 -83.92757 NaN NaN NaN 96.93891 -131.04752 -86.64134 -9.91502 -204.92177 -75.16563
12527 0.19551 NaN NaN NaN 131.83861 -114.92979 -73.58154 229.81285 -194.40929 -83.92903 NaN NaN NaN 96.90563 -130.99109 -86.66674 -9.92415 -204.90628 -75.17246
12528 0.20385 NaN NaN NaN 131.84172 -114.91281 -73.60547 229.82161 -194.41135 -83.91796 NaN NaN NaN 96.91752 -130.97870 -86.65988 -9.92880 -204.90442 -75.18658
12529 0.21218 NaN NaN NaN 131.86703 -114.91093 -73.61201 229.81580 -194.40652 -83.89414 NaN NaN NaN 96.90142 -130.97871 -86.66809 -9.93675 -204.90248 -75.20417
12530 0.22052 NaN NaN NaN 131.84286 -114.88233 -73.61639 229.80975 -194.40218 -83.89810 NaN NaN NaN 96.93839 -131.07089 -86.63754 -9.92889 -204.92212 -75.20901
12531 0.22886 NaN NaN NaN 131.81865 -114.87923 -73.58472 229.80054 -194.39342 -83.92591 NaN NaN NaN 96.91073 -131.06970 -86.63816 -9.94650 -204.92184 -75.21455
12532 0.23720 NaN NaN NaN 131.83749 -114.87630 -73.60231 229.80965 -194.38602 -83.92269 NaN NaN NaN 96.90088 -131.04945 -86.62682 -9.94094 -204.92766 -75.20503
12533 0.24554 NaN NaN NaN 131.83084 -114.90682 -73.56960 229.82181 -194.40459 -83.90099 NaN NaN NaN 96.89265 -131.00529 -86.66228 -9.96119 -204.91551 -75.21170
12534 0.25388 NaN NaN NaN 131.84785 -114.89277 -73.59840 229.81087 -194.39899 -83.91373 NaN NaN NaN 96.91135 -131.00560 -86.64845 -9.95014 -204.91396 -75.20502
12535 0.26222 NaN NaN NaN 131.87410 -114.89378 -73.61388 229.81226 -194.39841 -83.92110 NaN NaN NaN 96.88222 -130.99464 -86.66421 -9.96452 -204.89905 -75.21408
12536 0.27056 NaN NaN NaN 131.86963 -114.87181 -73.62431 229.80513 -194.38771 -83.92798 NaN NaN NaN 96.88728 -130.99825 -86.65703 -9.95898 -204.91701 -75.20101
12537 0.27890 NaN NaN NaN 131.86459 -114.87371 -73.62173 229.80779 -194.38826 -83.93267 NaN NaN NaN 96.87131 -131.00941 -86.64883 -9.96131 -204.89954 -75.20565
12538 0.28724 NaN NaN NaN 131.84258 -114.89970 -73.59359 229.81421 -194.39432 -83.93130 NaN NaN NaN 96.87813 -131.02130 -86.63515 -9.96628 -204.89655 -75.21494
12539 0.29557 NaN NaN NaN 131.84216 -114.89557 -73.61167 229.81528 -194.38953 -83.92306 NaN NaN NaN 96.85992 -131.00018 -86.64851 -9.97807 -204.90157 -75.22545
12540 0.30391 NaN NaN NaN 131.85959 -114.87482 -73.61957 229.82323 -194.40134 -83.91783 NaN NaN NaN 96.85315 -131.00304 -86.64304 -9.97331 -204.89423 -75.22636
12541 0.31225 NaN NaN NaN 131.87047 -114.85987 -73.62046 229.81580 -194.40727 -83.92665 NaN NaN NaN 96.84197 -130.98509 -86.65624 -9.98466 -204.89270 -75.22419
12542 0.32059 NaN NaN NaN 131.87085 -114.86377 -73.62646 229.81897 -194.40128 -83.92483 NaN NaN NaN 96.84403 -130.99234 -86.65389 -9.98798 -204.89915 -75.22265
12543 0.32893 NaN NaN NaN 131.86147 -114.85667 -73.62799 229.81535 -194.39674 -83.92768 NaN NaN NaN 96.84026 -130.98303 -86.65925 -9.99026 -204.89894 -75.21117
12544 0.33727 NaN NaN NaN 131.83536 -114.88395 -73.59338 229.81592 -194.39046 -83.93326 NaN NaN NaN 96.83309 -130.97443 -86.66138 -9.99756 -204.89815 -75.21107
12545 0.34561 NaN NaN NaN 131.86304 -114.85231 -73.61365 229.80936 -194.38847 -83.90337 NaN NaN NaN 96.83038 -130.98129 -86.64998 -10.00956 -204.89977 -75.25405
12546 0.35395 NaN NaN NaN 131.83195 -114.86305 -73.58562 229.80843 -194.39005 -83.89149 NaN NaN NaN 96.82596 -130.99249 -86.64305 -10.00195 -204.90297 -75.24696
12547 0.36229 NaN NaN NaN 131.86380 -114.84922 -73.61195 229.80359 -194.39171 -83.88988 NaN NaN NaN 96.82624 -130.99574 -86.65237 -10.00665 -204.89578 -75.22985
12548 0.37062 NaN NaN NaN 131.85239 -114.85873 -73.58802 229.80888 -194.38089 -83.92121 NaN NaN NaN 96.81081 -131.00871 -86.64626 -10.02389 -204.89980 -75.25140
12549 0.37896 NaN NaN NaN 131.87393 -114.83947 -73.60770 229.80771 -194.38623 -83.90598 NaN NaN NaN 96.80611 -131.01001 -86.64819 -10.03619 -204.89896 -75.26646
12550 0.38730 NaN NaN NaN 131.87527 -114.84570 -73.61442 229.80902 -194.39497 -83.92476 NaN NaN NaN 96.81000 -131.00826 -86.63860 -10.05220 -204.91594 -75.29499
12551 0.39564 NaN NaN NaN 131.87581 -114.85246 -73.61720 229.81601 -194.39915 -83.92137 NaN NaN NaN 96.81741 -131.01059 -86.64366 -10.05674 -204.90471 -75.28397
12552 0.40398 NaN NaN NaN 131.87161 -114.86440 -73.60874 229.82048 -194.40448 -83.91462 NaN NaN NaN 96.80544 -131.00443 -86.63886 -10.06528 -204.90448 -75.30130
12553 0.41232 NaN NaN NaN 131.87312 -114.87209 -73.58904 229.81627 -194.39838 -83.91714 NaN NaN NaN 96.80413 -131.01265 -86.63966 -10.07302 -204.88843 -75.28605
12554 0.42066 NaN NaN NaN 131.84872 -114.86048 -73.58652 229.81802 -194.38972 -83.91860 NaN NaN NaN 96.79347 -131.01474 -86.63205 -10.06478 -204.90320 -75.28026
12555 0.42900 NaN NaN NaN 131.86690 -114.83303 -73.57799 229.81822 -194.38858 -83.90195 NaN NaN NaN 96.80482 -131.00517 -86.63656 -10.05502 -204.89700 -75.23005
12556 0.43734 NaN NaN NaN 131.86961 -114.84615 -73.56252 229.82426 -194.39221 -83.89980 NaN NaN NaN 96.79538 -131.00819 -86.64748 -10.05896 -204.89830 -75.26250
12557 0.44567 NaN NaN NaN 131.84094 -114.87572 -73.54633 229.82817 -194.41179 -83.88376 NaN NaN NaN 96.79694 -130.99803 -86.65109 -10.07639 -204.89388 -75.27762
12558 0.45401 NaN NaN NaN 131.86072 -114.87014 -73.55708 229.82607 -194.41917 -83.87375 NaN NaN NaN 96.78481 -130.99457 -86.64935 -10.06378 -204.90778 -75.26394
12559 0.46235 NaN NaN NaN 131.84290 -114.86940 -73.57412 229.82585 -194.41063 -83.87954 NaN NaN NaN 96.79163 -130.99539 -86.64299 -10.05438 -204.89937 -75.25664
12560 0.47069 NaN NaN NaN 131.88480 -114.87629 -73.55219 229.82481 -194.41611 -83.87173 NaN NaN NaN 96.80929 -131.00951 -86.63104 -10.02783 -204.90625 -75.21162
12561 0.47903 NaN NaN NaN 131.87383 -114.87589 -73.54809 229.83232 -194.42070 -83.87142 NaN NaN NaN 96.80223 -131.00533 -86.64143 -10.04026 -204.91383 -75.22246
12562 0.48737 NaN NaN NaN 131.88078 -114.86140 -73.53304 229.84392 -194.44276 -83.86657 NaN NaN NaN 96.80079 -131.02158 -86.63364 -10.04277 -204.91046 -75.23631
12563 0.49571 NaN NaN NaN 131.86786 -114.88506 -73.51931 229.85510 -194.45111 -83.86305 NaN NaN NaN 96.79609 -131.00491 -86.64116 -10.02729 -204.90456 -75.23110
12564 0.50405 NaN NaN NaN 131.86751 -114.87733 -73.53218 229.84497 -194.45775 -83.85726 NaN NaN NaN 96.80307 -131.01039 -86.64080 -10.02744 -204.90619 -75.22146
12565 0.51239 NaN NaN NaN 131.86011 -114.89161 -73.53686 229.84604 -194.44733 -83.84409 NaN NaN NaN 96.82242 -131.00536 -86.65163 -10.01422 -204.89801 -75.17277
12566 0.52073 NaN NaN NaN 131.85942 -114.91585 -73.53732 229.83998 -194.44937 -83.84754 NaN NaN NaN 96.81552 -131.00546 -86.65379 -10.03249 -204.90915 -75.19286
12567 0.52906 NaN NaN NaN 131.86678 -114.89758 -73.53803 229.85007 -194.45009 -83.84416 NaN NaN NaN 96.80766 -130.98778 -86.65081 -10.02341 -204.88455 -75.18746
12568 0.53740 NaN NaN NaN 131.86783 -114.89875 -73.56135 229.83905 -194.43822 -83.85617 NaN NaN NaN 96.78258 -130.96013 -86.65840 -10.02587 -204.90352 -75.19317
12569 0.54574 NaN NaN NaN 131.87569 -114.88113 -73.57366 229.84950 -194.42996 -83.85010 NaN NaN NaN 96.77857 -130.92871 -86.66956 -10.02830 -204.86266 -75.20306
12570 0.55408 NaN NaN NaN 131.85992 -114.87897 -73.56266 229.85228 -194.41733 -83.86404 NaN NaN NaN 96.77660 -130.91817 -86.68213 -10.02167 -204.86903 -75.18830
12571 0.56242 NaN NaN NaN 131.86006 -114.84970 -73.56283 229.83246 -194.39725 -83.87698 NaN NaN NaN 96.77658 -130.91411 -86.67609 -10.05013 -204.84087 -75.19654
12572 0.57076 NaN NaN NaN 131.85936 -114.84415 -73.59053 229.83154 -194.38811 -83.87686 NaN NaN NaN 96.75304 -130.89217 -86.67650 -10.06835 -204.83005 -75.20140
12573 0.57910 NaN NaN NaN 131.86887 -114.82402 -73.59327 229.83783 -194.37756 -83.88299 NaN NaN NaN 96.74322 -130.89447 -86.67564 -10.09732 -204.80023 -75.24024
12574 0.58744 NaN NaN NaN 131.87756 -114.81372 -73.61434 229.84677 -194.37611 -83.88623 NaN NaN NaN 96.72361 -130.86099 -86.68018 -10.11677 -204.75308 -75.25547
12575 0.59578 NaN NaN NaN 131.87837 -114.81029 -73.61964 229.84497 -194.36063 -83.89723 NaN NaN NaN 96.72102 -130.83194 -86.67719 -10.12650 -204.74379 -75.23036
12576 0.60411 NaN NaN NaN 131.87231 -114.80713 -73.62616 229.84665 -194.32994 -83.93338 NaN NaN NaN 96.70921 -130.81337 -86.67680 -10.11004 -204.74893 -75.21285
12577 0.61245 NaN NaN NaN 131.88556 -114.82457 -73.62928 229.84711 -194.32114 -83.94117 NaN NaN NaN 96.70554 -130.79567 -86.68591 -10.09625 -204.75829 -75.20599
12578 0.62079 NaN NaN NaN 131.86348 -114.83963 -73.61852 229.88419 -194.30455 -83.96143 NaN NaN NaN 96.69566 -130.79358 -86.68414 -10.09898 -204.74301 -75.20231
12579 0.62913 NaN NaN NaN 131.86382 -114.86935 -73.59122 229.89813 -194.32059 -83.96239 NaN NaN NaN 96.69236 -130.78067 -86.68736 -10.11752 -204.71709 -75.20638
12580 0.63747 NaN NaN NaN 131.87143 -114.88715 -73.59074 229.91039 -194.31143 -83.97145 NaN NaN NaN 96.71461 -130.80142 -86.68456 -10.10772 -204.69156 -75.19685
12581 0.64581 NaN NaN NaN 131.86569 -114.91531 -73.57595 229.92393 -194.31673 -83.97932 NaN NaN NaN 96.69721 -130.75192 -86.68103 -10.12331 -204.66348 -75.20049
12582 0.65415 NaN NaN NaN 131.81198 -114.95772 -73.54047 229.94246 -194.32614 -83.99642 NaN NaN NaN 96.70385 -130.76225 -86.68604 -10.08973 -204.63779 -75.15146
12583 0.66249 NaN NaN NaN 131.84395 -114.96911 -73.54596 229.95915 -194.32468 -84.00502 NaN NaN NaN 96.70750 -130.74431 -86.69732 -10.10588 -204.60692 -75.12529
12584 0.67083 NaN NaN NaN 131.87242 -114.96893 -73.53257 229.94891 -194.30722 -84.01503 NaN NaN NaN 96.70921 -130.73753 -86.69880 -10.10144 -204.58212 -75.12701
12585 0.67916 NaN NaN NaN 131.86459 -114.95306 -73.52224 229.95216 -194.31087 -84.01408 NaN NaN NaN 96.69012 -130.71173 -86.71069 -10.11688 -204.57455 -75.13441
12586 0.68750 NaN NaN NaN 131.84828 -114.97742 -73.48183 229.95415 -194.31291 -84.02560 NaN NaN NaN 96.67989 -130.69093 -86.71652 -10.12048 -204.57039 -75.12151
12587 0.69584 NaN NaN NaN 131.83632 -114.99633 -73.47823 229.95822 -194.32234 -84.04509 NaN NaN NaN 96.67477 -130.67587 -86.72172 -10.11333 -204.58424 -75.12371
12588 0.70418 NaN NaN NaN 131.84328 -115.01329 -73.47574 229.97325 -194.32278 -84.06784 NaN NaN NaN 96.66822 -130.66101 -86.72115 -10.10753 -204.58302 -75.11830
12589 0.71252 NaN NaN NaN 131.85184 -115.02563 -73.46592 230.01053 -194.31003 -84.08022 NaN NaN NaN 96.66244 -130.65477 -86.73042 -10.12100 -204.59355 -75.10770
12590 0.72086 NaN NaN NaN 131.87955 -115.05982 -73.45776 230.02734 -194.32678 -84.12718 NaN NaN NaN 96.65314 -130.66873 -86.72464 -10.12257 -204.59256 -75.11473
12591 0.72920 NaN NaN NaN 131.89674 -115.07700 -73.47914 230.07162 -194.34300 -84.15944 NaN NaN NaN 96.64644 -130.68436 -86.70647 -10.12477 -204.58829 -75.12931
12592 0.73754 NaN NaN NaN 131.93008 -115.10353 -73.50248 230.10194 -194.38039 -84.18267 NaN NaN NaN 96.65037 -130.69621 -86.71107 -10.11498 -204.59958 -75.12074
12593 0.74588 NaN NaN NaN 131.95862 -115.11015 -73.51241 230.13165 -194.36858 -84.18985 NaN NaN NaN 96.63928 -130.68742 -86.72015 -10.11320 -204.62007 -75.12508
12594 0.75422 NaN NaN NaN 131.96770 -115.10780 -73.50553 230.14174 -194.37047 -84.19930 NaN NaN NaN 96.64050 -130.68355 -86.73096 -10.07316 -204.64246 -75.11158
12595 0.76255 NaN NaN NaN 131.97623 -115.11806 -73.54629 230.15837 -194.35832 -84.18932 NaN NaN NaN 96.63055 -130.66130 -86.75444 -10.06673 -204.66367 -75.10343
12596 0.77089 NaN NaN NaN 131.97394 -115.11634 -73.55454 230.18652 -194.36325 -84.18214 NaN NaN NaN 96.64515 -130.64334 -86.75736 -10.04347 -204.69452 -75.08315
12597 0.77923 NaN NaN NaN 131.98709 -115.11777 -73.53488 230.21921 -194.37434 -84.16235 NaN NaN NaN 96.63900 -130.62906 -86.76983 -10.04411 -204.69682 -75.08160
12598 0.78757 NaN NaN NaN 132.00787 -115.15037 -73.53616 230.23965 -194.38663 -84.14915 NaN NaN NaN 96.64486 -130.66037 -86.76542 -10.04269 -204.71234 -75.07921
12599 0.79591 NaN NaN NaN 132.02730 -115.19193 -73.49792 230.27194 -194.40468 -84.14463 NaN NaN NaN 96.62582 -130.67290 -86.76799 -10.05766 -204.73399 -75.08479
12600 0.80425 NaN NaN NaN 132.06390 -115.24391 -73.45811 230.29889 -194.42375 -84.14462 NaN NaN NaN 96.61230 -130.68832 -86.76656 -10.05064 -204.75011 -75.08271
12601 0.81259 NaN NaN NaN 132.07613 -115.29358 -73.41807 230.31497 -194.44661 -84.12195 NaN NaN NaN 96.60905 -130.67018 -86.76942 -10.04876 -204.75902 -75.07614
12602 0.82093 NaN NaN NaN 132.09746 -115.33578 -73.41061 230.33058 -194.48337 -84.09805 NaN NaN NaN 96.62024 -130.69389 -86.77296 -10.03306 -204.79170 -75.06197
12603 0.82927 NaN NaN NaN 132.10701 -115.34970 -73.38521 230.33580 -194.50729 -84.08347 NaN NaN NaN 96.61967 -130.70067 -86.76272 -10.03273 -204.82549 -75.05141
12604 0.83760 NaN NaN NaN 132.11470 -115.37405 -73.35838 230.35065 -194.52350 -84.07578 NaN NaN NaN 96.64739 -130.74924 -86.72736 -10.02445 -204.85449 -75.03931
12605 0.84594 NaN NaN NaN 132.10188 -115.39533 -73.31993 230.35045 -194.50056 -84.05857 NaN NaN NaN 96.64266 -130.72371 -86.70142 -10.02610 -204.88872 -75.02789
12606 0.85428 NaN NaN NaN 132.09903 -115.39898 -73.31384 230.35551 -194.50456 -84.04208 NaN NaN NaN 96.63490 -130.78059 -86.67317 -10.01344 -204.91994 -75.02548
12607 0.86262 NaN NaN NaN 132.09242 -115.40459 -73.30296 230.34793 -194.51891 -84.01254 NaN NaN NaN 96.63177 -130.82948 -86.65121 -10.04897 -204.93388 -75.04903
12608 0.87096 NaN NaN NaN 132.10225 -115.40624 -73.32023 230.34074 -194.51941 -84.01373 NaN NaN NaN 96.63471 -130.88310 -86.64759 -10.06165 -204.94833 -75.07778
12609 0.87930 NaN NaN NaN 132.09293 -115.39206 -73.31721 230.34375 -194.52618 -83.99936 NaN NaN NaN 96.62935 -130.89262 -86.63647 -10.07455 -204.95401 -75.13093
12610 0.88764 NaN NaN NaN 132.06882 -115.41202 -73.32513 230.34351 -194.53412 -83.98895 NaN NaN NaN 96.66260 -130.92497 -86.64786 -10.04796 -204.96432 -75.15303
12611 0.89598 NaN NaN NaN 132.07051 -115.38954 -73.31383 230.33789 -194.53722 -83.96576 NaN NaN NaN 96.67558 -130.89671 -86.67014 -10.03404 -204.95407 -75.17374
12612 0.90432 NaN NaN NaN 132.07121 -115.40105 -73.31242 230.33092 -194.51622 -83.96679 NaN NaN NaN 96.68948 -130.87022 -86.68497 -10.01716 -204.94507 -75.16149
12613 0.91265 NaN NaN NaN 132.07198 -115.38868 -73.31077 230.33195 -194.50644 -83.96118 NaN NaN NaN 96.69080 -130.83556 -86.70142 -10.00319 -204.94252 -75.20964
12614 0.92099 NaN NaN NaN 132.08014 -115.37545 -73.32668 230.31966 -194.48338 -83.96765 NaN NaN NaN 96.70236 -130.83223 -86.70850 -9.98690 -204.93748 -75.21141
12615 0.92933 NaN NaN NaN 132.09329 -115.33279 -73.34637 230.31906 -194.44934 -83.96649 NaN NaN NaN 96.69595 -130.81395 -86.71815 -9.99026 -204.91248 -75.22690
12616 0.93767 NaN NaN NaN 132.11568 -115.29324 -73.35990 230.31097 -194.43025 -83.94941 NaN NaN NaN 96.70756 -130.79482 -86.72461 -9.99034 -204.87421 -75.22662
12617 0.94601 NaN NaN NaN 132.12584 -115.22149 -73.40392 230.31273 -194.38081 -83.91412 NaN NaN NaN 96.71541 -130.76779 -86.72909 -9.99946 -204.85251 -75.26028
12618 0.95435 NaN NaN NaN 132.14935 -115.14742 -73.41647 230.31039 -194.35587 -83.89806 NaN NaN NaN 96.71950 -130.72906 -86.72589 -9.99746 -204.82335 -75.29186
12619 0.96269 NaN NaN NaN 132.12350 -115.06743 -73.40551 230.30576 -194.33475 -83.88293 NaN NaN NaN 96.72427 -130.69588 -86.73255 -9.98618 -204.78049 -75.26006
12620 0.97103 NaN NaN NaN 132.14198 -114.99397 -73.39190 230.29500 -194.30621 -83.82544 NaN NaN NaN 96.71927 -130.65100 -86.74783 -9.99662 -204.72115 -75.29532
12621 0.97937 NaN NaN NaN 132.11150 -114.96674 -73.34028 230.28824 -194.28752 -83.77066 NaN NaN NaN 96.72573 -130.64560 -86.74927 -9.98982 -204.67340 -75.26865
12622 0.98771 NaN NaN NaN 132.08228 -114.93900 -73.30930 230.28043 -194.27376 -83.72362 NaN NaN NaN 96.73484 -130.64171 -86.73500 -9.99951 -204.62292 -75.25755
12623 0.99604 NaN NaN NaN 132.12381 -114.84532 -73.28934 230.29185 -194.23589 -83.68842 NaN NaN NaN 96.74117 -130.61832 -86.75900 -9.98712 -204.57715 -75.23417
12624 1.00438 NaN NaN NaN 132.15556 -114.78426 -73.24796 230.30354 -194.20267 -83.61398 NaN NaN NaN 96.73712 -130.55704 -86.77627 -9.98042 -204.54163 -75.21735
12625 1.01272 NaN NaN NaN 132.11108 -114.81224 -73.21011 230.32092 -194.18814 -83.55299 NaN NaN NaN 96.74110 -130.49507 -86.79100 -9.98245 -204.50467 -75.23502
12626 1.02106 NaN NaN NaN 132.12563 -114.83067 -73.14986 230.32617 -194.20078 -83.52406 NaN NaN NaN 96.75668 -130.46938 -86.77647 -10.00185 -204.48288 -75.25538
12627 1.02940 NaN NaN NaN 132.15358 -114.84238 -73.06787 230.33347 -194.20644 -83.42848 NaN NaN NaN 96.75866 -130.44217 -86.78560 -10.03827 -204.43542 -75.29183
12628 1.03774 NaN NaN NaN 132.12119 -114.92017 -73.00356 230.34357 -194.20805 -83.35690 NaN NaN NaN 96.77132 -130.46269 -86.76354 -10.06545 -204.37990 -75.34888
12629 1.04608 NaN NaN NaN 132.15459 -114.92680 -72.80107 230.35574 -194.17955 -83.23861 NaN NaN NaN 96.77066 -130.46420 -86.74493 -10.10100 -204.32381 -75.42882
12630 1.05442 NaN NaN NaN 132.15593 -114.89330 -72.66750 230.36276 -194.17918 -83.10553 NaN NaN NaN 96.76608 -130.50644 -86.72137 -10.13731 -204.27608 -75.48460
12631 1.06276 NaN NaN NaN 132.18396 -114.82961 -72.51769 230.35709 -194.15506 -82.92792 NaN NaN NaN 96.77065 -130.53065 -86.68674 -10.19504 -204.24710 -75.50417
12632 1.07109 NaN NaN NaN 132.21483 -114.80249 -72.33054 230.35245 -194.12521 -82.74004 NaN NaN NaN 96.78194 -130.52438 -86.67620 -10.21449 -204.22345 -75.52448
12633 1.07943 NaN NaN NaN 132.23119 -114.83101 -72.13692 230.40782 -194.14340 -82.62406 NaN NaN NaN 96.79541 -130.53423 -86.64023 -10.21774 -204.22643 -75.52832
12634 1.08777 NaN NaN NaN 132.21663 -114.91613 -71.88159 230.46265 -194.15607 -82.51318 NaN NaN NaN 96.80178 -130.53029 -86.62303 -10.22765 -204.21597 -75.52304
12635 1.09611 NaN NaN NaN 132.24280 -115.02840 -71.64509 230.53009 -194.18051 -82.41971 NaN NaN NaN 96.80906 -130.54057 -86.60176 -10.26520 -204.19360 -75.53534
12636 1.10445 NaN NaN NaN 132.25949 -115.12852 -71.46185 230.59538 -194.20137 -82.33248 NaN NaN NaN 96.81499 -130.53468 -86.53018 -10.28680 -204.15269 -75.54714
12637 1.11279 NaN NaN NaN 132.30598 -115.17992 -71.29327 230.63690 -194.19514 -82.24186 NaN NaN NaN 96.77898 -130.52228 -86.52582 -10.34457 -204.09523 -75.56915
12638 1.12113 NaN NaN NaN 132.36151 -115.15789 -71.13608 230.66820 -194.16139 -82.12361 NaN NaN NaN 96.78729 -130.56644 -86.48545 -10.38815 -204.03633 -75.61160
12639 1.12947 NaN NaN NaN 132.39584 -115.16811 -70.99982 230.72408 -194.17468 -81.97253 NaN NaN NaN 96.77603 -130.57747 -86.48406 -10.42967 -203.98859 -75.61536
12640 1.13781 NaN NaN NaN 132.41365 -115.19497 -70.86066 230.76784 -194.17964 -81.84998 NaN NaN NaN 96.76382 -130.60806 -86.46018 -10.46775 -203.96944 -75.64673
12641 1.14614 NaN NaN NaN 132.40154 -115.22916 -70.68250 230.79585 -194.19490 -81.75300 NaN NaN NaN 96.74713 -130.63423 -86.48306 -10.45061 -203.96304 -75.65005
12642 1.15448 NaN NaN NaN 132.42816 -115.22894 -70.54805 230.84126 -194.20082 -81.59836 NaN NaN NaN 96.72600 -130.64212 -86.45335 -10.48610 -203.94565 -75.65637
12643 1.16282 NaN NaN NaN 132.46678 -115.21305 -70.43908 230.85187 -194.16191 -81.48108 NaN NaN NaN 96.68854 -130.64114 -86.43668 -10.60463 -203.89679 -75.72785
12644 1.17116 NaN NaN NaN 132.45497 -115.17681 -70.27962 230.86481 -194.13380 -81.36495 NaN NaN NaN 96.66713 -130.65700 -86.42764 -10.69054 -203.87448 -75.76902
12645 1.17950 NaN NaN NaN 132.51541 -115.10425 -70.19907 230.86687 -194.11324 -81.25459 NaN NaN NaN 96.64594 -130.65234 -86.47973 -10.71993 -203.86751 -75.79668
12646 1.18784 NaN NaN NaN 132.55972 -115.05615 -70.09148 230.86258 -194.09322 -81.14783 NaN NaN NaN 96.61243 -130.63075 -86.48816 -10.71890 -203.84790 -75.77943
12647 1.19618 NaN NaN NaN 132.57358 -115.02908 -69.99356 230.87704 -194.04831 -81.02567 NaN NaN NaN 96.60712 -130.59189 -86.51136 -10.71651 -203.81332 -75.76311
12648 1.20452 NaN NaN NaN 132.55856 -115.04809 -69.81915 230.90388 -194.03523 -80.89079 NaN NaN NaN 96.59051 -130.58037 -86.50012 -10.76682 -203.77084 -75.82631
12649 1.21286 NaN NaN NaN 132.59140 -115.04682 -69.68772 230.96210 -194.04753 -80.85668 NaN NaN NaN 96.58468 -130.54424 -86.52122 -10.77672 -203.73895 -75.85430
12650 1.22120 NaN NaN NaN 132.64401 -115.07739 -69.60664 231.00716 -194.05170 -80.77479 NaN NaN NaN 96.56228 -130.50867 -86.53841 -10.79429 -203.71106 -75.87779
12651 1.22953 NaN NaN NaN 132.71094 -115.09637 -69.47935 231.07077 -194.05176 -80.72472 NaN NaN NaN 96.56561 -130.48438 -86.58431 -10.78013 -203.72191 -75.89687
12652 1.23787 NaN NaN NaN 132.74911 -115.09805 -69.40025 231.08260 -194.04720 -80.68810 NaN NaN NaN 96.57552 -130.48532 -86.59793 -10.76775 -203.72328 -75.92377
12653 1.24621 NaN NaN NaN 132.73190 -115.13017 -69.38213 231.10074 -194.03690 -80.68815 NaN NaN NaN 96.58595 -130.49217 -86.64888 -10.76184 -203.72636 -75.98725
12654 1.25455 NaN NaN NaN 132.74901 -115.11510 -69.40487 231.10721 -194.03331 -80.68641 NaN NaN NaN 96.55019 -130.38797 -86.70028 -10.74060 -203.72406 -76.00538
12655 1.26289 NaN NaN NaN 132.75540 -115.10796 -69.42191 231.11191 -194.04846 -80.69713 NaN NaN NaN 96.55965 -130.32697 -86.78486 -10.72157 -203.73328 -76.02694
12656 1.27123 NaN NaN NaN 132.73822 -115.12208 -69.46786 231.10011 -194.04597 -80.69292 NaN NaN NaN 96.57061 -130.26846 -86.82537 -10.69052 -203.73764 -76.00513
12657 1.27957 NaN NaN NaN 132.71758 -115.11242 -69.51208 231.08604 -194.05264 -80.70519 NaN NaN NaN 96.58590 -130.24144 -86.87113 -10.63414 -203.73146 -75.95558
12658 1.28791 NaN NaN NaN 132.69824 -115.07076 -69.59956 231.04370 -194.07909 -80.69713 NaN NaN NaN 96.61839 -130.23653 -86.89352 -10.54646 -203.72992 -75.91483
12659 1.29625 NaN NaN NaN 132.66586 -115.02308 -69.61755 231.01340 -194.09628 -80.69586 NaN NaN NaN 96.64977 -130.20390 -86.94312 -10.46560 -203.71671 -75.90953
12660 1.30458 NaN NaN NaN 132.61409 -115.01630 -69.64287 230.94452 -194.07832 -80.70484 NaN NaN NaN 96.67313 -130.15500 -87.02715 -10.42278 -203.67838 -75.90051
12661 1.31292 NaN NaN NaN 132.59355 -114.96711 -69.69139 230.91486 -194.05292 -80.70331 NaN NaN NaN 96.71276 -130.04326 -87.13038 -10.39626 -203.63051 -75.85009
12662 1.32126 NaN NaN NaN 132.58231 -114.92929 -69.71590 230.85777 -194.00627 -80.72588 NaN NaN NaN 96.73266 -129.95288 -87.19854 -10.33620 -203.61203 -75.82919
12663 1.32960 NaN NaN NaN 132.57034 -114.88471 -69.73952 230.80734 -193.96220 -80.73862 NaN NaN NaN 96.75845 -129.86162 -87.28624 -10.33967 -203.57733 -75.83506
12664 1.33794 NaN NaN NaN 132.56274 -114.82013 -69.77385 230.79269 -193.94252 -80.74442 NaN NaN NaN 96.77314 -129.78978 -87.33234 -10.27861 -203.55798 -75.78281
12665 1.34628 NaN NaN NaN 132.54054 -114.77013 -69.79752 230.77350 -193.92651 -80.75011 NaN NaN NaN 96.76192 -129.74074 -87.37301 -10.24244 -203.51505 -75.78064
12666 1.35462 NaN NaN NaN 132.55855 -114.71596 -69.81577 230.77058 -193.92917 -80.75443 NaN NaN NaN 96.75903 -129.71841 -87.39903 -10.21503 -203.48799 -75.78855
12667 1.36296 NaN NaN NaN 132.55519 -114.67007 -69.83032 230.75078 -193.91066 -80.76954 NaN NaN NaN 96.75758 -129.67119 -87.42085 -10.21624 -203.45625 -75.83946
12668 1.37130 NaN NaN NaN 132.57549 -114.64300 -69.84004 230.72578 -193.89955 -80.78079 NaN NaN NaN 96.77966 -129.61743 -87.44653 -10.18931 -203.40286 -75.85009
12669 1.37963 NaN NaN NaN 132.56532 -114.62887 -69.83161 230.73019 -193.86267 -80.79868 NaN NaN NaN 96.78743 -129.54959 -87.48049 -10.04415 -203.39896 -75.76568
12670 1.38797 NaN NaN NaN 132.55827 -114.60188 -69.84899 230.72993 -193.84944 -80.82139 NaN NaN NaN 96.83298 -129.55342 -87.48810 -9.96715 -203.38744 -75.74290
12671 1.39631 NaN NaN NaN 132.53734 -114.60057 -69.86597 230.71140 -193.84195 -80.83320 NaN NaN NaN 96.83911 -129.48325 -87.54488 -9.95411 -203.33875 -75.72366
12672 1.40465 NaN NaN NaN 132.55954 -114.57463 -69.93520 230.70032 -193.83023 -80.84958 NaN NaN NaN 96.88574 -129.47980 -87.54487 -9.91899 -203.28926 -75.73672
12673 1.41299 NaN NaN NaN 132.55975 -114.55786 -69.94791 230.70340 -193.81421 -80.89593 NaN NaN NaN 96.91305 -129.45213 -87.57182 -9.90662 -203.24919 -75.73135
12674 1.42133 NaN NaN NaN 132.56679 -114.51144 -69.99531 230.70200 -193.79303 -80.92780 NaN NaN NaN 96.91637 -129.34685 -87.61086 -9.90211 -203.24519 -75.75347
12675 1.42967 NaN NaN NaN 132.53664 -114.50745 -70.01592 230.70859 -193.79634 -80.98496 NaN NaN NaN 96.88000 -129.27150 -87.64329 -9.90136 -203.25586 -75.76707
12676 1.43801 NaN NaN NaN 132.50789 -114.51044 -70.04815 230.70993 -193.79321 -81.05451 NaN NaN NaN 96.90488 -129.23930 -87.66656 -9.88101 -203.25363 -75.77606
12677 1.44635 NaN NaN NaN 132.51149 -114.49816 -70.08012 230.71162 -193.79092 -81.09478 NaN NaN NaN 96.89202 -129.19283 -87.68327 -9.88916 -203.25090 -75.77365
12678 1.45469 NaN NaN NaN 132.51402 -114.49287 -70.10592 230.70564 -193.77669 -81.13751 NaN NaN NaN 96.90512 -129.21298 -87.67089 -9.88285 -203.25575 -75.78332
12679 1.46302 NaN NaN NaN 132.50993 -114.47417 -70.13633 230.68851 -193.74730 -81.18485 NaN NaN NaN 96.87800 -129.24754 -87.64741 -9.89722 -203.26398 -75.80749
12680 1.47136 NaN NaN NaN 132.49004 -114.48911 -70.19918 230.64604 -193.73874 -81.22299 NaN NaN NaN 96.87727 -129.26910 -87.59200 -9.91457 -203.27277 -75.85690
12681 1.47970 NaN NaN NaN 132.46550 -114.45696 -70.26025 230.62054 -193.73116 -81.25044 NaN NaN NaN 96.85669 -129.33678 -87.57044 -9.94662 -203.29103 -75.86785
12682 1.48804 NaN NaN NaN 132.43945 -114.41585 -70.30035 230.58853 -193.72755 -81.27802 NaN NaN NaN 96.87549 -129.45078 -87.51122 -9.98059 -203.31134 -75.87635
12683 1.49638 NaN NaN NaN 132.44179 -114.39381 -70.34421 230.58043 -193.73071 -81.32429 NaN NaN NaN 96.82371 -129.48119 -87.46325 -10.01705 -203.33664 -75.87619
12684 1.50472 NaN NaN NaN 132.43285 -114.35710 -70.33326 230.57310 -193.73105 -81.33010 NaN NaN NaN 96.81363 -129.58189 -87.40812 -9.98089 -203.38339 -75.87486
12685 1.51306 NaN NaN NaN 132.43744 -114.33716 -70.35808 230.56705 -193.71442 -81.33878 NaN NaN NaN 96.76583 -129.61684 -87.33347 -10.01710 -203.43440 -75.87689
12686 1.52140 NaN NaN NaN 132.42424 -114.32401 -70.35964 230.56232 -193.71815 -81.32965 NaN NaN NaN 96.75336 -129.68355 -87.23517 -10.14969 -203.51718 -75.86720
12687 1.52974 NaN NaN NaN 132.43700 -114.32255 -70.38808 230.55435 -193.70494 -81.31960 NaN NaN NaN 96.71852 -129.72256 -87.18240 -10.23788 -203.58705 -75.86936
12688 1.53807 NaN NaN NaN 132.46101 -114.33138 -70.39625 230.56956 -193.70369 -81.28941 NaN NaN NaN 96.69612 -129.77200 -87.16210 -10.25303 -203.62996 -75.89445
12689 1.54641 NaN NaN NaN 132.40784 -114.37372 -70.33274 230.58723 -193.69844 -81.29074 NaN NaN NaN 96.68472 -129.85681 -87.10735 -10.27084 -203.68172 -75.96420
12690 1.55475 NaN NaN NaN 132.45694 -114.36154 -70.38042 230.59886 -193.68814 -81.29965 NaN NaN NaN 96.67486 -129.91707 -87.09780 -10.28383 -203.73526 -75.95107
12691 1.56309 NaN NaN NaN 132.47191 -114.34268 -70.40961 230.61588 -193.68410 -81.30589 NaN NaN NaN 96.68399 -129.98137 -87.04678 -10.30269 -203.78992 -75.96746
12692 1.57143 NaN NaN NaN 132.51344 -114.33455 -70.42777 230.62369 -193.67749 -81.31243 NaN NaN NaN 96.66643 -130.04723 -87.00208 -10.31755 -203.83156 -75.96958
12693 1.57977 NaN NaN NaN 132.47281 -114.40116 -70.36293 230.65091 -193.66934 -81.34286 NaN NaN NaN 96.63660 -130.09808 -86.98948 -10.31965 -203.87520 -75.98140
12694 1.58811 NaN NaN NaN 132.50153 -114.40693 -70.38525 230.64252 -193.66394 -81.34846 NaN NaN NaN 96.62210 -130.15398 -86.95615 -10.32579 -203.88518 -75.97082
12695 1.59645 NaN NaN NaN 132.49197 -114.46811 -70.40816 230.66814 -193.69240 -81.34132 NaN NaN NaN 96.59801 -130.18312 -86.95344 -10.35838 -203.93005 -75.97290
12696 1.60479 NaN NaN NaN 132.52373 -114.46189 -70.40816 230.67844 -193.69780 -81.35112 NaN NaN NaN 96.59104 -130.23085 -86.90500 -10.37233 -203.96455 -75.96796
12697 1.61312 NaN NaN NaN 132.49831 -114.53532 -70.41514 230.68097 -193.70763 -81.35725 NaN NaN NaN 96.58641 -130.25247 -86.88692 -10.37822 -204.00681 -75.96411
12698 1.62146 NaN NaN NaN 132.46828 -114.55762 -70.41290 230.68489 -193.73900 -81.35246 NaN NaN NaN 96.58770 -130.28404 -86.87637 -10.38087 -204.03976 -75.95575
12699 1.62980 NaN NaN NaN 132.46812 -114.59453 -70.42494 230.68468 -193.76280 -81.35703 NaN NaN NaN 96.57978 -130.32544 -86.86843 -10.39769 -204.08890 -75.94434
12700 1.63814 NaN NaN NaN 132.45667 -114.58174 -70.42899 230.67612 -193.78584 -81.37985 NaN NaN NaN 96.58202 -130.34952 -86.85487 -10.41122 -204.13464 -75.94427
12701 1.64648 NaN NaN NaN 132.47850 -114.64019 -70.44343 230.68652 -193.79269 -81.39663 NaN NaN NaN 96.57707 -130.39873 -86.82398 -10.43252 -204.17665 -75.94463
12702 1.65482 NaN NaN NaN 132.46606 -114.67684 -70.43552 230.70952 -193.78889 -81.42789 NaN NaN NaN 96.58130 -130.42989 -86.77831 -10.44620 -204.18933 -75.93774
12703 1.66316 NaN NaN NaN 132.46111 -114.72601 -70.42967 230.71965 -193.79814 -81.42990 NaN NaN NaN 96.56402 -130.48102 -86.74577 -10.45810 -204.20523 -75.91596
12704 1.67150 NaN NaN NaN 132.46269 -114.73938 -70.41479 230.73607 -193.79764 -81.43750 NaN NaN NaN 96.55757 -130.49176 -86.72588 -10.47172 -204.20389 -75.89246
12705 1.67984 NaN NaN NaN 132.47481 -114.73448 -70.42185 230.75639 -193.80974 -81.44036 NaN NaN NaN 96.60020 -130.58113 -86.70322 -10.48015 -204.18925 -75.89186
12706 1.68818 NaN NaN NaN 132.46870 -114.71965 -70.39996 230.75999 -193.80124 -81.42957 NaN NaN NaN 96.62390 -130.62128 -86.67792 -10.49722 -204.17354 -75.88670
12707 1.69651 NaN NaN NaN 132.50661 -114.66715 -70.39608 230.75584 -193.79509 -81.41827 NaN NaN NaN 96.64201 -130.65982 -86.62450 -10.52386 -204.14783 -75.94317
12708 1.70485 NaN NaN NaN 132.53880 -114.62509 -70.38035 230.75468 -193.78319 -81.40981 NaN NaN NaN 96.65866 -130.65215 -86.55344 -10.52011 -204.11148 -75.93938
12709 1.71319 NaN NaN NaN 132.49998 -114.64806 -70.30714 230.75273 -193.75450 -81.39547 NaN NaN NaN 96.68026 -130.64516 -86.53271 -10.51767 -204.10692 -75.93923
12710 1.72153 NaN NaN NaN 132.52452 -114.61787 -70.30119 230.76407 -193.74272 -81.38421 NaN NaN NaN 96.69724 -130.64488 -86.47113 -10.53242 -204.09599 -75.96301
12711 1.72987 NaN NaN NaN 132.54720 -114.59647 -70.31429 230.76306 -193.72542 -81.37149 NaN NaN NaN 96.67785 -130.64348 -86.47437 -10.52962 -204.09012 -75.97713
12712 1.73821 NaN NaN NaN 132.51726 -114.60966 -70.24876 230.78413 -193.70650 -81.36953 NaN NaN NaN 96.67606 -130.62355 -86.41245 -10.54218 -204.06546 -75.98564
12713 1.74655 NaN NaN NaN 132.50674 -114.64196 -70.20058 230.77818 -193.68463 -81.36428 NaN NaN NaN 96.69994 -130.60194 -86.38593 -10.55992 -204.03691 -76.03223
12714 1.75489 NaN NaN NaN 132.49483 -114.63837 -70.14723 230.80466 -193.69321 -81.36876 NaN NaN NaN 96.70486 -130.58849 -86.33211 -10.57779 -204.01825 -76.07449
12715 1.76323 NaN NaN NaN 132.56252 -114.54057 -70.16397 230.79733 -193.68256 -81.36731 NaN NaN NaN 96.71322 -130.56854 -86.31937 -10.60266 -203.97729 -76.09529
12716 1.77156 NaN NaN NaN 132.58629 -114.50413 -70.15993 230.81493 -193.68694 -81.36002 NaN NaN NaN 96.71178 -130.55838 -86.29230 -10.62289 -203.95320 -76.11613
12717 1.77990 NaN NaN NaN 132.58940 -114.45221 -70.12317 230.82286 -193.69284 -81.33507 NaN NaN NaN 96.71758 -130.56694 -86.26657 -10.65612 -203.92603 -76.15130
12718 1.78824 NaN NaN NaN 132.57173 -114.43647 -70.08737 230.82204 -193.68689 -81.31262 NaN NaN NaN 96.68771 -130.53929 -86.21190 -10.69645 -203.91426 -76.20355
12719 1.79658 NaN NaN NaN 132.57622 -114.48577 -69.99645 230.80431 -193.68246 -81.26768 NaN NaN NaN 96.70394 -130.58092 -86.15324 -10.71268 -203.90398 -76.23045
12720 1.80492 NaN NaN NaN 132.57666 -114.52557 -69.94123 230.79439 -193.71204 -81.23360 NaN NaN NaN 96.71465 -130.63435 -86.12854 -10.72846 -203.90808 -76.26005
12721 1.81326 NaN NaN NaN 132.56850 -114.58543 -69.86707 230.79515 -193.73738 -81.20238 NaN NaN NaN 96.69099 -130.61815 -86.12949 -10.73623 -203.92630 -76.27812
12722 1.82160 NaN NaN NaN 132.56999 -114.62954 -69.80855 230.78848 -193.77953 -81.17919 NaN NaN NaN 96.67445 -130.61444 -86.10973 -10.75275 -203.94513 -76.29863
12723 1.82994 NaN NaN NaN 132.55956 -114.60772 -69.74570 230.78244 -193.79915 -81.13500 NaN NaN NaN 96.67117 -130.60854 -86.12062 -10.76328 -203.95384 -76.31790
12724 1.83828 NaN NaN NaN 132.53859 -114.66483 -69.69144 230.77557 -193.82043 -81.09631 NaN NaN NaN 96.68708 -130.62411 -86.09354 -10.76585 -203.96191 -76.32533
12725 1.84661 NaN NaN NaN 132.55750 -114.67125 -69.66707 230.78877 -193.82043 -81.07069 NaN NaN NaN 96.68618 -130.62631 -86.06353 -10.77740 -203.97176 -76.33952
12726 1.85495 NaN NaN NaN 132.57350 -114.71021 -69.57685 230.79364 -193.86046 -81.04498 NaN NaN NaN 96.69326 -130.64497 -86.03461 -10.76445 -203.98201 -76.33340
12727 1.86329 NaN NaN NaN 132.58685 -114.74149 -69.53130 230.80582 -193.88826 -81.01366 NaN NaN NaN 96.68927 -130.64528 -86.03748 -10.76919 -203.96970 -76.33844
12728 1.87163 NaN NaN NaN 132.60699 -114.72997 -69.52340 230.80110 -193.91159 -80.98374 NaN NaN NaN 96.71403 -130.66158 -86.04952 -10.73318 -203.99792 -76.28450
12729 1.87997 NaN NaN NaN 132.59384 -114.73982 -69.49390 230.79582 -193.92552 -80.94607 NaN NaN NaN 96.72430 -130.64844 -86.06165 -10.69898 -204.00523 -76.23966
12730 1.88831 NaN NaN NaN 132.61594 -114.72693 -69.48193 230.80069 -193.91635 -80.88210 NaN NaN NaN 96.74066 -130.60162 -86.07751 -10.63592 -204.02782 -76.19809
12731 1.89665 NaN NaN NaN 132.62450 -114.76778 -69.46046 230.81477 -193.91502 -80.86431 NaN NaN NaN 96.74820 -130.57327 -86.11204 -10.57029 -204.05498 -76.11845
12732 1.90499 NaN NaN NaN 132.62334 -114.78857 -69.42175 230.83266 -193.92039 -80.81095 NaN NaN NaN 96.79395 -130.55890 -86.13430 -10.49825 -204.08057 -76.04539
12733 1.91333 NaN NaN NaN 132.65535 -114.83308 -69.41193 230.85229 -193.92839 -80.77187 NaN NaN NaN 96.83285 -130.52031 -86.18057 -10.42813 -204.09924 -75.98006
12734 1.92167 NaN NaN NaN 132.63689 -114.84117 -69.39593 230.86876 -193.94392 -80.74095 NaN NaN NaN 96.85520 -130.51051 -86.18146 -10.37923 -204.08844 -75.93090
12735 1.93000 NaN NaN NaN 132.72324 -114.86127 -69.39530 230.91676 -193.96634 -80.71539 NaN NaN NaN 96.87897 -130.47437 -86.20322 -10.34213 -204.08235 -75.87125
12736 1.93834 NaN NaN NaN 132.69510 -114.91061 -69.36623 230.95242 -194.02023 -80.67396 NaN NaN NaN 96.89270 -130.40552 -86.21725 -10.30630 -204.05792 -75.78119
12737 1.94668 NaN NaN NaN 132.72713 -114.97583 -69.32794 230.99962 -194.05313 -80.66737 NaN NaN NaN 96.90655 -130.37953 -86.24559 -10.26520 -204.04865 -75.68856
12738 1.95502 NaN NaN NaN 132.72697 -115.02940 -69.27813 231.02289 -194.07919 -80.62949 NaN NaN NaN 96.90437 -130.32146 -86.25894 -10.20191 -204.07124 -75.62715
12739 1.96336 NaN NaN NaN 132.72963 -115.10625 -69.21645 231.05983 -194.08554 -80.59599 NaN NaN NaN 96.92424 -130.31250 -86.27378 -10.15915 -204.09378 -75.55696
12740 1.97170 NaN NaN NaN 132.73155 -115.21218 -69.12061 231.05771 -194.11734 -80.57472 NaN NaN NaN 96.91752 -130.29761 -86.27573 -10.09547 -204.10197 -75.50260
12741 1.98004 NaN NaN NaN 132.73877 -115.27084 -69.09306 231.06305 -194.14589 -80.53683 NaN NaN NaN 96.93861 -130.26689 -86.28706 -10.05628 -204.07350 -75.42753
12742 1.98838 NaN NaN NaN 132.74669 -115.31491 -69.06349 231.08673 -194.21481 -80.49021 NaN NaN NaN 96.94218 -130.23666 -86.30779 -10.02257 -204.06424 -75.32804
12743 1.99672 NaN NaN NaN 132.75049 -115.41521 -68.95645 231.13120 -194.26476 -80.45831 NaN NaN NaN 96.94164 -130.13710 -86.36829 -9.96085 -204.02254 -75.24930
12744 2.00505 NaN NaN NaN 132.74597 -115.46700 -68.86586 231.16971 -194.30637 -80.44432 NaN NaN NaN 96.97816 -130.08037 -86.42110 -9.88318 -203.97299 -75.17319
12745 2.01339 NaN NaN NaN 132.70819 -115.60276 -68.72781 231.18573 -194.32835 -80.42292 NaN NaN NaN 96.99276 -129.96521 -86.52819 -9.79860 -203.94496 -75.10284
12746 2.02173 NaN NaN NaN 132.67052 -115.70757 -68.62649 231.22202 -194.35321 -80.37191 NaN NaN NaN 97.01501 -129.84239 -86.65806 -9.70222 -203.87631 -75.04754
12747 2.03007 NaN NaN NaN 132.64984 -115.79050 -68.56275 231.26396 -194.37704 -80.33376 NaN NaN NaN 97.02595 -129.68787 -86.89017 -9.57428 -203.76329 -74.85768
12748 2.03841 NaN NaN NaN 132.67375 -115.81541 -68.50994 231.27771 -194.38939 -80.30437 NaN NaN NaN 97.04945 -129.49312 -87.02104 -9.39961 -203.67593 -74.72705
12749 2.04675 NaN NaN NaN 132.65709 -115.81834 -68.42501 231.29398 -194.36139 -80.24470 NaN NaN NaN 97.08182 -129.37552 -87.13660 -9.33960 -203.59125 -74.60210
12750 2.05509 NaN NaN NaN 132.61606 -115.81542 -68.38764 231.29417 -194.36205 -80.18683 NaN NaN NaN 97.08144 -129.21423 -87.24034 -9.23624 -203.56381 -74.45158
12751 2.06343 NaN NaN NaN 132.59065 -115.80684 -68.34642 231.26228 -194.31366 -80.12236 NaN NaN NaN 97.09205 -129.08804 -87.35426 -9.18043 -203.51408 -74.36828
12752 2.07177 NaN NaN NaN 132.56937 -115.77146 -68.29552 231.24713 -194.28426 -80.06612 NaN NaN NaN 97.11170 -128.95798 -87.43819 -9.12110 -203.45520 -74.33134
12753 2.08010 NaN NaN NaN 132.55510 -115.67308 -68.29064 231.20573 -194.21535 -80.02410 NaN NaN NaN 97.12554 -128.83295 -87.53246 -9.06845 -203.38960 -74.30053
12754 2.08844 NaN NaN NaN 132.52814 -115.57099 -68.28358 231.14246 -194.11913 -79.99657 NaN NaN NaN 97.16483 -128.79277 -87.60806 -9.02015 -203.36194 -74.26196
12755 2.09678 NaN NaN NaN 132.56699 -115.42693 -68.29298 231.08511 -194.05252 -79.96227 NaN NaN NaN 97.16734 -128.74323 -87.66367 -8.96988 -203.29826 -74.20148
12756 2.10512 NaN NaN NaN 132.52174 -115.35886 -68.26719 231.03973 -194.02245 -79.90114 NaN NaN NaN 97.18309 -128.67918 -87.70824 -8.91416 -203.24388 -74.15229
12757 2.11346 NaN NaN NaN 132.51262 -115.28468 -68.23126 231.02713 -194.00066 -79.86660 NaN NaN NaN 97.18521 -128.59120 -87.72200 -8.88016 -203.19904 -74.17456
12758 2.12180 NaN NaN NaN 132.53798 -115.18276 -68.20145 231.00078 -193.98320 -79.86287 NaN NaN NaN 97.21273 -128.53137 -87.73370 -8.79105 -203.15392 -74.18719
12759 2.13014 NaN NaN NaN 132.54193 -115.14735 -68.17413 230.97432 -193.97678 -79.86194 NaN NaN NaN 97.21208 -128.39665 -87.79264 -8.79359 -203.11124 -74.14323
12760 2.13848 NaN NaN NaN 132.47330 -115.16019 -68.11845 230.95132 -193.93887 -79.86546 NaN NaN NaN 97.21889 -128.30284 -87.85211 -8.75703 -203.08324 -74.08521
12761 2.14682 NaN NaN NaN 132.51135 -115.14295 -68.17130 230.97993 -193.92987 -79.88763 NaN NaN NaN 97.24944 -128.18442 -87.94200 -8.70053 -203.03081 -74.03484
12762 2.15516 NaN NaN NaN 132.54204 -115.15061 -68.16819 231.00139 -193.89705 -79.91704 NaN NaN NaN 97.28033 -128.08244 -88.03008 -8.59941 -202.94341 -74.01234
12763 2.16349 NaN NaN NaN 132.57001 -115.12362 -68.23476 231.03253 -193.89018 -79.92385 NaN NaN NaN 97.30779 -128.01366 -88.08999 -8.54154 -202.88144 -74.01550
12764 2.17183 NaN NaN NaN 132.53122 -115.13403 -68.28006 231.06398 -193.86009 -79.90856 NaN NaN NaN 97.32239 -127.98158 -88.15139 -8.46954 -202.83859 -74.04031
12765 2.18017 NaN NaN NaN 132.55150 -115.14058 -68.30561 231.12662 -193.85458 -79.90565 NaN NaN NaN 97.32930 -127.96881 -88.17809 -8.42825 -202.82277 -74.06939
12766 2.18851 NaN NaN NaN 132.63115 -115.10180 -68.30807 231.16527 -193.82521 -79.90796 NaN NaN NaN 97.36274 -127.96158 -88.23029 -8.37823 -202.82466 -74.06251
12767 2.19685 NaN NaN NaN 132.69539 -115.10214 -68.32616 231.18967 -193.81090 -79.93372 NaN NaN NaN 97.38937 -127.94074 -88.29366 -8.39856 -202.81578 -74.04886
12768 2.20519 NaN NaN NaN 132.69447 -115.11465 -68.35886 231.21646 -193.79106 -79.93736 NaN NaN NaN 97.40912 -127.90144 -88.35133 -8.36486 -202.80373 -74.03210
12769 2.21353 NaN NaN NaN 132.70572 -115.10055 -68.41995 231.25146 -193.76939 -79.93662 NaN NaN NaN 97.45853 -127.84064 -88.43172 -8.29877 -202.77211 -73.96918
12770 2.22187 NaN NaN NaN 132.73102 -115.07638 -68.45340 231.28186 -193.74907 -79.91354 NaN NaN NaN 97.47893 -127.78062 -88.49055 -8.22330 -202.74112 -73.90314
12771 2.23021 NaN NaN NaN 132.74733 -115.04858 -68.50318 231.29268 -193.73608 -79.89597 NaN NaN NaN 97.46793 -127.70755 -88.56049 -8.15791 -202.72380 -73.83046
12772 2.23854 NaN NaN NaN 132.74480 -114.98769 -68.54176 231.28981 -193.71159 -79.84570 NaN NaN NaN 97.47849 -127.66147 -88.58575 -8.11104 -202.69505 -73.77590
12773 2.24688 NaN NaN NaN 132.78119 -114.92209 -68.51423 231.30042 -193.69539 -79.78352 NaN NaN NaN 97.45500 -127.65422 -88.63648 -8.12085 -202.69135 -73.75933
12774 2.25522 NaN NaN NaN 132.76222 -114.91057 -68.45299 231.30257 -193.69626 -79.73738 NaN NaN NaN 97.44634 -127.64566 -88.59889 -8.15061 -202.67630 -73.74269
12775 2.26356 NaN NaN NaN 132.77940 -114.93030 -68.37289 231.31387 -193.69597 -79.67307 NaN NaN NaN 97.41759 -127.64179 -88.58718 -8.18519 -202.66612 -73.74151
12776 2.27190 NaN NaN NaN 132.83638 -114.90719 -68.29501 231.30986 -193.68369 -79.63115 NaN NaN NaN 97.41065 -127.65717 -88.56600 -8.23012 -202.67181 -73.73814
12777 2.28024 NaN NaN NaN 132.88359 -114.91472 -68.25143 231.29820 -193.71687 -79.60244 NaN NaN NaN 97.36456 -127.62240 -88.55991 -8.30377 -202.68037 -73.77861
12778 2.28858 NaN NaN NaN 132.89645 -114.91455 -68.15713 231.29352 -193.77498 -79.54903 NaN NaN NaN 97.32801 -127.64439 -88.53188 -8.38581 -202.67809 -73.83590
12779 2.29692 NaN NaN NaN 132.86609 -114.98709 -68.09711 231.26669 -193.84290 -79.48990 NaN NaN NaN 97.29103 -127.69372 -88.49013 -8.42649 -202.64705 -73.83652
12780 2.30526 NaN NaN NaN 132.87555 -115.02579 -68.05054 231.25410 -193.88757 -79.45221 NaN NaN NaN 97.27775 -127.73493 -88.46673 -8.47659 -202.63556 -73.88693
12781 2.31359 NaN NaN NaN 132.88101 -115.06335 -68.00125 231.24498 -193.93753 -79.42533 NaN NaN NaN 97.27479 -127.76915 -88.43916 -8.53934 -202.62259 -73.95306
12782 2.32193 NaN NaN NaN 132.84827 -115.13484 -67.91974 231.22630 -193.99402 -79.37917 NaN NaN NaN 97.26244 -127.81441 -88.44756 -8.59838 -202.62944 -74.03338
12783 2.33027 NaN NaN NaN 132.79932 -115.20886 -67.88287 231.20894 -194.02780 -79.37476 NaN NaN NaN 97.24265 -127.83112 -88.44668 -8.64893 -202.62830 -74.06978
12784 2.33861 NaN NaN NaN 132.76773 -115.27966 -67.81171 231.19023 -194.06042 -79.36667 NaN NaN NaN 97.23071 -127.90245 -88.42857 -8.67648 -202.63377 -74.10432
12785 2.34695 NaN NaN NaN 132.75609 -115.31161 -67.78084 231.17702 -194.08238 -79.37373 NaN NaN NaN 97.21609 -127.91880 -88.41209 -8.70104 -202.64601 -74.15125
12786 2.35529 NaN NaN NaN 132.73788 -115.30289 -67.75268 231.16521 -194.07875 -79.34553 NaN NaN NaN 97.18619 -127.94527 -88.38408 -8.72525 -202.69902 -74.22920
12787 2.36363 NaN NaN NaN 132.71474 -115.28331 -67.76175 231.14897 -194.08626 -79.32895 NaN NaN NaN 97.17499 -127.96933 -88.36897 -8.74334 -202.70810 -74.29189
12788 2.37197 NaN NaN NaN 132.71046 -115.25655 -67.72928 231.14040 -194.08611 -79.31696 NaN NaN NaN 97.16401 -127.98770 -88.34636 -8.79431 -202.68959 -74.36302
12789 2.38031 NaN NaN NaN 132.70891 -115.22660 -67.71223 231.12750 -194.07285 -79.30103 NaN NaN NaN 97.15334 -127.99410 -88.31300 -8.83062 -202.66788 -74.41376
12790 2.38865 NaN NaN NaN 132.70334 -115.20301 -67.69836 231.11147 -194.06538 -79.28325 NaN NaN NaN 97.15256 -127.98923 -88.30182 -8.85923 -202.65543 -74.47684
12791 2.39698 NaN NaN NaN 132.74895 -115.16049 -67.71130 231.09833 -194.05492 -79.25717 NaN NaN NaN 97.14154 -127.97250 -88.29874 -8.87956 -202.66647 -74.53590
12792 2.40532 NaN NaN NaN 132.76454 -115.06632 -67.67329 231.08629 -194.03073 -79.21042 NaN NaN NaN 97.13605 -127.95399 -88.30037 -8.84708 -202.66705 -74.55066
12793 2.41366 NaN NaN NaN 132.78162 -115.00992 -67.66028 231.08687 -194.02487 -79.19131 NaN NaN NaN 97.13534 -127.94071 -88.30324 -8.84956 -202.68710 -74.56559
12794 2.42200 NaN NaN NaN 132.79694 -114.95412 -67.63329 231.08630 -194.02193 -79.18506 NaN NaN NaN 97.13562 -127.95409 -88.30323 -8.83977 -202.71057 -74.58766
12795 2.43034 NaN NaN NaN 132.82373 -114.93778 -67.61009 231.09659 -194.00507 -79.17711 NaN NaN NaN 97.12914 -127.95119 -88.30610 -8.85780 -202.73007 -74.62638
12796 2.43868 NaN NaN NaN 132.81300 -114.94036 -67.58540 231.09856 -193.99379 -79.18210 NaN NaN NaN 97.12444 -127.95930 -88.30767 -8.84495 -202.73886 -74.66673
12797 2.44702 NaN NaN NaN 132.82643 -114.95620 -67.59823 231.10826 -193.98349 -79.19021 NaN NaN NaN 97.11494 -127.95997 -88.30957 -8.87245 -202.75195 -74.71138
12798 2.45536 NaN NaN NaN 132.82944 -114.95598 -67.61333 231.09772 -193.99702 -79.19777 NaN NaN NaN 97.11015 -127.96534 -88.32036 -8.88271 -202.75357 -74.80148
12799 2.46370 NaN NaN NaN 132.79817 -114.98386 -67.62794 231.08981 -194.00421 -79.20379 NaN NaN NaN 97.08590 -127.99329 -88.33588 -8.89985 -202.74635 -74.80112
12800 2.47203 NaN NaN NaN 132.78951 -114.97100 -67.64634 231.08218 -194.02762 -79.20258 NaN NaN NaN 97.08222 -128.03529 -88.33515 -8.91985 -202.75705 -74.86594
12801 2.48037 NaN NaN NaN 132.77882 -114.95589 -67.69659 231.05431 -194.04277 -79.19080 NaN NaN NaN 97.07449 -128.08704 -88.39934 -8.96858 -202.78441 -74.90581
12802 2.48871 NaN NaN NaN 132.78296 -114.95558 -67.73221 231.04871 -194.06798 -79.17442 NaN NaN NaN 97.09166 -128.21448 -88.41531 -8.95796 -202.81573 -74.87927
12803 2.49705 NaN NaN NaN 132.77608 -114.99539 -67.73463 231.03819 -194.08841 -79.12849 NaN NaN NaN 97.06664 -128.24167 -88.43553 -8.97156 -202.82224 -74.90990
12804 2.50539 NaN NaN NaN 132.79549 -115.01868 -67.72112 231.03662 -194.12001 -79.08018 NaN NaN NaN 97.02152 -128.26152 -88.44176 -8.95764 -202.84778 -74.93518
12805 2.51373 NaN NaN NaN 132.79553 -115.08819 -67.67991 231.05724 -194.16000 -79.05320 NaN NaN NaN 96.97759 -128.23769 -88.50768 -9.04627 -202.86070 -74.94452
12806 2.52207 NaN NaN NaN 132.80220 -115.15479 -67.65751 231.07373 -194.18941 -79.00282 NaN NaN NaN 96.94801 -128.24150 -88.53945 -9.09420 -202.87466 -74.90128
12807 2.53041 NaN NaN NaN 132.82201 -115.21037 -67.62088 231.10442 -194.21797 -78.97487 NaN NaN NaN 96.93486 -128.23677 -88.54374 -9.13282 -202.90880 -74.91006
12808 2.53875 NaN NaN NaN 132.85312 -115.24407 -67.54349 231.14510 -194.25008 -78.92152 NaN NaN NaN 96.91134 -128.26524 -88.55215 -9.14401 -202.91878 -74.89599
12809 2.54708 NaN NaN NaN 132.86140 -115.27864 -67.48138 231.17697 -194.23969 -78.88250 NaN NaN NaN 96.91883 -128.39461 -88.53940 -9.17062 -202.91559 -74.90475
12810 2.55542 NaN NaN NaN 132.90482 -115.31476 -67.42789 231.24077 -194.25464 -78.82072 NaN NaN NaN 96.87039 -128.38818 -88.55878 -9.21231 -202.91389 -74.89414
12811 2.56376 NaN NaN NaN 132.90335 -115.36353 -67.36295 231.30937 -194.25421 -78.77305 NaN NaN NaN 96.87359 -128.46893 -88.55993 -9.27754 -202.90988 -74.89568
12812 2.57210 NaN NaN NaN 132.92422 -115.39519 -67.30043 231.36647 -194.22720 -78.76154 NaN NaN NaN 96.86690 -128.51056 -88.57734 -9.30994 -202.90633 -74.88873
12813 2.58044 NaN NaN NaN 132.96317 -115.38228 -67.27060 231.41641 -194.19208 -78.74781 NaN NaN NaN 96.84737 -128.50125 -88.57524 -9.34718 -202.89885 -74.88874
12814 2.58878 NaN NaN NaN 132.98978 -115.35707 -67.25423 231.45776 -194.15161 -78.73077 NaN NaN NaN 96.81892 -128.47952 -88.60220 -9.38346 -202.88289 -74.92202
12815 2.59712 NaN NaN NaN 133.06552 -115.26493 -67.26389 231.49567 -194.11263 -78.70056 NaN NaN NaN 96.77590 -128.45084 -88.64214 -9.43968 -202.84419 -74.93839
12816 2.60546 NaN NaN NaN 133.06392 -115.22060 -67.27469 231.50671 -194.06674 -78.69260 NaN NaN NaN 96.76762 -128.41959 -88.66494 -9.45002 -202.79964 -74.93843
12817 2.61380 NaN NaN NaN 133.06503 -115.14070 -67.25874 231.52541 -194.02174 -78.69463 NaN NaN NaN 96.75204 -128.40169 -88.68263 -9.46700 -202.75150 -74.94090
12818 2.62214 NaN NaN NaN 133.10233 -115.06207 -67.26985 231.49910 -193.95242 -78.71339 NaN NaN NaN 96.72326 -128.37915 -88.70979 -9.49370 -202.70824 -74.95802
12819 2.63047 NaN NaN NaN 133.11584 -114.95818 -67.28580 231.50743 -193.88947 -78.71313 NaN NaN NaN 96.69968 -128.32224 -88.68123 -9.51870 -202.68913 -74.97154
12820 2.63881 NaN NaN NaN 133.11882 -114.88283 -67.30336 231.47493 -193.83032 -78.74064 NaN NaN NaN 96.67331 -128.30058 -88.70840 -9.49468 -202.67593 -74.96454
12821 2.64715 NaN NaN NaN 133.12689 -114.83072 -67.30508 231.45705 -193.73538 -78.77001 NaN NaN NaN 96.65725 -128.26775 -88.67204 -9.47954 -202.65018 -74.97945
12822 2.65549 NaN NaN NaN 133.14124 -114.74345 -67.31511 231.44322 -193.67390 -78.79360 NaN NaN NaN 96.65181 -128.23523 -88.70216 -9.56148 -202.63736 -75.02793
12823 2.66383 NaN NaN NaN 133.12895 -114.65903 -67.35629 231.41809 -193.62341 -78.80982 NaN NaN NaN 96.64137 -128.22565 -88.66975 -9.61280 -202.60814 -75.05166
12824 2.67217 NaN NaN NaN 133.08568 -114.56200 -67.41591 231.39569 -193.56625 -78.84204 NaN NaN NaN 96.64137 -128.22279 -88.64973 -9.63107 -202.57326 -75.07732
12825 2.68051 NaN NaN NaN 133.06845 -114.48296 -67.48655 231.37617 -193.50337 -78.87253 NaN NaN NaN 96.62991 -128.19632 -88.66064 -9.63994 -202.55167 -75.09684
12826 2.68885 NaN NaN NaN 133.06769 -114.39154 -67.56302 231.36531 -193.43132 -78.90778 NaN NaN NaN 96.62138 -128.15843 -88.67773 -9.63901 -202.53189 -75.13513
12827 2.69719 NaN NaN NaN 133.07104 -114.30582 -67.65762 231.33612 -193.40143 -78.92037 NaN NaN NaN 96.61670 -128.08623 -88.72253 -9.64469 -202.49040 -75.13687
12828 2.70552 NaN NaN NaN 133.06107 -114.22287 -67.71162 231.30882 -193.35919 -78.93230 NaN NaN NaN 96.61608 -128.01660 -88.75731 -9.62115 -202.46883 -75.14256
12829 2.71386 NaN NaN NaN 133.03906 -114.15936 -67.75574 231.25931 -193.28719 -78.94733 NaN NaN NaN 96.60026 -127.94186 -88.79727 -9.54663 -202.42798 -75.09825
12830 2.72220 NaN NaN NaN 133.03436 -114.09320 -67.80788 231.24985 -193.25568 -78.95370 NaN NaN NaN 96.60719 -127.89482 -88.86929 -9.46411 -202.39394 -75.10192
12831 2.73054 NaN NaN NaN 133.03168 -114.04374 -67.82116 231.20718 -193.23769 -78.95068 NaN NaN NaN 96.61337 -127.81574 -88.91554 -9.49586 -202.37282 -75.09570
12832 2.73888 NaN NaN NaN 133.02408 -113.98922 -67.83729 231.17055 -193.23347 -78.96284 NaN NaN NaN 96.61842 -127.78166 -88.92783 -9.49044 -202.36577 -75.10245
12833 2.74722 NaN NaN NaN 133.01370 -113.96073 -67.85013 231.14452 -193.21884 -78.95602 NaN NaN NaN 96.62234 -127.77985 -88.92912 -9.49907 -202.36142 -75.10574
12834 2.75556 NaN NaN NaN 132.99626 -113.95422 -67.85498 231.11519 -193.20677 -78.95537 NaN NaN NaN 96.64344 -127.80965 -88.91189 -9.45293 -202.37387 -75.06794
12835 2.76390 NaN NaN NaN 132.99034 -113.96863 -67.86179 231.07271 -193.19905 -78.95624 NaN NaN NaN 96.64520 -127.83046 -88.89700 -9.44759 -202.39589 -75.05383
12836 2.77224 NaN NaN NaN 132.96507 -113.97423 -67.85721 231.05623 -193.23061 -78.96152 NaN NaN NaN 96.67618 -127.86895 -88.84904 -9.45949 -202.39508 -75.04950
12837 2.78057 NaN NaN NaN 132.92369 -113.99014 -67.87115 231.02512 -193.25870 -78.96525 NaN NaN NaN 96.69777 -127.90395 -88.77724 -9.50044 -202.41557 -75.04060
12838 2.78891 NaN NaN NaN 132.90382 -114.03844 -67.81732 231.00618 -193.31709 -78.97489 NaN NaN NaN 96.65113 -127.88716 -88.75075 -9.45083 -202.43257 -75.03111
12839 2.79725 NaN NaN NaN 132.89043 -114.06326 -67.82683 230.98822 -193.36746 -78.96903 NaN NaN NaN 96.63069 -127.89378 -88.72630 -9.50333 -202.45825 -75.03057
12840 2.80559 NaN NaN NaN 132.90146 -114.07445 -67.86640 230.96417 -193.43533 -79.00134 NaN NaN NaN 96.62787 -127.96614 -88.68744 -9.49384 -202.51111 -75.02662
12841 2.81393 NaN NaN NaN 132.89635 -114.09161 -67.91762 230.93561 -193.48546 -79.07188 NaN NaN NaN 96.67338 -128.10982 -88.63815 -9.48677 -202.55312 -75.01696
12842 2.82227 NaN NaN NaN 132.85817 -114.15266 -67.95195 230.90637 -193.51447 -79.13727 NaN NaN NaN 96.67593 -128.23827 -88.59970 -9.57582 -202.58987 -75.04662
12843 2.83061 NaN NaN NaN 132.85835 -114.18552 -68.04678 230.88747 -193.54222 -79.18672 NaN NaN NaN 96.64588 -128.33711 -88.57488 -9.55573 -202.64203 -75.02233
12844 2.83895 NaN NaN NaN 132.84639 -114.20441 -68.11302 230.84534 -193.60660 -79.25037 NaN NaN NaN 96.62624 -128.38855 -88.52027 -9.60589 -202.70171 -75.06850
12845 2.84729 NaN NaN NaN 132.81059 -114.22014 -68.20443 230.82033 -193.65482 -79.33832 NaN NaN NaN 96.58437 -128.43176 -88.54151 -9.62768 -202.76022 -75.14072
12846 2.85563 NaN NaN NaN 132.80939 -114.20375 -68.30065 230.78348 -193.67952 -79.42242 NaN NaN NaN 96.57025 -128.42278 -88.58285 -9.60920 -202.82895 -75.18500
12847 2.86396 NaN NaN NaN 132.78188 -114.20803 -68.41428 230.75240 -193.68799 -79.52407 NaN NaN NaN 96.55235 -128.40201 -88.60905 -9.61747 -202.88007 -75.21164
12848 2.87230 NaN NaN NaN 132.74953 -114.22599 -68.51277 230.73276 -193.69524 -79.60662 NaN NaN NaN 96.55311 -128.41019 -88.62568 -9.64048 -202.90468 -75.25208
12849 2.88064 NaN NaN NaN 132.69762 -114.25728 -68.62322 230.71327 -193.72028 -79.70524 NaN NaN NaN 96.54169 -128.42799 -88.68152 -9.63112 -202.93073 -75.22662
12850 2.88898 NaN NaN NaN 132.64465 -114.28239 -68.74502 230.65451 -193.75197 -79.79816 NaN NaN NaN 96.52582 -128.46838 -88.73781 -9.63049 -202.99512 -75.26023
12851 2.89732 NaN NaN NaN 132.60320 -114.30738 -68.88077 230.62036 -193.77264 -79.86395 NaN NaN NaN 96.51766 -128.54662 -88.74943 -9.64635 -203.07170 -75.25981
12852 2.90566 NaN NaN NaN 132.60513 -114.31649 -69.01025 230.58620 -193.80125 -79.91846 NaN NaN NaN 96.46663 -128.55656 -88.75114 -9.67422 -203.14835 -75.27868
12853 2.91400 NaN NaN NaN 132.61151 -114.33408 -69.10745 230.57080 -193.82379 -80.01082 NaN NaN NaN 96.44334 -128.56111 -88.73466 -9.70944 -203.18610 -75.26749
12854 2.92234 NaN NaN NaN 132.60129 -114.35841 -69.15578 230.55803 -193.84421 -80.07066 NaN NaN NaN 96.47140 -128.67361 -88.67474 -9.73182 -203.22287 -75.26849
12855 2.93068 NaN NaN NaN 132.55373 -114.36478 -69.19683 230.51596 -193.84828 -80.11407 NaN NaN NaN 96.44365 -128.70532 -88.59949 -9.76942 -203.26349 -75.26941
12856 2.93901 NaN NaN NaN 132.52222 -114.38021 -69.21046 230.50055 -193.87355 -80.12543 NaN NaN NaN 96.44310 -128.83730 -88.51615 -9.78906 -203.27542 -75.24288
12857 2.94735 NaN NaN NaN 132.51408 -114.42117 -69.23814 230.48734 -193.89015 -80.15809 NaN NaN NaN 96.43652 -128.91257 -88.47303 -9.81079 -203.30336 -75.22605
12858 2.95569 NaN NaN NaN 132.49295 -114.39887 -69.22703 230.48257 -193.89687 -80.12408 NaN NaN NaN 96.43202 -128.97757 -88.42872 -9.83723 -203.34166 -75.21082
12859 2.96403 NaN NaN NaN 132.49756 -114.37581 -69.25130 230.47562 -193.89949 -80.11681 NaN NaN NaN 96.42256 -128.97755 -88.41280 -9.86014 -203.34883 -75.19933
12860 2.97237 NaN NaN NaN 132.48654 -114.31814 -69.24532 230.46184 -193.88049 -80.09635 NaN NaN NaN 96.39420 -129.00627 -88.37849 -9.86443 -203.35321 -75.17921
12861 2.98071 NaN NaN NaN 132.49063 -114.32548 -69.26357 230.45222 -193.85400 -80.10264 NaN NaN NaN 96.38337 -128.99037 -88.36695 -9.87321 -203.33516 -75.16592
12862 2.98905 NaN NaN NaN 132.49364 -114.24532 -69.28188 230.44022 -193.83231 -80.10896 NaN NaN NaN 96.37146 -128.99489 -88.36179 -9.86272 -203.33569 -75.14993
12863 2.99739 NaN NaN NaN 132.52049 -114.22171 -69.32893 230.44250 -193.81165 -80.10970 NaN NaN NaN 96.39548 -128.95702 -88.37070 -9.86999 -203.31447 -75.15839
12864 3.00573 NaN NaN NaN 132.52042 -114.17529 -69.37012 230.43773 -193.77058 -80.11040 NaN NaN NaN 96.39851 -128.92775 -88.38554 -9.80176 -203.28461 -75.14703
12865 3.01406 NaN NaN NaN 132.52071 -114.11814 -69.42526 230.42230 -193.73488 -80.13020 NaN NaN NaN 96.41779 -128.89912 -88.38599 -9.78839 -203.26982 -75.13506
12866 3.02240 NaN NaN NaN 132.47928 -114.05803 -69.47652 230.38867 -193.67941 -80.15063 NaN NaN NaN 96.43264 -128.83801 -88.39568 -9.82806 -203.24211 -75.12865
12867 3.03074 NaN NaN NaN 132.52104 -113.98389 -69.54149 230.36340 -193.63045 -80.21616 NaN NaN NaN 96.45443 -128.79025 -88.41103 -9.83516 -203.21613 -75.13918
12868 3.03908 NaN NaN NaN 132.53198 -113.88142 -69.60772 230.34003 -193.59395 -80.23627 NaN NaN NaN 96.46301 -128.77438 -88.41620 -9.81026 -203.19781 -75.13416
12869 3.04742 NaN NaN NaN 132.50937 -113.79993 -69.71323 230.30026 -193.54846 -80.27146 NaN NaN NaN 96.47180 -128.77512 -88.45779 -9.76879 -203.16286 -75.12236
12870 3.05576 NaN NaN NaN 132.44992 -113.74263 -69.80849 230.25378 -193.51097 -80.33952 NaN NaN NaN 96.52048 -128.78450 -88.40810 -9.75475 -203.12453 -75.06845
12871 3.06410 NaN NaN NaN 132.42331 -113.67738 -69.92712 230.22012 -193.46783 -80.42754 NaN NaN NaN 96.52613 -128.74049 -88.39340 -9.73303 -203.08669 -75.04759
12872 3.07244 NaN NaN NaN 132.39699 -113.62401 -69.98415 230.20563 -193.43373 -80.48431 NaN NaN NaN 96.53652 -128.71808 -88.37457 -9.72689 -203.05115 -75.04344
12873 3.08078 NaN NaN NaN 132.39340 -113.59574 -70.03500 230.18275 -193.39507 -80.54675 NaN NaN NaN 96.55403 -128.71257 -88.37058 -9.72867 -203.01477 -75.05862
12874 3.08911 NaN NaN NaN 132.36572 -113.55643 -70.10099 230.12300 -193.36189 -80.57774 NaN NaN NaN 96.51361 -128.62897 -88.37159 -9.73824 -202.99455 -75.07616
12875 3.09745 NaN NaN NaN 132.35649 -113.47827 -70.20824 230.08878 -193.31851 -80.63043 NaN NaN NaN 96.51868 -128.56989 -88.35028 -9.73619 -202.97032 -75.07879
12876 3.10579 NaN NaN NaN 132.34795 -113.40179 -70.27348 230.04974 -193.28815 -80.65902 NaN NaN NaN 96.54568 -128.53220 -88.31929 -9.72898 -202.95152 -75.08325
12877 3.11413 NaN NaN NaN 132.35400 -113.32532 -70.30447 230.01736 -193.26027 -80.71616 NaN NaN NaN 96.53050 -128.51279 -88.28986 -9.71479 -202.92609 -75.09385
12878 3.12247 NaN NaN NaN 132.33354 -113.25301 -70.35139 229.94995 -193.25684 -80.71870 NaN NaN NaN 96.56403 -128.50056 -88.26878 -9.69681 -202.90425 -75.10208
12879 3.13081 NaN NaN NaN 132.31203 -113.20394 -70.40287 229.90558 -193.24811 -80.77099 NaN NaN NaN 96.57372 -128.50749 -88.22699 -9.69436 -202.90674 -75.12699
12880 3.13915 NaN NaN NaN 132.29239 -113.11092 -70.43473 229.85002 -193.20642 -80.78017 NaN NaN NaN 96.61275 -128.52968 -88.20571 -9.67672 -202.89253 -75.13593
12881 3.14749 NaN NaN NaN 132.29272 -113.05085 -70.48659 229.80836 -193.16000 -80.81147 NaN NaN NaN 96.62051 -128.51485 -88.17323 -9.68310 -202.88420 -75.15366
12882 3.15583 NaN NaN NaN 132.27570 -113.02506 -70.49193 229.76070 -193.15910 -80.79428 NaN NaN NaN 96.61342 -128.54346 -88.16273 -9.70176 -202.89948 -75.20204
12883 3.16417 NaN NaN NaN 132.26706 -113.01307 -70.50558 229.75076 -193.16104 -80.80795 NaN NaN NaN 96.61457 -128.54443 -88.11604 -9.70719 -202.90445 -75.21635
12884 3.17250 NaN NaN NaN 132.25461 -112.98858 -70.50513 229.71220 -193.16339 -80.81776 NaN NaN NaN 96.63138 -128.54016 -88.10585 -9.71465 -202.91635 -75.23219
12885 3.18084 NaN NaN NaN 132.26370 -112.97553 -70.51418 229.70201 -193.16568 -80.83782 NaN NaN NaN 96.61812 -128.55740 -88.12150 -9.71864 -202.92847 -75.24295
12886 3.18918 NaN NaN NaN 132.24898 -112.95158 -70.52121 229.67747 -193.13947 -80.84395 NaN NaN NaN 96.62122 -128.56944 -88.10978 -9.72423 -202.95256 -75.26535
12887 3.19752 NaN NaN NaN 132.24289 -112.94927 -70.55436 229.66747 -193.16061 -80.87386 NaN NaN NaN 96.61292 -128.60750 -88.10701 -9.74693 -203.00784 -75.29311
12888 3.20586 NaN NaN NaN 132.21535 -112.93746 -70.56962 229.63751 -193.18512 -80.84492 NaN NaN NaN 96.61373 -128.62834 -88.12002 -9.75692 -203.04747 -75.27509
12889 3.21420 NaN NaN NaN 132.20505 -112.93970 -70.57854 229.62337 -193.21500 -80.86965 NaN NaN NaN 96.62511 -128.66920 -88.10612 -9.78233 -203.08588 -75.29034
12890 3.22254 NaN NaN NaN 132.18204 -112.94063 -70.57105 229.60133 -193.24451 -80.84840 NaN NaN NaN 96.64168 -128.72423 -88.11259 -9.80309 -203.09407 -75.32011
12891 3.23088 NaN NaN NaN 132.17578 -112.96378 -70.56989 229.57927 -193.25195 -80.87848 NaN NaN NaN 96.61394 -128.77985 -88.11691 -9.82869 -203.11324 -75.33129
12892 3.23922 NaN NaN NaN 132.15143 -112.96612 -70.56110 229.56898 -193.28560 -80.83052 NaN NaN NaN 96.59518 -128.82381 -88.10585 -9.84165 -203.13849 -75.31380
12893 3.24755 NaN NaN NaN 132.14180 -112.98173 -70.56269 229.52806 -193.31616 -80.84304 NaN NaN NaN 96.56344 -128.87486 -88.07366 -9.85074 -203.16504 -75.29391
12894 3.25589 NaN NaN NaN 132.11133 -113.00973 -70.56066 229.49443 -193.34837 -80.80347 NaN NaN NaN 96.55642 -128.92592 -88.06911 -9.86493 -203.21729 -75.28537
12895 3.26423 NaN NaN NaN 132.11038 -113.04470 -70.56606 229.46370 -193.38161 -80.82844 NaN NaN NaN 96.52507 -128.96674 -88.03783 -9.89668 -203.28104 -75.27973
12896 3.27257 NaN NaN NaN 132.09592 -113.07520 -70.54968 229.43587 -193.43852 -80.79095 NaN NaN NaN 96.49147 -129.07742 -88.02200 -9.93268 -203.34329 -75.27600
12897 3.28091 NaN NaN NaN 132.06425 -113.14026 -70.53817 229.41202 -193.47078 -80.82584 NaN NaN NaN 96.48425 -129.15758 -87.98373 -9.96250 -203.40393 -75.27583
12898 3.28925 NaN NaN NaN 132.05048 -113.19388 -70.51342 229.36786 -193.53491 -80.78836 NaN NaN NaN 96.49923 -129.32005 -87.94135 -10.00944 -203.46854 -75.26851
12899 3.29759 NaN NaN NaN 132.02998 -113.22409 -70.52136 229.34483 -193.59244 -80.81830 NaN NaN NaN 96.50191 -129.43658 -87.90122 -10.05662 -203.53294 -75.30302
12900 3.30593 NaN NaN NaN 132.03400 -113.24734 -70.52462 229.32729 -193.64250 -80.80618 NaN NaN NaN 96.49751 -129.51556 -87.86311 -10.07417 -203.57860 -75.30073
12901 3.31427 NaN NaN NaN 132.03252 -113.25842 -70.53723 229.32594 -193.66649 -80.84687 NaN NaN NaN 96.47823 -129.56520 -87.85727 -10.10457 -203.64214 -75.30513
12902 3.32260 NaN NaN NaN 132.02283 -113.27275 -70.54187 229.31279 -193.69273 -80.85708 NaN NaN NaN 96.46677 -129.60023 -87.85867 -10.11530 -203.67732 -75.28083
12903 3.33094 NaN NaN NaN 131.98512 -113.32437 -70.53851 229.29083 -193.73555 -80.85805 NaN NaN NaN 96.44727 -129.61594 -87.82263 -10.13554 -203.71338 -75.28758
12904 3.33928 NaN NaN NaN 131.90816 -113.43594 -70.57236 229.27835 -193.77597 -80.88923 NaN NaN NaN 96.44315 -129.65535 -87.82552 -10.14087 -203.75342 -75.27903
12905 3.34762 NaN NaN NaN 131.94885 -113.41555 -70.54750 229.27579 -193.82718 -80.91534 NaN NaN NaN 96.41090 -129.66646 -87.85036 -10.14772 -203.77347 -75.27594
12906 3.35596 NaN NaN NaN 131.90427 -113.45050 -70.55776 229.27179 -193.84833 -80.94958 NaN NaN NaN 96.40089 -129.75502 -87.86369 -10.15660 -203.78098 -75.24810
12907 3.36430 NaN NaN NaN 131.96581 -113.40073 -70.57687 229.24966 -193.87961 -80.96500 NaN NaN NaN 96.39313 -129.74728 -87.86120 -10.17111 -203.81241 -75.26864
12908 3.37264 NaN NaN NaN 131.94527 -113.41900 -70.58094 229.23706 -193.89110 -81.00030 NaN NaN NaN 96.40839 -129.80411 -87.83837 -10.17341 -203.81822 -75.26140
12909 3.38098 NaN NaN NaN 131.89378 -113.44713 -70.59338 229.21695 -193.89946 -81.01758 NaN NaN NaN 96.43483 -129.80704 -87.80388 -10.16924 -203.83446 -75.24944
12910 3.38932 NaN NaN NaN 131.85689 -113.47733 -70.61828 229.19487 -193.89706 -81.04615 NaN NaN NaN 96.41897 -129.83292 -87.82592 -10.17475 -203.85880 -75.28584
12911 3.39766 NaN NaN NaN 131.85414 -113.46339 -70.62411 229.18205 -193.88133 -81.06514 NaN NaN NaN 96.41718 -129.82733 -87.83125 -10.20256 -203.86339 -75.27662
12912 3.40599 NaN NaN NaN 131.84586 -113.48051 -70.62707 229.18520 -193.87029 -81.08392 NaN NaN NaN 96.40408 -129.84750 -87.85528 -10.20812 -203.86650 -75.28373
12913 3.41433 NaN NaN NaN 131.85886 -113.47935 -70.64104 229.17656 -193.86438 -81.10738 NaN NaN NaN 96.41488 -129.82594 -87.86089 -10.20314 -203.86171 -75.30376
12914 3.42267 NaN NaN NaN 131.84575 -113.45977 -70.65369 229.15851 -193.85571 -81.14143 NaN NaN NaN 96.41029 -129.81680 -87.87012 -10.19076 -203.80200 -75.28905
12915 3.43101 NaN NaN NaN 131.83081 -113.43676 -70.65606 229.14943 -193.82956 -81.18462 NaN NaN NaN 96.40775 -129.79414 -87.88905 -10.18666 -203.75876 -75.32021
12916 3.43935 NaN NaN NaN 131.82182 -113.42024 -70.67181 229.12213 -193.79974 -81.19620 NaN NaN NaN 96.38966 -129.77135 -87.92959 -10.18916 -203.70708 -75.31402
12917 3.44769 NaN NaN NaN 131.82396 -113.39667 -70.67619 229.12384 -193.76996 -81.20160 NaN NaN NaN 96.40217 -129.69983 -87.96385 -10.18136 -203.67778 -75.34115
12918 3.45603 NaN NaN NaN 131.83046 -113.36313 -70.67617 229.10522 -193.73651 -81.21468 NaN NaN NaN 96.38988 -129.62883 -88.00272 -10.18035 -203.65030 -75.33127
12919 3.46437 NaN NaN NaN 131.83986 -113.34956 -70.68273 229.12610 -193.70735 -81.21819 NaN NaN NaN 96.39435 -129.58505 -88.03886 -10.17765 -203.61893 -75.36161
12920 3.47271 NaN NaN NaN 131.83731 -113.33166 -70.67991 229.10364 -193.68892 -81.23547 NaN NaN NaN 96.38953 -129.53706 -88.05437 -10.19602 -203.56064 -75.37708
12921 3.48104 NaN NaN NaN 131.83932 -113.32106 -70.68652 229.10246 -193.67076 -81.24043 NaN NaN NaN 96.38853 -129.49614 -88.09128 -10.21169 -203.50066 -75.41313
12922 3.48938 NaN NaN NaN 131.83661 -113.30334 -70.67253 229.09521 -193.66112 -81.24067 NaN NaN NaN 96.39472 -129.47949 -88.10368 -10.21574 -203.47353 -75.40308
12923 3.49772 NaN NaN NaN 131.83595 -113.26871 -70.67535 229.10410 -193.62717 -81.24609 NaN NaN NaN 96.38289 -129.44646 -88.12070 -10.19721 -203.43697 -75.41682
12924 3.50606 NaN NaN NaN 131.82884 -113.23246 -70.65815 229.08662 -193.59016 -81.25203 NaN NaN NaN 96.37661 -129.41006 -88.14320 -10.20445 -203.42430 -75.47309
12925 3.51440 NaN NaN NaN 131.82565 -113.16964 -70.68462 229.07965 -193.54262 -81.25485 NaN NaN NaN 96.38015 -129.36314 -88.17111 -10.21398 -203.38544 -75.46355
12926 3.52274 NaN NaN NaN 131.86627 -113.09351 -70.71700 229.06107 -193.52049 -81.26031 NaN NaN NaN 96.38795 -129.32533 -88.15115 -10.22435 -203.35687 -75.49271
12927 3.53108 NaN NaN NaN 131.85274 -113.07223 -70.71059 229.06453 -193.49030 -81.25222 NaN NaN NaN 96.38649 -129.29106 -88.17885 -10.21032 -203.32292 -75.46483
12928 3.53942 NaN NaN NaN 131.84186 -113.06126 -70.69900 229.05142 -193.46011 -81.25600 NaN NaN NaN 96.38354 -129.26318 -88.17408 -10.22201 -203.29695 -75.46670
12929 3.54776 NaN NaN NaN 131.82019 -113.07414 -70.65668 229.05571 -193.45476 -81.24638 NaN NaN NaN 96.35875 -129.19112 -88.17502 -10.21154 -203.27551 -75.46129
12930 3.55609 NaN NaN NaN 131.82233 -113.08238 -70.70406 229.03683 -193.42624 -81.25198 NaN NaN NaN 96.38622 -129.21359 -88.13632 -10.21972 -203.28137 -75.43163
12931 3.56443 NaN NaN NaN 131.87054 -113.00471 -70.71929 229.04118 -193.44026 -81.24611 NaN NaN NaN 96.38673 -129.24022 -88.12141 -10.21248 -203.25653 -75.45046
12932 3.57277 NaN NaN NaN 131.89284 -112.94248 -70.74476 229.02646 -193.41406 -81.23693 NaN NaN NaN 96.40194 -129.27193 -88.12157 -10.20777 -203.25888 -75.46331
12933 3.58111 NaN NaN NaN 131.89841 -112.88401 -70.73886 229.04593 -193.42131 -81.23561 NaN NaN NaN 96.37028 -129.19568 -88.12259 -10.19798 -203.23979 -75.48734
12934 3.58945 NaN NaN NaN 131.89288 -112.87746 -70.76245 229.02060 -193.39803 -81.23412 NaN NaN NaN 96.38490 -129.22641 -88.11220 -10.20361 -203.26070 -75.43289
12935 3.59779 NaN NaN NaN 131.88776 -112.88074 -70.76070 229.03021 -193.41499 -81.21611 NaN NaN NaN 96.35870 -129.16173 -88.11385 -10.21106 -203.24973 -75.43717
12936 3.60613 NaN NaN NaN 131.83698 -112.93573 -70.78094 229.01843 -193.42067 -81.21198 NaN NaN NaN 96.35218 -129.15718 -88.12975 -10.20971 -203.27225 -75.42303
12937 3.61447 NaN NaN NaN 131.88026 -112.91959 -70.75050 229.02739 -193.43039 -81.21529 NaN NaN NaN 96.35646 -129.15179 -88.11922 -10.21077 -203.29161 -75.44498
12938 3.62281 NaN NaN NaN 131.84735 -112.96118 -70.73683 229.00691 -193.41718 -81.22433 NaN NaN NaN 96.36153 -129.18285 -88.08622 -10.21053 -203.33401 -75.45438
12939 3.63115 NaN NaN NaN 131.88481 -112.93919 -70.71417 229.01778 -193.42642 -81.21305 NaN NaN NaN 96.36827 -129.20576 -88.06587 -10.22128 -203.36203 -75.44745
12940 3.63948 NaN NaN NaN 131.85222 -112.96935 -70.72649 229.00598 -193.44691 -81.21727 NaN NaN NaN 96.39422 -129.32207 -88.02894 -10.22686 -203.38657 -75.45490
12941 3.64782 NaN NaN NaN 131.88667 -112.95586 -70.72145 229.02167 -193.46642 -81.22405 NaN NaN NaN 96.40673 -129.41396 -87.99327 -10.22882 -203.40044 -75.44447
12942 3.65616 NaN NaN NaN 131.90945 -112.96080 -70.71108 229.01920 -193.50357 -81.22176 NaN NaN NaN 96.39894 -129.47287 -87.97602 -10.23606 -203.42212 -75.47763
12943 3.66450 NaN NaN NaN 131.86201 -113.01405 -70.71078 229.03081 -193.52531 -81.22798 NaN NaN NaN 96.39367 -129.51570 -87.95628 -10.22963 -203.44545 -75.45411
12944 3.67284 NaN NaN NaN 131.83553 -113.06676 -70.73104 229.00500 -193.55501 -81.22266 NaN NaN NaN 96.37806 -129.52800 -87.96570 -10.24977 -203.48248 -75.46850
12945 3.68118 NaN NaN NaN 131.83632 -113.10989 -70.72195 229.00192 -193.59598 -81.22491 NaN NaN NaN 96.38116 -129.52968 -87.94994 -10.27340 -203.50269 -75.48167
12946 3.68952 NaN NaN NaN 131.84767 -113.13430 -70.72570 228.99863 -193.61284 -81.23260 NaN NaN NaN 96.36515 -129.57037 -87.96738 -10.28586 -203.54707 -75.55242
12947 3.69786 NaN NaN NaN 131.86491 -113.12971 -70.71175 229.01512 -193.63997 -81.22374 NaN NaN NaN 96.37337 -129.58963 -87.94256 -10.30967 -203.56360 -75.56683
12948 3.70620 NaN NaN NaN 131.85789 -113.14597 -70.70541 229.00612 -193.65895 -81.23546 NaN NaN NaN 96.36099 -129.60977 -87.94840 -10.30242 -203.58264 -75.57377
12949 3.71453 NaN NaN NaN 131.84946 -113.16336 -70.69726 229.01636 -193.69736 -81.23222 NaN NaN NaN 96.36386 -129.66039 -87.92940 -10.30222 -203.60519 -75.57143
12950 3.72287 NaN NaN NaN 131.84453 -113.18515 -70.69518 229.00502 -193.71344 -81.25430 NaN NaN NaN 96.34835 -129.67316 -87.92708 -10.29642 -203.64107 -75.56381
12951 3.73121 NaN NaN NaN 131.84949 -113.22206 -70.68421 229.01060 -193.74136 -81.24677 NaN NaN NaN 96.33943 -129.70993 -87.93022 -10.31039 -203.67401 -75.55927
12952 3.73955 NaN NaN NaN 131.85284 -113.25876 -70.67938 229.00186 -193.74277 -81.25635 NaN NaN NaN 96.31875 -129.72995 -87.94157 -10.31879 -203.72214 -75.55597
12953 3.74789 NaN NaN NaN 131.86153 -113.26783 -70.63255 229.01367 -193.76649 -81.25395 NaN NaN NaN 96.32224 -129.76659 -87.93533 -10.33481 -203.73715 -75.57655
12954 3.75623 NaN NaN NaN 131.84660 -113.29250 -70.65144 229.00851 -193.76147 -81.25367 NaN NaN NaN 96.30299 -129.78317 -87.92690 -10.35258 -203.73277 -75.59492
12955 3.76457 NaN NaN NaN 131.88222 -113.23628 -70.62485 229.01402 -193.78862 -81.25702 NaN NaN NaN 96.29395 -129.81052 -87.91842 -10.36223 -203.74654 -75.60434
12956 3.77291 NaN NaN NaN 131.91048 -113.24247 -70.64263 229.00880 -193.77905 -81.25694 NaN NaN NaN 96.27683 -129.79196 -87.91805 -10.37057 -203.74413 -75.60248
12957 3.78125 NaN NaN NaN 131.85213 -113.26452 -70.63509 229.01508 -193.80119 -81.25816 NaN NaN NaN 96.26167 -129.80177 -87.92217 -10.38203 -203.77336 -75.59908
12958 3.78958 NaN NaN NaN 131.87466 -113.24940 -70.61417 228.99574 -193.80490 -81.23732 NaN NaN NaN 96.26633 -129.81982 -87.92203 -10.37746 -203.78923 -75.59444
12959 3.79792 NaN NaN NaN 131.89966 -113.20799 -70.61691 228.99454 -193.81000 -81.23212 NaN NaN NaN 96.26024 -129.81038 -87.92110 -10.38754 -203.80418 -75.58729
12960 3.80626 NaN NaN NaN 131.90906 -113.23488 -70.62279 228.98096 -193.78214 -81.24344 NaN NaN NaN 96.25612 -129.79570 -87.90906 -10.37924 -203.79643 -75.58674
12961 3.81460 NaN NaN NaN 131.91240 -113.21057 -70.61291 228.99324 -193.76813 -81.23695 NaN NaN NaN 96.26239 -129.80305 -87.89774 -10.38070 -203.78656 -75.59187
12962 3.82294 NaN NaN NaN 131.90096 -113.21803 -70.61917 228.97594 -193.77083 -81.23026 NaN NaN NaN 96.25441 -129.81006 -87.90067 -10.38421 -203.76732 -75.59296
12963 3.83128 NaN NaN NaN 131.89789 -113.20966 -70.59536 228.98676 -193.78601 -81.22696 NaN NaN NaN 96.26144 -129.81386 -87.89471 -10.39171 -203.76073 -75.60361
12964 3.83962 NaN NaN NaN 131.89888 -113.20481 -70.58907 228.96713 -193.78368 -81.22008 NaN NaN NaN 96.26136 -129.78847 -87.89914 -10.38272 -203.75371 -75.59840
12965 3.84796 NaN NaN NaN 131.83450 -113.24657 -70.61140 228.97653 -193.78893 -81.21795 NaN NaN NaN 96.25231 -129.78416 -87.89771 -10.39169 -203.76382 -75.60505
12966 3.85630 NaN NaN NaN 131.87286 -113.20592 -70.59109 228.96858 -193.77901 -81.21992 NaN NaN NaN 96.24637 -129.75339 -87.89507 -10.39856 -203.75218 -75.61403
12967 3.86464 NaN NaN NaN 131.89224 -113.17334 -70.57561 228.97464 -193.76736 -81.21995 NaN NaN NaN 96.24432 -129.75238 -87.83416 -10.42760 -203.71584 -75.64798
12968 3.87297 NaN NaN NaN 131.90340 -113.14711 -70.57742 228.95708 -193.75322 -81.22634 NaN NaN NaN 96.25025 -129.74542 -87.81495 -10.44125 -203.69809 -75.65927
12969 3.88131 NaN NaN NaN 131.89923 -113.12158 -70.58662 228.96274 -193.73958 -81.22633 NaN NaN NaN 96.24409 -129.74428 -87.80802 -10.44845 -203.66432 -75.66908
12970 3.88965 NaN NaN NaN 131.82092 -113.18008 -70.59141 228.95375 -193.74225 -81.23075 NaN NaN NaN 96.23099 -129.73083 -87.81131 -10.49050 -203.62981 -75.70787
12971 3.89799 NaN NaN NaN 131.85020 -113.13321 -70.57878 228.95775 -193.71803 -81.22933 NaN NaN NaN 96.22813 -129.72716 -87.75070 -10.49894 -203.63522 -75.69204
12972 3.90633 NaN NaN NaN 131.82346 -113.18343 -70.56087 228.93100 -193.70311 -81.22942 NaN NaN NaN 96.22579 -129.71733 -87.78169 -10.49370 -203.63896 -75.66782
12973 3.91467 NaN NaN NaN 131.87181 -113.12794 -70.56151 228.95074 -193.69215 -81.20590 NaN NaN NaN 96.22710 -129.68813 -87.75165 -10.49715 -203.64334 -75.67489
12974 3.92301 NaN NaN NaN 131.89607 -113.10336 -70.54478 228.93353 -193.67102 -81.20930 NaN NaN NaN 96.20542 -129.69618 -87.75247 -10.44653 -203.62192 -75.66631
12975 3.93135 NaN NaN NaN 131.88466 -113.08746 -70.54671 228.93817 -193.66264 -81.20959 NaN NaN NaN 96.21037 -129.67036 -87.71738 -10.48080 -203.61307 -75.67403
12976 3.93969 NaN NaN NaN 131.86342 -113.10025 -70.52419 228.92584 -193.65771 -81.19312 NaN NaN NaN 96.18299 -129.58131 -87.72405 -10.50362 -203.57626 -75.67491
12977 3.94802 NaN NaN NaN 131.88377 -113.07561 -70.55420 228.92882 -193.64955 -81.19486 NaN NaN NaN 96.20602 -129.60466 -87.71940 -10.49395 -203.56882 -75.64979
12978 3.95636 NaN NaN NaN 131.89151 -113.05504 -70.54979 228.93571 -193.64171 -81.19314 NaN NaN NaN 96.22733 -129.63928 -87.71587 -10.48475 -203.57681 -75.61729
12979 3.96470 NaN NaN NaN 131.89507 -113.05271 -70.57207 228.93214 -193.65099 -81.18372 NaN NaN NaN 96.19313 -129.59155 -87.72572 -10.50240 -203.57986 -75.65814
12980 3.97304 NaN NaN NaN 131.88254 -113.04290 -70.56569 228.92953 -193.64728 -81.19006 NaN NaN NaN 96.19400 -129.57307 -87.70323 -10.44433 -203.59319 -75.62975
12981 3.98138 NaN NaN NaN 131.88721 -113.04647 -70.57625 228.93355 -193.64778 -81.18685 NaN NaN NaN 96.18865 -129.58502 -87.69897 -10.47517 -203.59557 -75.62924
12982 3.98972 NaN NaN NaN 131.86760 -113.05278 -70.55968 228.93628 -193.64948 -81.18384 NaN NaN NaN 96.18235 -129.57581 -87.68615 -10.49544 -203.60191 -75.64680
12983 3.99806 NaN NaN NaN 131.86884 -113.08346 -70.54801 228.93863 -193.66476 -81.18361 NaN NaN NaN 96.18610 -129.58112 -87.67392 -10.52122 -203.59238 -75.66634
12984 4.00640 NaN NaN NaN 131.85236 -113.08734 -70.54456 228.94331 -193.66504 -81.18459 NaN NaN NaN 96.19324 -129.57660 -87.67318 -10.49132 -203.58888 -75.62460
12985 4.01474 NaN NaN NaN 131.86368 -113.10142 -70.53983 228.94791 -193.66150 -81.19315 NaN NaN NaN 96.18847 -129.60350 -87.68096 -10.50314 -203.60146 -75.64347
12986 4.02307 NaN NaN NaN 131.86838 -113.10531 -70.55708 228.93723 -193.65561 -81.18147 NaN NaN NaN 96.19374 -129.58736 -87.66840 -10.49976 -203.60202 -75.63396
12987 4.03141 NaN NaN NaN 131.86432 -113.09628 -70.56760 228.92834 -193.65488 -81.17253 NaN NaN NaN 96.19512 -129.60898 -87.65149 -10.49179 -203.61798 -75.63234
12988 4.03975 NaN NaN NaN 131.84737 -113.11459 -70.54791 228.91702 -193.66821 -81.17657 NaN NaN NaN 96.18791 -129.60594 -87.66096 -10.47192 -203.62489 -75.60195
12989 4.04809 NaN NaN NaN 131.84502 -113.12955 -70.54803 228.92012 -193.67648 -81.17497 NaN NaN NaN 96.18937 -129.60141 -87.65624 -10.46309 -203.64082 -75.59888
12990 4.05643 NaN NaN NaN 131.82652 -113.17931 -70.52457 228.90126 -193.68347 -81.18307 NaN NaN NaN 96.19332 -129.60179 -87.66925 -10.43796 -203.64462 -75.54680
12991 4.06477 NaN NaN NaN 131.83589 -113.15368 -70.54578 228.90312 -193.70401 -81.16202 NaN NaN NaN 96.19328 -129.60245 -87.66433 -10.46940 -203.67525 -75.59592
12992 4.07311 NaN NaN NaN 131.84677 -113.14170 -70.54768 228.88715 -193.72160 -81.15960 NaN NaN NaN 96.20516 -129.62549 -87.66159 -10.45137 -203.68604 -75.57103
12993 4.08145 NaN NaN NaN 131.83165 -113.13189 -70.54475 228.89709 -193.74294 -81.16170 NaN NaN NaN 96.23763 -129.70381 -87.65405 -10.43918 -203.69009 -75.56735
12994 4.08979 NaN NaN NaN 131.83751 -113.13581 -70.55319 228.88524 -193.76762 -81.15468 NaN NaN NaN 96.24138 -129.75870 -87.61526 -10.43649 -203.72263 -75.55746
12995 4.09813 NaN NaN NaN 131.83238 -113.15366 -70.55318 228.88832 -193.77420 -81.15712 NaN NaN NaN 96.23899 -129.79311 -87.60655 -10.45979 -203.72960 -75.55500
12996 4.10646 NaN NaN NaN 131.83458 -113.18370 -70.55086 228.87532 -193.77985 -81.17147 NaN NaN NaN 96.25684 -129.80623 -87.60390 -10.48024 -203.72585 -75.59042
12997 4.11480 NaN NaN NaN 131.83095 -113.21416 -70.53857 228.89114 -193.79066 -81.17948 NaN NaN NaN 96.26177 -129.81874 -87.61273 -10.47280 -203.73375 -75.58403
12998 4.12314 NaN NaN NaN 131.81725 -113.20462 -70.53416 228.87566 -193.79674 -81.18847 NaN NaN NaN 96.25697 -129.79610 -87.61288 -10.42975 -203.74886 -75.51260
12999 4.13148 NaN NaN NaN 131.81590 -113.21152 -70.51849 228.87796 -193.79562 -81.18288 NaN NaN NaN 96.25510 -129.81395 -87.62396 -10.44262 -203.76714 -75.54951
13000 4.13982 NaN NaN NaN 131.81470 -113.20804 -70.52551 228.86145 -193.80283 -81.18423 NaN NaN NaN 96.25181 -129.82001 -87.62264 -10.44662 -203.77583 -75.53968
13001 4.14816 NaN NaN NaN 131.79831 -113.21143 -70.52950 228.87077 -193.81313 -81.19280 NaN NaN NaN 96.25040 -129.83104 -87.62590 -10.45954 -203.79201 -75.58594
13002 4.15650 NaN NaN NaN 131.79752 -113.22257 -70.54044 228.86168 -193.81711 -81.19913 NaN NaN NaN 96.26911 -129.83701 -87.59487 -10.40821 -203.78894 -75.51728
13003 4.16484 NaN NaN NaN 131.80391 -113.23656 -70.53135 228.86330 -193.82439 -81.19740 NaN NaN NaN 96.27433 -129.84312 -87.60751 -10.42222 -203.80142 -75.54158
13004 4.17318 NaN NaN NaN 131.80745 -113.23948 -70.53069 228.85873 -193.80437 -81.20352 NaN NaN NaN 96.29118 -129.83777 -87.59885 -10.40408 -203.79831 -75.53008
13005 4.18151 NaN NaN NaN 131.79601 -113.22087 -70.51608 228.85791 -193.81885 -81.19090 NaN NaN NaN 96.28568 -129.84184 -87.61487 -10.41249 -203.80527 -75.53300
13006 4.18985 NaN NaN NaN 131.80467 -113.21060 -70.51505 228.84613 -193.81125 -81.18942 NaN NaN NaN 96.29592 -129.84593 -87.61628 -10.37618 -203.79567 -75.50906
13007 4.19819 NaN NaN NaN 131.81441 -113.21538 -70.53400 228.85205 -193.83514 -81.17661 NaN NaN NaN 96.28602 -129.85448 -87.62253 -10.39076 -203.80568 -75.53943
13008 4.20653 NaN NaN NaN 131.81071 -113.22379 -70.52614 228.85649 -193.82158 -81.19105 NaN NaN NaN 96.30796 -129.84622 -87.60193 -10.37283 -203.80605 -75.53339
13009 4.21487 NaN NaN NaN 131.81158 -113.20680 -70.52211 228.86099 -193.82845 -81.17912 NaN NaN NaN 96.31580 -129.83937 -87.60738 -10.36740 -203.80063 -75.53398
13010 4.22321 NaN NaN NaN 131.79341 -113.21757 -70.52039 228.84221 -193.80547 -81.17487 NaN NaN NaN 96.32088 -129.82765 -87.59737 -10.35646 -203.81113 -75.51653
13011 4.23155 NaN NaN NaN 131.79837 -113.19286 -70.52212 228.84570 -193.81929 -81.17315 NaN NaN NaN 96.30428 -129.82813 -87.61638 -10.37256 -203.78470 -75.53486
13012 4.23989 NaN NaN NaN 131.79062 -113.20390 -70.51238 228.82529 -193.81055 -81.17188 NaN NaN NaN 96.32475 -129.81966 -87.61482 -10.36850 -203.77991 -75.54501
13013 4.24823 NaN NaN NaN 131.79633 -113.19807 -70.51898 228.83542 -193.80579 -81.16892 NaN NaN NaN 96.30960 -129.81055 -87.62767 -10.36942 -203.77138 -75.51928
13014 4.25656 NaN NaN NaN 131.80208 -113.16917 -70.52407 228.82950 -193.79924 -81.15842 NaN NaN NaN 96.31863 -129.81743 -87.62178 -10.35516 -203.76447 -75.53364
13015 4.26490 NaN NaN NaN 131.79605 -113.15612 -70.52116 228.82549 -193.80341 -81.15256 NaN NaN NaN 96.33341 -129.82860 -87.62128 -10.35815 -203.76257 -75.53926
13016 4.27324 NaN NaN NaN 131.78493 -113.15439 -70.52578 228.80418 -193.80899 -81.14229 NaN NaN NaN 96.33969 -129.81369 -87.62635 -10.34054 -203.74059 -75.51686
13017 4.28158 NaN NaN NaN 131.78659 -113.15594 -70.52349 228.80415 -193.79962 -81.12549 NaN NaN NaN 96.34156 -129.78293 -87.63350 -10.34625 -203.74135 -75.51835
13018 4.28992 NaN NaN NaN 131.78011 -113.14375 -70.51652 228.80841 -193.79509 -81.13611 NaN NaN NaN 96.33929 -129.76563 -87.62151 -10.33097 -203.74521 -75.52664
13019 4.29826 NaN NaN NaN 131.77994 -113.15545 -70.48937 228.81485 -193.78929 -81.12849 NaN NaN NaN 96.33993 -129.74345 -87.64661 -10.31783 -203.73772 -75.52331
13020 4.30660 NaN NaN NaN 131.78973 -113.11794 -70.50638 228.81224 -193.77441 -81.12478 NaN NaN NaN 96.36148 -129.74026 -87.63927 -10.31065 -203.72688 -75.52323
13021 4.31494 NaN NaN NaN 131.80223 -113.10907 -70.51432 228.81407 -193.77193 -81.11739 NaN NaN NaN 96.38452 -129.73401 -87.63937 -10.30331 -203.71320 -75.50581
13022 4.32328 NaN NaN NaN 131.79346 -113.09415 -70.51800 228.81360 -193.78304 -81.12196 NaN NaN NaN 96.38009 -129.72301 -87.63947 -10.29882 -203.70955 -75.52354
13023 4.33162 NaN NaN NaN 131.74304 -113.14421 -70.52145 228.80473 -193.77029 -81.11250 NaN NaN NaN 96.38099 -129.74020 -87.65098 -10.30026 -203.70430 -75.52554
13024 4.33995 NaN NaN NaN 131.75797 -113.13154 -70.50453 228.80681 -193.77950 -81.11102 NaN NaN NaN 96.38097 -129.71706 -87.65055 -10.29009 -203.70200 -75.53769
13025 4.34829 NaN NaN NaN 131.79655 -113.10178 -70.49711 228.79968 -193.75687 -81.10727 NaN NaN NaN 96.39081 -129.71028 -87.67490 -10.26181 -203.69301 -75.49122
13026 4.35663 NaN NaN NaN 131.77715 -113.10485 -70.48869 228.78622 -193.75189 -81.11122 NaN NaN NaN 96.38621 -129.69507 -87.68534 -10.26932 -203.68156 -75.51470
13027 4.36497 NaN NaN NaN 131.77362 -113.07338 -70.50662 228.78467 -193.74828 -81.10432 NaN NaN NaN 96.38152 -129.69391 -87.69078 -10.25588 -203.67622 -75.47215
13028 4.37331 NaN NaN NaN 131.74995 -113.08369 -70.50504 228.77307 -193.74557 -81.09143 NaN NaN NaN 96.39026 -129.69875 -87.68373 -10.26022 -203.67606 -75.52093
13029 4.38165 NaN NaN NaN 131.75375 -113.08997 -70.50668 228.77455 -193.76657 -81.09512 NaN NaN NaN 96.39211 -129.69966 -87.68776 -10.25065 -203.66689 -75.49841
13030 4.38999 NaN NaN NaN 131.75984 -113.09354 -70.50195 228.77707 -193.77493 -81.09386 NaN NaN NaN 96.38985 -129.69313 -87.66035 -10.24298 -203.67876 -75.47939
13031 4.39833 NaN NaN NaN 131.75093 -113.09213 -70.49082 228.76115 -193.78201 -81.09700 NaN NaN NaN 96.39443 -129.71793 -87.66754 -10.24251 -203.70537 -75.48370
13032 4.40667 NaN NaN NaN 131.73212 -113.10292 -70.48066 228.75609 -193.77946 -81.09342 NaN NaN NaN 96.39950 -129.70726 -87.67661 -10.24620 -203.70901 -75.49503
13033 4.41500 NaN NaN NaN 131.69740 -113.13955 -70.50547 228.75400 -193.77037 -81.09862 NaN NaN NaN 96.40528 -129.70667 -87.70386 -10.22731 -203.69427 -75.48592
13034 4.42334 NaN NaN NaN 131.73534 -113.10553 -70.50182 228.74649 -193.76486 -81.10454 NaN NaN NaN 96.40636 -129.68843 -87.69344 -10.23148 -203.69002 -75.50685
13035 4.43168 NaN NaN NaN 131.76849 -113.09251 -70.50997 228.75267 -193.78979 -81.09147 NaN NaN NaN 96.41118 -129.67894 -87.71247 -10.19920 -203.69383 -75.44875
13036 4.44002 NaN NaN NaN 131.74811 -113.08723 -70.50103 228.74361 -193.77658 -81.10197 NaN NaN NaN 96.41013 -129.66447 -87.70277 -10.20641 -203.71161 -75.46465
13037 4.44836 NaN NaN NaN 131.75810 -113.08581 -70.51268 228.74924 -193.79251 -81.09380 NaN NaN NaN 96.40281 -129.67081 -87.71600 -10.21956 -203.72658 -75.47874
