Frame# Time LH1 LH2 LH3 RH1 RH2 RH3
X54 Y54 Z54 X55 Y55 Z55 X56 Y56 Z56 X57 Y57 Z57 X58 Y58 Z58 X59 Y59 Z59
43383 0.00159 NaN NaN NaN 159.98364 -84.97237 -25.12531 257.35565 -165.77719 -28.70403 NaN NaN NaN 5.75460 -147.38608 27.45996 -72.86251 -187.16096 -68.64933
43384 0.00993 NaN NaN NaN 159.95938 -84.94985 -25.15188 257.35968 -165.75978 -28.68602 NaN NaN NaN 5.72852 -147.39726 27.45406 -72.88041 -187.16699 -68.66227
43385 0.01826 NaN NaN NaN 159.96407 -84.93020 -25.13654 257.36102 -165.75867 -28.69782 NaN NaN NaN 5.70766 -147.42247 27.49010 -72.87833 -187.15479 -68.66812
43386 0.02659 NaN NaN NaN 159.93721 -84.93675 -25.14863 257.34317 -165.74930 -28.68941 NaN NaN NaN 5.70930 -147.42874 27.51570 -72.88582 -187.17365 -68.65654
43387 0.03492 NaN NaN NaN 159.96405 -84.92558 -25.13541 257.33493 -165.75378 -28.69372 NaN NaN NaN 5.68938 -147.44160 27.50155 -72.90376 -187.18472 -68.66632
43388 0.04325 NaN NaN NaN 159.94597 -84.97310 -25.13744 257.35461 -165.75340 -28.70887 NaN NaN NaN 5.68552 -147.44838 27.50238 -72.90250 -187.17676 -68.67878
43389 0.05158 NaN NaN NaN 159.96535 -84.96159 -25.12844 257.36264 -165.75671 -28.73413 NaN NaN NaN 5.65998 -147.47771 27.50305 -72.90334 -187.17175 -68.69105
43390 0.05991 NaN NaN NaN 159.94943 -84.99654 -25.11982 257.37585 -165.75925 -28.74147 NaN NaN NaN 5.64341 -147.47906 27.51549 -72.91260 -187.16689 -68.68962
43391 0.06825 NaN NaN NaN 159.97955 -84.97593 -25.12673 257.36285 -165.78160 -28.75231 NaN NaN NaN 5.63498 -147.49763 27.53233 -72.91438 -187.16068 -68.69119
43392 0.07658 NaN NaN NaN 159.96021 -85.01125 -25.14414 257.37057 -165.78128 -28.75188 NaN NaN NaN 5.61370 -147.52754 27.55586 -72.90454 -187.18614 -68.69240
43393 0.08491 NaN NaN NaN 159.99344 -85.01537 -25.13791 257.37494 -165.80438 -28.75275 NaN NaN NaN 5.59959 -147.55382 27.57485 -72.91982 -187.20036 -68.69692
43394 0.09324 NaN NaN NaN 159.99460 -85.04128 -25.12552 257.37997 -165.81113 -28.76404 NaN NaN NaN 5.58285 -147.57790 27.57363 -72.92494 -187.21011 -68.69031
43395 0.10157 NaN NaN NaN 159.98895 -85.02031 -25.11367 257.37082 -165.83630 -28.75671 NaN NaN NaN 5.58274 -147.57565 27.58012 -72.93192 -187.19827 -68.70681
43396 0.10990 NaN NaN NaN 159.96608 -85.03850 -25.11862 257.37033 -165.82767 -28.76751 NaN NaN NaN 5.53694 -147.58011 27.59556 -72.93819 -187.20773 -68.69711
43397 0.11823 NaN NaN NaN 159.98364 -85.02731 -25.12139 257.37289 -165.83997 -28.75220 NaN NaN NaN 5.50766 -147.59584 27.62673 -72.94389 -187.21317 -68.71467
43398 0.12656 NaN NaN NaN 160.00145 -85.02441 -25.13477 257.37851 -165.82333 -28.77011 NaN NaN NaN 5.47486 -147.62811 27.64941 -72.93876 -187.22202 -68.71354
43399 0.13490 NaN NaN NaN 160.00021 -85.03740 -25.14483 257.40109 -165.83820 -28.75516 NaN NaN NaN 5.45998 -147.65311 27.66373 -72.94611 -187.23187 -68.71807
43400 0.14323 NaN NaN NaN 159.97768 -85.06563 -25.14443 257.41049 -165.84146 -28.77013 NaN NaN NaN 5.43687 -147.68059 27.66951 -72.94608 -187.22357 -68.70602
43401 0.15156 NaN NaN NaN 160.00664 -85.07076 -25.14708 257.42502 -165.86102 -28.76340 NaN NaN NaN 5.43642 -147.69165 27.67813 -72.96300 -187.21445 -68.72346
43402 0.15989 NaN NaN NaN 160.01955 -85.05910 -25.13769 257.43588 -165.86606 -28.77532 NaN NaN NaN 5.42782 -147.69470 27.68955 -72.96428 -187.20918 -68.71092
43403 0.16822 NaN NaN NaN 160.04752 -85.06645 -25.16205 257.44910 -165.88297 -28.77292 NaN NaN NaN 5.40862 -147.69133 27.69919 -72.96564 -187.22118 -68.71799
43404 0.17655 NaN NaN NaN 160.02641 -85.06941 -25.16718 257.44980 -165.88655 -28.78030 NaN NaN NaN 5.39793 -147.70804 27.68684 -72.94884 -187.23262 -68.71067
43405 0.18488 NaN NaN NaN 160.04897 -85.05206 -25.17961 257.45407 -165.88966 -28.77942 NaN NaN NaN 5.38787 -147.71994 27.70001 -72.96937 -187.23753 -68.72109
43406 0.19321 NaN NaN NaN 160.06258 -85.05853 -25.16560 257.46292 -165.90399 -28.78646 NaN NaN NaN 5.36868 -147.72255 27.69738 -72.98468 -187.24635 -68.72802
43407 0.20155 NaN NaN NaN 160.08156 -85.07750 -25.17454 257.47806 -165.91446 -28.79863 NaN NaN NaN 5.35630 -147.73640 27.71340 -72.98330 -187.23943 -68.72963
43408 0.20988 NaN NaN NaN 160.08510 -85.09763 -25.15606 257.48947 -165.92867 -28.80198 NaN NaN NaN 5.33205 -147.75288 27.71343 -72.98814 -187.23079 -68.72791
43409 0.21821 NaN NaN NaN 160.06895 -85.12614 -25.17878 257.49896 -165.94844 -28.81199 NaN NaN NaN 5.32510 -147.78465 27.73004 -72.99778 -187.22865 -68.74512
43410 0.22654 NaN NaN NaN 160.07454 -85.13683 -25.15904 257.51569 -165.95551 -28.82781 NaN NaN NaN 5.28386 -147.80614 27.75005 -72.99879 -187.24254 -68.74520
43411 0.23487 NaN NaN NaN 160.06885 -85.12345 -25.18037 257.50977 -165.95134 -28.83234 NaN NaN NaN 5.27304 -147.83455 27.75458 -73.02441 -187.26163 -68.76862
43412 0.24320 NaN NaN NaN 160.07066 -85.11715 -25.18267 257.51199 -165.94881 -28.82964 NaN NaN NaN 5.22192 -147.84503 27.75444 -73.03525 -187.25941 -68.79404
43413 0.25153 NaN NaN NaN 160.07907 -85.12373 -25.18692 257.52045 -165.94740 -28.82657 NaN NaN NaN 5.14233 -147.88493 27.78768 -73.05726 -187.25414 -68.82455
43414 0.25987 NaN NaN NaN 160.10374 -85.13088 -25.15932 257.51331 -165.95273 -28.82726 NaN NaN NaN 5.08148 -147.95268 27.81918 -73.06080 -187.27145 -68.81458
43415 0.26820 NaN NaN NaN 160.09496 -85.15913 -25.15142 257.52017 -165.96530 -28.83669 NaN NaN NaN 5.01415 -148.02219 27.85796 -73.09027 -187.31226 -68.81331
43416 0.27653 NaN NaN NaN 160.08388 -85.16239 -25.14208 257.53156 -165.96387 -28.84295 NaN NaN NaN 4.97709 -148.08929 27.89747 -73.12017 -187.34805 -68.81942
43417 0.28486 NaN NaN NaN 160.07739 -85.17311 -25.14727 257.52960 -165.96640 -28.85414 NaN NaN NaN 4.91327 -148.13564 27.91719 -73.13853 -187.35017 -68.84275
43418 0.29319 NaN NaN NaN 160.09656 -85.19578 -25.14405 257.52832 -165.98543 -28.86696 NaN NaN NaN 4.86786 -148.18677 27.94687 -73.16064 -187.36111 -68.88393
43419 0.30152 NaN NaN NaN 160.10432 -85.22224 -25.13724 257.53665 -165.97490 -28.85779 NaN NaN NaN 4.81470 -148.22772 27.98730 -73.17753 -187.35580 -68.91349
43420 0.30985 NaN NaN NaN 160.10361 -85.23214 -25.14431 257.53848 -165.98668 -28.86987 NaN NaN NaN 4.75843 -148.26811 28.02709 -73.20996 -187.33916 -68.93615
43421 0.31818 NaN NaN NaN 160.11723 -85.23397 -25.15234 257.55807 -165.97446 -28.87635 NaN NaN NaN 4.67930 -148.31728 28.06483 -73.24145 -187.34019 -68.95919
43422 0.32652 NaN NaN NaN 160.11594 -85.23264 -25.14226 257.56451 -165.99632 -28.89469 NaN NaN NaN 4.61081 -148.39502 28.10255 -73.26453 -187.31824 -68.97838
43423 0.33485 NaN NaN NaN 160.11400 -85.24236 -25.15746 257.58777 -165.99867 -28.90144 NaN NaN NaN 4.52501 -148.47162 28.16113 -73.30003 -187.31583 -69.00099
43424 0.34318 NaN NaN NaN 160.13426 -85.25811 -25.14436 257.59470 -166.02826 -28.91973 NaN NaN NaN 4.39773 -148.55502 28.20416 -73.32304 -187.32318 -69.01296
43425 0.35151 NaN NaN NaN 160.15907 -85.31334 -25.14281 257.62180 -166.03448 -28.92881 NaN NaN NaN 4.26916 -148.60683 28.25221 -73.36192 -187.36342 -69.05658
43426 0.35984 NaN NaN NaN 160.18539 -85.34328 -25.13745 257.64975 -166.03127 -28.96268 NaN NaN NaN 4.13386 -148.72031 28.34792 -73.40977 -187.38867 -69.08072
43427 0.36817 NaN NaN NaN 160.20784 -85.34330 -25.15151 257.66431 -166.04173 -29.01363 NaN NaN NaN 3.95998 -148.85350 28.47664 -73.47146 -187.41158 -69.15157
43428 0.37650 NaN NaN NaN 160.21870 -85.36799 -25.13846 257.68738 -166.03879 -29.02649 NaN NaN NaN 3.76215 -148.98160 28.55471 -73.53374 -187.48874 -69.21911
43429 0.38483 NaN NaN NaN 160.25380 -85.36723 -25.15050 257.72104 -166.04514 -29.05433 NaN NaN NaN 3.55182 -149.14079 28.71290 -73.60129 -187.52744 -69.25030
43430 0.39317 NaN NaN NaN 160.27357 -85.38920 -25.11795 257.76193 -166.06554 -29.10024 NaN NaN NaN 3.29997 -149.26878 28.83132 -73.65005 -187.51546 -69.29248
43431 0.40150 NaN NaN NaN 160.31410 -85.40181 -25.11477 257.78427 -166.08960 -29.12468 NaN NaN NaN 3.03119 -149.44113 28.96085 -73.72348 -187.52335 -69.35888
43432 0.40983 NaN NaN NaN 160.35394 -85.45874 -25.08814 257.80533 -166.10562 -29.13715 NaN NaN NaN 2.76266 -149.62244 29.08892 -73.81465 -187.50392 -69.42148
43433 0.41816 NaN NaN NaN 160.35841 -85.49971 -25.09059 257.84247 -166.13504 -29.16584 NaN NaN NaN 2.46233 -149.78801 29.22361 -73.93233 -187.54254 -69.49008
43434 0.42649 NaN NaN NaN 160.37404 -85.53606 -25.10021 257.86322 -166.11035 -29.21656 NaN NaN NaN 2.14300 -150.00925 29.38486 -74.02352 -187.52567 -69.54004
43435 0.43482 NaN NaN NaN 160.36604 -85.56023 -25.11670 257.87909 -166.10829 -29.25537 NaN NaN NaN 1.81539 -150.21107 29.51917 -74.09828 -187.51476 -69.61470
43436 0.44315 NaN NaN NaN 160.38481 -85.56073 -25.12967 257.90198 -166.08749 -29.28992 NaN NaN NaN 1.45673 -150.46603 29.69842 -74.20524 -187.51195 -69.71331
43437 0.45148 NaN NaN NaN 160.40005 -85.52903 -25.24393 257.92929 -166.04649 -29.31708 NaN NaN NaN 1.09223 -150.66945 29.88396 -74.34880 -187.49716 -69.83988
43438 0.45982 NaN NaN NaN 160.40456 -85.50630 -25.39050 257.96408 -166.00703 -29.34196 NaN NaN NaN 0.67434 -150.91112 30.03891 -74.50546 -187.52342 -69.95222
43439 0.46815 NaN NaN NaN 160.42618 -85.46880 -25.53623 258.01553 -165.97069 -29.38620 NaN NaN NaN 0.24477 -151.16956 30.21961 -74.66362 -187.56253 -70.05639
43440 0.47648 NaN NaN NaN 160.42958 -85.46158 -25.70467 258.07318 -165.92122 -29.43537 NaN NaN NaN -0.22552 -151.48773 30.45185 -74.88055 -187.62616 -70.14306
43441 0.48481 NaN NaN NaN 160.42833 -85.45470 -25.77241 258.09534 -165.89229 -29.48101 NaN NaN NaN -0.78368 -151.82355 30.63900 -75.11612 -187.64644 -70.25225
43442 0.49314 NaN NaN NaN 160.41666 -85.53398 -25.84621 258.10617 -165.88911 -29.53530 NaN NaN NaN -1.39080 -152.22073 30.84058 -75.37104 -187.73763 -70.41488
43443 0.50147 NaN NaN NaN 160.41263 -85.60716 -25.90677 258.14920 -165.86818 -29.60507 NaN NaN NaN -2.04438 -152.69872 31.05147 -75.64573 -187.83263 -70.55070
43444 0.50980 NaN NaN NaN 160.43282 -85.69068 -25.93645 258.21021 -165.88437 -29.71853 NaN NaN NaN -2.76528 -153.18051 31.29187 -75.92899 -187.88727 -70.75317
43445 0.51814 NaN NaN NaN 160.43924 -85.79929 -25.93516 258.30997 -165.93471 -29.87529 NaN NaN NaN -3.49683 -153.71170 31.52245 -76.26972 -187.92474 -70.96213
43446 0.52647 NaN NaN NaN 160.47144 -85.91752 -25.86823 258.42963 -166.01886 -30.00912 NaN NaN NaN -4.26466 -154.17851 31.74695 -76.64320 -187.90820 -71.11423
43447 0.53480 NaN NaN NaN 160.61438 -86.06634 -25.75086 258.53766 -166.09384 -30.13819 NaN NaN NaN -5.00355 -154.66447 31.92621 -77.04520 -187.94852 -71.26215
43448 0.54313 NaN NaN NaN 160.74728 -86.21512 -25.60167 258.68942 -166.19208 -30.23390 NaN NaN NaN -5.77335 -155.15106 32.04952 -77.48273 -188.05099 -71.46916
43449 0.55146 NaN NaN NaN 160.85216 -86.35800 -25.31109 258.85370 -166.33551 -30.37087 NaN NaN NaN -6.54749 -155.70824 32.15641 -77.94593 -188.16519 -71.72573
43450 0.55979 NaN NaN NaN 161.02864 -86.53479 -24.99543 259.05133 -166.46822 -30.53813 NaN NaN NaN -7.33428 -156.18721 32.24235 -78.36385 -188.24109 -71.96342
43451 0.56812 NaN NaN NaN 161.20320 -86.74413 -24.69585 259.27841 -166.58438 -30.77539 NaN NaN NaN -8.08206 -156.70042 32.34766 -78.77198 -188.28305 -72.14854
43452 0.57645 NaN NaN NaN 161.37885 -86.96968 -24.34910 259.47531 -166.72180 -31.02998 NaN NaN NaN -8.82607 -157.17288 32.43856 -79.18083 -188.33815 -72.36023
43453 0.58479 NaN NaN NaN 161.52380 -87.21218 -24.03858 259.65341 -166.86816 -31.26496 NaN NaN NaN -9.54317 -157.61710 32.54760 -79.53296 -188.38786 -72.60104
43454 0.59312 NaN NaN NaN 161.73312 -87.45548 -23.61053 259.86542 -167.01987 -31.49323 NaN NaN NaN -10.21824 -157.99678 32.64814 -79.84019 -188.40384 -72.86217
43455 0.60145 NaN NaN NaN 161.98221 -87.65484 -23.16796 260.11151 -167.18066 -31.74705 NaN NaN NaN -10.92030 -158.36841 32.73860 -80.11478 -188.43332 -73.07030
43456 0.60978 NaN NaN NaN 162.21832 -87.87672 -22.69031 260.34570 -167.32133 -32.02127 NaN NaN NaN -11.61697 -158.70003 32.86781 -80.34158 -188.31361 -73.38457
43457 0.61811 NaN NaN NaN 162.41371 -88.07008 -22.21090 260.54263 -167.41479 -32.24900 NaN NaN NaN -12.25574 -158.94452 32.97723 -80.43327 -188.27724 -73.63159
43458 0.62644 NaN NaN NaN 162.58632 -88.26861 -21.84031 260.73926 -167.54559 -32.52610 NaN NaN NaN -12.83746 -159.15593 33.10165 -80.48670 -188.27318 -73.84294
43459 0.63477 NaN NaN NaN 162.79576 -88.46839 -21.49665 260.95560 -167.65150 -32.77223 NaN NaN NaN -13.34168 -159.33159 33.17128 -80.55035 -188.15656 -74.22463
43460 0.64310 NaN NaN NaN 163.04674 -88.58275 -21.12831 261.15125 -167.66818 -32.96991 NaN NaN NaN -13.71748 -159.43288 33.16639 -80.58039 -188.04118 -74.57368
43461 0.65144 NaN NaN NaN 163.27608 -88.60332 -20.81485 261.35489 -167.67046 -33.16376 NaN NaN NaN -14.06007 -159.50632 33.10227 -80.66357 -187.81290 -74.84972
43462 0.65977 NaN NaN NaN 163.47533 -88.67444 -20.59303 261.55316 -167.67770 -33.38874 NaN NaN NaN -14.46258 -159.65012 33.06132 -80.56606 -187.61520 -75.19368
43463 0.66810 NaN NaN NaN 163.70052 -88.64532 -20.34296 261.72070 -167.65002 -33.61182 NaN NaN NaN -14.77166 -159.74525 32.96322 -80.54588 -187.39622 -75.57030
43464 0.67643 NaN NaN NaN 163.86888 -88.71323 -19.90527 261.88446 -167.61342 -33.84122 NaN NaN NaN -14.98464 -159.84145 32.87809 -80.58044 -187.20848 -75.84212
43465 0.68476 NaN NaN NaN 164.14841 -88.69950 -19.67221 262.06738 -167.55571 -34.01152 NaN NaN NaN -15.21541 -160.05435 32.74959 -80.68658 -186.97159 -76.19495
43466 0.69309 NaN NaN NaN 164.36340 -88.64536 -19.33972 262.29178 -167.47417 -34.17735 NaN NaN NaN -15.49824 -160.14372 32.68322 -80.66833 -186.76344 -76.62984
43467 0.70142 NaN NaN NaN 164.67445 -88.58611 -19.01320 262.49506 -167.42804 -34.31833 NaN NaN NaN -15.69941 -160.17039 32.64122 -80.62847 -186.54643 -76.89339
43468 0.70976 NaN NaN NaN 164.88121 -88.55315 -18.64484 262.67044 -167.33290 -34.54513 NaN NaN NaN -15.75638 -160.10815 32.59551 -80.61545 -186.43568 -77.05422
43469 0.71809 NaN NaN NaN 165.07677 -88.52511 -18.37465 262.84113 -167.23376 -34.76827 NaN NaN NaN -15.80349 -160.02664 32.51868 -80.57793 -186.45036 -77.11716
43470 0.72642 NaN NaN NaN 165.29793 -88.44272 -18.11496 262.98373 -167.15329 -35.01181 NaN NaN NaN -15.95328 -159.94919 32.53685 -80.38417 -186.39554 -77.24931
43471 0.73475 NaN NaN NaN 165.53656 -88.38810 -17.89189 263.14755 -167.06111 -35.28592 NaN NaN NaN -16.30120 -159.97037 32.62545 -80.03362 -186.24524 -77.53600
43472 0.74308 NaN NaN NaN 165.76482 -88.32716 -17.70327 263.29059 -166.98106 -35.51027 NaN NaN NaN -16.61423 -159.99391 32.69750 -79.73890 -185.92236 -77.87431
43473 0.75141 NaN NaN NaN 165.95930 -88.25536 -17.43032 263.43469 -166.89833 -35.78028 NaN NaN NaN -17.06318 -160.09386 32.82558 -79.46140 -185.30278 -78.37540
43474 0.75974 NaN NaN NaN 166.11923 -88.28453 -17.18705 263.53537 -166.87128 -36.02674 NaN NaN NaN -17.53880 -160.19492 32.95722 -78.97955 -184.82344 -78.81024
43475 0.76807 NaN NaN NaN 166.26540 -88.28931 -17.02297 263.65210 -166.79265 -36.24463 NaN NaN NaN -18.09299 -160.29808 33.11833 -78.63525 -184.10197 -79.45656
43476 0.77641 NaN NaN NaN 166.42130 -88.26629 -16.86896 263.74857 -166.76907 -36.45057 NaN NaN NaN -18.65983 -160.48015 33.25479 -78.23592 -183.37831 -80.00999
43477 0.78474 NaN NaN NaN 166.55923 -88.26214 -16.65759 263.82901 -166.70827 -36.65706 NaN NaN NaN -19.26397 -160.69241 33.46017 -77.66882 -182.68988 -80.58865
43478 0.79307 NaN NaN NaN 166.68900 -88.28786 -16.33030 263.89386 -166.65866 -36.85721 NaN NaN NaN -19.87274 -160.94405 33.68780 -77.15178 -182.05775 -81.04147
43479 0.80140 NaN NaN NaN 166.74480 -88.40427 -15.90144 263.95813 -166.62732 -37.01702 NaN NaN NaN -20.45921 -161.07454 33.86629 -76.63736 -181.51682 -81.34734
43480 0.80973 NaN NaN NaN 166.91322 -88.42664 -15.63388 264.03290 -166.64658 -37.19477 NaN NaN NaN -21.13642 -161.36604 34.14339 -75.91628 -180.78162 -81.74537
43481 0.81806 NaN NaN NaN 166.99283 -88.51173 -15.29099 264.08801 -166.63725 -37.34401 NaN NaN NaN -22.29743 -161.95941 34.49156 -74.61455 -179.58852 -82.51469
43482 0.82639 NaN NaN NaN 167.10263 -88.64456 -14.87938 264.11746 -166.65434 -37.45874 NaN NaN NaN -23.96437 -163.35089 34.94987 -72.61250 -177.78688 -83.47861
43483 0.83472 NaN NaN NaN 167.22478 -88.72603 -14.47697 264.16669 -166.70663 -37.57627 NaN NaN NaN -25.60068 -164.72194 35.28162 -71.17336 -175.97188 -84.62913
43484 0.84306 NaN NaN NaN 167.31151 -88.86510 -14.01127 264.20416 -166.77037 -37.70558 NaN NaN NaN -26.49829 -165.18289 35.41105 -70.85441 -174.68373 -85.33096
43485 0.85139 NaN NaN NaN 167.43349 -89.08961 -13.50736 264.23041 -166.85248 -37.80509 NaN NaN NaN -26.64419 -164.82141 35.51335 -71.16457 -174.05539 -85.62380
43486 0.85972 NaN NaN NaN 167.55763 -89.23838 -13.03591 264.27054 -166.94995 -37.96472 NaN NaN NaN -26.69212 -164.15688 35.63321 -71.62993 -173.24323 -85.73602
43487 0.86805 NaN NaN NaN 167.71191 -89.30039 -12.53549 264.29355 -167.01176 -38.04468 NaN NaN NaN -26.88323 -163.64940 35.80418 -71.73623 -172.50107 -85.70798
43488 0.87638 NaN NaN NaN 167.84248 -89.48215 -12.05702 264.34131 -167.10710 -38.14443 NaN NaN NaN -27.13883 -163.35428 35.97124 -71.46306 -171.84966 -85.66448
43489 0.88471 NaN NaN NaN 168.03619 -89.53288 -11.61394 264.40759 -167.16141 -38.21233 NaN NaN NaN -27.29911 -163.09096 36.17118 -71.19879 -171.29416 -85.74547
43490 0.89304 NaN NaN NaN 168.20520 -89.65710 -11.19160 264.46231 -167.21230 -38.26508 NaN NaN NaN -27.23480 -162.68666 36.43314 -70.98623 -170.83241 -85.63132
43491 0.90138 NaN NaN NaN 168.33026 -89.84042 -10.80535 264.54535 -167.28461 -38.30820 NaN NaN NaN -26.98560 -162.18283 36.72651 -70.76762 -170.48039 -85.24974
43492 0.90971 NaN NaN NaN 168.53928 -89.84866 -10.43599 264.63385 -167.33421 -38.32130 NaN NaN NaN -26.62470 -161.59438 36.96026 -70.61865 -170.08823 -84.87559
43493 0.91804 NaN NaN NaN 168.77173 -89.88519 -10.03745 264.77084 -167.37909 -38.30843 NaN NaN NaN -26.17849 -160.92407 37.24500 -70.47228 -169.67172 -84.56211
43494 0.92637 NaN NaN NaN 169.00911 -90.00484 -9.72320 264.93024 -167.41507 -38.33509 NaN NaN NaN -25.63547 -160.21974 37.52879 -70.32893 -169.24831 -84.20385
43495 0.93470 NaN NaN NaN 169.25850 -90.08563 -9.39013 265.08362 -167.44586 -38.40389 NaN NaN NaN -24.91373 -159.42812 37.80689 -70.21390 -168.84952 -83.71972
43496 0.94303 NaN NaN NaN 169.52841 -90.13217 -9.10012 265.32422 -167.43034 -38.41065 NaN NaN NaN -24.01998 -158.62093 38.03161 -70.15535 -168.49535 -83.25371
43497 0.95136 NaN NaN NaN 169.79195 -90.22723 -8.75761 265.58563 -167.44751 -38.47246 NaN NaN NaN -23.04027 -157.73042 38.34900 -70.15965 -168.23402 -82.59810
43498 0.95969 NaN NaN NaN 170.10022 -90.30237 -8.49624 265.84253 -167.46725 -38.50110 NaN NaN NaN -21.98988 -156.85553 38.60514 -70.12695 -168.02193 -81.95441
43499 0.96803 NaN NaN NaN 170.37567 -90.38641 -8.28641 266.08902 -167.42255 -38.47073 NaN NaN NaN -20.95975 -156.00046 38.86720 -70.01752 -167.86324 -81.26716
43500 0.97636 NaN NaN NaN 170.67320 -90.34702 -8.12942 266.35376 -167.39352 -38.40723 NaN NaN NaN -19.92561 -155.19394 39.16959 -69.81847 -167.81235 -80.62773
43501 0.98469 NaN NaN NaN 170.93890 -90.36629 -7.95783 266.67258 -167.32803 -38.30359 NaN NaN NaN -18.98254 -154.43422 39.44440 -69.55130 -167.70538 -79.93527
43502 0.99302 NaN NaN NaN 171.26389 -90.22013 -7.85999 266.92712 -167.21927 -38.16482 NaN NaN NaN -18.06126 -153.76175 39.75386 -69.19926 -167.61092 -79.38000
43503 1.00135 NaN NaN NaN 171.50307 -90.05195 -7.77089 267.19656 -167.07541 -37.97243 NaN NaN NaN -17.23890 -153.20230 40.05209 -68.80700 -167.54765 -78.80832
43504 1.00968 NaN NaN NaN 171.73824 -89.88643 -7.70768 267.48889 -166.92805 -37.75667 NaN NaN NaN -16.42035 -152.72058 40.36421 -68.10922 -167.86168 -78.00590
43505 1.01801 NaN NaN NaN 172.04561 -89.64532 -7.62378 267.76697 -166.77776 -37.55157 NaN NaN NaN -15.65642 -152.29648 40.66735 -67.62116 -168.03584 -77.40657
43506 1.02634 NaN NaN NaN 172.27235 -89.50199 -7.48972 268.05228 -166.65628 -37.30106 NaN NaN NaN -14.92057 -151.91901 40.93684 -67.17548 -168.18723 -76.88594
43507 1.03468 NaN NaN NaN 172.56195 -89.31962 -7.29448 268.38593 -166.48726 -37.05299 NaN NaN NaN -14.17444 -151.54645 41.22588 -66.88287 -168.34595 -76.35313
43508 1.04301 NaN NaN NaN 172.82088 -89.18213 -7.04581 268.69446 -166.29425 -36.73696 NaN NaN NaN -13.50544 -151.20024 41.56139 -66.63778 -168.42223 -75.87989
43509 1.05134 NaN NaN NaN 173.13019 -88.97619 -6.89716 268.97968 -166.11191 -36.45480 NaN NaN NaN -12.83264 -150.90775 41.87080 -66.41740 -168.62483 -75.37656
43510 1.05967 NaN NaN NaN 173.41196 -88.80768 -6.64354 269.30295 -165.90269 -36.17801 NaN NaN NaN -12.23895 -150.65407 42.17899 -66.20600 -168.80327 -74.91016
43511 1.06800 NaN NaN NaN 173.74821 -88.62905 -6.33977 269.63028 -165.72884 -35.84832 NaN NaN NaN -11.75500 -150.54884 42.52714 -65.92831 -169.05652 -74.48559
43512 1.07633 NaN NaN NaN 174.06261 -88.54237 -5.97113 269.99216 -165.60422 -35.48632 NaN NaN NaN -11.33879 -150.55035 42.82036 -65.62482 -169.30855 -74.16049
43513 1.08466 NaN NaN NaN 174.45654 -88.39191 -5.64030 270.38150 -165.48074 -35.15518 NaN NaN NaN -11.05607 -150.68289 43.12427 -65.28082 -169.66678 -73.88233
43514 1.09299 NaN NaN NaN 174.81825 -88.32011 -5.23229 270.76828 -165.33035 -34.77007 NaN NaN NaN -10.83784 -150.98514 43.42416 -64.85420 -169.98376 -73.67520
43515 1.10133 NaN NaN NaN 175.12473 -88.36307 -4.79342 271.15796 -165.25127 -34.36886 NaN NaN NaN -10.65719 -151.31392 43.71045 -64.43846 -170.33475 -73.46534
43516 1.10966 NaN NaN NaN 175.54564 -88.33009 -4.29528 271.53955 -165.15187 -34.08920 NaN NaN NaN -10.44386 -151.67723 43.98839 -64.03741 -170.74200 -73.30480
43517 1.11799 NaN NaN NaN 175.98877 -88.30908 -3.82359 271.97345 -165.11009 -33.87970 NaN NaN NaN -10.22940 -152.03519 44.29172 -63.62931 -171.13750 -73.16220
43518 1.12632 NaN NaN NaN 176.41278 -88.32138 -3.20194 272.36380 -165.05655 -33.59452 NaN NaN NaN -10.06824 -152.47046 44.61682 -63.20732 -171.58055 -73.00548
43519 1.13465 NaN NaN NaN 176.82887 -88.33395 -2.66509 272.74796 -165.03662 -33.30572 NaN NaN NaN -9.94982 -152.90359 44.90477 -62.81450 -171.99553 -72.84941
43520 1.14298 NaN NaN NaN 177.25230 -88.46178 -2.04062 273.07602 -165.02544 -33.03900 NaN NaN NaN -9.83625 -153.31331 45.25026 -62.39548 -172.48331 -72.62441
43521 1.15131 NaN NaN NaN 177.65720 -88.50268 -1.54043 273.44757 -165.03987 -32.74145 NaN NaN NaN -9.68489 -153.67662 45.60261 -61.92124 -172.98035 -72.29496
43522 1.15965 NaN NaN NaN 178.05751 -88.58131 -1.01878 273.80704 -165.04720 -32.43764 NaN NaN NaN -9.53537 -154.09019 46.03340 -61.55289 -173.53423 -71.94399
43523 1.16798 NaN NaN NaN 178.47749 -88.61851 -0.55395 274.16296 -165.11650 -32.12424 NaN NaN NaN -9.43435 -154.45750 46.41340 -61.19236 -174.05313 -71.66522
43524 1.17631 NaN NaN NaN 178.85651 -88.76618 -0.00611 274.55518 -165.16121 -31.77509 NaN NaN NaN -9.31830 -154.86046 46.78042 -60.83340 -174.57712 -71.37557
43525 1.18464 NaN NaN NaN 179.29274 -88.95194 0.51169 274.96527 -165.26604 -31.47106 NaN NaN NaN -9.23012 -155.25204 47.18655 -60.48445 -175.06839 -71.12864
43526 1.19297 NaN NaN NaN 179.72231 -89.12245 1.00467 275.35947 -165.41902 -31.19520 NaN NaN NaN -9.10127 -155.64368 47.57632 -60.08773 -175.55994 -70.86737
43527 1.20130 NaN NaN NaN 180.13574 -89.38955 1.47320 275.79102 -165.60173 -30.97073 NaN NaN NaN -8.97237 -156.03375 47.93651 -59.69179 -175.98895 -70.52985
43528 1.20963 NaN NaN NaN 180.57866 -89.62315 1.94615 276.20984 -165.76967 -30.71843 NaN NaN NaN -8.79817 -156.34114 48.28512 -59.30421 -176.51393 -70.22937
43529 1.21796 NaN NaN NaN 180.96935 -89.94833 2.36909 276.64261 -165.93076 -30.58101 NaN NaN NaN -8.63689 -156.65408 48.58455 -58.93093 -176.93752 -69.92846
43530 1.22630 NaN NaN NaN 181.42323 -90.33779 2.79099 277.08060 -166.12997 -30.52971 NaN NaN NaN -8.43893 -156.88747 48.87661 -58.58867 -177.35420 -69.70202
43531 1.23463 NaN NaN NaN 181.87790 -90.74107 3.14439 277.51917 -166.34479 -30.54574 NaN NaN NaN -8.21786 -157.09558 49.17172 -58.22603 -177.74135 -69.51958
43532 1.24296 NaN NaN NaN 182.28467 -91.15379 3.45952 277.96866 -166.59987 -30.60604 NaN NaN NaN -7.99565 -157.26709 49.40267 -57.94047 -178.03050 -69.36722
43533 1.25129 NaN NaN NaN 182.70715 -91.56656 3.64809 278.38654 -166.87148 -30.69658 NaN NaN NaN -7.80840 -157.40442 49.56172 -57.59647 -178.27516 -69.21960
43534 1.25962 NaN NaN NaN 183.06566 -92.02747 3.85988 278.81549 -167.13699 -30.75775 NaN NaN NaN -7.64104 -157.54147 49.66095 -57.29380 -178.49164 -69.06637
43535 1.26795 NaN NaN NaN 183.43633 -92.46783 3.99929 279.21951 -167.37692 -30.81385 NaN NaN NaN -7.44721 -157.64745 49.75177 -57.02380 -178.71205 -68.95572
43536 1.27628 NaN NaN NaN 183.75322 -92.95472 4.05187 279.58691 -167.69571 -30.88150 NaN NaN NaN -7.21727 -157.70963 49.81011 -56.70696 -179.06845 -68.80778
43537 1.28461 NaN NaN NaN 184.04239 -93.37373 4.02926 279.94531 -167.99051 -31.04475 NaN NaN NaN -6.94968 -157.72359 49.82137 -56.52345 -179.14188 -68.83449
43538 1.29295 NaN NaN NaN 184.30638 -93.89008 3.97673 280.25732 -168.33177 -31.21594 NaN NaN NaN -6.64522 -157.66476 49.73708 -56.38684 -179.16084 -68.85509
43539 1.30128 NaN NaN NaN 184.57652 -94.38055 3.95162 280.55923 -168.71576 -31.45999 NaN NaN NaN -6.31589 -157.55202 49.59553 -56.26709 -179.18570 -68.87377
43540 1.30961 NaN NaN NaN 184.79909 -94.90297 3.91086 280.82547 -169.11334 -31.75573 NaN NaN NaN -5.90118 -157.42235 49.43546 -56.09674 -179.50476 -68.73469
43541 1.31794 NaN NaN NaN 184.97478 -95.42192 3.75345 281.04514 -169.50751 -32.09578 NaN NaN NaN -5.41962 -157.18248 49.22471 -56.03451 -179.67253 -68.69853
43542 1.32627 NaN NaN NaN 185.06717 -96.01463 3.51226 281.23196 -169.92677 -32.52540 NaN NaN NaN -4.93207 -156.90421 48.90203 -56.13581 -179.54852 -68.81795
43543 1.33460 NaN NaN NaN 185.19873 -96.56212 3.24203 281.38254 -170.30934 -32.92641 NaN NaN NaN -4.36271 -156.53851 48.49385 -56.25774 -179.49654 -68.91776
43544 1.34293 NaN NaN NaN 185.28896 -97.09588 2.95594 281.52878 -170.68643 -33.37664 NaN NaN NaN -3.74891 -156.12666 48.01328 -56.40470 -179.43661 -68.99741
43545 1.35127 NaN NaN NaN 185.36575 -97.53798 2.49580 281.62079 -171.02173 -33.80560 NaN NaN NaN -3.07194 -155.67319 47.49771 -56.61847 -179.44447 -69.05754
43546 1.35960 NaN NaN NaN 185.37666 -97.96667 2.07035 281.78436 -171.35776 -34.24052 NaN NaN NaN -2.36884 -155.13303 46.92927 -56.90437 -179.51204 -69.05686
43547 1.36793 NaN NaN NaN 185.39847 -98.32293 1.51589 281.92670 -171.58257 -34.63629 NaN NaN NaN -1.62964 -154.56731 46.27018 -57.17885 -179.62083 -69.01954
43548 1.37626 NaN NaN NaN 185.37630 -98.72103 0.98367 282.10864 -171.76242 -35.12383 NaN NaN NaN -0.85080 -153.97101 45.60329 -57.50664 -179.68806 -68.99884
43549 1.38459 NaN NaN NaN 185.36893 -99.02293 0.39463 282.26398 -171.94339 -35.51048 NaN NaN NaN -0.14371 -153.38449 44.94619 -57.79264 -179.74268 -69.01656
43550 1.39292 NaN NaN NaN 185.29225 -99.26192 -0.31784 282.38928 -172.07712 -35.81961 NaN NaN NaN 0.50790 -152.81009 44.30048 -58.09990 -179.69760 -69.07799
43551 1.40125 NaN NaN NaN 185.20694 -99.48014 -0.93605 282.51453 -172.18594 -36.18254 NaN NaN NaN 1.10067 -152.28676 43.59161 -58.34457 -179.51509 -69.18959
43552 1.40958 NaN NaN NaN 185.15154 -99.56225 -1.59667 282.62787 -172.22008 -36.42163 NaN NaN NaN 1.65009 -151.76170 42.93864 -58.63133 -179.28224 -69.39886
43553 1.41792 NaN NaN NaN 185.04071 -99.64385 -2.20010 282.72079 -172.23236 -36.52457 NaN NaN NaN 2.15790 -151.27260 42.23987 -58.88969 -179.01572 -69.63417
43554 1.42625 NaN NaN NaN 184.99957 -99.52444 -2.78798 282.79846 -172.20653 -36.59870 NaN NaN NaN 2.68576 -150.76999 41.55782 -59.13607 -178.82706 -69.81554
43555 1.43458 NaN NaN NaN 184.85210 -99.45238 -3.31969 282.86746 -172.16341 -36.58566 NaN NaN NaN 3.20199 -150.20695 40.89249 -59.38492 -178.62918 -69.96696
43556 1.44291 NaN NaN NaN 184.73022 -99.29855 -3.72563 282.88757 -172.01208 -36.53941 NaN NaN NaN 3.68916 -149.61992 40.26950 -59.62460 -178.38354 -70.06001
43557 1.45124 NaN NaN NaN 184.64088 -99.03225 -4.08106 282.87872 -171.83499 -36.46859 NaN NaN NaN 4.17782 -148.89751 39.67947 -59.84937 -178.18361 -70.10031
43558 1.45957 NaN NaN NaN 184.53511 -98.75542 -4.32866 282.84250 -171.60811 -36.39489 NaN NaN NaN 4.64964 -148.25777 39.08798 -60.12796 -177.99896 -70.12170
43559 1.46790 NaN NaN NaN 184.45473 -98.48228 -4.48908 282.78607 -171.38919 -36.28404 NaN NaN NaN 5.15228 -147.59619 38.54131 -60.42822 -177.88431 -70.05368
43560 1.47623 NaN NaN NaN 184.38333 -98.18308 -4.54312 282.71606 -171.18422 -36.11674 NaN NaN NaN 5.63748 -146.86232 38.03942 -60.80831 -177.76457 -69.93087
43561 1.48457 NaN NaN NaN 184.27367 -97.85857 -4.48053 282.61526 -171.01732 -35.90065 NaN NaN NaN 6.11337 -146.14473 37.52906 -61.23404 -177.72574 -69.61213
43562 1.49290 NaN NaN NaN 184.21280 -97.45804 -4.37221 282.47394 -170.77304 -35.69047 NaN NaN NaN 6.61848 -145.40312 37.08395 -61.69451 -177.67488 -69.16314
43563 1.50123 NaN NaN NaN 184.14111 -97.05109 -4.23627 282.28796 -170.48219 -35.38451 NaN NaN NaN 7.05648 -144.67537 36.60870 -62.21900 -177.74290 -68.76933
43564 1.50956 NaN NaN NaN 183.94250 -96.63298 -4.16828 282.08374 -170.17682 -35.01830 NaN NaN NaN 7.42787 -143.98717 36.24202 -62.70649 -177.82248 -68.36842
43565 1.51789 NaN NaN NaN 183.70352 -96.12344 -4.17974 281.85938 -169.85503 -34.71253 NaN NaN NaN 7.70562 -143.35231 35.97084 -63.16949 -177.86935 -67.97304
43566 1.52622 NaN NaN NaN 183.43300 -95.61606 -4.24267 281.57867 -169.52806 -34.24918 NaN NaN NaN 7.88051 -142.85736 35.68607 -63.57795 -177.91086 -67.65858
43567 1.53455 NaN NaN NaN 183.18515 -95.06138 -4.33405 281.27347 -169.23770 -33.93304 NaN NaN NaN 7.95417 -142.46310 35.41985 -64.01862 -177.90442 -67.41428
43568 1.54289 NaN NaN NaN 182.87941 -94.42303 -4.46785 280.94250 -168.89346 -33.55771 NaN NaN NaN 7.94049 -142.16429 35.16225 -64.43156 -177.86899 -67.24225
43569 1.55122 NaN NaN NaN 182.56351 -93.82956 -4.68427 280.58548 -168.57712 -33.17119 NaN NaN NaN 7.82537 -141.95105 34.98440 -64.85105 -177.87622 -67.14669
43570 1.55955 NaN NaN NaN 182.17879 -93.23548 -4.89276 280.22052 -168.21429 -32.85619 NaN NaN NaN 7.62982 -141.84198 34.91342 -65.27843 -177.87735 -67.03474
43571 1.56788 NaN NaN NaN 181.82533 -92.73059 -5.05400 279.82797 -167.88794 -32.49504 NaN NaN NaN 7.43077 -141.74191 34.84531 -65.68201 -177.89798 -66.91724
43572 1.57621 NaN NaN NaN 181.43547 -92.17747 -5.29047 279.42984 -167.55267 -32.12977 NaN NaN NaN 7.23657 -141.66089 34.78820 -66.11717 -177.93794 -66.82340
43573 1.58454 NaN NaN NaN 181.02972 -91.70004 -5.54983 279.05142 -167.28638 -31.79705 NaN NaN NaN 7.03636 -141.59058 34.67158 -66.53913 -177.99026 -66.70510
43574 1.59287 NaN NaN NaN 180.62848 -91.22359 -5.76780 278.65912 -167.03802 -31.46412 NaN NaN NaN 6.84305 -141.54265 34.58668 -66.99659 -178.14093 -66.50243
43575 1.60120 NaN NaN NaN 180.16663 -90.78588 -6.03699 278.19418 -166.77740 -31.11926 NaN NaN NaN 6.70339 -141.45735 34.41359 -67.49054 -178.25732 -66.25205
43576 1.60954 NaN NaN NaN 179.73637 -90.33289 -6.37708 277.75006 -166.56047 -30.83228 NaN NaN NaN 6.62041 -141.35121 34.29611 -67.99512 -178.43307 -66.02299
43577 1.61787 NaN NaN NaN 179.27512 -89.88980 -6.77528 277.28183 -166.33522 -30.55955 NaN NaN NaN 6.51947 -141.25751 34.18055 -68.48886 -178.63985 -65.76371
43578 1.62620 NaN NaN NaN 178.77690 -89.45567 -7.17728 276.80502 -166.07809 -30.28788 NaN NaN NaN 6.44331 -141.20714 34.06496 -68.99196 -178.88420 -65.45515
43579 1.63453 NaN NaN NaN 178.25053 -88.99223 -7.68170 276.29504 -165.84329 -30.07047 NaN NaN NaN 6.37058 -141.16861 33.94280 -69.51022 -179.12119 -65.12434
43580 1.64286 NaN NaN NaN 177.74142 -88.55815 -8.21145 275.77786 -165.64226 -29.80315 NaN NaN NaN 6.29620 -141.13960 33.83857 -69.99436 -179.43892 -64.77302
43581 1.65119 NaN NaN NaN 177.17978 -88.14964 -8.76466 275.24136 -165.46335 -29.52349 NaN NaN NaN 6.23877 -141.17072 33.68912 -70.53638 -179.78224 -64.41933
43582 1.65952 NaN NaN NaN 176.62117 -87.70362 -9.26248 274.65649 -165.29063 -29.19853 NaN NaN NaN 6.14433 -141.23711 33.55724 -71.12712 -180.17278 -64.01640
43583 1.66785 NaN NaN NaN 176.06442 -87.27906 -9.82629 274.06189 -165.12752 -28.89924 NaN NaN NaN 6.03904 -141.32823 33.38432 -71.73940 -180.57814 -63.63211
43584 1.67619 NaN NaN NaN 175.47160 -86.91000 -10.41493 273.41873 -165.00069 -28.57763 NaN NaN NaN 5.89977 -141.45874 33.24856 -72.37099 -181.02101 -63.23416
43585 1.68452 NaN NaN NaN 174.87772 -86.60165 -10.86969 272.79129 -164.90790 -28.22069 NaN NaN NaN 5.76139 -141.56676 33.08259 -73.02184 -181.46986 -62.88839
43586 1.69285 NaN NaN NaN 174.28278 -86.32909 -11.35443 272.17651 -164.82802 -27.99937 NaN NaN NaN 5.60836 -141.71477 32.89413 -73.75262 -181.93419 -62.46143
43587 1.70118 NaN NaN NaN 173.73558 -86.05761 -11.72793 271.55237 -164.77592 -27.79028 NaN NaN NaN 5.39451 -141.90166 32.73880 -74.44722 -182.63509 -62.02719
43588 1.70951 NaN NaN NaN 173.19318 -85.91217 -12.04552 270.93286 -164.75603 -27.64604 NaN NaN NaN 5.08091 -142.15547 32.56455 -75.15944 -183.19666 -61.69872
43589 1.71784 NaN NaN NaN 172.66472 -85.77658 -12.28305 270.31161 -164.78210 -27.56215 NaN NaN NaN 4.64951 -142.50974 32.36442 -75.89455 -183.66885 -61.51271
43590 1.72617 NaN NaN NaN 172.19139 -85.63803 -12.47476 269.71912 -164.89249 -27.55861 NaN NaN NaN 4.13175 -142.97398 32.24947 -76.60583 -184.11433 -61.43331
43591 1.73451 NaN NaN NaN 171.78238 -85.57330 -12.66877 269.14664 -165.02211 -27.61508 NaN NaN NaN 3.50524 -143.51973 32.21278 -77.45229 -184.27228 -61.58048
43592 1.74284 NaN NaN NaN 171.38591 -85.53526 -12.75300 268.60486 -165.19565 -27.68181 NaN NaN NaN 2.79311 -144.09900 32.19695 -78.21555 -184.42067 -61.73380
43593 1.75117 NaN NaN NaN 170.94102 -85.51054 -12.77421 268.02393 -165.36646 -27.76508 NaN NaN NaN 1.92269 -144.85097 32.34510 -78.86632 -184.61954 -61.98863
43594 1.75950 NaN NaN NaN 170.46849 -85.58096 -12.78276 267.46906 -165.54907 -27.84723 NaN NaN NaN 1.02650 -145.66956 32.53199 -79.48627 -184.82762 -62.19276
43595 1.76783 NaN NaN NaN 170.06001 -85.58244 -12.85331 266.87875 -165.75288 -27.92299 NaN NaN NaN 0.13583 -146.51295 32.78875 -80.11445 -185.01457 -62.41202
43596 1.77616 NaN NaN NaN 169.63347 -85.62514 -12.87939 266.31357 -165.95480 -27.99595 NaN NaN NaN -0.79936 -147.35594 33.02432 -80.77007 -185.19026 -62.60264
43597 1.78449 NaN NaN NaN 169.24887 -85.56760 -12.87849 265.73535 -166.09407 -28.05186 NaN NaN NaN -1.74802 -148.19398 33.24808 -81.44380 -185.40614 -62.80620
43598 1.79282 NaN NaN NaN 168.83966 -85.52957 -12.89013 265.13861 -166.25865 -28.12796 NaN NaN NaN -2.75533 -148.99812 33.46499 -82.03386 -185.60353 -63.07323
43599 1.80116 NaN NaN NaN 168.43701 -85.48716 -12.91113 264.55511 -166.34851 -28.20072 NaN NaN NaN -3.71690 -149.81590 33.66695 -82.63210 -185.77444 -63.32330
43600 1.80949 NaN NaN NaN 168.02890 -85.41222 -12.94745 263.96414 -166.49199 -28.23486 NaN NaN NaN -4.68226 -150.64807 33.84970 -83.24409 -185.93704 -63.56258
43601 1.81782 NaN NaN NaN 167.65179 -85.23308 -13.06213 263.41959 -166.59373 -28.24350 NaN NaN NaN -5.59101 -151.50188 34.11004 -83.78086 -186.12418 -63.79972
43602 1.82615 NaN NaN NaN 167.23392 -85.15917 -13.12091 262.87643 -166.68224 -28.25759 NaN NaN NaN -6.50475 -152.37819 34.31056 -84.31334 -186.28157 -64.03170
43603 1.83448 NaN NaN NaN 166.84471 -84.96988 -13.21984 262.31949 -166.71645 -28.26260 NaN NaN NaN -7.37245 -153.24521 34.51218 -84.82343 -186.40016 -64.28455
43604 1.84281 NaN NaN NaN 166.45682 -84.78293 -13.28928 261.79327 -166.73163 -28.25821 NaN NaN NaN -8.21065 -154.12946 34.73628 -85.31519 -186.45770 -64.55637
43605 1.85114 NaN NaN NaN 166.16843 -84.54292 -13.35633 261.32889 -166.71455 -28.24309 NaN NaN NaN -9.00794 -154.99675 34.92105 -85.75056 -186.53627 -64.82491
43606 1.85947 NaN NaN NaN 165.85233 -84.29755 -13.44854 260.89453 -166.63501 -28.17810 NaN NaN NaN -9.74828 -155.88150 35.08760 -86.25798 -186.57829 -65.07064
43607 1.86781 NaN NaN NaN 165.55420 -84.06401 -13.56758 260.46823 -166.53352 -28.08559 NaN NaN NaN -10.40112 -156.76761 35.22970 -86.83945 -186.53429 -65.31913
43608 1.87614 NaN NaN NaN 165.32195 -83.79665 -13.72268 260.09897 -166.39027 -27.97051 NaN NaN NaN -11.01591 -157.62978 35.35247 -87.31641 -186.48726 -65.43932
43609 1.88447 NaN NaN NaN 165.06668 -83.50414 -13.89473 259.80325 -166.23828 -27.92392 NaN NaN NaN -11.58712 -158.41383 35.52669 -87.67802 -186.45718 -65.67202
43610 1.89280 NaN NaN NaN 164.85852 -83.23011 -14.04619 259.57715 -166.06917 -27.85163 NaN NaN NaN -12.18148 -159.05351 35.65709 -87.85260 -186.60982 -66.12526
43611 1.90113 NaN NaN NaN 164.66141 -82.96671 -14.15451 259.36133 -165.89896 -27.75096 NaN NaN NaN -12.75027 -159.66771 35.80224 -88.06535 -186.69067 -66.36147
43612 1.90946 NaN NaN NaN 164.48459 -82.67205 -14.25225 259.17929 -165.62881 -27.61640 NaN NaN NaN -13.33123 -160.16257 35.91862 -87.96220 -187.06795 -66.67381
43613 1.91779 NaN NaN NaN 164.40773 -82.34922 -14.32973 259.06894 -165.35510 -27.48879 NaN NaN NaN -13.80917 -160.61247 36.02285 -87.97000 -187.26917 -67.03114
43614 1.92612 NaN NaN NaN 164.36519 -82.07675 -14.38087 259.02118 -165.06836 -27.38496 NaN NaN NaN -14.18798 -161.01431 36.12105 -88.11338 -187.22183 -67.19889
43615 1.93446 NaN NaN NaN 164.33984 -81.81578 -14.40335 259.01334 -164.79594 -27.28778 NaN NaN NaN -14.46700 -161.30267 36.20161 -88.25054 -187.11983 -67.40937
43616 1.94279 NaN NaN NaN 164.32629 -81.53918 -14.43436 259.07272 -164.53204 -27.22415 NaN NaN NaN -14.61384 -161.53221 36.25474 -88.31099 -187.01350 -67.52416
43617 1.95112 NaN NaN NaN 164.37126 -81.25706 -14.43780 259.16016 -164.25148 -27.14042 NaN NaN NaN -14.66727 -161.66878 36.28091 -88.27365 -186.99336 -67.52051
43618 1.95945 NaN NaN NaN 164.45038 -81.00607 -14.42086 259.29001 -163.95618 -27.04940 NaN NaN NaN -14.65009 -161.72462 36.29359 -88.24902 -186.96423 -67.56725
43619 1.96778 NaN NaN NaN 164.52234 -80.81141 -14.41147 259.45807 -163.60045 -26.88341 NaN NaN NaN -14.58020 -161.73434 36.28544 -88.20735 -186.95955 -67.48593
43620 1.97611 NaN NaN NaN 164.59221 -80.62062 -14.36446 259.67764 -163.31194 -26.74797 NaN NaN NaN -14.47106 -161.69138 36.25527 -88.16734 -186.93166 -67.42234
43621 1.98444 NaN NaN NaN 164.71509 -80.42367 -14.37795 259.92300 -162.98463 -26.68009 NaN NaN NaN -14.33105 -161.58485 36.26688 -88.08857 -186.86784 -67.38521
43622 1.99278 NaN NaN NaN 164.83096 -80.32274 -14.37830 260.18552 -162.68320 -26.60305 NaN NaN NaN -14.18964 -161.48068 36.27708 -87.99708 -186.77716 -67.37209
43623 2.00111 NaN NaN NaN 165.07222 -80.17126 -14.33836 260.45612 -162.42717 -26.54750 NaN NaN NaN -14.00248 -161.30650 36.31744 -87.75654 -186.78232 -67.34793
43624 2.00944 NaN NaN NaN 165.22423 -80.07253 -14.27421 260.73874 -162.22490 -26.49471 NaN NaN NaN -13.77263 -161.12621 36.34909 -87.53732 -186.80453 -67.27831
43625 2.01777 NaN NaN NaN 165.39413 -80.01169 -14.15772 261.02396 -162.04732 -26.48384 NaN NaN NaN -13.52440 -160.87361 36.37920 -87.30506 -186.85101 -67.25688
43626 2.02610 NaN NaN NaN 165.56589 -79.97575 -14.04597 261.29105 -161.90311 -26.45080 NaN NaN NaN -13.24765 -160.67612 36.41230 -87.15656 -186.80957 -67.06535
43627 2.03443 NaN NaN NaN 165.74004 -79.95561 -13.89361 261.51352 -161.78773 -26.43726 NaN NaN NaN -12.92861 -160.41083 36.40641 -87.02534 -186.70169 -66.82827
43628 2.04276 NaN NaN NaN 165.88367 -79.92864 -13.76517 261.73434 -161.69923 -26.45130 NaN NaN NaN -12.58649 -160.11023 36.39939 -86.81856 -186.68108 -66.78395
43629 2.05109 NaN NaN NaN 166.05505 -79.93279 -13.58262 261.86133 -161.62851 -26.52637 NaN NaN NaN -12.26470 -159.81050 36.39483 -86.65472 -186.61189 -66.64594
43630 2.05943 NaN NaN NaN 166.18796 -79.98080 -13.40289 261.96078 -161.61440 -26.67939 NaN NaN NaN -11.91740 -159.56895 36.34641 -86.42281 -186.65221 -66.47165
43631 2.06776 NaN NaN NaN 166.25687 -80.01632 -13.29978 262.07211 -161.61555 -26.76691 NaN NaN NaN -11.54488 -159.30901 36.27151 -86.19551 -186.72321 -66.38597
43632 2.07609 NaN NaN NaN 166.27576 -80.10764 -13.14223 262.12314 -161.63661 -26.83525 NaN NaN NaN -11.17719 -159.06561 36.16590 -86.07822 -186.82510 -66.30942
43633 2.08442 NaN NaN NaN 166.30089 -80.17384 -12.98545 262.13837 -161.67345 -26.91923 NaN NaN NaN -10.84059 -158.92252 36.11135 -85.93671 -186.92087 -66.20776
43634 2.09275 NaN NaN NaN 166.31293 -80.23727 -12.84046 262.12231 -161.72029 -27.00492 NaN NaN NaN -10.57334 -158.81517 36.00947 -85.88194 -186.90997 -66.01816
43635 2.10108 NaN NaN NaN 166.35074 -80.27821 -12.74255 262.08035 -161.79848 -27.11900 NaN NaN NaN -10.30320 -158.75926 35.92204 -85.83327 -186.94240 -65.96851
43636 2.10941 NaN NaN NaN 166.35643 -80.30313 -12.73721 262.02420 -161.82835 -27.27715 NaN NaN NaN -10.05328 -158.81648 35.83589 -85.71562 -187.02144 -65.92648
43637 2.11774 NaN NaN NaN 166.31952 -80.30676 -12.73714 261.95892 -161.86806 -27.40553 NaN NaN NaN -9.85722 -158.87279 35.75009 -85.60926 -187.07253 -65.87487
43638 2.12608 NaN NaN NaN 166.26794 -80.32105 -12.76336 261.86157 -161.91699 -27.59792 NaN NaN NaN -9.66937 -159.02165 35.68941 -85.59524 -187.11076 -65.77998
43639 2.13441 NaN NaN NaN 166.19704 -80.38372 -12.87576 261.79492 -161.93692 -27.78991 NaN NaN NaN -9.50714 -159.23694 35.70917 -85.60937 -187.19344 -65.75026
43640 2.14274 NaN NaN NaN 166.17899 -80.38287 -12.99056 261.72510 -161.99203 -28.02814 NaN NaN NaN -9.39339 -159.48476 35.73271 -85.62599 -187.19067 -65.71087
43641 2.15107 NaN NaN NaN 166.11365 -80.44707 -13.10513 261.66278 -162.00407 -28.23141 NaN NaN NaN -9.31003 -159.73004 35.73922 -85.64343 -187.17189 -65.72820
43642 2.15940 NaN NaN NaN 166.09163 -80.47334 -13.23356 261.60440 -162.08963 -28.53008 NaN NaN NaN -9.24061 -159.94124 35.70952 -85.61963 -187.34779 -65.84740
43643 2.16773 NaN NaN NaN 166.06909 -80.53750 -13.35375 261.56128 -162.16141 -28.74522 NaN NaN NaN -9.23277 -160.05403 35.69683 -85.60561 -187.59682 -65.91621
43644 2.17606 NaN NaN NaN 166.04546 -80.64488 -13.46615 261.52313 -162.22302 -28.96359 NaN NaN NaN -9.22498 -160.22774 35.73149 -85.59142 -187.80251 -65.90717
43645 2.18440 NaN NaN NaN 166.03615 -80.75713 -13.53735 261.50946 -162.33337 -29.18951 NaN NaN NaN -9.25967 -160.43105 35.79765 -85.52659 -187.97728 -65.88686
43646 2.19273 NaN NaN NaN 166.03299 -80.85912 -13.59571 261.49377 -162.45351 -29.44695 NaN NaN NaN -9.29731 -160.72006 35.86607 -85.48715 -188.09441 -65.84941
43647 2.20106 NaN NaN NaN 166.06256 -80.99901 -13.70467 261.45102 -162.54247 -29.65289 NaN NaN NaN -9.32566 -160.91246 35.87909 -85.48761 -188.26996 -65.82252
43648 2.20939 NaN NaN NaN 166.01411 -81.16411 -13.77842 261.42886 -162.65652 -29.87935 NaN NaN NaN -9.35677 -161.08945 35.92187 -85.51240 -188.41162 -65.81030
43649 2.21772 NaN NaN NaN 166.01520 -81.27715 -13.79443 261.36560 -162.82556 -30.01631 NaN NaN NaN -9.39250 -161.26494 36.01746 -85.48515 -188.60124 -65.81470
43650 2.22605 NaN NaN NaN 165.95221 -81.40214 -13.84237 261.28860 -163.00537 -30.15392 NaN NaN NaN -9.44100 -161.46404 36.12535 -85.48473 -188.78645 -65.76109
43651 2.23438 NaN NaN NaN 165.95349 -81.50020 -13.91051 261.23380 -163.20044 -30.29280 NaN NaN NaN -9.51766 -161.69084 36.30830 -85.43227 -188.91858 -65.73978
43652 2.24271 NaN NaN NaN 165.89450 -81.68060 -13.89798 261.15332 -163.36351 -30.41332 NaN NaN NaN -9.58016 -161.92508 36.51320 -85.38949 -189.00386 -65.70521
43653 2.25105 NaN NaN NaN 165.86823 -81.81807 -13.87532 261.10428 -163.49403 -30.58724 NaN NaN NaN -9.67175 -162.15753 36.71951 -85.36215 -189.13612 -65.62843
43654 2.25938 NaN NaN NaN 165.85927 -81.91763 -13.87969 261.04364 -163.62773 -30.67314 NaN NaN NaN -9.77735 -162.30562 36.91349 -85.33430 -189.24736 -65.55757
43655 2.26771 NaN NaN NaN 165.87883 -82.00726 -13.91052 260.98630 -163.75055 -30.75643 NaN NaN NaN -9.90168 -162.45721 37.04234 -85.32449 -189.36209 -65.49950
43656 2.27604 NaN NaN NaN 165.91086 -82.09644 -13.90481 260.95688 -163.92274 -30.83406 NaN NaN NaN -10.02833 -162.61693 37.20639 -85.27616 -189.47902 -65.41841
43657 2.28437 NaN NaN NaN 165.91792 -82.22338 -13.87444 260.93253 -164.05975 -30.89700 NaN NaN NaN -10.15151 -162.73369 37.46123 -85.20644 -189.60100 -65.36139
43658 2.29270 NaN NaN NaN 165.96725 -82.35011 -13.87238 260.90283 -164.19911 -30.94918 NaN NaN NaN -10.24307 -162.83392 37.72946 -85.18542 -189.75412 -65.24293
43659 2.30103 NaN NaN NaN 165.99107 -82.46523 -13.88802 260.93002 -164.35616 -31.04426 NaN NaN NaN -10.26400 -162.76242 37.87680 -85.24384 -189.94609 -64.98930
43660 2.30936 NaN NaN NaN 166.03700 -82.56657 -13.86543 260.94113 -164.49496 -31.14898 NaN NaN NaN -10.31144 -162.77661 38.03223 -85.20672 -190.08879 -64.85375
43661 2.31770 NaN NaN NaN 166.08742 -82.66123 -13.86489 260.96561 -164.60794 -31.29985 NaN NaN NaN -10.38264 -162.75368 38.17490 -85.19516 -190.18188 -64.75936
43662 2.32603 NaN NaN NaN 166.12885 -82.74503 -13.84701 260.98828 -164.70293 -31.46234 NaN NaN NaN -10.37503 -162.61430 38.25917 -85.29363 -190.29997 -64.57988
43663 2.33436 NaN NaN NaN 166.20259 -82.85216 -13.81596 261.00455 -164.79762 -31.67374 NaN NaN NaN -10.44094 -162.54593 38.39172 -85.30943 -190.34457 -64.45730
43664 2.34269 NaN NaN NaN 166.29607 -82.94424 -13.78635 261.01468 -164.92491 -31.81626 NaN NaN NaN -10.50066 -162.55658 38.55481 -85.28001 -190.33110 -64.33634
43665 2.35102 NaN NaN NaN 166.37013 -83.00885 -13.76188 261.03174 -165.02213 -32.01358 NaN NaN NaN -10.53377 -162.56259 38.70614 -85.22591 -190.32249 -64.27631
43666 2.35935 NaN NaN NaN 166.41399 -83.06564 -13.77093 261.02875 -165.11986 -32.25071 NaN NaN NaN -10.52583 -162.55113 38.81215 -85.19444 -190.33266 -64.25038
43667 2.36768 NaN NaN NaN 166.46791 -83.09476 -13.79079 260.98831 -165.19501 -32.51360 NaN NaN NaN -10.56979 -162.52893 38.85806 -85.19276 -190.32085 -64.22093
43668 2.37602 NaN NaN NaN 166.48222 -83.12029 -13.76476 260.95251 -165.18776 -32.71480 NaN NaN NaN -10.62142 -162.51788 38.89358 -85.21049 -190.32037 -64.18777
43669 2.38435 NaN NaN NaN 166.49387 -83.10408 -13.82855 260.87671 -165.19810 -32.89239 NaN NaN NaN -10.67176 -162.50159 38.91572 -85.22295 -190.30325 -64.17844
43670 2.39268 NaN NaN NaN 166.45547 -83.07030 -13.94877 260.75354 -165.22003 -32.97002 NaN NaN NaN -10.72036 -162.43510 38.92789 -85.24184 -190.26366 -64.18066
43671 2.40101 NaN NaN NaN 166.39281 -82.95595 -14.05706 260.61389 -165.21909 -33.03437 NaN NaN NaN -10.73564 -162.38419 38.92280 -85.25906 -190.22379 -64.18069
43672 2.40934 NaN NaN NaN 166.30374 -82.83295 -14.14872 260.49487 -165.17349 -33.08191 NaN NaN NaN -10.69966 -162.29797 38.89721 -85.26504 -190.17851 -64.18563
43673 2.41767 NaN NaN NaN 166.21732 -82.70511 -14.21308 260.34271 -165.16176 -33.08154 NaN NaN NaN -10.64987 -162.17143 38.86626 -85.25533 -190.16205 -64.16399
43674 2.42600 NaN NaN NaN 166.13722 -82.56857 -14.26801 260.20670 -165.13670 -33.04691 NaN NaN NaN -10.56050 -162.01022 38.83220 -85.23535 -190.17618 -64.12860
43675 2.43433 NaN NaN NaN 166.07037 -82.41405 -14.32956 260.04996 -165.09468 -32.95768 NaN NaN NaN -10.36896 -161.76434 38.76625 -85.26286 -190.23346 -64.00539
43676 2.44267 NaN NaN NaN 166.02332 -82.29060 -14.36296 259.91458 -165.07761 -32.90212 NaN NaN NaN -10.16702 -161.53456 38.69348 -85.22735 -190.26880 -63.87297
43677 2.45100 NaN NaN NaN 165.98740 -82.17877 -14.35867 259.82126 -165.08598 -32.81936 NaN NaN NaN -9.97876 -161.31497 38.65292 -85.17085 -190.27115 -63.81656
43678 2.45933 NaN NaN NaN 165.95218 -82.08263 -14.33817 259.74167 -165.06895 -32.72857 NaN NaN NaN -9.72570 -161.08418 38.54963 -85.14097 -190.28151 -63.69529
43679 2.46766 NaN NaN NaN 165.93669 -81.99170 -14.31890 259.67276 -165.04385 -32.60167 NaN NaN NaN -9.38817 -160.75557 38.41256 -85.16331 -190.37262 -63.47946
43680 2.47599 NaN NaN NaN 165.89713 -81.90694 -14.29566 259.58209 -165.05971 -32.48975 NaN NaN NaN -9.05409 -160.33592 38.23655 -85.20091 -190.46947 -63.17960
43681 2.48432 NaN NaN NaN 165.90231 -81.80738 -14.28208 259.51727 -165.05472 -32.39433 NaN NaN NaN -8.70507 -159.87433 38.09191 -85.20136 -190.60240 -62.86612
43682 2.49265 NaN NaN NaN 165.91960 -81.75050 -14.26577 259.52527 -165.02032 -32.31520 NaN NaN NaN -8.40922 -159.46767 37.95365 -85.18496 -190.72224 -62.65093
43683 2.50098 NaN NaN NaN 165.94482 -81.64310 -14.27327 259.50464 -165.00642 -32.23234 NaN NaN NaN -8.15024 -159.06717 37.79432 -85.13660 -190.78012 -62.50153
43684 2.50932 NaN NaN NaN 166.00308 -81.54422 -14.26525 259.50461 -164.96930 -32.18303 NaN NaN NaN -7.89445 -158.68941 37.65776 -85.13534 -190.83069 -62.37864
43685 2.51765 NaN NaN NaN 166.01390 -81.48452 -14.26197 259.48599 -164.94186 -32.14352 NaN NaN NaN -7.68377 -158.28891 37.51059 -85.09536 -190.83345 -62.26295
43686 2.52598 NaN NaN NaN 166.01964 -81.47604 -14.25947 259.50702 -164.93111 -32.17575 NaN NaN NaN -7.45553 -157.95287 37.37963 -85.08255 -190.82896 -62.13200
43687 2.53431 NaN NaN NaN 166.04335 -81.49229 -14.26312 259.52774 -164.92778 -32.17566 NaN NaN NaN -7.27908 -157.66170 37.27504 -85.07072 -190.83080 -62.05441
43688 2.54264 NaN NaN NaN 166.05484 -81.51431 -14.26195 259.55957 -164.92570 -32.22358 NaN NaN NaN -7.13591 -157.38495 37.17955 -85.05116 -190.80791 -61.99985
43689 2.55097 NaN NaN NaN 166.07051 -81.54193 -14.26937 259.59799 -164.95148 -32.28654 NaN NaN NaN -6.99615 -157.08960 37.06142 -85.04442 -190.79938 -61.92732
43690 2.55930 NaN NaN NaN 166.09279 -81.56468 -14.28344 259.62253 -164.93843 -32.35363 NaN NaN NaN -6.87654 -156.77271 36.93114 -85.04055 -190.79514 -61.81279
43691 2.56763 NaN NaN NaN 166.11218 -81.56252 -14.32132 259.64917 -164.91791 -32.41999 NaN NaN NaN -6.78944 -156.49562 36.83601 -85.03725 -190.75966 -61.75495
43692 2.57597 NaN NaN NaN 166.13310 -81.58820 -14.34103 259.66571 -164.90454 -32.46440 NaN NaN NaN -6.68729 -156.22218 36.74650 -85.04871 -190.65556 -61.64579
43693 2.58430 NaN NaN NaN 166.13271 -81.57417 -14.35557 259.68634 -164.90935 -32.51535 NaN NaN NaN -6.58851 -155.96127 36.68031 -85.05949 -190.56664 -61.57176
43694 2.59263 NaN NaN NaN 166.12729 -81.60746 -14.31720 259.70837 -164.94511 -32.56162 NaN NaN NaN -6.48161 -155.72888 36.60841 -85.05561 -190.49248 -61.49456
43695 2.60096 NaN NaN NaN 166.11531 -81.62301 -14.30986 259.70325 -164.94768 -32.58273 NaN NaN NaN -6.36874 -155.51256 36.53564 -85.05718 -190.45056 -61.43867
43696 2.60929 NaN NaN NaN 166.12975 -81.63061 -14.35000 259.72412 -164.94328 -32.61863 NaN NaN NaN -6.29303 -155.31274 36.48162 -85.06798 -190.42870 -61.40039
43697 2.61762 NaN NaN NaN 166.12640 -81.63946 -14.39556 259.73685 -164.93181 -32.63858 NaN NaN NaN -6.20989 -155.07808 36.42574 -85.07220 -190.42790 -61.35284
43698 2.62595 NaN NaN NaN 166.12601 -81.65049 -14.42341 259.72784 -164.92764 -32.70333 NaN NaN NaN -6.12815 -154.85414 36.33281 -85.02870 -190.43321 -61.24505
43699 2.63429 NaN NaN NaN 166.12779 -81.67278 -14.43243 259.72958 -164.94119 -32.71653 NaN NaN NaN -6.05942 -154.68320 36.29422 -84.89655 -190.62193 -61.10671
43700 2.64262 NaN NaN NaN 166.09373 -81.74939 -14.43140 259.72336 -164.94745 -32.74254 NaN NaN NaN -5.95528 -154.52415 36.24128 -84.84888 -190.70389 -61.02195
43701 2.65095 NaN NaN NaN 166.08765 -81.82658 -14.43617 259.71848 -164.98737 -32.79007 NaN NaN NaN -5.83467 -154.37701 36.18327 -84.87055 -190.60071 -60.99505
43702 2.65928 NaN NaN NaN 166.06975 -81.88371 -14.43723 259.71207 -165.03267 -32.83675 NaN NaN NaN -5.73603 -154.22681 36.13607 -84.83023 -190.66846 -60.86718
43703 2.66761 NaN NaN NaN 166.07117 -81.95963 -14.40522 259.69806 -165.09367 -32.90812 NaN NaN NaN -5.65539 -154.08821 36.12140 -84.86214 -190.54680 -60.86586
43704 2.67594 NaN NaN NaN 166.05600 -82.02395 -14.41107 259.67087 -165.16403 -32.95404 NaN NaN NaN -5.58583 -154.00549 36.13116 -84.86116 -190.48151 -60.84773
43705 2.68427 NaN NaN NaN 166.07570 -82.08038 -14.41611 259.67545 -165.19876 -32.95693 NaN NaN NaN -5.53693 -153.93422 36.15926 -84.75591 -190.64160 -60.69817
43706 2.69260 NaN NaN NaN 166.07028 -82.12896 -14.43032 259.68369 -165.23642 -32.98074 NaN NaN NaN -5.50158 -153.89374 36.15634 -84.76704 -190.60155 -60.66752
43707 2.70094 NaN NaN NaN 166.01509 -82.21525 -14.40884 259.66925 -165.26579 -32.99960 NaN NaN NaN -5.48865 -153.89900 36.21305 -84.70298 -190.75439 -60.58406
43708 2.70927 NaN NaN NaN 165.96886 -82.28421 -14.38182 259.63712 -165.30739 -33.02831 NaN NaN NaN -5.50983 -153.92398 36.22901 -84.76421 -190.69826 -60.59558
43709 2.71760 NaN NaN NaN 165.94389 -82.36116 -14.38904 259.62149 -165.37692 -33.01710 NaN NaN NaN -5.51837 -153.93903 36.23673 -84.78522 -190.68532 -60.60373
43710 2.72593 NaN NaN NaN 165.92375 -82.41615 -14.37484 259.61957 -165.42661 -33.01844 NaN NaN NaN -5.56966 -153.96001 36.25478 -84.81432 -190.66783 -60.60287
43711 2.73426 NaN NaN NaN 165.88467 -82.49182 -14.36413 259.61896 -165.50496 -33.05098 NaN NaN NaN -5.61866 -154.01413 36.32337 -84.84033 -190.64799 -60.61818
43712 2.74259 NaN NaN NaN 165.80875 -82.58778 -14.35946 259.59814 -165.56766 -33.06550 NaN NaN NaN -5.67804 -154.09708 36.39515 -84.86170 -190.64012 -60.63035
43713 2.75092 NaN NaN NaN 165.79552 -82.70403 -14.38097 259.59720 -165.63661 -33.09392 NaN NaN NaN -5.77622 -154.13939 36.44573 -84.88160 -190.67319 -60.65544
43714 2.75925 NaN NaN NaN 165.78334 -82.79357 -14.39050 259.60699 -165.68102 -33.12508 NaN NaN NaN -5.88723 -154.20120 36.50888 -84.91430 -190.68306 -60.65748
43715 2.76759 NaN NaN NaN 165.74315 -82.88655 -14.43604 259.60925 -165.72528 -33.18111 NaN NaN NaN -5.96443 -154.22801 36.54462 -84.86463 -190.88579 -60.59399
43716 2.77592 NaN NaN NaN 165.69640 -82.97215 -14.43719 259.60889 -165.73808 -33.24758 NaN NaN NaN -6.03936 -154.23392 36.59364 -84.92473 -190.84050 -60.60089
43717 2.78425 NaN NaN NaN 165.66702 -83.06649 -14.41551 259.61874 -165.79016 -33.30231 NaN NaN NaN -6.12442 -154.23869 36.64291 -84.90655 -190.96419 -60.56984
43718 2.79258 NaN NaN NaN 165.64241 -83.11573 -14.34019 259.61185 -165.84341 -33.31511 NaN NaN NaN -6.20364 -154.24472 36.69989 -84.99169 -190.83542 -60.62713
