Frame# Time LH1 LH2 LH3 RH1 RH2 RH3
X54 Y54 Z54 X55 Y55 Z55 X56 Y56 Z56 X57 Y57 Z57 X58 Y58 Z58 X59 Y59 Z59
4635 0.00310 NaN NaN NaN 135.35103 -136.34154 -63.10138 242.93539 -187.19868 -106.53398 NaN NaN NaN 88.36596 -149.87567 -83.07389 -22.88621 -217.57449 -90.42783
4636 0.01144 NaN NaN NaN 135.34337 -136.31989 -63.10485 242.93010 -187.16852 -106.50344 NaN NaN NaN 88.39199 -149.86020 -83.05557 -22.88137 -217.57852 -90.39114
4637 0.01978 NaN NaN NaN 135.35780 -136.30136 -63.10886 242.93410 -187.18102 -106.49225 NaN NaN NaN 88.38860 -149.84036 -83.03741 -22.89570 -217.55446 -90.37942
4638 0.02812 NaN NaN NaN 135.37277 -136.30145 -63.10392 242.93663 -187.17815 -106.48605 NaN NaN NaN 88.37067 -149.84409 -83.03682 -22.90072 -217.57349 -90.40416
4639 0.03647 NaN NaN NaN 135.37331 -136.32336 -63.09874 242.93782 -187.18584 -106.48711 NaN NaN NaN 88.35680 -149.86771 -83.00252 -22.90981 -217.56267 -90.41208
4640 0.04481 NaN NaN NaN 135.37343 -136.36684 -63.09026 242.94891 -187.16631 -106.50047 NaN NaN NaN 88.35009 -149.87631 -82.95489 -22.89243 -217.57819 -90.37868
4641 0.05315 NaN NaN NaN 135.36230 -136.39661 -63.06766 242.98787 -187.19684 -106.52058 NaN NaN NaN 88.35470 -149.87175 -82.92284 -22.90261 -217.55576 -90.39166
4642 0.06150 NaN NaN NaN 135.38339 -136.44775 -63.03876 242.98871 -187.21185 -106.53341 NaN NaN NaN 88.34991 -149.90668 -82.87523 -22.92135 -217.57414 -90.39682
4643 0.06984 NaN NaN NaN 135.40430 -136.50157 -63.00196 243.00072 -187.25522 -106.56528 NaN NaN NaN 88.34939 -149.91298 -82.82529 -22.92010 -217.57625 -90.42360
4644 0.07818 NaN NaN NaN 135.41975 -136.54790 -62.97755 243.01807 -187.27272 -106.57249 NaN NaN NaN 88.31880 -149.93404 -82.80393 -22.93448 -217.60780 -90.43295
4645 0.08652 NaN NaN NaN 135.44113 -136.57220 -62.94310 243.04910 -187.29428 -106.58200 NaN NaN NaN 88.33038 -149.97295 -82.76183 -22.93039 -217.59869 -90.43925
4646 0.09487 NaN NaN NaN 135.44237 -136.61887 -62.92358 243.04445 -187.29164 -106.57620 NaN NaN NaN 88.33727 -150.02640 -82.76549 -22.93625 -217.60962 -90.46069
4647 0.10321 NaN NaN NaN 135.45053 -136.66290 -62.92126 243.05318 -187.31898 -106.57859 NaN NaN NaN 88.34655 -150.05492 -82.73978 -22.93239 -217.61221 -90.46477
4648 0.11155 NaN NaN NaN 135.42316 -136.66743 -62.94670 243.05069 -187.31276 -106.58801 NaN NaN NaN 88.31727 -150.02492 -82.80412 -22.94270 -217.63130 -90.47476
4649 0.11989 NaN NaN NaN 135.42805 -136.67398 -62.94008 243.05847 -187.31705 -106.58697 NaN NaN NaN 88.32055 -150.01230 -82.83069 -22.93027 -217.64632 -90.46661
4650 0.12824 NaN NaN NaN 135.41931 -136.68272 -62.97238 243.04262 -187.32509 -106.57198 NaN NaN NaN 88.33308 -150.03915 -82.83897 -22.92324 -217.66022 -90.49258
4651 0.13658 NaN NaN NaN 135.42946 -136.69911 -62.97445 243.04660 -187.35988 -106.58160 NaN NaN NaN 88.34332 -150.06496 -82.86140 -22.91835 -217.66699 -90.50256
4652 0.14492 NaN NaN NaN 135.41992 -136.72919 -62.98726 243.04875 -187.38223 -106.57426 NaN NaN NaN 88.35670 -150.08943 -82.85228 -22.87251 -217.67969 -90.49061
4653 0.15327 NaN NaN NaN 135.41269 -136.74638 -62.98001 243.05626 -187.41841 -106.56861 NaN NaN NaN 88.35455 -150.10399 -82.85417 -22.88691 -217.70615 -90.47927
4654 0.16161 NaN NaN NaN 135.41225 -136.77937 -62.97468 243.05937 -187.42400 -106.57466 NaN NaN NaN 88.34781 -150.11554 -82.84032 -22.87848 -217.73639 -90.49928
4655 0.16995 NaN NaN NaN 135.42551 -136.81891 -62.95996 243.06641 -187.46858 -106.57993 NaN NaN NaN 88.34887 -150.11801 -82.83698 -22.86839 -217.75874 -90.50391
4656 0.17829 NaN NaN NaN 135.45810 -136.87315 -62.93242 243.06836 -187.47073 -106.58403 NaN NaN NaN 88.35305 -150.14737 -82.82475 -22.88896 -217.78342 -90.51659
4657 0.18664 NaN NaN NaN 135.46904 -136.88834 -62.90956 243.07388 -187.49290 -106.57363 NaN NaN NaN 88.34348 -150.15475 -82.82899 -22.91645 -217.80034 -90.50710
4658 0.19498 NaN NaN NaN 135.46544 -136.93123 -62.91467 243.07384 -187.49348 -106.59367 NaN NaN NaN 88.34069 -150.16608 -82.81941 -22.90981 -217.81677 -90.50354
4659 0.20332 NaN NaN NaN 135.46278 -136.96211 -62.90998 243.06479 -187.51715 -106.57815 NaN NaN NaN 88.33072 -150.17255 -82.82192 -22.92247 -217.83994 -90.49777
4660 0.21166 NaN NaN NaN 135.44849 -136.95590 -62.92092 243.05688 -187.51660 -106.58417 NaN NaN NaN 88.32047 -150.18683 -82.81231 -22.92589 -217.85458 -90.51418
4661 0.22001 NaN NaN NaN 135.43773 -136.97829 -62.89618 243.06145 -187.52704 -106.58400 NaN NaN NaN 88.30892 -150.18988 -82.80817 -22.94344 -217.87769 -90.50931
4662 0.22835 NaN NaN NaN 135.44360 -136.99094 -62.90062 243.07283 -187.53387 -106.58076 NaN NaN NaN 88.29850 -150.20068 -82.82125 -22.94473 -217.88760 -90.51022
4663 0.23669 NaN NaN NaN 135.43161 -136.98721 -62.90351 243.06285 -187.54529 -106.57253 NaN NaN NaN 88.29659 -150.19853 -82.81344 -22.94162 -217.88989 -90.49090
4664 0.24504 NaN NaN NaN 135.41876 -136.98715 -62.90171 243.05840 -187.56491 -106.55810 NaN NaN NaN 88.30564 -150.21246 -82.80899 -22.93592 -217.89406 -90.49894
4665 0.25338 NaN NaN NaN 135.43497 -137.00281 -62.90497 243.06172 -187.58888 -106.54765 NaN NaN NaN 88.30081 -150.22372 -82.81136 -22.95258 -217.88516 -90.51205
4666 0.26172 NaN NaN NaN 135.42784 -137.01717 -62.90289 243.06186 -187.60391 -106.54594 NaN NaN NaN 88.28894 -150.24272 -82.80350 -22.95217 -217.88860 -90.50348
4667 0.27006 NaN NaN NaN 135.43362 -137.02116 -62.88413 243.04857 -187.61597 -106.52151 NaN NaN NaN 88.28353 -150.26634 -82.80142 -22.93751 -217.89220 -90.49565
4668 0.27841 NaN NaN NaN 135.43869 -137.03314 -62.87590 243.05472 -187.61057 -106.53217 NaN NaN NaN 88.29624 -150.24660 -82.80465 -22.93035 -217.88832 -90.49867
4669 0.28675 NaN NaN NaN 135.43677 -137.02934 -62.85192 243.06483 -187.61867 -106.54123 NaN NaN NaN 88.30058 -150.25058 -82.80580 -22.94672 -217.89275 -90.50185
4670 0.29509 NaN NaN NaN 135.45924 -137.05775 -62.83886 243.06470 -187.61867 -106.53567 NaN NaN NaN 88.30312 -150.23613 -82.80756 -22.95671 -217.89267 -90.51654
4671 0.30344 NaN NaN NaN 135.46486 -137.06566 -62.82234 243.07782 -187.63026 -106.53641 NaN NaN NaN 88.30859 -150.25887 -82.81179 -22.94104 -217.89424 -90.51237
4672 0.31178 NaN NaN NaN 135.47667 -137.07254 -62.79054 243.07341 -187.62639 -106.53032 NaN NaN NaN 88.30920 -150.25812 -82.80431 -22.94813 -217.88721 -90.52267
4673 0.32012 NaN NaN NaN 135.49677 -137.07430 -62.77526 243.06143 -187.63332 -106.53056 NaN NaN NaN 88.30877 -150.26180 -82.80671 -22.94558 -217.86359 -90.52454
4674 0.32846 NaN NaN NaN 135.49626 -137.09929 -62.76938 243.06218 -187.63280 -106.52134 NaN NaN NaN 88.32056 -150.26781 -82.80424 -22.93980 -217.85962 -90.54401
4675 0.33681 NaN NaN NaN 135.49622 -137.12173 -62.74599 243.05940 -187.63101 -106.51419 NaN NaN NaN 88.32954 -150.26479 -82.81609 -22.95790 -217.84608 -90.55093
4676 0.34515 NaN NaN NaN 135.47588 -137.09380 -62.74639 243.05482 -187.62134 -106.51830 NaN NaN NaN 88.34556 -150.25005 -82.82401 -22.91410 -217.84387 -90.52224
4677 0.35349 NaN NaN NaN 135.47006 -137.07199 -62.72878 243.05295 -187.61752 -106.50647 NaN NaN NaN 88.34618 -150.25337 -82.83512 -22.92812 -217.85497 -90.53091
4678 0.36183 NaN NaN NaN 135.47922 -137.06213 -62.74488 243.04012 -187.61336 -106.47837 NaN NaN NaN 88.36037 -150.24445 -82.83251 -22.91719 -217.85600 -90.54269
4679 0.37018 NaN NaN NaN 135.46480 -137.03960 -62.73013 243.05502 -187.62051 -106.49207 NaN NaN NaN 88.36349 -150.22618 -82.83738 -22.91208 -217.84917 -90.54343
4680 0.37852 NaN NaN NaN 135.45245 -137.04016 -62.72966 243.04091 -187.61732 -106.47566 NaN NaN NaN 88.36756 -150.20645 -82.85303 -22.88579 -217.83342 -90.54129
4681 0.38686 NaN NaN NaN 135.45805 -137.04535 -62.72593 243.05255 -187.62100 -106.48372 NaN NaN NaN 88.36475 -150.19202 -82.86820 -22.87819 -217.83536 -90.52506
4682 0.39521 NaN NaN NaN 135.46498 -137.04163 -62.74401 243.04091 -187.60678 -106.45038 NaN NaN NaN 88.37424 -150.16498 -82.87092 -22.85221 -217.83339 -90.51149
4683 0.40355 NaN NaN NaN 135.47829 -137.04749 -62.72113 243.07562 -187.60535 -106.49167 NaN NaN NaN 88.38351 -150.14484 -82.88518 -22.85450 -217.82272 -90.51246
4684 0.41189 NaN NaN NaN 135.50598 -137.05888 -62.71148 243.07529 -187.58415 -106.49601 NaN NaN NaN 88.39809 -150.13271 -82.90142 -22.81676 -217.80843 -90.50829
4685 0.42023 NaN NaN NaN 135.51358 -137.06844 -62.70365 243.08040 -187.58467 -106.50909 NaN NaN NaN 88.41686 -150.10741 -82.91932 -22.82890 -217.80760 -90.50137
4686 0.42858 NaN NaN NaN 135.52547 -137.07724 -62.70024 243.10147 -187.58900 -106.51145 NaN NaN NaN 88.40170 -150.09669 -82.91946 -22.80516 -217.81044 -90.49486
4687 0.43692 NaN NaN NaN 135.53018 -137.09915 -62.70260 243.10242 -187.58739 -106.51396 NaN NaN NaN 88.42821 -150.06395 -82.97573 -22.76896 -217.78763 -90.45741
4688 0.44526 NaN NaN NaN 135.53795 -137.11044 -62.68502 243.12851 -187.58827 -106.52554 NaN NaN NaN 88.40015 -149.97713 -83.02694 -22.73825 -217.77217 -90.43856
4689 0.45360 NaN NaN NaN 135.55370 -137.12062 -62.69246 243.13336 -187.58488 -106.54339 NaN NaN NaN 88.43009 -149.94896 -83.07903 -22.77298 -217.75967 -90.43203
4690 0.46195 NaN NaN NaN 135.55681 -137.15103 -62.70945 243.15300 -187.60294 -106.53948 NaN NaN NaN 88.44479 -149.93819 -83.11271 -22.74053 -217.76837 -90.42160
4691 0.47029 NaN NaN NaN 135.55580 -137.15877 -62.69505 243.15100 -187.60590 -106.54239 NaN NaN NaN 88.45501 -149.94405 -83.14713 -22.72135 -217.76544 -90.41940
4692 0.47863 NaN NaN NaN 135.55852 -137.18759 -62.70179 243.17526 -187.62125 -106.54475 NaN NaN NaN 88.46685 -149.93028 -83.16952 -22.70191 -217.79756 -90.40266
4693 0.48698 NaN NaN NaN 135.56204 -137.18184 -62.68518 243.16998 -187.62627 -106.55695 NaN NaN NaN 88.47819 -149.93146 -83.20538 -22.72519 -217.82718 -90.38226
4694 0.49532 NaN NaN NaN 135.55414 -137.21245 -62.68991 243.16980 -187.63806 -106.55191 NaN NaN NaN 88.47340 -149.93120 -83.23404 -22.70150 -217.84035 -90.35358
4695 0.50366 NaN NaN NaN 135.55750 -137.21429 -62.69023 243.17738 -187.68028 -106.55943 NaN NaN NaN 88.45681 -149.93271 -83.27283 -22.72760 -217.84985 -90.31248
4696 0.51200 NaN NaN NaN 135.56241 -137.24329 -62.68817 243.17934 -187.69601 -106.55462 NaN NaN NaN 88.45427 -149.92041 -83.32545 -22.68161 -217.84424 -90.30791
4697 0.52035 NaN NaN NaN 135.56917 -137.24174 -62.69225 243.17183 -187.70943 -106.57915 NaN NaN NaN 88.46275 -149.91425 -83.35368 -22.68634 -217.83794 -90.27379
4698 0.52869 NaN NaN NaN 135.57419 -137.27477 -62.67702 243.18089 -187.73471 -106.57610 NaN NaN NaN 88.45606 -149.87405 -83.38541 -22.67393 -217.84225 -90.27174
4699 0.53703 NaN NaN NaN 135.57167 -137.31070 -62.67337 243.18057 -187.73900 -106.57767 NaN NaN NaN 88.41881 -149.83716 -83.44952 -22.67986 -217.85123 -90.25045
4700 0.54537 NaN NaN NaN 135.57666 -137.33171 -62.66208 243.18153 -187.74794 -106.57160 NaN NaN NaN 88.41294 -149.80649 -83.47183 -22.67038 -217.86647 -90.22971
4701 0.55372 NaN NaN NaN 135.57500 -137.37405 -62.65219 243.19229 -187.75314 -106.57742 NaN NaN NaN 88.42835 -149.75729 -83.51710 -22.65415 -217.87286 -90.21478
4702 0.56206 NaN NaN NaN 135.59302 -137.40361 -62.63549 243.19151 -187.75853 -106.57463 NaN NaN NaN 88.43625 -149.76048 -83.54679 -22.57478 -217.89503 -90.19126
4703 0.57040 NaN NaN NaN 135.58424 -137.42801 -62.63233 243.19221 -187.77759 -106.59026 NaN NaN NaN 88.43571 -149.74060 -83.57252 -22.56102 -217.91000 -90.15087
4704 0.57875 NaN NaN NaN 135.58682 -137.41206 -62.64782 243.18346 -187.78609 -106.57317 NaN NaN NaN 88.43063 -149.71545 -83.57942 -22.59620 -217.90628 -90.16570
4705 0.58709 NaN NaN NaN 135.58896 -137.43169 -62.63952 243.20560 -187.79845 -106.56709 NaN NaN NaN 88.44356 -149.71776 -83.60230 -22.60683 -217.89902 -90.12128
4706 0.59543 NaN NaN NaN 135.60159 -137.45367 -62.64550 243.21933 -187.79889 -106.57324 NaN NaN NaN 88.44524 -149.72765 -83.64025 -22.58214 -217.89212 -90.11418
4707 0.60377 NaN NaN NaN 135.61177 -137.46701 -62.64216 243.22174 -187.81358 -106.58685 NaN NaN NaN 88.44418 -149.72888 -83.63294 -22.52113 -217.90334 -90.11289
4708 0.61212 NaN NaN NaN 135.62436 -137.48892 -62.64116 243.22337 -187.80202 -106.57909 NaN NaN NaN 88.43257 -149.71648 -83.66132 -22.54285 -217.93311 -90.09746
4709 0.62046 NaN NaN NaN 135.62242 -137.51093 -62.62858 243.24110 -187.82480 -106.59391 NaN NaN NaN 88.43383 -149.70442 -83.63385 -22.56197 -217.95221 -90.07484
4710 0.62880 NaN NaN NaN 135.63205 -137.53172 -62.62158 243.25488 -187.81079 -106.58984 NaN NaN NaN 88.42986 -149.68793 -83.66420 -22.56651 -217.94534 -90.06332
4711 0.63714 NaN NaN NaN 135.64647 -137.54208 -62.60946 243.26164 -187.82585 -106.60176 NaN NaN NaN 88.41590 -149.67151 -83.67767 -22.54552 -217.94859 -90.05338
4712 0.64549 NaN NaN NaN 135.65639 -137.57011 -62.60944 243.25943 -187.82590 -106.60413 NaN NaN NaN 88.42311 -149.66554 -83.68934 -22.55709 -217.94566 -90.04133
4713 0.65383 NaN NaN NaN 135.66164 -137.58893 -62.60687 243.26785 -187.81769 -106.60471 NaN NaN NaN 88.40487 -149.63890 -83.67044 -22.56246 -217.97029 -90.00706
4714 0.66217 NaN NaN NaN 135.66946 -137.60448 -62.60519 243.26987 -187.82648 -106.59825 NaN NaN NaN 88.42268 -149.64925 -83.67683 -22.54781 -217.97035 -89.97749
4715 0.67052 NaN NaN NaN 135.66725 -137.58765 -62.60383 243.26735 -187.82904 -106.60193 NaN NaN NaN 88.41788 -149.63261 -83.68568 -22.54677 -217.96860 -89.99444
4716 0.67886 NaN NaN NaN 135.66347 -137.56540 -62.60653 243.27362 -187.84802 -106.58833 NaN NaN NaN 88.38986 -149.62935 -83.70257 -22.54657 -217.96446 -90.00363
4717 0.68720 NaN NaN NaN 135.65248 -137.56471 -62.60406 243.26941 -187.82869 -106.59257 NaN NaN NaN 88.40090 -149.60555 -83.72119 -22.54645 -217.94928 -89.96134
4718 0.69554 NaN NaN NaN 135.63937 -137.54839 -62.61686 243.26530 -187.80867 -106.58063 NaN NaN NaN 88.39561 -149.59438 -83.74037 -22.54784 -217.94801 -89.93941
4719 0.70389 NaN NaN NaN 135.63501 -137.55353 -62.62762 243.26958 -187.82555 -106.59721 NaN NaN NaN 88.39404 -149.56165 -83.75742 -22.53534 -217.96294 -89.90811
4720 0.71223 NaN NaN NaN 135.64413 -137.54535 -62.61110 243.25145 -187.80772 -106.58377 NaN NaN NaN 88.41150 -149.55841 -83.78593 -22.46685 -217.94383 -89.90164
4721 0.72057 NaN NaN NaN 135.64133 -137.54695 -62.61269 243.26428 -187.81743 -106.60014 NaN NaN NaN 88.41710 -149.54642 -83.79399 -22.49358 -217.95007 -89.89372
4722 0.72891 NaN NaN NaN 135.63872 -137.54547 -62.61666 243.25499 -187.79897 -106.58018 NaN NaN NaN 88.41210 -149.55669 -83.80747 -22.46937 -217.92574 -89.88019
4723 0.73726 NaN NaN NaN 135.61137 -137.54518 -62.62794 243.25343 -187.80533 -106.59286 NaN NaN NaN 88.40484 -149.53314 -83.81414 -22.50972 -217.93730 -89.89193
4724 0.74560 NaN NaN NaN 135.59283 -137.52686 -62.61841 243.23907 -187.80101 -106.58350 NaN NaN NaN 88.40646 -149.53436 -83.81359 -22.51270 -217.92853 -89.88004
4725 0.75394 NaN NaN NaN 135.60388 -137.52553 -62.62223 243.25774 -187.77213 -106.60563 NaN NaN NaN 88.39542 -149.52773 -83.82047 -22.51626 -217.93750 -89.89272
4726 0.76229 NaN NaN NaN 135.61665 -137.52840 -62.61071 243.24957 -187.77229 -106.59435 NaN NaN NaN 88.41297 -149.53500 -83.82475 -22.50775 -217.92361 -89.88872
4727 0.77063 NaN NaN NaN 135.60936 -137.54572 -62.59780 243.26581 -187.76640 -106.60884 NaN NaN NaN 88.39717 -149.54019 -83.83566 -22.52564 -217.93027 -89.89517
4728 0.77897 NaN NaN NaN 135.62485 -137.53152 -62.60599 243.25883 -187.76434 -106.59317 NaN NaN NaN 88.38444 -149.52113 -83.85677 -22.52419 -217.90898 -89.89264
4729 0.78731 NaN NaN NaN 135.61659 -137.54620 -62.59998 243.26788 -187.74503 -106.59730 NaN NaN NaN 88.39134 -149.51773 -83.85876 -22.53306 -217.92453 -89.90276
4730 0.79566 NaN NaN NaN 135.62120 -137.53676 -62.60075 243.26370 -187.72964 -106.59522 NaN NaN NaN 88.40111 -149.51115 -83.86220 -22.48098 -217.90234 -89.87122
4731 0.80400 NaN NaN NaN 135.60963 -137.53104 -62.59047 243.26154 -187.73256 -106.61063 NaN NaN NaN 88.40690 -149.51184 -83.87363 -22.50066 -217.91226 -89.87364
4732 0.81234 NaN NaN NaN 135.61890 -137.53703 -62.59787 243.25034 -187.71915 -106.58530 NaN NaN NaN 88.41345 -149.51024 -83.87380 -22.49324 -217.89436 -89.87450
4733 0.82069 NaN NaN NaN 135.59518 -137.50331 -62.58896 243.25719 -187.70537 -106.58818 NaN NaN NaN 88.40218 -149.49033 -83.90565 -22.50526 -217.89609 -89.87063
4734 0.82903 NaN NaN NaN 135.61308 -137.47600 -62.60483 243.24664 -187.71356 -106.57031 NaN NaN NaN 88.40099 -149.49580 -83.89448 -22.47559 -217.88045 -89.85773
4735 0.83737 NaN NaN NaN 135.59985 -137.45366 -62.60571 243.24644 -187.70750 -106.57138 NaN NaN NaN 88.40914 -149.48640 -83.89336 -22.49915 -217.88498 -89.82545
4736 0.84571 NaN NaN NaN 135.60095 -137.43636 -62.60853 243.23929 -187.71170 -106.56008 NaN NaN NaN 88.41069 -149.48384 -83.91293 -22.46175 -217.87184 -89.84403
4737 0.85406 NaN NaN NaN 135.59497 -137.44316 -62.59406 243.24588 -187.71490 -106.56918 NaN NaN NaN 88.40155 -149.49030 -83.94960 -22.49335 -217.88506 -89.83715
4738 0.86240 NaN NaN NaN 135.62158 -137.45183 -62.59666 243.25201 -187.70804 -106.56731 NaN NaN NaN 88.40826 -149.46962 -83.95045 -22.50172 -217.88603 -89.85031
4739 0.87074 NaN NaN NaN 135.61400 -137.45020 -62.58197 243.25020 -187.70607 -106.57281 NaN NaN NaN 88.40067 -149.46463 -83.97186 -22.51363 -217.87804 -89.84319
4740 0.87908 NaN NaN NaN 135.60863 -137.45706 -62.58839 243.24904 -187.70995 -106.55186 NaN NaN NaN 88.39837 -149.45601 -83.99684 -22.47891 -217.87029 -89.84727
4741 0.88743 NaN NaN NaN 135.60454 -137.46548 -62.57425 243.25909 -187.72202 -106.56189 NaN NaN NaN 88.39201 -149.46527 -84.02492 -22.49993 -217.87379 -89.82062
4742 0.89577 NaN NaN NaN 135.62169 -137.48839 -62.56324 243.25887 -187.73187 -106.55698 NaN NaN NaN 88.39123 -149.44576 -84.03007 -22.52349 -217.89354 -89.84617
4743 0.90411 NaN NaN NaN 135.62122 -137.50893 -62.54480 243.25388 -187.73683 -106.55849 NaN NaN NaN 88.40884 -149.47261 -84.07509 -22.52574 -217.90610 -89.85344
4744 0.91246 NaN NaN NaN 135.62854 -137.52417 -62.52895 243.25691 -187.73856 -106.55154 NaN NaN NaN 88.40401 -149.52702 -84.10128 -22.54151 -217.90364 -89.87440
4745 0.92080 NaN NaN NaN 135.62596 -137.56161 -62.53172 243.25591 -187.75215 -106.55989 NaN NaN NaN 88.38927 -149.47697 -84.13780 -22.53879 -217.90634 -89.86232
4746 0.92914 NaN NaN NaN 135.62695 -137.57062 -62.53154 243.27443 -187.77161 -106.55261 NaN NaN NaN 88.37759 -149.46548 -84.16753 -22.53693 -217.90617 -89.87200
4747 0.93748 NaN NaN NaN 135.63397 -137.59218 -62.51101 243.27121 -187.78947 -106.55539 NaN NaN NaN 88.39079 -149.45670 -84.17719 -22.51719 -217.91133 -89.88316
4748 0.94583 NaN NaN NaN 135.63695 -137.59698 -62.51939 243.26788 -187.79431 -106.54984 NaN NaN NaN 88.38959 -149.43713 -84.20892 -22.47487 -217.90701 -89.86454
4749 0.95417 NaN NaN NaN 135.63750 -137.61229 -62.51838 243.28787 -187.80585 -106.55492 NaN NaN NaN 88.40354 -149.45952 -84.21077 -22.49589 -217.91624 -89.85059
4750 0.96251 NaN NaN NaN 135.64383 -137.62190 -62.53604 243.28256 -187.82719 -106.54007 NaN NaN NaN 88.41331 -149.46001 -84.22013 -22.46893 -217.92224 -89.85048
4751 0.97085 NaN NaN NaN 135.64574 -137.62366 -62.52464 243.28441 -187.83151 -106.56850 NaN NaN NaN 88.42644 -149.44901 -84.20794 -22.48878 -217.93747 -89.85625
4752 0.97920 NaN NaN NaN 135.64771 -137.66849 -62.54096 243.28363 -187.82991 -106.56715 NaN NaN NaN 88.43922 -149.45454 -84.20384 -22.45211 -217.94008 -89.84894
4753 0.98754 NaN NaN NaN 135.65321 -137.68990 -62.50371 243.29115 -187.82881 -106.58723 NaN NaN NaN 88.44944 -149.46031 -84.20136 -22.43167 -217.94951 -89.82040
4754 0.99588 NaN NaN NaN 135.65695 -137.68753 -62.48502 243.28297 -187.84650 -106.58942 NaN NaN NaN 88.43521 -149.48630 -84.18030 -22.42276 -217.94644 -89.83504
4755 1.00423 NaN NaN NaN 135.65875 -137.71175 -62.48383 243.28340 -187.85562 -106.58791 NaN NaN NaN 88.42992 -149.52191 -84.14947 -22.48091 -217.95654 -89.85709
4756 1.01257 NaN NaN NaN 135.65677 -137.68810 -62.50892 243.28813 -187.87270 -106.58249 NaN NaN NaN 88.43168 -149.54796 -84.11843 -22.46017 -217.95839 -89.86845
4757 1.02091 NaN NaN NaN 135.65897 -137.71216 -62.49684 243.29781 -187.86945 -106.58680 NaN NaN NaN 88.42416 -149.61629 -84.07535 -22.49291 -217.97917 -89.87807
4758 1.02925 NaN NaN NaN 135.64223 -137.74738 -62.50290 243.30205 -187.87746 -106.58844 NaN NaN NaN 88.42362 -149.68765 -84.03870 -22.52569 -217.98000 -89.88754
4759 1.03760 NaN NaN NaN 135.64432 -137.79471 -62.47804 243.29829 -187.89059 -106.59310 NaN NaN NaN 88.41161 -149.73427 -83.98854 -22.55585 -218.00731 -89.89208
4760 1.04594 NaN NaN NaN 135.64105 -137.78276 -62.48470 243.29950 -187.89638 -106.58967 NaN NaN NaN 88.41422 -149.76251 -83.93917 -22.55112 -218.02046 -89.90812
4761 1.05428 NaN NaN NaN 135.64229 -137.81297 -62.47911 243.30933 -187.89404 -106.61643 NaN NaN NaN 88.39922 -149.76534 -83.88087 -22.53389 -218.03583 -89.91563
4762 1.06262 NaN NaN NaN 135.66328 -137.78917 -62.47388 243.31271 -187.89450 -106.59924 NaN NaN NaN 88.40517 -149.76297 -83.81453 -22.58477 -218.03737 -89.93755
4763 1.07097 NaN NaN NaN 135.67358 -137.82616 -62.47691 243.29280 -187.89122 -106.62724 NaN NaN NaN 88.37605 -149.77702 -83.79497 -22.59043 -218.03624 -90.00039
4764 1.07931 NaN NaN NaN 135.65326 -137.80135 -62.48595 243.29234 -187.88741 -106.61475 NaN NaN NaN 88.33932 -149.79355 -83.75132 -22.63603 -218.03651 -89.99850
4765 1.08765 NaN NaN NaN 135.65782 -137.81825 -62.48359 243.31047 -187.89192 -106.63327 NaN NaN NaN 88.31887 -149.79620 -83.73631 -22.66900 -218.04332 -90.01409
4766 1.09600 NaN NaN NaN 135.65836 -137.80263 -62.47768 243.30760 -187.89081 -106.64131 NaN NaN NaN 88.30756 -149.81902 -83.72556 -22.70697 -218.06705 -90.01601
4767 1.10434 NaN NaN NaN 135.66690 -137.83710 -62.49115 243.30560 -187.89041 -106.64469 NaN NaN NaN 88.30370 -149.82471 -83.70979 -22.72238 -218.07266 -90.01883
4768 1.11268 NaN NaN NaN 135.65421 -137.80464 -62.50249 243.30055 -187.87364 -106.63540 NaN NaN NaN 88.31009 -149.85049 -83.69395 -22.72668 -218.09544 -90.03917
4769 1.12102 NaN NaN NaN 135.64301 -137.81046 -62.50296 243.29922 -187.86177 -106.64274 NaN NaN NaN 88.30003 -149.86530 -83.68426 -22.73380 -218.09059 -90.01681
4770 1.12937 NaN NaN NaN 135.63950 -137.78990 -62.52126 243.30908 -187.85368 -106.63589 NaN NaN NaN 88.28714 -149.87241 -83.67733 -22.72015 -218.10666 -90.04601
4771 1.13771 NaN NaN NaN 135.64539 -137.79942 -62.49757 243.28938 -187.85786 -106.64634 NaN NaN NaN 88.25682 -149.86719 -83.66196 -22.69084 -218.10587 -90.04190
4772 1.14605 NaN NaN NaN 135.64211 -137.78658 -62.52385 243.29643 -187.87727 -106.62624 NaN NaN NaN 88.25919 -149.86557 -83.64750 -22.71592 -218.11465 -90.05762
4773 1.15439 NaN NaN NaN 135.64020 -137.81976 -62.50942 243.31053 -187.89214 -106.62521 NaN NaN NaN 88.24785 -149.86960 -83.64839 -22.75181 -218.11449 -90.02370
4774 1.16274 NaN NaN NaN 135.66577 -137.82190 -62.47460 243.31287 -187.89699 -106.63834 NaN NaN NaN 88.24059 -149.86407 -83.65029 -22.76570 -218.09709 -90.04900
4775 1.17108 NaN NaN NaN 135.67503 -137.83269 -62.47092 243.31473 -187.89297 -106.63213 NaN NaN NaN 88.21843 -149.86356 -83.64123 -22.73970 -218.09891 -90.04408
4776 1.17942 NaN NaN NaN 135.66060 -137.78870 -62.49723 243.31332 -187.87335 -106.62147 NaN NaN NaN 88.21608 -149.85667 -83.64291 -22.76184 -218.08992 -90.05424
4777 1.18777 NaN NaN NaN 135.66124 -137.78708 -62.50359 243.31488 -187.86447 -106.63687 NaN NaN NaN 88.21320 -149.84581 -83.64893 -22.74163 -218.08591 -90.05396
4778 1.19611 NaN NaN NaN 135.65742 -137.76979 -62.49026 243.30937 -187.85460 -106.60886 NaN NaN NaN 88.19816 -149.83789 -83.65957 -22.75675 -218.06595 -90.05632
4779 1.20445 NaN NaN NaN 135.66705 -137.79266 -62.49484 243.30179 -187.86029 -106.63554 NaN NaN NaN 88.18848 -149.83087 -83.64861 -22.76867 -218.06207 -90.06750
4780 1.21279 NaN NaN NaN 135.66727 -137.79352 -62.51378 243.31752 -187.85890 -106.62466 NaN NaN NaN 88.20453 -149.83478 -83.60670 -22.76900 -218.04718 -90.07253
4781 1.22114 NaN NaN NaN 135.69081 -137.80832 -62.47551 243.32426 -187.85086 -106.61562 NaN NaN NaN 88.18536 -149.82140 -83.61859 -22.76623 -218.05836 -90.06553
4782 1.22948 NaN NaN NaN 135.71085 -137.82823 -62.45801 243.33719 -187.84473 -106.61596 NaN NaN NaN 88.17121 -149.82574 -83.62013 -22.75771 -218.06233 -90.06721
4783 1.23782 NaN NaN NaN 135.73108 -137.83578 -62.44267 243.35722 -187.86182 -106.63898 NaN NaN NaN 88.18270 -149.81946 -83.62445 -22.75269 -218.06789 -90.06925
4784 1.24617 NaN NaN NaN 135.74690 -137.88187 -62.40012 243.37851 -187.83501 -106.63941 NaN NaN NaN 88.18225 -149.81454 -83.59200 -22.76229 -218.04587 -90.06527
4785 1.25451 NaN NaN NaN 135.76273 -137.89546 -62.36430 243.39066 -187.83917 -106.65719 NaN NaN NaN 88.19530 -149.82864 -83.57848 -22.77729 -218.06306 -90.05740
4786 1.26285 NaN NaN NaN 135.77589 -137.89851 -62.38325 243.39124 -187.83588 -106.63040 NaN NaN NaN 88.16758 -149.82999 -83.55360 -22.80247 -218.07132 -90.08923
4787 1.27119 NaN NaN NaN 135.77557 -137.87042 -62.36818 243.41074 -187.84952 -106.65939 NaN NaN NaN 88.15643 -149.84595 -83.53254 -22.81933 -218.07631 -90.07575
4788 1.27954 NaN NaN NaN 135.77351 -137.88380 -62.37310 243.41508 -187.83771 -106.64008 NaN NaN NaN 88.14214 -149.84421 -83.50665 -22.82512 -218.07265 -90.09429
4789 1.28788 NaN NaN NaN 135.79240 -137.85481 -62.34774 243.43123 -187.83357 -106.67082 NaN NaN NaN 88.11687 -149.85846 -83.48084 -22.82302 -218.07492 -90.09605
4790 1.29622 NaN NaN NaN 135.79012 -137.86263 -62.33775 243.45476 -187.84262 -106.66249 NaN NaN NaN 88.09892 -149.85080 -83.46856 -22.82630 -218.08234 -90.08547
4791 1.30456 NaN NaN NaN 135.79854 -137.86507 -62.33476 243.44608 -187.84285 -106.66867 NaN NaN NaN 88.09172 -149.87454 -83.46014 -22.84916 -218.06976 -90.08636
4792 1.31291 NaN NaN NaN 135.81239 -137.87706 -62.33347 243.45471 -187.83521 -106.66401 NaN NaN NaN 88.06357 -149.85495 -83.45418 -22.85895 -218.07115 -90.09325
4793 1.32125 NaN NaN NaN 135.82535 -137.87448 -62.30705 243.44612 -187.84456 -106.67891 NaN NaN NaN 88.05365 -149.89272 -83.44402 -22.87818 -218.09129 -90.09171
4794 1.32959 NaN NaN NaN 135.85208 -137.88472 -62.28581 243.46753 -187.84460 -106.67949 NaN NaN NaN 88.03996 -149.90009 -83.42359 -22.88961 -218.09229 -90.09064
4795 1.33794 NaN NaN NaN 135.87482 -137.88026 -62.25790 243.45955 -187.85066 -106.67651 NaN NaN NaN 88.02885 -149.92818 -83.42332 -22.93462 -218.11440 -90.10253
4796 1.34628 NaN NaN NaN 135.88429 -137.90897 -62.24096 243.47269 -187.84576 -106.66737 NaN NaN NaN 88.01166 -149.92123 -83.41069 -22.95366 -218.10794 -90.14836
4797 1.35462 NaN NaN NaN 135.87633 -137.95351 -62.21528 243.47493 -187.83255 -106.68303 NaN NaN NaN 87.99168 -149.94424 -83.38890 -22.96301 -218.09364 -90.15114
4798 1.36296 NaN NaN NaN 135.90273 -137.99519 -62.19413 243.49257 -187.84341 -106.68235 NaN NaN NaN 87.97607 -149.95412 -83.38034 -23.00982 -218.10912 -90.19410
4799 1.37131 NaN NaN NaN 135.91988 -138.00981 -62.17986 243.50368 -187.83864 -106.68688 NaN NaN NaN 87.96153 -149.97852 -83.36919 -23.01861 -218.10350 -90.21976
4800 1.37965 NaN NaN NaN 135.92249 -138.02885 -62.15369 243.52063 -187.85803 -106.69790 NaN NaN NaN 87.93168 -150.00645 -83.36662 -23.04914 -218.15106 -90.22989
4801 1.38799 NaN NaN NaN 135.92667 -138.03844 -62.14331 243.52721 -187.84135 -106.71363 NaN NaN NaN 87.88622 -150.02715 -83.38847 -23.07155 -218.18579 -90.21954
4802 1.39633 NaN NaN NaN 135.93784 -138.03799 -62.13440 243.55127 -187.83997 -106.72311 NaN NaN NaN 87.87029 -150.02957 -83.40405 -23.08163 -218.21075 -90.22779
4803 1.40468 NaN NaN NaN 135.96948 -138.04903 -62.10871 243.54588 -187.82175 -106.73590 NaN NaN NaN 87.84351 -150.03101 -83.41157 -23.12267 -218.25012 -90.24648
4804 1.41302 NaN NaN NaN 135.98776 -138.07391 -62.04070 243.55603 -187.83102 -106.73547 NaN NaN NaN 87.81355 -150.01738 -83.41852 -23.17612 -218.24722 -90.27198
4805 1.42136 NaN NaN NaN 135.99792 -138.10295 -61.98470 243.55205 -187.83069 -106.74953 NaN NaN NaN 87.81480 -150.00621 -83.43431 -23.21504 -218.23738 -90.25031
4806 1.42971 NaN NaN NaN 135.99081 -138.16449 -61.94170 243.56381 -187.85522 -106.74233 NaN NaN NaN 87.80170 -150.01595 -83.45267 -23.14281 -218.22569 -90.23315
4807 1.43805 NaN NaN NaN 136.00655 -138.13713 -61.92429 243.56430 -187.86899 -106.73712 NaN NaN NaN 87.78959 -150.00574 -83.48726 -23.19655 -218.23466 -90.19629
4808 1.44639 NaN NaN NaN 136.03391 -138.14424 -61.87818 243.57341 -187.86783 -106.72587 NaN NaN NaN 87.77864 -149.97615 -83.53238 -23.16619 -218.24969 -90.18643
4809 1.45473 NaN NaN NaN 136.05547 -138.14561 -61.81229 243.59914 -187.85022 -106.71759 NaN NaN NaN 87.75893 -149.93073 -83.56742 -23.21487 -218.26482 -90.17261
4810 1.46308 NaN NaN NaN 136.07852 -138.18321 -61.76199 243.61147 -187.84416 -106.71918 NaN NaN NaN 87.73977 -149.92686 -83.55781 -23.18016 -218.27823 -90.18409
4811 1.47142 NaN NaN NaN 136.09891 -138.22296 -61.71572 243.62897 -187.84258 -106.71261 NaN NaN NaN 87.69780 -149.90483 -83.54763 -23.18356 -218.25835 -90.18226
4812 1.47976 NaN NaN NaN 136.10596 -138.22096 -61.68690 243.63538 -187.84315 -106.71573 NaN NaN NaN 87.69339 -149.91861 -83.54781 -23.17206 -218.24814 -90.18130
4813 1.48810 NaN NaN NaN 136.13963 -138.22227 -61.62566 243.63701 -187.84727 -106.69345 NaN NaN NaN 87.65274 -149.89925 -83.56094 -23.28274 -218.26398 -90.15900
4814 1.49645 NaN NaN NaN 136.14955 -138.18636 -61.56311 243.62024 -187.83009 -106.66598 NaN NaN NaN 87.60906 -149.90968 -83.57125 -23.28084 -218.29201 -90.14568
4815 1.50479 NaN NaN NaN 136.14380 -138.16141 -61.51458 243.57207 -187.83989 -106.65483 NaN NaN NaN 87.55759 -149.92583 -83.56609 -23.31049 -218.30580 -90.13618
4816 1.51313 NaN NaN NaN 136.12418 -138.11119 -61.48894 243.54095 -187.83588 -106.64290 NaN NaN NaN 87.50316 -149.94653 -83.53770 -23.34475 -218.30287 -90.16260
4817 1.52148 NaN NaN NaN 136.12509 -138.06606 -61.45889 243.52428 -187.80908 -106.60211 NaN NaN NaN 87.48149 -149.99936 -83.49023 -23.39580 -218.30742 -90.17139
4818 1.52982 NaN NaN NaN 136.11278 -138.02074 -61.42305 243.49120 -187.80281 -106.57612 NaN NaN NaN 87.45660 -150.04466 -83.45146 -23.49004 -218.31415 -90.19445
4819 1.53816 NaN NaN NaN 136.12134 -137.98109 -61.37485 243.46318 -187.79657 -106.55489 NaN NaN NaN 87.41785 -150.08937 -83.40318 -23.54763 -218.32544 -90.22607
4820 1.54650 NaN NaN NaN 136.12189 -137.95636 -61.30505 243.44485 -187.78813 -106.53283 NaN NaN NaN 87.37594 -150.11926 -83.33965 -23.61936 -218.34833 -90.28686
4821 1.55485 NaN NaN NaN 136.12988 -137.95702 -61.25610 243.43855 -187.79550 -106.53648 NaN NaN NaN 87.34569 -150.16057 -83.25874 -23.68761 -218.37234 -90.32183
4822 1.56319 NaN NaN NaN 136.15001 -137.95633 -61.20369 243.43315 -187.80559 -106.52070 NaN NaN NaN 87.30156 -150.19298 -83.19335 -23.72452 -218.40253 -90.33948
4823 1.57153 NaN NaN NaN 136.16042 -137.94289 -61.14977 243.42673 -187.80891 -106.52327 NaN NaN NaN 87.22878 -150.23921 -83.12244 -23.74924 -218.39923 -90.35701
4824 1.57987 NaN NaN NaN 136.16383 -137.93205 -61.12110 243.41148 -187.81357 -106.50323 NaN NaN NaN 87.16946 -150.30692 -83.07805 -23.80835 -218.41716 -90.39456
4825 1.58822 NaN NaN NaN 136.16762 -137.92728 -61.10363 243.40036 -187.82397 -106.50039 NaN NaN NaN 87.12816 -150.35294 -83.04811 -23.88786 -218.42142 -90.43939
4826 1.59656 NaN NaN NaN 136.16241 -137.90184 -61.10723 243.37886 -187.82425 -106.48978 NaN NaN NaN 87.09055 -150.39926 -83.00819 -23.94667 -218.41191 -90.46158
4827 1.60490 NaN NaN NaN 136.15842 -137.86160 -61.09084 243.36295 -187.82841 -106.48532 NaN NaN NaN 87.04636 -150.44598 -82.98914 -23.99124 -218.41284 -90.47361
4828 1.61325 NaN NaN NaN 136.16301 -137.81296 -61.06956 243.33900 -187.82524 -106.46984 NaN NaN NaN 87.04140 -150.46785 -82.90523 -24.01852 -218.43567 -90.49963
4829 1.62159 NaN NaN NaN 136.15532 -137.78845 -61.04258 243.32826 -187.82426 -106.45685 NaN NaN NaN 87.02013 -150.49583 -82.85984 -24.06651 -218.42001 -90.51931
4830 1.62993 NaN NaN NaN 136.16054 -137.76274 -61.00069 243.32513 -187.81885 -106.43618 NaN NaN NaN 86.98955 -150.51134 -82.83876 -24.10543 -218.40216 -90.58595
4831 1.63827 NaN NaN NaN 136.16475 -137.77579 -60.95443 243.29805 -187.80458 -106.42441 NaN NaN NaN 86.95235 -150.51727 -82.82929 -24.15867 -218.39412 -90.58682
4832 1.64662 NaN NaN NaN 136.14964 -137.77782 -60.90491 243.28532 -187.79611 -106.44112 NaN NaN NaN 86.92789 -150.51935 -82.78797 -24.18073 -218.40681 -90.58997
4833 1.65496 NaN NaN NaN 136.14767 -137.78557 -60.87267 243.26944 -187.79233 -106.43736 NaN NaN NaN 86.87818 -150.53976 -82.75148 -24.21209 -218.42386 -90.62292
4834 1.66330 NaN NaN NaN 136.14186 -137.78856 -60.85404 243.25766 -187.79276 -106.41833 NaN NaN NaN 86.85146 -150.56221 -82.68255 -24.27026 -218.44798 -90.64415
4835 1.67164 NaN NaN NaN 136.15700 -137.77271 -60.85314 243.22449 -187.80185 -106.39110 NaN NaN NaN 86.83585 -150.58899 -82.65481 -24.34174 -218.43008 -90.67110
4836 1.67999 NaN NaN NaN 136.14957 -137.74442 -60.84834 243.23740 -187.77834 -106.39787 NaN NaN NaN 86.81232 -150.62117 -82.61483 -24.33578 -218.43169 -90.68484
4837 1.68833 NaN NaN NaN 136.13936 -137.73549 -60.85188 243.22404 -187.77916 -106.38287 NaN NaN NaN 86.80557 -150.66383 -82.58981 -24.35351 -218.44583 -90.69447
4838 1.69667 NaN NaN NaN 136.14142 -137.69624 -60.85023 243.21516 -187.77882 -106.38554 NaN NaN NaN 86.77746 -150.69691 -82.54659 -24.34205 -218.45892 -90.72640
4839 1.70502 NaN NaN NaN 136.13612 -137.68028 -60.84861 243.19998 -187.76537 -106.38194 NaN NaN NaN 86.75430 -150.73293 -82.49712 -24.36450 -218.47545 -90.72244
4840 1.71336 NaN NaN NaN 136.13121 -137.63393 -60.84402 243.18013 -187.76103 -106.37432 NaN NaN NaN 86.74297 -150.75015 -82.48068 -24.41842 -218.49225 -90.73579
4841 1.72170 NaN NaN NaN 136.11189 -137.63148 -60.85466 243.16789 -187.76064 -106.37553 NaN NaN NaN 86.75585 -150.77446 -82.45029 -24.47492 -218.50089 -90.71518
4842 1.73004 NaN NaN NaN 136.11484 -137.62538 -60.85779 243.15060 -187.76079 -106.36414 NaN NaN NaN 86.73969 -150.81927 -82.41290 -24.50276 -218.50308 -90.73081
4843 1.73839 NaN NaN NaN 136.10484 -137.57719 -60.87066 243.14339 -187.75664 -106.36662 NaN NaN NaN 86.72608 -150.83861 -82.39093 -24.49505 -218.50668 -90.73739
4844 1.74673 NaN NaN NaN 136.12076 -137.55124 -60.88792 243.13232 -187.74467 -106.36217 NaN NaN NaN 86.71616 -150.87466 -82.35014 -24.49454 -218.49673 -90.74001
4845 1.75507 NaN NaN NaN 136.10709 -137.56133 -60.89182 243.12190 -187.75128 -106.35757 NaN NaN NaN 86.70834 -150.89352 -82.31902 -24.50374 -218.51170 -90.75047
4846 1.76342 NaN NaN NaN 136.10454 -137.53621 -60.90690 243.12903 -187.76521 -106.35044 NaN NaN NaN 86.69167 -150.92052 -82.29240 -24.56314 -218.51646 -90.74976
4847 1.77176 NaN NaN NaN 136.07909 -137.53186 -60.90945 243.13576 -187.77826 -106.33907 NaN NaN NaN 86.66446 -150.93407 -82.26797 -24.51761 -218.50069 -90.75998
4848 1.78010 NaN NaN NaN 136.06259 -137.53882 -60.94108 243.13292 -187.76631 -106.31796 NaN NaN NaN 86.64928 -150.94861 -82.24716 -24.54653 -218.53319 -90.78825
4849 1.78844 NaN NaN NaN 136.04625 -137.51196 -60.94712 243.13121 -187.77130 -106.31241 NaN NaN NaN 86.65269 -150.97502 -82.23590 -24.58278 -218.51080 -90.80839
4850 1.79679 NaN NaN NaN 136.07570 -137.52264 -60.95723 243.14220 -187.78354 -106.31123 NaN NaN NaN 86.64085 -151.00398 -82.22462 -24.58499 -218.50142 -90.81352
4851 1.80513 NaN NaN NaN 136.08589 -137.53191 -60.97672 243.15128 -187.78488 -106.31065 NaN NaN NaN 86.62033 -151.01768 -82.21071 -24.66984 -218.50069 -90.82001
4852 1.81347 NaN NaN NaN 136.10063 -137.52753 -60.98579 243.17276 -187.80626 -106.31630 NaN NaN NaN 86.59944 -151.04817 -82.18407 -24.70567 -218.50908 -90.83604
4853 1.82181 NaN NaN NaN 136.10167 -137.54559 -60.98997 243.17508 -187.81903 -106.30581 NaN NaN NaN 86.56409 -151.02267 -82.15861 -24.71834 -218.53589 -90.86484
4854 1.83016 NaN NaN NaN 136.11786 -137.57909 -60.98159 243.19987 -187.82417 -106.30895 NaN NaN NaN 86.58133 -151.07144 -82.09328 -24.72260 -218.56207 -90.85287
4855 1.83850 NaN NaN NaN 136.10893 -137.62000 -60.96680 243.19698 -187.83067 -106.32253 NaN NaN NaN 86.55353 -151.06351 -82.07298 -24.72399 -218.59132 -90.86568
4856 1.84684 NaN NaN NaN 136.11255 -137.62709 -60.94897 243.20102 -187.82550 -106.32566 NaN NaN NaN 86.55602 -151.09373 -82.05158 -24.74538 -218.57722 -90.87873
4857 1.85519 NaN NaN NaN 136.12247 -137.62607 -60.94230 243.19771 -187.84059 -106.32401 NaN NaN NaN 86.55591 -151.12433 -82.04207 -24.76667 -218.60437 -90.90964
4858 1.86353 NaN NaN NaN 136.12009 -137.61443 -60.93563 243.18816 -187.84090 -106.31325 NaN NaN NaN 86.56587 -151.21741 -81.98310 -24.77605 -218.60051 -90.93044
