Frame# Time LH1 LH2 LH3 RH1 RH2 RH3
X54 Y54 Z54 X55 Y55 Z55 X56 Y56 Z56 X57 Y57 Z57 X58 Y58 Z58 X59 Y59 Z59
12006 0.00093 NaN NaN NaN 131.88628 -114.88545 -73.40229 230.08209 -194.22981 -83.76379 NaN NaN NaN 94.73177 -134.10400 -84.24978 -12.96613 -207.36656 -77.13828
12007 0.00926 NaN NaN NaN 131.89117 -114.87955 -73.40522 230.07956 -194.21626 -83.77153 NaN NaN NaN 94.74044 -134.11600 -84.24174 -12.97834 -207.37347 -77.11655
12008 0.01760 NaN NaN NaN 131.90878 -114.85519 -73.42606 230.07402 -194.20264 -83.77120 NaN NaN NaN 94.75549 -134.12654 -84.24923 -12.97923 -207.38226 -77.13542
12009 0.02594 NaN NaN NaN 131.90100 -114.82257 -73.40068 230.08646 -194.21019 -83.76558 NaN NaN NaN 94.74303 -134.11809 -84.24729 -12.95365 -207.36743 -77.14440
12010 0.03428 NaN NaN NaN 131.89465 -114.85222 -73.40730 230.06624 -194.20241 -83.75574 NaN NaN NaN 94.75474 -134.15349 -84.23997 -12.95977 -207.37021 -77.15855
12011 0.04262 NaN NaN NaN 131.90048 -114.82681 -73.38811 230.06783 -194.20978 -83.73952 NaN NaN NaN 94.74220 -134.18056 -84.22452 -13.01707 -207.38609 -77.19607
12012 0.05096 NaN NaN NaN 131.89311 -114.82996 -73.41093 230.05357 -194.20499 -83.74152 NaN NaN NaN 94.73980 -134.19099 -84.20687 -12.99347 -207.38902 -77.18526
12013 0.05930 NaN NaN NaN 131.89395 -114.82526 -73.42197 230.05753 -194.20535 -83.73532 NaN NaN NaN 94.72785 -134.18275 -84.21330 -13.02472 -207.39188 -77.20097
12014 0.06764 NaN NaN NaN 131.88066 -114.83159 -73.42845 230.04346 -194.20055 -83.73817 NaN NaN NaN 94.74979 -134.19214 -84.19377 -13.03663 -207.37897 -77.20622
12015 0.07598 NaN NaN NaN 131.88200 -114.82308 -73.40003 230.05229 -194.19659 -83.73094 NaN NaN NaN 94.75149 -134.19685 -84.19220 -13.03555 -207.38116 -77.20821
12016 0.08431 NaN NaN NaN 131.88828 -114.81246 -73.41272 230.04987 -194.20317 -83.73068 NaN NaN NaN 94.75912 -134.19907 -84.19450 -13.02503 -207.36374 -77.20218
12017 0.09265 NaN NaN NaN 131.87799 -114.80921 -73.39529 230.06396 -194.20500 -83.72800 NaN NaN NaN 94.78125 -134.21712 -84.19424 -13.02258 -207.37074 -77.19598
12018 0.10099 NaN NaN NaN 131.87375 -114.80307 -73.39349 230.05853 -194.19612 -83.73015 NaN NaN NaN 94.79031 -134.21600 -84.19798 -12.99146 -207.38202 -77.17305
12019 0.10933 NaN NaN NaN 131.88037 -114.81379 -73.38116 230.05887 -194.20009 -83.73073 NaN NaN NaN 94.80751 -134.21565 -84.18908 -12.95194 -207.36627 -77.18022
12020 0.11767 NaN NaN NaN 131.88844 -114.83127 -73.40704 230.03973 -194.20915 -83.73064 NaN NaN NaN 94.83955 -134.23109 -84.18118 -12.93994 -207.35287 -77.17242
12021 0.12601 NaN NaN NaN 131.87447 -114.83911 -73.38923 230.06061 -194.20662 -83.72741 NaN NaN NaN 94.84421 -134.20277 -84.17467 -12.92192 -207.33722 -77.18311
12022 0.13435 NaN NaN NaN 131.89796 -114.83217 -73.40503 230.06425 -194.20309 -83.73064 NaN NaN NaN 94.90890 -134.28708 -84.12265 -12.92626 -207.31622 -77.19476
12023 0.14269 NaN NaN NaN 131.88950 -114.79994 -73.36996 230.06468 -194.20187 -83.72507 NaN NaN NaN 94.93293 -134.33420 -84.13202 -12.91328 -207.31744 -77.14361
12024 0.15103 NaN NaN NaN 131.88350 -114.82627 -73.39033 230.04866 -194.19791 -83.73359 NaN NaN NaN 94.96366 -134.36665 -84.14646 -12.89966 -207.31223 -77.16447
12025 0.15936 NaN NaN NaN 131.89670 -114.80981 -73.37682 230.05489 -194.19518 -83.73428 NaN NaN NaN 94.96004 -134.27614 -84.18917 -12.87309 -207.30064 -77.15653
12026 0.16770 NaN NaN NaN 131.92232 -114.79660 -73.39574 230.06084 -194.20428 -83.73845 NaN NaN NaN 94.98490 -134.22563 -84.22098 -12.83930 -207.29045 -77.13985
12027 0.17604 NaN NaN NaN 131.92627 -114.78102 -73.39207 230.06285 -194.20467 -83.73139 NaN NaN NaN 94.97076 -134.10103 -84.27659 -12.82209 -207.26968 -77.13940
12028 0.18438 NaN NaN NaN 131.87663 -114.82355 -73.38706 230.04848 -194.19373 -83.73312 NaN NaN NaN 94.98016 -134.03389 -84.29392 -12.79603 -207.25728 -77.13725
12029 0.19272 NaN NaN NaN 131.90610 -114.79322 -73.38082 230.07207 -194.20642 -83.72285 NaN NaN NaN 94.97572 -133.99767 -84.29712 -12.77993 -207.26044 -77.11344
12030 0.20106 NaN NaN NaN 131.89801 -114.81215 -73.38837 230.05501 -194.19148 -83.73029 NaN NaN NaN 94.98518 -134.02087 -84.29387 -12.77700 -207.23320 -77.13068
12031 0.20940 NaN NaN NaN 131.91757 -114.76876 -73.37478 230.06105 -194.19556 -83.72573 NaN NaN NaN 95.00468 -134.01268 -84.30005 -12.75458 -207.23116 -77.10788
12032 0.21774 NaN NaN NaN 131.93253 -114.75548 -73.36221 230.04713 -194.19952 -83.72952 NaN NaN NaN 95.01350 -134.00153 -84.31263 -12.74260 -207.22829 -77.10560
12033 0.22608 NaN NaN NaN 131.91977 -114.76569 -73.35469 230.05769 -194.21217 -83.72398 NaN NaN NaN 95.02483 -134.00916 -84.30737 -12.72160 -207.23004 -77.06111
12034 0.23442 NaN NaN NaN 131.87611 -114.82375 -73.35172 230.05904 -194.21286 -83.72344 NaN NaN NaN 95.03339 -134.01973 -84.30006 -12.72717 -207.23975 -77.07371
12035 0.24275 NaN NaN NaN 131.89755 -114.83489 -73.34231 230.07471 -194.22026 -83.70841 NaN NaN NaN 95.03102 -134.02092 -84.30605 -12.72141 -207.24855 -77.05832
12036 0.25109 NaN NaN NaN 131.87910 -114.84829 -73.33745 230.06944 -194.21883 -83.71677 NaN NaN NaN 95.06950 -134.08974 -84.29556 -12.72804 -207.23967 -77.05920
12037 0.25943 NaN NaN NaN 131.88947 -114.85012 -73.34181 230.07600 -194.21936 -83.71119 NaN NaN NaN 95.05603 -134.04160 -84.31973 -12.71699 -207.23770 -77.06334
12038 0.26777 NaN NaN NaN 131.88022 -114.85527 -73.33382 230.06703 -194.20665 -83.72021 NaN NaN NaN 95.04289 -133.96288 -84.35076 -12.69342 -207.22435 -77.06396
12039 0.27611 NaN NaN NaN 131.87270 -114.87121 -73.33173 230.08148 -194.20491 -83.72210 NaN NaN NaN 95.05323 -133.91910 -84.38176 -12.65115 -207.20323 -77.03279
12040 0.28445 NaN NaN NaN 131.88780 -114.89856 -73.34480 230.09001 -194.21687 -83.73139 NaN NaN NaN 95.10308 -133.96103 -84.39634 -12.62822 -207.19121 -77.02527
12041 0.29279 NaN NaN NaN 131.88564 -114.91578 -73.32157 230.11179 -194.22835 -83.73199 NaN NaN NaN 95.11614 -133.98557 -84.39843 -12.61028 -207.17596 -77.02707
12042 0.30113 NaN NaN NaN 131.87570 -114.93842 -73.30934 230.12747 -194.23766 -83.75369 NaN NaN NaN 95.15515 -134.01820 -84.40063 -12.59031 -207.17268 -77.02290
12043 0.30947 NaN NaN NaN 131.86720 -114.97221 -73.31445 230.14198 -194.25854 -83.74484 NaN NaN NaN 95.17784 -134.00798 -84.40923 -12.57303 -207.14894 -77.01508
12044 0.31780 NaN NaN NaN 131.90004 -114.99001 -73.32359 230.14534 -194.25746 -83.75346 NaN NaN NaN 95.19292 -134.00989 -84.42352 -12.57167 -207.15131 -77.03029
12045 0.32614 NaN NaN NaN 131.88589 -114.96149 -73.31778 230.14308 -194.25151 -83.73775 NaN NaN NaN 95.17522 -133.96715 -84.44450 -12.57258 -207.15536 -77.03944
12046 0.33448 NaN NaN NaN 131.88791 -114.97395 -73.34684 230.13971 -194.25764 -83.75288 NaN NaN NaN 95.18482 -133.99602 -84.45583 -12.54737 -207.16710 -76.99209
12047 0.34282 NaN NaN NaN 131.87694 -114.96938 -73.35667 230.14043 -194.26250 -83.73915 NaN NaN NaN 95.20094 -134.00597 -84.46404 -12.54217 -207.16048 -77.00645
12048 0.35116 NaN NaN NaN 131.87668 -114.98531 -73.37984 230.14519 -194.26277 -83.74868 NaN NaN NaN 95.20519 -134.00812 -84.47074 -12.50447 -207.14679 -76.98584
12049 0.35950 NaN NaN NaN 131.90189 -115.01541 -73.34637 230.15875 -194.27451 -83.74161 NaN NaN NaN 95.22442 -134.00636 -84.49801 -12.47960 -207.12354 -76.99376
12050 0.36784 NaN NaN NaN 131.90508 -115.06275 -73.33831 230.16867 -194.28496 -83.74872 NaN NaN NaN 95.21813 -133.96460 -84.53854 -12.38684 -207.10298 -76.97984
12051 0.37618 NaN NaN NaN 131.92319 -115.10188 -73.30932 230.17429 -194.29900 -83.74025 NaN NaN NaN 95.21953 -133.91782 -84.57776 -12.40242 -207.08327 -76.97027
12052 0.38452 NaN NaN NaN 131.92590 -115.13750 -73.30914 230.18777 -194.30640 -83.75240 NaN NaN NaN 95.23560 -133.87810 -84.60725 -12.41561 -207.06152 -76.97530
12053 0.39285 NaN NaN NaN 131.92844 -115.16859 -73.31150 230.22960 -194.32631 -83.74991 NaN NaN NaN 95.24124 -133.84538 -84.65765 -12.36227 -207.04347 -76.98610
12054 0.40119 NaN NaN NaN 131.94443 -115.18446 -73.29872 230.24684 -194.34618 -83.75639 NaN NaN NaN 95.23095 -133.81633 -84.71386 -12.32336 -207.03929 -77.00066
12055 0.40953 NaN NaN NaN 131.96980 -115.20338 -73.29076 230.25351 -194.34583 -83.75447 NaN NaN NaN 95.21243 -133.76836 -84.74028 -12.30236 -207.00598 -76.99625
12056 0.41787 NaN NaN NaN 131.96156 -115.22263 -73.28756 230.25404 -194.34691 -83.74840 NaN NaN NaN 95.22694 -133.76849 -84.75858 -12.31940 -207.00269 -76.97245
12057 0.42621 NaN NaN NaN 131.96234 -115.20914 -73.28976 230.26364 -194.32529 -83.75893 NaN NaN NaN 95.24636 -133.74878 -84.77116 -12.28125 -206.99597 -76.96665
12058 0.43455 NaN NaN NaN 131.96617 -115.21082 -73.30036 230.27339 -194.32170 -83.76704 NaN NaN NaN 95.23579 -133.73212 -84.78449 -12.26057 -207.00320 -76.94424
12059 0.44289 NaN NaN NaN 131.96655 -115.20099 -73.31044 230.27533 -194.31383 -83.75452 NaN NaN NaN 95.23025 -133.71625 -84.80193 -12.32775 -206.98810 -76.96785
12060 0.45123 NaN NaN NaN 131.98386 -115.18856 -73.32439 230.27348 -194.29861 -83.76709 NaN NaN NaN 95.23907 -133.65883 -84.84907 -12.34934 -206.94897 -76.97621
12061 0.45957 NaN NaN NaN 131.98924 -115.14908 -73.34619 230.28165 -194.29430 -83.75028 NaN NaN NaN 95.20781 -133.53815 -84.92081 -12.31941 -206.91325 -76.96722
12062 0.46791 NaN NaN NaN 131.98822 -115.13942 -73.36330 230.28711 -194.28189 -83.75549 NaN NaN NaN 95.20100 -133.42880 -85.03260 -12.26965 -206.87392 -76.92994
12063 0.47624 NaN NaN NaN 131.99199 -115.12513 -73.37180 230.31026 -194.25140 -83.75336 NaN NaN NaN 95.20984 -133.28796 -85.12834 -12.22666 -206.81468 -76.91234
12064 0.48458 NaN NaN NaN 131.99910 -115.10688 -73.37360 230.31786 -194.25699 -83.77003 NaN NaN NaN 95.24780 -133.24548 -85.20532 -12.21253 -206.74374 -76.91215
12065 0.49292 NaN NaN NaN 132.03648 -115.05359 -73.38943 230.32851 -194.21475 -83.78075 NaN NaN NaN 95.25388 -133.14601 -85.28869 -12.19148 -206.67047 -76.89189
12066 0.50126 NaN NaN NaN 132.05316 -115.03144 -73.39457 230.34705 -194.20570 -83.79523 NaN NaN NaN 95.24593 -133.02660 -85.36913 -12.17249 -206.58525 -76.90829
12067 0.50960 NaN NaN NaN 132.07845 -114.98960 -73.41368 230.37418 -194.19754 -83.79771 NaN NaN NaN 95.23878 -132.94548 -85.44682 -12.12933 -206.52986 -76.91779
12068 0.51794 NaN NaN NaN 132.11134 -114.95642 -73.42727 230.41449 -194.18788 -83.82124 NaN NaN NaN 95.23779 -132.87299 -85.52116 -12.08682 -206.45428 -76.91442
12069 0.52628 NaN NaN NaN 132.11502 -114.94847 -73.47725 230.44206 -194.17281 -83.84100 NaN NaN NaN 95.28200 -132.76747 -85.58966 -11.99013 -206.36459 -76.80927
12070 0.53462 NaN NaN NaN 132.14413 -114.91185 -73.52471 230.48080 -194.12131 -83.87143 NaN NaN NaN 95.31855 -132.66534 -85.64231 -11.92904 -206.26678 -76.74688
12071 0.54296 NaN NaN NaN 132.14127 -114.91662 -73.52687 230.51828 -194.07083 -83.89518 NaN NaN NaN 95.35703 -132.55319 -85.70461 -11.88489 -206.20926 -76.68624
12072 0.55129 NaN NaN NaN 132.17513 -114.92246 -73.51661 230.54173 -194.03687 -83.92611 NaN NaN NaN 95.37612 -132.44801 -85.72404 -11.84949 -206.14973 -76.60783
12073 0.55963 NaN NaN NaN 132.18243 -114.92911 -73.50421 230.55200 -194.01485 -83.95396 NaN NaN NaN 95.40034 -132.38521 -85.74879 -11.80738 -206.07875 -76.54726
12074 0.56797 NaN NaN NaN 132.18770 -114.92265 -73.52512 230.55688 -194.00598 -83.96653 NaN NaN NaN 95.43330 -132.33022 -85.73470 -11.78162 -206.00964 -76.51741
12075 0.57631 NaN NaN NaN 132.18210 -114.91734 -73.50973 230.55156 -193.98660 -83.97311 NaN NaN NaN 95.45306 -132.30620 -85.75564 -11.78097 -205.95879 -76.50041
12076 0.58465 NaN NaN NaN 132.16783 -114.92864 -73.49213 230.55965 -193.99213 -83.97454 NaN NaN NaN 95.45425 -132.28511 -85.74234 -11.78102 -205.93425 -76.49901
12077 0.59299 NaN NaN NaN 132.14223 -114.89953 -73.51240 230.53110 -193.96666 -83.97489 NaN NaN NaN 95.46533 -132.29893 -85.76989 -11.79563 -205.90793 -76.49096
12078 0.60133 NaN NaN NaN 132.13013 -114.91444 -73.51229 230.51492 -193.97078 -83.97849 NaN NaN NaN 95.47008 -132.26801 -85.74591 -11.79565 -205.90337 -76.50177
12079 0.60967 NaN NaN NaN 132.12485 -114.88357 -73.54431 230.48932 -193.94699 -83.97342 NaN NaN NaN 95.49303 -132.26566 -85.78672 -11.75938 -205.87283 -76.49352
12080 0.61801 NaN NaN NaN 132.11618 -114.88292 -73.55873 230.47472 -193.94615 -83.99075 NaN NaN NaN 95.56425 -132.19948 -85.79716 -11.70969 -205.80571 -76.40487
12081 0.62634 NaN NaN NaN 132.10074 -114.87492 -73.55468 230.47226 -193.96527 -83.98634 NaN NaN NaN 95.62038 -132.12343 -85.84743 -11.62044 -205.72752 -76.34743
12082 0.63468 NaN NaN NaN 132.09637 -114.89397 -73.54594 230.45172 -193.99306 -83.98316 NaN NaN NaN 95.72531 -132.00928 -85.90292 -11.41198 -205.66168 -76.22422
12083 0.64302 NaN NaN NaN 132.08527 -114.88702 -73.58525 230.42924 -193.99399 -83.98337 NaN NaN NaN 95.82773 -131.87599 -86.01564 -11.26772 -205.57950 -76.10040
12084 0.65136 NaN NaN NaN 132.07388 -114.87747 -73.61819 230.40770 -193.99907 -83.98710 NaN NaN NaN 95.92702 -131.69513 -86.13485 -11.08025 -205.50694 -75.92204
12085 0.65970 NaN NaN NaN 132.08521 -114.86745 -73.62023 230.40144 -194.01588 -83.98761 NaN NaN NaN 96.08366 -131.49525 -86.24934 -10.83900 -205.41135 -75.74870
12086 0.66804 NaN NaN NaN 132.08084 -114.88348 -73.62953 230.39812 -194.00435 -83.98401 NaN NaN NaN 96.26835 -131.37366 -86.36464 -10.59387 -205.31976 -75.60812
12087 0.67638 NaN NaN NaN 132.06201 -114.89296 -73.62177 230.38371 -194.02078 -83.98608 NaN NaN NaN 96.38967 -131.15816 -86.48827 -10.37312 -205.22633 -75.41277
12088 0.68472 NaN NaN NaN 132.06438 -114.89642 -73.63139 230.37672 -193.99304 -83.98462 NaN NaN NaN 96.49962 -131.02000 -86.57655 -10.15260 -205.17363 -75.17624
12089 0.69306 NaN NaN NaN 132.06609 -114.87217 -73.65064 230.37524 -193.98065 -83.98935 NaN NaN NaN 96.57815 -130.83112 -86.62379 -9.96677 -205.10638 -75.00964
12090 0.70140 NaN NaN NaN 132.07381 -114.84867 -73.66615 230.38673 -193.95816 -83.98608 NaN NaN NaN 96.66522 -130.69972 -86.67934 -9.78628 -205.10625 -74.90355
12091 0.70973 NaN NaN NaN 132.08284 -114.79687 -73.68274 230.40221 -193.94160 -83.99081 NaN NaN NaN 96.74819 -130.60234 -86.71412 -9.68696 -205.07390 -74.86488
12092 0.71807 NaN NaN NaN 132.09044 -114.77947 -73.72776 230.40494 -193.92693 -83.99747 NaN NaN NaN 96.80285 -130.52878 -86.72216 -9.61055 -205.05826 -74.85624
12093 0.72641 NaN NaN NaN 132.09984 -114.77581 -73.74335 230.41174 -193.91676 -83.99490 NaN NaN NaN 96.88303 -130.51718 -86.70746 -9.58243 -205.01964 -74.85856
12094 0.73475 NaN NaN NaN 132.11394 -114.77321 -73.76175 230.40344 -193.91263 -83.99640 NaN NaN NaN 96.92740 -130.53549 -86.69105 -9.54984 -205.01349 -74.87379
12095 0.74309 NaN NaN NaN 132.10974 -114.77431 -73.79109 230.41211 -193.92014 -84.00831 NaN NaN NaN 96.96832 -130.55560 -86.69185 -9.52233 -205.00706 -74.88564
12096 0.75143 NaN NaN NaN 132.12407 -114.80205 -73.85194 230.42679 -193.93341 -84.02837 NaN NaN NaN 97.04572 -130.65343 -86.66776 -9.49990 -205.00407 -74.90773
12097 0.75977 NaN NaN NaN 132.12865 -114.82458 -73.87769 230.43869 -193.96584 -84.05128 NaN NaN NaN 97.05616 -130.63002 -86.68217 -9.44039 -204.97476 -74.84204
12098 0.76811 NaN NaN NaN 132.12495 -114.84897 -73.86387 230.45790 -193.97404 -84.09753 NaN NaN NaN 97.13813 -130.68413 -86.70092 -9.35300 -204.98466 -74.78625
12099 0.77645 NaN NaN NaN 132.12929 -114.91225 -73.87856 230.49127 -194.00456 -84.18268 NaN NaN NaN 97.14729 -130.58574 -86.76170 -9.28824 -204.96474 -74.70483
12100 0.78478 NaN NaN NaN 132.08195 -115.08177 -73.91036 230.53587 -194.03661 -84.31523 NaN NaN NaN 97.20173 -130.58078 -86.77767 -9.20245 -204.95030 -74.59595
12101 0.79312 NaN NaN NaN 132.10187 -115.18602 -73.93707 230.56009 -194.06779 -84.41547 NaN NaN NaN 97.24173 -130.51999 -86.78546 -9.12378 -204.91312 -74.44503
12102 0.80146 NaN NaN NaN 132.11850 -115.23221 -73.98147 230.60591 -194.10075 -84.48463 NaN NaN NaN 97.27392 -130.52180 -86.76836 -9.06843 -204.92123 -74.35644
12103 0.80980 NaN NaN NaN 132.13602 -115.26073 -73.99340 230.61920 -194.12492 -84.51321 NaN NaN NaN 97.29623 -130.49728 -86.76175 -9.03049 -204.89496 -74.30094
12104 0.81814 NaN NaN NaN 132.12543 -115.25951 -74.01586 230.62032 -194.12566 -84.50043 NaN NaN NaN 97.32552 -130.49005 -86.75325 -9.00867 -204.89462 -74.27151
12105 0.82648 NaN NaN NaN 132.10339 -115.18306 -74.00603 230.57658 -194.09001 -84.43898 NaN NaN NaN 97.33707 -130.46690 -86.74979 -9.01939 -204.88733 -74.30272
12106 0.83482 NaN NaN NaN 132.08524 -115.12978 -73.98315 230.55464 -194.04596 -84.37511 NaN NaN NaN 97.33240 -130.46399 -86.74699 -9.02883 -204.86682 -74.30100
12107 0.84316 NaN NaN NaN 132.07239 -115.06604 -73.95767 230.52394 -194.03079 -84.30515 NaN NaN NaN 97.32068 -130.45645 -86.75504 -9.04099 -204.84111 -74.33979
12108 0.85150 NaN NaN NaN 132.05698 -115.00209 -73.95551 230.48688 -193.99666 -84.26384 NaN NaN NaN 97.30862 -130.42998 -86.76909 -9.04890 -204.81804 -74.38288
12109 0.85983 NaN NaN NaN 132.03323 -114.95496 -73.95496 230.44989 -193.96873 -84.20847 NaN NaN NaN 97.31187 -130.42004 -86.77374 -9.04263 -204.80327 -74.36964
12110 0.86817 NaN NaN NaN 132.00966 -114.91965 -73.94381 230.41161 -193.94843 -84.17078 NaN NaN NaN 97.29871 -130.39250 -86.77902 -9.04570 -204.78865 -74.35934
12111 0.87651 NaN NaN NaN 132.00540 -114.88298 -73.92526 230.40625 -193.93820 -84.15038 NaN NaN NaN 97.29569 -130.35785 -86.79117 -9.01234 -204.75314 -74.30659
12112 0.88485 NaN NaN NaN 132.05724 -114.80405 -73.90256 230.37956 -193.93645 -84.12238 NaN NaN NaN 97.35506 -130.31895 -86.77798 -8.94607 -204.69696 -74.25504
12113 0.89319 NaN NaN NaN 132.06975 -114.76736 -73.88979 230.35866 -193.92850 -84.14484 NaN NaN NaN 97.41843 -130.22346 -86.79642 -8.86552 -204.62805 -74.17961
12114 0.90153 NaN NaN NaN 132.07899 -114.72577 -73.89518 230.33990 -193.91386 -84.13831 NaN NaN NaN 97.49225 -130.17844 -86.80453 -8.80644 -204.57121 -74.10068
12115 0.90987 NaN NaN NaN 132.06137 -114.70676 -73.91662 230.35628 -193.92427 -84.15488 NaN NaN NaN 97.55531 -130.10718 -86.82043 -8.73718 -204.49562 -74.03669
12116 0.91821 NaN NaN NaN 132.05792 -114.67562 -73.94421 230.33946 -193.93567 -84.14668 NaN NaN NaN 97.64812 -130.04105 -86.85735 -8.65072 -204.45128 -73.99198
12117 0.92655 NaN NaN NaN 132.04680 -114.67580 -73.96027 230.33061 -193.95099 -84.16142 NaN NaN NaN 97.70534 -129.96199 -86.89072 -8.56651 -204.39778 -73.94090
12118 0.93489 NaN NaN NaN 132.05704 -114.65872 -73.96948 230.31427 -193.95216 -84.17513 NaN NaN NaN 97.77243 -129.89278 -86.92299 -8.44550 -204.33994 -73.83827
12119 0.94322 NaN NaN NaN 132.05925 -114.65046 -73.99113 230.29730 -193.95572 -84.18484 NaN NaN NaN 97.83196 -129.79100 -86.98725 -8.29066 -204.27373 -73.73720
12120 0.95156 NaN NaN NaN 131.99232 -114.68533 -74.03989 230.27377 -193.93640 -84.20910 NaN NaN NaN 97.85549 -129.69366 -87.03895 -8.26019 -204.20467 -73.67467
12121 0.95990 NaN NaN NaN 132.02519 -114.65459 -74.04633 230.25728 -193.93172 -84.22162 NaN NaN NaN 97.84820 -129.59662 -87.06436 -8.25477 -204.14305 -73.66845
12122 0.96824 NaN NaN NaN 132.04330 -114.62403 -74.06649 230.23326 -193.92981 -84.24310 NaN NaN NaN 97.86402 -129.57599 -87.03477 -8.22858 -204.11443 -73.68268
12123 0.97658 NaN NaN NaN 132.04285 -114.58445 -74.07030 230.23022 -193.93597 -84.23079 NaN NaN NaN 97.87563 -129.59784 -87.03335 -8.23368 -204.10472 -73.70109
12124 0.98492 NaN NaN NaN 132.02519 -114.57910 -74.08281 230.21082 -193.94228 -84.26470 NaN NaN NaN 97.83743 -129.53508 -87.02327 -8.24488 -204.09901 -73.70084
12125 0.99326 NaN NaN NaN 132.00873 -114.58753 -74.08514 230.21027 -193.93320 -84.24505 NaN NaN NaN 97.81135 -129.53810 -87.04367 -8.26996 -204.10596 -73.69112
12126 1.00160 NaN NaN NaN 131.96735 -114.65647 -74.08936 230.21164 -193.94893 -84.24837 NaN NaN NaN 97.80421 -129.55750 -87.00082 -8.31020 -204.14302 -73.69991
12127 1.00994 NaN NaN NaN 132.00755 -114.64193 -74.06822 230.22839 -193.92978 -84.23658 NaN NaN NaN 97.78324 -129.58270 -86.98517 -8.35160 -204.19833 -73.70369
12128 1.01827 NaN NaN NaN 132.03224 -114.65078 -74.06822 230.22496 -193.95299 -84.25711 NaN NaN NaN 97.82108 -129.74551 -86.88600 -8.32131 -204.28693 -73.71011
12129 1.02661 NaN NaN NaN 132.02278 -114.65361 -74.06854 230.23863 -193.94861 -84.25336 NaN NaN NaN 97.81932 -129.86681 -86.84210 -8.34706 -204.33318 -73.74210
12130 1.03495 NaN NaN NaN 132.02043 -114.68080 -74.04500 230.25609 -193.97720 -84.26933 NaN NaN NaN 97.79462 -129.99194 -86.82208 -8.43401 -204.37030 -73.77181
12131 1.04329 NaN NaN NaN 132.01781 -114.70104 -74.03988 230.27017 -193.99333 -84.26042 NaN NaN NaN 97.78197 -130.04849 -86.79636 -8.47519 -204.41060 -73.79124
12132 1.05163 NaN NaN NaN 132.01004 -114.72246 -74.07831 230.28612 -194.01540 -84.26299 NaN NaN NaN 97.78594 -130.05133 -86.77982 -8.48894 -204.44421 -73.83133
12133 1.05997 NaN NaN NaN 132.01035 -114.74423 -74.08415 230.27232 -194.00560 -84.26363 NaN NaN NaN 97.78933 -130.05736 -86.80212 -8.47150 -204.47357 -73.79994
12134 1.06831 NaN NaN NaN 132.00143 -114.77705 -74.10229 230.27766 -194.00908 -84.26439 NaN NaN NaN 97.80907 -130.03778 -86.80691 -8.36605 -204.49104 -73.75353
12135 1.07665 NaN NaN NaN 132.00090 -114.79260 -74.11238 230.27962 -194.01280 -84.23920 NaN NaN NaN 97.82806 -130.04967 -86.83660 -8.29493 -204.50389 -73.72611
12136 1.08499 NaN NaN NaN 132.00546 -114.81406 -74.11818 230.29768 -194.02472 -84.24787 NaN NaN NaN 97.85081 -130.03836 -86.86006 -8.29436 -204.52191 -73.68925
12137 1.09332 NaN NaN NaN 132.00378 -114.81876 -74.12785 230.32193 -194.02936 -84.24374 NaN NaN NaN 97.88593 -130.03580 -86.89811 -8.28437 -204.53699 -73.69322
12138 1.10166 NaN NaN NaN 131.97943 -114.83154 -74.11308 230.32433 -194.04268 -84.24111 NaN NaN NaN 97.90442 -129.98573 -86.87758 -8.22947 -204.52766 -73.63399
12139 1.11000 NaN NaN NaN 131.99442 -114.84342 -74.12293 230.32146 -194.03935 -84.23197 NaN NaN NaN 97.93053 -129.97943 -86.88671 -8.15826 -204.53278 -73.55603
12140 1.11834 NaN NaN NaN 131.98499 -114.84050 -74.11916 230.32018 -194.03336 -84.23961 NaN NaN NaN 97.97726 -129.94125 -86.88902 -8.07665 -204.53918 -73.43334
12141 1.12668 NaN NaN NaN 131.98459 -114.84493 -74.10859 230.32649 -194.02760 -84.21407 NaN NaN NaN 97.99934 -129.91823 -86.87907 -8.01559 -204.55276 -73.42768
12142 1.13502 NaN NaN NaN 131.98912 -114.83036 -74.10476 230.33014 -194.03827 -84.21900 NaN NaN NaN 98.02910 -129.91129 -86.85072 -7.97933 -204.54956 -73.41806
12143 1.14336 NaN NaN NaN 131.99857 -114.83113 -74.09783 230.32489 -194.01192 -84.21385 NaN NaN NaN 98.03682 -129.90846 -86.84306 -7.99096 -204.54651 -73.39606
12144 1.15170 NaN NaN NaN 132.00438 -114.81122 -74.09280 230.33972 -194.02715 -84.23597 NaN NaN NaN 98.05609 -129.90587 -86.82532 -7.98090 -204.52396 -73.38745
12145 1.16004 NaN NaN NaN 132.01918 -114.78400 -74.12000 230.33624 -193.99986 -84.21375 NaN NaN NaN 97.98467 -129.79459 -86.86382 -7.98647 -204.53088 -73.38754
12146 1.16838 NaN NaN NaN 132.01825 -114.77217 -74.12073 230.34319 -194.00476 -84.22262 NaN NaN NaN 98.02814 -129.84741 -86.80357 -7.97897 -204.53728 -73.38698
12147 1.17671 NaN NaN NaN 132.02994 -114.76431 -74.10309 230.33640 -193.99570 -84.21629 NaN NaN NaN 98.02577 -129.83328 -86.74778 -8.00552 -204.55888 -73.42643
12148 1.18505 NaN NaN NaN 132.04103 -114.73119 -74.08881 230.33063 -194.00217 -84.23363 NaN NaN NaN 98.01343 -129.86301 -86.72178 -8.02064 -204.55490 -73.44460
12149 1.19339 NaN NaN NaN 132.04514 -114.71795 -74.09950 230.33160 -193.98404 -84.21779 NaN NaN NaN 98.02679 -129.90428 -86.70360 -8.03207 -204.57672 -73.43124
12150 1.20173 NaN NaN NaN 132.04233 -114.68425 -74.11059 230.32922 -193.99771 -84.24143 NaN NaN NaN 98.01553 -129.93390 -86.66952 -8.05976 -204.57446 -73.45438
12151 1.21007 NaN NaN NaN 132.04776 -114.67561 -74.12686 230.30867 -193.97559 -84.22810 NaN NaN NaN 98.01341 -129.94569 -86.65361 -8.12257 -204.56444 -73.53728
12152 1.21841 NaN NaN NaN 132.03795 -114.65734 -74.12115 230.29146 -193.98282 -84.26440 NaN NaN NaN 98.00918 -129.95172 -86.62901 -8.15146 -204.56406 -73.57977
12153 1.22675 NaN NaN NaN 132.04610 -114.66195 -74.12009 230.28563 -193.96246 -84.27699 NaN NaN NaN 97.99099 -129.95520 -86.63531 -8.19764 -204.53127 -73.60937
12154 1.23509 NaN NaN NaN 132.04094 -114.63875 -74.12019 230.25691 -193.96634 -84.32611 NaN NaN NaN 97.98300 -129.96234 -86.62303 -8.18607 -204.52866 -73.57989
12155 1.24343 NaN NaN NaN 132.02766 -114.63074 -74.11707 230.24193 -193.94112 -84.32182 NaN NaN NaN 97.98481 -129.96710 -86.63052 -8.20689 -204.50322 -73.56905
12156 1.25176 NaN NaN NaN 132.01326 -114.60674 -74.11941 230.20563 -193.93317 -84.36176 NaN NaN NaN 97.98272 -129.94379 -86.61578 -8.20404 -204.51208 -73.49467
12157 1.26010 NaN NaN NaN 132.01198 -114.57661 -74.12365 230.18155 -193.93803 -84.31639 NaN NaN NaN 97.95602 -129.93779 -86.62764 -8.23456 -204.51390 -73.48409
12158 1.26844 NaN NaN NaN 131.99112 -114.54443 -74.13999 230.12477 -193.94600 -84.27763 NaN NaN NaN 97.94131 -129.91083 -86.61841 -8.27829 -204.51027 -73.50990
12159 1.27678 NaN NaN NaN 131.99213 -114.54105 -74.14497 230.09232 -193.93468 -84.22703 NaN NaN NaN 97.91616 -129.91603 -86.62257 -8.28782 -204.50815 -73.52048
12160 1.28512 NaN NaN NaN 131.99207 -114.49795 -74.14176 230.07703 -193.94295 -84.20594 NaN NaN NaN 97.91428 -129.92807 -86.60203 -8.29157 -204.48227 -73.49619
12161 1.29346 NaN NaN NaN 132.00475 -114.49724 -74.11359 230.06938 -193.94092 -84.19933 NaN NaN NaN 97.89404 -129.91824 -86.60625 -8.32646 -204.49088 -73.47701
12162 1.30180 NaN NaN NaN 131.98868 -114.49590 -74.09841 230.07146 -193.94655 -84.19443 NaN NaN NaN 97.89498 -129.92155 -86.57774 -8.32647 -204.45612 -73.45529
12163 1.31014 NaN NaN NaN 132.00816 -114.47263 -74.09840 230.07382 -193.94597 -84.18097 NaN NaN NaN 97.89990 -129.93031 -86.57076 -8.33232 -204.46631 -73.41567
12164 1.31848 NaN NaN NaN 132.00270 -114.49494 -74.08900 230.07568 -193.94156 -84.17941 NaN NaN NaN 97.90865 -129.93353 -86.54391 -8.34194 -204.46918 -73.39542
12165 1.32681 NaN NaN NaN 131.99881 -114.47987 -74.06889 230.09525 -193.94617 -84.19379 NaN NaN NaN 97.90349 -129.97624 -86.52924 -8.33387 -204.50577 -73.37506
12166 1.33515 NaN NaN NaN 132.00888 -114.47835 -74.09508 230.10333 -193.94589 -84.20588 NaN NaN NaN 97.89824 -130.01222 -86.50026 -8.33168 -204.50529 -73.37469
12167 1.34349 NaN NaN NaN 132.01740 -114.48325 -74.11351 230.10977 -193.93959 -84.20724 NaN NaN NaN 97.91312 -130.06795 -86.47487 -8.34946 -204.54588 -73.40556
12168 1.35183 NaN NaN NaN 132.01381 -114.48813 -74.13819 230.11423 -193.93025 -84.23699 NaN NaN NaN 97.92870 -130.07617 -86.45673 -8.32338 -204.56464 -73.38905
12169 1.36017 NaN NaN NaN 132.01743 -114.51206 -74.14767 230.13725 -193.89955 -84.24992 NaN NaN NaN 97.92391 -130.08716 -86.45606 -8.31299 -204.59941 -73.41192
12170 1.36851 NaN NaN NaN 132.02092 -114.50533 -74.15318 230.14560 -193.90097 -84.29521 NaN NaN NaN 97.94129 -130.09294 -86.42485 -8.30281 -204.61987 -73.42482
12171 1.37685 NaN NaN NaN 132.02711 -114.51953 -74.17531 230.17480 -193.89642 -84.31933 NaN NaN NaN 97.95982 -130.11038 -86.44746 -8.27221 -204.64085 -73.38274
12172 1.38519 NaN NaN NaN 132.01976 -114.53690 -74.18472 230.19209 -193.89229 -84.35712 NaN NaN NaN 97.98270 -130.12782 -86.42660 -8.23878 -204.68684 -73.37025
12173 1.39353 NaN NaN NaN 132.02452 -114.54778 -74.20036 230.22821 -193.89871 -84.35651 NaN NaN NaN 97.99905 -130.15460 -86.43704 -8.19891 -204.73409 -73.36333
12174 1.40187 NaN NaN NaN 132.03737 -114.57394 -74.23401 230.24493 -193.89421 -84.37530 NaN NaN NaN 97.99551 -130.17033 -86.43772 -8.16334 -204.77997 -73.37078
12175 1.41020 NaN NaN NaN 132.03287 -114.59983 -74.24490 230.27130 -193.90919 -84.37534 NaN NaN NaN 98.00717 -130.17233 -86.44025 -8.18953 -204.81036 -73.47635
12176 1.41854 NaN NaN NaN 132.03062 -114.62565 -74.27246 230.26486 -193.88954 -84.40646 NaN NaN NaN 98.01965 -130.19717 -86.43600 -8.14016 -204.81310 -73.44295
12177 1.42688 NaN NaN NaN 132.01431 -114.62997 -74.25953 230.28554 -193.90776 -84.37506 NaN NaN NaN 98.02787 -130.18912 -86.46152 -8.13292 -204.85255 -73.49979
12178 1.43522 NaN NaN NaN 132.01555 -114.63909 -74.25093 230.26221 -193.91571 -84.37999 NaN NaN NaN 98.03668 -130.24414 -86.46523 -8.11724 -204.87340 -73.49711
12179 1.44356 NaN NaN NaN 131.99966 -114.63976 -74.25146 230.25162 -193.92686 -84.34639 NaN NaN NaN 98.04061 -130.25060 -86.48615 -8.13216 -204.88715 -73.49932
12180 1.45190 NaN NaN NaN 132.00421 -114.65826 -74.25502 230.23492 -193.93314 -84.35941 NaN NaN NaN 98.05661 -130.29449 -86.48428 -8.11953 -204.88898 -73.49860
12181 1.46024 NaN NaN NaN 132.01599 -114.62715 -74.23913 230.24731 -193.93045 -84.31228 NaN NaN NaN 98.04862 -130.28584 -86.50364 -8.11999 -204.91112 -73.51409
12182 1.46858 NaN NaN NaN 132.01421 -114.65587 -74.22755 230.23833 -193.95551 -84.28468 NaN NaN NaN 98.03952 -130.32143 -86.50790 -8.10463 -204.89288 -73.44474
12183 1.47692 NaN NaN NaN 132.01973 -114.64467 -74.19325 230.20688 -193.97595 -84.23289 NaN NaN NaN 98.02883 -130.31967 -86.52922 -8.12095 -204.89348 -73.41810
12184 1.48525 NaN NaN NaN 131.99774 -114.63897 -74.17691 230.18034 -194.01038 -84.20824 NaN NaN NaN 98.04486 -130.28091 -86.55275 -8.11479 -204.85001 -73.37323
12185 1.49359 NaN NaN NaN 131.99036 -114.63097 -74.15134 230.16051 -193.99910 -84.18141 NaN NaN NaN 98.04279 -130.27419 -86.63885 -8.09276 -204.80286 -73.30077
12186 1.50193 NaN NaN NaN 131.98796 -114.62122 -74.13458 230.14630 -194.02019 -84.15861 NaN NaN NaN 98.01588 -130.20509 -86.74806 -8.05133 -204.75549 -73.19695
12187 1.51027 NaN NaN NaN 131.99211 -114.62550 -74.12058 230.13287 -194.02554 -84.16589 NaN NaN NaN 98.00695 -130.16147 -86.84186 -8.04307 -204.73108 -73.11674
12188 1.51861 NaN NaN NaN 131.99394 -114.62197 -74.12772 230.11307 -194.02620 -84.16831 NaN NaN NaN 98.06368 -130.17656 -86.88613 -8.01264 -204.69257 -73.04469
12189 1.52695 NaN NaN NaN 131.98799 -114.62210 -74.12428 230.12527 -194.01730 -84.17071 NaN NaN NaN 98.07819 -130.18170 -86.95824 -7.98241 -204.62054 -72.99921
12190 1.53529 NaN NaN NaN 131.97931 -114.61650 -74.14028 230.10889 -194.03435 -84.18385 NaN NaN NaN 98.05006 -130.17285 -87.01192 -7.97431 -204.56339 -72.97617
12191 1.54363 NaN NaN NaN 131.97929 -114.60196 -74.15077 230.11481 -194.01138 -84.19938 NaN NaN NaN 98.01597 -130.14458 -87.05518 -7.98265 -204.54524 -72.94566
12192 1.55197 NaN NaN NaN 131.97754 -114.60379 -74.14398 230.10872 -194.01318 -84.24404 NaN NaN NaN 97.99742 -130.10475 -87.08008 -7.99740 -204.51431 -72.90086
12193 1.56030 NaN NaN NaN 131.99582 -114.60792 -74.16109 230.12193 -194.00314 -84.27777 NaN NaN NaN 97.97741 -130.07880 -87.13273 -8.02843 -204.52808 -72.87026
12194 1.56864 NaN NaN NaN 132.00551 -114.60421 -74.17086 230.12602 -193.99629 -84.29761 NaN NaN NaN 97.96883 -130.06973 -87.16346 -8.07731 -204.50789 -72.90955
12195 1.57698 NaN NaN NaN 132.01921 -114.59464 -74.19154 230.14772 -193.96814 -84.31669 NaN NaN NaN 97.92048 -129.98267 -87.19223 -8.08239 -204.49472 -72.86581
12196 1.58532 NaN NaN NaN 132.02060 -114.56884 -74.18785 230.16277 -193.93576 -84.35984 NaN NaN NaN 97.93218 -129.99722 -87.21957 -8.08388 -204.49072 -72.84198
12197 1.59366 NaN NaN NaN 132.02782 -114.54067 -74.20478 230.16920 -193.92044 -84.34602 NaN NaN NaN 97.91792 -130.00749 -87.24035 -8.10774 -204.49361 -72.86736
12198 1.60200 NaN NaN NaN 132.03181 -114.52360 -74.23013 230.16667 -193.89629 -84.37728 NaN NaN NaN 97.92013 -130.03278 -87.23703 -8.10780 -204.49173 -72.87681
12199 1.61034 NaN NaN NaN 132.00827 -114.51197 -74.25096 230.19247 -193.88689 -84.35081 NaN NaN NaN 97.90903 -130.02026 -87.28578 -8.12066 -204.50026 -72.91213
12200 1.61868 NaN NaN NaN 132.01067 -114.49221 -74.28700 230.20299 -193.86803 -84.33370 NaN NaN NaN 97.91001 -130.00462 -87.30193 -8.11824 -204.49715 -72.95994
12201 1.62702 NaN NaN NaN 132.01447 -114.49258 -74.25565 230.22415 -193.81085 -84.31654 NaN NaN NaN 97.90587 -129.98448 -87.34647 -8.09752 -204.49423 -72.96296
12202 1.63536 NaN NaN NaN 132.02078 -114.47211 -74.27689 230.23801 -193.78258 -84.35299 NaN NaN NaN 97.92982 -129.96280 -87.39108 -8.08249 -204.46143 -72.98115
12203 1.64369 NaN NaN NaN 132.02187 -114.49203 -74.22134 230.25499 -193.76234 -84.30840 NaN NaN NaN 97.92010 -129.91478 -87.41844 -8.08330 -204.45245 -73.01053
12204 1.65203 NaN NaN NaN 132.01706 -114.47482 -74.22772 230.26543 -193.73134 -84.28218 NaN NaN NaN 97.91223 -129.90546 -87.42751 -8.07168 -204.44583 -73.05531
12205 1.66037 NaN NaN NaN 132.02463 -114.45370 -74.20770 230.28490 -193.73489 -84.25117 NaN NaN NaN 97.89141 -129.89993 -87.40697 -8.09114 -204.44618 -73.09507
12206 1.66871 NaN NaN NaN 132.02420 -114.43710 -74.19159 230.31125 -193.71510 -84.24153 NaN NaN NaN 97.88468 -129.93327 -87.39199 -8.11862 -204.46544 -73.11901
12207 1.67705 NaN NaN NaN 132.05638 -114.43481 -74.18351 230.31941 -193.73340 -84.23048 NaN NaN NaN 97.86954 -129.95262 -87.35461 -8.14967 -204.45901 -73.16682
12208 1.68539 NaN NaN NaN 132.05150 -114.41714 -74.17139 230.32463 -193.71387 -84.19868 NaN NaN NaN 97.87110 -129.98584 -87.29089 -8.19456 -204.47324 -73.20473
12209 1.69373 NaN NaN NaN 132.06157 -114.41769 -74.16850 230.33905 -193.71190 -84.17196 NaN NaN NaN 97.86168 -130.01199 -87.25204 -8.23971 -204.49225 -73.25062
12210 1.70207 NaN NaN NaN 132.05518 -114.41702 -74.15943 230.33444 -193.71068 -84.16457 NaN NaN NaN 97.86977 -130.06094 -87.20104 -8.28525 -204.49564 -73.29965
12211 1.71041 NaN NaN NaN 132.06177 -114.42394 -74.13333 230.32292 -193.71071 -84.15848 NaN NaN NaN 97.88013 -130.10094 -87.14568 -8.31585 -204.49026 -73.33636
12212 1.71874 NaN NaN NaN 132.04715 -114.42900 -74.13714 230.31142 -193.69156 -84.14798 NaN NaN NaN 97.86847 -130.13605 -87.09463 -8.38278 -204.49419 -73.36990
12213 1.72708 NaN NaN NaN 132.07246 -114.39642 -74.14233 230.28845 -193.70679 -84.12588 NaN NaN NaN 97.85459 -130.17216 -87.04760 -8.44208 -204.49326 -73.41354
12214 1.73542 NaN NaN NaN 132.07593 -114.38734 -74.14229 230.28032 -193.72467 -84.12106 NaN NaN NaN 97.84104 -130.23647 -87.03482 -8.51294 -204.50008 -73.51776
12215 1.74376 NaN NaN NaN 132.08275 -114.37170 -74.13190 230.26259 -193.75252 -84.11118 NaN NaN NaN 97.83103 -130.30017 -86.99789 -8.55449 -204.49222 -73.58526
12216 1.75210 NaN NaN NaN 132.05637 -114.37697 -74.13953 230.22614 -193.75682 -84.11872 NaN NaN NaN 97.82002 -130.35475 -86.97503 -8.56907 -204.51207 -73.61098
12217 1.76044 NaN NaN NaN 132.06241 -114.37794 -74.13239 230.19228 -193.80995 -84.10015 NaN NaN NaN 97.78134 -130.29932 -86.98235 -8.59370 -204.51718 -73.61018
12218 1.76878 NaN NaN NaN 132.04294 -114.39992 -74.11315 230.17351 -193.81920 -84.10023 NaN NaN NaN 97.77817 -130.31522 -87.01205 -8.59981 -204.53207 -73.60877
12219 1.77712 NaN NaN NaN 132.03316 -114.42907 -74.08871 230.15923 -193.85854 -84.09048 NaN NaN NaN 97.78474 -130.34508 -87.03726 -8.63071 -204.56409 -73.65868
12220 1.78546 NaN NaN NaN 132.02014 -114.45927 -74.07136 230.15427 -193.86368 -84.08926 NaN NaN NaN 97.76678 -130.31125 -87.06882 -8.63303 -204.57899 -73.65730
12221 1.79379 NaN NaN NaN 132.03302 -114.48562 -74.06430 230.14168 -193.88158 -84.09708 NaN NaN NaN 97.76468 -130.28458 -87.08884 -8.65264 -204.58363 -73.68354
12222 1.80213 NaN NaN NaN 132.01279 -114.50793 -74.06307 230.12405 -193.91888 -84.11039 NaN NaN NaN 97.74502 -130.33243 -87.07883 -8.67427 -204.57774 -73.73292
12223 1.81047 NaN NaN NaN 132.02122 -114.51243 -74.05037 230.12256 -193.93594 -84.12009 NaN NaN NaN 97.71995 -130.34767 -87.06900 -8.71407 -204.60312 -73.78055
12224 1.81881 NaN NaN NaN 132.02437 -114.51720 -74.05122 230.11160 -193.95506 -84.12601 NaN NaN NaN 97.69591 -130.45259 -87.03348 -8.77704 -204.64510 -73.83610
12225 1.82715 NaN NaN NaN 132.02798 -114.53323 -74.04101 230.11736 -193.97299 -84.14735 NaN NaN NaN 97.63183 -130.50230 -87.01662 -8.78152 -204.68297 -73.84341
12226 1.83549 NaN NaN NaN 132.00531 -114.55635 -74.04511 230.10179 -193.98232 -84.14657 NaN NaN NaN 97.65119 -130.61238 -86.98419 -8.83959 -204.72453 -73.90178
12227 1.84383 NaN NaN NaN 132.01947 -114.55967 -74.05527 230.10088 -193.98276 -84.15229 NaN NaN NaN 97.60983 -130.63435 -86.96710 -8.87511 -204.78760 -73.89969
12228 1.85217 NaN NaN NaN 132.02414 -114.58021 -74.05293 230.10753 -193.99319 -84.15140 NaN NaN NaN 97.60387 -130.66499 -86.95868 -8.88964 -204.83652 -73.92261
12229 1.86051 NaN NaN NaN 132.02661 -114.57721 -74.04684 230.11244 -193.99142 -84.15945 NaN NaN NaN 97.57440 -130.67805 -86.93540 -8.90838 -204.90962 -73.95716
12230 1.86885 NaN NaN NaN 132.03026 -114.57663 -74.05264 230.12442 -194.00394 -84.14096 NaN NaN NaN 97.55415 -130.69405 -86.89993 -8.92090 -204.98682 -74.01061
12231 1.87718 NaN NaN NaN 132.02501 -114.59203 -74.02377 230.13312 -194.01971 -84.13321 NaN NaN NaN 97.53545 -130.75249 -86.90164 -8.96574 -205.01183 -74.06451
12232 1.88552 NaN NaN NaN 132.02319 -114.58981 -74.04252 230.13168 -194.02458 -84.10914 NaN NaN NaN 97.51071 -130.81071 -86.86868 -8.99845 -205.02966 -74.11737
12233 1.89386 NaN NaN NaN 132.04269 -114.57504 -74.04452 230.12886 -193.99966 -84.09859 NaN NaN NaN 97.50735 -130.88617 -86.85611 -9.03349 -205.05096 -74.19816
12234 1.90220 NaN NaN NaN 132.03198 -114.58141 -74.05449 230.11461 -193.98778 -84.08696 NaN NaN NaN 97.49525 -130.92287 -86.83400 -9.05788 -205.10126 -74.23759
12235 1.91054 NaN NaN NaN 132.05034 -114.55664 -74.05066 230.12009 -193.99429 -84.07690 NaN NaN NaN 97.49136 -130.95020 -86.79510 -9.08303 -205.12682 -74.26942
12236 1.91888 NaN NaN NaN 132.02591 -114.57652 -74.04016 230.12076 -194.00824 -84.07320 NaN NaN NaN 97.48460 -130.97609 -86.78625 -9.11918 -205.12720 -74.33088
12237 1.92722 NaN NaN NaN 132.02992 -114.56528 -74.02875 230.14154 -194.01784 -84.05887 NaN NaN NaN 97.49673 -130.99451 -86.77995 -9.12110 -205.12518 -74.40222
12238 1.93556 NaN NaN NaN 132.02878 -114.57996 -74.01982 230.15385 -194.03020 -84.03749 NaN NaN NaN 97.49207 -130.99921 -86.78882 -9.12469 -205.10968 -74.41931
12239 1.94390 NaN NaN NaN 132.03871 -114.57845 -74.02435 230.15895 -194.03421 -84.02442 NaN NaN NaN 97.49340 -131.01083 -86.77875 -9.15520 -205.12036 -74.47865
12240 1.95223 NaN NaN NaN 132.04410 -114.59058 -73.99393 230.16571 -194.05281 -84.01551 NaN NaN NaN 97.48994 -131.03575 -86.74976 -9.18103 -205.11996 -74.51365
12241 1.96057 NaN NaN NaN 132.03395 -114.57883 -73.98428 230.14973 -194.03424 -83.98555 NaN NaN NaN 97.49006 -131.03545 -86.75323 -9.19745 -205.10524 -74.53374
12242 1.96891 NaN NaN NaN 132.03819 -114.57087 -73.97848 230.14078 -194.03015 -83.97264 NaN NaN NaN 97.48238 -131.03146 -86.74507 -9.20931 -205.09419 -74.55828
12243 1.97725 NaN NaN NaN 132.03564 -114.54736 -73.98183 230.12120 -194.01750 -83.97387 NaN NaN NaN 97.49318 -131.03780 -86.73841 -9.20702 -205.08583 -74.55066
12244 1.98559 NaN NaN NaN 132.04691 -114.52376 -73.98764 230.11717 -194.00995 -83.97293 NaN NaN NaN 97.48742 -131.03593 -86.72581 -9.22483 -205.07689 -74.54553
12245 1.99393 NaN NaN NaN 132.02827 -114.51173 -73.97579 230.10655 -193.99770 -83.96647 NaN NaN NaN 97.47227 -131.01880 -86.72398 -9.24531 -205.03238 -74.55885
12246 2.00227 NaN NaN NaN 132.03017 -114.49870 -73.99508 230.08536 -193.99535 -83.96600 NaN NaN NaN 97.44129 -131.01353 -86.71655 -9.27179 -205.01057 -74.57520
12247 2.01061 NaN NaN NaN 132.02992 -114.48485 -73.98550 230.05649 -193.99185 -83.96736 NaN NaN NaN 97.41610 -130.97220 -86.73816 -9.30642 -204.98509 -74.59431
12248 2.01895 NaN NaN NaN 131.99164 -114.47887 -73.98109 230.01266 -193.97510 -83.97289 NaN NaN NaN 97.40408 -130.96112 -86.73428 -9.32841 -204.97400 -74.60842
12249 2.02728 NaN NaN NaN 132.00075 -114.47649 -73.97591 230.00136 -193.95813 -83.98685 NaN NaN NaN 97.37396 -130.95451 -86.73274 -9.29329 -204.96158 -74.60764
12250 2.03562 NaN NaN NaN 131.99356 -114.46397 -73.95601 229.98228 -193.95471 -83.98443 NaN NaN NaN 97.34314 -130.98308 -86.73438 -9.31210 -204.97000 -74.60623
12251 2.04396 NaN NaN NaN 131.97899 -114.44199 -73.95624 229.98351 -193.96904 -83.98227 NaN NaN NaN 97.30547 -130.99173 -86.74489 -9.44706 -204.96783 -74.63132
12252 2.05230 NaN NaN NaN 131.97864 -114.43732 -73.94032 229.96835 -193.96559 -83.98057 NaN NaN NaN 97.27835 -131.07373 -86.73105 -9.52144 -204.95377 -74.66617
12253 2.06064 NaN NaN NaN 131.94960 -114.44970 -73.90572 229.97040 -193.96162 -83.99898 NaN NaN NaN 97.21734 -131.11014 -86.72751 -9.60842 -204.92972 -74.67055
12254 2.06898 NaN NaN NaN 131.92816 -114.43575 -73.87469 229.95001 -193.94800 -84.02890 NaN NaN NaN 97.20000 -131.19978 -86.70055 -9.69154 -204.93546 -74.73907
12255 2.07732 NaN NaN NaN 131.90677 -114.45545 -73.85409 229.94182 -193.93852 -84.04523 NaN NaN NaN 97.17978 -131.24687 -86.69511 -9.72694 -204.93655 -74.77613
12256 2.08566 NaN NaN NaN 131.91934 -114.43832 -73.85423 229.93964 -193.93660 -84.03146 NaN NaN NaN 97.16823 -131.26031 -86.67247 -9.71634 -204.92921 -74.75957
12257 2.09400 NaN NaN NaN 131.89761 -114.46216 -73.84565 229.94810 -193.94687 -84.03497 NaN NaN NaN 97.15241 -131.26317 -86.69144 -9.76649 -204.94197 -74.75932
12258 2.10234 NaN NaN NaN 131.90820 -114.43903 -73.86868 229.94366 -193.95282 -84.03709 NaN NaN NaN 97.11494 -131.25916 -86.70083 -9.77452 -204.96626 -74.75255
12259 2.11067 NaN NaN NaN 131.89717 -114.44698 -73.83390 229.94528 -193.95230 -84.04627 NaN NaN NaN 97.10468 -131.23503 -86.74039 -9.72398 -204.96277 -74.75729
12260 2.11901 NaN NaN NaN 131.89474 -114.45255 -73.80222 229.93823 -193.95602 -84.04179 NaN NaN NaN 97.09209 -131.22610 -86.76887 -9.74472 -204.96202 -74.74335
12261 2.12735 NaN NaN NaN 131.90271 -114.47806 -73.78998 229.95299 -193.95392 -84.03902 NaN NaN NaN 97.10672 -131.22415 -86.79995 -9.73606 -204.95457 -74.76330
12262 2.13569 NaN NaN NaN 131.91075 -114.49042 -73.77966 229.95378 -193.94843 -84.03468 NaN NaN NaN 97.06423 -131.13190 -86.86112 -9.68017 -204.96559 -74.77846
12263 2.14403 NaN NaN NaN 131.91039 -114.49233 -73.76238 229.95757 -193.94296 -84.03582 NaN NaN NaN 97.06271 -131.10147 -86.88280 -9.73836 -204.96741 -74.76762
12264 2.15237 NaN NaN NaN 131.90366 -114.49194 -73.77478 229.95642 -193.95532 -84.03425 NaN NaN NaN 97.05128 -131.07373 -86.93360 -9.74801 -204.98560 -74.76183
12265 2.16071 NaN NaN NaN 131.90076 -114.49341 -73.76550 229.96658 -193.96655 -84.02564 NaN NaN NaN 97.07136 -131.08408 -86.93688 -9.75579 -204.99342 -74.76757
12266 2.16905 NaN NaN NaN 131.90971 -114.51891 -73.75288 229.97751 -193.98293 -83.99015 NaN NaN NaN 97.05626 -131.08965 -86.95199 -9.73298 -205.01172 -74.77070
12267 2.17739 NaN NaN NaN 131.91728 -114.53162 -73.73361 229.97772 -193.99986 -83.96833 NaN NaN NaN 97.07622 -131.12599 -86.93776 -9.73434 -205.01105 -74.78416
12268 2.18572 NaN NaN NaN 131.91646 -114.56112 -73.70353 229.98282 -194.03453 -83.96676 NaN NaN NaN 97.07920 -131.15474 -86.92725 -9.72047 -205.03252 -74.79092
12269 2.19406 NaN NaN NaN 131.93359 -114.58666 -73.69595 229.98474 -194.02396 -83.96913 NaN NaN NaN 97.08970 -131.18610 -86.95074 -9.74123 -205.04414 -74.79082
12270 2.20240 NaN NaN NaN 131.93013 -114.59816 -73.69115 229.98666 -194.02942 -83.96613 NaN NaN NaN 97.07753 -131.22629 -86.94135 -9.73099 -205.06393 -74.80779
