Frame# Time LH1 LH2 LH3 RH1 RH2 RH3
X54 Y54 Z54 X55 Y55 Z55 X56 Y56 Z56 X57 Y57 Z57 X58 Y58 Z58 X59 Y59 Z59
19421 0.00710 NaN NaN NaN 162.72406 -106.17152 0.34743 256.35486 -175.69948 -48.71713 NaN NaN NaN 77.37620 -111.66543 -31.02456 -26.64032 -186.42145 -55.78204
19422 0.01545 NaN NaN NaN 162.73239 -106.16994 0.34549 256.36365 -175.70547 -48.71835 NaN NaN NaN 77.36555 -111.66828 -31.01765 -26.64606 -186.40935 -55.78516
19423 0.02380 NaN NaN NaN 162.74261 -106.16425 0.34853 256.35181 -175.69958 -48.72676 NaN NaN NaN 77.38681 -111.66917 -31.03070 -26.62213 -186.42200 -55.76607
19424 0.03214 NaN NaN NaN 162.72659 -106.15007 0.34410 256.34872 -175.69272 -48.72676 NaN NaN NaN 77.39861 -111.65759 -31.05438 -26.61980 -186.43167 -55.72358
19425 0.04049 NaN NaN NaN 162.71086 -106.13815 0.33583 256.34546 -175.68755 -48.72738 NaN NaN NaN 77.40627 -111.64909 -31.08836 -26.59634 -186.43263 -55.70521
19426 0.04884 NaN NaN NaN 162.71416 -106.12268 0.33672 256.35886 -175.70131 -48.70992 NaN NaN NaN 77.40482 -111.63415 -31.08796 -26.62220 -186.43279 -55.70388
19427 0.05718 NaN NaN NaN 162.72325 -106.13312 0.33061 256.35172 -175.69191 -48.71885 NaN NaN NaN 77.41611 -111.63828 -31.07703 -26.63140 -186.44139 -55.71424
19428 0.06553 NaN NaN NaN 162.71931 -106.13136 0.31858 256.35046 -175.69452 -48.70000 NaN NaN NaN 77.41724 -111.64642 -31.07478 -26.61704 -186.40872 -55.73453
19429 0.07388 NaN NaN NaN 162.72525 -106.11337 0.33148 256.34561 -175.68456 -48.70826 NaN NaN NaN 77.42504 -111.64280 -31.13410 -26.62588 -186.38750 -55.74985
19430 0.08222 NaN NaN NaN 162.71869 -106.12405 0.32875 256.34451 -175.69315 -48.69941 NaN NaN NaN 77.41505 -111.61203 -31.17059 -26.62228 -186.37146 -55.75711
19431 0.09057 NaN NaN NaN 162.72589 -106.11621 0.32214 256.35291 -175.70042 -48.71022 NaN NaN NaN 77.43680 -111.60423 -31.20219 -26.61160 -186.35954 -55.76154
19432 0.09891 NaN NaN NaN 162.71857 -106.12357 0.30905 256.35782 -175.71124 -48.71148 NaN NaN NaN 77.44940 -111.59529 -31.21649 -26.61963 -186.35400 -55.75916
19433 0.10726 NaN NaN NaN 162.71510 -106.11446 0.30014 256.34631 -175.69252 -48.71402 NaN NaN NaN 77.45255 -111.59323 -31.20779 -26.60132 -186.34686 -55.76598
19434 0.11561 NaN NaN NaN 162.72305 -106.13161 0.30443 256.35242 -175.70958 -48.70115 NaN NaN NaN 77.46259 -111.59123 -31.20896 -26.61200 -186.34828 -55.78104
19435 0.12395 NaN NaN NaN 162.75443 -106.11385 0.31062 256.34555 -175.70743 -48.70267 NaN NaN NaN 77.47701 -111.59496 -31.20337 -26.61404 -186.31065 -55.82288
19436 0.13230 NaN NaN NaN 162.75179 -106.13271 0.33516 256.36295 -175.71716 -48.70357 NaN NaN NaN 77.46184 -111.59496 -31.20114 -26.60241 -186.30150 -55.83438
19437 0.14065 NaN NaN NaN 162.77122 -106.13445 0.33692 256.36682 -175.72218 -48.71877 NaN NaN NaN 77.46614 -111.59276 -31.19499 -26.59363 -186.29082 -55.84944
19438 0.14899 NaN NaN NaN 162.75703 -106.17390 0.31745 256.37173 -175.73436 -48.70877 NaN NaN NaN 77.49150 -111.59320 -31.19642 -26.58363 -186.29832 -55.84507
19439 0.15734 NaN NaN NaN 162.76302 -106.17679 0.32077 256.36130 -175.73189 -48.71571 NaN NaN NaN 77.49834 -111.60464 -31.19607 -26.57496 -186.29311 -55.84479
19440 0.16569 NaN NaN NaN 162.75993 -106.20685 0.32552 256.36627 -175.73105 -48.70625 NaN NaN NaN 77.52171 -111.61284 -31.15475 -26.53718 -186.30165 -55.83461
19441 0.17403 NaN NaN NaN 162.78465 -106.18243 0.31099 256.37714 -175.73499 -48.72856 NaN NaN NaN 77.54787 -111.63503 -31.13509 -26.53089 -186.29500 -55.84607
19442 0.18238 NaN NaN NaN 162.80025 -106.18774 0.33124 256.38538 -175.74252 -48.72287 NaN NaN NaN 77.55949 -111.64529 -31.11846 -26.50508 -186.28313 -55.85284
19443 0.19073 NaN NaN NaN 162.78574 -106.18796 0.32755 256.37503 -175.74034 -48.74519 NaN NaN NaN 77.56574 -111.64483 -31.13273 -26.53190 -186.28868 -55.85640
19444 0.19907 NaN NaN NaN 162.78233 -106.20055 0.33889 256.38788 -175.74678 -48.72142 NaN NaN NaN 77.56778 -111.64778 -31.10366 -26.54377 -186.28491 -55.86015
19445 0.20742 NaN NaN NaN 162.78258 -106.18024 0.33974 256.38303 -175.73952 -48.73161 NaN NaN NaN 77.57079 -111.65272 -31.12266 -26.53819 -186.28894 -55.85006
19446 0.21577 NaN NaN NaN 162.79153 -106.18636 0.33240 256.37726 -175.73526 -48.72614 NaN NaN NaN 77.53794 -111.60209 -31.14808 -26.51649 -186.30092 -55.82743
19447 0.22411 NaN NaN NaN 162.78842 -106.17063 0.33331 256.37488 -175.72964 -48.73682 NaN NaN NaN 77.57642 -111.62341 -31.16002 -26.50670 -186.30290 -55.82650
19448 0.23246 NaN NaN NaN 162.79274 -106.16611 0.34152 256.38382 -175.73326 -48.72977 NaN NaN NaN 77.56915 -111.60236 -31.15513 -26.50022 -186.28404 -55.82818
19449 0.24081 NaN NaN NaN 162.78285 -106.16357 0.33440 256.37521 -175.73477 -48.74323 NaN NaN NaN 77.58226 -111.62487 -31.12573 -26.51881 -186.28232 -55.83219
19450 0.24915 NaN NaN NaN 162.76648 -106.19205 0.34662 256.37448 -175.73666 -48.72108 NaN NaN NaN 77.57692 -111.65771 -31.09105 -26.52453 -186.27101 -55.83853
19451 0.25750 NaN NaN NaN 162.78110 -106.19677 0.32878 256.36639 -175.74754 -48.74972 NaN NaN NaN 77.57875 -111.66910 -31.10815 -26.53307 -186.27824 -55.84758
19452 0.26585 NaN NaN NaN 162.78670 -106.22601 0.32889 256.37494 -175.74615 -48.73202 NaN NaN NaN 77.54996 -111.61517 -31.17843 -26.52292 -186.26549 -55.84209
19453 0.27419 NaN NaN NaN 162.79918 -106.17628 0.32896 256.37054 -175.73669 -48.75094 NaN NaN NaN 77.56859 -111.59919 -31.19352 -26.51807 -186.26260 -55.83620
19454 0.28254 NaN NaN NaN 162.76305 -106.19325 0.34332 256.37054 -175.73582 -48.72783 NaN NaN NaN 77.58644 -111.56629 -31.19437 -26.50353 -186.26146 -55.83685
19455 0.29089 NaN NaN NaN 162.76469 -106.15836 0.30870 256.35242 -175.72464 -48.74046 NaN NaN NaN 77.58322 -111.55553 -31.18197 -26.51218 -186.25545 -55.85238
19456 0.29923 NaN NaN NaN 162.74976 -106.17607 0.30200 256.35773 -175.72330 -48.73233 NaN NaN NaN 77.57443 -111.56064 -31.13371 -26.51327 -186.24208 -55.85390
19457 0.30758 NaN NaN NaN 162.76695 -106.16000 0.30595 256.34418 -175.71049 -48.75519 NaN NaN NaN 77.57693 -111.56671 -31.11021 -26.50511 -186.24037 -55.85612
19458 0.31593 NaN NaN NaN 162.75520 -106.16846 0.31225 256.35760 -175.70979 -48.75735 NaN NaN NaN 77.58698 -111.55800 -31.10921 -26.50532 -186.22430 -55.84676
19459 0.32427 NaN NaN NaN 162.78662 -106.13947 0.33727 256.34286 -175.72005 -48.77957 NaN NaN NaN 77.60143 -111.54441 -31.10020 -26.49730 -186.21017 -55.84008
19460 0.33262 NaN NaN NaN 162.78946 -106.15475 0.35991 256.35452 -175.73334 -48.74222 NaN NaN NaN 77.60266 -111.51751 -31.10824 -26.49836 -186.19891 -55.83847
19461 0.34096 NaN NaN NaN 162.79134 -106.13453 0.35238 256.33313 -175.71657 -48.76477 NaN NaN NaN 77.60470 -111.51563 -31.09250 -26.50089 -186.18529 -55.82617
19462 0.34931 NaN NaN NaN 162.78189 -106.15298 0.36061 256.32437 -175.71942 -48.73420 NaN NaN NaN 77.59586 -111.50363 -31.09255 -26.51251 -186.19348 -55.83013
19463 0.35766 NaN NaN NaN 162.77785 -106.13715 0.35654 256.32211 -175.70827 -48.75616 NaN NaN NaN 77.57766 -111.50895 -31.07941 -26.49811 -186.17662 -55.82352
19464 0.36600 NaN NaN NaN 162.78075 -106.15170 0.36052 256.32886 -175.71034 -48.74493 NaN NaN NaN 77.59158 -111.50385 -31.08385 -26.51077 -186.18893 -55.84431
19465 0.37435 NaN NaN NaN 162.78212 -106.13779 0.34947 256.34097 -175.73911 -48.73462 NaN NaN NaN 77.58981 -111.50050 -31.07547 -26.50150 -186.18062 -55.85299
19466 0.38270 NaN NaN NaN 162.79919 -106.16801 0.35509 256.33487 -175.74712 -48.71923 NaN NaN NaN 77.61160 -111.49062 -31.08858 -26.52147 -186.18089 -55.85227
19467 0.39104 NaN NaN NaN 162.79195 -106.14063 0.34386 256.31619 -175.74066 -48.73592 NaN NaN NaN 77.59375 -111.45875 -31.09271 -26.50410 -186.15933 -55.85106
19468 0.39939 NaN NaN NaN 162.75473 -106.13077 0.32631 256.32895 -175.72217 -48.72544 NaN NaN NaN 77.61130 -111.43248 -31.11554 -26.48484 -186.15393 -55.85931
19469 0.40774 NaN NaN NaN 162.76567 -106.09997 0.32177 256.32098 -175.71078 -48.75232 NaN NaN NaN 77.61240 -111.40076 -31.10089 -26.47886 -186.14044 -55.85343
19470 0.41608 NaN NaN NaN 162.75957 -106.09541 0.31154 256.32065 -175.71921 -48.72338 NaN NaN NaN 77.61698 -111.41168 -31.11778 -26.50513 -186.13939 -55.85827
19471 0.42443 NaN NaN NaN 162.75435 -106.09148 0.32064 256.29926 -175.70650 -48.74115 NaN NaN NaN 77.61107 -111.40606 -31.11198 -26.51085 -186.11528 -55.85510
19472 0.43278 NaN NaN NaN 162.73065 -106.10087 0.31681 256.30905 -175.71571 -48.71215 NaN NaN NaN 77.60902 -111.39830 -31.10123 -26.51142 -186.10252 -55.86324
19473 0.44112 NaN NaN NaN 162.75632 -106.09616 0.32497 256.30899 -175.72609 -48.73618 NaN NaN NaN 77.60321 -111.39244 -31.09957 -26.50191 -186.08510 -55.86723
19474 0.44947 NaN NaN NaN 162.74896 -106.09171 0.34123 256.31476 -175.73924 -48.71280 NaN NaN NaN 77.61363 -111.40696 -31.09020 -26.50419 -186.10883 -55.86916
19475 0.45782 NaN NaN NaN 162.75464 -106.08108 0.33809 256.30173 -175.73347 -48.70854 NaN NaN NaN 77.59859 -111.40073 -31.08418 -26.49797 -186.11670 -55.86413
19476 0.46616 NaN NaN NaN 162.71106 -106.09483 0.34608 256.30209 -175.73567 -48.68124 NaN NaN NaN 77.60096 -111.39370 -31.09231 -26.50629 -186.10216 -55.86524
19477 0.47451 NaN NaN NaN 162.69499 -106.08696 0.33914 256.28946 -175.71428 -48.68615 NaN NaN NaN 77.57446 -111.40540 -31.06518 -26.48259 -186.09492 -55.87379
19478 0.48286 NaN NaN NaN 162.69511 -106.09624 0.32593 256.28973 -175.71774 -48.66816 NaN NaN NaN 77.57436 -111.41855 -31.05225 -26.50932 -186.07907 -55.86143
19479 0.49120 NaN NaN NaN 162.72565 -106.08425 0.33020 256.26199 -175.71294 -48.65897 NaN NaN NaN 77.55028 -111.42305 -31.04369 -26.53813 -186.06122 -55.86345
19480 0.49955 NaN NaN NaN 162.69693 -106.08687 0.34966 256.26666 -175.72011 -48.65192 NaN NaN NaN 77.55858 -111.40279 -31.05428 -26.52720 -186.05455 -55.86484
19481 0.50790 NaN NaN NaN 162.68025 -106.08689 0.32991 256.26324 -175.72450 -48.63341 NaN NaN NaN 77.54127 -111.38687 -31.06008 -26.52202 -186.05374 -55.87294
19482 0.51624 NaN NaN NaN 162.67215 -106.09108 0.32515 256.25259 -175.73914 -48.62157 NaN NaN NaN 77.54186 -111.37818 -31.06075 -26.52460 -186.07623 -55.86012
19483 0.52459 NaN NaN NaN 162.67513 -106.08577 0.31591 256.25708 -175.75409 -48.61073 NaN NaN NaN 77.54202 -111.38999 -31.05688 -26.53702 -186.06372 -55.86103
19484 0.53294 NaN NaN NaN 162.67368 -106.08979 0.34318 256.25238 -175.74908 -48.60542 NaN NaN NaN 77.54539 -111.39527 -31.05243 -26.53639 -186.06549 -55.85848
19485 0.54128 NaN NaN NaN 162.67278 -106.07803 0.33356 256.23782 -175.73222 -48.61465 NaN NaN NaN 77.53532 -111.40651 -31.04678 -26.53514 -186.05267 -55.86789
19486 0.54963 NaN NaN NaN 162.66748 -106.06367 0.33036 256.24036 -175.73172 -48.63427 NaN NaN NaN 77.53859 -111.40017 -31.03622 -26.51522 -186.05954 -55.86197
19487 0.55798 NaN NaN NaN 162.64876 -106.06929 0.30950 256.24390 -175.72597 -48.64425 NaN NaN NaN 77.53993 -111.40171 -31.04471 -26.53982 -186.05232 -55.86522
19488 0.56632 NaN NaN NaN 162.66144 -106.07818 0.31989 256.25119 -175.73038 -48.64553 NaN NaN NaN 77.54821 -111.39487 -31.04788 -26.51272 -186.05211 -55.86507
19489 0.57467 NaN NaN NaN 162.67899 -106.08132 0.32841 256.24377 -175.72794 -48.63028 NaN NaN NaN 77.54016 -111.41279 -31.02975 -26.51396 -186.04628 -55.87748
19490 0.58302 NaN NaN NaN 162.66858 -106.08115 0.32930 256.24857 -175.74071 -48.63033 NaN NaN NaN 77.54789 -111.40188 -31.03532 -26.51202 -186.04272 -55.87973
19491 0.59136 NaN NaN NaN 162.67015 -106.08514 0.33051 256.24353 -175.75586 -48.62955 NaN NaN NaN 77.55214 -111.40556 -31.02803 -26.53997 -186.03079 -55.88121
19492 0.59971 NaN NaN NaN 162.66376 -106.09939 0.32503 256.24933 -175.75781 -48.62811 NaN NaN NaN 77.54449 -111.40819 -31.01251 -26.54500 -186.04445 -55.88275
19493 0.60805 NaN NaN NaN 162.67540 -106.09773 0.31888 256.24164 -175.75232 -48.62000 NaN NaN NaN 77.53684 -111.42698 -31.02844 -26.54509 -186.05173 -55.87448
19494 0.61640 NaN NaN NaN 162.66458 -106.10677 0.35024 256.25006 -175.75139 -48.63222 NaN NaN NaN 77.53448 -111.41396 -31.00885 -26.54249 -186.06775 -55.86769
19495 0.62475 NaN NaN NaN 162.67798 -106.11453 0.35485 256.23685 -175.75082 -48.64165 NaN NaN NaN 77.53897 -111.42203 -31.02772 -26.53844 -186.08015 -55.85765
19496 0.63309 NaN NaN NaN 162.67979 -106.11559 0.36594 256.25159 -175.75822 -48.64832 NaN NaN NaN 77.55257 -111.41173 -31.01417 -26.51660 -186.08440 -55.85531
19497 0.64144 NaN NaN NaN 162.69063 -106.11942 0.35532 256.26248 -175.75482 -48.65288 NaN NaN NaN 77.55694 -111.44516 -31.01163 -26.53166 -186.09744 -55.86477
19498 0.64979 NaN NaN NaN 162.69138 -106.12719 0.34612 256.26288 -175.77647 -48.65547 NaN NaN NaN 77.54652 -111.47105 -31.00798 -26.53143 -186.11646 -55.85233
19499 0.65813 NaN NaN NaN 162.69043 -106.13593 0.35567 256.24823 -175.76505 -48.67090 NaN NaN NaN 77.53189 -111.46410 -31.00927 -26.53453 -186.11418 -55.84700
19500 0.66648 NaN NaN NaN 162.68764 -106.14129 0.36656 256.25134 -175.77872 -48.66313 NaN NaN NaN 77.52790 -111.45366 -30.97746 -26.53773 -186.12009 -55.85656
19501 0.67483 NaN NaN NaN 162.69263 -106.15032 0.36562 256.26807 -175.77011 -48.66294 NaN NaN NaN 77.54422 -111.46166 -30.98934 -26.52962 -186.11732 -55.86271
19502 0.68317 NaN NaN NaN 162.69191 -106.14631 0.37182 256.27826 -175.77324 -48.66364 NaN NaN NaN 77.55795 -111.45753 -30.96976 -26.50183 -186.11954 -55.86541
19503 0.69152 NaN NaN NaN 162.70296 -106.14430 0.35135 256.27771 -175.76939 -48.66522 NaN NaN NaN 77.56713 -111.48561 -30.98054 -26.50472 -186.12285 -55.83414
19504 0.69987 NaN NaN NaN 162.68318 -106.14722 0.35845 256.27945 -175.76331 -48.66202 NaN NaN NaN 77.56052 -111.45981 -30.97960 -26.51165 -186.11864 -55.83814
19505 0.70821 NaN NaN NaN 162.69366 -106.15219 0.35102 256.27539 -175.74892 -48.68980 NaN NaN NaN 77.57224 -111.49433 -30.98475 -26.51530 -186.11986 -55.84544
19506 0.71656 NaN NaN NaN 162.71266 -106.14137 0.35581 256.29636 -175.74274 -48.68484 NaN NaN NaN 77.57822 -111.45389 -30.97287 -26.51939 -186.12251 -55.83284
19507 0.72491 NaN NaN NaN 162.74155 -106.13990 0.35868 256.29190 -175.74054 -48.68836 NaN NaN NaN 77.57343 -111.45194 -30.98838 -26.51666 -186.11206 -55.82949
19508 0.73325 NaN NaN NaN 162.71838 -106.14111 0.36863 256.29718 -175.74454 -48.68175 NaN NaN NaN 77.59376 -111.45776 -30.95834 -26.52145 -186.10220 -55.83823
19509 0.74160 NaN NaN NaN 162.74660 -106.12789 0.36272 256.28827 -175.74963 -48.68630 NaN NaN NaN 77.59905 -111.49583 -30.95191 -26.52322 -186.10463 -55.82843
19510 0.74995 NaN NaN NaN 162.74254 -106.15221 0.36967 256.29938 -175.76018 -48.68475 NaN NaN NaN 77.58739 -111.49326 -30.94696 -26.51933 -186.09871 -55.81366
19511 0.75829 NaN NaN NaN 162.77370 -106.14690 0.37841 256.30734 -175.75648 -48.69581 NaN NaN NaN 77.58364 -111.45370 -30.93279 -26.49715 -186.09850 -55.80113
19512 0.76664 NaN NaN NaN 162.77946 -106.17896 0.38818 256.31296 -175.75525 -48.69250 NaN NaN NaN 77.59158 -111.40913 -30.94266 -26.50923 -186.09683 -55.78653
19513 0.77499 NaN NaN NaN 162.78207 -106.17938 0.38505 256.31058 -175.74651 -48.71976 NaN NaN NaN 77.59190 -111.40447 -30.92336 -26.48307 -186.09755 -55.79074
19514 0.78333 NaN NaN NaN 162.78120 -106.19695 0.40412 256.32120 -175.76439 -48.70657 NaN NaN NaN 77.58633 -111.41666 -30.91490 -26.49697 -186.10513 -55.79033
19515 0.79168 NaN NaN NaN 162.80286 -106.17170 0.40792 256.30954 -175.73662 -48.72985 NaN NaN NaN 77.58355 -111.43796 -30.90822 -26.48484 -186.10629 -55.77803
19516 0.80003 NaN NaN NaN 162.81049 -106.19771 0.41376 256.32666 -175.74115 -48.71162 NaN NaN NaN 77.58642 -111.45163 -30.89819 -26.48842 -186.11656 -55.76740
19517 0.80837 NaN NaN NaN 162.80545 -106.19711 0.40291 256.32770 -175.73608 -48.74863 NaN NaN NaN 77.59585 -111.44707 -30.89394 -26.47097 -186.11122 -55.74747
19518 0.81672 NaN NaN NaN 162.80318 -106.22783 0.41097 256.33521 -175.74222 -48.71333 NaN NaN NaN 77.61473 -111.47637 -30.89343 -26.48883 -186.12708 -55.75017
19519 0.82507 NaN NaN NaN 162.83031 -106.19569 0.41084 256.33163 -175.73271 -48.74127 NaN NaN NaN 77.61436 -111.48827 -30.89363 -26.46964 -186.12848 -55.74636
19520 0.83341 NaN NaN NaN 162.83070 -106.21539 0.41884 256.34311 -175.73195 -48.74082 NaN NaN NaN 77.63198 -111.48895 -30.89257 -26.46350 -186.12750 -55.75170
19521 0.84176 NaN NaN NaN 162.83954 -106.19827 0.41488 256.34189 -175.73439 -48.76592 NaN NaN NaN 77.62392 -111.49130 -30.89211 -26.45357 -186.11966 -55.74874
19522 0.85010 NaN NaN NaN 162.82288 -106.21665 0.42154 256.34995 -175.74953 -48.74504 NaN NaN NaN 77.62862 -111.48371 -30.88327 -26.42989 -186.12514 -55.77871
19523 0.85845 NaN NaN NaN 162.82811 -106.22054 0.41600 256.34921 -175.76622 -48.76291 NaN NaN NaN 77.61980 -111.49565 -30.88444 -26.42096 -186.13333 -55.77700
19524 0.86680 NaN NaN NaN 162.83801 -106.25234 0.42756 256.37183 -175.76753 -48.73755 NaN NaN NaN 77.63461 -111.47928 -30.88897 -26.42134 -186.13266 -55.77992
19525 0.87514 NaN NaN NaN 162.85353 -106.24444 0.43390 256.38156 -175.75739 -48.76088 NaN NaN NaN 77.63078 -111.49992 -30.88682 -26.41620 -186.13974 -55.77341
19526 0.88349 NaN NaN NaN 162.84520 -106.26923 0.44578 256.36905 -175.77426 -48.76878 NaN NaN NaN 77.64295 -111.50717 -30.89547 -26.41077 -186.15892 -55.76819
19527 0.89184 NaN NaN NaN 162.86067 -106.25208 0.43777 256.36703 -175.76939 -48.78940 NaN NaN NaN 77.64095 -111.51212 -30.89146 -26.43224 -186.17268 -55.74850
19528 0.90018 NaN NaN NaN 162.86877 -106.27720 0.45275 256.37531 -175.78897 -48.78140 NaN NaN NaN 77.63924 -111.50899 -30.88764 -26.41850 -186.15292 -55.76556
19529 0.90853 NaN NaN NaN 162.87526 -106.27155 0.44808 256.37433 -175.79277 -48.78854 NaN NaN NaN 77.64080 -111.51101 -30.85625 -26.40389 -186.15962 -55.76869
19530 0.91688 NaN NaN NaN 162.87265 -106.29828 0.45422 256.37665 -175.80180 -48.77340 NaN NaN NaN 77.66002 -111.51620 -30.85133 -26.40004 -186.17354 -55.75788
19531 0.92522 NaN NaN NaN 162.87923 -106.29787 0.45851 256.37003 -175.78952 -48.79817 NaN NaN NaN 77.64845 -111.52681 -30.85153 -26.41575 -186.18433 -55.74572
19532 0.93357 NaN NaN NaN 162.88484 -106.31815 0.47233 256.36176 -175.78261 -48.80008 NaN NaN NaN 77.66317 -111.53387 -30.84129 -26.40685 -186.19720 -55.71633
19533 0.94192 NaN NaN NaN 162.87170 -106.31042 0.46059 256.36395 -175.78813 -48.81568 NaN NaN NaN 77.65359 -111.53197 -30.82899 -26.42130 -186.21082 -55.69411
19534 0.95026 NaN NaN NaN 162.87048 -106.31985 0.46171 256.36539 -175.79085 -48.80719 NaN NaN NaN 77.66402 -111.55766 -30.81144 -26.40055 -186.22025 -55.69134
19535 0.95861 NaN NaN NaN 162.87962 -106.31004 0.45893 256.35507 -175.77197 -48.82262 NaN NaN NaN 77.66128 -111.56406 -30.80308 -26.43402 -186.22072 -55.69121
19536 0.96696 NaN NaN NaN 162.87254 -106.30992 0.45946 256.34875 -175.77725 -48.81479 NaN NaN NaN 77.66113 -111.56298 -30.80161 -26.42571 -186.23473 -55.69401
19537 0.97530 NaN NaN NaN 162.87752 -106.30125 0.46912 256.36237 -175.77110 -48.81871 NaN NaN NaN 77.65412 -111.56116 -30.80304 -26.43909 -186.23854 -55.68170
19538 0.98365 NaN NaN NaN 162.88074 -106.31660 0.45144 256.36514 -175.78662 -48.81197 NaN NaN NaN 77.66320 -111.56639 -30.80251 -26.41304 -186.23386 -55.67225
19539 0.99200 NaN NaN NaN 162.86485 -106.31403 0.44781 256.36905 -175.78059 -48.83022 NaN NaN NaN 77.66692 -111.55885 -30.80667 -26.41348 -186.24927 -55.66305
19540 1.00034 NaN NaN NaN 162.87138 -106.34234 0.45611 256.35828 -175.76958 -48.82055 NaN NaN NaN 77.64522 -111.56118 -30.79711 -26.40776 -186.26692 -55.64882
19541 1.00869 NaN NaN NaN 162.84395 -106.32931 0.45898 256.35800 -175.75636 -48.83849 NaN NaN NaN 77.64266 -111.56863 -30.77157 -26.44308 -186.27307 -55.62991
19542 1.01704 NaN NaN NaN 162.85513 -106.33783 0.45520 256.34991 -175.78004 -48.82981 NaN NaN NaN 77.63388 -111.56957 -30.75307 -26.43260 -186.27875 -55.63570
19543 1.02538 NaN NaN NaN 162.85225 -106.32877 0.45629 256.35385 -175.77396 -48.83147 NaN NaN NaN 77.66027 -111.60564 -30.75230 -26.44754 -186.27602 -55.62398
19544 1.03373 NaN NaN NaN 162.84532 -106.33239 0.46230 256.34802 -175.78543 -48.82825 NaN NaN NaN 77.64156 -111.59707 -30.74962 -26.40963 -186.28337 -55.61243
19545 1.04208 NaN NaN NaN 162.85117 -106.31210 0.45791 256.36310 -175.78934 -48.83354 NaN NaN NaN 77.65957 -111.62327 -30.75224 -26.42175 -186.28589 -55.59871
19546 1.05042 NaN NaN NaN 162.85870 -106.35337 0.47773 256.35275 -175.79718 -48.82654 NaN NaN NaN 77.65424 -111.60797 -30.76017 -26.40561 -186.28621 -55.59606
19547 1.05877 NaN NaN NaN 162.88017 -106.36194 0.48298 256.36197 -175.80469 -48.82887 NaN NaN NaN 77.66665 -111.62100 -30.74863 -26.42186 -186.26813 -55.61687
19548 1.06712 NaN NaN NaN 162.87508 -106.36739 0.48452 256.36392 -175.82533 -48.82230 NaN NaN NaN 77.65966 -111.61167 -30.73075 -26.40465 -186.27522 -55.62460
19549 1.07546 NaN NaN NaN 162.87598 -106.37122 0.48356 256.36703 -175.80658 -48.83928 NaN NaN NaN 77.68139 -111.62430 -30.73459 -26.41614 -186.26398 -55.61946
19550 1.08381 NaN NaN NaN 162.88477 -106.36633 0.47727 256.38428 -175.82381 -48.83149 NaN NaN NaN 77.67128 -111.62103 -30.74544 -26.39042 -186.27313 -55.62014
19551 1.09216 NaN NaN NaN 162.88835 -106.35564 0.47769 256.39157 -175.82410 -48.83807 NaN NaN NaN 77.69001 -111.61645 -30.74681 -26.40137 -186.26698 -55.60974
19552 1.10050 NaN NaN NaN 162.89075 -106.35360 0.47901 256.39182 -175.82794 -48.82806 NaN NaN NaN 77.70752 -111.61234 -30.75045 -26.38145 -186.28264 -55.59885
19553 1.10885 NaN NaN NaN 162.88300 -106.34395 0.47831 256.37875 -175.79848 -48.83891 NaN NaN NaN 77.73143 -111.60900 -30.74058 -26.37162 -186.27954 -55.60609
19554 1.11719 NaN NaN NaN 162.89725 -106.34061 0.47188 256.37982 -175.80254 -48.84247 NaN NaN NaN 77.73992 -111.60252 -30.72034 -26.37070 -186.26747 -55.60818
19555 1.12554 NaN NaN NaN 162.90105 -106.33864 0.48968 256.37122 -175.77173 -48.84481 NaN NaN NaN 77.73992 -111.60667 -30.71274 -26.37483 -186.27167 -55.60664
19556 1.13389 NaN NaN NaN 162.90826 -106.31944 0.48887 256.38208 -175.77649 -48.82700 NaN NaN NaN 77.72552 -111.61582 -30.68724 -26.36992 -186.27078 -55.59692
19557 1.14223 NaN NaN NaN 162.89941 -106.32656 0.50924 256.37073 -175.76431 -48.83900 NaN NaN NaN 77.73412 -111.61478 -30.67420 -26.36446 -186.26701 -55.58553
19558 1.15058 NaN NaN NaN 162.89366 -106.33443 0.50930 256.36087 -175.75264 -48.82054 NaN NaN NaN 77.73177 -111.62170 -30.67410 -26.36635 -186.28368 -55.56440
19559 1.15893 NaN NaN NaN 162.89397 -106.33945 0.53610 256.36319 -175.74507 -48.82636 NaN NaN NaN 77.73759 -111.60747 -30.68302 -26.35423 -186.28242 -55.54855
19560 1.16727 NaN NaN NaN 162.90111 -106.33555 0.55159 256.37210 -175.74844 -48.81466 NaN NaN NaN 77.72263 -111.58969 -30.66509 -26.36151 -186.29608 -55.54133
19561 1.17562 NaN NaN NaN 162.90919 -106.34044 0.55219 256.37128 -175.74602 -48.83200 NaN NaN NaN 77.72708 -111.58781 -30.65316 -26.35311 -186.28647 -55.54438
19562 1.18397 NaN NaN NaN 162.90408 -106.35216 0.55208 256.36484 -175.75508 -48.82284 NaN NaN NaN 77.72742 -111.58743 -30.62120 -26.36677 -186.29405 -55.53218
19563 1.19231 NaN NaN NaN 162.89507 -106.34019 0.54321 256.36581 -175.75517 -48.84232 NaN NaN NaN 77.72690 -111.61382 -30.60838 -26.36183 -186.29413 -55.53675
19564 1.20066 NaN NaN NaN 162.89540 -106.33435 0.54828 256.35699 -175.75806 -48.83382 NaN NaN NaN 77.73553 -111.62773 -30.59108 -26.37306 -186.29683 -55.52925
19565 1.20901 NaN NaN NaN 162.89485 -106.32615 0.54161 256.37006 -175.75766 -48.84916 NaN NaN NaN 77.72766 -111.61655 -30.57037 -26.38706 -186.28922 -55.53288
19566 1.21735 NaN NaN NaN 162.89066 -106.34068 0.54036 256.37045 -175.76483 -48.84205 NaN NaN NaN 77.72855 -111.62240 -30.56111 -26.37891 -186.29320 -55.53788
19567 1.22570 NaN NaN NaN 162.88832 -106.34032 0.54410 256.36087 -175.75523 -48.85709 NaN NaN NaN 77.72894 -111.61388 -30.54375 -26.35805 -186.27748 -55.53605
19568 1.23405 NaN NaN NaN 162.89131 -106.35472 0.54992 256.35620 -175.75124 -48.85550 NaN NaN NaN 77.72271 -111.60442 -30.54549 -26.37076 -186.28043 -55.53895
19569 1.24239 NaN NaN NaN 162.89322 -106.35480 0.53013 256.36700 -175.76289 -48.86663 NaN NaN NaN 77.73592 -111.59601 -30.52375 -26.35019 -186.28448 -55.53644
19570 1.25074 NaN NaN NaN 162.88849 -106.36844 0.55803 256.37430 -175.77524 -48.85986 NaN NaN NaN 77.73385 -111.61477 -30.55673 -26.34627 -186.30499 -55.53016
19571 1.25909 NaN NaN NaN 162.90346 -106.37344 0.57527 256.36948 -175.77164 -48.88046 NaN NaN NaN 77.72514 -111.60962 -30.54879 -26.35060 -186.29424 -55.53585
19572 1.26743 NaN NaN NaN 162.89915 -106.38725 0.58005 256.38181 -175.79462 -48.87106 NaN NaN NaN 77.72290 -111.61713 -30.53469 -26.35513 -186.29916 -55.53391
19573 1.27578 NaN NaN NaN 162.91306 -106.39642 0.58336 256.37433 -175.78596 -48.89399 NaN NaN NaN 77.72620 -111.62293 -30.48620 -26.37916 -186.28922 -55.53731
19574 1.28413 NaN NaN NaN 162.90025 -106.41726 0.59471 256.39319 -175.81570 -48.88105 NaN NaN NaN 77.72731 -111.64530 -30.43686 -26.36573 -186.31129 -55.53771
19575 1.29247 NaN NaN NaN 162.92102 -106.41061 0.59948 256.37366 -175.80647 -48.89235 NaN NaN NaN 77.72845 -111.66669 -30.43910 -26.35935 -186.32413 -55.54836
19576 1.30082 NaN NaN NaN 162.93492 -106.42971 0.61775 256.36807 -175.82140 -48.91779 NaN NaN NaN 77.72021 -111.67488 -30.41077 -26.35013 -186.34860 -55.53091
19577 1.30917 NaN NaN NaN 162.93074 -106.43970 0.62062 256.36826 -175.81090 -48.92506 NaN NaN NaN 77.70646 -111.68147 -30.40716 -26.34519 -186.35881 -55.52930
19578 1.31751 NaN NaN NaN 162.93745 -106.45647 0.61840 256.37866 -175.83600 -48.93888 NaN NaN NaN 77.72478 -111.68844 -30.37745 -26.34191 -186.37260 -55.50986
19579 1.32586 NaN NaN NaN 162.93629 -106.44637 0.61654 256.38672 -175.83592 -48.93711 NaN NaN NaN 77.73252 -111.69186 -30.37759 -26.33404 -186.36935 -55.50266
19580 1.33421 NaN NaN NaN 162.93681 -106.45583 0.61700 256.38889 -175.84999 -48.94369 NaN NaN NaN 77.73748 -111.70376 -30.35333 -26.33213 -186.37033 -55.52615
19581 1.34255 NaN NaN NaN 162.94839 -106.44123 0.61437 256.38004 -175.85683 -48.96589 NaN NaN NaN 77.74990 -111.70699 -30.34826 -26.32219 -186.36214 -55.54190
19582 1.35090 NaN NaN NaN 162.94086 -106.45868 0.61326 256.40228 -175.87648 -48.97802 NaN NaN NaN 77.75371 -111.72290 -30.33949 -26.32792 -186.36366 -55.53235
19583 1.35924 NaN NaN NaN 162.95335 -106.46904 0.60914 256.38962 -175.86528 -48.97831 NaN NaN NaN 77.76342 -111.72813 -30.32951 -26.33370 -186.37230 -55.51965
19584 1.36759 NaN NaN NaN 162.94478 -106.47734 0.61575 256.40009 -175.86816 -48.97897 NaN NaN NaN 77.75509 -111.73902 -30.33186 -26.32692 -186.38004 -55.52111
19585 1.37594 NaN NaN NaN 162.94789 -106.47321 0.61322 256.39090 -175.86366 -48.97633 NaN NaN NaN 77.76777 -111.73582 -30.32113 -26.30553 -186.38081 -55.51234
19586 1.38428 NaN NaN NaN 162.94524 -106.48171 0.60959 256.40417 -175.87686 -48.97831 NaN NaN NaN 77.74738 -111.74029 -30.32073 -26.31141 -186.39714 -55.51470
19587 1.39263 NaN NaN NaN 162.95464 -106.47349 0.61207 256.39633 -175.85129 -48.99154 NaN NaN NaN 77.76953 -111.73716 -30.29512 -26.29186 -186.37933 -55.49081
19588 1.40098 NaN NaN NaN 162.95386 -106.48824 0.61180 256.39813 -175.85641 -48.98430 NaN NaN NaN 77.77578 -111.75423 -30.27937 -26.32795 -186.38708 -55.46214
19589 1.40932 NaN NaN NaN 162.96803 -106.47617 0.60485 256.39124 -175.84122 -48.99052 NaN NaN NaN 77.78018 -111.73383 -30.25304 -26.31021 -186.39603 -55.43121
19590 1.41767 NaN NaN NaN 162.95824 -106.48505 0.60688 256.40356 -175.86551 -48.98612 NaN NaN NaN 77.77608 -111.75052 -30.25573 -26.28167 -186.41464 -55.39495
19591 1.42602 NaN NaN NaN 162.97696 -106.49847 0.61733 256.39984 -175.87767 -48.99538 NaN NaN NaN 77.78749 -111.73085 -30.23059 -26.27957 -186.42186 -55.38646
19592 1.43436 NaN NaN NaN 162.97446 -106.51160 0.62451 256.39816 -175.88445 -48.99775 NaN NaN NaN 77.79022 -111.73935 -30.23002 -26.26665 -186.42819 -55.37586
19593 1.44271 NaN NaN NaN 162.97824 -106.51740 0.63891 256.40079 -175.88171 -49.01009 NaN NaN NaN 77.79172 -111.72533 -30.19515 -26.27194 -186.40446 -55.35941
19594 1.45106 NaN NaN NaN 162.97748 -106.52274 0.64134 256.40634 -175.88960 -49.00603 NaN NaN NaN 77.78709 -111.74615 -30.19102 -26.26780 -186.42679 -55.34898
19595 1.45940 NaN NaN NaN 162.98357 -106.52434 0.63669 256.40576 -175.89606 -49.01082 NaN NaN NaN 77.79946 -111.74860 -30.17573 -26.30920 -186.42024 -55.35152
19596 1.46775 NaN NaN NaN 162.98497 -106.53390 0.64483 256.41714 -175.89992 -49.00887 NaN NaN NaN 77.80769 -111.73772 -30.16135 -26.28242 -186.42538 -55.34891
19597 1.47610 NaN NaN NaN 162.99246 -106.52696 0.64175 256.41516 -175.90625 -49.01517 NaN NaN NaN 77.80811 -111.75361 -30.15603 -26.29663 -186.41177 -55.34690
19598 1.48444 NaN NaN NaN 162.99741 -106.54819 0.66520 256.41071 -175.90256 -49.01378 NaN NaN NaN 77.79629 -111.74596 -30.14697 -26.26620 -186.42249 -55.34184
19599 1.49279 NaN NaN NaN 162.99605 -106.53780 0.67014 256.39862 -175.89696 -49.01750 NaN NaN NaN 77.81255 -111.75865 -30.14792 -26.29644 -186.40681 -55.33355
19600 1.50114 NaN NaN NaN 162.99968 -106.55289 0.67013 256.40677 -175.90099 -49.03544 NaN NaN NaN 77.81219 -111.74355 -30.13956 -26.29357 -186.42795 -55.32623
19601 1.50948 NaN NaN NaN 163.01332 -106.53880 0.66821 256.41534 -175.89769 -49.03028 NaN NaN NaN 77.81910 -111.75262 -30.14336 -26.28820 -186.42430 -55.32924
19602 1.51783 NaN NaN NaN 163.01085 -106.54030 0.67352 256.42245 -175.89586 -49.02134 NaN NaN NaN 77.82641 -111.75996 -30.11988 -26.27749 -186.43390 -55.31002
19603 1.52618 NaN NaN NaN 163.00546 -106.53480 0.67474 256.41870 -175.88599 -49.01855 NaN NaN NaN 77.84600 -111.76395 -30.13483 -26.26095 -186.41873 -55.30126
19604 1.53452 NaN NaN NaN 163.01184 -106.54945 0.68243 256.42017 -175.88612 -49.03111 NaN NaN NaN 77.85967 -111.77684 -30.11461 -26.25776 -186.42690 -55.30268
19605 1.54287 NaN NaN NaN 163.01511 -106.54883 0.70554 256.42014 -175.89273 -49.02999 NaN NaN NaN 77.86295 -111.76921 -30.12078 -26.25674 -186.43237 -55.30968
19606 1.55122 NaN NaN NaN 163.01884 -106.57126 0.69732 256.43417 -175.90266 -49.02822 NaN NaN NaN 77.87060 -111.76765 -30.09684 -26.24915 -186.42953 -55.29019
19607 1.55956 NaN NaN NaN 163.01685 -106.56723 0.72200 256.42810 -175.89111 -49.03294 NaN NaN NaN 77.87678 -111.75992 -30.11330 -26.23622 -186.43814 -55.28711
19608 1.56791 NaN NaN NaN 163.01941 -106.57124 0.71988 256.44113 -175.88260 -49.04451 NaN NaN NaN 77.88200 -111.75936 -30.09610 -26.22929 -186.42059 -55.26479
19609 1.57626 NaN NaN NaN 163.02681 -106.55499 0.73759 256.43744 -175.86925 -49.06190 NaN NaN NaN 77.88229 -111.74258 -30.09620 -26.22387 -186.41144 -55.24182
19610 1.58460 NaN NaN NaN 163.03494 -106.56052 0.73311 256.44006 -175.87805 -49.06035 NaN NaN NaN 77.87626 -111.75854 -30.08897 -26.21239 -186.42006 -55.25269
19611 1.59295 NaN NaN NaN 163.03302 -106.56197 0.74065 256.43173 -175.86978 -49.06417 NaN NaN NaN 77.89080 -111.76726 -30.09323 -26.20804 -186.42599 -55.25228
19612 1.60130 NaN NaN NaN 163.02199 -106.57756 0.72643 256.44504 -175.87988 -49.06618 NaN NaN NaN 77.89290 -111.77657 -30.09198 -26.19605 -186.43236 -55.24559
19613 1.60964 NaN NaN NaN 163.02553 -106.56526 0.73677 256.43860 -175.87827 -49.06409 NaN NaN NaN 77.89467 -111.77643 -30.09735 -26.19345 -186.43039 -55.24967
19614 1.61799 NaN NaN NaN 163.02757 -106.57315 0.72914 256.43912 -175.88301 -49.06977 NaN NaN NaN 77.89256 -111.77668 -30.09131 -26.20501 -186.44392 -55.25889
19615 1.62633 NaN NaN NaN 163.03313 -106.55724 0.73961 256.43951 -175.87090 -49.06979 NaN NaN NaN 77.90955 -111.77001 -30.09728 -26.20204 -186.43819 -55.24025
19616 1.63468 NaN NaN NaN 163.04178 -106.56422 0.74005 256.44479 -175.86662 -49.07104 NaN NaN NaN 77.91045 -111.75814 -30.08153 -26.19352 -186.42221 -55.21957
19617 1.64303 NaN NaN NaN 163.03427 -106.56760 0.74558 256.42969 -175.84406 -49.07896 NaN NaN NaN 77.91233 -111.75590 -30.08320 -26.17335 -186.40700 -55.19816
19618 1.65137 NaN NaN NaN 163.02103 -106.57526 0.73945 256.43835 -175.86072 -49.08376 NaN NaN NaN 77.90411 -111.75981 -30.08897 -26.17442 -186.41792 -55.19751
19619 1.65972 NaN NaN NaN 163.02414 -106.56231 0.73964 256.42007 -175.86345 -49.09003 NaN NaN NaN 77.91640 -111.77110 -30.08800 -26.18766 -186.42282 -55.17394
19620 1.66807 NaN NaN NaN 163.02498 -106.56317 0.73551 256.43646 -175.85931 -49.08558 NaN NaN NaN 77.90255 -111.77798 -30.07593 -26.18909 -186.43990 -55.18124
19621 1.67641 NaN NaN NaN 163.02097 -106.54537 0.74046 256.42499 -175.85704 -49.08632 NaN NaN NaN 77.90173 -111.75214 -30.08230 -26.18910 -186.41982 -55.16293
19622 1.68476 NaN NaN NaN 163.03522 -106.56627 0.71786 256.43225 -175.87225 -49.07953 NaN NaN NaN 77.89446 -111.74609 -30.06211 -26.18332 -186.40413 -55.15315
19623 1.69311 NaN NaN NaN 163.02948 -106.56543 0.72988 256.43066 -175.86600 -49.07529 NaN NaN NaN 77.90278 -111.74751 -30.08457 -26.18500 -186.38434 -55.14382
19624 1.70145 NaN NaN NaN 163.01753 -106.58294 0.73715 256.42270 -175.87825 -49.07335 NaN NaN NaN 77.89206 -111.74460 -30.06386 -26.20381 -186.40350 -55.13791
19625 1.70980 NaN NaN NaN 163.01578 -106.56069 0.74550 256.41080 -175.85385 -49.07311 NaN NaN NaN 77.88828 -111.74944 -30.06080 -26.20167 -186.41237 -55.14096
19626 1.71815 NaN NaN NaN 163.02063 -106.57388 0.72506 256.41547 -175.86954 -49.09772 NaN NaN NaN 77.88481 -111.76497 -30.05968 -26.19558 -186.42181 -55.14388
19627 1.72649 NaN NaN NaN 163.00662 -106.55909 0.73701 256.40649 -175.84669 -49.10480 NaN NaN NaN 77.88077 -111.76573 -30.05236 -26.20735 -186.42599 -55.14476
19628 1.73484 NaN NaN NaN 163.00861 -106.54972 0.72045 256.41068 -175.85303 -49.09072 NaN NaN NaN 77.87389 -111.76971 -30.04794 -26.20605 -186.42871 -55.13408
19629 1.74319 NaN NaN NaN 163.02203 -106.55203 0.72959 256.41046 -175.84888 -49.08730 NaN NaN NaN 77.88012 -111.77039 -30.04780 -26.20456 -186.42255 -55.13499
19630 1.75153 NaN NaN NaN 163.01587 -106.56541 0.71661 256.41873 -175.87906 -49.08882 NaN NaN NaN 77.87880 -111.77054 -30.05159 -26.20135 -186.42535 -55.11532
19631 1.75988 NaN NaN NaN 163.01976 -106.55555 0.73874 256.41785 -175.86986 -49.08326 NaN NaN NaN 77.87669 -111.77200 -30.05389 -26.20381 -186.42427 -55.09260
19632 1.76823 NaN NaN NaN 163.01477 -106.56906 0.73837 256.41495 -175.87502 -49.09400 NaN NaN NaN 77.86330 -111.77642 -30.05242 -26.20431 -186.44260 -55.10030
19633 1.77657 NaN NaN NaN 163.01248 -106.57054 0.74048 256.41605 -175.88074 -49.09041 NaN NaN NaN 77.86895 -111.78464 -30.04248 -26.20108 -186.46953 -55.12062
19634 1.78492 NaN NaN NaN 163.01842 -106.57654 0.72721 256.43414 -175.90706 -49.09312 NaN NaN NaN 77.87363 -111.78921 -30.03655 -26.19491 -186.48041 -55.11947
19635 1.79327 NaN NaN NaN 163.01865 -106.57525 0.74153 256.41614 -175.89760 -49.09001 NaN NaN NaN 77.88069 -111.81108 -30.02901 -26.14653 -186.48427 -55.09982
19636 1.80161 NaN NaN NaN 163.03281 -106.59446 0.73854 256.42929 -175.92380 -49.09682 NaN NaN NaN 77.88883 -111.81493 -30.03233 -26.17440 -186.48895 -55.09624
19637 1.80996 NaN NaN NaN 163.03218 -106.59843 0.75301 256.41992 -175.90866 -49.09839 NaN NaN NaN 77.90437 -111.84319 -30.02197 -26.19658 -186.49057 -55.10616
19638 1.81831 NaN NaN NaN 163.03319 -106.61260 0.76253 256.43079 -175.92426 -49.09216 NaN NaN NaN 77.89059 -111.83107 -30.02391 -26.19118 -186.49725 -55.11995
19639 1.82665 NaN NaN NaN 163.03722 -106.61047 0.76848 256.43036 -175.91162 -49.09503 NaN NaN NaN 77.90085 -111.84181 -30.02249 -26.19021 -186.49924 -55.13288
19640 1.83500 NaN NaN NaN 163.04233 -106.60842 0.77895 256.43820 -175.93077 -49.09633 NaN NaN NaN 77.89828 -111.83089 -30.02158 -26.16978 -186.50517 -55.15030
19641 1.84335 NaN NaN NaN 163.03583 -106.60053 0.77623 256.43112 -175.92055 -49.10170 NaN NaN NaN 77.90334 -111.82913 -30.01933 -26.16336 -186.50752 -55.14812
19642 1.85169 NaN NaN NaN 163.03804 -106.61644 0.79068 256.44604 -175.93588 -49.09576 NaN NaN NaN 77.90883 -111.83094 -30.02175 -26.15245 -186.53032 -55.15296
19643 1.86004 NaN NaN NaN 163.04404 -106.60686 0.77939 256.43765 -175.91617 -49.09000 NaN NaN NaN 77.93375 -111.85459 -30.02092 -26.15204 -186.51511 -55.13540
19644 1.86838 NaN NaN NaN 163.03922 -106.61242 0.77639 256.44119 -175.93240 -49.08831 NaN NaN NaN 77.91759 -111.85177 -30.01639 -26.16680 -186.52368 -55.14500
19645 1.87673 NaN NaN NaN 163.02921 -106.60323 0.77242 256.42575 -175.91290 -49.08960 NaN NaN NaN 77.92262 -111.85470 -30.01656 -26.16730 -186.50665 -55.13121
19646 1.88508 NaN NaN NaN 163.03641 -106.60643 0.78365 256.43457 -175.93068 -49.09669 NaN NaN NaN 77.92680 -111.84242 -30.00108 -26.18047 -186.50919 -55.13440
19647 1.89342 NaN NaN NaN 163.03928 -106.59456 0.79495 256.42294 -175.90787 -49.08855 NaN NaN NaN 77.91401 -111.83066 -29.98832 -26.16877 -186.50781 -55.14755
19648 1.90177 NaN NaN NaN 163.04387 -106.60930 0.80789 256.43530 -175.92857 -49.09117 NaN NaN NaN 77.92403 -111.83722 -29.99571 -26.15607 -186.50063 -55.16231
19649 1.91012 NaN NaN NaN 163.03806 -106.60428 0.81367 256.43204 -175.91634 -49.08287 NaN NaN NaN 77.91560 -111.82465 -29.98850 -26.14550 -186.49472 -55.13532
19650 1.91846 NaN NaN NaN 163.02713 -106.61456 0.80595 256.43466 -175.94466 -49.07873 NaN NaN NaN 77.91498 -111.81686 -29.99698 -26.16364 -186.49716 -55.10416
19651 1.92681 NaN NaN NaN 163.01950 -106.60268 0.80923 256.41718 -175.92314 -49.06410 NaN NaN NaN 77.91386 -111.80662 -29.96214 -26.12140 -186.48550 -55.07394
19652 1.93516 NaN NaN NaN 163.02892 -106.58833 0.80707 256.42639 -175.93153 -49.06076 NaN NaN NaN 77.92837 -111.82395 -29.95295 -26.13581 -186.48936 -55.06955
19653 1.94350 NaN NaN NaN 163.02876 -106.59416 0.81902 256.41711 -175.90211 -49.06332 NaN NaN NaN 77.91643 -111.81363 -29.94491 -26.12872 -186.47009 -55.05317
19654 1.95185 NaN NaN NaN 163.03735 -106.59743 0.82210 256.42953 -175.90329 -49.06934 NaN NaN NaN 77.91266 -111.81973 -29.97160 -26.10241 -186.46803 -55.03738
19655 1.96020 NaN NaN NaN 163.03230 -106.58487 0.84803 256.42172 -175.90381 -49.07078 NaN NaN NaN 77.91411 -111.79345 -29.95925 -26.13621 -186.45984 -55.01242
19656 1.96854 NaN NaN NaN 163.03717 -106.59633 0.81597 256.42789 -175.90117 -49.07643 NaN NaN NaN 77.91769 -111.78741 -29.98216 -26.12251 -186.46027 -55.02756
19657 1.97689 NaN NaN NaN 163.03510 -106.58949 0.81500 256.42435 -175.90298 -49.06267 NaN NaN NaN 77.91877 -111.79571 -29.98435 -26.12889 -186.45506 -55.02887
19658 1.98524 NaN NaN NaN 163.03377 -106.58777 0.81001 256.42532 -175.90121 -49.05765 NaN NaN NaN 77.91991 -111.80633 -29.95612 -26.10304 -186.45085 -55.03181
19659 1.99358 NaN NaN NaN 163.02800 -106.58460 0.81618 256.41846 -175.87021 -49.06757 NaN NaN NaN 77.92213 -111.81642 -29.94105 -26.11832 -186.43320 -55.04816
19660 2.00193 NaN NaN NaN 163.02608 -106.58815 0.82311 256.42801 -175.86079 -49.08059 NaN NaN NaN 77.92668 -111.80560 -29.93710 -26.12870 -186.41171 -55.06313
19661 2.01028 NaN NaN NaN 163.02583 -106.57131 0.83222 256.41672 -175.83998 -49.08689 NaN NaN NaN 77.91430 -111.78509 -29.94361 -26.12099 -186.39558 -55.06672
19662 2.01862 NaN NaN NaN 163.04967 -106.59092 0.83532 256.42227 -175.85091 -49.09356 NaN NaN NaN 77.91394 -111.77316 -29.95080 -26.15482 -186.40582 -55.09084
19663 2.02697 NaN NaN NaN 163.03697 -106.57581 0.84883 256.40732 -175.84421 -49.09251 NaN NaN NaN 77.91372 -111.77402 -29.95496 -26.16734 -186.40356 -55.10077
19664 2.03532 NaN NaN NaN 163.04019 -106.56258 0.83086 256.40662 -175.83575 -49.08609 NaN NaN NaN 77.92705 -111.77079 -29.94940 -26.16981 -186.40193 -55.10577
19665 2.04366 NaN NaN NaN 163.03241 -106.56065 0.85077 256.41534 -175.83379 -49.08828 NaN NaN NaN 77.91325 -111.76324 -29.94961 -26.13779 -186.38388 -55.07497
19666 2.05201 NaN NaN NaN 163.02995 -106.56383 0.84158 256.42032 -175.83084 -49.09090 NaN NaN NaN 77.90790 -111.76340 -29.96831 -26.11743 -186.39198 -55.06468
19667 2.06036 NaN NaN NaN 163.02704 -106.56268 0.84841 256.41675 -175.82698 -49.09280 NaN NaN NaN 77.90297 -111.77077 -29.95588 -26.12157 -186.40424 -55.06706
19668 2.06870 NaN NaN NaN 163.04382 -106.56990 0.85386 256.41086 -175.82813 -49.10212 NaN NaN NaN 77.90989 -111.77228 -29.94003 -26.13293 -186.42442 -55.05902
19669 2.07705 NaN NaN NaN 163.03221 -106.56386 0.86628 256.40616 -175.82703 -49.09674 NaN NaN NaN 77.90832 -111.77409 -29.93873 -26.13022 -186.41989 -55.04928
19670 2.08540 NaN NaN NaN 163.05469 -106.58068 0.87653 256.40454 -175.85475 -49.10914 NaN NaN NaN 77.90934 -111.78578 -29.94213 -26.16179 -186.40799 -55.07647
19671 2.09374 NaN NaN NaN 163.04358 -106.57744 0.87318 256.40875 -175.86087 -49.09549 NaN NaN NaN 77.90000 -111.79383 -29.94394 -26.13893 -186.41588 -55.08157
19672 2.10209 NaN NaN NaN 163.04695 -106.58636 0.87423 256.41382 -175.87854 -49.10622 NaN NaN NaN 77.90981 -111.79227 -29.94553 -26.14632 -186.41606 -55.07449
19673 2.11044 NaN NaN NaN 163.03802 -106.57205 0.86371 256.40112 -175.86269 -49.10295 NaN NaN NaN 77.90740 -111.79630 -29.94513 -26.14472 -186.41774 -55.08796
19674 2.11878 NaN NaN NaN 163.03615 -106.58298 0.83770 256.39999 -175.87012 -49.11617 NaN NaN NaN 77.91547 -111.79723 -29.94824 -26.12964 -186.40820 -55.07843
19675 2.12713 NaN NaN NaN 163.02646 -106.57716 0.84970 256.39941 -175.84230 -49.11551 NaN NaN NaN 77.91587 -111.78581 -29.95602 -26.12203 -186.40939 -55.06767
19676 2.13547 NaN NaN NaN 163.05002 -106.58786 0.82829 256.40051 -175.84750 -49.11055 NaN NaN NaN 77.91635 -111.78365 -29.97494 -26.10689 -186.40538 -55.05632
19677 2.14382 NaN NaN NaN 163.03227 -106.58237 0.84186 256.38702 -175.83044 -49.11118 NaN NaN NaN 77.91193 -111.77934 -29.95568 -26.11745 -186.42480 -55.04057
19678 2.15217 NaN NaN NaN 163.03612 -106.58625 0.82704 256.38138 -175.85164 -49.11179 NaN NaN NaN 77.90943 -111.77847 -29.98147 -26.12907 -186.42863 -55.05130
19679 2.16051 NaN NaN NaN 163.01033 -106.57513 0.80882 256.39246 -175.84428 -49.11552 NaN NaN NaN 77.91341 -111.77953 -29.99122 -26.12008 -186.41576 -55.05312
19680 2.16886 NaN NaN NaN 163.01688 -106.57157 0.79477 256.38705 -175.84358 -49.10668 NaN NaN NaN 77.92831 -111.78301 -29.99068 -26.09566 -186.39983 -55.05132
19681 2.17721 NaN NaN NaN 163.01347 -106.56392 0.80202 256.37622 -175.85118 -49.10107 NaN NaN NaN 77.90172 -111.77535 -29.95588 -26.12852 -186.40971 -55.01851
19682 2.18555 NaN NaN NaN 163.02586 -106.58722 0.81870 256.38046 -175.85524 -49.10186 NaN NaN NaN 77.91815 -111.78859 -29.94856 -26.12072 -186.41982 -55.03298
19683 2.19390 NaN NaN NaN 163.01357 -106.57369 0.82041 256.38821 -175.86807 -49.09956 NaN NaN NaN 77.91134 -111.79018 -29.93952 -26.12342 -186.41534 -55.03907
19684 2.20225 NaN NaN NaN 163.03052 -106.59583 0.81564 256.38766 -175.87111 -49.10638 NaN NaN NaN 77.91919 -111.78755 -29.96766 -26.13332 -186.40938 -55.05798
19685 2.21059 NaN NaN NaN 163.02226 -106.57824 0.82070 256.37909 -175.87360 -49.10295 NaN NaN NaN 77.91515 -111.80173 -29.95535 -26.13612 -186.39613 -55.05387
19686 2.21894 NaN NaN NaN 163.03958 -106.60236 0.81427 256.39935 -175.89810 -49.10227 NaN NaN NaN 77.93322 -111.80135 -29.96475 -26.12585 -186.40791 -55.05296
19687 2.22729 NaN NaN NaN 163.03989 -106.59317 0.80721 256.38507 -175.89896 -49.09565 NaN NaN NaN 77.93035 -111.79366 -29.95699 -26.13212 -186.40166 -55.07941
19688 2.23563 NaN NaN NaN 163.04387 -106.59556 0.80117 256.39322 -175.89308 -49.11250 NaN NaN NaN 77.93213 -111.79945 -29.98256 -26.14676 -186.40302 -55.08339
19689 2.24398 NaN NaN NaN 163.03354 -106.58512 0.80163 256.38605 -175.88324 -49.10553 NaN NaN NaN 77.93576 -111.79743 -30.00025 -26.13736 -186.38614 -55.07877
19690 2.25233 NaN NaN NaN 163.02850 -106.59919 0.79803 256.39520 -175.91055 -49.10875 NaN NaN NaN 77.94737 -111.81835 -29.99644 -26.14933 -186.39523 -55.09250
19691 2.26067 NaN NaN NaN 163.02301 -106.58479 0.80822 256.37274 -175.90552 -49.10900 NaN NaN NaN 77.94836 -111.82322 -30.00419 -26.15227 -186.39487 -55.10044
19692 2.26902 NaN NaN NaN 163.02879 -106.59698 0.79670 256.39005 -175.90628 -49.11052 NaN NaN NaN 77.95237 -111.83710 -30.00245 -26.09543 -186.40453 -55.08345
19693 2.27737 NaN NaN NaN 163.03864 -106.58865 0.80014 256.38208 -175.89365 -49.10038 NaN NaN NaN 77.95162 -111.81680 -30.00900 -26.12248 -186.40083 -55.11125
19694 2.28571 NaN NaN NaN 163.03906 -106.59802 0.81063 256.39606 -175.90897 -49.10391 NaN NaN NaN 77.95236 -111.81692 -30.01973 -26.13253 -186.40453 -55.13311
19695 2.29406 NaN NaN NaN 163.03719 -106.58787 0.81167 256.39960 -175.93178 -49.08649 NaN NaN NaN 77.95065 -111.82787 -30.02772 -26.12646 -186.38135 -55.16037
19696 2.30241 NaN NaN NaN 163.04205 -106.59328 0.81266 256.40961 -175.94264 -49.08987 NaN NaN NaN 77.96976 -111.81322 -30.03425 -26.13180 -186.39000 -55.18662
19697 2.31075 NaN NaN NaN 163.03180 -106.58881 0.80023 256.40863 -175.92654 -49.09311 NaN NaN NaN 77.97620 -111.81259 -30.03176 -26.12331 -186.37582 -55.16845
19698 2.31910 NaN NaN NaN 163.04126 -106.59635 0.80144 256.42130 -175.93327 -49.09488 NaN NaN NaN 77.97492 -111.79016 -30.03416 -26.12064 -186.38484 -55.18081
19699 2.32745 NaN NaN NaN 163.03366 -106.59362 0.80340 256.40756 -175.92116 -49.09214 NaN NaN NaN 77.96571 -111.80546 -30.03501 -26.11098 -186.38695 -55.18640
19700 2.33579 NaN NaN NaN 163.04446 -106.59527 0.79584 256.41177 -175.93463 -49.09160 NaN NaN NaN 77.95824 -111.78572 -30.03899 -26.11248 -186.38510 -55.18840
19701 2.34414 NaN NaN NaN 163.03996 -106.60217 0.79428 256.39456 -175.93803 -49.08450 NaN NaN NaN 77.96856 -111.79425 -30.03679 -26.12357 -186.37366 -55.17029
19702 2.35249 NaN NaN NaN 163.04088 -106.60815 0.80706 256.41492 -175.96384 -49.08525 NaN NaN NaN 77.97267 -111.79324 -30.03782 -26.12211 -186.35884 -55.18447
19703 2.36083 NaN NaN NaN 163.02806 -106.59010 0.80190 256.40356 -175.95033 -49.07378 NaN NaN NaN 77.97109 -111.80661 -30.03289 -26.11975 -186.34483 -55.18168
19704 2.36918 NaN NaN NaN 163.05429 -106.60258 0.80659 256.42120 -175.95973 -49.08347 NaN NaN NaN 77.96707 -111.79327 -30.03638 -26.12631 -186.35815 -55.18472
19705 2.37752 NaN NaN NaN 163.04945 -106.58623 0.80244 256.39798 -175.92458 -49.08087 NaN NaN NaN 77.97465 -111.79215 -30.04593 -26.11024 -186.34590 -55.17097
19706 2.38587 NaN NaN NaN 163.03920 -106.58682 0.80249 256.40799 -175.93935 -49.08246 NaN NaN NaN 77.96982 -111.77952 -30.05876 -26.12476 -186.33562 -55.14713
19707 2.39422 NaN NaN NaN 163.03654 -106.57948 0.81425 256.38879 -175.93283 -49.07669 NaN NaN NaN 77.98721 -111.77753 -30.04740 -26.12611 -186.32706 -55.14821
19708 2.40256 NaN NaN NaN 163.04167 -106.59048 0.81559 256.40561 -175.94370 -49.08073 NaN NaN NaN 77.97686 -111.76583 -30.04996 -26.12885 -186.32843 -55.13485
19709 2.41091 NaN NaN NaN 163.04567 -106.58894 0.80868 256.39816 -175.93468 -49.07430 NaN NaN NaN 77.98164 -111.75756 -30.04324 -26.12309 -186.31873 -55.14672
19710 2.41926 NaN NaN NaN 163.04854 -106.59677 0.80942 256.39972 -175.93108 -49.08947 NaN NaN NaN 77.97132 -111.75409 -30.05191 -26.12674 -186.31134 -55.16047
19711 2.42760 NaN NaN NaN 163.03119 -106.58440 0.80925 256.36612 -175.91359 -49.07708 NaN NaN NaN 77.97184 -111.72595 -30.05737 -26.12475 -186.29918 -55.16739
19712 2.43595 NaN NaN NaN 163.03441 -106.58656 0.80672 256.36630 -175.90364 -49.07965 NaN NaN NaN 77.95837 -111.70626 -30.05784 -26.13767 -186.27493 -55.16810
19713 2.44430 NaN NaN NaN 163.01651 -106.56495 0.79923 256.36636 -175.91739 -49.07308 NaN NaN NaN 77.95956 -111.67429 -30.05757 -26.14558 -186.26932 -55.17079
19714 2.45264 NaN NaN NaN 163.01289 -106.56340 0.78419 256.35358 -175.91104 -49.07639 NaN NaN NaN 77.95836 -111.67117 -30.05571 -26.14707 -186.27060 -55.15999
19715 2.46099 NaN NaN NaN 163.01204 -106.55350 0.79227 256.34598 -175.91806 -49.08113 NaN NaN NaN 77.95601 -111.65093 -30.05671 -26.15315 -186.27385 -55.16558
19716 2.46934 NaN NaN NaN 163.02483 -106.55350 0.78964 256.34531 -175.92065 -49.07819 NaN NaN NaN 77.95704 -111.64672 -30.05662 -26.15413 -186.25703 -55.16360
19717 2.47768 NaN NaN NaN 163.01971 -106.55752 0.79518 256.34311 -175.90753 -49.07397 NaN NaN NaN 77.95116 -111.65263 -30.05878 -26.16748 -186.24185 -55.15710
19718 2.48603 NaN NaN NaN 163.01530 -106.53788 0.79088 256.33054 -175.90613 -49.07842 NaN NaN NaN 77.93680 -111.63142 -30.05409 -26.12816 -186.21690 -55.13409
19719 2.49438 NaN NaN NaN 163.00172 -106.50963 0.78160 256.32974 -175.89789 -49.07238 NaN NaN NaN 77.94048 -111.65029 -30.05015 -26.15818 -186.19676 -55.13660
19720 2.50272 NaN NaN NaN 162.99756 -106.50567 0.76268 256.32434 -175.89897 -49.06823 NaN NaN NaN 77.92393 -111.64385 -30.04723 -26.15079 -186.20515 -55.12265
19721 2.51107 NaN NaN NaN 162.98843 -106.50432 0.77463 256.31293 -175.89363 -49.04881 NaN NaN NaN 77.94322 -111.63232 -30.04992 -26.14888 -186.17281 -55.10678
19722 2.51942 NaN NaN NaN 162.98793 -106.50672 0.77558 256.31943 -175.88052 -49.06448 NaN NaN NaN 77.93845 -111.62200 -30.05363 -26.12736 -186.18515 -55.09948
19723 2.52776 NaN NaN NaN 162.98544 -106.49722 0.78191 256.31296 -175.88274 -49.07361 NaN NaN NaN 77.95399 -111.60583 -30.06010 -26.14738 -186.14526 -55.10298
19724 2.53611 NaN NaN NaN 162.98369 -106.48750 0.76310 256.31668 -175.87172 -49.06846 NaN NaN NaN 77.92699 -111.59168 -30.05243 -26.14989 -186.14357 -55.10654
19725 2.54446 NaN NaN NaN 162.96912 -106.47414 0.77132 256.29788 -175.88477 -49.04787 NaN NaN NaN 77.92982 -111.59398 -30.04632 -26.15614 -186.11435 -55.07847
19726 2.55280 NaN NaN NaN 162.97772 -106.46948 0.74876 256.29492 -175.88455 -49.06036 NaN NaN NaN 77.91425 -111.59047 -30.03479 -26.15735 -186.11246 -55.08026
19727 2.56115 NaN NaN NaN 162.96332 -106.45101 0.74873 256.30249 -175.87276 -49.04800 NaN NaN NaN 77.92446 -111.58815 -30.03473 -26.15962 -186.11063 -55.09169
19728 2.56950 NaN NaN NaN 162.96617 -106.44834 0.72355 256.30038 -175.85425 -49.06110 NaN NaN NaN 77.92100 -111.57303 -30.04130 -26.15386 -186.09845 -55.09966
19729 2.57784 NaN NaN NaN 162.95459 -106.42130 0.71330 256.28604 -175.84676 -49.05739 NaN NaN NaN 77.92202 -111.55848 -30.04373 -26.18212 -186.08661 -55.09816
19730 2.58619 NaN NaN NaN 162.94714 -106.40805 0.69220 256.28873 -175.84853 -49.03756 NaN NaN NaN 77.91879 -111.55726 -30.04274 -26.17184 -186.08327 -55.09354
19731 2.59454 NaN NaN NaN 162.94200 -106.39211 0.70645 256.28876 -175.85381 -49.02861 NaN NaN NaN 77.92048 -111.55821 -30.03843 -26.17051 -186.07471 -55.08782
19732 2.60288 NaN NaN NaN 162.94086 -106.40182 0.70877 256.27271 -175.84976 -49.02782 NaN NaN NaN 77.91729 -111.56924 -30.04147 -26.16878 -186.08090 -55.10826
19733 2.61123 NaN NaN NaN 162.93893 -106.40594 0.71138 256.26651 -175.83629 -49.03289 NaN NaN NaN 77.90498 -111.56425 -30.03904 -26.18040 -186.07141 -55.10206
19734 2.61958 NaN NaN NaN 162.93570 -106.41240 0.70799 256.25616 -175.83421 -49.02535 NaN NaN NaN 77.90396 -111.57832 -30.03876 -26.19774 -186.08130 -55.10265
19735 2.62792 NaN NaN NaN 162.92282 -106.39417 0.70494 256.25958 -175.83881 -49.02692 NaN NaN NaN 77.90231 -111.57149 -30.03606 -26.19248 -186.09932 -55.10490
19736 2.63627 NaN NaN NaN 162.93021 -106.40179 0.69169 256.24860 -175.84319 -49.03130 NaN NaN NaN 77.89050 -111.58650 -30.03569 -26.18715 -186.09595 -55.12405
19737 2.64461 NaN NaN NaN 162.91768 -106.39137 0.69973 256.24796 -175.84738 -49.03045 NaN NaN NaN 77.89644 -111.57464 -30.04752 -26.23494 -186.09424 -55.16621
19738 2.65296 NaN NaN NaN 162.91127 -106.39492 0.68321 256.24487 -175.84863 -49.01791 NaN NaN NaN 77.89659 -111.57835 -30.04480 -26.26257 -186.07970 -55.18116
19739 2.66131 NaN NaN NaN 162.91359 -106.39618 0.69909 256.24310 -175.85179 -49.02856 NaN NaN NaN 77.90057 -111.56779 -30.04381 -26.25539 -186.07326 -55.20178
19740 2.66965 NaN NaN NaN 162.91624 -106.40240 0.69939 256.25095 -175.85858 -49.02387 NaN NaN NaN 77.90563 -111.56758 -30.04444 -26.25140 -186.06236 -55.20438
19741 2.67800 NaN NaN NaN 162.92859 -106.42028 0.70274 256.25229 -175.86087 -49.02980 NaN NaN NaN 77.90026 -111.57599 -30.04476 -26.25358 -186.04160 -55.23724
19742 2.68635 NaN NaN NaN 162.91138 -106.41506 0.69501 256.24002 -175.85985 -49.03347 NaN NaN NaN 77.89578 -111.57492 -30.04252 -26.26699 -186.03172 -55.26686
19743 2.69469 NaN NaN NaN 162.91734 -106.40807 0.69507 256.24600 -175.85367 -49.03967 NaN NaN NaN 77.90382 -111.53872 -30.06320 -26.26930 -186.03502 -55.27340
19744 2.70304 NaN NaN NaN 162.92505 -106.41808 0.67537 256.24219 -175.86198 -49.02657 NaN NaN NaN 77.90594 -111.54105 -30.06123 -26.26869 -186.03119 -55.27452
19745 2.71139 NaN NaN NaN 162.92686 -106.41743 0.67139 256.24451 -175.86459 -49.03451 NaN NaN NaN 77.91143 -111.52746 -30.07296 -26.26249 -186.01346 -55.27718
19746 2.71973 NaN NaN NaN 162.90340 -106.40349 0.66325 256.24500 -175.85776 -49.02018 NaN NaN NaN 77.90137 -111.53881 -30.06574 -26.27522 -186.01213 -55.27825
19747 2.72808 NaN NaN NaN 162.90285 -106.38762 0.65292 256.22766 -175.83176 -49.01757 NaN NaN NaN 77.90211 -111.52458 -30.05931 -26.27794 -185.99364 -55.28691
19748 2.73643 NaN NaN NaN 162.89487 -106.38529 0.63827 256.23053 -175.83003 -49.01035 NaN NaN NaN 77.89909 -111.54533 -30.05077 -26.27952 -185.99107 -55.28502
19749 2.74477 NaN NaN NaN 162.88875 -106.36909 0.65917 256.20889 -175.79730 -49.01442 NaN NaN NaN 77.89282 -111.53550 -30.04728 -26.27532 -185.99117 -55.27673
19750 2.75312 NaN NaN NaN 162.87888 -106.37039 0.67794 256.20905 -175.78607 -49.01358 NaN NaN NaN 77.88636 -111.53170 -30.03710 -26.28740 -185.98505 -55.28104
19751 2.76147 NaN NaN NaN 162.89592 -106.35413 0.69123 256.20862 -175.78951 -49.01720 NaN NaN NaN 77.87814 -111.52629 -30.03088 -26.30794 -185.97847 -55.27590
19752 2.76981 NaN NaN NaN 162.87239 -106.33875 0.68905 256.19562 -175.78864 -49.01542 NaN NaN NaN 77.87419 -111.53918 -30.01927 -26.31196 -185.98174 -55.27953
19753 2.77816 NaN NaN NaN 162.87544 -106.34702 0.68333 256.19733 -175.78474 -49.00598 NaN NaN NaN 77.88277 -111.52647 -30.00968 -26.30355 -185.96323 -55.27646
19754 2.78651 NaN NaN NaN 162.87054 -106.33809 0.68516 256.19974 -175.78265 -48.98693 NaN NaN NaN 77.86953 -111.51061 -30.00179 -26.32165 -185.94374 -55.26980
19755 2.79485 NaN NaN NaN 162.86691 -106.30640 0.66592 256.19836 -175.77142 -48.99328 NaN NaN NaN 77.87382 -111.50531 -29.95620 -26.33007 -185.92496 -55.27557
19756 2.80320 NaN NaN NaN 162.84865 -106.32017 0.66841 256.19113 -175.78183 -48.97894 NaN NaN NaN 77.85952 -111.51347 -29.98108 -26.32090 -185.91559 -55.27837
19757 2.81155 NaN NaN NaN 162.84546 -106.28885 0.64174 256.18491 -175.76071 -48.97372 NaN NaN NaN 77.85825 -111.50365 -29.98376 -26.31924 -185.90395 -55.28766
19758 2.81989 NaN NaN NaN 162.82875 -106.27471 0.63101 256.18292 -175.77058 -48.96445 NaN NaN NaN 77.83910 -111.47493 -29.99821 -26.33067 -185.88826 -55.29356
19759 2.82824 NaN NaN NaN 162.82076 -106.27198 0.62381 256.17609 -175.75011 -48.96682 NaN NaN NaN 77.82903 -111.44034 -30.00415 -26.34373 -185.87964 -55.31176
19760 2.83659 NaN NaN NaN 162.79912 -106.25793 0.58948 256.18210 -175.72467 -48.94821 NaN NaN NaN 77.81683 -111.42947 -30.01393 -26.34195 -185.86131 -55.33992
19761 2.84493 NaN NaN NaN 162.79636 -106.22162 0.57621 256.18039 -175.72488 -48.96173 NaN NaN NaN 77.82454 -111.42336 -29.97846 -26.34849 -185.85054 -55.35094
19762 2.85328 NaN NaN NaN 162.79330 -106.22213 0.56267 256.16565 -175.71921 -48.95921 NaN NaN NaN 77.81408 -111.41558 -29.96471 -26.35301 -185.82220 -55.37630
19763 2.86163 NaN NaN NaN 162.78424 -106.19514 0.53936 256.15991 -175.71025 -48.94927 NaN NaN NaN 77.81597 -111.44277 -29.94732 -26.34555 -185.79915 -55.38781
19764 2.86997 NaN NaN NaN 162.77301 -106.19579 0.52385 256.13708 -175.69112 -48.93698 NaN NaN NaN 77.83009 -111.45314 -29.91556 -26.34476 -185.78664 -55.39188
19765 2.87832 NaN NaN NaN 162.76305 -106.17557 0.52473 256.15921 -175.68942 -48.94008 NaN NaN NaN 77.82981 -111.46336 -29.90396 -26.36053 -185.76601 -55.38731
19766 2.88666 NaN NaN NaN 162.75612 -106.18402 0.51862 256.14105 -175.68117 -48.92895 NaN NaN NaN 77.78779 -111.39982 -29.90617 -26.34111 -185.76471 -55.38366
19767 2.89501 NaN NaN NaN 162.74132 -106.17528 0.53639 256.14117 -175.68434 -48.93784 NaN NaN NaN 77.77673 -111.40015 -29.86463 -26.34253 -185.73973 -55.36501
19768 2.90336 NaN NaN NaN 162.75322 -106.17831 0.52641 256.14304 -175.69247 -48.92130 NaN NaN NaN 77.77132 -111.38410 -29.84145 -26.35727 -185.73840 -55.36300
19769 2.91170 NaN NaN NaN 162.75041 -106.15228 0.52503 256.13312 -175.69052 -48.92282 NaN NaN NaN 77.74603 -111.36994 -29.80410 -26.36890 -185.70926 -55.37990
19770 2.92005 NaN NaN NaN 162.74171 -106.16113 0.51582 256.11404 -175.70392 -48.92023 NaN NaN NaN 77.72366 -111.37727 -29.77622 -26.40636 -185.71529 -55.38126
19771 2.92840 NaN NaN NaN 162.72391 -106.16284 0.52610 256.11288 -175.71367 -48.94554 NaN NaN NaN 77.70325 -111.37379 -29.75619 -26.41307 -185.67551 -55.37036
19772 2.93674 NaN NaN NaN 162.73531 -106.16245 0.51787 256.12204 -175.70581 -48.94664 NaN NaN NaN 77.68701 -111.37542 -29.74485 -26.44041 -185.66164 -55.38665
19773 2.94509 NaN NaN NaN 162.73196 -106.17490 0.50342 256.11487 -175.69843 -48.95826 NaN NaN NaN 77.67869 -111.35688 -29.74829 -26.45457 -185.63179 -55.41041
19774 2.95344 NaN NaN NaN 162.71559 -106.16924 0.47358 256.11337 -175.72786 -48.97387 NaN NaN NaN 77.66602 -111.35342 -29.74980 -26.48981 -185.61023 -55.42315
19775 2.96178 NaN NaN NaN 162.72569 -106.15883 0.48158 256.10254 -175.72348 -48.97668 NaN NaN NaN 77.66425 -111.35748 -29.74402 -26.50008 -185.61349 -55.43426
19776 2.97013 NaN NaN NaN 162.71738 -106.16232 0.48671 256.09787 -175.72588 -48.96837 NaN NaN NaN 77.65280 -111.34245 -29.72011 -26.49897 -185.61987 -55.44543
19777 2.97848 NaN NaN NaN 162.69824 -106.13585 0.46007 256.09744 -175.70515 -48.97203 NaN NaN NaN 77.65562 -111.32565 -29.70399 -26.47580 -185.59207 -55.44362
19778 2.98682 NaN NaN NaN 162.68349 -106.13914 0.44577 256.08960 -175.72054 -48.97224 NaN NaN NaN 77.63254 -111.33002 -29.70167 -26.48563 -185.58751 -55.43021
19779 2.99517 NaN NaN NaN 162.68539 -106.15095 0.44438 256.08710 -175.71057 -48.98233 NaN NaN NaN 77.63089 -111.33364 -29.68302 -26.49638 -185.55972 -55.47436
19780 3.00352 NaN NaN NaN 162.67834 -106.17692 0.44405 256.06906 -175.72154 -48.99024 NaN NaN NaN 77.60735 -111.32535 -29.66443 -26.50918 -185.54588 -55.51719
19781 3.01186 NaN NaN NaN 162.67413 -106.16978 0.44563 256.08105 -175.71147 -48.99676 NaN NaN NaN 77.61584 -111.29225 -29.61055 -26.50107 -185.53920 -55.50620
19782 3.02021 NaN NaN NaN 162.66612 -106.16840 0.43857 256.07608 -175.72298 -48.97979 NaN NaN NaN 77.61357 -111.28084 -29.57219 -26.49884 -185.53789 -55.49866
19783 3.02856 NaN NaN NaN 162.66644 -106.16031 0.42730 256.09146 -175.71440 -48.97343 NaN NaN NaN 77.60627 -111.24213 -29.53688 -26.51645 -185.52547 -55.52819
19784 3.03690 NaN NaN NaN 162.67433 -106.15389 0.42772 256.09998 -175.71860 -48.97153 NaN NaN NaN 77.59966 -111.23524 -29.50161 -26.52975 -185.51414 -55.52794
19785 3.04525 NaN NaN NaN 162.67389 -106.15909 0.42156 256.09161 -175.71234 -49.00209 NaN NaN NaN 77.59061 -111.21941 -29.49812 -26.51613 -185.50737 -55.54356
19786 3.05360 NaN NaN NaN 162.67398 -106.17216 0.42612 256.08344 -175.73122 -48.99760 NaN NaN NaN 77.60249 -111.23573 -29.43779 -26.52175 -185.49817 -55.54878
19787 3.06194 NaN NaN NaN 162.67278 -106.17657 0.42215 256.08871 -175.73143 -49.01670 NaN NaN NaN 77.61285 -111.25761 -29.40153 -26.51628 -185.48892 -55.52225
19788 3.07029 NaN NaN NaN 162.68053 -106.18082 0.42890 256.10016 -175.74068 -49.00755 NaN NaN NaN 77.62435 -111.28319 -29.36456 -26.51758 -185.46907 -55.52075
19789 3.07864 NaN NaN NaN 162.67532 -106.17588 0.42099 256.08856 -175.73076 -48.99300 NaN NaN NaN 77.62109 -111.30140 -29.32496 -26.52835 -185.44756 -55.54293
19790 3.08698 NaN NaN NaN 162.68150 -106.18230 0.42944 256.09891 -175.73735 -48.97646 NaN NaN NaN 77.62386 -111.29123 -29.26981 -26.53835 -185.42674 -55.55566
19791 3.09533 NaN NaN NaN 162.67708 -106.17522 0.41466 256.09033 -175.72989 -48.97844 NaN NaN NaN 77.61537 -111.30832 -29.20418 -26.53828 -185.40184 -55.57735
19792 3.10368 NaN NaN NaN 162.67564 -106.18757 0.42156 256.09552 -175.74060 -49.00747 NaN NaN NaN 77.60789 -111.28889 -29.15497 -26.56168 -185.39565 -55.58893
19793 3.11202 NaN NaN NaN 162.66838 -106.18753 0.41672 256.09564 -175.72949 -49.00366 NaN NaN NaN 77.60026 -111.28557 -29.14240 -26.54227 -185.37866 -55.57656
19794 3.12037 NaN NaN NaN 162.67599 -106.19209 0.41984 256.10214 -175.74644 -49.00629 NaN NaN NaN 77.57969 -111.29520 -29.11969 -26.54443 -185.38431 -55.57212
19795 3.12872 NaN NaN NaN 162.67842 -106.18789 0.41383 256.10132 -175.74586 -49.02208 NaN NaN NaN 77.57647 -111.28628 -29.09330 -26.53211 -185.36090 -55.58829
19796 3.13706 NaN NaN NaN 162.68811 -106.19669 0.42635 256.10760 -175.75560 -49.01105 NaN NaN NaN 77.58495 -111.27145 -29.05009 -26.56893 -185.33728 -55.60379
19797 3.14541 NaN NaN NaN 162.70326 -106.18636 0.42604 256.10977 -175.75336 -49.01206 NaN NaN NaN 77.59475 -111.27728 -29.01830 -26.55896 -185.31461 -55.62717
19798 3.15375 NaN NaN NaN 162.69945 -106.18921 0.43272 256.11563 -175.74445 -49.02286 NaN NaN NaN 77.59880 -111.25925 -28.99413 -26.54674 -185.29062 -55.65011
19799 3.16210 NaN NaN NaN 162.69267 -106.20123 0.42958 256.13156 -175.73363 -49.03061 NaN NaN NaN 77.59239 -111.25909 -28.98113 -26.55644 -185.26108 -55.66162
19800 3.17045 NaN NaN NaN 162.69754 -106.18707 0.42968 256.13776 -175.72623 -49.03094 NaN NaN NaN 77.58655 -111.24585 -28.97228 -26.54698 -185.24799 -55.68461
19801 3.17879 NaN NaN NaN 162.70177 -106.18768 0.42555 256.13315 -175.72545 -49.03843 NaN NaN NaN 77.58029 -111.22825 -28.95497 -26.55879 -185.23309 -55.67600
19802 3.18714 NaN NaN NaN 162.69882 -106.18027 0.42965 256.11975 -175.71866 -49.03598 NaN NaN NaN 77.58871 -111.22803 -28.93451 -26.53852 -185.23007 -55.70892
19803 3.19549 NaN NaN NaN 162.69887 -106.18649 0.43020 256.11462 -175.72234 -49.04601 NaN NaN NaN 77.58993 -111.21739 -28.92875 -26.54677 -185.21042 -55.71788
19804 3.20383 NaN NaN NaN 162.69704 -106.18843 0.42370 256.11581 -175.72168 -49.03963 NaN NaN NaN 77.55260 -111.20599 -28.90552 -26.54388 -185.20390 -55.74310
19805 3.21218 NaN NaN NaN 162.70132 -106.20795 0.43329 256.12622 -175.71324 -49.05790 NaN NaN NaN 77.55473 -111.21393 -28.87118 -26.57019 -185.18030 -55.74174
19806 3.22053 NaN NaN NaN 162.69193 -106.23103 0.44613 256.12985 -175.72169 -49.05438 NaN NaN NaN 77.55119 -111.22595 -28.82609 -26.57303 -185.17084 -55.77370
19807 3.22887 NaN NaN NaN 162.69685 -106.23518 0.44761 256.10513 -175.70724 -49.06536 NaN NaN NaN 77.54443 -111.22392 -28.81257 -26.56775 -185.15361 -55.76105
19808 3.23722 NaN NaN NaN 162.67950 -106.23775 0.45248 256.10126 -175.71494 -49.06398 NaN NaN NaN 77.52798 -111.22161 -28.79398 -26.59939 -185.14915 -55.79073
19809 3.24557 NaN NaN NaN 162.67435 -106.21289 0.42954 256.09775 -175.71014 -49.07973 NaN NaN NaN 77.51227 -111.20969 -28.78825 -26.62007 -185.14377 -55.81000
19810 3.25391 NaN NaN NaN 162.66530 -106.20591 0.43695 256.09137 -175.70569 -49.07462 NaN NaN NaN 77.48768 -111.20710 -28.78213 -26.62393 -185.11995 -55.83527
19811 3.26226 NaN NaN NaN 162.67143 -106.20170 0.43048 256.08905 -175.69768 -49.07361 NaN NaN NaN 77.47957 -111.21040 -28.78364 -26.62789 -185.09822 -55.80965
19812 3.27061 NaN NaN NaN 162.66969 -106.22030 0.44897 256.08948 -175.70604 -49.06143 NaN NaN NaN 77.46519 -111.22217 -28.77043 -26.66320 -185.10387 -55.81271
19813 3.27895 NaN NaN NaN 162.66365 -106.20863 0.43816 256.08197 -175.70613 -49.05676 NaN NaN NaN 77.46549 -111.21693 -28.77863 -26.66831 -185.10153 -55.82866
19814 3.28730 NaN NaN NaN 162.64568 -106.22409 0.44722 256.08145 -175.70767 -49.05891 NaN NaN NaN 77.47693 -111.21601 -28.77623 -26.66234 -185.09282 -55.85405
19815 3.29565 NaN NaN NaN 162.63469 -106.22004 0.43576 256.07471 -175.70647 -49.05996 NaN NaN NaN 77.46375 -111.21502 -28.76328 -26.66402 -185.09215 -55.83820
19816 3.30399 NaN NaN NaN 162.61258 -106.22842 0.43995 256.05750 -175.71056 -49.05870 NaN NaN NaN 77.46439 -111.21733 -28.75632 -26.68627 -185.08223 -55.84119
19817 3.31234 NaN NaN NaN 162.62289 -106.19815 0.43113 256.04416 -175.73206 -49.05569 NaN NaN NaN 77.44684 -111.20767 -28.72329 -26.66265 -185.08736 -55.84432
19818 3.32069 NaN NaN NaN 162.61050 -106.20505 0.43660 256.04681 -175.73006 -49.05476 NaN NaN NaN 77.43742 -111.20850 -28.69160 -26.66334 -185.08244 -55.83855
19819 3.32903 NaN NaN NaN 162.60414 -106.19585 0.43080 256.03763 -175.73215 -49.05356 NaN NaN NaN 77.41711 -111.21125 -28.66934 -26.68899 -185.06633 -55.82320
19820 3.33738 NaN NaN NaN 162.59596 -106.20537 0.43391 256.03979 -175.72020 -49.05230 NaN NaN NaN 77.41827 -111.21930 -28.62127 -26.71035 -185.06929 -55.83031
19821 3.34573 NaN NaN NaN 162.59134 -106.18976 0.42482 256.03659 -175.71461 -49.05748 NaN NaN NaN 77.42107 -111.20757 -28.60640 -26.71479 -185.05814 -55.81686
