Frame# Time LH1 LH2 LH3 RH1 RH2 RH3
X54 Y54 Z54 X55 Y55 Z55 X56 Y56 Z56 X57 Y57 Z57 X58 Y58 Z58 X59 Y59 Z59
745 0.00460 NaN NaN NaN 173.82780 -112.91062 -15.55208 266.37314 -156.92773 -89.71082 NaN NaN NaN 70.62843 -132.89545 -34.50250 -18.65021 -146.66626 -128.49741
746 0.01295 NaN NaN NaN 173.82002 -112.79866 -15.56950 266.38593 -156.89256 -89.68224 NaN NaN NaN 70.61255 -132.87733 -34.50467 -18.68132 -146.63782 -128.49347
747 0.02129 NaN NaN NaN 173.81593 -112.69762 -15.62008 266.38141 -156.87474 -89.68344 NaN NaN NaN 70.63213 -132.86424 -34.51747 -18.69596 -146.63113 -128.50523
748 0.02963 NaN NaN NaN 173.79039 -112.60739 -15.66125 266.39386 -156.84435 -89.68689 NaN NaN NaN 70.64580 -132.83980 -34.53969 -18.71900 -146.60556 -128.53175
749 0.03797 NaN NaN NaN 173.77386 -112.52962 -15.70642 266.39975 -156.81856 -89.68728 NaN NaN NaN 70.68317 -132.84293 -34.54735 -18.71311 -146.58902 -128.54581
750 0.04631 NaN NaN NaN 173.73042 -112.43776 -15.76330 266.39490 -156.79715 -89.68819 NaN NaN NaN 70.70058 -132.84850 -34.58403 -18.71883 -146.55304 -128.52576
751 0.05465 NaN NaN NaN 173.70509 -112.36054 -15.82268 266.38559 -156.77135 -89.68428 NaN NaN NaN 70.72454 -132.84230 -34.62220 -18.69756 -146.49614 -128.50993
752 0.06300 NaN NaN NaN 173.71115 -112.26556 -15.86544 266.38443 -156.75652 -89.69128 NaN NaN NaN 70.76308 -132.81586 -34.65593 -18.71955 -146.46077 -128.53177
753 0.07134 NaN NaN NaN 173.71799 -112.21475 -15.89619 266.38290 -156.72182 -89.69946 NaN NaN NaN 70.78931 -132.78928 -34.67358 -18.72214 -146.43936 -128.56671
754 0.07968 NaN NaN NaN 173.70779 -112.20059 -15.90641 266.37622 -156.70085 -89.70440 NaN NaN NaN 70.81475 -132.76633 -34.68787 -18.72029 -146.39719 -128.56236
755 0.08802 NaN NaN NaN 173.70418 -112.18564 -15.93288 266.38080 -156.67786 -89.71201 NaN NaN NaN 70.82614 -132.76236 -34.70470 -18.73532 -146.31584 -128.59030
756 0.09636 NaN NaN NaN 173.71483 -112.16187 -15.92008 266.37839 -156.63135 -89.71960 NaN NaN NaN 70.83883 -132.71603 -34.71550 -18.74858 -146.24792 -128.55698
757 0.10471 NaN NaN NaN 173.71230 -112.14259 -15.91699 266.36609 -156.60652 -89.72271 NaN NaN NaN 70.84588 -132.66946 -34.71235 -18.76763 -146.18712 -128.55505
758 0.11305 NaN NaN NaN 173.70464 -112.09003 -15.90642 266.36093 -156.58997 -89.72026 NaN NaN NaN 70.84906 -132.62177 -34.69997 -18.74228 -146.14095 -128.57257
759 0.12139 NaN NaN NaN 173.70209 -112.02949 -15.89182 266.37830 -156.57484 -89.69811 NaN NaN NaN 70.83105 -132.58621 -34.69342 -18.73942 -146.09221 -128.57524
760 0.12973 NaN NaN NaN 173.70793 -111.95544 -15.88734 266.38290 -156.53366 -89.66311 NaN NaN NaN 70.81137 -132.51668 -34.69020 -18.73591 -146.02069 -128.57938
761 0.13807 NaN NaN NaN 173.69910 -111.89729 -15.85814 266.37421 -156.45668 -89.63443 NaN NaN NaN 70.78928 -132.45973 -34.67154 -18.69250 -145.95616 -128.60132
762 0.14641 NaN NaN NaN 173.67790 -111.80265 -15.82797 266.35983 -156.36473 -89.58807 NaN NaN NaN 70.75017 -132.38274 -34.65205 -18.70689 -145.82719 -128.58197
763 0.15476 NaN NaN NaN 173.67775 -111.71744 -15.81355 266.34125 -156.28880 -89.49249 NaN NaN NaN 70.72417 -132.27628 -34.62736 -18.70584 -145.76314 -128.57147
764 0.16310 NaN NaN NaN 173.64894 -111.59262 -15.79200 266.34216 -156.25793 -89.40251 NaN NaN NaN 70.70623 -132.18909 -34.59653 -18.71429 -145.70840 -128.52324
765 0.17144 NaN NaN NaN 173.63269 -111.43913 -15.75702 266.34018 -156.25018 -89.31709 NaN NaN NaN 70.69136 -132.10626 -34.57421 -18.74199 -145.65552 -128.47757
766 0.17978 NaN NaN NaN 173.63037 -111.28463 -15.72967 266.31177 -156.24506 -89.19767 NaN NaN NaN 70.68952 -132.01291 -34.52221 -18.73111 -145.60213 -128.43350
767 0.18812 NaN NaN NaN 173.62210 -111.11549 -15.68379 266.25647 -156.20432 -89.06635 NaN NaN NaN 70.65980 -131.90263 -34.49837 -18.75547 -145.49338 -128.39415
768 0.19647 NaN NaN NaN 173.60408 -110.96919 -15.62236 266.23837 -156.16289 -88.98391 NaN NaN NaN 70.64108 -131.83546 -34.49018 -18.76761 -145.43291 -128.36958
769 0.20481 NaN NaN NaN 173.58659 -110.84769 -15.58282 266.22516 -156.13377 -88.88231 NaN NaN NaN 70.63152 -131.75479 -34.50640 -18.75486 -145.38214 -128.36656
770 0.21315 NaN NaN NaN 173.59200 -110.75024 -15.53489 266.21173 -156.11378 -88.80214 NaN NaN NaN 70.62907 -131.67514 -34.51333 -18.75632 -145.34697 -128.35626
771 0.22149 NaN NaN NaN 173.59769 -110.62708 -15.49453 266.20343 -156.10980 -88.72112 NaN NaN NaN 70.62240 -131.60965 -34.49279 -18.76099 -145.35992 -128.42165
772 0.22983 NaN NaN NaN 173.56697 -110.52406 -15.44076 266.19794 -156.11235 -88.62533 NaN NaN NaN 70.60730 -131.50897 -34.48474 -18.78092 -145.35245 -128.42952
773 0.23817 NaN NaN NaN 173.54234 -110.42778 -15.42207 266.18213 -156.11140 -88.55437 NaN NaN NaN 70.60064 -131.43614 -34.48908 -18.76820 -145.31424 -128.40820
774 0.24652 NaN NaN NaN 173.52853 -110.36787 -15.42844 266.18958 -156.11227 -88.52637 NaN NaN NaN 70.60760 -131.38179 -34.49339 -18.75264 -145.30466 -128.39612
775 0.25486 NaN NaN NaN 173.50360 -110.32272 -15.43691 266.16635 -156.10324 -88.52016 NaN NaN NaN 70.65303 -131.34663 -34.49646 -18.76808 -145.29729 -128.41557
776 0.26320 NaN NaN NaN 173.50046 -110.28947 -15.43283 266.15390 -156.12402 -88.47295 NaN NaN NaN 70.67932 -131.32678 -34.49224 -18.76641 -145.29672 -128.43114
777 0.27154 NaN NaN NaN 173.50000 -110.26036 -15.43724 266.14890 -156.12234 -88.42331 NaN NaN NaN 70.71801 -131.31618 -34.49690 -18.73892 -145.30290 -128.39247
778 0.27988 NaN NaN NaN 173.49782 -110.22804 -15.43159 266.15640 -156.14993 -88.36732 NaN NaN NaN 70.76439 -131.32492 -34.49217 -18.71285 -145.35336 -128.39618
779 0.28823 NaN NaN NaN 173.49593 -110.22288 -15.42481 266.19760 -156.18134 -88.34114 NaN NaN NaN 70.80501 -131.35825 -34.50674 -18.65799 -145.41454 -128.36276
780 0.29657 NaN NaN NaN 173.51251 -110.25166 -15.44387 266.21997 -156.23244 -88.31817 NaN NaN NaN 70.83608 -131.41100 -34.49139 -18.62741 -145.51155 -128.36929
781 0.30491 NaN NaN NaN 173.52031 -110.28863 -15.45380 266.26834 -156.26631 -88.31085 NaN NaN NaN 70.86885 -131.43213 -34.51795 -18.62145 -145.51486 -128.29233
782 0.31325 NaN NaN NaN 173.53696 -110.34794 -15.45402 266.28726 -156.29259 -88.31187 NaN NaN NaN 70.89052 -131.45660 -34.53009 -18.58870 -145.57484 -128.34784
783 0.32159 NaN NaN NaN 173.55829 -110.37772 -15.47731 266.34369 -156.32526 -88.32532 NaN NaN NaN 70.91235 -131.49133 -34.56551 -18.54764 -145.62906 -128.36926
784 0.32993 NaN NaN NaN 173.59372 -110.43897 -15.47804 266.38083 -156.38742 -88.35124 NaN NaN NaN 70.95553 -131.55518 -34.60027 -18.51708 -145.65886 -128.37245
785 0.33828 NaN NaN NaN 173.63560 -110.51189 -15.51628 266.41483 -156.47157 -88.31314 NaN NaN NaN 71.01432 -131.65268 -34.63746 -18.48195 -145.70898 -128.36967
786 0.34662 NaN NaN NaN 173.65161 -110.58320 -15.52514 266.45853 -156.56967 -88.31396 NaN NaN NaN 71.05160 -131.76094 -34.65381 -18.41647 -145.78807 -128.38495
787 0.35496 NaN NaN NaN 173.68321 -110.65999 -15.55519 266.48077 -156.64597 -88.28605 NaN NaN NaN 71.10510 -131.87025 -34.65987 -18.38573 -145.84584 -128.40250
788 0.36330 NaN NaN NaN 173.70299 -110.73197 -15.56894 266.51035 -156.69318 -88.28674 NaN NaN NaN 71.12886 -131.94705 -34.65298 -18.33541 -145.93425 -128.39369
789 0.37164 NaN NaN NaN 173.72139 -110.79035 -15.59526 266.53494 -156.74243 -88.30926 NaN NaN NaN 71.16454 -132.00188 -34.65998 -18.32800 -145.98915 -128.39738
790 0.37998 NaN NaN NaN 173.71974 -110.85581 -15.61607 266.56021 -156.74742 -88.31112 NaN NaN NaN 71.19191 -132.03885 -34.66885 -18.30125 -146.06151 -128.38043
791 0.38833 NaN NaN NaN 173.71738 -110.88247 -15.62077 266.57388 -156.79053 -88.33054 NaN NaN NaN 71.17860 -132.07851 -34.69336 -18.28363 -146.10706 -128.36566
792 0.39667 NaN NaN NaN 173.72424 -110.91674 -15.64038 266.59460 -156.84952 -88.33321 NaN NaN NaN 71.21242 -132.15535 -34.66566 -18.29505 -146.19838 -128.42542
793 0.40501 NaN NaN NaN 173.71451 -110.95132 -15.67460 266.60666 -156.94017 -88.31903 NaN NaN NaN 71.21981 -132.24818 -34.65393 -18.29612 -146.26996 -128.43634
794 0.41335 NaN NaN NaN 173.71144 -111.04602 -15.71621 266.59744 -156.99908 -88.31519 NaN NaN NaN 71.23467 -132.36519 -34.67225 -18.32807 -146.36041 -128.43001
795 0.42169 NaN NaN NaN 173.68626 -111.12111 -15.74708 266.60162 -157.04967 -88.31104 NaN NaN NaN 71.21534 -132.43515 -34.67125 -18.33795 -146.46596 -128.42346
796 0.43004 NaN NaN NaN 173.68468 -111.21799 -15.75200 266.59665 -157.09137 -88.30751 NaN NaN NaN 71.21233 -132.46996 -34.68061 -18.34062 -146.53474 -128.41795
797 0.43838 NaN NaN NaN 173.67741 -111.29150 -15.74547 266.59518 -157.15271 -88.31143 NaN NaN NaN 71.20786 -132.55344 -34.67941 -18.34502 -146.58479 -128.44580
798 0.44672 NaN NaN NaN 173.67393 -111.36041 -15.72870 266.58417 -157.20862 -88.32409 NaN NaN NaN 71.18501 -132.59967 -34.68785 -18.37274 -146.60767 -128.44479
799 0.45506 NaN NaN NaN 173.65756 -111.39841 -15.70676 266.53928 -157.26448 -88.31412 NaN NaN NaN 71.16417 -132.66847 -34.68704 -18.40816 -146.62349 -128.45436
800 0.46340 NaN NaN NaN 173.62129 -111.43193 -15.70593 266.51160 -157.31859 -88.31373 NaN NaN NaN 71.15318 -132.74030 -34.66748 -18.42545 -146.62404 -128.45393
801 0.47174 NaN NaN NaN 173.60448 -111.44690 -15.72632 266.50424 -157.35576 -88.31444 NaN NaN NaN 71.13434 -132.81468 -34.66014 -18.44753 -146.61606 -128.46513
802 0.48009 NaN NaN NaN 173.57764 -111.50207 -15.70443 266.48685 -157.37848 -88.34351 NaN NaN NaN 71.10321 -132.85489 -34.65617 -18.47321 -146.62967 -128.45766
803 0.48843 NaN NaN NaN 173.56497 -111.51524 -15.70730 266.46793 -157.39128 -88.36086 NaN NaN NaN 71.09330 -132.87793 -34.66039 -18.49937 -146.64308 -128.44188
804 0.49677 NaN NaN NaN 173.54648 -111.53967 -15.69624 266.43488 -157.39227 -88.35475 NaN NaN NaN 71.09634 -132.89786 -34.65356 -18.52235 -146.65601 -128.43326
805 0.50511 NaN NaN NaN 173.52925 -111.54466 -15.70054 266.43167 -157.41042 -88.34682 NaN NaN NaN 71.09708 -132.89824 -34.65892 -18.54515 -146.62419 -128.37819
806 0.51345 NaN NaN NaN 173.52113 -111.54720 -15.69872 266.41049 -157.41083 -88.36607 NaN NaN NaN 71.09035 -132.89511 -34.65365 -18.58245 -146.62550 -128.38277
807 0.52180 NaN NaN NaN 173.51590 -111.54089 -15.72018 266.38416 -157.41173 -88.37467 NaN NaN NaN 71.08621 -132.87569 -34.64865 -18.60152 -146.61252 -128.38615
808 0.53014 NaN NaN NaN 173.50771 -111.54648 -15.70451 266.36093 -157.40721 -88.37754 NaN NaN NaN 71.06242 -132.85651 -34.64549 -18.60893 -146.60129 -128.40657
809 0.53848 NaN NaN NaN 173.49265 -111.54593 -15.72224 266.35739 -157.39842 -88.38284 NaN NaN NaN 71.04931 -132.82341 -34.63826 -18.60972 -146.61861 -128.39413
810 0.54682 NaN NaN NaN 173.48862 -111.53728 -15.72360 266.34760 -157.38678 -88.39215 NaN NaN NaN 71.02263 -132.81281 -34.61409 -18.63657 -146.61221 -128.37036
811 0.55516 NaN NaN NaN 173.48303 -111.51528 -15.72796 266.31763 -157.35910 -88.40752 NaN NaN NaN 70.99005 -132.77583 -34.62622 -18.65105 -146.63338 -128.34431
812 0.56350 NaN NaN NaN 173.48598 -111.51594 -15.72290 266.31924 -157.34862 -88.42170 NaN NaN NaN 70.96910 -132.75063 -34.62131 -18.65697 -146.63025 -128.33319
813 0.57185 NaN NaN NaN 173.47003 -111.48766 -15.74349 266.31924 -157.34334 -88.43287 NaN NaN NaN 70.94834 -132.72610 -34.61400 -18.66069 -146.58472 -128.33490
814 0.58019 NaN NaN NaN 173.45454 -111.46575 -15.77849 266.31491 -157.31020 -88.43786 NaN NaN NaN 70.94797 -132.72330 -34.61909 -18.68063 -146.54085 -128.35211
815 0.58853 NaN NaN NaN 173.44304 -111.42703 -15.78186 266.30539 -157.27399 -88.45612 NaN NaN NaN 70.93962 -132.70345 -34.62346 -18.70555 -146.49043 -128.34879
816 0.59687 NaN NaN NaN 173.43417 -111.41171 -15.78843 266.28757 -157.24908 -88.46751 NaN NaN NaN 70.94167 -132.68149 -34.62433 -18.68888 -146.45465 -128.35931
817 0.60521 NaN NaN NaN 173.42877 -111.37606 -15.79539 266.29584 -157.16324 -88.49293 NaN NaN NaN 70.95497 -132.65915 -34.61870 -18.67039 -146.43192 -128.36232
818 0.61355 NaN NaN NaN 173.42525 -111.34205 -15.82661 266.29620 -157.10643 -88.51626 NaN NaN NaN 70.98103 -132.62927 -34.62135 -18.67012 -146.43359 -128.39473
819 0.62190 NaN NaN NaN 173.42740 -111.28788 -15.83645 266.29291 -157.06535 -88.52351 NaN NaN NaN 70.99983 -132.59874 -34.62017 -18.65953 -146.38060 -128.38437
820 0.63024 NaN NaN NaN 173.41568 -111.24332 -15.86276 266.30200 -157.01343 -88.52610 NaN NaN NaN 71.01979 -132.55072 -34.64912 -18.64264 -146.34789 -128.38371
821 0.63858 NaN NaN NaN 173.41136 -111.18460 -15.87895 266.31506 -156.96042 -88.53938 NaN NaN NaN 71.03353 -132.48259 -34.65013 -18.64097 -146.30026 -128.33255
822 0.64692 NaN NaN NaN 173.41135 -111.15330 -15.90246 266.32385 -156.90530 -88.54691 NaN NaN NaN 71.05377 -132.43149 -34.66014 -18.63384 -146.28253 -128.34996
823 0.65526 NaN NaN NaN 173.41681 -111.08302 -15.91314 266.34406 -156.86705 -88.54424 NaN NaN NaN 71.06429 -132.39403 -34.64058 -18.62736 -146.23630 -128.35034
824 0.66361 NaN NaN NaN 173.43106 -111.05879 -15.92778 266.35648 -156.82654 -88.54482 NaN NaN NaN 71.07808 -132.35832 -34.63019 -18.61054 -146.23726 -128.37366
825 0.67195 NaN NaN NaN 173.43820 -111.02394 -15.92090 266.38586 -156.81174 -88.54507 NaN NaN NaN 71.08499 -132.31494 -34.62735 -18.57132 -146.17448 -128.34305
826 0.68029 NaN NaN NaN 173.44391 -111.00162 -15.91447 266.39243 -156.79576 -88.55069 NaN NaN NaN 71.09256 -132.28635 -34.63394 -18.52116 -146.14967 -128.35349
827 0.68863 NaN NaN NaN 173.46303 -110.98660 -15.90525 266.39618 -156.78435 -88.53803 NaN NaN NaN 71.09578 -132.28186 -34.63766 -18.49024 -146.08690 -128.35304
828 0.69697 NaN NaN NaN 173.46657 -110.95962 -15.91564 266.39810 -156.75873 -88.53576 NaN NaN NaN 71.11645 -132.26851 -34.63563 -18.44858 -146.05016 -128.35587
829 0.70531 NaN NaN NaN 173.47952 -110.91945 -15.92166 266.40521 -156.75339 -88.54067 NaN NaN NaN 71.12797 -132.22603 -34.64595 -18.43632 -146.03207 -128.35098
830 0.71366 NaN NaN NaN 173.50890 -110.89469 -15.92738 266.42111 -156.71938 -88.54118 NaN NaN NaN 71.15172 -132.20058 -34.64145 -18.43113 -146.04568 -128.34824
831 0.72200 NaN NaN NaN 173.51396 -110.87259 -15.92134 266.42917 -156.72404 -88.54821 NaN NaN NaN 71.14834 -132.15460 -34.66695 -18.40453 -146.04607 -128.35782
832 0.73034 NaN NaN NaN 173.52303 -110.85693 -15.91037 266.43643 -156.70415 -88.53171 NaN NaN NaN 71.17405 -132.16515 -34.65567 -18.40710 -146.05598 -128.35555
833 0.73868 NaN NaN NaN 173.52350 -110.83698 -15.92168 266.45248 -156.71352 -88.47614 NaN NaN NaN 71.16545 -132.13120 -34.67148 -18.41037 -146.04039 -128.31065
834 0.74702 NaN NaN NaN 173.52824 -110.82951 -15.92084 266.44009 -156.72357 -88.46292 NaN NaN NaN 71.17277 -132.11664 -34.66990 -18.41392 -146.04225 -128.32886
835 0.75537 NaN NaN NaN 173.55197 -110.81898 -15.92776 266.44980 -156.72871 -88.45094 NaN NaN NaN 71.16198 -132.11852 -34.67959 -18.40419 -146.02191 -128.35078
836 0.76371 NaN NaN NaN 173.53323 -110.79542 -15.92553 266.43573 -156.71454 -88.44914 NaN NaN NaN 71.17236 -132.12195 -34.68119 -18.43116 -146.02432 -128.34898
837 0.77205 NaN NaN NaN 173.52446 -110.80943 -15.93133 266.43021 -156.70564 -88.45892 NaN NaN NaN 71.16063 -132.12057 -34.68594 -18.45191 -146.02756 -128.35704
838 0.78039 NaN NaN NaN 173.52367 -110.79729 -15.93854 266.43082 -156.69855 -88.47909 NaN NaN NaN 71.16720 -132.13486 -34.67872 -18.46744 -146.04677 -128.34024
839 0.78873 NaN NaN NaN 173.51540 -110.80275 -15.94955 266.43243 -156.71582 -88.48000 NaN NaN NaN 71.14361 -132.17247 -34.66896 -18.47692 -146.05299 -128.33675
840 0.79707 NaN NaN NaN 173.51381 -110.81657 -15.95617 266.43372 -156.71249 -88.52477 NaN NaN NaN 71.14491 -132.22020 -34.65201 -18.47629 -146.06728 -128.34039
841 0.80542 NaN NaN NaN 173.50461 -110.83743 -15.96016 266.42349 -156.74783 -88.55166 NaN NaN NaN 71.12302 -132.24724 -34.65011 -18.50333 -146.08208 -128.35977
842 0.81376 NaN NaN NaN 173.49326 -110.87733 -15.98051 266.41037 -156.74571 -88.56154 NaN NaN NaN 71.11092 -132.28336 -34.63519 -18.53184 -146.12772 -128.36028
843 0.82210 NaN NaN NaN 173.48997 -110.90836 -15.96487 266.41071 -156.75931 -88.56833 NaN NaN NaN 71.09303 -132.32687 -34.64125 -18.56746 -146.14523 -128.33127
844 0.83044 NaN NaN NaN 173.48970 -110.91589 -15.97556 266.40878 -156.77892 -88.57141 NaN NaN NaN 71.08440 -132.35619 -34.63849 -18.59478 -146.21820 -128.32976
845 0.83878 NaN NaN NaN 173.47586 -110.91624 -15.96954 266.42535 -156.79395 -88.58647 NaN NaN NaN 71.06718 -132.39291 -34.66218 -18.61033 -146.23898 -128.34258
846 0.84712 NaN NaN NaN 173.47313 -110.93764 -15.98765 266.41644 -156.80742 -88.59944 NaN NaN NaN 71.05661 -132.44887 -34.66413 -18.61643 -146.28603 -128.40857
847 0.85547 NaN NaN NaN 173.47034 -110.99026 -15.98912 266.41458 -156.83568 -88.59927 NaN NaN NaN 71.04822 -132.47791 -34.65939 -18.62311 -146.30074 -128.38135
848 0.86381 NaN NaN NaN 173.47298 -111.01315 -15.99718 266.42340 -156.84401 -88.61419 NaN NaN NaN 71.04433 -132.52635 -34.66393 -18.61859 -146.34489 -128.39233
849 0.87215 NaN NaN NaN 173.47656 -111.06641 -16.00574 266.41656 -156.86536 -88.61513 NaN NaN NaN 71.03613 -132.56555 -34.65969 -18.63218 -146.34123 -128.37677
850 0.88049 NaN NaN NaN 173.45984 -111.12734 -16.01276 266.40439 -156.86864 -88.64265 NaN NaN NaN 71.01697 -132.60423 -34.65445 -18.63100 -146.40562 -128.41698
851 0.88883 NaN NaN NaN 173.45999 -111.18797 -16.03717 266.40384 -156.90950 -88.65469 NaN NaN NaN 71.00142 -132.64098 -34.65528 -18.62765 -146.43338 -128.40335
852 0.89718 NaN NaN NaN 173.46184 -111.22318 -16.03184 266.39960 -156.93823 -88.70443 NaN NaN NaN 71.00707 -132.66811 -34.66290 -18.63532 -146.45860 -128.39690
853 0.90552 NaN NaN NaN 173.46062 -111.23970 -16.04520 266.41193 -156.96880 -88.69247 NaN NaN NaN 71.00541 -132.68686 -34.66843 -18.62022 -146.47862 -128.41708
854 0.91386 NaN NaN NaN 173.46297 -111.25723 -16.05548 266.40704 -156.96552 -88.70408 NaN NaN NaN 71.01296 -132.69966 -34.66915 -18.62001 -146.48926 -128.42984
855 0.92220 NaN NaN NaN 173.45898 -111.24780 -16.07254 266.39835 -157.00253 -88.69162 NaN NaN NaN 71.01263 -132.71074 -34.66779 -18.62683 -146.51323 -128.43892
856 0.93054 NaN NaN NaN 173.44202 -111.27684 -16.07720 266.41022 -157.02678 -88.74983 NaN NaN NaN 71.00346 -132.75189 -34.66997 -18.62573 -146.53752 -128.44305
857 0.93888 NaN NaN NaN 173.44981 -111.32497 -16.08082 266.40671 -157.07051 -88.74400 NaN NaN NaN 71.01100 -132.76678 -34.67180 -18.62137 -146.54106 -128.45657
858 0.94723 NaN NaN NaN 173.43881 -111.33698 -16.10061 266.43073 -157.07582 -88.79485 NaN NaN NaN 71.02409 -132.81970 -34.67292 -18.61424 -146.55327 -128.43803
859 0.95557 NaN NaN NaN 173.44293 -111.35636 -16.12075 266.41565 -157.08475 -88.81699 NaN NaN NaN 71.02344 -132.82397 -34.68145 -18.63093 -146.54546 -128.45528
860 0.96391 NaN NaN NaN 173.43811 -111.34030 -16.11767 266.41940 -157.06532 -88.82397 NaN NaN NaN 71.02296 -132.85559 -34.66951 -18.62645 -146.56885 -128.44815
861 0.97225 NaN NaN NaN 173.45015 -111.33604 -16.14780 266.41785 -157.06311 -88.83533 NaN NaN NaN 71.01987 -132.84888 -34.67805 -18.63607 -146.53859 -128.45558
862 0.98059 NaN NaN NaN 173.43687 -111.32630 -16.17362 266.43210 -157.05998 -88.85426 NaN NaN NaN 71.02181 -132.85596 -34.67377 -18.62101 -146.55205 -128.43965
863 0.98894 NaN NaN NaN 173.43903 -111.31911 -16.19563 266.44226 -157.06398 -88.85654 NaN NaN NaN 71.03239 -132.84291 -34.67970 -18.60382 -146.53848 -128.43655
864 0.99728 NaN NaN NaN 173.42406 -111.32190 -16.21047 266.43082 -157.05186 -88.87529 NaN NaN NaN 71.04389 -132.85066 -34.67559 -18.61738 -146.55083 -128.44597
865 1.00562 NaN NaN NaN 173.42625 -111.31011 -16.22653 266.42151 -157.03212 -88.89799 NaN NaN NaN 71.05004 -132.85204 -34.67828 -18.61935 -146.53893 -128.47363
866 1.01396 NaN NaN NaN 173.41469 -111.31860 -16.23495 266.42218 -157.00217 -88.91796 NaN NaN NaN 71.03596 -132.84653 -34.67726 -18.63005 -146.53848 -128.46985
867 1.02230 NaN NaN NaN 173.43355 -111.29494 -16.24891 266.41376 -156.97276 -88.95073 NaN NaN NaN 71.04394 -132.84929 -34.68445 -18.63319 -146.50685 -128.46193
868 1.03064 NaN NaN NaN 173.42609 -111.28649 -16.25673 266.41382 -156.93654 -88.96251 NaN NaN NaN 71.04685 -132.84792 -34.68454 -18.63305 -146.49004 -128.45697
869 1.03899 NaN NaN NaN 173.42763 -111.24835 -16.27885 266.40146 -156.91628 -88.98528 NaN NaN NaN 71.04192 -132.85017 -34.68179 -18.63696 -146.47646 -128.47112
870 1.04733 NaN NaN NaN 173.42314 -111.25375 -16.27890 266.40878 -156.90652 -88.98602 NaN NaN NaN 71.03375 -132.82610 -34.68992 -18.64390 -146.45638 -128.46960
871 1.05567 NaN NaN NaN 173.41611 -111.24570 -16.29684 266.40567 -156.89243 -89.01123 NaN NaN NaN 71.03458 -132.81821 -34.69312 -18.65069 -146.45728 -128.48784
872 1.06401 NaN NaN NaN 173.40811 -111.25108 -16.30175 266.41623 -156.88371 -89.04301 NaN NaN NaN 71.03029 -132.78275 -34.70100 -18.65222 -146.44138 -128.48314
873 1.07235 NaN NaN NaN 173.40546 -111.24365 -16.31349 266.41165 -156.86884 -89.05635 NaN NaN NaN 70.99238 -132.74593 -34.71824 -18.65843 -146.43590 -128.47696
874 1.08070 NaN NaN NaN 173.38586 -111.22497 -16.32992 266.39731 -156.84894 -89.07570 NaN NaN NaN 70.99379 -132.71346 -34.70723 -18.66026 -146.43376 -128.47835
875 1.08904 NaN NaN NaN 173.36375 -111.21177 -16.36951 266.39081 -156.83076 -89.07952 NaN NaN NaN 70.97791 -132.69907 -34.71754 -18.67696 -146.41565 -128.47823
876 1.09738 NaN NaN NaN 173.34473 -111.19031 -16.38135 266.38104 -156.80415 -89.08963 NaN NaN NaN 70.97052 -132.68234 -34.70904 -18.68525 -146.40184 -128.46735
877 1.10572 NaN NaN NaN 173.33429 -111.18639 -16.41823 266.38135 -156.80017 -89.09913 NaN NaN NaN 70.96632 -132.66949 -34.70940 -18.68895 -146.35675 -128.45906
878 1.11406 NaN NaN NaN 173.32071 -111.19403 -16.43720 266.36212 -156.76770 -89.12858 NaN NaN NaN 70.96972 -132.66237 -34.69888 -18.68708 -146.34947 -128.45447
879 1.12240 NaN NaN NaN 173.31190 -111.18346 -16.47369 266.35687 -156.75931 -89.14787 NaN NaN NaN 70.95833 -132.64247 -34.70450 -18.70587 -146.34276 -128.45712
880 1.13075 NaN NaN NaN 173.31287 -111.18261 -16.49338 266.35132 -156.72755 -89.16431 NaN NaN NaN 70.95627 -132.62814 -34.70232 -18.71547 -146.35178 -128.46663
881 1.13909 NaN NaN NaN 173.30991 -111.15473 -16.50733 266.34836 -156.71562 -89.21237 NaN NaN NaN 70.93517 -132.62506 -34.68914 -18.72465 -146.32814 -128.45854
882 1.14743 NaN NaN NaN 173.30138 -111.13661 -16.53766 266.33908 -156.69321 -89.22382 NaN NaN NaN 70.94095 -132.62158 -34.67585 -18.71260 -146.32307 -128.45511
883 1.15577 NaN NaN NaN 173.29155 -111.13380 -16.55276 266.33826 -156.68327 -89.26643 NaN NaN NaN 70.90835 -132.60834 -34.67012 -18.71454 -146.30475 -128.44484
884 1.16411 NaN NaN NaN 173.28224 -111.11710 -16.56994 266.34006 -156.67294 -89.30878 NaN NaN NaN 70.90834 -132.59389 -34.66577 -18.71450 -146.28554 -128.45039
885 1.17245 NaN NaN NaN 173.28270 -111.10312 -16.58263 266.34567 -156.64603 -89.32764 NaN NaN NaN 70.89074 -132.58331 -34.66284 -18.71528 -146.29948 -128.44322
886 1.18080 NaN NaN NaN 173.28287 -111.09624 -16.61366 266.34219 -156.65157 -89.33805 NaN NaN NaN 70.89501 -132.57236 -34.65746 -18.71256 -146.30589 -128.44968
887 1.18914 NaN NaN NaN 173.27463 -111.08713 -16.62815 266.29865 -156.63963 -89.33885 NaN NaN NaN 70.86617 -132.55399 -34.65271 -18.71932 -146.30461 -128.45013
888 1.19748 NaN NaN NaN 173.25629 -111.08164 -16.64271 266.28906 -156.66856 -89.34772 NaN NaN NaN 70.86440 -132.54518 -34.66658 -18.71590 -146.28732 -128.44908
889 1.20582 NaN NaN NaN 173.24174 -111.09116 -16.66523 266.28601 -156.65256 -89.36771 NaN NaN NaN 70.85654 -132.54843 -34.66975 -18.72044 -146.28455 -128.45433
890 1.21416 NaN NaN NaN 173.23682 -111.10117 -16.71155 266.28458 -156.66423 -89.38845 NaN NaN NaN 70.85262 -132.56175 -34.67090 -18.70925 -146.29448 -128.46297
891 1.22251 NaN NaN NaN 173.23361 -111.09592 -16.72856 266.28055 -156.66151 -89.40032 NaN NaN NaN 70.84364 -132.54837 -34.67169 -18.71844 -146.28423 -128.47147
892 1.23085 NaN NaN NaN 173.20198 -111.09784 -16.77390 266.26367 -156.64365 -89.47558 NaN NaN NaN 70.85378 -132.55023 -34.67321 -18.72008 -146.30563 -128.46954
893 1.23919 NaN NaN NaN 173.20433 -111.11311 -16.78689 266.28058 -156.65628 -89.52682 NaN NaN NaN 70.85636 -132.56403 -34.67853 -18.72868 -146.30814 -128.47377
894 1.24753 NaN NaN NaN 173.18997 -111.13930 -16.80897 266.28397 -156.65012 -89.54862 NaN NaN NaN 70.85118 -132.57307 -34.66478 -18.70567 -146.30411 -128.48679
895 1.25587 NaN NaN NaN 173.18608 -111.17200 -16.82543 266.28772 -156.64742 -89.56339 NaN NaN NaN 70.84848 -132.58472 -34.66252 -18.72259 -146.29825 -128.48645
896 1.26421 NaN NaN NaN 173.18752 -111.19376 -16.84744 266.27304 -156.64894 -89.59457 NaN NaN NaN 70.86690 -132.59274 -34.67566 -18.71824 -146.31148 -128.49945
897 1.27256 NaN NaN NaN 173.17834 -111.22495 -16.85878 266.28009 -156.65802 -89.61549 NaN NaN NaN 70.86078 -132.60843 -34.67666 -18.70955 -146.32600 -128.48183
898 1.28090 NaN NaN NaN 173.17029 -111.23362 -16.88821 266.27921 -156.65903 -89.63141 NaN NaN NaN 70.85050 -132.63280 -34.67543 -18.71989 -146.34320 -128.49101
899 1.28924 NaN NaN NaN 173.17126 -111.26483 -16.87858 266.26660 -156.68292 -89.64973 NaN NaN NaN 70.84341 -132.65189 -34.67308 -18.73271 -146.36206 -128.49135
900 1.29758 NaN NaN NaN 173.18275 -111.29097 -16.91268 266.28439 -156.69226 -89.65156 NaN NaN NaN 70.85519 -132.66193 -34.66824 -18.73475 -146.36491 -128.49834
901 1.30592 NaN NaN NaN 173.17517 -111.32074 -16.89975 266.27972 -156.69067 -89.67419 NaN NaN NaN 70.84155 -132.67874 -34.66300 -18.76229 -146.39131 -128.48819
902 1.31427 NaN NaN NaN 173.16626 -111.33994 -16.92974 266.28125 -156.71227 -89.67224 NaN NaN NaN 70.82484 -132.71579 -34.67086 -18.76055 -146.42624 -128.48668
903 1.32261 NaN NaN NaN 173.16983 -111.35222 -16.94205 266.27798 -156.72324 -89.67901 NaN NaN NaN 70.81503 -132.73102 -34.67256 -18.77776 -146.46458 -128.47418
904 1.33095 NaN NaN NaN 173.17741 -111.36821 -16.95613 266.29501 -156.72743 -89.68823 NaN NaN NaN 70.81437 -132.75984 -34.66925 -18.78125 -146.49582 -128.47565
905 1.33929 NaN NaN NaN 173.17027 -111.38516 -16.97062 266.29117 -156.75357 -89.68494 NaN NaN NaN 70.79259 -132.77182 -34.66811 -18.78690 -146.50681 -128.46120
906 1.34763 NaN NaN NaN 173.17474 -111.39120 -16.97151 266.29507 -156.75691 -89.68997 NaN NaN NaN 70.78311 -132.79237 -34.67202 -18.79550 -146.51854 -128.46170
907 1.35597 NaN NaN NaN 173.17545 -111.40253 -16.98255 266.28909 -156.76407 -89.69000 NaN NaN NaN 70.77485 -132.82202 -34.66150 -18.81018 -146.53058 -128.46587
908 1.36432 NaN NaN NaN 173.17104 -111.42087 -16.97838 266.30182 -156.76779 -89.68225 NaN NaN NaN 70.78274 -132.83853 -34.65817 -18.79927 -146.56273 -128.45978
909 1.37266 NaN NaN NaN 173.18411 -111.46182 -16.98021 266.29178 -156.78160 -89.68662 NaN NaN NaN 70.76970 -132.86147 -34.66195 -18.79904 -146.56169 -128.45009
910 1.38100 NaN NaN NaN 173.19168 -111.46459 -16.97401 266.29471 -156.79251 -89.68869 NaN NaN NaN 70.76051 -132.89140 -34.65300 -18.80743 -146.58810 -128.45129
911 1.38934 NaN NaN NaN 173.19232 -111.47919 -16.96603 266.28625 -156.80608 -89.68072 NaN NaN NaN 70.73076 -132.91165 -34.65363 -18.82251 -146.59947 -128.44606
912 1.39768 NaN NaN NaN 173.19141 -111.48810 -16.95178 266.30817 -156.80701 -89.67873 NaN NaN NaN 70.74363 -132.92192 -34.64214 -18.81774 -146.59596 -128.45552
913 1.40602 NaN NaN NaN 173.18448 -111.49835 -16.95560 266.30090 -156.81802 -89.67522 NaN NaN NaN 70.73798 -132.93452 -34.62391 -18.81084 -146.59671 -128.46967
914 1.41437 NaN NaN NaN 173.20100 -111.48444 -16.95437 266.30661 -156.83733 -89.66389 NaN NaN NaN 70.74101 -132.95700 -34.62691 -18.80600 -146.62794 -128.44829
915 1.42271 NaN NaN NaN 173.18918 -111.49901 -16.92268 266.29382 -156.85521 -89.64348 NaN NaN NaN 70.72717 -132.95714 -34.62880 -18.81123 -146.63759 -128.44145
916 1.43105 NaN NaN NaN 173.18932 -111.49796 -16.90646 266.29797 -156.89676 -89.62737 NaN NaN NaN 70.75291 -132.96788 -34.63229 -18.80618 -146.65253 -128.43622
917 1.43939 NaN NaN NaN 173.20718 -111.52157 -16.89127 266.29395 -156.90041 -89.61551 NaN NaN NaN 70.74836 -132.97560 -34.63446 -18.79711 -146.64845 -128.43567
918 1.44773 NaN NaN NaN 173.20688 -111.52821 -16.89240 266.29037 -156.92300 -89.61298 NaN NaN NaN 70.74763 -132.98444 -34.62402 -18.79358 -146.66254 -128.44751
919 1.45608 NaN NaN NaN 173.19576 -111.52927 -16.85884 266.31644 -156.92593 -89.59508 NaN NaN NaN 70.74422 -132.99422 -34.62360 -18.79236 -146.64937 -128.44673
920 1.46442 NaN NaN NaN 173.18613 -111.52235 -16.85878 266.31827 -156.93379 -89.58856 NaN NaN NaN 70.74737 -132.99855 -34.62971 -18.78646 -146.64752 -128.44138
921 1.47276 NaN NaN NaN 173.19514 -111.51919 -16.82873 266.30573 -156.93448 -89.55755 NaN NaN NaN 70.75687 -132.98492 -34.63653 -18.79439 -146.64139 -128.44884
922 1.48110 NaN NaN NaN 173.22061 -111.51941 -16.82397 266.31323 -156.93347 -89.54150 NaN NaN NaN 70.77218 -132.97559 -34.64181 -18.78824 -146.64796 -128.48018
923 1.48944 NaN NaN NaN 173.20947 -111.49867 -16.80975 266.30594 -156.93320 -89.53458 NaN NaN NaN 70.77791 -132.97052 -34.63712 -18.77914 -146.64890 -128.46219
924 1.49778 NaN NaN NaN 173.21141 -111.49253 -16.80082 266.30133 -156.93680 -89.53018 NaN NaN NaN 70.81576 -132.95181 -34.62757 -18.76396 -146.66139 -128.45012
925 1.50613 NaN NaN NaN 173.21037 -111.46913 -16.80167 266.30515 -156.93408 -89.52364 NaN NaN NaN 70.81992 -132.93027 -34.64795 -18.75666 -146.63760 -128.43945
926 1.51447 NaN NaN NaN 173.20714 -111.45084 -16.81871 266.31174 -156.91354 -89.51746 NaN NaN NaN 70.82787 -132.88086 -34.64481 -18.75473 -146.61958 -128.44347
927 1.52281 NaN NaN NaN 173.20572 -111.41319 -16.82079 266.31308 -156.87654 -89.52410 NaN NaN NaN 70.80930 -132.83116 -34.64750 -18.75994 -146.58286 -128.44731
928 1.53115 NaN NaN NaN 173.21527 -111.37733 -16.82192 266.31866 -156.83923 -89.53062 NaN NaN NaN 70.81529 -132.80670 -34.64736 -18.76728 -146.56972 -128.44850
929 1.53949 NaN NaN NaN 173.21062 -111.34815 -16.82978 266.32269 -156.79343 -89.54603 NaN NaN NaN 70.80273 -132.78868 -34.62307 -18.78934 -146.56331 -128.44077
930 1.54784 NaN NaN NaN 173.20595 -111.31998 -16.83743 266.32794 -156.75832 -89.54688 NaN NaN NaN 70.79532 -132.75703 -34.63083 -18.77007 -146.55528 -128.41977
931 1.55618 NaN NaN NaN 173.19620 -111.27111 -16.85119 266.34494 -156.73187 -89.54465 NaN NaN NaN 70.79196 -132.73303 -34.60782 -18.77578 -146.53395 -128.41679
932 1.56452 NaN NaN NaN 173.19307 -111.20872 -16.89493 266.35458 -156.75302 -89.53429 NaN NaN NaN 70.76363 -132.67023 -34.58146 -18.77011 -146.51762 -128.40561
933 1.57286 NaN NaN NaN 173.19589 -111.18288 -16.89585 266.35159 -156.72510 -89.54779 NaN NaN NaN 70.75664 -132.63089 -34.54849 -18.76562 -146.48561 -128.39909
934 1.58120 NaN NaN NaN 173.17247 -111.08844 -16.94125 266.34189 -156.72392 -89.52906 NaN NaN NaN 70.74110 -132.58226 -34.54930 -18.76167 -146.49767 -128.36859
935 1.58954 NaN NaN NaN 173.14572 -110.98866 -16.98200 266.33725 -156.67989 -89.51278 NaN NaN NaN 70.70606 -132.54556 -34.55511 -18.77629 -146.46683 -128.36320
936 1.59789 NaN NaN NaN 173.11075 -110.88577 -17.04829 266.34970 -156.63065 -89.49607 NaN NaN NaN 70.64394 -132.48210 -34.54218 -18.79987 -146.46622 -128.37143
937 1.60623 NaN NaN NaN 173.07515 -110.78565 -17.11454 266.33423 -156.60962 -89.43262 NaN NaN NaN 70.60462 -132.42810 -34.52291 -18.79834 -146.43216 -128.37090
938 1.61457 NaN NaN NaN 173.03076 -110.66950 -17.19832 266.31387 -156.57028 -89.43063 NaN NaN NaN 70.57269 -132.38927 -34.49759 -18.78558 -146.39433 -128.38669
939 1.62291 NaN NaN NaN 173.00098 -110.58669 -17.26842 266.29416 -156.55927 -89.43487 NaN NaN NaN 70.53170 -132.35597 -34.48789 -18.79067 -146.37761 -128.37440
940 1.63125 NaN NaN NaN 172.97476 -110.53161 -17.34419 266.26959 -156.51334 -89.46738 NaN NaN NaN 70.51565 -132.33089 -34.46823 -18.79416 -146.37610 -128.36703
941 1.63959 NaN NaN NaN 172.94225 -110.50098 -17.40427 266.22708 -156.47531 -89.49127 NaN NaN NaN 70.50475 -132.31451 -34.45164 -18.81563 -146.36037 -128.37428
942 1.64794 NaN NaN NaN 172.89987 -110.48317 -17.48936 266.23679 -156.43913 -89.56597 NaN NaN NaN 70.49625 -132.30650 -34.44313 -18.81692 -146.35269 -128.38478
943 1.65628 NaN NaN NaN 172.84398 -110.46295 -17.58570 266.20361 -156.41447 -89.62857 NaN NaN NaN 70.48113 -132.30147 -34.43448 -18.81807 -146.33394 -128.38260
944 1.66462 NaN NaN NaN 172.81834 -110.46656 -17.67652 266.18478 -156.41327 -89.67937 NaN NaN NaN 70.47255 -132.29301 -34.44751 -18.82278 -146.35742 -128.40091
945 1.67296 NaN NaN NaN 172.76628 -110.43340 -17.80844 266.16104 -156.39758 -89.72423 NaN NaN NaN 70.47781 -132.28384 -34.44081 -18.82897 -146.34927 -128.41562
946 1.68130 NaN NaN NaN 172.69363 -110.43462 -17.90143 266.11395 -156.37727 -89.78841 NaN NaN NaN 70.46933 -132.27827 -34.46769 -18.85050 -146.35298 -128.41905
947 1.68965 NaN NaN NaN 172.63182 -110.46529 -17.98854 266.10245 -156.37656 -89.82130 NaN NaN NaN 70.44890 -132.30940 -34.49561 -18.86251 -146.38191 -128.42973
948 1.69799 NaN NaN NaN 172.60010 -110.50652 -18.04700 266.11157 -156.36864 -89.86437 NaN NaN NaN 70.45139 -132.32082 -34.51315 -18.89169 -146.36986 -128.44035
949 1.70633 NaN NaN NaN 172.54807 -110.51100 -18.16026 266.10614 -156.40034 -89.92094 NaN NaN NaN 70.44684 -132.34123 -34.51139 -18.88221 -146.38850 -128.43997
950 1.71467 NaN NaN NaN 172.50977 -110.53316 -18.24759 266.11514 -156.41801 -89.96392 NaN NaN NaN 70.46896 -132.35445 -34.51356 -18.86926 -146.40800 -128.42603
951 1.72301 NaN NaN NaN 172.44467 -110.51221 -18.35803 266.11322 -156.43951 -89.97974 NaN NaN NaN 70.47108 -132.36560 -34.50841 -18.88770 -146.40436 -128.43875
952 1.73135 NaN NaN NaN 172.38954 -110.50756 -18.47204 266.12500 -156.44812 -90.01054 NaN NaN NaN 70.46770 -132.38586 -34.51162 -18.87583 -146.42459 -128.42989
953 1.73970 NaN NaN NaN 172.35843 -110.49885 -18.56967 266.13959 -156.42392 -90.07745 NaN NaN NaN 70.46493 -132.39273 -34.52437 -18.86496 -146.42879 -128.42139
954 1.74804 NaN NaN NaN 172.35623 -110.51880 -18.61836 266.14954 -156.41531 -90.07850 NaN NaN NaN 70.46675 -132.40036 -34.50972 -18.85774 -146.44865 -128.42303
955 1.75638 NaN NaN NaN 172.35999 -110.53490 -18.64442 266.16476 -156.39717 -90.11588 NaN NaN NaN 70.46423 -132.41084 -34.50002 -18.85026 -146.49850 -128.41017
956 1.76472 NaN NaN NaN 172.33920 -110.58171 -18.71327 266.18088 -156.41112 -90.14494 NaN NaN NaN 70.45737 -132.42857 -34.45598 -18.84527 -146.50885 -128.40576
957 1.77306 NaN NaN NaN 172.32355 -110.62752 -18.74691 266.20926 -156.42906 -90.16322 NaN NaN NaN 70.45452 -132.44406 -34.47238 -18.85060 -146.51167 -128.41084
958 1.78141 NaN NaN NaN 172.32104 -110.69990 -18.76911 266.24527 -156.45915 -90.12633 NaN NaN NaN 70.46847 -132.46513 -34.47510 -18.85250 -146.51573 -128.42519
959 1.78975 NaN NaN NaN 172.33455 -110.74795 -18.76056 266.28055 -156.49928 -90.11516 NaN NaN NaN 70.47491 -132.50378 -34.46713 -18.84970 -146.52385 -128.42729
960 1.79809 NaN NaN NaN 172.36964 -110.80047 -18.77027 266.30511 -156.51436 -90.13187 NaN NaN NaN 70.49704 -132.51741 -34.47340 -18.85163 -146.52713 -128.42496
961 1.80643 NaN NaN NaN 172.36960 -110.83129 -18.77544 266.32803 -156.54031 -90.13078 NaN NaN NaN 70.48024 -132.52231 -34.48040 -18.85231 -146.53166 -128.41418
962 1.81477 NaN NaN NaN 172.36723 -110.86344 -18.77125 266.34528 -156.56451 -90.10082 NaN NaN NaN 70.50914 -132.53879 -34.48823 -18.85108 -146.54909 -128.43057
963 1.82311 NaN NaN NaN 172.38048 -110.89899 -18.76124 266.34647 -156.57971 -90.10310 NaN NaN NaN 70.50502 -132.55823 -34.51755 -18.85001 -146.55183 -128.42265
964 1.83146 NaN NaN NaN 172.36481 -110.93530 -18.76832 266.35605 -156.58577 -90.09425 NaN NaN NaN 70.50340 -132.56743 -34.51291 -18.85285 -146.56845 -128.41788
965 1.83980 NaN NaN NaN 172.36053 -110.98012 -18.74323 266.35049 -156.59869 -90.09832 NaN NaN NaN 70.49192 -132.57892 -34.51512 -18.86285 -146.56758 -128.42160
966 1.84814 NaN NaN NaN 172.34959 -111.01865 -18.72077 266.35449 -156.61380 -90.08311 NaN NaN NaN 70.49229 -132.58969 -34.51445 -18.87138 -146.57336 -128.42171
967 1.85648 NaN NaN NaN 172.35388 -111.07403 -18.67885 266.34988 -156.64366 -90.07863 NaN NaN NaN 70.47603 -132.60869 -34.50591 -18.86557 -146.56789 -128.42802
968 1.86482 NaN NaN NaN 172.37334 -111.09985 -18.65998 266.33774 -156.64908 -90.05103 NaN NaN NaN 70.47784 -132.59470 -34.49538 -18.87501 -146.54160 -128.43597
969 1.87317 NaN NaN NaN 172.36551 -111.09938 -18.59310 266.33057 -156.65082 -90.05487 NaN NaN NaN 70.46524 -132.59807 -34.50238 -18.87556 -146.53252 -128.44383
970 1.88151 NaN NaN NaN 172.36726 -111.13155 -18.53440 266.32126 -156.66130 -90.02262 NaN NaN NaN 70.47012 -132.58051 -34.49578 -18.88578 -146.50833 -128.46965
971 1.88985 NaN NaN NaN 172.37013 -111.16205 -18.49127 266.32648 -156.66541 -90.03701 NaN NaN NaN 70.45685 -132.54770 -34.48994 -18.88529 -146.48849 -128.46271
972 1.89819 NaN NaN NaN 172.40233 -111.19512 -18.43994 266.31097 -156.66174 -90.00108 NaN NaN NaN 70.45483 -132.53346 -34.48777 -18.90074 -146.43788 -128.47409
973 1.90653 NaN NaN NaN 172.41887 -111.21411 -18.35518 266.31210 -156.66194 -90.02142 NaN NaN NaN 70.44375 -132.49966 -34.50822 -18.93047 -146.40460 -128.47835
974 1.91487 NaN NaN NaN 172.42140 -111.24447 -18.24511 266.31470 -156.67931 -89.99923 NaN NaN NaN 70.43284 -132.47273 -34.51457 -18.92586 -146.41269 -128.49011
975 1.92322 NaN NaN NaN 172.46422 -111.31059 -18.15766 266.31061 -156.68695 -89.97639 NaN NaN NaN 70.40712 -132.46497 -34.52253 -18.91878 -146.40393 -128.47929
976 1.93156 NaN NaN NaN 172.50977 -111.36796 -18.05706 266.29736 -156.68581 -89.95860 NaN NaN NaN 70.41087 -132.47343 -34.51710 -18.92796 -146.40952 -128.49492
977 1.93990 NaN NaN NaN 172.54869 -111.39256 -17.99674 266.30768 -156.68687 -89.93786 NaN NaN NaN 70.41992 -132.49542 -34.49991 -18.92147 -146.40880 -128.49861
978 1.94824 NaN NaN NaN 172.57602 -111.41293 -17.93092 266.30176 -156.70584 -89.91993 NaN NaN NaN 70.41506 -132.47549 -34.51452 -18.93547 -146.39107 -128.50839
979 1.95658 NaN NaN NaN 172.59648 -111.45158 -17.86975 266.30383 -156.72148 -89.90094 NaN NaN NaN 70.41388 -132.49728 -34.51034 -18.94876 -146.37523 -128.52271
980 1.96492 NaN NaN NaN 172.61426 -111.52456 -17.81654 266.33026 -156.75322 -89.86308 NaN NaN NaN 70.40261 -132.51886 -34.53125 -18.95882 -146.36516 -128.53050
981 1.97327 NaN NaN NaN 172.67882 -111.59132 -17.74425 266.35242 -156.74825 -89.83677 NaN NaN NaN 70.40079 -132.54501 -34.54005 -18.94673 -146.38255 -128.54039
982 1.98161 NaN NaN NaN 172.74812 -111.69491 -17.67653 266.37491 -156.78188 -89.84267 NaN NaN NaN 70.40076 -132.56898 -34.54536 -18.91854 -146.41173 -128.52071
983 1.98995 NaN NaN NaN 172.78815 -111.78042 -17.59692 266.38440 -156.79689 -89.82917 NaN NaN NaN 70.40935 -132.58313 -34.53242 -18.92478 -146.45058 -128.53226
984 1.99829 NaN NaN NaN 172.85326 -111.86576 -17.49321 266.39355 -156.82651 -89.83871 NaN NaN NaN 70.40984 -132.61661 -34.54343 -18.92180 -146.47415 -128.53442
985 2.00663 NaN NaN NaN 172.88078 -111.94971 -17.40353 266.39755 -156.82042 -89.83643 NaN NaN NaN 70.41406 -132.62456 -34.54432 -18.93414 -146.47195 -128.52979
986 2.01498 NaN NaN NaN 172.91588 -112.01141 -17.33770 266.42755 -156.84024 -89.83376 NaN NaN NaN 70.41692 -132.61493 -34.54533 -18.93670 -146.48775 -128.52339
987 2.02332 NaN NaN NaN 172.92711 -112.06699 -17.29611 266.43198 -156.85497 -89.81959 NaN NaN NaN 70.41023 -132.61017 -34.54795 -18.94585 -146.46797 -128.53615
988 2.03166 NaN NaN NaN 172.96202 -112.13481 -17.23533 266.46066 -156.87007 -89.78121 NaN NaN NaN 70.41602 -132.61916 -34.55924 -18.93181 -146.47850 -128.53825
989 2.04000 NaN NaN NaN 172.99899 -112.15688 -17.14638 266.45694 -156.90558 -89.75190 NaN NaN NaN 70.41721 -132.59447 -34.56705 -18.93855 -146.47023 -128.54837
990 2.04834 NaN NaN NaN 173.03284 -112.23471 -17.06260 266.46091 -156.92339 -89.74666 NaN NaN NaN 70.42448 -132.61314 -34.58216 -18.92004 -146.49161 -128.52756
991 2.05668 NaN NaN NaN 173.10196 -112.29568 -16.98357 266.46988 -156.92244 -89.73151 NaN NaN NaN 70.43637 -132.61417 -34.57280 -18.91240 -146.50894 -128.52856
992 2.06503 NaN NaN NaN 173.14340 -112.35120 -16.91945 266.49033 -156.93910 -89.72293 NaN NaN NaN 70.43483 -132.62596 -34.58418 -18.91160 -146.49702 -128.56860
993 2.07337 NaN NaN NaN 173.17490 -112.38402 -16.88208 266.49896 -156.95412 -89.71822 NaN NaN NaN 70.44178 -132.64418 -34.57963 -18.90172 -146.53030 -128.55537
994 2.08171 NaN NaN NaN 173.19566 -112.39755 -16.86014 266.51773 -156.95007 -89.72037 NaN NaN NaN 70.43790 -132.64450 -34.58230 -18.89885 -146.51765 -128.52515
995 2.09005 NaN NaN NaN 173.24625 -112.40379 -16.84078 266.52396 -156.95233 -89.71330 NaN NaN NaN 70.44519 -132.64465 -34.57497 -18.89317 -146.52689 -128.53442
996 2.09839 NaN NaN NaN 173.28877 -112.41360 -16.78695 266.54398 -156.97018 -89.73092 NaN NaN NaN 70.47071 -132.65437 -34.57995 -18.89294 -146.52542 -128.52060
997 2.10674 NaN NaN NaN 173.34926 -112.45728 -16.73919 266.57401 -156.97951 -89.74944 NaN NaN NaN 70.47668 -132.66985 -34.58096 -18.89813 -146.53032 -128.52237
998 2.11508 NaN NaN NaN 173.40430 -112.52098 -16.68326 266.58798 -156.99452 -89.75689 NaN NaN NaN 70.48820 -132.69733 -34.59017 -18.89988 -146.52815 -128.53540
999 2.12342 NaN NaN NaN 173.44432 -112.56676 -16.65244 266.62204 -157.02710 -89.75211 NaN NaN NaN 70.48412 -132.69753 -34.59122 -18.90596 -146.51173 -128.58788
1000 2.13176 NaN NaN NaN 173.47481 -112.59496 -16.63158 266.62216 -157.02730 -89.77835 NaN NaN NaN 70.50260 -132.70760 -34.58776 -18.88219 -146.50964 -128.56123
1001 2.14010 NaN NaN NaN 173.48120 -112.63921 -16.64874 266.63211 -157.01244 -89.81091 NaN NaN NaN 70.52328 -132.69788 -34.61232 -18.89328 -146.48859 -128.57529
1002 2.14844 NaN NaN NaN 173.50694 -112.64887 -16.62984 266.62640 -156.99416 -89.84438 NaN NaN NaN 70.52334 -132.70059 -34.61718 -18.87840 -146.50851 -128.52567
1003 2.15679 NaN NaN NaN 173.51988 -112.66853 -16.60910 266.62405 -156.97867 -89.87402 NaN NaN NaN 70.53033 -132.70319 -34.62236 -18.89994 -146.49207 -128.56897
1004 2.16513 NaN NaN NaN 173.52585 -112.66732 -16.59958 266.62503 -156.95721 -89.90402 NaN NaN NaN 70.52881 -132.70168 -34.63210 -18.88141 -146.51826 -128.53963
1005 2.17347 NaN NaN NaN 173.53716 -112.70506 -16.61247 266.62698 -156.91801 -89.92963 NaN NaN NaN 70.54435 -132.70735 -34.64001 -18.89875 -146.50198 -128.57945
1006 2.18181 NaN NaN NaN 173.52824 -112.72078 -16.62030 266.61877 -156.90311 -89.94421 NaN NaN NaN 70.54949 -132.71947 -34.63896 -18.91665 -146.46867 -128.59912
1007 2.19015 NaN NaN NaN 173.54631 -112.73565 -16.61174 266.60721 -156.91057 -89.98989 NaN NaN NaN 70.55531 -132.70769 -34.65256 -18.92206 -146.44353 -128.62064
1008 2.19849 NaN NaN NaN 173.58542 -112.74897 -16.55740 266.58713 -156.89249 -90.00198 NaN NaN NaN 70.54958 -132.69870 -34.66372 -18.91216 -146.46425 -128.56749
1009 2.20684 NaN NaN NaN 173.60464 -112.81208 -16.49892 266.59436 -156.87976 -90.04111 NaN NaN NaN 70.54601 -132.69919 -34.67461 -18.93403 -146.46620 -128.61478
1010 2.21518 NaN NaN NaN 173.62491 -112.88741 -16.45210 266.60516 -156.86148 -90.05041 NaN NaN NaN 70.53128 -132.67612 -34.66978 -18.91666 -146.48549 -128.56380
1011 2.22352 NaN NaN NaN 173.63525 -112.95631 -16.42852 266.62317 -156.86360 -90.10056 NaN NaN NaN 70.52504 -132.66409 -34.66955 -18.91706 -146.48801 -128.55003
1012 2.23186 NaN NaN NaN 173.66295 -113.01406 -16.38282 266.60568 -156.85976 -90.09282 NaN NaN NaN 70.52257 -132.65189 -34.66509 -18.93913 -146.46567 -128.59326
1013 2.24020 NaN NaN NaN 173.67285 -113.05607 -16.35065 266.59637 -156.86638 -90.12590 NaN NaN NaN 70.50803 -132.64159 -34.65978 -18.92788 -146.46628 -128.57004
1014 2.24855 NaN NaN NaN 173.66786 -113.09059 -16.32820 266.57608 -156.85364 -90.18544 NaN NaN NaN 70.50681 -132.64259 -34.64205 -18.93159 -146.44617 -128.58443
1015 2.25689 NaN NaN NaN 173.66240 -113.11409 -16.28048 266.54791 -156.82529 -90.20072 NaN NaN NaN 70.50182 -132.64409 -34.64318 -18.94877 -146.47774 -128.60895
1016 2.26523 NaN NaN NaN 173.67764 -113.13331 -16.25433 266.54037 -156.80782 -90.23750 NaN NaN NaN 70.49076 -132.64706 -34.63877 -18.96198 -146.46312 -128.63361
1017 2.27357 NaN NaN NaN 173.65195 -113.15722 -16.23158 266.51971 -156.77510 -90.24043 NaN NaN NaN 70.48109 -132.64285 -34.63018 -18.95006 -146.48828 -128.58017
1018 2.28191 NaN NaN NaN 173.65158 -113.18762 -16.22622 266.52606 -156.75426 -90.25759 NaN NaN NaN 70.48417 -132.63113 -34.63761 -18.94015 -146.50970 -128.53265
1019 2.29025 NaN NaN NaN 173.64120 -113.21292 -16.21133 266.50064 -156.77429 -90.28821 NaN NaN NaN 70.47858 -132.62027 -34.63128 -18.93610 -146.55333 -128.47934
1020 2.29860 NaN NaN NaN 173.64400 -113.25376 -16.20952 266.48282 -156.79257 -90.31834 NaN NaN NaN 70.48766 -132.61774 -34.62925 -18.95505 -146.58260 -128.49985
1021 2.30694 NaN NaN NaN 173.63966 -113.27596 -16.19158 266.46814 -156.78279 -90.35945 NaN NaN NaN 70.47429 -132.58763 -34.63773 -18.95427 -146.58324 -128.49931
1022 2.31528 NaN NaN NaN 173.64261 -113.32004 -16.18348 266.45026 -156.81284 -90.41133 NaN NaN NaN 70.47765 -132.56361 -34.63906 -18.98025 -146.55975 -128.53685
1023 2.32362 NaN NaN NaN 173.63638 -113.34898 -16.14754 266.44690 -156.80981 -90.43592 NaN NaN NaN 70.46790 -132.54794 -34.64092 -18.96829 -146.59148 -128.53072
1024 2.33196 NaN NaN NaN 173.64415 -113.39573 -16.11643 266.43573 -156.82127 -90.47850 NaN NaN NaN 70.46813 -132.55917 -34.62215 -18.96579 -146.59964 -128.49950
1025 2.34031 NaN NaN NaN 173.67448 -113.46080 -16.09104 266.43396 -156.79828 -90.50857 NaN NaN NaN 70.45937 -132.55083 -34.62434 -18.95168 -146.60684 -128.50278
1026 2.34865 NaN NaN NaN 173.68411 -113.53571 -16.07591 266.42596 -156.80278 -90.52715 NaN NaN NaN 70.44714 -132.53096 -34.60974 -18.97434 -146.60872 -128.48196
1027 2.35699 NaN NaN NaN 173.67659 -113.53139 -16.07762 266.43472 -156.80220 -90.53072 NaN NaN NaN 70.44556 -132.49924 -34.60725 -18.95661 -146.62044 -128.46252
1028 2.36533 NaN NaN NaN 173.69749 -113.50767 -16.05698 266.43231 -156.77348 -90.52586 NaN NaN NaN 70.44717 -132.46028 -34.59472 -18.97851 -146.59534 -128.45699
1029 2.37367 NaN NaN NaN 173.71440 -113.50562 -15.98959 266.43930 -156.74799 -90.53030 NaN NaN NaN 70.44982 -132.44186 -34.58469 -18.96051 -146.58316 -128.48264
1030 2.38201 NaN NaN NaN 173.73024 -113.52108 -15.95005 266.41397 -156.73351 -90.54336 NaN NaN NaN 70.46442 -132.43585 -34.57197 -18.96482 -146.56677 -128.47385
1031 2.39036 NaN NaN NaN 173.76537 -113.55431 -15.90834 266.41733 -156.71317 -90.55428 NaN NaN NaN 70.46185 -132.44737 -34.57766 -18.94379 -146.54141 -128.47202
1032 2.39870 NaN NaN NaN 173.78972 -113.59223 -15.85991 266.41815 -156.73184 -90.55998 NaN NaN NaN 70.46908 -132.42276 -34.57689 -18.94307 -146.53691 -128.46136
1033 2.40704 NaN NaN NaN 173.82393 -113.62783 -15.80833 266.42221 -156.72021 -90.56532 NaN NaN NaN 70.47288 -132.42387 -34.58302 -18.94372 -146.49591 -128.49216
1034 2.41538 NaN NaN NaN 173.84438 -113.65468 -15.78717 266.39740 -156.71486 -90.59863 NaN NaN NaN 70.48022 -132.41588 -34.57583 -18.94826 -146.48392 -128.49771
1035 2.42372 NaN NaN NaN 173.83875 -113.68328 -15.76104 266.40240 -156.68814 -90.62309 NaN NaN NaN 70.46057 -132.41331 -34.59377 -18.93273 -146.48135 -128.49734
1036 2.43206 NaN NaN NaN 173.88144 -113.73022 -15.71890 266.41406 -156.67876 -90.66951 NaN NaN NaN 70.46712 -132.38142 -34.60660 -18.93542 -146.46698 -128.51479
1037 2.44041 NaN NaN NaN 173.92226 -113.76449 -15.68345 266.42615 -156.66748 -90.70039 NaN NaN NaN 70.47556 -132.36497 -34.63616 -18.92735 -146.46965 -128.51637
1038 2.44875 NaN NaN NaN 173.94814 -113.80012 -15.67255 266.42740 -156.64949 -90.72919 NaN NaN NaN 70.49975 -132.35660 -34.65325 -18.92736 -146.45088 -128.52040
1039 2.45709 NaN NaN NaN 173.96967 -113.82729 -15.65520 266.43842 -156.64294 -90.75911 NaN NaN NaN 70.51014 -132.35741 -34.65257 -18.93041 -146.44321 -128.53468
1040 2.46543 NaN NaN NaN 173.97685 -113.85531 -15.65188 266.42917 -156.65390 -90.77338 NaN NaN NaN 70.51424 -132.35455 -34.66602 -18.90192 -146.41949 -128.54631
1041 2.47377 NaN NaN NaN 173.98666 -113.86823 -15.62786 266.42703 -156.66583 -90.76340 NaN NaN NaN 70.51691 -132.36066 -34.66829 -18.91039 -146.39467 -128.53967
1042 2.48212 NaN NaN NaN 173.97809 -113.87795 -15.62837 266.42627 -156.64990 -90.77338 NaN NaN NaN 70.53187 -132.35867 -34.67670 -18.90769 -146.40311 -128.53468
1043 2.49046 NaN NaN NaN 173.99283 -113.89767 -15.60464 266.42557 -156.63330 -90.77470 NaN NaN NaN 70.54726 -132.35931 -34.69078 -18.89773 -146.41531 -128.53094
1044 2.49880 NaN NaN NaN 173.98027 -113.89918 -15.60703 266.41641 -156.65422 -90.78043 NaN NaN NaN 70.56200 -132.35637 -34.69218 -18.89462 -146.42278 -128.52895
1045 2.50714 NaN NaN NaN 173.99692 -113.90848 -15.58507 266.42047 -156.63696 -90.77230 NaN NaN NaN 70.56105 -132.35858 -34.70654 -18.92343 -146.40704 -128.57117
1046 2.51548 NaN NaN NaN 174.00475 -113.92846 -15.57729 266.41855 -156.63652 -90.77997 NaN NaN NaN 70.57938 -132.35931 -34.69942 -18.90252 -146.39789 -128.53995
1047 2.52382 NaN NaN NaN 174.03732 -113.93828 -15.53939 266.42847 -156.63153 -90.78525 NaN NaN NaN 70.60061 -132.35474 -34.72881 -18.89384 -146.40248 -128.54094
1048 2.53217 NaN NaN NaN 174.07100 -113.95908 -15.52641 266.41730 -156.62801 -90.78838 NaN NaN NaN 70.62634 -132.33974 -34.73342 -18.90093 -146.40182 -128.50487
1049 2.54051 NaN NaN NaN 174.08966 -113.99283 -15.50350 266.42294 -156.63750 -90.78882 NaN NaN NaN 70.61906 -132.32468 -34.74937 -18.89893 -146.40588 -128.51971
1050 2.54885 NaN NaN NaN 174.11964 -114.05534 -15.44788 266.42288 -156.64445 -90.79053 NaN NaN NaN 70.65057 -132.33141 -34.74399 -18.88164 -146.43300 -128.55362
1051 2.55719 NaN NaN NaN 174.16039 -114.07595 -15.41275 266.43323 -156.63145 -90.79667 NaN NaN NaN 70.63641 -132.32919 -34.74297 -18.89464 -146.43538 -128.54512
1052 2.56553 NaN NaN NaN 174.19487 -114.13074 -15.38117 266.44290 -156.64702 -90.79285 NaN NaN NaN 70.63584 -132.34651 -34.74581 -18.89243 -146.42058 -128.52562
1053 2.57388 NaN NaN NaN 174.21770 -114.14468 -15.35669 266.45419 -156.67268 -90.79143 NaN NaN NaN 70.64934 -132.35112 -34.73872 -18.88657 -146.44427 -128.52539
1054 2.58222 NaN NaN NaN 174.24272 -114.16687 -15.32352 266.46329 -156.68562 -90.79288 NaN NaN NaN 70.66050 -132.35913 -34.73116 -18.88692 -146.44807 -128.52930
1055 2.59056 NaN NaN NaN 174.24933 -114.19083 -15.31781 266.46893 -156.71078 -90.78468 NaN NaN NaN 70.66513 -132.37535 -34.73711 -18.87958 -146.47401 -128.52982
1056 2.59890 NaN NaN NaN 174.27634 -114.19994 -15.30526 266.47556 -156.70764 -90.79082 NaN NaN NaN 70.66998 -132.37384 -34.73262 -18.86952 -146.48860 -128.51231
1057 2.60724 NaN NaN NaN 174.29414 -114.24382 -15.29377 266.49893 -156.75418 -90.77363 NaN NaN NaN 70.66829 -132.39946 -34.72847 -18.87981 -146.48737 -128.52171
1058 2.61558 NaN NaN NaN 174.30902 -114.26499 -15.26582 266.51361 -156.77621 -90.77124 NaN NaN NaN 70.67604 -132.41060 -34.73736 -18.86445 -146.50612 -128.50659
1059 2.62393 NaN NaN NaN 174.31741 -114.27653 -15.28447 266.51096 -156.76212 -90.77815 NaN NaN NaN 70.66473 -132.42291 -34.74426 -18.86269 -146.51332 -128.50613
1060 2.63227 NaN NaN NaN 174.32663 -114.26441 -15.27226 266.51773 -156.78366 -90.76749 NaN NaN NaN 70.67034 -132.42914 -34.74523 -18.86207 -146.51605 -128.51091
1061 2.64061 NaN NaN NaN 174.33731 -114.25078 -15.30963 266.52304 -156.76006 -90.77048 NaN NaN NaN 70.68995 -132.46222 -34.74065 -18.87520 -146.53926 -128.56256
1062 2.64895 NaN NaN NaN 174.33444 -114.21742 -15.31434 266.53333 -156.76379 -90.76745 NaN NaN NaN 70.70586 -132.48219 -34.74654 -18.84948 -146.52119 -128.53693
1063 2.65729 NaN NaN NaN 174.31203 -114.18643 -15.33576 266.53183 -156.76627 -90.75371 NaN NaN NaN 70.70362 -132.50711 -34.74635 -18.85064 -146.55016 -128.50137
1064 2.66564 NaN NaN NaN 174.27917 -114.14544 -15.33440 266.53198 -156.76859 -90.74708 NaN NaN NaN 70.72575 -132.52083 -34.75928 -18.86054 -146.55316 -128.50244
1065 2.67398 NaN NaN NaN 174.25597 -114.12464 -15.36399 266.52374 -156.76172 -90.73055 NaN NaN NaN 70.73793 -132.53241 -34.76692 -18.83574 -146.57343 -128.51848
1066 2.68232 NaN NaN NaN 174.23529 -114.08713 -15.38447 266.51608 -156.75104 -90.72241 NaN NaN NaN 70.74603 -132.52568 -34.76501 -18.86154 -146.55307 -128.55788
1067 2.69066 NaN NaN NaN 174.22192 -114.03685 -15.43550 266.51083 -156.74164 -90.67224 NaN NaN NaN 70.73467 -132.52829 -34.77208 -18.85307 -146.56804 -128.53284
1068 2.69900 NaN NaN NaN 174.18925 -114.01665 -15.44365 266.50534 -156.74194 -90.64349 NaN NaN NaN 70.75433 -132.54424 -34.77494 -18.87136 -146.52580 -128.55338
1069 2.70734 NaN NaN NaN 174.14839 -113.94872 -15.48736 266.50992 -156.74590 -90.64805 NaN NaN NaN 70.75143 -132.55107 -34.78463 -18.85813 -146.54808 -128.53059
1070 2.71569 NaN NaN NaN 174.13016 -113.91460 -15.52063 266.51245 -156.76041 -90.67062 NaN NaN NaN 70.75829 -132.57324 -34.78609 -18.85478 -146.52631 -128.52632
1071 2.72403 NaN NaN NaN 174.09605 -113.86519 -15.54298 266.50192 -156.72920 -90.62889 NaN NaN NaN 70.75560 -132.57285 -34.79094 -18.86288 -146.54820 -128.51868
1072 2.73237 NaN NaN NaN 174.04214 -113.80289 -15.59477 266.47385 -156.71779 -90.60671 NaN NaN NaN 70.75915 -132.58122 -34.78479 -18.85104 -146.52808 -128.53729
1073 2.74071 NaN NaN NaN 174.00899 -113.75605 -15.61397 266.46808 -156.70775 -90.58041 NaN NaN NaN 70.78784 -132.59590 -34.77989 -18.85673 -146.52347 -128.52438
1074 2.74905 NaN NaN NaN 173.97491 -113.68362 -15.66469 266.45581 -156.70351 -90.57084 NaN NaN NaN 70.78636 -132.58900 -34.78640 -18.84377 -146.48135 -128.54529
1075 2.75739 NaN NaN NaN 173.92030 -113.59313 -15.70135 266.44370 -156.70770 -90.54627 NaN NaN NaN 70.78750 -132.55948 -34.79171 -18.83244 -146.49524 -128.55174
1076 2.76574 NaN NaN NaN 173.87318 -113.51573 -15.75505 266.42590 -156.70462 -90.53544 NaN NaN NaN 70.79028 -132.55029 -34.80487 -18.83194 -146.48900 -128.50691
1077 2.77408 NaN NaN NaN 173.85085 -113.42265 -15.80231 266.41681 -156.68875 -90.52684 NaN NaN NaN 70.80160 -132.53403 -34.81046 -18.84570 -146.48648 -128.51527
1078 2.78242 NaN NaN NaN 173.82805 -113.37091 -15.84617 266.41074 -156.65211 -90.53394 NaN NaN NaN 70.80859 -132.54402 -34.80473 -18.83574 -146.49294 -128.50182
1079 2.79076 NaN NaN NaN 173.79736 -113.29253 -15.88195 266.39960 -156.62593 -90.51529 NaN NaN NaN 70.81537 -132.53563 -34.81066 -18.83375 -146.46278 -128.55632
1080 2.79910 NaN NaN NaN 173.77896 -113.24921 -15.90848 266.39569 -156.62065 -90.49380 NaN NaN NaN 70.81084 -132.53435 -34.80353 -18.83293 -146.46301 -128.53935
1081 2.80745 NaN NaN NaN 173.74855 -113.21146 -15.92509 266.37643 -156.59464 -90.43961 NaN NaN NaN 70.79008 -132.50934 -34.82410 -18.83562 -146.44687 -128.52254
1082 2.81579 NaN NaN NaN 173.72639 -113.18889 -15.93659 266.37476 -156.57234 -90.43548 NaN NaN NaN 70.77949 -132.49748 -34.80821 -18.83359 -146.43358 -128.50128
1083 2.82413 NaN NaN NaN 173.72963 -113.18074 -15.93641 266.36328 -156.58835 -90.42531 NaN NaN NaN 70.79141 -132.50726 -34.80099 -18.83599 -146.42627 -128.52716
1084 2.83247 NaN NaN NaN 173.71838 -113.16406 -15.93567 266.36597 -156.60309 -90.44539 NaN NaN NaN 70.78905 -132.49225 -34.79063 -18.83081 -146.40733 -128.54079
1085 2.84081 NaN NaN NaN 173.71375 -113.15483 -15.93808 266.36887 -156.58578 -90.40991 NaN NaN NaN 70.78304 -132.48996 -34.78978 -18.83034 -146.40337 -128.53857
1086 2.84915 NaN NaN NaN 173.70787 -113.15060 -15.92867 266.36578 -156.57486 -90.40356 NaN NaN NaN 70.78389 -132.48203 -34.78096 -18.82580 -146.41353 -128.53514
1087 2.85750 NaN NaN NaN 173.72281 -113.15775 -15.91632 266.35703 -156.57953 -90.35281 NaN NaN NaN 70.78246 -132.46518 -34.77575 -18.82366 -146.40231 -128.54086
1088 2.86584 NaN NaN NaN 173.71547 -113.14827 -15.91757 266.35144 -156.58357 -90.33652 NaN NaN NaN 70.78561 -132.44460 -34.77989 -18.82560 -146.41023 -128.52661
1089 2.87418 NaN NaN NaN 173.70453 -113.13457 -15.91323 266.34506 -156.60081 -90.31370 NaN NaN NaN 70.76938 -132.42075 -34.78383 -18.81344 -146.38948 -128.54398
1090 2.88252 NaN NaN NaN 173.68011 -113.10706 -15.91277 266.33978 -156.61003 -90.31512 NaN NaN NaN 70.75398 -132.39879 -34.79316 -18.82130 -146.37605 -128.53525
1091 2.89086 NaN NaN NaN 173.66908 -113.09557 -15.91823 266.33133 -156.58665 -90.30984 NaN NaN NaN 70.76135 -132.40813 -34.77837 -18.83352 -146.38921 -128.53448
1092 2.89921 NaN NaN NaN 173.68243 -113.07671 -15.92037 266.33521 -156.57820 -90.29802 NaN NaN NaN 70.77660 -132.42372 -34.77209 -18.83329 -146.40755 -128.52007
1093 2.90755 NaN NaN NaN 173.65759 -113.06961 -15.93063 266.32437 -156.58095 -90.28868 NaN NaN NaN 70.76548 -132.41695 -34.77238 -18.83713 -146.38170 -128.56372
1094 2.91589 NaN NaN NaN 173.64249 -113.05075 -15.93389 266.32968 -156.59923 -90.27071 NaN NaN NaN 70.76416 -132.41859 -34.77470 -18.82685 -146.40010 -128.54306
1095 2.92423 NaN NaN NaN 173.64893 -113.04517 -15.94693 266.33041 -156.60088 -90.27550 NaN NaN NaN 70.76688 -132.40437 -34.77277 -18.82973 -146.41100 -128.52467
1096 2.93257 NaN NaN NaN 173.64731 -113.07064 -15.94724 266.35794 -156.61249 -90.24490 NaN NaN NaN 70.77890 -132.41728 -34.76447 -18.82099 -146.41663 -128.51778
1097 2.94091 NaN NaN NaN 173.64435 -113.07120 -15.94932 266.35422 -156.60440 -90.24524 NaN NaN NaN 70.79082 -132.43748 -34.76738 -18.82279 -146.41063 -128.51541
1098 2.94926 NaN NaN NaN 173.65527 -113.08212 -15.94406 266.35394 -156.60841 -90.23246 NaN NaN NaN 70.81548 -132.45657 -34.77176 -18.83185 -146.43376 -128.51590
1099 2.95760 NaN NaN NaN 173.66246 -113.08507 -15.94109 266.34409 -156.60854 -90.24241 NaN NaN NaN 70.81900 -132.48373 -34.75909 -18.84260 -146.43137 -128.52379
1100 2.96594 NaN NaN NaN 173.65860 -113.08255 -15.94136 266.35339 -156.63263 -90.22536 NaN NaN NaN 70.82326 -132.49078 -34.75536 -18.83160 -146.43944 -128.50490
1101 2.97428 NaN NaN NaN 173.64735 -113.08419 -15.95902 266.34955 -156.63757 -90.23906 NaN NaN NaN 70.82095 -132.50482 -34.77060 -18.82366 -146.45262 -128.49606
1102 2.98262 NaN NaN NaN 173.65274 -113.08404 -15.95820 266.36426 -156.63121 -90.22971 NaN NaN NaN 70.82602 -132.51349 -34.76646 -18.81470 -146.45837 -128.48650
1103 2.99096 NaN NaN NaN 173.62987 -113.10075 -15.95690 266.35693 -156.62817 -90.24110 NaN NaN NaN 70.82557 -132.51570 -34.77616 -18.83011 -146.46039 -128.50581
1104 2.99931 NaN NaN NaN 173.64061 -113.10720 -15.94225 266.36667 -156.62405 -90.23819 NaN NaN NaN 70.81969 -132.51485 -34.77010 -18.83061 -146.47466 -128.49857
1105 3.00765 NaN NaN NaN 173.62743 -113.09902 -15.94715 266.36417 -156.65161 -90.21233 NaN NaN NaN 70.82182 -132.52913 -34.78312 -18.83077 -146.47939 -128.50897
1106 3.01599 NaN NaN NaN 173.62329 -113.11534 -15.95968 266.37411 -156.66602 -90.20567 NaN NaN NaN 70.82566 -132.54475 -34.78156 -18.81781 -146.48579 -128.49051
1107 3.02433 NaN NaN NaN 173.62663 -113.10175 -15.96014 266.36789 -156.68805 -90.18881 NaN NaN NaN 70.83141 -132.55370 -34.78885 -18.81422 -146.46092 -128.52812
1108 3.03267 NaN NaN NaN 173.62755 -113.12702 -15.95368 266.36417 -156.70087 -90.19954 NaN NaN NaN 70.82761 -132.57268 -34.79063 -18.82920 -146.47443 -128.52872
1109 3.04102 NaN NaN NaN 173.63164 -113.13815 -15.93411 266.36829 -156.69051 -90.19527 NaN NaN NaN 70.82920 -132.57903 -34.78772 -18.84276 -146.47244 -128.56918
1110 3.04936 NaN NaN NaN 173.62573 -113.15882 -15.94232 266.37515 -156.68811 -90.19839 NaN NaN NaN 70.83569 -132.58615 -34.77961 -18.84548 -146.46811 -128.56067
1111 3.05770 NaN NaN NaN 173.61847 -113.16386 -15.94182 266.36417 -156.68478 -90.17757 NaN NaN NaN 70.82975 -132.58517 -34.79337 -18.84392 -146.46759 -128.59175
1112 3.06604 NaN NaN NaN 173.63332 -113.16005 -15.93474 266.37274 -156.69171 -90.18063 NaN NaN NaN 70.82584 -132.58287 -34.79858 -18.82871 -146.48064 -128.53044
1113 3.07438 NaN NaN NaN 173.63351 -113.18159 -15.93286 266.37759 -156.69646 -90.18386 NaN NaN NaN 70.82781 -132.58490 -34.79626 -18.81161 -146.49397 -128.52327
1114 3.08272 NaN NaN NaN 173.63170 -113.17899 -15.93197 266.38461 -156.70802 -90.18555 NaN NaN NaN 70.82658 -132.58859 -34.79978 -18.81018 -146.50673 -128.51535
1115 3.09107 NaN NaN NaN 173.62689 -113.18201 -15.92435 266.37634 -156.71785 -90.17823 NaN NaN NaN 70.81763 -132.58632 -34.80122 -18.81345 -146.49109 -128.52502
1116 3.09941 NaN NaN NaN 173.63322 -113.19395 -15.93083 266.37378 -156.71414 -90.19139 NaN NaN NaN 70.81682 -132.58524 -34.80704 -18.82014 -146.48584 -128.52663
1117 3.10775 NaN NaN NaN 173.62241 -113.19617 -15.93807 266.37900 -156.72913 -90.20318 NaN NaN NaN 70.82005 -132.58620 -34.80831 -18.82784 -146.44852 -128.54790
