Frame# Time LH1 LH2 LH3 RH1 RH2 RH3
X54 Y54 Z54 X55 Y55 Z55 X56 Y56 Z56 X57 Y57 Z57 X58 Y58 Z58 X59 Y59 Z59
5341 0.00307 NaN NaN NaN 135.64626 -137.13832 -62.39310 243.24268 -188.04846 -105.56262 NaN NaN NaN 87.30103 -149.66386 -83.32315 -23.40635 -218.34119 -89.72340
5342 0.01142 NaN NaN NaN 135.62369 -137.11061 -62.41331 243.22169 -188.04663 -105.54961 NaN NaN NaN 87.32497 -149.63951 -83.31330 -23.38164 -218.31398 -89.74196
5343 0.01976 NaN NaN NaN 135.60835 -137.07674 -62.44052 243.20435 -188.06848 -105.54206 NaN NaN NaN 87.32035 -149.65039 -83.32809 -23.34892 -218.31787 -89.72841
5344 0.02810 NaN NaN NaN 135.60031 -137.06171 -62.44471 243.18454 -188.08783 -105.53909 NaN NaN NaN 87.32605 -149.63821 -83.30862 -23.32969 -218.31339 -89.69669
5345 0.03644 NaN NaN NaN 135.58951 -137.04301 -62.44705 243.19252 -188.08377 -105.53189 NaN NaN NaN 87.33135 -149.63387 -83.33369 -23.33422 -218.30299 -89.70766
5346 0.04479 NaN NaN NaN 135.57632 -137.05467 -62.44842 243.18442 -188.07907 -105.51716 NaN NaN NaN 87.34546 -149.61723 -83.32552 -23.32305 -218.29770 -89.69598
5347 0.05313 NaN NaN NaN 135.56291 -137.06084 -62.43643 243.20036 -188.07593 -105.52499 NaN NaN NaN 87.34248 -149.62141 -83.32477 -23.34738 -218.29138 -89.69907
5348 0.06147 NaN NaN NaN 135.55956 -137.06166 -62.43784 243.17632 -188.07410 -105.51826 NaN NaN NaN 87.35087 -149.62155 -83.30873 -23.31677 -218.29861 -89.68768
5349 0.06981 NaN NaN NaN 135.57379 -137.04158 -62.42881 243.17807 -188.08492 -105.52214 NaN NaN NaN 87.36877 -149.63861 -83.30474 -23.30841 -218.30209 -89.69248
5350 0.07816 NaN NaN NaN 135.57335 -137.05016 -62.42640 243.18010 -188.09709 -105.51314 NaN NaN NaN 87.35809 -149.62665 -83.28915 -23.29560 -218.32008 -89.68462
5351 0.08650 NaN NaN NaN 135.56924 -137.06569 -62.42241 243.16078 -188.11154 -105.49775 NaN NaN NaN 87.35434 -149.62119 -83.30823 -23.33912 -218.30965 -89.69936
5352 0.09484 NaN NaN NaN 135.56941 -137.06313 -62.41935 243.15497 -188.09430 -105.49800 NaN NaN NaN 87.35933 -149.60725 -83.30611 -23.28916 -218.30127 -89.68633
5353 0.10319 NaN NaN NaN 135.56680 -137.06061 -62.41376 243.15631 -188.09515 -105.48402 NaN NaN NaN 87.37093 -149.60657 -83.32083 -23.32530 -218.28595 -89.68298
5354 0.11153 NaN NaN NaN 135.56772 -137.06659 -62.42121 243.15384 -188.08960 -105.48827 NaN NaN NaN 87.36939 -149.59850 -83.31454 -23.28082 -218.28239 -89.68929
5355 0.11987 NaN NaN NaN 135.57629 -137.06076 -62.41925 243.15199 -188.11394 -105.48472 NaN NaN NaN 87.36932 -149.61159 -83.32057 -23.30804 -218.27599 -89.68813
5356 0.12821 NaN NaN NaN 135.57341 -137.05826 -62.40545 243.15057 -188.12311 -105.48519 NaN NaN NaN 87.37906 -149.60777 -83.30676 -23.27209 -218.28526 -89.68206
5357 0.13656 NaN NaN NaN 135.56422 -137.06175 -62.40536 243.15305 -188.11488 -105.46714 NaN NaN NaN 87.37523 -149.60466 -83.29680 -23.25686 -218.29453 -89.67820
5358 0.14490 NaN NaN NaN 135.55635 -137.05205 -62.41077 243.14461 -188.12541 -105.46860 NaN NaN NaN 87.37724 -149.59557 -83.29874 -23.27639 -218.30247 -89.68574
5359 0.15324 NaN NaN NaN 135.56148 -137.05333 -62.41379 243.14113 -188.12383 -105.46032 NaN NaN NaN 87.38780 -149.61577 -83.31260 -23.26633 -218.29321 -89.67364
5360 0.16158 NaN NaN NaN 135.55322 -137.04454 -62.41953 243.12920 -188.12332 -105.46073 NaN NaN NaN 87.40992 -149.60324 -83.30739 -23.18101 -218.28593 -89.64518
5361 0.16993 NaN NaN NaN 135.55495 -137.02307 -62.41750 243.12346 -188.12457 -105.45250 NaN NaN NaN 87.41004 -149.59299 -83.28980 -23.19853 -218.26863 -89.62785
5362 0.17827 NaN NaN NaN 135.53360 -137.00061 -62.42823 243.12125 -188.12476 -105.45440 NaN NaN NaN 87.40392 -149.59137 -83.29362 -23.16287 -218.27567 -89.65337
5363 0.18661 NaN NaN NaN 135.52043 -136.98654 -62.42784 243.10173 -188.14171 -105.44378 NaN NaN NaN 87.39384 -149.60423 -83.29169 -23.20668 -218.27190 -89.66674
5364 0.19496 NaN NaN NaN 135.51854 -136.99376 -62.43291 243.10155 -188.14146 -105.45902 NaN NaN NaN 87.40726 -149.63058 -83.32218 -23.25905 -218.28632 -89.68439
5365 0.20330 NaN NaN NaN 135.51860 -137.01595 -62.42382 243.10861 -188.13402 -105.45016 NaN NaN NaN 87.40275 -149.63678 -83.32809 -23.19749 -218.27118 -89.65634
5366 0.21164 NaN NaN NaN 135.51759 -137.00943 -62.42204 243.11504 -188.12877 -105.45586 NaN NaN NaN 87.40454 -149.61179 -83.30838 -23.20720 -218.28192 -89.66526
5367 0.21998 NaN NaN NaN 135.52599 -137.00732 -62.43438 243.08992 -188.15176 -105.43167 NaN NaN NaN 87.41235 -149.61618 -83.31493 -23.22295 -218.26244 -89.66695
5368 0.22833 NaN NaN NaN 135.52638 -136.97052 -62.43059 243.09084 -188.14442 -105.44501 NaN NaN NaN 87.42020 -149.59961 -83.31585 -23.17640 -218.23921 -89.66713
5369 0.23667 NaN NaN NaN 135.51631 -136.96394 -62.44771 243.08351 -188.16335 -105.42148 NaN NaN NaN 87.40897 -149.62253 -83.31983 -23.20201 -218.24475 -89.68498
5370 0.24501 NaN NaN NaN 135.50380 -136.95139 -62.45075 243.08739 -188.15228 -105.43582 NaN NaN NaN 87.42648 -149.59641 -83.31184 -23.18574 -218.25618 -89.66315
5371 0.25336 NaN NaN NaN 135.49933 -136.95313 -62.47484 243.07895 -188.15959 -105.41411 NaN NaN NaN 87.42250 -149.58698 -83.29648 -23.15170 -218.25772 -89.64426
5372 0.26170 NaN NaN NaN 135.49091 -136.93706 -62.47348 243.07642 -188.14438 -105.42667 NaN NaN NaN 87.42828 -149.57420 -83.29839 -23.15234 -218.24902 -89.64380
5373 0.27004 NaN NaN NaN 135.48096 -136.93156 -62.48554 243.08070 -188.14029 -105.41681 NaN NaN NaN 87.43195 -149.56642 -83.33096 -23.16860 -218.24486 -89.62139
5374 0.27838 NaN NaN NaN 135.48042 -136.92014 -62.49637 243.07132 -188.15086 -105.40934 NaN NaN NaN 87.44477 -149.55704 -83.31942 -23.12367 -218.23322 -89.64915
5375 0.28673 NaN NaN NaN 135.46306 -136.90488 -62.51113 243.06407 -188.14581 -105.40952 NaN NaN NaN 87.45343 -149.52504 -83.30254 -23.13722 -218.22536 -89.61868
5376 0.29507 NaN NaN NaN 135.46800 -136.89180 -62.51566 243.04681 -188.15230 -105.38916 NaN NaN NaN 87.45015 -149.51303 -83.29211 -23.13621 -218.21884 -89.63461
5377 0.30341 NaN NaN NaN 135.46039 -136.86931 -62.52416 243.03905 -188.15300 -105.37701 NaN NaN NaN 87.45648 -149.48921 -83.28664 -23.18488 -218.23369 -89.64367
5378 0.31175 NaN NaN NaN 135.46274 -136.87146 -62.51386 243.04166 -188.17084 -105.38513 NaN NaN NaN 87.46049 -149.50172 -83.27584 -23.18010 -218.22701 -89.63988
5379 0.32010 NaN NaN NaN 135.44441 -136.85219 -62.51188 243.04510 -188.16174 -105.37305 NaN NaN NaN 87.45369 -149.49757 -83.26164 -23.15104 -218.22684 -89.63659
5380 0.32844 NaN NaN NaN 135.44041 -136.83383 -62.51345 243.03894 -188.16811 -105.37049 NaN NaN NaN 87.45631 -149.50681 -83.27434 -23.12688 -218.21803 -89.64980
5381 0.33678 NaN NaN NaN 135.43640 -136.82191 -62.52198 243.03116 -188.17252 -105.36759 NaN NaN NaN 87.45596 -149.48930 -83.27061 -23.15723 -218.24092 -89.61774
5382 0.34513 NaN NaN NaN 135.44954 -136.81187 -62.52185 243.02843 -188.17068 -105.35560 NaN NaN NaN 87.45340 -149.48218 -83.25817 -23.15759 -218.24178 -89.62584
5383 0.35347 NaN NaN NaN 135.44341 -136.80675 -62.52278 243.02176 -188.17125 -105.36046 NaN NaN NaN 87.46301 -149.45667 -83.26949 -23.17237 -218.22556 -89.60303
5384 0.36181 NaN NaN NaN 135.43329 -136.78462 -62.51496 243.02463 -188.16690 -105.35852 NaN NaN NaN 87.45987 -149.44720 -83.27325 -23.13575 -218.22139 -89.62051
5385 0.37015 NaN NaN NaN 135.42326 -136.80109 -62.53106 243.01747 -188.16428 -105.36427 NaN NaN NaN 87.47311 -149.43915 -83.26388 -23.13698 -218.21762 -89.60498
5386 0.37850 NaN NaN NaN 135.42906 -136.78604 -62.52288 243.01746 -188.16837 -105.35157 NaN NaN NaN 87.47228 -149.43694 -83.27354 -23.14016 -218.22293 -89.62725
5387 0.38684 NaN NaN NaN 135.43832 -136.78777 -62.53211 243.00816 -188.17992 -105.34954 NaN NaN NaN 87.48476 -149.43808 -83.26746 -23.08595 -218.21326 -89.58426
5388 0.39518 NaN NaN NaN 135.43811 -136.78134 -62.52687 243.00575 -188.17952 -105.34627 NaN NaN NaN 87.48963 -149.41307 -83.28015 -23.10659 -218.23033 -89.61600
5389 0.40352 NaN NaN NaN 135.42990 -136.80278 -62.52823 242.99469 -188.16318 -105.34592 NaN NaN NaN 87.47662 -149.38274 -83.29037 -23.09006 -218.23729 -89.59380
5390 0.41187 NaN NaN NaN 135.42157 -136.77118 -62.53124 243.00362 -188.16708 -105.35212 NaN NaN NaN 87.48106 -149.36494 -83.29755 -23.10606 -218.25128 -89.61201
5391 0.42021 NaN NaN NaN 135.42139 -136.79623 -62.54609 242.99515 -188.17769 -105.34604 NaN NaN NaN 87.47977 -149.36375 -83.30058 -23.05781 -218.23558 -89.57687
5392 0.42855 NaN NaN NaN 135.42500 -136.78741 -62.52501 243.01767 -188.18884 -105.34531 NaN NaN NaN 87.49294 -149.37048 -83.30578 -23.08623 -218.25064 -89.61308
5393 0.43690 NaN NaN NaN 135.43297 -136.80099 -62.53051 243.00571 -188.17949 -105.34678 NaN NaN NaN 87.49331 -149.36429 -83.29765 -23.06036 -218.22859 -89.60908
5394 0.44524 NaN NaN NaN 135.41347 -136.79730 -62.52528 243.01009 -188.17715 -105.35223 NaN NaN NaN 87.50089 -149.36050 -83.30930 -23.07912 -218.23427 -89.62902
5395 0.45358 NaN NaN NaN 135.40834 -136.81107 -62.53351 243.00569 -188.17328 -105.35403 NaN NaN NaN 87.49531 -149.35725 -83.30999 -23.11153 -218.24901 -89.62514
5396 0.46192 NaN NaN NaN 135.41058 -136.78818 -62.52655 243.01280 -188.19084 -105.35494 NaN NaN NaN 87.49547 -149.34224 -83.30750 -23.11833 -218.24623 -89.63123
5397 0.47027 NaN NaN NaN 135.43094 -136.79501 -62.53880 243.00659 -188.17729 -105.34309 NaN NaN NaN 87.49703 -149.33099 -83.32101 -23.12530 -218.23524 -89.60589
5398 0.47861 NaN NaN NaN 135.43446 -136.76949 -62.54042 243.02071 -188.18111 -105.33814 NaN NaN NaN 87.50879 -149.33632 -83.32794 -23.10068 -218.21562 -89.63537
5399 0.48695 NaN NaN NaN 135.42690 -136.77905 -62.54189 243.00601 -188.17546 -105.34768 NaN NaN NaN 87.50607 -149.32150 -83.33765 -23.09933 -218.24078 -89.61071
5400 0.49529 NaN NaN NaN 135.42810 -136.77391 -62.53892 243.00441 -188.18292 -105.35150 NaN NaN NaN 87.51027 -149.31740 -83.34528 -23.06567 -218.23305 -89.62682
5401 0.50364 NaN NaN NaN 135.42572 -136.77850 -62.54251 243.00587 -188.17192 -105.34776 NaN NaN NaN 87.50507 -149.28809 -83.34257 -23.08739 -218.21841 -89.60278
5402 0.51198 NaN NaN NaN 135.42421 -136.76700 -62.52828 243.00998 -188.17860 -105.34612 NaN NaN NaN 87.49670 -149.28780 -83.35283 -23.10532 -218.21599 -89.62542
5403 0.52032 NaN NaN NaN 135.42209 -136.77428 -62.53918 243.00636 -188.17670 -105.34721 NaN NaN NaN 87.48817 -149.27301 -83.35147 -23.07739 -218.20180 -89.59171
5404 0.52867 NaN NaN NaN 135.41415 -136.75842 -62.54257 243.01427 -188.17216 -105.35430 NaN NaN NaN 87.47674 -149.30063 -83.34378 -23.06322 -218.22044 -89.61870
5405 0.53701 NaN NaN NaN 135.42180 -136.74725 -62.55725 242.99953 -188.15977 -105.35138 NaN NaN NaN 87.48115 -149.30258 -83.33462 -23.11041 -218.23227 -89.61376
5406 0.54535 NaN NaN NaN 135.42578 -136.73155 -62.54625 243.01144 -188.15698 -105.35329 NaN NaN NaN 87.48160 -149.32877 -83.33724 -23.08668 -218.23267 -89.64596
5407 0.55369 NaN NaN NaN 135.43442 -136.74796 -62.55154 243.01372 -188.13777 -105.34862 NaN NaN NaN 87.48158 -149.33391 -83.32658 -23.06378 -218.22298 -89.62679
5408 0.56204 NaN NaN NaN 135.42714 -136.72755 -62.55286 243.02032 -188.13512 -105.34831 NaN NaN NaN 87.46768 -149.32069 -83.33038 -23.06588 -218.22403 -89.65533
5409 0.57038 NaN NaN NaN 135.42598 -136.72194 -62.54978 243.01158 -188.11601 -105.34550 NaN NaN NaN 87.45159 -149.32129 -83.32773 -23.08003 -218.22211 -89.64690
5410 0.57872 NaN NaN NaN 135.42026 -136.71545 -62.54664 243.01749 -188.14171 -105.34383 NaN NaN NaN 87.44260 -149.34163 -83.33855 -23.10806 -218.22404 -89.65215
5411 0.58706 NaN NaN NaN 135.42821 -136.72923 -62.54589 243.00941 -188.13696 -105.33848 NaN NaN NaN 87.43738 -149.34016 -83.34485 -23.17629 -218.22485 -89.63840
5412 0.59541 NaN NaN NaN 135.42589 -136.71112 -62.55003 243.01891 -188.14195 -105.33884 NaN NaN NaN 87.43546 -149.35036 -83.35573 -23.15385 -218.22116 -89.66155
5413 0.60375 NaN NaN NaN 135.43970 -136.71458 -62.54462 243.02312 -188.14142 -105.33517 NaN NaN NaN 87.43276 -149.34937 -83.35262 -23.11680 -218.20396 -89.66275
5414 0.61209 NaN NaN NaN 135.43622 -136.71941 -62.55293 243.02342 -188.15018 -105.33811 NaN NaN NaN 87.42989 -149.34534 -83.36671 -23.12812 -218.21620 -89.69988
5415 0.62044 NaN NaN NaN 135.45363 -136.74306 -62.55499 243.02779 -188.14418 -105.34635 NaN NaN NaN 87.41306 -149.36383 -83.39537 -23.15705 -218.21758 -89.68312
5416 0.62878 NaN NaN NaN 135.46275 -136.73378 -62.53797 243.02405 -188.15622 -105.34465 NaN NaN NaN 87.42287 -149.33896 -83.40237 -23.14869 -218.21553 -89.70262
5417 0.63712 NaN NaN NaN 135.45508 -136.73024 -62.53503 243.02554 -188.14844 -105.34685 NaN NaN NaN 87.41590 -149.34544 -83.40710 -23.19392 -218.21759 -89.68880
5418 0.64546 NaN NaN NaN 135.45398 -136.73177 -62.52893 243.02473 -188.14690 -105.33778 NaN NaN NaN 87.41655 -149.33202 -83.40553 -23.16571 -218.20425 -89.71095
5419 0.65381 NaN NaN NaN 135.46432 -136.71350 -62.52340 243.03094 -188.16798 -105.34245 NaN NaN NaN 87.41354 -149.34720 -83.40719 -23.19575 -218.19389 -89.70309
5420 0.66215 NaN NaN NaN 135.47237 -136.70572 -62.52304 243.02460 -188.16849 -105.32396 NaN NaN NaN 87.40956 -149.34291 -83.41464 -23.16119 -218.18581 -89.72038
5421 0.67049 NaN NaN NaN 135.48180 -136.70985 -62.51968 243.02760 -188.15787 -105.33293 NaN NaN NaN 87.40414 -149.33823 -83.42230 -23.19073 -218.19026 -89.72437
5422 0.67883 NaN NaN NaN 135.48233 -136.69908 -62.51662 243.04193 -188.16046 -105.32821 NaN NaN NaN 87.40923 -149.34377 -83.40958 -23.18150 -218.19182 -89.72739
5423 0.68718 NaN NaN NaN 135.47778 -136.71648 -62.50767 243.03729 -188.14577 -105.33633 NaN NaN NaN 87.40075 -149.34738 -83.38721 -23.18775 -218.20148 -89.72395
5424 0.69552 NaN NaN NaN 135.47945 -136.71783 -62.48259 243.03349 -188.15834 -105.33567 NaN NaN NaN 87.40678 -149.35361 -83.39112 -23.15290 -218.20074 -89.71484
5425 0.70386 NaN NaN NaN 135.48822 -136.72310 -62.46831 243.04413 -188.15334 -105.33230 NaN NaN NaN 87.41887 -149.36282 -83.40935 -23.19584 -218.21861 -89.68884
5426 0.71221 NaN NaN NaN 135.49284 -136.73055 -62.46497 243.04956 -188.13913 -105.32507 NaN NaN NaN 87.41988 -149.37460 -83.40495 -23.16688 -218.21518 -89.70897
5427 0.72055 NaN NaN NaN 135.49512 -136.73711 -62.46576 243.04430 -188.13850 -105.32263 NaN NaN NaN 87.41044 -149.37151 -83.40921 -23.20747 -218.22215 -89.70058
5428 0.72889 NaN NaN NaN 135.48785 -136.74144 -62.46351 243.05089 -188.15109 -105.29807 NaN NaN NaN 87.40346 -149.38074 -83.40878 -23.20706 -218.21613 -89.71365
5429 0.73723 NaN NaN NaN 135.49352 -136.72812 -62.46374 243.05208 -188.17238 -105.29688 NaN NaN NaN 87.40208 -149.40089 -83.41313 -23.21390 -218.21559 -89.69679
5430 0.74558 NaN NaN NaN 135.49709 -136.71458 -62.46784 243.05078 -188.18724 -105.28217 NaN NaN NaN 87.39912 -149.40598 -83.41402 -23.16978 -218.21854 -89.70534
5431 0.75392 NaN NaN NaN 135.48985 -136.73535 -62.47128 243.03925 -188.17783 -105.30310 NaN NaN NaN 87.39608 -149.41499 -83.41850 -23.16757 -218.21913 -89.68173
5432 0.76226 NaN NaN NaN 135.48134 -136.72453 -62.47747 243.04065 -188.16510 -105.28893 NaN NaN NaN 87.39435 -149.40741 -83.43895 -23.17463 -218.22295 -89.68099
5433 0.77061 NaN NaN NaN 135.49318 -136.73602 -62.47821 243.05009 -188.17557 -105.29469 NaN NaN NaN 87.38612 -149.41263 -83.43911 -23.16924 -218.23634 -89.67410
5434 0.77895 NaN NaN NaN 135.49280 -136.73894 -62.48227 243.04294 -188.16983 -105.27975 NaN NaN NaN 87.38252 -149.42125 -83.43703 -23.20499 -218.24028 -89.66484
5435 0.78729 NaN NaN NaN 135.48834 -136.75208 -62.46980 243.03677 -188.18073 -105.27348 NaN NaN NaN 87.37945 -149.42998 -83.42136 -23.21799 -218.24799 -89.69265
5436 0.79563 NaN NaN NaN 135.48929 -136.74973 -62.47131 243.03629 -188.19205 -105.27223 NaN NaN NaN 87.38811 -149.42236 -83.43224 -23.18220 -218.23689 -89.70956
5437 0.80398 NaN NaN NaN 135.48891 -136.76480 -62.47049 243.04492 -188.18510 -105.26003 NaN NaN NaN 87.38090 -149.42023 -83.43755 -23.20961 -218.23145 -89.71357
5438 0.81232 NaN NaN NaN 135.47275 -136.77420 -62.48439 243.05328 -188.17760 -105.29719 NaN NaN NaN 87.37102 -149.44470 -83.46716 -23.21720 -218.22391 -89.71411
5439 0.82066 NaN NaN NaN 135.48277 -136.78566 -62.47403 243.05699 -188.19058 -105.27961 NaN NaN NaN 87.37104 -149.43657 -83.47529 -23.22866 -218.22595 -89.70126
5440 0.82900 NaN NaN NaN 135.46744 -136.77319 -62.48646 243.03432 -188.18576 -105.27675 NaN NaN NaN 87.36105 -149.43674 -83.49974 -23.19061 -218.23471 -89.69611
5441 0.83735 NaN NaN NaN 135.47238 -136.79678 -62.47784 243.03569 -188.19012 -105.29045 NaN NaN NaN 87.37448 -149.44649 -83.53088 -23.21950 -218.23773 -89.69677
5442 0.84569 NaN NaN NaN 135.45451 -136.80345 -62.47881 243.03183 -188.18117 -105.30147 NaN NaN NaN 87.36163 -149.44659 -83.55240 -23.25304 -218.23843 -89.72235
5443 0.85403 NaN NaN NaN 135.46579 -136.81798 -62.46735 243.04706 -188.18993 -105.29147 NaN NaN NaN 87.37034 -149.46512 -83.54523 -23.24203 -218.23988 -89.67306
5444 0.86238 NaN NaN NaN 135.46152 -136.81583 -62.47062 243.04918 -188.20343 -105.27864 NaN NaN NaN 87.36074 -149.46294 -83.55854 -23.24264 -218.22820 -89.69445
5445 0.87072 NaN NaN NaN 135.46396 -136.82091 -62.47049 243.04530 -188.21324 -105.28512 NaN NaN NaN 87.35514 -149.43964 -83.57253 -23.24171 -218.21222 -89.70223
5446 0.87906 NaN NaN NaN 135.44937 -136.79897 -62.47511 243.03302 -188.19606 -105.27844 NaN NaN NaN 87.34875 -149.40955 -83.58891 -23.17540 -218.22087 -89.69205
5447 0.88740 NaN NaN NaN 135.44899 -136.80402 -62.48027 243.02818 -188.19766 -105.28519 NaN NaN NaN 87.35364 -149.40750 -83.59843 -23.22776 -218.23436 -89.69329
5448 0.89575 NaN NaN NaN 135.43469 -136.79675 -62.49178 243.03447 -188.19081 -105.28387 NaN NaN NaN 87.35721 -149.39839 -83.61048 -23.23989 -218.22229 -89.68693
5449 0.90409 NaN NaN NaN 135.45096 -136.81183 -62.48760 243.03825 -188.19003 -105.29979 NaN NaN NaN 87.34890 -149.39133 -83.60480 -23.22900 -218.22266 -89.69320
5450 0.91243 NaN NaN NaN 135.44319 -136.81468 -62.47779 243.03049 -188.18657 -105.28401 NaN NaN NaN 87.37215 -149.36871 -83.63196 -23.18001 -218.21222 -89.69021
5451 0.92077 NaN NaN NaN 135.46317 -136.81508 -62.47947 243.03786 -188.18481 -105.30556 NaN NaN NaN 87.37910 -149.34364 -83.66792 -23.23440 -218.19887 -89.69719
5452 0.92912 NaN NaN NaN 135.45676 -136.82524 -62.47308 243.04701 -188.16774 -105.30433 NaN NaN NaN 87.38074 -149.32651 -83.67915 -23.17176 -218.19794 -89.67997
5453 0.93746 NaN NaN NaN 135.47101 -136.83240 -62.46754 243.05754 -188.18127 -105.31918 NaN NaN NaN 87.38759 -149.31773 -83.69230 -23.14520 -218.19014 -89.63276
5454 0.94580 NaN NaN NaN 135.47758 -136.86511 -62.46109 243.06883 -188.17349 -105.31396 NaN NaN NaN 87.38186 -149.31735 -83.72124 -23.14290 -218.19261 -89.63860
5455 0.95415 NaN NaN NaN 135.49582 -136.87950 -62.43960 243.07161 -188.16479 -105.32848 NaN NaN NaN 87.38697 -149.30299 -83.72762 -23.16879 -218.21010 -89.62023
5456 0.96249 NaN NaN NaN 135.50279 -136.89043 -62.43813 243.08272 -188.15356 -105.34988 NaN NaN NaN 87.39391 -149.29002 -83.74662 -23.16569 -218.21333 -89.62959
5457 0.97083 NaN NaN NaN 135.51723 -136.90297 -62.42794 243.09212 -188.15053 -105.34898 NaN NaN NaN 87.42056 -149.27225 -83.75217 -23.16471 -218.21416 -89.60179
5458 0.97917 NaN NaN NaN 135.51274 -136.91800 -62.42654 243.08998 -188.15727 -105.34157 NaN NaN NaN 87.41985 -149.25761 -83.75450 -23.14773 -218.21242 -89.62379
5459 0.98752 NaN NaN NaN 135.51385 -136.92818 -62.41431 243.10117 -188.15941 -105.33948 NaN NaN NaN 87.43132 -149.24466 -83.75547 -23.13833 -218.21631 -89.58090
5460 0.99586 NaN NaN NaN 135.51500 -136.92224 -62.41096 243.10060 -188.14099 -105.35926 NaN NaN NaN 87.43236 -149.22736 -83.76214 -23.14958 -218.21419 -89.61210
5461 1.00420 NaN NaN NaN 135.52451 -136.92186 -62.40631 243.10924 -188.13330 -105.36092 NaN NaN NaN 87.44357 -149.22800 -83.77556 -23.16442 -218.19569 -89.59426
5462 1.01254 NaN NaN NaN 135.52411 -136.93034 -62.41442 243.12029 -188.13977 -105.36119 NaN NaN NaN 87.44225 -149.23364 -83.77869 -23.14274 -218.21272 -89.61533
5463 1.02089 NaN NaN NaN 135.53047 -136.93855 -62.41252 243.11610 -188.16389 -105.34983 NaN NaN NaN 87.45502 -149.24648 -83.78220 -23.11181 -218.19168 -89.59475
5464 1.02923 NaN NaN NaN 135.53838 -136.96773 -62.40576 243.11536 -188.16643 -105.34899 NaN NaN NaN 87.46592 -149.23331 -83.78034 -23.11151 -218.18352 -89.59776
5465 1.03757 NaN NaN NaN 135.53487 -136.98300 -62.41349 243.11800 -188.16170 -105.34489 NaN NaN NaN 87.46907 -149.23413 -83.77660 -23.10102 -218.16772 -89.56252
5466 1.04592 NaN NaN NaN 135.53383 -137.00226 -62.40457 243.14136 -188.14636 -105.35570 NaN NaN NaN 87.46770 -149.24736 -83.78112 -23.12723 -218.19370 -89.61067
5467 1.05426 NaN NaN NaN 135.53838 -136.97974 -62.40311 243.12367 -188.15340 -105.35729 NaN NaN NaN 87.47422 -149.24527 -83.79196 -23.11927 -218.19107 -89.60207
5468 1.06260 NaN NaN NaN 135.54396 -137.00111 -62.40362 243.12480 -188.16937 -105.35027 NaN NaN NaN 87.48123 -149.25476 -83.79897 -23.13084 -218.21191 -89.62443
5469 1.07094 NaN NaN NaN 135.54727 -137.01558 -62.39614 243.13051 -188.17497 -105.34442 NaN NaN NaN 87.48080 -149.25237 -83.81164 -23.14585 -218.20619 -89.57274
5470 1.07929 NaN NaN NaN 135.54834 -137.02661 -62.40005 243.13667 -188.18077 -105.34531 NaN NaN NaN 87.47231 -149.24272 -83.82049 -23.13117 -218.22789 -89.60273
5471 1.08763 NaN NaN NaN 135.54808 -137.03038 -62.38136 243.12210 -188.19022 -105.33926 NaN NaN NaN 87.47844 -149.26279 -83.82623 -23.12336 -218.22346 -89.60809
5472 1.09597 NaN NaN NaN 135.53151 -137.04500 -62.38250 243.12146 -188.19435 -105.35347 NaN NaN NaN 87.47899 -149.25377 -83.83120 -23.12888 -218.22696 -89.62823
5473 1.10431 NaN NaN NaN 135.54063 -137.05829 -62.39550 243.12659 -188.19473 -105.35354 NaN NaN NaN 87.47655 -149.25667 -83.83542 -23.13423 -218.21249 -89.61920
5474 1.11266 NaN NaN NaN 135.54132 -137.06139 -62.40413 243.13475 -188.20824 -105.35575 NaN NaN NaN 87.47942 -149.26019 -83.84224 -23.13398 -218.22005 -89.62276
5475 1.12100 NaN NaN NaN 135.53741 -137.08182 -62.38897 243.12636 -188.20436 -105.35711 NaN NaN NaN 87.49777 -149.28323 -83.84220 -23.13359 -218.22391 -89.61115
5476 1.12934 NaN NaN NaN 135.53244 -137.08676 -62.39106 243.13684 -188.20360 -105.38688 NaN NaN NaN 87.49640 -149.27443 -83.84483 -23.13044 -218.23012 -89.62753
5477 1.13769 NaN NaN NaN 135.53505 -137.08698 -62.38926 243.12512 -188.20001 -105.38119 NaN NaN NaN 87.49908 -149.30270 -83.83483 -23.06871 -218.24509 -89.59852
5478 1.14603 NaN NaN NaN 135.53723 -137.10477 -62.38596 243.11916 -188.19897 -105.38654 NaN NaN NaN 87.49425 -149.29814 -83.84750 -23.09372 -218.24995 -89.62491
5479 1.15437 NaN NaN NaN 135.54710 -137.11057 -62.38936 243.10936 -188.21667 -105.36266 NaN NaN NaN 87.49915 -149.29868 -83.86708 -23.06033 -218.25208 -89.62291
5480 1.16271 NaN NaN NaN 135.53946 -137.10339 -62.39550 243.12485 -188.22386 -105.37726 NaN NaN NaN 87.48399 -149.29030 -83.88040 -23.10862 -218.24120 -89.65544
5481 1.17106 NaN NaN NaN 135.53400 -137.10442 -62.40752 243.13226 -188.22514 -105.38586 NaN NaN NaN 87.48994 -149.26682 -83.88795 -23.12935 -218.23706 -89.63005
5482 1.17940 NaN NaN NaN 135.53870 -137.10457 -62.40502 243.13803 -188.22862 -105.39532 NaN NaN NaN 87.48813 -149.27275 -83.90119 -23.06994 -218.23769 -89.65111
5483 1.18774 NaN NaN NaN 135.52446 -137.10942 -62.40797 243.12764 -188.22137 -105.37663 NaN NaN NaN 87.50060 -149.26613 -83.91655 -23.03567 -218.25777 -89.63860
5484 1.19609 NaN NaN NaN 135.51938 -137.10732 -62.40082 243.13524 -188.22133 -105.39179 NaN NaN NaN 87.49281 -149.27255 -83.92055 -23.08514 -218.25056 -89.64175
5485 1.20443 NaN NaN NaN 135.53044 -137.11499 -62.41209 243.12376 -188.23903 -105.38712 NaN NaN NaN 87.50178 -149.25163 -83.93560 -23.08630 -218.22565 -89.61327
5486 1.21277 NaN NaN NaN 135.52446 -137.11897 -62.42045 243.13208 -188.21510 -105.39867 NaN NaN NaN 87.49960 -149.26866 -83.92641 -23.12796 -218.22672 -89.65948
5487 1.22111 NaN NaN NaN 135.51433 -137.10501 -62.42575 243.11876 -188.21681 -105.38434 NaN NaN NaN 87.50453 -149.26624 -83.94048 -23.13096 -218.20540 -89.63773
5488 1.22946 NaN NaN NaN 135.52618 -137.08792 -62.43982 243.12502 -188.21266 -105.40291 NaN NaN NaN 87.50062 -149.26370 -83.95045 -23.06701 -218.21021 -89.64140
5489 1.23780 NaN NaN NaN 135.50946 -137.08331 -62.43792 243.12570 -188.21954 -105.39313 NaN NaN NaN 87.49440 -149.25020 -83.94054 -23.01961 -218.21072 -89.62282
5490 1.24614 NaN NaN NaN 135.51456 -137.08258 -62.43907 243.12747 -188.21739 -105.39837 NaN NaN NaN 87.49522 -149.24179 -83.96214 -23.03812 -218.20859 -89.61789
5491 1.25448 NaN NaN NaN 135.52350 -137.09230 -62.42658 243.12099 -188.21780 -105.38961 NaN NaN NaN 87.51005 -149.23967 -83.95901 -23.02796 -218.22472 -89.60236
5492 1.26283 NaN NaN NaN 135.52031 -137.10112 -62.42508 243.13322 -188.20241 -105.41228 NaN NaN NaN 87.50802 -149.24774 -83.95620 -23.06021 -218.20718 -89.63027
5493 1.27117 NaN NaN NaN 135.51872 -137.10374 -62.42315 243.13414 -188.18932 -105.39514 NaN NaN NaN 87.51030 -149.24713 -83.93705 -23.06869 -218.18181 -89.61906
5494 1.27951 NaN NaN NaN 135.52266 -137.10289 -62.44179 243.13872 -188.18053 -105.41051 NaN NaN NaN 87.50671 -149.23491 -83.95921 -23.03504 -218.19009 -89.64413
5495 1.28786 NaN NaN NaN 135.51300 -137.09183 -62.43750 243.12730 -188.18875 -105.40102 NaN NaN NaN 87.51795 -149.23244 -83.94996 -23.05493 -218.19452 -89.63838
5496 1.29620 NaN NaN NaN 135.51807 -137.07130 -62.44511 243.13652 -188.19104 -105.40969 NaN NaN NaN 87.52295 -149.23784 -83.95383 -23.07909 -218.20238 -89.64497
5497 1.30454 NaN NaN NaN 135.52623 -137.08932 -62.43970 243.12875 -188.19203 -105.40029 NaN NaN NaN 87.52184 -149.24785 -83.94543 -23.03381 -218.19864 -89.62032
5498 1.31288 NaN NaN NaN 135.52672 -137.08635 -62.45458 243.14206 -188.19908 -105.41890 NaN NaN NaN 87.52039 -149.25426 -83.93455 -23.07570 -218.20189 -89.64368
5499 1.32123 NaN NaN NaN 135.52243 -137.09926 -62.43864 243.12288 -188.19940 -105.40320 NaN NaN NaN 87.52908 -149.25795 -83.91734 -23.06622 -218.20261 -89.61642
5500 1.32957 NaN NaN NaN 135.52031 -137.09970 -62.44445 243.13417 -188.19431 -105.41553 NaN NaN NaN 87.52308 -149.24207 -83.91582 -23.03373 -218.19650 -89.64163
5501 1.33791 NaN NaN NaN 135.50891 -137.09482 -62.44154 243.12766 -188.19133 -105.39711 NaN NaN NaN 87.53441 -149.23289 -83.90886 -23.02406 -218.19180 -89.63360
5502 1.34625 NaN NaN NaN 135.52100 -137.08185 -62.44508 243.13966 -188.19061 -105.40608 NaN NaN NaN 87.52592 -149.24777 -83.91179 -23.07168 -218.20049 -89.65382
5503 1.35460 NaN NaN NaN 135.52034 -137.07655 -62.43643 243.12544 -188.19246 -105.39738 NaN NaN NaN 87.53805 -149.24847 -83.88792 -23.08692 -218.19600 -89.64025
5504 1.36294 NaN NaN NaN 135.52473 -137.07527 -62.44447 243.14273 -188.18857 -105.41164 NaN NaN NaN 87.54020 -149.24747 -83.86105 -23.09937 -218.19334 -89.66263
5505 1.37128 NaN NaN NaN 135.52144 -137.09148 -62.42549 243.13113 -188.19409 -105.39147 NaN NaN NaN 87.55009 -149.24631 -83.85149 -23.07145 -218.17502 -89.65664
5506 1.37963 NaN NaN NaN 135.52051 -137.10741 -62.41560 243.14287 -188.18906 -105.40914 NaN NaN NaN 87.56296 -149.26064 -83.84403 -23.01777 -218.17323 -89.64758
5507 1.38797 NaN NaN NaN 135.52153 -137.11287 -62.41797 243.12880 -188.19261 -105.40107 NaN NaN NaN 87.57119 -149.28339 -83.83012 -22.99799 -218.17113 -89.64048
5508 1.39631 NaN NaN NaN 135.54082 -137.11151 -62.42001 243.14363 -188.18396 -105.41518 NaN NaN NaN 87.57281 -149.28725 -83.82061 -23.00868 -218.16661 -89.65287
5509 1.40465 NaN NaN NaN 135.52968 -137.10013 -62.41732 243.12367 -188.19196 -105.39252 NaN NaN NaN 87.57526 -149.25519 -83.81770 -23.04233 -218.15515 -89.63188
5510 1.41300 NaN NaN NaN 135.52974 -137.09552 -62.42724 243.13440 -188.17924 -105.41593 NaN NaN NaN 87.56705 -149.25446 -83.81181 -23.03351 -218.16988 -89.66602
5511 1.42134 NaN NaN NaN 135.52489 -137.09045 -62.43245 243.12292 -188.19025 -105.40636 NaN NaN NaN 87.57089 -149.25636 -83.80141 -23.01460 -218.17613 -89.63663
5512 1.42968 NaN NaN NaN 135.52473 -137.09485 -62.43402 243.13611 -188.18248 -105.42522 NaN NaN NaN 87.57641 -149.25414 -83.80128 -23.01105 -218.17450 -89.64883
5513 1.43802 NaN NaN NaN 135.53600 -137.10718 -62.42667 243.12430 -188.19705 -105.39990 NaN NaN NaN 87.57919 -149.24863 -83.80052 -22.99623 -218.16730 -89.62987
5514 1.44637 NaN NaN NaN 135.52679 -137.09193 -62.43124 243.14098 -188.19455 -105.41347 NaN NaN NaN 87.59441 -149.25433 -83.79411 -22.99675 -218.15205 -89.66134
5515 1.45471 NaN NaN NaN 135.52357 -137.09380 -62.42935 243.13129 -188.20778 -105.39449 NaN NaN NaN 87.59294 -149.25789 -83.79046 -23.02176 -218.14949 -89.62801
5516 1.46305 NaN NaN NaN 135.52074 -137.09055 -62.43018 243.14223 -188.20087 -105.41592 NaN NaN NaN 87.59297 -149.25482 -83.78497 -23.00562 -218.15770 -89.65616
5517 1.47140 NaN NaN NaN 135.52895 -137.09390 -62.42842 243.14343 -188.20241 -105.40650 NaN NaN NaN 87.60105 -149.25195 -83.78440 -23.00961 -218.14880 -89.65039
5518 1.47974 NaN NaN NaN 135.54295 -137.10716 -62.43071 243.13817 -188.19565 -105.41408 NaN NaN NaN 87.60886 -149.24483 -83.77991 -22.97548 -218.15787 -89.65557
5519 1.48808 NaN NaN NaN 135.53181 -137.11111 -62.42632 243.12440 -188.20744 -105.39102 NaN NaN NaN 87.60342 -149.23517 -83.77210 -22.98076 -218.13945 -89.61957
5520 1.49642 NaN NaN NaN 135.52176 -137.09647 -62.43412 243.13538 -188.19684 -105.41363 NaN NaN NaN 87.61433 -149.25465 -83.74728 -22.97293 -218.15312 -89.62719
5521 1.50477 NaN NaN NaN 135.52644 -137.09427 -62.42519 243.14072 -188.19270 -105.40467 NaN NaN NaN 87.62476 -149.25662 -83.73888 -23.00146 -218.15245 -89.65495
5522 1.51311 NaN NaN NaN 135.51680 -137.09956 -62.42679 243.15596 -188.19359 -105.41699 NaN NaN NaN 87.63726 -149.26595 -83.70140 -22.98128 -218.13795 -89.67563
5523 1.52145 NaN NaN NaN 135.52196 -137.11794 -62.41749 243.13847 -188.19534 -105.41334 NaN NaN NaN 87.64339 -149.26163 -83.67850 -22.93420 -218.14116 -89.66584
5524 1.52979 NaN NaN NaN 135.53015 -137.10487 -62.42538 243.14000 -188.18768 -105.41927 NaN NaN NaN 87.63976 -149.27966 -83.70114 -22.93108 -218.13792 -89.67609
5525 1.53814 NaN NaN NaN 135.51300 -137.08588 -62.43050 243.12070 -188.18536 -105.41150 NaN NaN NaN 87.62214 -149.25533 -83.69193 -22.94898 -218.15288 -89.66232
5526 1.54648 NaN NaN NaN 135.51042 -137.08653 -62.43492 243.13319 -188.19051 -105.42374 NaN NaN NaN 87.65388 -149.28160 -83.65434 -22.93181 -218.15543 -89.68732
5527 1.55482 NaN NaN NaN 135.50426 -137.10580 -62.43072 243.10483 -188.20522 -105.40418 NaN NaN NaN 87.65813 -149.29834 -83.62639 -22.94358 -218.14526 -89.68533
5528 1.56317 NaN NaN NaN 135.50560 -137.10152 -62.43432 243.11682 -188.19893 -105.42252 NaN NaN NaN 87.66702 -149.32538 -83.60363 -22.95306 -218.13507 -89.73127
5529 1.57151 NaN NaN NaN 135.50850 -137.11667 -62.43191 243.11452 -188.19800 -105.41419 NaN NaN NaN 87.65329 -149.32973 -83.58753 -23.00076 -218.13335 -89.75334
5530 1.57985 NaN NaN NaN 135.51051 -137.12572 -62.42419 243.12543 -188.19189 -105.42571 NaN NaN NaN 87.65282 -149.34546 -83.57956 -23.00360 -218.13185 -89.76564
5531 1.58819 NaN NaN NaN 135.49513 -137.14850 -62.41256 243.10542 -188.20023 -105.41442 NaN NaN NaN 87.65387 -149.35559 -83.56569 -23.00931 -218.13666 -89.74341
5532 1.59654 NaN NaN NaN 135.48711 -137.14574 -62.41996 243.10965 -188.20305 -105.41666 NaN NaN NaN 87.66978 -149.34552 -83.55197 -22.92949 -218.14063 -89.72899
5533 1.60488 NaN NaN NaN 135.48665 -137.13954 -62.41167 243.09654 -188.20688 -105.41100 NaN NaN NaN 87.67152 -149.34174 -83.53836 -22.93273 -218.15764 -89.76986
5534 1.61322 NaN NaN NaN 135.48927 -137.11699 -62.42207 243.10268 -188.20012 -105.43047 NaN NaN NaN 87.66775 -149.35411 -83.53854 -22.96780 -218.16412 -89.79208
5535 1.62156 NaN NaN NaN 135.48911 -137.13609 -62.41074 243.08777 -188.20502 -105.41733 NaN NaN NaN 87.68301 -149.36105 -83.51743 -22.99338 -218.15213 -89.80663
5536 1.62991 NaN NaN NaN 135.48303 -137.14822 -62.41308 243.10945 -188.19447 -105.43697 NaN NaN NaN 87.67860 -149.35255 -83.49842 -22.95015 -218.13007 -89.79730
5537 1.63825 NaN NaN NaN 135.48933 -137.16031 -62.39718 243.09906 -188.20169 -105.42052 NaN NaN NaN 87.66524 -149.35112 -83.46220 -22.98561 -218.13248 -89.77168
5538 1.64659 NaN NaN NaN 135.48790 -137.15355 -62.41113 243.09573 -188.18770 -105.43460 NaN NaN NaN 87.67532 -149.32054 -83.39417 -22.96046 -218.13155 -89.77372
5539 1.65494 NaN NaN NaN 135.47975 -137.15538 -62.40134 243.09291 -188.19800 -105.42284 NaN NaN NaN 87.67420 -149.30377 -83.37706 -22.95239 -218.14612 -89.79199
5540 1.66328 NaN NaN NaN 135.47679 -137.12909 -62.42007 243.10823 -188.19637 -105.43188 NaN NaN NaN 87.68333 -149.29228 -83.36097 -22.92057 -218.13113 -89.80906
5541 1.67162 NaN NaN NaN 135.47755 -137.11522 -62.41784 243.09833 -188.19778 -105.42620 NaN NaN NaN 87.71378 -149.30846 -83.35332 -22.95031 -218.14188 -89.81942
5542 1.67996 NaN NaN NaN 135.47604 -137.11479 -62.42263 243.09383 -188.17429 -105.44247 NaN NaN NaN 87.72646 -149.30907 -83.32555 -22.92675 -218.12714 -89.81790
5543 1.68831 NaN NaN NaN 135.47211 -137.12160 -62.41480 243.07750 -188.17638 -105.43452 NaN NaN NaN 87.75486 -149.32947 -83.26297 -22.93911 -218.10727 -89.83544
5544 1.69665 NaN NaN NaN 135.46922 -137.11131 -62.41067 243.07256 -188.17537 -105.43999 NaN NaN NaN 87.76592 -149.34796 -83.20342 -22.93708 -218.08163 -89.85710
5545 1.70499 NaN NaN NaN 135.47632 -137.12386 -62.40355 243.08377 -188.17862 -105.43699 NaN NaN NaN 87.77918 -149.35283 -83.17764 -22.93348 -218.07576 -89.88236
5546 1.71334 NaN NaN NaN 135.46686 -137.12645 -62.40651 243.08110 -188.18303 -105.44205 NaN NaN NaN 87.78416 -149.35675 -83.16972 -22.92879 -218.06444 -89.87907
5547 1.72168 NaN NaN NaN 135.44702 -137.13153 -62.39073 243.05675 -188.18137 -105.42065 NaN NaN NaN 87.78015 -149.37166 -83.16859 -22.94072 -218.08554 -89.88945
5548 1.73002 NaN NaN NaN 135.46100 -137.13403 -62.38263 243.06491 -188.18466 -105.43769 NaN NaN NaN 87.80478 -149.40407 -83.12901 -22.93703 -218.06056 -89.90876
5549 1.73836 NaN NaN NaN 135.46368 -137.14261 -62.37025 243.06358 -188.19743 -105.42493 NaN NaN NaN 87.79797 -149.39352 -83.13251 -22.95655 -218.05920 -89.91566
5550 1.74671 NaN NaN NaN 135.46320 -137.13896 -62.36135 243.07048 -188.20387 -105.43415 NaN NaN NaN 87.81309 -149.40648 -83.15299 -22.93253 -218.02893 -89.90599
5551 1.75505 NaN NaN NaN 135.47246 -137.15610 -62.35469 243.06601 -188.21106 -105.42369 NaN NaN NaN 87.81964 -149.38680 -83.17865 -22.95045 -218.04720 -89.93769
5552 1.76339 NaN NaN NaN 135.45511 -137.15965 -62.35115 243.06543 -188.20613 -105.43047 NaN NaN NaN 87.81454 -149.37778 -83.19526 -22.91150 -218.04164 -89.97561
5553 1.77173 NaN NaN NaN 135.46114 -137.16275 -62.34760 243.06149 -188.20911 -105.41837 NaN NaN NaN 87.80408 -149.36047 -83.19834 -22.92066 -218.04286 -89.98679
5554 1.78008 NaN NaN NaN 135.46039 -137.15472 -62.34144 243.05498 -188.19879 -105.41890 NaN NaN NaN 87.80381 -149.36499 -83.19543 -22.91646 -218.04126 -89.98360
5555 1.78842 NaN NaN NaN 135.46916 -137.13873 -62.33162 243.05070 -188.19830 -105.40955 NaN NaN NaN 87.81316 -149.35841 -83.21003 -22.91933 -218.04181 -89.98499
5556 1.79676 NaN NaN NaN 135.46027 -137.13020 -62.33768 243.05611 -188.18721 -105.41679 NaN NaN NaN 87.80910 -149.36552 -83.20719 -22.90991 -218.02499 -90.00794
5557 1.80511 NaN NaN NaN 135.45810 -137.12015 -62.34372 243.05421 -188.19688 -105.41406 NaN NaN NaN 87.81181 -149.36354 -83.22445 -22.91485 -218.03130 -90.01304
5558 1.81345 NaN NaN NaN 135.46211 -137.14789 -62.32877 243.05437 -188.20673 -105.40532 NaN NaN NaN 87.81990 -149.37366 -83.23476 -22.90335 -218.02866 -90.01192
5559 1.82179 NaN NaN NaN 135.47836 -137.16876 -62.31160 243.05678 -188.20824 -105.38867 NaN NaN NaN 87.82915 -149.36896 -83.24577 -22.90769 -218.01788 -90.02841
5560 1.83013 NaN NaN NaN 135.47064 -137.18948 -62.31626 243.06702 -188.21530 -105.40430 NaN NaN NaN 87.83104 -149.36328 -83.25529 -22.90329 -218.01932 -90.02053
5561 1.83848 NaN NaN NaN 135.49504 -137.19669 -62.28434 243.06456 -188.22565 -105.39879 NaN NaN NaN 87.83040 -149.36725 -83.26043 -22.87704 -218.02090 -90.04086
5562 1.84682 NaN NaN NaN 135.47897 -137.20468 -62.28038 243.06494 -188.23257 -105.41129 NaN NaN NaN 87.81852 -149.36337 -83.29053 -22.87621 -218.01666 -90.03645
5563 1.85516 NaN NaN NaN 135.49693 -137.20885 -62.28285 243.07593 -188.23218 -105.41428 NaN NaN NaN 87.81739 -149.35568 -83.30918 -22.87951 -218.02951 -90.03931
5564 1.86350 NaN NaN NaN 135.49423 -137.20883 -62.29705 243.07489 -188.23183 -105.41566 NaN NaN NaN 87.81261 -149.34946 -83.32536 -22.88583 -218.00740 -90.04736
5565 1.87185 NaN NaN NaN 135.50354 -137.21529 -62.27784 243.07941 -188.23648 -105.39926 NaN NaN NaN 87.78652 -149.37236 -83.38862 -22.91212 -218.01517 -90.06541
5566 1.88019 NaN NaN NaN 135.49501 -137.21083 -62.28420 243.07530 -188.23586 -105.40538 NaN NaN NaN 87.78718 -149.37099 -83.37867 -22.88754 -218.01399 -90.07024
5567 1.88853 NaN NaN NaN 135.49538 -137.21045 -62.27986 243.07706 -188.23601 -105.39654 NaN NaN NaN 87.78217 -149.36134 -83.37943 -22.94227 -218.02814 -90.10085
5568 1.89688 NaN NaN NaN 135.49959 -137.19398 -62.28987 243.07901 -188.23039 -105.41016 NaN NaN NaN 87.77782 -149.34538 -83.37051 -22.93133 -218.02213 -90.07718
5569 1.90522 NaN NaN NaN 135.51050 -137.19995 -62.29205 243.08020 -188.24605 -105.40125 NaN NaN NaN 87.77197 -149.35103 -83.41316 -22.94236 -218.02580 -90.06723
5570 1.91356 NaN NaN NaN 135.49757 -137.19615 -62.30414 243.07848 -188.24359 -105.40420 NaN NaN NaN 87.76769 -149.34361 -83.39423 -22.93171 -218.03436 -90.05931
5571 1.92190 NaN NaN NaN 135.49863 -137.18976 -62.29404 243.07880 -188.24867 -105.40028 NaN NaN NaN 87.75204 -149.35294 -83.38614 -22.93397 -218.04494 -90.06722
5572 1.93025 NaN NaN NaN 135.50049 -137.19130 -62.29395 243.07735 -188.24132 -105.40907 NaN NaN NaN 87.76598 -149.34061 -83.37055 -22.91704 -218.04111 -90.06221
5573 1.93859 NaN NaN NaN 135.52434 -137.17052 -62.29196 243.08858 -188.23433 -105.39693 NaN NaN NaN 87.76409 -149.36659 -83.38286 -22.92752 -218.05385 -90.06124
5574 1.94693 NaN NaN NaN 135.52531 -137.17708 -62.29301 243.08072 -188.23976 -105.40625 NaN NaN NaN 87.76583 -149.33408 -83.38247 -22.91936 -218.02275 -90.07066
5575 1.95527 NaN NaN NaN 135.53270 -137.15567 -62.30201 243.08429 -188.23175 -105.39600 NaN NaN NaN 87.75726 -149.33478 -83.39749 -22.94605 -218.02307 -90.06330
5576 1.96362 NaN NaN NaN 135.53091 -137.12997 -62.31697 243.07468 -188.21754 -105.41007 NaN NaN NaN 87.74872 -149.32100 -83.40656 -22.93029 -218.00502 -90.07561
5577 1.97196 NaN NaN NaN 135.53006 -137.15533 -62.30310 243.08319 -188.21507 -105.41172 NaN NaN NaN 87.73698 -149.33720 -83.45615 -22.92422 -218.01053 -90.07339
5578 1.98030 NaN NaN NaN 135.51334 -137.16356 -62.29965 243.08221 -188.21535 -105.41824 NaN NaN NaN 87.74697 -149.30566 -83.48665 -22.90990 -218.00433 -90.06757
5579 1.98865 NaN NaN NaN 135.51857 -137.16646 -62.29251 243.08150 -188.22517 -105.40204 NaN NaN NaN 87.73550 -149.32860 -83.52460 -22.93209 -218.01134 -90.06265
5580 1.99699 NaN NaN NaN 135.52722 -137.12389 -62.31387 243.07985 -188.22467 -105.40045 NaN NaN NaN 87.73669 -149.28935 -83.51658 -22.91608 -218.01015 -90.06052
5581 2.00533 NaN NaN NaN 135.53096 -137.14041 -62.31807 243.08769 -188.22128 -105.39315 NaN NaN NaN 87.73865 -149.28868 -83.54026 -22.91885 -218.00304 -90.05888
5582 2.01367 NaN NaN NaN 135.52330 -137.11577 -62.33236 243.07770 -188.22314 -105.41118 NaN NaN NaN 87.73500 -149.28574 -83.55927 -22.90606 -218.00029 -90.05782
5583 2.02202 NaN NaN NaN 135.51639 -137.13182 -62.32057 243.07860 -188.21861 -105.40650 NaN NaN NaN 87.73647 -149.29770 -83.56337 -22.89243 -217.98616 -90.04965
5584 2.03036 NaN NaN NaN 135.52380 -137.14362 -62.31495 243.07776 -188.21919 -105.40388 NaN NaN NaN 87.73183 -149.28714 -83.56767 -22.89307 -217.98808 -90.04451
5585 2.03870 NaN NaN NaN 135.53360 -137.15923 -62.29153 243.08221 -188.21341 -105.39720 NaN NaN NaN 87.73288 -149.29214 -83.55836 -22.88657 -217.98000 -90.05583
5586 2.04704 NaN NaN NaN 135.51994 -137.16368 -62.29802 243.09372 -188.21320 -105.40876 NaN NaN NaN 87.73411 -149.27567 -83.55949 -22.89896 -217.97386 -90.07539
5587 2.05539 NaN NaN NaN 135.53169 -137.13602 -62.28212 243.09221 -188.20744 -105.40784 NaN NaN NaN 87.73970 -149.25549 -83.56104 -22.91093 -217.95564 -90.07269
5588 2.06373 NaN NaN NaN 135.53015 -137.12209 -62.28703 243.08095 -188.20476 -105.40619 NaN NaN NaN 87.73612 -149.24608 -83.54779 -22.90358 -217.95052 -90.05846
5589 2.07207 NaN NaN NaN 135.53172 -137.09886 -62.29221 243.08687 -188.21330 -105.39464 NaN NaN NaN 87.74828 -149.23801 -83.53745 -22.89849 -217.96323 -90.05282
5590 2.08042 NaN NaN NaN 135.52734 -137.09471 -62.29265 243.07710 -188.20645 -105.40058 NaN NaN NaN 87.74908 -149.22389 -83.51368 -22.90517 -217.95718 -90.05182
5591 2.08876 NaN NaN NaN 135.51071 -137.07495 -62.29545 243.07925 -188.21248 -105.39330 NaN NaN NaN 87.75035 -149.21251 -83.49845 -22.88014 -217.95859 -90.06875
5592 2.09710 NaN NaN NaN 135.51656 -137.06898 -62.30828 243.08461 -188.19875 -105.40703 NaN NaN NaN 87.75542 -149.21263 -83.44954 -22.88393 -217.96388 -90.05930
5593 2.10544 NaN NaN NaN 135.53113 -137.06557 -62.29446 243.07347 -188.19952 -105.40203 NaN NaN NaN 87.74741 -149.22740 -83.41627 -22.89651 -217.97906 -90.05030
5594 2.11379 NaN NaN NaN 135.53903 -137.06476 -62.27496 243.06688 -188.18942 -105.39681 NaN NaN NaN 87.74803 -149.24333 -83.37440 -22.87492 -217.96559 -90.05885
5595 2.12213 NaN NaN NaN 135.53381 -137.06136 -62.27496 243.07094 -188.19983 -105.39198 NaN NaN NaN 87.74838 -149.26436 -83.38622 -22.87765 -217.97865 -90.05286
5596 2.13047 NaN NaN NaN 135.53073 -137.05888 -62.28948 243.07939 -188.20313 -105.39159 NaN NaN NaN 87.75221 -149.24200 -83.34989 -22.89123 -217.96971 -90.04186
5597 2.13882 NaN NaN NaN 135.53040 -137.06462 -62.28859 243.09613 -188.21504 -105.39835 NaN NaN NaN 87.77110 -149.25349 -83.32369 -22.85166 -217.95943 -90.05211
5598 2.14716 NaN NaN NaN 135.54631 -137.05527 -62.27173 243.09117 -188.20648 -105.40557 NaN NaN NaN 87.79362 -149.26772 -83.29538 -22.87704 -217.96848 -90.04034
5599 2.15550 NaN NaN NaN 135.54433 -137.06207 -62.27514 243.09517 -188.19946 -105.40276 NaN NaN NaN 87.79967 -149.27859 -83.27835 -22.88460 -217.97012 -90.04891
5600 2.16384 NaN NaN NaN 135.54749 -137.06458 -62.27824 243.09602 -188.19778 -105.39284 NaN NaN NaN 87.78942 -149.28239 -83.26486 -22.88925 -217.97200 -90.04472
5601 2.17219 NaN NaN NaN 135.55608 -137.05830 -62.27901 243.09161 -188.20483 -105.39637 NaN NaN NaN 87.77393 -149.27908 -83.25048 -22.89075 -217.96906 -90.04311
5602 2.18053 NaN NaN NaN 135.55089 -137.05011 -62.28220 243.09021 -188.19304 -105.39488 NaN NaN NaN 87.78269 -149.27179 -83.24649 -22.88142 -217.96552 -90.04720
5603 2.18887 NaN NaN NaN 135.55156 -137.05179 -62.28740 243.10106 -188.17453 -105.39632 NaN NaN NaN 87.77718 -149.25751 -83.24396 -22.87206 -217.96132 -90.05395
5604 2.19721 NaN NaN NaN 135.55136 -137.03520 -62.26917 243.09756 -188.16426 -105.39948 NaN NaN NaN 87.77357 -149.24788 -83.24955 -22.87323 -217.95692 -90.05198
5605 2.20556 NaN NaN NaN 135.56313 -137.03261 -62.25333 243.09492 -188.15948 -105.40700 NaN NaN NaN 87.79848 -149.25970 -83.23959 -22.86733 -217.95512 -90.05505
5606 2.21390 NaN NaN NaN 135.55438 -137.02075 -62.26323 243.08948 -188.18977 -105.39285 NaN NaN NaN 87.79839 -149.24803 -83.23252 -22.87375 -217.93697 -90.05341
5607 2.22224 NaN NaN NaN 135.54506 -137.03117 -62.26981 243.08629 -188.18895 -105.39742 NaN NaN NaN 87.78825 -149.23338 -83.22226 -22.83812 -217.94304 -90.06208
5608 2.23059 NaN NaN NaN 135.55620 -137.01649 -62.26329 243.07544 -188.19450 -105.38017 NaN NaN NaN 87.77734 -149.22055 -83.21307 -22.85009 -217.94197 -90.04630
5609 2.23893 NaN NaN NaN 135.55261 -137.01552 -62.27547 243.07788 -188.18358 -105.38978 NaN NaN NaN 87.78715 -149.23125 -83.20640 -22.85243 -217.94070 -90.04527
5610 2.24727 NaN NaN NaN 135.53691 -136.99716 -62.29434 243.08350 -188.19200 -105.37725 NaN NaN NaN 87.79965 -149.24727 -83.19212 -22.85053 -217.94263 -90.02979
5611 2.25561 NaN NaN NaN 135.53011 -137.00543 -62.28497 243.06651 -188.19594 -105.36813 NaN NaN NaN 87.78812 -149.25462 -83.17159 -22.86028 -217.94994 -90.04478
5612 2.26396 NaN NaN NaN 135.53427 -137.00046 -62.30455 243.06035 -188.18408 -105.37149 NaN NaN NaN 87.79134 -149.26476 -83.16760 -22.85658 -217.95291 -90.03511
5613 2.27230 NaN NaN NaN 135.52907 -137.01862 -62.29710 243.05885 -188.18672 -105.38728 NaN NaN NaN 87.78606 -149.25754 -83.16709 -22.85637 -217.94920 -90.04353
5614 2.28064 NaN NaN NaN 135.51730 -137.00668 -62.31916 243.04805 -188.20451 -105.37451 NaN NaN NaN 87.78384 -149.25618 -83.17667 -22.84636 -217.95799 -90.04483
5615 2.28898 NaN NaN NaN 135.51694 -136.99730 -62.32126 243.05342 -188.21278 -105.36572 NaN NaN NaN 87.77314 -149.25058 -83.17371 -22.84979 -217.96751 -90.04528
5616 2.29733 NaN NaN NaN 135.52422 -136.99800 -62.32627 243.04323 -188.21432 -105.36668 NaN NaN NaN 87.78190 -149.26477 -83.15285 -22.86466 -217.95943 -90.05292
5617 2.30567 NaN NaN NaN 135.51927 -136.97649 -62.32261 243.04306 -188.19939 -105.36871 NaN NaN NaN 87.79543 -149.26508 -83.17141 -22.85389 -217.95041 -90.06030
5618 2.31401 NaN NaN NaN 135.51506 -136.96439 -62.35100 243.04788 -188.19919 -105.37772 NaN NaN NaN 87.80243 -149.27098 -83.15526 -22.86661 -217.95346 -90.03912
5619 2.32236 NaN NaN NaN 135.51447 -136.95840 -62.35126 243.05351 -188.19543 -105.36756 NaN NaN NaN 87.78253 -149.25671 -83.16882 -22.87672 -217.95807 -90.05133
5620 2.33070 NaN NaN NaN 135.49632 -136.95668 -62.36763 243.04706 -188.21492 -105.36392 NaN NaN NaN 87.77925 -149.24289 -83.17981 -22.87374 -217.95634 -90.03859
5621 2.33904 NaN NaN NaN 135.50021 -136.95749 -62.36953 243.05386 -188.20624 -105.36143 NaN NaN NaN 87.76493 -149.23103 -83.17942 -22.85304 -217.96405 -90.04314
5622 2.34738 NaN NaN NaN 135.50423 -136.96246 -62.36346 243.05339 -188.22141 -105.36261 NaN NaN NaN 87.79286 -149.24533 -83.16553 -22.82928 -217.96051 -90.04669
5623 2.35573 NaN NaN NaN 135.51540 -136.95436 -62.35881 243.05742 -188.22426 -105.35715 NaN NaN NaN 87.78754 -149.23761 -83.15550 -22.84055 -217.95975 -90.04196
5624 2.36407 NaN NaN NaN 135.51376 -136.94102 -62.37375 243.04510 -188.21036 -105.35729 NaN NaN NaN 87.78518 -149.24660 -83.15091 -22.85696 -217.96112 -90.02232
5625 2.37241 NaN NaN NaN 135.51051 -136.93611 -62.38585 243.04753 -188.21170 -105.35969 NaN NaN NaN 87.78412 -149.23302 -83.14175 -22.85795 -217.98514 -90.02293
5626 2.38075 NaN NaN NaN 135.51517 -136.93126 -62.38920 243.04239 -188.22041 -105.37034 NaN NaN NaN 87.78465 -149.25359 -83.09789 -22.86033 -217.99863 -90.01017
5627 2.38910 NaN NaN NaN 135.52431 -136.94693 -62.38291 243.04791 -188.21631 -105.36639 NaN NaN NaN 87.79333 -149.27661 -83.05543 -22.84401 -218.00063 -90.01717
5628 2.39744 NaN NaN NaN 135.52023 -136.94125 -62.39043 243.05190 -188.21645 -105.36059 NaN NaN NaN 87.80701 -149.29514 -83.01278 -22.82446 -217.99725 -90.02750
5629 2.40578 NaN NaN NaN 135.51883 -136.93411 -62.38195 243.06100 -188.22447 -105.35204 NaN NaN NaN 87.79484 -149.29195 -83.00287 -22.84237 -218.00279 -90.02734
5630 2.41413 NaN NaN NaN 135.50002 -136.92595 -62.38887 243.04315 -188.23024 -105.35205 NaN NaN NaN 87.79365 -149.32780 -82.98075 -22.86955 -218.00549 -90.02460
5631 2.42247 NaN NaN NaN 135.49702 -136.93239 -62.38751 243.04997 -188.23242 -105.35537 NaN NaN NaN 87.79700 -149.33591 -82.94389 -22.88812 -218.02707 -90.03038
5632 2.43081 NaN NaN NaN 135.51448 -136.93449 -62.38363 243.04974 -188.22255 -105.35738 NaN NaN NaN 87.77227 -149.32132 -82.93205 -22.88650 -218.01163 -90.04952
5633 2.43915 NaN NaN NaN 135.51091 -136.93379 -62.38144 243.05785 -188.23532 -105.36021 NaN NaN NaN 87.75381 -149.29968 -82.92427 -22.88490 -218.02647 -90.05632
5634 2.44750 NaN NaN NaN 135.51781 -136.93814 -62.37812 243.04623 -188.24117 -105.35154 NaN NaN NaN 87.76643 -149.32799 -82.87527 -22.89232 -218.02533 -90.09386
5635 2.45584 NaN NaN NaN 135.52779 -136.94618 -62.36376 243.05167 -188.24713 -105.35690 NaN NaN NaN 87.78140 -149.38361 -82.82150 -22.91277 -218.03201 -90.09047
5636 2.46418 NaN NaN NaN 135.52574 -136.95439 -62.36438 243.04506 -188.23801 -105.35686 NaN NaN NaN 87.79994 -149.43834 -82.77077 -22.89614 -218.03435 -90.08765
5637 2.47252 NaN NaN NaN 135.52045 -136.96277 -62.36021 243.04854 -188.23526 -105.35216 NaN NaN NaN 87.76785 -149.45227 -82.78667 -22.89893 -218.05896 -90.08170
5638 2.48087 NaN NaN NaN 135.52127 -136.97505 -62.36203 243.04253 -188.23929 -105.35260 NaN NaN NaN 87.75777 -149.43712 -82.78313 -22.90084 -218.06386 -90.08701
5639 2.48921 NaN NaN NaN 135.51712 -136.96846 -62.34203 243.04634 -188.23930 -105.34964 NaN NaN NaN 87.79044 -149.47505 -82.72897 -22.88320 -218.08499 -90.08711
5640 2.49755 NaN NaN NaN 135.50844 -136.97661 -62.35218 243.03900 -188.24391 -105.35588 NaN NaN NaN 87.79221 -149.46031 -82.75931 -22.87842 -218.10634 -90.07442
5641 2.50590 NaN NaN NaN 135.51413 -136.97591 -62.34304 243.03882 -188.24409 -105.34663 NaN NaN NaN 87.80783 -149.47830 -82.71907 -22.86901 -218.09547 -90.07907
5642 2.51424 NaN NaN NaN 135.51894 -136.97760 -62.35200 243.04359 -188.23486 -105.34924 NaN NaN NaN 87.82433 -149.50623 -82.70373 -22.83035 -218.07031 -90.08583
5643 2.52258 NaN NaN NaN 135.51266 -136.97946 -62.35597 243.03944 -188.24939 -105.34558 NaN NaN NaN 87.83425 -149.51033 -82.67395 -22.87135 -218.07423 -90.09043
5644 2.53092 NaN NaN NaN 135.50749 -136.98096 -62.36428 243.02901 -188.25801 -105.35062 NaN NaN NaN 87.84719 -149.51941 -82.64165 -22.88433 -218.07433 -90.09593
5645 2.53927 NaN NaN NaN 135.50832 -136.97173 -62.35710 243.03897 -188.25632 -105.34412 NaN NaN NaN 87.84277 -149.54184 -82.60517 -22.87557 -218.08232 -90.09167
5646 2.54761 NaN NaN NaN 135.49614 -136.97408 -62.35659 243.03374 -188.25125 -105.34290 NaN NaN NaN 87.83806 -149.52963 -82.63836 -22.86950 -218.09523 -90.09979
5647 2.55595 NaN NaN NaN 135.49309 -136.99307 -62.35757 243.02466 -188.26440 -105.34546 NaN NaN NaN 87.82269 -149.48949 -82.66039 -22.86750 -218.10017 -90.10656
5648 2.56429 NaN NaN NaN 135.48570 -136.99310 -62.35461 243.02649 -188.25304 -105.34937 NaN NaN NaN 87.83009 -149.50262 -82.66653 -22.86442 -218.08096 -90.09732
5649 2.57264 NaN NaN NaN 135.48192 -137.00314 -62.35039 243.02232 -188.25812 -105.34061 NaN NaN NaN 87.83373 -149.47243 -82.66902 -22.85328 -218.06865 -90.09554
5650 2.58098 NaN NaN NaN 135.47749 -136.99496 -62.34713 243.00969 -188.25497 -105.34218 NaN NaN NaN 87.85417 -149.46805 -82.66386 -22.85358 -218.06068 -90.09833
5651 2.58932 NaN NaN NaN 135.47501 -136.99069 -62.35030 243.02032 -188.25473 -105.34299 NaN NaN NaN 87.85426 -149.47556 -82.68022 -22.85405 -218.07774 -90.09721
5652 2.59767 NaN NaN NaN 135.45851 -136.97636 -62.34795 243.01241 -188.26251 -105.34735 NaN NaN NaN 87.87156 -149.53587 -82.63299 -22.85512 -218.07581 -90.09062
5653 2.60601 NaN NaN NaN 135.47308 -136.97621 -62.35250 243.01303 -188.25233 -105.33743 NaN NaN NaN 87.89241 -149.53711 -82.63161 -22.84063 -218.05295 -90.08871
5654 2.61435 NaN NaN NaN 135.46991 -136.97467 -62.35575 243.01549 -188.25879 -105.33802 NaN NaN NaN 87.89602 -149.54459 -82.64235 -22.84983 -218.04768 -90.11522
5655 2.62269 NaN NaN NaN 135.47311 -136.98642 -62.35313 243.01564 -188.24980 -105.33330 NaN NaN NaN 87.91346 -149.52347 -82.65961 -22.84561 -218.04117 -90.09940
5656 2.63104 NaN NaN NaN 135.46164 -136.97894 -62.34823 243.00742 -188.24673 -105.34669 NaN NaN NaN 87.90435 -149.46289 -82.71802 -22.83514 -218.03824 -90.10682
5657 2.63938 NaN NaN NaN 135.47000 -136.97530 -62.34250 243.00844 -188.22487 -105.33944 NaN NaN NaN 87.90983 -149.43269 -82.71197 -22.83532 -218.04785 -90.09016
5658 2.64772 NaN NaN NaN 135.46686 -136.95976 -62.35001 243.00539 -188.21541 -105.34481 NaN NaN NaN 87.89672 -149.43330 -82.74013 -22.82611 -218.04265 -90.08114
5659 2.65607 NaN NaN NaN 135.47136 -136.95604 -62.34343 243.00658 -188.20811 -105.34460 NaN NaN NaN 87.89358 -149.42555 -82.73576 -22.82285 -218.03749 -90.07652
5660 2.66441 NaN NaN NaN 135.46556 -136.93770 -62.35598 243.00989 -188.21289 -105.35294 NaN NaN NaN 87.90163 -149.42381 -82.73708 -22.81722 -218.03104 -90.07479
5661 2.67275 NaN NaN NaN 135.45467 -136.94635 -62.35403 243.00320 -188.20628 -105.34467 NaN NaN NaN 87.91679 -149.42029 -82.71016 -22.81640 -218.04364 -90.07162
