Frame# Time LH1 LH2 LH3 RH1 RH2 RH3
X54 Y54 Z54 X55 Y55 Z55 X56 Y56 Z56 X57 Y57 Z57 X58 Y58 Z58 X59 Y59 Z59
32868 0.00827 NaN NaN NaN 153.07835 -111.41032 -27.39572 255.76881 -185.14618 -22.89542 NaN NaN NaN 14.17287 -198.79735 13.86177 -13.07877 -184.22267 -112.81161
32869 0.01660 NaN NaN NaN 153.06422 -111.40089 -27.38667 255.77521 -185.15388 -22.89342 NaN NaN NaN 14.30828 -198.67523 13.84643 -12.97127 -184.12019 -112.81597
32870 0.02493 NaN NaN NaN 153.06816 -111.35317 -27.36838 255.76485 -185.16966 -22.89683 NaN NaN NaN 14.44714 -198.54675 13.81827 -12.91974 -184.01620 -112.77129
32871 0.03326 NaN NaN NaN 153.07300 -111.37712 -27.37334 255.75974 -185.17465 -22.91047 NaN NaN NaN 14.53764 -198.45447 13.78356 -12.85057 -183.92889 -112.72718
32872 0.04159 NaN NaN NaN 153.07101 -111.36926 -27.35651 255.74112 -185.18402 -22.90597 NaN NaN NaN 14.60027 -198.37651 13.75665 -12.75740 -183.84175 -112.75988
32873 0.04992 NaN NaN NaN 153.05754 -111.37323 -27.37371 255.72954 -185.18237 -22.90749 NaN NaN NaN 14.64049 -198.35143 13.73833 -12.64814 -183.74364 -112.84950
32874 0.05826 NaN NaN NaN 153.04053 -111.35657 -27.36461 255.73096 -185.16870 -22.90356 NaN NaN NaN 14.68906 -198.33971 13.70878 -12.54172 -183.63060 -112.88652
32875 0.06659 NaN NaN NaN 153.04637 -111.36327 -27.38434 255.72160 -185.18149 -22.90473 NaN NaN NaN 14.70021 -198.33197 13.66753 -12.38403 -183.49367 -112.93233
32876 0.07492 NaN NaN NaN 153.02899 -111.33649 -27.37905 255.71028 -185.18462 -22.89415 NaN NaN NaN 14.70305 -198.32729 13.62141 -12.22435 -183.29553 -112.97981
32877 0.08325 NaN NaN NaN 153.02849 -111.37522 -27.38155 255.69702 -185.19069 -22.90129 NaN NaN NaN 14.69945 -198.30807 13.56428 -12.11553 -183.12427 -113.04829
32878 0.09158 NaN NaN NaN 153.04105 -111.35922 -27.36832 255.68752 -185.20699 -22.90255 NaN NaN NaN 14.72957 -198.27504 13.54425 -12.03544 -182.98653 -113.08978
32879 0.09991 NaN NaN NaN 153.03693 -111.41340 -27.36757 255.69493 -185.21382 -22.90763 NaN NaN NaN 14.76227 -198.20532 13.51583 -11.97528 -182.91959 -113.13274
32880 0.10824 NaN NaN NaN 153.05637 -111.40500 -27.33150 255.69066 -185.21376 -22.91185 NaN NaN NaN 14.83339 -198.15335 13.50941 -11.94303 -182.85851 -113.14876
32881 0.11657 NaN NaN NaN 153.05170 -111.43286 -27.33604 255.69695 -185.23161 -22.92075 NaN NaN NaN 14.86298 -198.05386 13.46246 -11.93225 -182.86726 -113.18286
32882 0.12491 NaN NaN NaN 153.08646 -111.40800 -27.29847 255.71643 -185.25697 -22.91927 NaN NaN NaN 14.91252 -197.98346 13.46517 -11.92570 -182.84137 -113.15902
32883 0.13324 NaN NaN NaN 153.07272 -111.46988 -27.25429 255.73004 -185.26740 -22.92904 NaN NaN NaN 14.95116 -197.92407 13.42946 -11.90069 -182.80821 -113.17832
32884 0.14157 NaN NaN NaN 153.08083 -111.49625 -27.20955 255.73930 -185.29002 -22.91934 NaN NaN NaN 14.99614 -197.85338 13.37554 -11.91160 -182.77141 -113.23582
32885 0.14990 NaN NaN NaN 153.08282 -111.51902 -27.16925 255.76472 -185.30507 -22.91805 NaN NaN NaN 15.01502 -197.82251 13.34063 -11.95392 -182.77176 -113.28522
32886 0.15823 NaN NaN NaN 153.08952 -111.53376 -27.15059 255.78403 -185.31218 -22.91530 NaN NaN NaN 15.02475 -197.81525 13.29782 -12.00463 -182.77545 -113.26876
32887 0.16656 NaN NaN NaN 153.09395 -111.53667 -27.14051 255.79594 -185.33154 -22.91074 NaN NaN NaN 15.01220 -197.80786 13.23332 -12.06254 -182.75819 -113.29884
32888 0.17489 NaN NaN NaN 153.12801 -111.47310 -27.03238 255.81421 -185.32906 -22.89272 NaN NaN NaN 14.99025 -197.79576 13.16049 -12.08878 -182.75212 -113.36369
32889 0.18322 NaN NaN NaN 153.14600 -111.45688 -27.09837 255.83249 -185.32829 -22.89506 NaN NaN NaN 14.98086 -197.76131 13.09645 -12.15310 -182.73781 -113.43110
32890 0.19156 NaN NaN NaN 153.16637 -111.45112 -27.10869 255.83850 -185.31818 -22.88292 NaN NaN NaN 14.97460 -197.71069 13.00608 -12.21036 -182.71899 -113.46814
32891 0.19989 NaN NaN NaN 153.17761 -111.47318 -27.09892 255.85231 -185.32410 -22.88334 NaN NaN NaN 14.99585 -197.68135 12.97585 -12.35349 -182.76529 -113.50877
32892 0.20822 NaN NaN NaN 153.18977 -111.47198 -27.07609 255.87260 -185.32565 -22.89558 NaN NaN NaN 14.99004 -197.63109 12.94788 -12.54798 -182.85722 -113.55424
32893 0.21655 NaN NaN NaN 153.20593 -111.49979 -27.02254 255.92035 -185.30881 -22.90152 NaN NaN NaN 15.02293 -197.59612 12.91784 -12.73922 -182.88873 -113.45503
32894 0.22488 NaN NaN NaN 153.24632 -111.51856 -27.00241 255.96669 -185.31755 -22.89926 NaN NaN NaN 15.12356 -197.51988 12.88208 -13.00800 -183.04959 -113.45240
32895 0.23321 NaN NaN NaN 153.24261 -111.57259 -27.00067 256.00864 -185.32170 -22.90926 NaN NaN NaN 15.25247 -197.39151 12.85467 -13.34456 -183.32924 -113.42552
32896 0.24154 NaN NaN NaN 153.26389 -111.60246 -26.97442 256.05493 -185.35445 -22.93193 NaN NaN NaN 15.40241 -197.20044 12.84577 -13.76758 -183.62759 -113.34814
32897 0.24988 NaN NaN NaN 153.28539 -111.63448 -26.93076 256.07986 -185.35611 -22.93152 NaN NaN NaN 15.63219 -197.02281 12.85949 -14.23389 -183.97643 -113.21476
32898 0.25821 NaN NaN NaN 153.36617 -111.60693 -26.88128 256.11221 -185.37447 -22.93900 NaN NaN NaN 15.89227 -196.79778 12.87618 -14.69434 -184.35434 -113.05549
32899 0.26654 NaN NaN NaN 153.40268 -111.60452 -26.85300 256.15503 -185.40070 -22.93980 NaN NaN NaN 16.11656 -196.57039 12.88430 -15.11923 -184.73898 -112.89518
32900 0.27487 NaN NaN NaN 153.43408 -111.59993 -26.84610 256.21979 -185.40579 -22.99241 NaN NaN NaN 16.28277 -196.38687 12.92589 -15.51701 -185.13618 -112.77942
32901 0.28320 NaN NaN NaN 153.42734 -111.61031 -26.84646 256.25870 -185.39297 -23.01366 NaN NaN NaN 16.33096 -196.29933 12.92727 -15.87348 -185.46472 -112.66963
32902 0.29153 NaN NaN NaN 153.44574 -111.62609 -26.83369 256.28003 -185.37494 -23.03431 NaN NaN NaN 16.25260 -196.29677 12.94019 -16.13302 -185.68039 -112.61332
32903 0.29986 NaN NaN NaN 153.45934 -111.63277 -26.83012 256.29996 -185.37244 -23.00651 NaN NaN NaN 16.03618 -196.40851 12.93250 -16.36278 -185.83789 -112.63103
32904 0.30819 NaN NaN NaN 153.49904 -111.63377 -26.81691 256.31207 -185.37430 -23.01133 NaN NaN NaN 15.72784 -196.63307 12.94743 -16.48782 -185.87059 -112.71457
32905 0.31653 NaN NaN NaN 153.50627 -111.65213 -26.80470 256.31653 -185.36871 -22.97886 NaN NaN NaN 15.36089 -196.89975 12.89943 -16.58076 -185.80194 -112.86323
32906 0.32486 NaN NaN NaN 153.52905 -111.61456 -26.80223 256.33334 -185.36243 -22.93050 NaN NaN NaN 14.98878 -197.19171 12.85456 -16.67872 -185.75691 -113.02686
32907 0.33319 NaN NaN NaN 153.49454 -111.63876 -26.77096 256.34045 -185.38045 -22.92266 NaN NaN NaN 14.65753 -197.44255 12.81610 -16.76359 -185.74846 -113.12598
32908 0.34152 NaN NaN NaN 153.50584 -111.64902 -26.74861 256.34964 -185.35629 -22.90683 NaN NaN NaN 14.35564 -197.63544 12.79547 -16.94323 -185.80345 -113.19759
32909 0.34985 NaN NaN NaN 153.49365 -111.64876 -26.72896 256.36090 -185.35204 -22.89402 NaN NaN NaN 14.09373 -197.80620 12.80634 -17.15536 -185.88765 -113.18953
32910 0.35818 NaN NaN NaN 153.51765 -111.65063 -26.74084 256.35236 -185.33525 -22.89179 NaN NaN NaN 13.90509 -197.93039 12.81622 -17.38647 -186.01675 -113.20299
32911 0.36651 NaN NaN NaN 153.54536 -111.69048 -26.70127 256.37744 -185.33777 -22.89819 NaN NaN NaN 13.66288 -198.05377 12.79741 -17.56981 -186.21185 -113.19379
32912 0.37484 NaN NaN NaN 153.55667 -111.75305 -26.67536 256.41318 -185.35738 -22.91316 NaN NaN NaN 13.39356 -198.18210 12.77905 -17.74884 -186.34441 -113.16186
32913 0.38318 NaN NaN NaN 153.56699 -111.80122 -26.64184 256.42981 -185.37296 -22.92393 NaN NaN NaN 13.12263 -198.35841 12.77289 -17.92195 -186.36205 -113.05592
32914 0.39151 NaN NaN NaN 153.57787 -111.82795 -26.63493 256.45380 -185.39079 -22.93076 NaN NaN NaN 12.85158 -198.53850 12.78442 -18.11176 -186.42842 -113.04362
32915 0.39984 NaN NaN NaN 153.58733 -111.81730 -26.62955 256.48257 -185.39218 -22.94910 NaN NaN NaN 12.64301 -198.68790 12.75747 -18.29367 -186.54956 -113.16356
32916 0.40817 NaN NaN NaN 153.60155 -111.82191 -26.61846 256.52826 -185.40686 -22.93535 NaN NaN NaN 12.41053 -198.81320 12.73207 -18.45685 -186.66750 -113.20680
32917 0.41650 NaN NaN NaN 153.60683 -111.79984 -26.63638 256.52948 -185.38974 -22.94423 NaN NaN NaN 12.20477 -198.91805 12.72188 -18.57456 -186.74590 -113.25553
32918 0.42483 NaN NaN NaN 153.62080 -111.80474 -26.62141 256.55154 -185.38402 -22.92847 NaN NaN NaN 11.97641 -199.03557 12.72565 -18.68597 -186.80972 -113.24943
32919 0.43316 NaN NaN NaN 153.60732 -111.79047 -26.62849 256.51990 -185.36790 -22.93888 NaN NaN NaN 11.69593 -199.21529 12.68258 -18.79848 -186.80865 -113.27728
32920 0.44150 NaN NaN NaN 153.61124 -111.78368 -26.64436 256.51215 -185.37271 -22.92090 NaN NaN NaN 11.42960 -199.41145 12.62296 -18.86571 -186.75131 -113.32613
32921 0.44983 NaN NaN NaN 153.61707 -111.74135 -26.64721 256.46814 -185.34453 -22.89145 NaN NaN NaN 11.18236 -199.61203 12.60136 -18.89565 -186.73874 -113.40212
32922 0.45816 NaN NaN NaN 153.59552 -111.73916 -26.66108 256.45349 -185.32368 -22.87508 NaN NaN NaN 10.99387 -199.77441 12.56721 -18.90027 -186.70755 -113.54113
32923 0.46649 NaN NaN NaN 153.58719 -111.73361 -26.66282 256.42722 -185.31206 -22.86310 NaN NaN NaN 10.80869 -199.91890 12.53535 -18.91580 -186.69435 -113.66001
32924 0.47482 NaN NaN NaN 153.59720 -111.69375 -26.65555 256.40897 -185.29675 -22.86964 NaN NaN NaN 10.63668 -200.08160 12.47005 -18.89637 -186.65900 -113.73520
32925 0.48315 NaN NaN NaN 153.57843 -111.63923 -26.66458 256.39731 -185.29431 -22.87735 NaN NaN NaN 10.45596 -200.26115 12.40232 -18.87437 -186.62497 -113.77634
32926 0.49148 NaN NaN NaN 153.55177 -111.63114 -26.68317 256.37857 -185.28026 -22.88480 NaN NaN NaN 10.27533 -200.44173 12.37504 -18.82564 -186.58086 -113.83981
32927 0.49981 NaN NaN NaN 153.54651 -111.58965 -26.68857 256.36969 -185.27440 -22.87578 NaN NaN NaN 10.06668 -200.61549 12.29437 -18.76048 -186.50876 -113.99764
32928 0.50815 NaN NaN NaN 153.53494 -111.56255 -26.74633 256.34082 -185.27094 -22.85995 NaN NaN NaN 9.91242 -200.75781 12.27172 -18.71061 -186.38626 -114.06203
32929 0.51648 NaN NaN NaN 153.51836 -111.52340 -26.77608 256.31995 -185.27206 -22.85026 NaN NaN NaN 9.77415 -200.89519 12.22485 -18.62260 -186.26385 -114.11386
32930 0.52481 NaN NaN NaN 153.50980 -111.52378 -26.80330 256.28317 -185.25708 -22.85060 NaN NaN NaN 9.66047 -201.00830 12.21845 -18.50605 -186.17143 -114.18259
32931 0.53314 NaN NaN NaN 153.47577 -111.55284 -26.81263 256.27106 -185.24379 -22.84756 NaN NaN NaN 9.59967 -201.08971 12.20604 -18.40373 -186.06644 -114.21201
32932 0.54147 NaN NaN NaN 153.48798 -111.52505 -26.84291 256.25684 -185.24188 -22.84887 NaN NaN NaN 9.55952 -201.11163 12.15526 -18.23849 -185.93275 -114.23874
32933 0.54980 NaN NaN NaN 153.47307 -111.49973 -26.84451 256.23575 -185.25723 -22.83950 NaN NaN NaN 9.55134 -201.14299 12.12484 -18.02533 -185.76529 -114.27604
32934 0.55813 NaN NaN NaN 153.48303 -111.47836 -26.86211 256.21194 -185.28613 -22.84391 NaN NaN NaN 9.54964 -201.11996 12.08032 -17.80329 -185.54063 -114.32484
32935 0.56646 NaN NaN NaN 153.44920 -111.46975 -26.87096 256.18256 -185.31725 -22.83480 NaN NaN NaN 9.61957 -201.10446 12.05382 -17.55356 -185.27928 -114.36351
32936 0.57480 NaN NaN NaN 153.44466 -111.46799 -26.87796 256.18076 -185.31805 -22.83479 NaN NaN NaN 9.72506 -201.00056 12.00298 -17.22985 -185.03281 -114.44528
32937 0.58313 NaN NaN NaN 153.42235 -111.47432 -26.87509 256.15320 -185.31007 -22.83521 NaN NaN NaN 9.80965 -200.91927 11.96146 -16.91399 -184.73972 -114.56159
32938 0.59146 NaN NaN NaN 153.44139 -111.45751 -26.88803 256.13461 -185.31641 -22.83533 NaN NaN NaN 9.93597 -200.79552 11.89290 -16.60439 -184.39786 -114.57849
32939 0.59979 NaN NaN NaN 153.42023 -111.46154 -26.89420 256.11749 -185.31215 -22.84231 NaN NaN NaN 10.10364 -200.71364 11.80775 -16.26030 -184.10582 -114.64413
32940 0.60812 NaN NaN NaN 153.41534 -111.43375 -26.91069 256.09747 -185.31735 -22.83355 NaN NaN NaN 10.27079 -200.61263 11.76607 -15.98062 -183.82817 -114.68076
32941 0.61645 NaN NaN NaN 153.38849 -111.43202 -26.91869 256.07825 -185.30185 -22.82682 NaN NaN NaN 10.43857 -200.48584 11.74345 -15.75251 -183.58102 -114.65970
32942 0.62478 NaN NaN NaN 153.40233 -111.40852 -26.94508 256.05240 -185.29984 -22.81979 NaN NaN NaN 10.59202 -200.36794 11.76965 -15.56087 -183.40436 -114.73324
32943 0.63312 NaN NaN NaN 153.35486 -111.38553 -26.97476 256.01169 -185.29346 -22.82498 NaN NaN NaN 10.78309 -200.26556 11.76141 -15.36092 -183.21663 -114.70551
32944 0.64145 NaN NaN NaN 153.35797 -111.37128 -26.99724 255.99586 -185.28984 -22.82850 NaN NaN NaN 10.94622 -200.15030 11.80360 -15.15461 -183.05771 -114.58038
32945 0.64978 NaN NaN NaN 153.31956 -111.34641 -26.99798 255.95087 -185.27353 -22.82764 NaN NaN NaN 11.07031 -200.10834 11.88441 -14.95652 -183.03145 -114.54736
32946 0.65811 NaN NaN NaN 153.31882 -111.30492 -27.00327 255.89754 -185.28537 -22.84259 NaN NaN NaN 11.24344 -200.01859 12.02120 -14.82348 -182.95378 -114.46288
32947 0.66644 NaN NaN NaN 153.28969 -111.31660 -27.02371 255.86287 -185.30560 -22.85297 NaN NaN NaN 11.38545 -199.95335 12.13556 -14.63167 -182.82666 -114.31492
32948 0.67477 NaN NaN NaN 153.29276 -111.28292 -27.03959 255.81097 -185.29607 -22.86225 NaN NaN NaN 11.49251 -199.92052 12.20330 -14.45203 -182.66884 -114.29630
32949 0.68310 NaN NaN NaN 153.24860 -111.25014 -27.06976 255.75967 -185.26630 -22.88694 NaN NaN NaN 11.54639 -199.92455 12.20517 -14.26873 -182.52129 -114.30477
32950 0.69143 NaN NaN NaN 153.18715 -111.22225 -27.12774 255.69786 -185.25175 -22.88436 NaN NaN NaN 11.53203 -199.95728 12.17820 -14.02442 -182.28377 -114.35654
32951 0.69977 NaN NaN NaN 153.14388 -111.19729 -27.19536 255.60786 -185.23341 -22.85966 NaN NaN NaN 11.47963 -199.97301 12.09341 -13.74468 -182.06133 -114.44661
32952 0.70810 NaN NaN NaN 153.09050 -111.10737 -27.21744 255.55252 -185.25514 -22.81159 NaN NaN NaN 11.46437 -199.97723 11.96771 -13.48894 -181.76767 -114.52667
32953 0.71643 NaN NaN NaN 153.04848 -111.03712 -27.25177 255.46933 -185.25404 -22.78743 NaN NaN NaN 11.45814 -199.98085 11.85677 -13.23072 -181.52672 -114.62223
32954 0.72476 NaN NaN NaN 153.01031 -110.98709 -27.19876 255.40909 -185.25972 -22.77262 NaN NaN NaN 11.46146 -199.98776 11.71755 -12.96953 -181.21667 -114.72679
32955 0.73309 NaN NaN NaN 152.98058 -110.94373 -27.29105 255.33249 -185.24834 -22.73618 NaN NaN NaN 11.51535 -199.93823 11.63535 -12.73916 -180.97549 -114.85771
32956 0.74142 NaN NaN NaN 152.94983 -110.89407 -27.28568 255.27957 -185.23390 -22.70795 NaN NaN NaN 11.58139 -199.86604 11.53563 -12.51064 -180.73863 -114.93221
32957 0.74975 NaN NaN NaN 152.93329 -110.84028 -27.39624 255.21440 -185.20943 -22.69873 NaN NaN NaN 11.69094 -199.80927 11.46248 -12.30186 -180.48822 -114.98944
32958 0.75808 NaN NaN NaN 152.93373 -110.78880 -27.44730 255.17398 -185.21599 -22.67145 NaN NaN NaN 11.81650 -199.78291 11.40410 -12.08337 -180.28926 -115.08015
32959 0.76642 NaN NaN NaN 152.90787 -110.74570 -27.44756 255.13832 -185.22777 -22.66181 NaN NaN NaN 11.92132 -199.75111 11.32653 -11.85964 -180.06329 -115.17284
32960 0.77475 NaN NaN NaN 152.91544 -110.71841 -27.45174 255.11678 -185.23981 -22.65879 NaN NaN NaN 12.02656 -199.69357 11.25628 -11.67703 -179.82315 -115.24495
32961 0.78308 NaN NaN NaN 152.89888 -110.73602 -27.44880 255.09216 -185.24690 -22.65721 NaN NaN NaN 12.11018 -199.61867 11.17492 -11.47613 -179.60580 -115.34698
32962 0.79141 NaN NaN NaN 152.91518 -110.73866 -27.45484 255.10124 -185.25528 -22.66337 NaN NaN NaN 12.17533 -199.56406 11.09526 -11.24865 -179.36728 -115.38110
32963 0.79974 NaN NaN NaN 152.92180 -110.76710 -27.44179 255.12074 -185.26334 -22.69333 NaN NaN NaN 12.21327 -199.54086 10.98620 -11.02781 -179.22787 -115.45324
32964 0.80807 NaN NaN NaN 152.93813 -110.77778 -27.40673 255.12657 -185.28343 -22.69171 NaN NaN NaN 12.23466 -199.52531 10.89161 -10.85346 -178.98579 -115.53078
32965 0.81640 NaN NaN NaN 152.94720 -110.82573 -27.35042 255.13467 -185.29652 -22.71260 NaN NaN NaN 12.24089 -199.50323 10.85236 -10.72568 -178.85677 -115.64462
32966 0.82473 NaN NaN NaN 152.96404 -110.87337 -27.30355 255.17984 -185.37422 -22.74117 NaN NaN NaN 12.26784 -199.46175 10.78417 -10.57946 -178.69679 -115.68742
32967 0.83307 NaN NaN NaN 152.97215 -110.93147 -27.13313 255.21744 -185.39528 -22.76032 NaN NaN NaN 12.30120 -199.45270 10.74743 -10.46399 -178.59224 -115.70911
32968 0.84140 NaN NaN NaN 153.01784 -110.93467 -27.17052 255.23111 -185.40935 -22.74705 NaN NaN NaN 12.31406 -199.42065 10.68634 -10.39671 -178.50575 -115.69154
32969 0.84973 NaN NaN NaN 153.05089 -110.90466 -27.18470 255.24754 -185.41745 -22.74286 NaN NaN NaN 12.31179 -199.42189 10.73824 -10.35275 -178.51012 -115.70953
32970 0.85806 NaN NaN NaN 153.06299 -110.90617 -27.20061 255.24994 -185.40259 -22.74011 NaN NaN NaN 12.31928 -199.41873 10.75626 -10.35735 -178.51967 -115.67960
32971 0.86639 NaN NaN NaN 153.03491 -110.94944 -27.09418 255.26198 -185.39700 -22.75522 NaN NaN NaN 12.29980 -199.42198 10.79728 -10.37457 -178.57918 -115.69179
32972 0.87472 NaN NaN NaN 153.05977 -110.93097 -27.14898 255.28030 -185.38187 -22.74583 NaN NaN NaN 12.27116 -199.40860 10.82274 -10.38178 -178.60988 -115.64866
32973 0.88305 NaN NaN NaN 153.07115 -110.93745 -27.16866 255.28055 -185.36781 -22.73226 NaN NaN NaN 12.22982 -199.45297 10.83751 -10.44957 -178.64772 -115.64243
32974 0.89139 NaN NaN NaN 153.07877 -110.93665 -27.17512 255.31255 -185.34952 -22.72457 NaN NaN NaN 12.17182 -199.46606 10.85218 -10.49746 -178.67577 -115.63572
32975 0.89972 NaN NaN NaN 153.08336 -110.92456 -27.14972 255.33957 -185.32970 -22.69717 NaN NaN NaN 12.11086 -199.47684 10.86417 -10.55036 -178.71519 -115.62217
32976 0.90805 NaN NaN NaN 153.12006 -110.91909 -27.10886 255.35104 -185.32379 -22.69841 NaN NaN NaN 12.05286 -199.47290 10.88229 -10.64247 -178.71768 -115.59908
32977 0.91638 NaN NaN NaN 153.15105 -110.95233 -27.06036 255.38193 -185.29968 -22.71766 NaN NaN NaN 12.01651 -199.44069 10.89695 -10.71068 -178.76414 -115.62379
32978 0.92471 NaN NaN NaN 153.18854 -110.97505 -27.02534 255.44576 -185.29269 -22.74752 NaN NaN NaN 11.96956 -199.38637 10.90182 -10.78260 -178.74625 -115.61681
32979 0.93304 NaN NaN NaN 153.22247 -110.97321 -26.98544 255.48943 -185.31018 -22.78473 NaN NaN NaN 11.94934 -199.34230 10.91862 -10.90554 -178.82083 -115.60402
32980 0.94137 NaN NaN NaN 153.27122 -110.98166 -26.91562 255.54472 -185.34207 -22.80408 NaN NaN NaN 11.95260 -199.25980 10.95084 -11.02462 -178.84644 -115.53812
32981 0.94970 NaN NaN NaN 153.31395 -110.95684 -26.80409 255.60150 -185.36076 -22.82861 NaN NaN NaN 12.02620 -199.16226 10.98915 -11.19385 -178.93008 -115.50301
32982 0.95804 NaN NaN NaN 153.34488 -111.07394 -26.70449 255.66212 -185.38567 -22.88426 NaN NaN NaN 12.18092 -198.99687 11.02926 -11.44896 -179.10338 -115.52901
32983 0.96637 NaN NaN NaN 153.37633 -111.15226 -26.60218 255.76964 -185.44876 -22.91780 NaN NaN NaN 12.34263 -198.79518 11.05776 -11.78362 -179.27979 -115.44815
32984 0.97470 NaN NaN NaN 153.44246 -111.23944 -26.51929 255.85873 -185.49019 -22.91945 NaN NaN NaN 12.53277 -198.55151 11.09406 -12.19145 -179.51047 -115.33362
32985 0.98303 NaN NaN NaN 153.48111 -111.29715 -26.41899 255.92918 -185.52893 -22.96412 NaN NaN NaN 12.74373 -198.27567 11.14269 -12.65593 -179.86821 -115.21535
32986 0.99136 NaN NaN NaN 153.58238 -111.28023 -26.26834 256.01248 -185.55875 -23.05199 NaN NaN NaN 12.97489 -198.00125 11.25844 -13.16985 -180.24286 -115.06513
32987 0.99969 NaN NaN NaN 153.62280 -111.31188 -26.14778 256.08072 -185.55916 -23.14927 NaN NaN NaN 13.20908 -197.77568 11.40599 -13.77083 -180.72383 -114.88953
32988 1.00802 NaN NaN NaN 153.70055 -111.33498 -26.02399 256.16888 -185.59164 -23.22941 NaN NaN NaN 13.34454 -197.60243 11.55909 -14.36686 -181.21617 -114.65117
32989 1.01635 NaN NaN NaN 153.71652 -111.42233 -25.91162 256.23822 -185.63478 -23.34276 NaN NaN NaN 13.41677 -197.48241 11.72853 -14.94136 -181.76633 -114.40046
32990 1.02469 NaN NaN NaN 153.79355 -111.54678 -25.77944 256.34015 -185.67845 -23.48290 NaN NaN NaN 13.46845 -197.38629 11.88215 -15.50006 -182.24939 -114.13667
32991 1.03302 NaN NaN NaN 153.89781 -111.60196 -25.64725 256.47476 -185.76344 -23.64888 NaN NaN NaN 13.51884 -197.34875 12.05175 -16.05677 -182.68419 -113.88544
32992 1.04135 NaN NaN NaN 153.98351 -111.73122 -25.48762 256.57034 -185.81418 -23.77720 NaN NaN NaN 13.53495 -197.29916 12.25269 -16.64281 -183.12773 -113.62195
32993 1.04968 NaN NaN NaN 154.07097 -111.73556 -25.23868 256.69904 -185.91611 -24.02177 NaN NaN NaN 13.56893 -197.23047 12.54545 -17.19028 -183.57877 -113.32507
32994 1.05801 NaN NaN NaN 154.19220 -111.86098 -24.92941 256.86594 -186.03694 -24.32896 NaN NaN NaN 13.63502 -197.11124 12.80220 -17.79706 -184.04793 -112.99316
32995 1.06634 NaN NaN NaN 154.28777 -112.15532 -24.61005 257.03687 -186.19165 -24.62781 NaN NaN NaN 13.79258 -196.92044 13.08603 -18.43225 -184.66426 -112.57881
32996 1.07467 NaN NaN NaN 154.43742 -112.44433 -24.36043 257.29083 -186.37106 -25.02123 NaN NaN NaN 14.04238 -196.65446 13.43084 -19.17405 -185.36566 -112.06152
32997 1.08301 NaN NaN NaN 154.66389 -112.79980 -24.07762 257.57947 -186.57565 -25.45654 NaN NaN NaN 14.33764 -196.35107 13.73940 -19.98538 -186.13713 -111.54237
32998 1.09134 NaN NaN NaN 155.02997 -113.20384 -23.60839 257.91068 -186.80252 -26.06316 NaN NaN NaN 14.63387 -196.00002 14.12784 -20.95283 -187.16743 -110.75287
32999 1.09967 NaN NaN NaN 155.34247 -113.61488 -23.07306 258.34003 -187.10956 -26.73615 NaN NaN NaN 14.81907 -195.77852 14.49901 -21.87154 -188.10179 -110.14230
33000 1.10800 NaN NaN NaN 155.79234 -114.14848 -22.22223 258.81375 -187.49210 -27.57179 NaN NaN NaN 14.87945 -195.63441 14.79436 -22.59035 -188.75499 -109.64725
33001 1.11633 NaN NaN NaN 156.32533 -114.69645 -21.23423 259.33990 -187.93828 -28.60815 NaN NaN NaN 14.76081 -195.51175 15.10476 -23.17454 -189.11827 -109.26527
33002 1.12466 NaN NaN NaN 156.96942 -115.34238 -19.97968 259.91507 -188.36366 -29.74306 NaN NaN NaN 14.53904 -195.55626 15.38864 -23.71939 -189.36394 -108.87066
33003 1.13299 NaN NaN NaN 157.68108 -116.09981 -18.42974 260.59131 -188.87456 -30.97040 NaN NaN NaN 14.17319 -195.69501 15.65347 -24.20843 -189.54536 -108.60937
33004 1.14132 NaN NaN NaN 158.55931 -116.97243 -16.76049 261.30331 -189.37376 -32.31514 NaN NaN NaN 13.68462 -195.95763 15.90232 -24.77914 -189.91928 -108.38076
33005 1.14966 NaN NaN NaN 159.52917 -117.96658 -14.93339 262.04608 -189.84343 -33.72642 NaN NaN NaN 13.08332 -196.16072 16.19588 -25.35301 -190.36200 -108.18327
33006 1.15799 NaN NaN NaN 160.59532 -119.17453 -12.90632 262.81299 -190.34964 -35.22773 NaN NaN NaN 12.42613 -196.28110 16.41826 -25.89222 -190.84871 -107.93974
33007 1.16632 NaN NaN NaN 161.79907 -120.49793 -10.79025 263.57474 -190.86188 -36.75494 NaN NaN NaN 11.91909 -196.64017 16.71723 -26.41142 -191.35339 -107.72179
33008 1.17465 NaN NaN NaN 163.00330 -121.69580 -8.81157 264.32147 -191.35074 -38.31443 NaN NaN NaN 11.54837 -197.03383 16.99601 -27.03159 -191.87952 -107.35429
33009 1.18298 NaN NaN NaN 164.25046 -122.75119 -6.88468 265.08582 -191.79112 -39.82409 NaN NaN NaN 11.18708 -197.25053 17.32415 -27.69478 -192.40302 -106.91354
33010 1.19131 NaN NaN NaN 165.58589 -124.03873 -4.86283 265.79672 -192.16599 -41.29280 NaN NaN NaN 11.08315 -197.46898 17.81585 -28.48639 -193.01898 -106.38905
33011 1.19964 NaN NaN NaN 167.01384 -125.34371 -2.85551 266.48987 -192.50595 -42.76294 NaN NaN NaN 11.04376 -197.26628 18.11277 -29.41269 -193.81419 -105.85865
33012 1.20797 NaN NaN NaN 168.42740 -126.65483 -0.89927 267.13025 -192.82057 -44.18564 NaN NaN NaN 11.15206 -197.04991 18.44130 -30.33731 -194.71268 -105.14326
33013 1.21631 NaN NaN NaN 169.84727 -127.99786 0.92910 267.76306 -193.11278 -45.57546 NaN NaN NaN 11.33392 -196.70020 18.79679 -31.27652 -195.69077 -104.34757
33014 1.22464 NaN NaN NaN 171.27863 -129.29568 2.69248 268.37277 -193.40669 -46.91165 NaN NaN NaN 11.48757 -196.43192 19.19786 -32.20449 -196.73886 -103.56406
33015 1.23297 NaN NaN NaN 172.67369 -130.53600 4.34368 268.99356 -193.75327 -48.12212 NaN NaN NaN 11.55499 -196.29007 19.49496 -33.06494 -197.74382 -102.84929
33016 1.24130 NaN NaN NaN 174.06203 -131.80260 5.88773 269.50922 -193.91017 -49.37769 NaN NaN NaN 11.52584 -196.24489 19.75197 -33.67081 -198.40666 -102.32182
33017 1.24963 NaN NaN NaN 175.42143 -133.09518 7.21425 270.01447 -193.98169 -50.62729 NaN NaN NaN 11.43717 -196.24963 20.05017 -34.12400 -198.81934 -101.99993
33018 1.25796 NaN NaN NaN 176.73024 -134.41469 8.47897 270.48419 -194.10692 -51.87806 NaN NaN NaN 11.27127 -196.33087 20.32226 -34.45158 -199.06682 -101.77039
33019 1.26629 NaN NaN NaN 177.95352 -135.71600 9.57773 270.97235 -194.26109 -52.99265 NaN NaN NaN 11.09748 -196.42067 20.47752 -34.79186 -199.26158 -101.52136
33020 1.27463 NaN NaN NaN 179.08612 -136.86888 10.45017 271.39639 -194.48787 -53.98745 NaN NaN NaN 10.98237 -196.55099 20.59615 -35.02891 -199.41519 -101.33665
33021 1.28296 NaN NaN NaN 180.15556 -138.00757 11.21931 271.80215 -194.67772 -54.94001 NaN NaN NaN 10.94389 -196.64484 20.67520 -35.31670 -199.65431 -101.19572
33022 1.29129 NaN NaN NaN 181.09380 -139.02930 11.87794 272.14542 -194.79401 -55.78472 NaN NaN NaN 10.97523 -196.67276 20.73164 -35.64665 -199.94966 -100.94477
33023 1.29962 NaN NaN NaN 181.94334 -139.94125 12.44363 272.42664 -194.92728 -56.61526 NaN NaN NaN 11.14258 -196.59048 20.80187 -36.05339 -200.35278 -100.63851
33024 1.30795 NaN NaN NaN 182.71625 -140.73071 12.94080 272.67419 -195.03380 -57.38839 NaN NaN NaN 11.47115 -196.39360 20.89658 -36.51514 -200.83360 -100.18354
33025 1.31628 NaN NaN NaN 183.43286 -141.42999 13.40002 272.84262 -195.15529 -58.13497 NaN NaN NaN 11.95541 -196.02628 21.00588 -37.03792 -201.31448 -99.60439
33026 1.32461 NaN NaN NaN 184.06499 -142.09727 13.85492 272.97528 -195.27356 -58.75200 NaN NaN NaN 12.71297 -195.48929 21.19437 -37.67049 -201.94119 -98.86686
33027 1.33294 NaN NaN NaN 184.64729 -142.65578 14.19918 273.02881 -195.34300 -59.38371 NaN NaN NaN 13.62440 -194.83719 21.31922 -38.45116 -202.63249 -97.93678
33028 1.34128 NaN NaN NaN 185.15913 -143.13248 14.50573 273.07822 -195.36876 -59.89367 NaN NaN NaN 14.73043 -194.04449 21.41160 -39.29664 -203.47548 -96.85465
33029 1.34961 NaN NaN NaN 185.56502 -143.54294 14.79579 273.08267 -195.36961 -60.33321 NaN NaN NaN 15.83018 -193.13437 21.48825 -40.10733 -204.31714 -95.73658
33030 1.35794 NaN NaN NaN 185.93245 -143.84546 15.09406 273.08859 -195.36919 -60.67161 NaN NaN NaN 16.68419 -192.32986 21.55416 -40.76010 -205.09558 -94.80872
33031 1.36627 NaN NaN NaN 186.30276 -144.09322 15.33097 273.09335 -195.39392 -60.97322 NaN NaN NaN 17.26178 -191.75388 21.60550 -41.15148 -205.66040 -94.06959
33032 1.37460 NaN NaN NaN 186.60107 -144.26511 15.53443 273.10779 -195.41618 -61.19319 NaN NaN NaN 17.53356 -191.38902 21.65261 -41.33684 -205.90921 -93.69713
33033 1.38293 NaN NaN NaN 186.83905 -144.38664 15.71522 273.09305 -195.42232 -61.37939 NaN NaN NaN 17.63678 -191.28151 21.74384 -41.45027 -205.93544 -93.52363
33034 1.39126 NaN NaN NaN 187.08365 -144.50011 15.90076 273.10040 -195.44093 -61.55284 NaN NaN NaN 17.71210 -191.18158 21.80006 -41.52499 -205.93240 -93.29703
33035 1.39959 NaN NaN NaN 187.32060 -144.56696 16.07935 273.10452 -195.44958 -61.71381 NaN NaN NaN 17.81834 -191.10486 21.86585 -41.60632 -205.88126 -93.17818
33036 1.40793 NaN NaN NaN 187.54439 -144.68103 16.23164 273.12344 -195.44148 -61.82759 NaN NaN NaN 17.95354 -190.99298 21.89727 -41.71197 -205.92032 -93.06395
33037 1.41626 NaN NaN NaN 187.76987 -144.76970 16.44127 273.11523 -195.41222 -61.96327 NaN NaN NaN 18.16776 -190.77916 21.86141 -41.80229 -205.96486 -92.96162
33038 1.42459 NaN NaN NaN 188.02026 -144.88747 16.59879 273.14978 -195.38635 -62.09852 NaN NaN NaN 18.43580 -190.59473 21.74234 -41.90439 -206.04199 -92.76104
33039 1.43292 NaN NaN NaN 188.27631 -145.06837 16.75633 273.21683 -195.43764 -62.25654 NaN NaN NaN 18.88201 -190.26045 21.62078 -42.02844 -206.14899 -92.55988
33040 1.44125 NaN NaN NaN 188.50632 -145.22310 16.87547 273.26349 -195.45024 -62.38923 NaN NaN NaN 19.51476 -189.81630 21.47799 -42.23132 -206.35344 -92.11159
33041 1.44958 NaN NaN NaN 188.71631 -145.37262 16.92162 273.33997 -195.46782 -62.58618 NaN NaN NaN 20.33986 -189.24666 21.29912 -42.48528 -206.61813 -91.59107
33042 1.45791 NaN NaN NaN 188.91479 -145.55121 16.95023 273.40088 -195.50395 -62.74740 NaN NaN NaN 21.32574 -188.50806 21.08541 -42.71823 -206.92366 -91.00409
33043 1.46624 NaN NaN NaN 189.01506 -145.64818 16.96024 273.44424 -195.56166 -62.83438 NaN NaN NaN 22.52132 -187.70103 20.76437 -42.95889 -207.23807 -90.30051
33044 1.47458 NaN NaN NaN 189.06841 -145.70085 16.89942 273.52228 -195.61926 -62.88764 NaN NaN NaN 23.90698 -186.74435 20.38941 -43.22010 -207.60008 -89.43944
33045 1.48291 NaN NaN NaN 189.07619 -145.71188 16.81441 273.58710 -195.66005 -62.92767 NaN NaN NaN 25.51611 -185.61081 19.91649 -43.50186 -207.99196 -88.40671
33046 1.49124 NaN NaN NaN 189.03580 -145.65480 16.69586 273.63672 -195.68422 -62.93649 NaN NaN NaN 27.30510 -184.29672 19.40164 -43.76777 -208.42747 -87.22906
33047 1.49957 NaN NaN NaN 188.93102 -145.53581 16.50910 273.63406 -195.68336 -62.87966 NaN NaN NaN 29.22284 -182.85228 18.69087 -44.08247 -208.88084 -85.95486
33048 1.50790 NaN NaN NaN 188.74210 -145.36830 16.31073 273.63928 -195.68341 -62.79356 NaN NaN NaN 31.21469 -181.34746 17.88897 -44.34058 -209.31683 -84.62584
33049 1.51623 NaN NaN NaN 188.56104 -145.10915 16.07808 273.62598 -195.65698 -62.66871 NaN NaN NaN 33.12056 -179.94254 17.06332 -44.56253 -209.71849 -83.38462
33050 1.52456 NaN NaN NaN 188.32809 -144.84462 15.84033 273.60620 -195.59157 -62.46046 NaN NaN NaN 34.85725 -178.63875 16.16930 -44.66103 -210.00130 -82.30782
33051 1.53290 NaN NaN NaN 188.02997 -144.52763 15.60945 273.56650 -195.48953 -62.25519 NaN NaN NaN 36.40063 -177.42369 15.34129 -44.63605 -210.17461 -81.48407
33052 1.54123 NaN NaN NaN 187.64139 -144.12531 15.30510 273.50482 -195.42155 -62.01125 NaN NaN NaN 37.68169 -176.48695 14.53641 -44.56633 -210.14027 -80.87273
33053 1.54956 NaN NaN NaN 187.25980 -143.70444 14.96451 273.43710 -195.34135 -61.77369 NaN NaN NaN 38.83263 -175.68484 13.85779 -44.41826 -210.02226 -80.53262
33054 1.55789 NaN NaN NaN 186.80830 -143.29564 14.56636 273.40576 -195.31139 -61.48847 NaN NaN NaN 39.76671 -175.12369 13.17241 -44.20761 -209.82671 -80.43915
33055 1.56622 NaN NaN NaN 186.33728 -142.80984 14.18395 273.33646 -195.26334 -61.13199 NaN NaN NaN 40.61040 -174.70117 12.58439 -43.93909 -209.56204 -80.47734
33056 1.57455 NaN NaN NaN 185.89288 -142.30280 13.73719 273.27454 -195.24271 -60.79822 NaN NaN NaN 41.39054 -174.26776 11.96493 -43.67350 -209.29877 -80.54736
33057 1.58288 NaN NaN NaN 185.38588 -141.79713 13.26945 273.19586 -195.19740 -60.43856 NaN NaN NaN 42.13948 -173.80614 11.33448 -43.39984 -209.09390 -80.60257
33058 1.59121 NaN NaN NaN 184.87427 -141.30379 12.78608 273.10043 -195.12651 -60.02603 NaN NaN NaN 42.91550 -173.24948 10.69713 -43.15734 -208.96829 -80.53041
33059 1.59955 NaN NaN NaN 184.35201 -140.80670 12.40285 272.98721 -195.06612 -59.64149 NaN NaN NaN 43.66842 -172.57590 10.07806 -43.02678 -208.93407 -80.30988
33060 1.60788 NaN NaN NaN 183.87340 -140.34442 12.05998 272.86673 -194.97867 -59.29342 NaN NaN NaN 44.43452 -171.87320 9.44407 -42.95612 -209.00586 -79.94473
33061 1.61621 NaN NaN NaN 183.39468 -139.85573 11.63893 272.79071 -194.92488 -58.86554 NaN NaN NaN 45.17088 -171.20903 8.98132 -42.88345 -209.10574 -79.48185
33062 1.62454 NaN NaN NaN 182.99207 -139.44383 11.30908 272.70889 -194.86787 -58.51596 NaN NaN NaN 45.84378 -170.50690 8.41688 -42.90496 -209.22569 -78.93222
33063 1.63287 NaN NaN NaN 182.67262 -139.09479 11.04153 272.63843 -194.83119 -58.28325 NaN NaN NaN 46.47672 -169.87755 7.95911 -42.91515 -209.34451 -78.36062
33064 1.64120 NaN NaN NaN 182.38956 -138.76901 10.80414 272.55215 -194.74834 -58.02472 NaN NaN NaN 47.02083 -169.29195 7.61337 -42.97843 -209.47842 -77.84535
33065 1.64953 NaN NaN NaN 182.17221 -138.52460 10.57495 272.50092 -194.69930 -57.80251 NaN NaN NaN 47.48502 -168.77203 7.30431 -43.00274 -209.57509 -77.35077
33066 1.65786 NaN NaN NaN 182.01482 -138.35394 10.34918 272.48032 -194.69768 -57.62391 NaN NaN NaN 47.79425 -168.35603 6.93159 -43.06973 -209.67998 -76.98870
33067 1.66620 NaN NaN NaN 181.86186 -138.16734 10.17537 272.48660 -194.71552 -57.49352 NaN NaN NaN 48.02301 -168.06514 6.71029 -43.08907 -209.72771 -76.77450
33068 1.67453 NaN NaN NaN 181.71260 -138.03366 10.01587 272.48602 -194.74873 -57.39442 NaN NaN NaN 48.14234 -167.93161 6.61710 -43.05246 -209.75089 -76.70322
33069 1.68286 NaN NaN NaN 181.60573 -137.91408 9.89949 272.45096 -194.71313 -57.27479 NaN NaN NaN 48.20782 -167.90538 6.56834 -43.03513 -209.74117 -76.72601
33070 1.69119 NaN NaN NaN 181.54117 -137.80371 9.83267 272.43530 -194.71106 -57.19526 NaN NaN NaN 48.21797 -167.96330 6.58738 -42.98705 -209.74179 -76.78647
33071 1.69952 NaN NaN NaN 181.49864 -137.71167 9.79170 272.41653 -194.69635 -57.09146 NaN NaN NaN 48.18124 -168.09972 6.58352 -42.98536 -209.72661 -76.85468
33072 1.70785 NaN NaN NaN 181.47873 -137.67873 9.78505 272.41595 -194.71892 -57.03374 NaN NaN NaN 48.15987 -168.20830 6.57279 -42.98655 -209.75319 -76.93827
33073 1.71618 NaN NaN NaN 181.46100 -137.67125 9.78452 272.42117 -194.73926 -56.98909 NaN NaN NaN 48.18067 -168.31059 6.54830 -42.99622 -209.79140 -76.94757
33074 1.72452 NaN NaN NaN 181.44070 -137.74315 9.78801 272.44089 -194.80226 -56.95800 NaN NaN NaN 48.26173 -168.33002 6.48516 -43.04625 -209.91364 -76.86021
33075 1.73285 NaN NaN NaN 181.45358 -137.82069 9.79593 272.45032 -194.84541 -56.97214 NaN NaN NaN 48.36575 -168.28708 6.40175 -43.09373 -210.05333 -76.70817
33076 1.74118 NaN NaN NaN 181.45714 -137.91451 9.79231 272.47040 -194.91383 -56.98985 NaN NaN NaN 48.46124 -168.25139 6.34420 -43.09683 -210.22456 -76.58915
33077 1.74951 NaN NaN NaN 181.46341 -138.02516 9.79346 272.52524 -194.99353 -57.05424 NaN NaN NaN 48.56283 -168.24129 6.29168 -43.07947 -210.34598 -76.51045
33078 1.75784 NaN NaN NaN 181.44891 -138.12895 9.74303 272.56592 -195.07330 -57.07837 NaN NaN NaN 48.64612 -168.25542 6.24015 -43.04225 -210.43605 -76.46878
33079 1.76617 NaN NaN NaN 181.44536 -138.22777 9.68391 272.58508 -195.12880 -57.10876 NaN NaN NaN 48.74457 -168.30698 6.21331 -42.97145 -210.44644 -76.47107
33080 1.77450 NaN NaN NaN 181.42674 -138.31972 9.61750 272.60153 -195.19049 -57.14976 NaN NaN NaN 48.80806 -168.34660 6.19080 -42.92961 -210.45003 -76.50617
33081 1.78283 NaN NaN NaN 181.40297 -138.38863 9.52918 272.61292 -195.20638 -57.17887 NaN NaN NaN 48.84168 -168.38684 6.15938 -42.87991 -210.44025 -76.53163
33082 1.79117 NaN NaN NaN 181.39006 -138.40388 9.45403 272.64142 -195.25916 -57.16703 NaN NaN NaN 48.88742 -168.46718 6.08859 -42.82850 -210.40160 -76.61629
33083 1.79950 NaN NaN NaN 181.36090 -138.42314 9.37203 272.65002 -195.29358 -57.14933 NaN NaN NaN 48.94091 -168.58099 6.04178 -42.79990 -210.38072 -76.69442
33084 1.80783 NaN NaN NaN 181.31041 -138.42506 9.25155 272.65280 -195.34077 -57.11840 NaN NaN NaN 49.00137 -168.62161 5.98440 -42.78285 -210.39134 -76.72423
33085 1.81616 NaN NaN NaN 181.22176 -138.40160 9.17245 272.65421 -195.35718 -57.02217 NaN NaN NaN 49.07351 -168.65456 5.94360 -42.74749 -210.38957 -76.79916
33086 1.82449 NaN NaN NaN 181.13448 -138.33781 9.10812 272.66147 -195.38089 -56.89524 NaN NaN NaN 49.11317 -168.66821 5.93369 -42.66675 -210.38087 -76.83921
33087 1.83282 NaN NaN NaN 181.08011 -138.25099 9.06573 272.64432 -195.42355 -56.82872 NaN NaN NaN 49.14664 -168.68587 5.92890 -42.61463 -210.37581 -76.86718
33088 1.84115 NaN NaN NaN 180.98259 -138.18306 8.97788 272.60172 -195.42899 -56.76306 NaN NaN NaN 49.19293 -168.65823 5.91812 -42.56298 -210.38008 -76.92066
33089 1.84948 NaN NaN NaN 180.89819 -138.11909 8.88321 272.57080 -195.42274 -56.67413 NaN NaN NaN 49.22281 -168.66585 5.91246 -42.50884 -210.35205 -76.95078
33090 1.85782 NaN NaN NaN 180.77328 -138.00922 8.78015 272.52896 -195.40799 -56.56109 NaN NaN NaN 49.23724 -168.67027 5.90990 -42.45089 -210.32079 -76.98324
33091 1.86615 NaN NaN NaN 180.68034 -137.91176 8.72559 272.48364 -195.37679 -56.49585 NaN NaN NaN 49.23190 -168.67427 5.92550 -42.38767 -210.27547 -77.03973
33092 1.87448 NaN NaN NaN 180.57343 -137.81873 8.68211 272.44376 -195.36426 -56.45073 NaN NaN NaN 49.21993 -168.66344 5.98354 -42.32451 -210.26199 -77.10640
33093 1.88281 NaN NaN NaN 180.49991 -137.73085 8.63976 272.43124 -195.35091 -56.37570 NaN NaN NaN 49.18739 -168.65259 6.02536 -42.25033 -210.25818 -77.15087
33094 1.89114 NaN NaN NaN 180.42210 -137.64507 8.59299 272.40579 -195.34589 -56.28759 NaN NaN NaN 49.15165 -168.65669 6.09880 -42.21202 -210.23553 -77.18936
33095 1.89947 NaN NaN NaN 180.37761 -137.55630 8.56892 272.37918 -195.33844 -56.21196 NaN NaN NaN 49.12180 -168.65022 6.13337 -42.20876 -210.21228 -77.20254
33096 1.90780 NaN NaN NaN 180.34724 -137.44986 8.51031 272.37057 -195.29915 -56.18012 NaN NaN NaN 49.08702 -168.62956 6.20959 -42.19718 -210.17867 -77.23272
33097 1.91614 NaN NaN NaN 180.32977 -137.38792 8.53059 272.38208 -195.25549 -56.11644 NaN NaN NaN 49.04010 -168.67082 6.27122 -42.19629 -210.11969 -77.28257
33098 1.92447 NaN NaN NaN 180.30309 -137.34164 8.54715 272.36606 -195.23595 -56.08707 NaN NaN NaN 48.93941 -168.66348 6.31829 -42.16274 -210.07526 -77.36655
33099 1.93280 NaN NaN NaN 180.29436 -137.32866 8.57589 272.37164 -195.18983 -56.04187 NaN NaN NaN 48.83937 -168.66193 6.35283 -42.15349 -210.01166 -77.47121
33100 1.94113 NaN NaN NaN 180.30380 -137.29414 8.60023 272.35605 -195.15642 -55.98815 NaN NaN NaN 48.74541 -168.70570 6.40957 -42.13986 -209.93140 -77.57012
33101 1.94946 NaN NaN NaN 180.29277 -137.25227 8.68809 272.37433 -195.10306 -55.96378 NaN NaN NaN 48.63939 -168.72804 6.49284 -42.13113 -209.86684 -77.67027
33102 1.95779 NaN NaN NaN 180.31444 -137.21762 8.74897 272.38269 -195.01212 -55.94046 NaN NaN NaN 48.51405 -168.80533 6.56099 -42.13189 -209.79681 -77.75903
33103 1.96612 NaN NaN NaN 180.32428 -137.18901 8.82010 272.38211 -194.93037 -55.92641 NaN NaN NaN 48.43262 -168.87701 6.63803 -42.14666 -209.76865 -77.81704
33104 1.97445 NaN NaN NaN 180.32947 -137.14108 8.84941 272.36649 -194.86232 -55.92191 NaN NaN NaN 48.37152 -168.90996 6.66795 -42.17540 -209.72591 -77.83476
33105 1.98279 NaN NaN NaN 180.31775 -137.08968 8.90123 272.35107 -194.80420 -55.88039 NaN NaN NaN 48.36367 -168.90733 6.67850 -42.21824 -209.68388 -77.84136
33106 1.99112 NaN NaN NaN 180.28862 -137.04166 8.88550 272.33545 -194.76227 -55.80516 NaN NaN NaN 48.32998 -168.88029 6.67036 -42.24127 -209.65344 -77.84979
33107 1.99945 NaN NaN NaN 180.23334 -136.94899 8.89083 272.29959 -194.72516 -55.76184 NaN NaN NaN 48.29324 -168.85886 6.67515 -42.26970 -209.63371 -77.85779
33108 2.00778 NaN NaN NaN 180.17479 -136.89836 8.82644 272.25650 -194.66998 -55.69928 NaN NaN NaN 48.26181 -168.82681 6.67928 -42.33797 -209.59756 -77.84198
33109 2.01611 NaN NaN NaN 180.12154 -136.79192 8.80995 272.24094 -194.62401 -55.65889 NaN NaN NaN 48.22475 -168.80164 6.68096 -42.35357 -209.54279 -77.84042
33110 2.02444 NaN NaN NaN 180.03973 -136.67659 8.72478 272.23279 -194.57964 -55.57984 NaN NaN NaN 48.17805 -168.76903 6.68036 -42.37204 -209.49103 -77.85210
33111 2.03277 NaN NaN NaN 179.95564 -136.54781 8.69118 272.22455 -194.56602 -55.48180 NaN NaN NaN 48.15043 -168.77376 6.70130 -42.39602 -209.43066 -77.89265
33112 2.04110 NaN NaN NaN 179.86388 -136.44322 8.61163 272.21277 -194.51443 -55.38060 NaN NaN NaN 48.09313 -168.77428 6.71649 -42.40703 -209.38910 -77.94492
33113 2.04944 NaN NaN NaN 179.77562 -136.35413 8.56604 272.17133 -194.46248 -55.28548 NaN NaN NaN 48.06470 -168.79910 6.73050 -42.43118 -209.35136 -77.98695
33114 2.05777 NaN NaN NaN 179.70779 -136.23605 8.51439 272.14114 -194.44267 -55.19540 NaN NaN NaN 48.01779 -168.83504 6.73277 -42.43835 -209.33034 -78.03014
33115 2.06610 NaN NaN NaN 179.61841 -136.13715 8.45757 272.13516 -194.43919 -55.12449 NaN NaN NaN 47.99912 -168.85590 6.71810 -42.46542 -209.31573 -78.05647
33116 2.07443 NaN NaN NaN 179.51233 -136.04022 8.39638 272.11707 -194.43291 -55.03169 NaN NaN NaN 47.99769 -168.84212 6.69076 -42.48926 -209.29041 -78.08343
33117 2.08276 NaN NaN NaN 179.41730 -135.94582 8.31105 272.12030 -194.41890 -54.96083 NaN NaN NaN 48.02272 -168.83575 6.66647 -42.51082 -209.26929 -78.12568
33118 2.09109 NaN NaN NaN 179.34190 -135.83481 8.16939 272.09998 -194.38347 -54.84832 NaN NaN NaN 48.03836 -168.83429 6.63707 -42.51847 -209.20630 -78.16177
33119 2.09942 NaN NaN NaN 179.29353 -135.75497 8.06765 272.07773 -194.32562 -54.77151 NaN NaN NaN 48.06483 -168.81674 6.58637 -42.52958 -209.18617 -78.17143
33120 2.10775 NaN NaN NaN 179.20528 -135.70010 7.95552 272.04681 -194.33194 -54.67478 NaN NaN NaN 48.08362 -168.80896 6.55862 -42.52179 -209.16356 -78.17376
33121 2.11609 NaN NaN NaN 179.07365 -135.63222 7.87244 271.99948 -194.33704 -54.57458 NaN NaN NaN 48.10452 -168.83794 6.50973 -42.55172 -209.18445 -78.17526
33122 2.12442 NaN NaN NaN 178.93700 -135.50697 7.74015 271.97217 -194.36649 -54.47536 NaN NaN NaN 48.11013 -168.85153 6.51561 -42.55156 -209.20270 -78.16889
33123 2.13275 NaN NaN NaN 178.85237 -135.41164 7.66313 271.95352 -194.36081 -54.37433 NaN NaN NaN 48.11968 -168.88643 6.51326 -42.56341 -209.22787 -78.14314
33124 2.14108 NaN NaN NaN 178.79771 -135.29547 7.59522 271.92886 -194.37027 -54.27207 NaN NaN NaN 48.11557 -168.91206 6.51091 -42.56797 -209.23050 -78.13786
33125 2.14941 NaN NaN NaN 178.71352 -135.27194 7.54294 271.92752 -194.35649 -54.17801 NaN NaN NaN 48.11267 -168.95277 6.53284 -42.58877 -209.23875 -78.12308
33126 2.15774 NaN NaN NaN 178.63506 -135.26761 7.49641 271.91351 -194.36710 -54.09937 NaN NaN NaN 48.09650 -169.00156 6.56164 -42.60711 -209.26964 -78.10193
33127 2.16607 NaN NaN NaN 178.56805 -135.21179 7.45672 271.90497 -194.37802 -54.02256 NaN NaN NaN 48.09407 -169.03113 6.57828 -42.61357 -209.30016 -78.09611
33128 2.17441 NaN NaN NaN 178.52728 -135.19229 7.42331 271.92462 -194.41386 -53.97734 NaN NaN NaN 48.08931 -169.08727 6.58868 -42.61028 -209.32608 -78.09278
33129 2.18274 NaN NaN NaN 178.48402 -135.17184 7.37108 271.93542 -194.44958 -53.93500 NaN NaN NaN 48.07660 -169.14288 6.58098 -42.64759 -209.34871 -78.08970
33130 2.19107 NaN NaN NaN 178.42726 -135.17557 7.27938 271.94073 -194.48099 -53.90973 NaN NaN NaN 48.07167 -169.21945 6.57100 -42.67457 -209.37056 -78.07438
33131 2.19940 NaN NaN NaN 178.38565 -135.16797 7.18553 271.93451 -194.52843 -53.86568 NaN NaN NaN 48.06500 -169.27246 6.55283 -42.70153 -209.40855 -78.05344
33132 2.20773 NaN NaN NaN 178.32915 -135.16209 7.08477 271.92728 -194.56244 -53.78685 NaN NaN NaN 48.08539 -169.32375 6.54245 -42.72729 -209.46512 -78.03714
33133 2.21606 NaN NaN NaN 178.26094 -135.16476 6.97513 271.93616 -194.60316 -53.73511 NaN NaN NaN 48.10726 -169.33994 6.51157 -42.73742 -209.50526 -78.01194
33134 2.22439 NaN NaN NaN 178.17592 -135.14270 6.89027 271.92596 -194.62697 -53.69469 NaN NaN NaN 48.12015 -169.35585 6.48444 -42.75989 -209.54353 -78.00419
33135 2.23272 NaN NaN NaN 178.09642 -135.12363 6.79169 271.90625 -194.64542 -53.63243 NaN NaN NaN 48.14505 -169.39423 6.46399 -42.77510 -209.59137 -77.93744
33136 2.24106 NaN NaN NaN 178.00047 -135.06499 6.72839 271.86487 -194.63754 -53.56775 NaN NaN NaN 48.16920 -169.42081 6.44397 -42.79039 -209.62901 -77.91972
33137 2.24939 NaN NaN NaN 177.92113 -135.02661 6.62602 271.82990 -194.64604 -53.50150 NaN NaN NaN 48.21512 -169.44156 6.42048 -42.81419 -209.64250 -77.88748
33138 2.25772 NaN NaN NaN 177.84575 -134.98656 6.52998 271.80606 -194.68382 -53.44588 NaN NaN NaN 48.28472 -169.45828 6.38622 -42.85754 -209.66725 -77.84497
33139 2.26605 NaN NaN NaN 177.79993 -134.94429 6.49579 271.80200 -194.70793 -53.39542 NaN NaN NaN 48.36030 -169.43646 6.35358 -42.89056 -209.66415 -77.79938
33140 2.27438 NaN NaN NaN 177.74773 -134.92007 6.47371 271.79733 -194.70941 -53.34264 NaN NaN NaN 48.40285 -169.38950 6.27382 -42.94503 -209.71445 -77.71576
33141 2.28271 NaN NaN NaN 177.69421 -134.93616 6.44245 271.78714 -194.72894 -53.29688 NaN NaN NaN 48.47099 -169.32034 6.19948 -42.99255 -209.75027 -77.63040
33142 2.29104 NaN NaN NaN 177.65359 -134.95001 6.42726 271.76999 -194.71225 -53.26767 NaN NaN NaN 48.53913 -169.24159 6.13906 -43.05676 -209.80284 -77.45274
33143 2.29937 NaN NaN NaN 177.64510 -134.91147 6.42683 271.77924 -194.71323 -53.22137 NaN NaN NaN 48.60158 -169.17296 6.02843 -43.13542 -209.83006 -77.26395
33144 2.30771 NaN NaN NaN 177.62172 -134.90276 6.43852 271.77698 -194.68211 -53.20572 NaN NaN NaN 48.68016 -169.07021 5.87616 -43.22335 -209.82509 -77.09660
33145 2.31604 NaN NaN NaN 177.60997 -134.89424 6.44732 271.77957 -194.69737 -53.17570 NaN NaN NaN 48.81856 -168.94374 5.74218 -43.33440 -209.84512 -76.90937
33146 2.32437 NaN NaN NaN 177.58850 -134.90942 6.44577 271.75668 -194.69550 -53.15269 NaN NaN NaN 48.92015 -168.84125 5.59909 -43.44286 -209.92781 -76.72768
33147 2.33270 NaN NaN NaN 177.54808 -134.89655 6.45431 271.74292 -194.71494 -53.11425 NaN NaN NaN 49.05916 -168.66780 5.42698 -43.51785 -209.96432 -76.56385
33148 2.34103 NaN NaN NaN 177.50720 -134.88695 6.43588 271.73392 -194.69847 -53.10751 NaN NaN NaN 49.19851 -168.50945 5.28944 -43.59354 -209.96474 -76.47771
33149 2.34936 NaN NaN NaN 177.46480 -134.82373 6.40182 271.71259 -194.69093 -53.06610 NaN NaN NaN 49.31581 -168.35132 5.16457 -43.63085 -209.95175 -76.37411
33150 2.35769 NaN NaN NaN 177.41600 -134.77766 6.37100 271.71194 -194.66811 -52.99159 NaN NaN NaN 49.40577 -168.21759 5.08949 -43.62184 -209.89105 -76.26609
33151 2.36603 NaN NaN NaN 177.34380 -134.72687 6.34441 271.67731 -194.62154 -52.91289 NaN NaN NaN 49.47644 -168.10037 4.99663 -43.59534 -209.85170 -76.20127
33152 2.37436 NaN NaN NaN 177.24144 -134.66638 6.24691 271.65750 -194.59554 -52.79540 NaN NaN NaN 49.50644 -167.99590 4.94485 -43.57591 -209.84451 -76.22277
33153 2.38269 NaN NaN NaN 177.14601 -134.54831 6.14217 271.65909 -194.57686 -52.63208 NaN NaN NaN 49.51464 -167.93633 4.92184 -43.55256 -209.75053 -76.26850
33154 2.39102 NaN NaN NaN 177.01064 -134.36774 6.06391 271.61887 -194.53558 -52.50855 NaN NaN NaN 49.52818 -167.92088 4.92247 -43.53273 -209.72235 -76.32101
33155 2.39935 NaN NaN NaN 176.88316 -134.20955 5.98029 271.56531 -194.49150 -52.35153 NaN NaN NaN 49.53121 -167.90633 4.92108 -43.52296 -209.68216 -76.36398
33156 2.40768 NaN NaN NaN 176.78735 -134.04204 5.91633 271.53406 -194.45934 -52.19368 NaN NaN NaN 49.54392 -167.87363 4.88688 -43.46475 -209.59583 -76.43559
33157 2.41601 NaN NaN NaN 176.70520 -133.88449 5.86036 271.49774 -194.40102 -52.01908 NaN NaN NaN 49.62738 -167.79755 4.84531 -43.43591 -209.53502 -76.48170
33158 2.42434 NaN NaN NaN 176.62547 -133.72198 5.77753 271.46301 -194.35269 -51.85769 NaN NaN NaN 49.69092 -167.72789 4.80149 -43.40872 -209.44165 -76.52476
33159 2.43268 NaN NaN NaN 176.50896 -133.58421 5.73308 271.43527 -194.35336 -51.67984 NaN NaN NaN 49.74433 -167.63768 4.72830 -43.35570 -209.38736 -76.54895
33160 2.44101 NaN NaN NaN 176.41147 -133.44388 5.70336 271.42334 -194.30333 -51.50114 NaN NaN NaN 49.82472 -167.53781 4.65723 -43.30565 -209.37000 -76.53178
33161 2.44934 NaN NaN NaN 176.34181 -133.35571 5.64945 271.40027 -194.29631 -51.31532 NaN NaN NaN 49.90949 -167.43706 4.57320 -43.28555 -209.33229 -76.50529
33162 2.45767 NaN NaN NaN 176.26949 -133.27422 5.62438 271.35614 -194.30682 -51.20485 NaN NaN NaN 49.95533 -167.34296 4.48007 -43.25304 -209.35840 -76.46941
33163 2.46600 NaN NaN NaN 176.18718 -133.20403 5.58384 271.31046 -194.32481 -51.09110 NaN NaN NaN 49.99317 -167.27817 4.43272 -43.24762 -209.37561 -76.41356
33164 2.47433 NaN NaN NaN 176.12595 -133.15500 5.53053 271.29883 -194.31432 -50.98384 NaN NaN NaN 50.02849 -167.24068 4.35400 -43.25471 -209.41765 -76.33357
33165 2.48266 NaN NaN NaN 176.02818 -133.10918 5.48683 271.29544 -194.35339 -50.86264 NaN NaN NaN 50.07206 -167.21449 4.30309 -43.28029 -209.46408 -76.22121
33166 2.49099 NaN NaN NaN 175.92303 -133.03485 5.42581 271.25519 -194.37076 -50.74774 NaN NaN NaN 50.11131 -167.18642 4.25956 -43.34530 -209.49504 -76.08968
33167 2.49933 NaN NaN NaN 175.82881 -132.95628 5.34720 271.23654 -194.44833 -50.55658 NaN NaN NaN 50.18182 -167.15282 4.21495 -43.44165 -209.55040 -75.94667
33168 2.50766 NaN NaN NaN 175.72690 -132.84312 5.25236 271.21008 -194.54819 -50.41750 NaN NaN NaN 50.23621 -167.08562 4.15961 -43.57151 -209.58475 -75.77391
33169 2.51599 NaN NaN NaN 175.62152 -132.76672 5.18803 271.18549 -194.61009 -50.32789 NaN NaN NaN 50.29276 -167.03635 4.07113 -43.69095 -209.65523 -75.61745
33170 2.52432 NaN NaN NaN 175.54160 -132.73416 5.12582 271.13629 -194.63264 -50.17898 NaN NaN NaN 50.35025 -167.00012 3.99202 -43.79076 -209.78355 -75.41978
33171 2.53265 NaN NaN NaN 175.45575 -132.67166 5.06563 271.08817 -194.62831 -50.03861 NaN NaN NaN 50.39566 -166.94516 3.92962 -43.91232 -209.94904 -75.21363
33172 2.54098 NaN NaN NaN 175.38898 -132.61827 5.04868 271.06497 -194.65276 -49.93696 NaN NaN NaN 50.46547 -166.83089 3.81206 -43.98141 -210.09854 -74.96666
33173 2.54931 NaN NaN NaN 175.31850 -132.58911 5.01460 271.03183 -194.67610 -49.80899 NaN NaN NaN 50.56786 -166.73444 3.67394 -44.08535 -210.24818 -74.76344
33174 2.55765 NaN NaN NaN 175.24112 -132.53046 5.00638 271.00839 -194.70332 -49.72738 NaN NaN NaN 50.68207 -166.63637 3.55663 -44.15886 -210.36331 -74.59238
33175 2.56598 NaN NaN NaN 175.18445 -132.51881 4.98368 270.98798 -194.73207 -49.66383 NaN NaN NaN 50.78047 -166.54301 3.45349 -44.20650 -210.47731 -74.42478
33176 2.57431 NaN NaN NaN 175.15503 -132.50482 4.99888 270.96390 -194.75502 -49.61072 NaN NaN NaN 50.84672 -166.47353 3.31277 -44.25366 -210.57663 -74.25320
33177 2.58264 NaN NaN NaN 175.10872 -132.51437 5.01217 270.94940 -194.76411 -49.57463 NaN NaN NaN 50.92545 -166.42444 3.17238 -44.27598 -210.65955 -74.13270
33178 2.59097 NaN NaN NaN 175.09708 -132.55466 5.03342 270.93195 -194.77182 -49.57156 NaN NaN NaN 51.00071 -166.34244 3.02501 -44.33244 -210.77641 -73.97798
33179 2.59930 NaN NaN NaN 175.09393 -132.58060 5.05953 270.92050 -194.79228 -49.55901 NaN NaN NaN 51.13150 -166.25031 2.89753 -44.35472 -210.84113 -73.77518
33180 2.60763 NaN NaN NaN 175.11320 -132.62004 5.09095 270.92657 -194.82681 -49.55027 NaN NaN NaN 51.26912 -166.12900 2.76035 -44.37770 -210.92044 -73.61803
33181 2.61596 NaN NaN NaN 175.13217 -132.71208 5.14697 270.92841 -194.86797 -49.57062 NaN NaN NaN 51.37024 -166.01779 2.67929 -44.38170 -210.98456 -73.51244
33182 2.62430 NaN NaN NaN 175.17865 -132.77393 5.18312 270.92639 -194.90123 -49.58062 NaN NaN NaN 51.45593 -165.93221 2.61698 -44.36366 -211.05060 -73.43362
33183 2.63263 NaN NaN NaN 175.22955 -132.91678 5.25672 270.93164 -194.93925 -49.59527 NaN NaN NaN 51.52195 -165.87727 2.58726 -44.33902 -211.07545 -73.40581
33184 2.64096 NaN NaN NaN 175.25169 -133.00691 5.29412 270.95865 -194.97208 -49.62643 NaN NaN NaN 51.56122 -165.85405 2.56942 -44.31992 -211.12692 -73.36677
33185 2.64929 NaN NaN NaN 175.27786 -133.03828 5.32569 270.97260 -194.99074 -49.65092 NaN NaN NaN 51.57787 -165.84952 2.55208 -44.31299 -211.15155 -73.34128
33186 2.65762 NaN NaN NaN 175.30318 -133.08464 5.34992 270.98685 -195.00287 -49.69182 NaN NaN NaN 51.59048 -165.84608 2.54315 -44.32149 -211.18338 -73.28279
33187 2.66595 NaN NaN NaN 175.33168 -133.12921 5.39696 270.98828 -195.03001 -49.71966 NaN NaN NaN 51.60415 -165.82404 2.54077 -44.32181 -211.21384 -73.22225
33188 2.67428 NaN NaN NaN 175.34387 -133.14928 5.44482 270.97989 -195.05017 -49.73815 NaN NaN NaN 51.60489 -165.80901 2.55960 -44.32995 -211.27209 -73.19200
33189 2.68261 NaN NaN NaN 175.36768 -133.17523 5.47572 270.96875 -195.05489 -49.76575 NaN NaN NaN 51.59567 -165.80174 2.56358 -44.33241 -211.30013 -73.17725
33190 2.69095 NaN NaN NaN 175.37238 -133.17708 5.50729 270.96277 -195.07367 -49.77501 NaN NaN NaN 51.56973 -165.80708 2.59400 -44.33294 -211.33769 -73.15909
33191 2.69928 NaN NaN NaN 175.37747 -133.19385 5.52483 270.96835 -195.07004 -49.79964 NaN NaN NaN 51.53540 -165.82869 2.60678 -44.32970 -211.33705 -73.15871
33192 2.70761 NaN NaN NaN 175.38936 -133.18343 5.55571 270.95096 -195.07339 -49.79033 NaN NaN NaN 51.49834 -165.83232 2.62428 -44.33225 -211.35501 -73.15372
33193 2.71594 NaN NaN NaN 175.39061 -133.18964 5.57898 270.93103 -195.05466 -49.80641 NaN NaN NaN 51.47948 -165.82845 2.63692 -44.36498 -211.38069 -73.13550
33194 2.72427 NaN NaN NaN 175.36887 -133.17703 5.59556 270.91586 -195.04994 -49.80722 NaN NaN NaN 51.47627 -165.80934 2.64723 -44.37449 -211.38933 -73.11674
33195 2.73260 NaN NaN NaN 175.35957 -133.23039 5.65268 270.89984 -195.04095 -49.81541 NaN NaN NaN 51.46391 -165.80391 2.65614 -44.39239 -211.43250 -73.08292
33196 2.74093 NaN NaN NaN 175.37158 -133.21443 5.65103 270.89127 -195.03734 -49.80357 NaN NaN NaN 51.46442 -165.80106 2.64656 -44.39486 -211.44569 -73.01805
33197 2.74926 NaN NaN NaN 175.35040 -133.22894 5.70402 270.89923 -195.02097 -49.81234 NaN NaN NaN 51.46905 -165.80231 2.62990 -44.39579 -211.46179 -72.99342
33198 2.75760 NaN NaN NaN 175.34634 -133.17613 5.66862 270.89636 -195.00012 -49.80312 NaN NaN NaN 51.47828 -165.78998 2.61506 -44.40252 -211.45168 -72.98597
33199 2.76593 NaN NaN NaN 175.32338 -133.19572 5.70870 270.88644 -194.98465 -49.80753 NaN NaN NaN 51.49395 -165.74892 2.58992 -44.41963 -211.44432 -72.97691
33200 2.77426 NaN NaN NaN 175.33965 -133.14503 5.67717 270.88321 -194.97552 -49.80919 NaN NaN NaN 51.53590 -165.68697 2.56255 -44.42640 -211.41025 -72.95873
33201 2.78259 NaN NaN NaN 175.33385 -133.16701 5.70155 270.88507 -194.97075 -49.82335 NaN NaN NaN 51.59521 -165.61859 2.51854 -44.42665 -211.37465 -72.90596
33202 2.79092 NaN NaN NaN 175.35522 -133.12863 5.71025 270.90128 -194.96767 -49.79609 NaN NaN NaN 51.65494 -165.56410 2.45924 -44.41528 -211.35155 -72.87952
33203 2.79925 NaN NaN NaN 175.34419 -133.15123 5.72326 270.89734 -194.96298 -49.79960 NaN NaN NaN 51.71460 -165.45271 2.39076 -44.40285 -211.34729 -72.84180
33204 2.80758 NaN NaN NaN 175.35748 -133.12503 5.72572 270.89621 -194.94341 -49.80222 NaN NaN NaN 51.74610 -165.33778 2.32140 -44.37608 -211.32959 -72.80903
33205 2.81592 NaN NaN NaN 175.35600 -133.09940 5.71815 270.88266 -194.92114 -49.81614 NaN NaN NaN 51.79334 -165.24040 2.28254 -44.35855 -211.32077 -72.77621
33206 2.82425 NaN NaN NaN 175.35612 -133.08925 5.70149 270.87476 -194.89676 -49.81401 NaN NaN NaN 51.85472 -165.14571 2.21613 -44.33266 -211.30766 -72.67461
33207 2.83258 NaN NaN NaN 175.33630 -133.09435 5.73736 270.88016 -194.88751 -49.82356 NaN NaN NaN 51.91382 -165.09637 2.17831 -44.30752 -211.29872 -72.64543
33208 2.84091 NaN NaN NaN 175.34854 -133.06924 5.72500 270.88455 -194.87021 -49.78717 NaN NaN NaN 51.96700 -165.04735 2.16919 -44.30097 -211.25877 -72.63769
33209 2.84924 NaN NaN NaN 175.33691 -133.07407 5.74291 270.88788 -194.87000 -49.77227 NaN NaN NaN 51.98228 -165.00114 2.16625 -44.28490 -211.24216 -72.63960
33210 2.85757 NaN NaN NaN 175.35345 -133.04369 5.72819 270.87241 -194.83466 -49.75997 NaN NaN NaN 52.01172 -164.95694 2.17433 -44.26630 -211.18915 -72.61582
33211 2.86590 NaN NaN NaN 175.36166 -133.01768 5.73718 270.87735 -194.83437 -49.76037 NaN NaN NaN 52.01628 -164.91808 2.18144 -44.24675 -211.15895 -72.61468
33212 2.87423 NaN NaN NaN 175.37543 -132.99947 5.75586 270.88812 -194.81323 -49.76426 NaN NaN NaN 52.03424 -164.88596 2.18553 -44.24435 -211.11984 -72.58394
33213 2.88257 NaN NaN NaN 175.36914 -133.01904 5.78447 270.89444 -194.79689 -49.75559 NaN NaN NaN 52.05577 -164.85057 2.16593 -44.23546 -211.11501 -72.58347
33214 2.89090 NaN NaN NaN 175.38365 -132.99855 5.79488 270.89972 -194.77324 -49.74998 NaN NaN NaN 52.05887 -164.84334 2.17602 -44.24302 -211.11049 -72.56419
33215 2.89923 NaN NaN NaN 175.40286 -133.02100 5.85099 270.90399 -194.76172 -49.74788 NaN NaN NaN 52.06744 -164.83730 2.16888 -44.23044 -211.09225 -72.55370
33216 2.90756 NaN NaN NaN 175.42253 -132.97852 5.85423 270.91785 -194.75304 -49.74849 NaN NaN NaN 52.06702 -164.84155 2.17734 -44.23716 -211.07950 -72.53176
33217 2.91589 NaN NaN NaN 175.43130 -132.99858 5.87082 270.94070 -194.73914 -49.74480 NaN NaN NaN 52.05508 -164.83002 2.16410 -44.25061 -211.06641 -72.54370
33218 2.92422 NaN NaN NaN 175.44737 -132.95195 5.88888 270.93042 -194.73787 -49.75111 NaN NaN NaN 52.04541 -164.83208 2.15902 -44.27250 -211.05490 -72.54905
33219 2.93255 NaN NaN NaN 175.44229 -132.97095 5.89494 270.94669 -194.72121 -49.75654 NaN NaN NaN 52.05021 -164.83847 2.14573 -44.27451 -211.06433 -72.55602
33220 2.94088 NaN NaN NaN 175.44571 -132.93994 5.87876 270.93076 -194.72464 -49.74213 NaN NaN NaN 52.05043 -164.85211 2.13558 -44.29052 -211.07364 -72.57315
33221 2.94922 NaN NaN NaN 175.43736 -132.98007 5.87813 270.95197 -194.72279 -49.74638 NaN NaN NaN 52.04626 -164.86153 2.13314 -44.27825 -211.05246 -72.57749
33222 2.95755 NaN NaN NaN 175.44339 -132.94475 5.89405 270.93948 -194.71320 -49.75142 NaN NaN NaN 52.05637 -164.85567 2.08509 -44.30700 -211.04855 -72.60110
33223 2.96588 NaN NaN NaN 175.45142 -132.99866 5.89508 270.96582 -194.71260 -49.75710 NaN NaN NaN 52.07457 -164.85088 2.06200 -44.31298 -211.06281 -72.62529
33224 2.97421 NaN NaN NaN 175.46777 -132.96684 5.89885 270.96323 -194.72060 -49.76689 NaN NaN NaN 52.07005 -164.84636 2.03741 -44.29417 -211.07141 -72.61578
33225 2.98254 NaN NaN NaN 175.46809 -133.00690 5.90908 270.97791 -194.72536 -49.76661 NaN NaN NaN 52.08390 -164.85948 2.00496 -44.28391 -211.05797 -72.61694
33226 2.99087 NaN NaN NaN 175.48683 -132.98561 5.90685 270.96399 -194.74783 -49.76097 NaN NaN NaN 52.09955 -164.85718 2.01591 -44.26122 -211.08221 -72.60904
33227 2.99920 NaN NaN NaN 175.48134 -133.04654 5.90383 270.98169 -194.75224 -49.76173 NaN NaN NaN 52.12884 -164.87163 1.99024 -44.25410 -211.08269 -72.63001
33228 3.00754 NaN NaN NaN 175.50813 -133.03958 5.91135 270.98215 -194.79184 -49.76350 NaN NaN NaN 52.13777 -164.86508 1.95761 -44.26318 -211.09360 -72.61018
