Frame# Time LH1 LH2 LH3 RH1 RH2 RH3
X54 Y54 Z54 X55 Y55 Z55 X56 Y56 Z56 X57 Y57 Z57 X58 Y58 Z58 X59 Y59 Z59
20575 0.00708 NaN NaN NaN 148.90437 -87.47668 -28.96109 252.93932 -159.05885 -33.77613 NaN NaN NaN -4.33611 -165.78717 28.54532 -26.24957 -156.68448 -99.57682
20576 0.01543 NaN NaN NaN 148.86987 -87.48629 -29.12943 252.79546 -158.95584 -33.75275 NaN NaN NaN -5.05941 -166.35411 28.57450 -25.76044 -156.40761 -99.78243
20577 0.02377 NaN NaN NaN 149.01686 -86.82762 -29.40680 252.66260 -158.85092 -33.72488 NaN NaN NaN -5.69834 -166.81589 28.65478 -25.51962 -156.51387 -99.88932
20578 0.03212 NaN NaN NaN 149.07014 -86.34058 -29.66407 252.54895 -158.79903 -33.69317 NaN NaN NaN -6.31446 -167.21109 28.75088 -25.52492 -156.82137 -99.92289
20579 0.04047 NaN NaN NaN 149.03435 -85.98880 -29.84909 252.47543 -158.76039 -33.66074 NaN NaN NaN -6.94892 -167.62183 28.85755 -25.65978 -157.36533 -99.91457
20580 0.04881 NaN NaN NaN 148.98586 -85.83801 -29.93533 252.40326 -158.73886 -33.60701 NaN NaN NaN -7.73059 -168.12338 28.94852 -25.84704 -157.89645 -99.81451
20581 0.05716 NaN NaN NaN 148.99045 -85.80074 -29.94650 252.36243 -158.74730 -33.52684 NaN NaN NaN -8.53719 -168.66301 29.08785 -26.01725 -158.35976 -99.64996
20582 0.06551 NaN NaN NaN 149.02782 -85.88342 -29.87149 252.34810 -158.77943 -33.44986 NaN NaN NaN -9.25822 -169.15488 29.23384 -26.26847 -158.87294 -99.63409
20583 0.07385 NaN NaN NaN 149.08197 -85.96402 -29.68977 252.34776 -158.86684 -33.37289 NaN NaN NaN -9.86255 -169.54327 29.33342 -26.63453 -159.33743 -99.61523
20584 0.08220 NaN NaN NaN 148.99974 -86.55739 -29.37840 252.34894 -158.94942 -33.30483 NaN NaN NaN -10.40078 -169.96889 29.37323 -27.11003 -159.72067 -99.58384
20585 0.09055 NaN NaN NaN 149.16985 -86.34289 -29.31071 252.38133 -159.04507 -33.22703 NaN NaN NaN -11.01061 -170.52907 29.22617 -27.47520 -160.03981 -99.64431
20586 0.09889 NaN NaN NaN 149.21651 -86.27230 -29.28323 252.42189 -159.10999 -33.16035 NaN NaN NaN -11.66496 -171.18616 29.10044 -27.78320 -160.27991 -99.72961
20587 0.10724 NaN NaN NaN 149.24518 -86.14803 -29.29618 252.44220 -159.14941 -33.09383 NaN NaN NaN -12.40842 -171.92770 28.87936 -28.01620 -160.45380 -100.02013
20588 0.11559 NaN NaN NaN 149.24547 -86.02803 -29.31366 252.44023 -159.15302 -33.06147 NaN NaN NaN -13.16539 -172.77998 28.59969 -28.12956 -160.44347 -100.30341
20589 0.12393 NaN NaN NaN 149.26093 -85.92288 -29.37307 252.44627 -159.08768 -32.99139 NaN NaN NaN -13.88546 -173.64873 28.29901 -28.12958 -160.40363 -100.64344
20590 0.13228 NaN NaN NaN 149.30934 -85.76740 -29.53709 252.41370 -158.97632 -32.96241 NaN NaN NaN -14.51893 -174.50130 27.93981 -28.11895 -160.24551 -101.02984
20591 0.14063 NaN NaN NaN 149.30450 -85.59499 -29.78443 252.37321 -158.84967 -32.96942 NaN NaN NaN -14.95946 -175.25641 27.67174 -28.17417 -160.19757 -101.26764
20592 0.14897 NaN NaN NaN 149.18825 -85.84715 -29.96025 252.34026 -158.71208 -32.98002 NaN NaN NaN -15.27705 -175.85587 27.45438 -28.32452 -160.22791 -101.42564
20593 0.15732 NaN NaN NaN 149.26775 -85.45387 -30.25602 252.30548 -158.59294 -32.98815 NaN NaN NaN -15.51200 -176.35442 27.29870 -28.55981 -160.42459 -101.57304
20594 0.16566 NaN NaN NaN 149.31366 -85.18259 -30.55194 252.29039 -158.49913 -33.05241 NaN NaN NaN -15.57945 -176.73232 27.30864 -28.79963 -160.72845 -101.52528
20595 0.17401 NaN NaN NaN 149.32335 -84.86332 -30.80706 252.27620 -158.39195 -33.11654 NaN NaN NaN -15.56008 -176.99524 27.44546 -29.17773 -161.10020 -101.30344
20596 0.18236 NaN NaN NaN 149.32173 -84.69895 -30.95546 252.24849 -158.30841 -33.19785 NaN NaN NaN -15.49371 -177.20912 27.64870 -29.49661 -161.47385 -101.11675
20597 0.19070 NaN NaN NaN 149.28024 -84.62725 -31.03039 252.23869 -158.26842 -33.30090 NaN NaN NaN -15.54463 -177.46590 27.80580 -29.78728 -161.87883 -100.91615
20598 0.19905 NaN NaN NaN 149.27812 -84.61931 -31.06773 252.23312 -158.26178 -33.37769 NaN NaN NaN -15.72442 -177.76846 27.90390 -29.89038 -162.12387 -100.76405
20599 0.20740 NaN NaN NaN 149.29842 -84.66132 -31.12427 252.25716 -158.29538 -33.44463 NaN NaN NaN -16.03958 -178.14717 27.96383 -29.83852 -162.23259 -100.63996
20600 0.21574 NaN NaN NaN 149.35028 -84.73203 -31.15169 252.26385 -158.34276 -33.46476 NaN NaN NaN -16.34895 -178.50249 28.02240 -29.80091 -162.18047 -100.50745
20601 0.22409 NaN NaN NaN 149.34958 -84.79507 -31.16520 252.26549 -158.37682 -33.45969 NaN NaN NaN -16.55374 -178.74403 28.09274 -29.81190 -162.16434 -100.51592
20602 0.23244 NaN NaN NaN 149.24004 -85.30758 -31.06323 252.26395 -158.40936 -33.44506 NaN NaN NaN -16.66661 -178.88301 28.21746 -29.92983 -162.13470 -100.36971
20603 0.24078 NaN NaN NaN 149.27850 -85.10847 -31.12713 252.27893 -158.42264 -33.43697 NaN NaN NaN -16.72216 -178.93953 28.34167 -30.05060 -162.20624 -100.25484
20604 0.24913 NaN NaN NaN 149.20622 -85.43877 -31.06281 252.26759 -158.42941 -33.44035 NaN NaN NaN -16.70213 -178.91747 28.50767 -30.17437 -162.41968 -100.11406
20605 0.25748 NaN NaN NaN 149.13794 -85.64030 -30.99686 252.25514 -158.41077 -33.44944 NaN NaN NaN -16.64824 -178.83907 28.70409 -30.25387 -162.62546 -99.92429
20606 0.26582 NaN NaN NaN 149.11461 -85.77952 -31.02247 252.24689 -158.39394 -33.46001 NaN NaN NaN -16.56592 -178.77274 28.90003 -30.33202 -162.78865 -99.75945
20607 0.27417 NaN NaN NaN 149.06607 -85.79569 -30.99665 252.21906 -158.35768 -33.46326 NaN NaN NaN -16.44547 -178.72762 29.05235 -30.44705 -162.84123 -99.60432
20608 0.28252 NaN NaN NaN 149.05487 -85.81039 -31.02012 252.22842 -158.34219 -33.48232 NaN NaN NaN -16.17188 -178.58289 29.19778 -30.60359 -162.88533 -99.42906
20609 0.29086 NaN NaN NaN 149.04530 -85.73568 -31.00200 252.21123 -158.34520 -33.50002 NaN NaN NaN -15.80208 -178.28775 29.28917 -30.86189 -162.92021 -99.38393
20610 0.29921 NaN NaN NaN 149.12367 -85.26266 -31.08510 252.24313 -158.36855 -33.51308 NaN NaN NaN -15.41903 -177.98682 29.32946 -31.05975 -162.99496 -99.32658
20611 0.30756 NaN NaN NaN 149.15112 -84.96893 -31.16745 252.26091 -158.36765 -33.55830 NaN NaN NaN -15.00407 -177.62953 29.27387 -31.29832 -163.14046 -99.29844
20612 0.31590 NaN NaN NaN 149.13449 -84.87627 -31.15112 252.29097 -158.39969 -33.59792 NaN NaN NaN -14.53698 -177.28821 29.14602 -31.48914 -163.18770 -99.31847
20613 0.32425 NaN NaN NaN 149.11288 -84.95486 -31.08326 252.32861 -158.40169 -33.62487 NaN NaN NaN -14.00506 -176.95908 29.01330 -31.62267 -163.16406 -99.38525
20614 0.33260 NaN NaN NaN 149.10873 -85.12170 -30.98293 252.34117 -158.45671 -33.62387 NaN NaN NaN -13.36683 -176.48537 28.82872 -31.70830 -163.03899 -99.49495
20615 0.34094 NaN NaN NaN 149.13306 -85.20920 -30.88826 252.35019 -158.44612 -33.62075 NaN NaN NaN -12.67068 -176.00502 28.58737 -31.68626 -162.79166 -99.66833
20616 0.34929 NaN NaN NaN 149.13872 -85.26057 -30.87833 252.34883 -158.42352 -33.58950 NaN NaN NaN -12.04020 -175.52702 28.27714 -31.59735 -162.48921 -99.84000
20617 0.35764 NaN NaN NaN 149.08646 -85.16376 -30.87166 252.32710 -158.34653 -33.56413 NaN NaN NaN -11.45613 -175.13960 27.94875 -31.30243 -162.09756 -100.09619
20618 0.36598 NaN NaN NaN 149.05362 -85.05097 -30.90883 252.29834 -158.29630 -33.53325 NaN NaN NaN -10.91621 -174.81264 27.73050 -31.04186 -161.68864 -100.34704
20619 0.37433 NaN NaN NaN 149.02736 -84.93472 -30.97083 252.24916 -158.19888 -33.53465 NaN NaN NaN -10.33926 -174.47014 27.60358 -30.95065 -161.41176 -100.43651
20620 0.38268 NaN NaN NaN 149.00233 -84.83908 -30.99821 252.19708 -158.11928 -33.53317 NaN NaN NaN -9.76374 -174.10461 27.57203 -31.03374 -161.19598 -100.39063
20621 0.39102 NaN NaN NaN 148.99654 -84.81409 -30.97708 252.19257 -158.05556 -33.54843 NaN NaN NaN -9.20764 -173.70018 27.66870 -31.28995 -161.34007 -100.29295
20622 0.39937 NaN NaN NaN 148.94797 -84.88948 -30.90447 252.18440 -158.05167 -33.55559 NaN NaN NaN -8.70368 -173.19711 27.96309 -31.85532 -161.70027 -100.00265
20623 0.40771 NaN NaN NaN 148.95335 -84.90826 -30.72266 252.20639 -158.10165 -33.55920 NaN NaN NaN -8.19461 -172.71999 28.36315 -32.52592 -162.32936 -99.56329
20624 0.41606 NaN NaN NaN 148.94185 -85.02329 -30.58448 252.23230 -158.19518 -33.56707 NaN NaN NaN -7.74226 -172.19591 28.81303 -33.30580 -163.11176 -98.79668
20625 0.42441 NaN NaN NaN 148.87944 -85.59177 -30.20802 252.27045 -158.29910 -33.57206 NaN NaN NaN -7.30606 -171.67686 29.32340 -34.10612 -163.93327 -98.08794
20626 0.43275 NaN NaN NaN 148.94319 -85.57343 -30.02360 252.29097 -158.46187 -33.58865 NaN NaN NaN -6.90209 -171.18523 29.94783 -34.91796 -164.80136 -97.14912
20627 0.44110 NaN NaN NaN 148.88664 -86.19294 -29.66541 252.31972 -158.59154 -33.61718 NaN NaN NaN -6.53487 -170.62479 30.52281 -35.75832 -165.83960 -96.25606
20628 0.44945 NaN NaN NaN 148.88008 -86.58216 -29.43535 252.36728 -158.73830 -33.62674 NaN NaN NaN -6.24008 -170.04045 31.12025 -36.42641 -166.68623 -95.49052
20629 0.45779 NaN NaN NaN 148.83435 -86.94296 -29.29330 252.37233 -158.84348 -33.64290 NaN NaN NaN -6.08215 -169.55894 31.59853 -36.79003 -167.03442 -94.83514
20630 0.46614 NaN NaN NaN 148.81615 -87.10147 -29.16635 252.35963 -158.92288 -33.64178 NaN NaN NaN -6.04254 -169.24925 31.99260 -36.87187 -167.14223 -94.35160
20631 0.47449 NaN NaN NaN 148.94225 -86.56084 -29.21980 252.34904 -158.98399 -33.63101 NaN NaN NaN -6.01890 -169.02837 32.23798 -36.76847 -166.93059 -94.14925
20632 0.48283 NaN NaN NaN 148.95677 -86.26903 -29.24286 252.34695 -159.05336 -33.61771 NaN NaN NaN -5.95371 -168.75566 32.42568 -36.25658 -166.14281 -94.13641
20633 0.49118 NaN NaN NaN 148.92738 -86.14547 -29.24819 252.34981 -159.13223 -33.61380 NaN NaN NaN -5.76878 -168.31296 32.56641 -35.63785 -165.23650 -94.19312
20634 0.49953 NaN NaN NaN 148.91609 -86.25118 -29.18908 252.39166 -159.27817 -33.62032 NaN NaN NaN -5.56382 -167.78603 32.66605 -34.93282 -164.44182 -94.32540
20635 0.50787 NaN NaN NaN 148.96603 -86.50316 -29.00397 252.43204 -159.41739 -33.59890 NaN NaN NaN -5.27255 -167.17418 32.75001 -34.17959 -163.75841 -94.38755
20636 0.51622 NaN NaN NaN 149.01508 -86.76567 -28.82110 252.48161 -159.53294 -33.59223 NaN NaN NaN -5.02405 -166.57843 32.75938 -33.37145 -163.18565 -94.54575
20637 0.52457 NaN NaN NaN 149.08989 -86.87376 -28.70803 252.48967 -159.58067 -33.50905 NaN NaN NaN -5.03250 -166.19324 32.72800 -32.42519 -162.67049 -94.67972
20638 0.53291 NaN NaN NaN 149.09306 -86.87408 -28.73509 252.43718 -159.57266 -33.35265 NaN NaN NaN -5.41886 -166.10814 32.67408 -31.30408 -162.13130 -94.96635
20639 0.54126 NaN NaN NaN 148.93352 -87.25880 -28.78504 252.35463 -159.49963 -33.21068 NaN NaN NaN -6.12929 -166.38809 32.66854 -30.11474 -161.56290 -95.22947
20640 0.54961 NaN NaN NaN 148.97888 -86.77582 -29.08382 252.25612 -159.41371 -33.08283 NaN NaN NaN -6.89978 -166.91840 32.80185 -29.11551 -161.12256 -95.47411
20641 0.55795 NaN NaN NaN 149.02637 -86.32826 -29.43003 252.15366 -159.33279 -32.93954 NaN NaN NaN -7.50077 -167.47917 32.98071 -28.51580 -160.89725 -95.58270
20642 0.56630 NaN NaN NaN 149.01062 -85.94763 -29.71425 252.03986 -159.27512 -32.80094 NaN NaN NaN -8.03050 -167.91818 33.23634 -28.19754 -160.94769 -95.52682
20643 0.57465 NaN NaN NaN 149.01390 -85.70655 -29.91856 251.97227 -159.20476 -32.68395 NaN NaN NaN -8.61484 -168.33333 33.53367 -28.10092 -161.20039 -95.29247
20644 0.58299 NaN NaN NaN 149.02200 -85.66532 -30.00839 251.90881 -159.18788 -32.56314 NaN NaN NaN -9.36168 -168.86638 33.84913 -27.99274 -161.61353 -94.97885
20645 0.59134 NaN NaN NaN 149.02716 -85.70578 -30.02151 251.90668 -159.18434 -32.49768 NaN NaN NaN -10.15809 -169.51204 34.14441 -27.78356 -162.00415 -94.73081
20646 0.59969 NaN NaN NaN 149.08745 -85.82744 -30.01681 251.93950 -159.18504 -32.41389 NaN NaN NaN -10.80838 -170.15620 34.43247 -27.72379 -162.35587 -94.51023
20647 0.60803 NaN NaN NaN 149.05373 -86.46735 -29.78644 252.04759 -159.20984 -32.35650 NaN NaN NaN -11.13684 -170.59271 34.64302 -27.86896 -162.72977 -94.33742
20648 0.61638 NaN NaN NaN 149.25015 -86.37881 -29.70614 252.18280 -159.28358 -32.32531 NaN NaN NaN -11.11046 -170.75815 34.79308 -28.20812 -163.11539 -94.23649
20649 0.62473 NaN NaN NaN 149.42226 -86.34623 -29.59586 252.35010 -159.38457 -32.33659 NaN NaN NaN -10.88379 -170.83728 34.78284 -28.63826 -163.55894 -94.18778
20650 0.63307 NaN NaN NaN 149.54956 -86.29034 -29.54582 252.47151 -159.41237 -32.33820 NaN NaN NaN -10.71179 -170.94173 34.70822 -28.90022 -163.99969 -94.14658
20651 0.64142 NaN NaN NaN 149.60399 -86.22818 -29.59756 252.58800 -159.37544 -32.33881 NaN NaN NaN -10.55466 -171.05661 34.63624 -29.06029 -164.31863 -94.14581
20652 0.64977 NaN NaN NaN 149.67336 -86.09848 -29.74510 252.66835 -159.21167 -32.32181 NaN NaN NaN -10.38993 -171.29221 34.60616 -29.21913 -164.67105 -94.11966
20653 0.65811 NaN NaN NaN 149.60498 -86.44152 -29.84965 252.72769 -158.96996 -32.27293 NaN NaN NaN -10.16442 -171.53653 34.59298 -29.38295 -164.86269 -94.08382
20654 0.66646 NaN NaN NaN 149.64842 -86.53499 -30.05522 252.77522 -158.73206 -32.26809 NaN NaN NaN -10.01453 -171.83482 34.63636 -29.49399 -165.11784 -94.04089
20655 0.67480 NaN NaN NaN 149.72951 -86.48254 -30.24873 252.85760 -158.49066 -32.27398 NaN NaN NaN -9.86303 -172.18172 34.69195 -29.59028 -165.26355 -93.98439
20656 0.68315 NaN NaN NaN 149.89644 -85.73373 -30.56678 252.92096 -158.24965 -32.27600 NaN NaN NaN -9.74349 -172.52550 34.76992 -29.72146 -165.30780 -93.78775
20657 0.69150 NaN NaN NaN 149.95253 -85.08420 -30.80880 252.96745 -158.05466 -32.28667 NaN NaN NaN -9.66760 -172.81491 34.87177 -29.85674 -165.37012 -93.66746
20658 0.69984 NaN NaN NaN 149.94623 -84.64645 -30.98784 253.02284 -157.86401 -32.31170 NaN NaN NaN -9.52465 -173.00079 34.93879 -30.23974 -165.42934 -93.56335
20659 0.70819 NaN NaN NaN 149.94070 -84.46491 -31.04198 253.10948 -157.70474 -32.32662 NaN NaN NaN -9.30180 -173.03593 34.96674 -30.63891 -165.55598 -93.41147
20660 0.71654 NaN NaN NaN 149.97227 -84.45452 -31.02480 253.20438 -157.59447 -32.35021 NaN NaN NaN -9.00798 -172.93228 34.88967 -31.07330 -165.71054 -93.34347
20661 0.72488 NaN NaN NaN 150.00821 -84.56622 -30.92829 253.32472 -157.52122 -32.34066 NaN NaN NaN -8.64639 -172.68439 34.76221 -31.43395 -165.74174 -93.30343
20662 0.73323 NaN NaN NaN 150.05074 -84.62830 -30.76087 253.42714 -157.48819 -32.33176 NaN NaN NaN -8.20898 -172.28760 34.57592 -31.71763 -165.70451 -93.43712
20663 0.74158 NaN NaN NaN 150.02753 -84.67447 -30.61767 253.48299 -157.42374 -32.32655 NaN NaN NaN -7.73104 -171.79370 34.26350 -31.80899 -165.43707 -93.63034
20664 0.74992 NaN NaN NaN 150.03557 -84.63770 -30.58126 253.49036 -157.31310 -32.28371 NaN NaN NaN -7.26871 -171.27057 33.92098 -31.67399 -164.93391 -93.87000
20665 0.75827 NaN NaN NaN 149.94659 -84.51045 -30.62746 253.43314 -157.12421 -32.28492 NaN NaN NaN -6.90174 -170.81633 33.56830 -31.39921 -164.20645 -94.14400
20666 0.76662 NaN NaN NaN 149.83804 -84.30676 -30.69909 253.37091 -156.93626 -32.21664 NaN NaN NaN -6.54361 -170.41133 33.24706 -31.04076 -163.43472 -94.44356
20667 0.77496 NaN NaN NaN 149.75511 -83.98786 -30.78605 253.30530 -156.72194 -32.17383 NaN NaN NaN -6.18373 -169.97575 32.99155 -30.90714 -162.65846 -94.70806
20668 0.78331 NaN NaN NaN 149.69930 -83.77940 -30.83920 253.24150 -156.56970 -32.14439 NaN NaN NaN -5.75357 -169.41197 32.92454 -31.03786 -162.21754 -94.82458
20669 0.79166 NaN NaN NaN 149.62750 -83.61234 -30.87523 253.14682 -156.45378 -32.16613 NaN NaN NaN -5.33126 -168.74039 33.01768 -31.38319 -162.08945 -94.72113
20670 0.80000 NaN NaN NaN 149.54910 -83.75600 -30.82109 253.07867 -156.39752 -32.20714 NaN NaN NaN -4.94614 -168.00131 33.24164 -31.97355 -162.19557 -94.34756
20671 0.80835 NaN NaN NaN 149.55002 -83.69817 -30.75475 253.02963 -156.35497 -32.21985 NaN NaN NaN -4.57246 -167.20898 33.56240 -32.64724 -162.52847 -93.81472
20672 0.81670 NaN NaN NaN 149.47527 -83.78884 -30.61800 253.02982 -156.38484 -32.25602 NaN NaN NaN -4.15496 -166.44768 33.99343 -33.32283 -162.89960 -92.99853
20673 0.82504 NaN NaN NaN 149.29706 -84.25538 -30.39460 253.01816 -156.42535 -32.27130 NaN NaN NaN -3.73389 -165.64209 34.49139 -34.00412 -163.29613 -92.29230
20674 0.83339 NaN NaN NaN 149.11453 -84.72534 -30.17963 252.98691 -156.48869 -32.26900 NaN NaN NaN -3.29242 -164.83446 34.92424 -34.66620 -163.89909 -91.45329
20675 0.84174 NaN NaN NaN 148.97356 -85.07998 -30.04227 252.92097 -156.55722 -32.22001 NaN NaN NaN -2.84389 -164.00314 35.26292 -34.97343 -164.32979 -90.95989
20676 0.85008 NaN NaN NaN 148.82162 -85.26477 -30.01920 252.85168 -156.58720 -32.19855 NaN NaN NaN -2.49089 -163.28693 35.41677 -34.92348 -164.14023 -90.40942
20677 0.85843 NaN NaN NaN 148.70755 -85.31258 -30.00731 252.70830 -156.62471 -32.12011 NaN NaN NaN -2.21355 -162.63666 35.52253 -34.36828 -163.26556 -90.50780
20678 0.86678 NaN NaN NaN 148.57231 -85.33711 -30.02652 252.56314 -156.68675 -32.00593 NaN NaN NaN -1.93925 -162.08362 35.54583 -33.57335 -162.19037 -90.75354
20679 0.87512 NaN NaN NaN 148.40105 -85.35690 -30.08967 252.42982 -156.77367 -31.96406 NaN NaN NaN -1.62336 -161.53270 35.46350 -32.71431 -160.94861 -91.08057
20680 0.88347 NaN NaN NaN 148.23575 -85.47559 -30.05974 252.28290 -156.88470 -31.97791 NaN NaN NaN -1.24679 -160.90926 35.31683 -31.84704 -159.81935 -91.43485
20681 0.89182 NaN NaN NaN 148.10503 -85.62542 -30.04701 252.15565 -157.01079 -31.99175 NaN NaN NaN -0.90149 -160.25705 35.08564 -30.94367 -158.96638 -91.85426
20682 0.90016 NaN NaN NaN 148.06259 -85.27606 -30.17879 252.02420 -157.12361 -31.90398 NaN NaN NaN -0.69456 -159.67708 34.80640 -30.11353 -158.25693 -92.23228
20683 0.90851 NaN NaN NaN 147.83919 -85.51040 -30.24170 251.85910 -157.17259 -31.81149 NaN NaN NaN -0.72592 -159.31169 34.53042 -29.20333 -157.59698 -92.72304
20684 0.91685 NaN NaN NaN 147.69472 -85.75933 -30.24888 251.69287 -157.15303 -31.73304 NaN NaN NaN -1.06672 -159.28424 34.25977 -28.24157 -156.96001 -93.16934
20685 0.92520 NaN NaN NaN 147.66966 -85.29382 -30.53130 251.50928 -157.10706 -31.66636 NaN NaN NaN -1.58700 -159.51900 34.10808 -27.29482 -156.39040 -93.57896
20686 0.93355 NaN NaN NaN 147.57140 -85.03997 -30.76240 251.28554 -157.03558 -31.58266 NaN NaN NaN -2.08772 -159.87581 34.02128 -26.61114 -155.94492 -93.98362
20687 0.94189 NaN NaN NaN 147.44736 -84.74579 -31.05722 251.06021 -156.94864 -31.45860 NaN NaN NaN -2.55968 -160.23358 33.95906 -26.18388 -155.69069 -94.18425
20688 0.95024 NaN NaN NaN 147.27042 -84.97393 -31.20789 250.88518 -156.91528 -31.38889 NaN NaN NaN -3.09236 -160.64014 33.96327 -25.95506 -155.64191 -94.35389
20689 0.95859 NaN NaN NaN 147.11780 -85.15876 -31.27043 250.73004 -156.83743 -31.27400 NaN NaN NaN -3.81212 -161.12650 33.99866 -25.77639 -155.77780 -94.43211
20690 0.96693 NaN NaN NaN 146.99918 -85.33523 -31.36663 250.63037 -156.79111 -31.12010 NaN NaN NaN -4.63922 -161.69478 34.08891 -25.47960 -155.98816 -94.50657
20691 0.97528 NaN NaN NaN 146.89919 -85.29540 -31.47885 250.58716 -156.77324 -31.01837 NaN NaN NaN -5.43595 -162.24625 34.17947 -25.26961 -156.22827 -94.57393
20692 0.98363 NaN NaN NaN 146.86232 -85.19494 -31.54563 250.59151 -156.80797 -30.92244 NaN NaN NaN -6.10755 -162.77811 34.28002 -25.24541 -156.36792 -94.51255
20693 0.99197 NaN NaN NaN 146.89397 -85.04218 -31.52867 250.61636 -156.84468 -30.83002 NaN NaN NaN -6.56986 -163.14801 34.38341 -25.31138 -156.60490 -94.43110
20694 1.00032 NaN NaN NaN 146.89404 -84.91591 -31.51888 250.66260 -156.90164 -30.72946 NaN NaN NaN -6.82849 -163.33327 34.50198 -25.64499 -157.00809 -94.31409
20695 1.00867 NaN NaN NaN 146.91560 -84.56172 -31.39501 250.74222 -156.97864 -30.62980 NaN NaN NaN -6.84518 -163.37239 34.67851 -25.94954 -157.48488 -94.20058
20696 1.01701 NaN NaN NaN 146.93391 -84.46045 -31.30884 250.82687 -157.03496 -30.62502 NaN NaN NaN -6.62150 -163.30888 34.82284 -26.33481 -158.07025 -94.05289
20697 1.02536 NaN NaN NaN 146.96333 -84.51699 -31.26031 250.89468 -157.08311 -30.57572 NaN NaN NaN -6.20180 -163.10109 34.88085 -26.66257 -158.62651 -93.85488
20698 1.03371 NaN NaN NaN 147.01764 -84.80594 -31.28925 251.00090 -157.05164 -30.53382 NaN NaN NaN -5.61293 -162.80283 34.91997 -27.02142 -159.17224 -93.63520
20699 1.04205 NaN NaN NaN 147.08498 -84.89137 -31.28416 251.08563 -156.98468 -30.48303 NaN NaN NaN -4.91165 -162.51588 34.88935 -27.12301 -159.59149 -93.48344
20700 1.05040 NaN NaN NaN 147.11403 -85.31810 -31.33278 251.14464 -156.87646 -30.44434 NaN NaN NaN -4.12130 -162.28305 34.82743 -27.06962 -159.85776 -93.39286
20701 1.05875 NaN NaN NaN 147.15410 -85.46155 -31.40499 251.21101 -156.72995 -30.40790 NaN NaN NaN -3.13722 -162.01347 34.65545 -26.82854 -159.87624 -93.43151
20702 1.06709 NaN NaN NaN 147.21567 -85.20356 -31.60180 251.27522 -156.66843 -30.30405 NaN NaN NaN -1.96296 -161.63989 34.38459 -26.54399 -159.77364 -93.59199
20703 1.07544 NaN NaN NaN 147.27951 -85.26134 -31.64509 251.34169 -156.61034 -30.18216 NaN NaN NaN -0.72497 -161.20685 33.97298 -26.15473 -159.54309 -93.85446
20704 1.08379 NaN NaN NaN 147.31760 -85.30087 -31.73036 251.39661 -156.58629 -30.10766 NaN NaN NaN 0.61248 -160.80077 33.44651 -25.67775 -159.22517 -94.18616
20705 1.09213 NaN NaN NaN 147.39828 -85.22079 -31.79765 251.42978 -156.51457 -30.08026 NaN NaN NaN 1.79641 -160.49791 32.93136 -25.08771 -158.84795 -94.59521
20706 1.10048 NaN NaN NaN 147.58701 -84.69055 -32.09734 251.47769 -156.38950 -30.13315 NaN NaN NaN 2.56775 -160.38678 32.35579 -24.37459 -158.40602 -95.14199
20707 1.10883 NaN NaN NaN 147.64182 -84.45503 -32.58405 251.55945 -156.20131 -30.23855 NaN NaN NaN 2.96316 -160.69835 31.80198 -23.55329 -157.84128 -95.72130
20708 1.11717 NaN NaN NaN 147.73804 -84.16823 -32.86491 251.63528 -155.98637 -30.39130 NaN NaN NaN 2.98714 -161.30103 31.25469 -22.82875 -157.16516 -96.28203
20709 1.12552 NaN NaN NaN 147.89954 -83.87244 -33.00703 251.75752 -155.79387 -30.59597 NaN NaN NaN 2.78027 -162.13625 30.85022 -22.26922 -156.53729 -96.83587
20710 1.13387 NaN NaN NaN 147.98152 -83.89940 -33.19301 251.87953 -155.65416 -30.77345 NaN NaN NaN 2.41868 -163.03275 30.52827 -22.04058 -156.14005 -97.28687
20711 1.14221 NaN NaN NaN 148.08452 -83.64306 -33.35822 251.96111 -155.53969 -30.88621 NaN NaN NaN 1.98340 -163.94426 30.34788 -21.97413 -156.01109 -97.61691
20712 1.15056 NaN NaN NaN 148.08231 -83.82808 -33.45716 252.01050 -155.42041 -31.01258 NaN NaN NaN 1.40909 -164.77405 30.29007 -21.98090 -156.10342 -97.71334
20713 1.15891 NaN NaN NaN 148.19756 -83.64756 -33.65343 252.01730 -155.32158 -31.07209 NaN NaN NaN 0.72669 -165.62929 30.31399 -21.96905 -156.29242 -97.67925
20714 1.16725 NaN NaN NaN 148.26341 -83.51503 -33.74109 251.99561 -155.27219 -31.10723 NaN NaN NaN 0.01355 -166.41394 30.42467 -21.97313 -156.55386 -97.58437
20715 1.17560 NaN NaN NaN 148.23959 -83.32397 -33.82994 251.95326 -155.22644 -31.12519 NaN NaN NaN -0.68536 -167.11462 30.63859 -22.04790 -156.76521 -97.47218
20716 1.18394 NaN NaN NaN 148.20532 -83.21828 -33.88358 251.90520 -155.19922 -31.14463 NaN NaN NaN -1.24253 -167.66969 30.96947 -22.14381 -156.96600 -97.27161
20717 1.19229 NaN NaN NaN 148.10428 -83.07895 -33.98039 251.82552 -155.15981 -31.16756 NaN NaN NaN -1.66560 -168.02136 31.31125 -22.40118 -157.23817 -96.97720
20718 1.20064 NaN NaN NaN 148.05244 -82.99049 -34.11192 251.71098 -155.10741 -31.21776 NaN NaN NaN -1.95632 -168.13490 31.73710 -22.63879 -157.49689 -96.49136
20719 1.20898 NaN NaN NaN 147.98921 -82.88376 -34.17719 251.58827 -155.08865 -31.28113 NaN NaN NaN -2.08342 -168.12469 32.24223 -22.88593 -157.89304 -96.04134
20720 1.21733 NaN NaN NaN 147.89360 -82.77898 -34.23610 251.50394 -155.09982 -31.31997 NaN NaN NaN -2.05675 -167.93489 32.76537 -23.21926 -158.35909 -95.52839
20721 1.22568 NaN NaN NaN 147.79478 -82.68468 -34.25504 251.44667 -155.10313 -31.31747 NaN NaN NaN -1.88653 -167.63895 33.22360 -23.68886 -158.86697 -95.00395
20722 1.23402 NaN NaN NaN 147.74489 -82.64227 -34.26085 251.38080 -155.12035 -31.31582 NaN NaN NaN -1.51545 -167.19272 33.62980 -24.19142 -159.48849 -94.52225
20723 1.24237 NaN NaN NaN 147.66943 -82.72078 -34.21601 251.35440 -155.16100 -31.31263 NaN NaN NaN -1.01820 -166.72639 33.94677 -24.73850 -159.90480 -94.07220
20724 1.25072 NaN NaN NaN 147.64166 -82.86496 -34.08458 251.35609 -155.20250 -31.31592 NaN NaN NaN -0.51210 -166.22667 34.11276 -25.26566 -160.36000 -93.72482
20725 1.25906 NaN NaN NaN 147.63725 -83.06715 -33.93837 251.40884 -155.23912 -31.37454 NaN NaN NaN -0.06045 -165.75099 34.10153 -25.74079 -160.58456 -93.51103
20726 1.26741 NaN NaN NaN 147.60141 -83.42558 -33.70452 251.46216 -155.32846 -31.40659 NaN NaN NaN 0.32704 -165.32498 33.98219 -26.09229 -160.67644 -93.49741
20727 1.27576 NaN NaN NaN 147.67514 -83.45924 -33.51638 251.55046 -155.41415 -31.49093 NaN NaN NaN 0.65673 -165.00308 33.70639 -26.28565 -160.46033 -93.66416
20728 1.28410 NaN NaN NaN 147.70593 -83.53431 -33.39539 251.59683 -155.49557 -31.55373 NaN NaN NaN 0.86641 -164.74236 33.39509 -26.33208 -160.03239 -93.92930
20729 1.29245 NaN NaN NaN 147.68376 -83.67908 -33.30911 251.65298 -155.58835 -31.59621 NaN NaN NaN 1.05189 -164.48520 32.98468 -26.21599 -159.39946 -94.26125
20730 1.30080 NaN NaN NaN 147.62547 -83.93724 -33.31737 251.68904 -155.68768 -31.60736 NaN NaN NaN 1.21049 -164.22186 32.64100 -25.93834 -158.57544 -94.64294
20731 1.30914 NaN NaN NaN 147.53798 -84.35391 -33.28765 251.68849 -155.75322 -31.59275 NaN NaN NaN 1.34988 -163.88951 32.38191 -25.58816 -157.69051 -95.01324
20732 1.31749 NaN NaN NaN 147.47050 -84.70369 -33.21994 251.64803 -155.86069 -31.58303 NaN NaN NaN 1.64746 -163.46019 32.21930 -25.18447 -156.89658 -95.28601
20733 1.32584 NaN NaN NaN 147.54948 -84.47443 -33.31585 251.57588 -155.94711 -31.57532 NaN NaN NaN 2.13327 -162.79045 32.20344 -24.74337 -156.17596 -95.34235
20734 1.33418 NaN NaN NaN 147.51085 -84.30553 -33.37112 251.49597 -156.04936 -31.55683 NaN NaN NaN 2.68479 -161.99556 32.26626 -24.34921 -155.59564 -95.21787
20735 1.34253 NaN NaN NaN 147.43802 -84.19054 -33.47030 251.35780 -156.12064 -31.54942 NaN NaN NaN 3.18048 -161.17154 32.36135 -24.02165 -155.30534 -95.02551
20736 1.35088 NaN NaN NaN 147.29614 -84.16734 -33.54185 251.24921 -156.17268 -31.50162 NaN NaN NaN 3.51212 -160.47618 32.45558 -23.64774 -155.09584 -94.90620
20737 1.35922 NaN NaN NaN 147.22162 -84.19188 -33.55971 251.13394 -156.21152 -31.42765 NaN NaN NaN 3.60200 -159.98299 32.49320 -23.21572 -154.96542 -94.91439
20738 1.36757 NaN NaN NaN 147.11273 -84.48831 -33.51855 251.00830 -156.20525 -31.28505 NaN NaN NaN 3.46893 -159.77049 32.46750 -22.76622 -154.89317 -95.02745
20739 1.37592 NaN NaN NaN 147.03990 -84.79642 -33.45256 250.90251 -156.21404 -31.14662 NaN NaN NaN 3.17472 -159.89551 32.42974 -22.26845 -154.83951 -95.21457
20740 1.38426 NaN NaN NaN 146.95302 -85.02158 -33.35875 250.78763 -156.23711 -31.05329 NaN NaN NaN 2.72417 -160.20230 32.43718 -21.75593 -154.80113 -95.40820
20741 1.39261 NaN NaN NaN 146.90469 -85.10737 -33.35541 250.69829 -156.25528 -30.94694 NaN NaN NaN 2.21578 -160.65112 32.47441 -21.33495 -154.87659 -95.53844
20742 1.40096 NaN NaN NaN 146.87106 -85.02538 -33.40076 250.60541 -156.24634 -30.82615 NaN NaN NaN 1.68191 -161.13283 32.58754 -20.90062 -155.03799 -95.63573
20743 1.40930 NaN NaN NaN 146.83060 -84.77974 -33.51781 250.52130 -156.25275 -30.74197 NaN NaN NaN 1.18986 -161.63086 32.79038 -20.58922 -155.40431 -95.55590
20744 1.41765 NaN NaN NaN 146.82321 -84.52645 -33.60467 250.43565 -156.25854 -30.66941 NaN NaN NaN 0.72161 -162.12764 33.10384 -20.30323 -155.94705 -95.38180
20745 1.42599 NaN NaN NaN 146.72487 -84.17729 -33.80936 250.33441 -156.22591 -30.56844 NaN NaN NaN 0.29273 -162.60060 33.41365 -19.74080 -156.20837 -95.14467
20746 1.43434 NaN NaN NaN 146.62106 -83.87218 -34.00526 250.21754 -156.23645 -30.54017 NaN NaN NaN -0.06727 -163.03027 33.68440 -19.28020 -156.47995 -94.87065
20747 1.44269 NaN NaN NaN 146.53600 -83.72572 -34.07301 250.14645 -156.26607 -30.53169 NaN NaN NaN -0.34199 -163.38625 33.92757 -18.87086 -156.59198 -94.70149
20748 1.45103 NaN NaN NaN 146.46103 -83.64451 -34.11983 250.09402 -156.29428 -30.51627 NaN NaN NaN -0.55343 -163.70816 34.17790 -18.74108 -157.12700 -94.58264
20749 1.45938 NaN NaN NaN 146.39438 -83.75327 -34.13413 250.04301 -156.32253 -30.49424 NaN NaN NaN -0.72306 -164.03506 34.41812 -18.42623 -157.29997 -94.53764
20750 1.46773 NaN NaN NaN 146.36772 -83.92628 -34.13559 249.99835 -156.37703 -30.46664 NaN NaN NaN -0.81033 -164.31133 34.56676 -18.13894 -157.31169 -94.47553
20751 1.47607 NaN NaN NaN 146.36693 -84.05827 -34.07282 249.96356 -156.40808 -30.37269 NaN NaN NaN -0.77367 -164.52219 34.66355 -18.03887 -157.32326 -94.41814
20752 1.48442 NaN NaN NaN 146.39609 -84.16883 -34.04280 249.94788 -156.43150 -30.28196 NaN NaN NaN -0.62050 -164.60423 34.66693 -18.10750 -157.49954 -94.37482
20753 1.49277 NaN NaN NaN 146.36180 -84.10439 -34.08360 249.93840 -156.37636 -30.19497 NaN NaN NaN -0.49702 -164.74107 34.56465 -18.31882 -157.74272 -94.35229
20754 1.50111 NaN NaN NaN 146.38177 -83.97175 -34.23099 249.93202 -156.27328 -30.11910 NaN NaN NaN -0.61206 -164.96562 34.36103 -18.43690 -158.01808 -94.46873
20755 1.50946 NaN NaN NaN 146.42809 -83.76740 -34.41596 249.91977 -156.11102 -30.07349 NaN NaN NaN -0.87849 -165.29292 34.13979 -18.43361 -158.19101 -94.73316
20756 1.51781 NaN NaN NaN 146.50134 -83.49203 -34.56486 250.00516 -155.93140 -30.02728 NaN NaN NaN -1.20132 -165.80943 33.92469 -18.37472 -158.11508 -94.93694
20757 1.52615 NaN NaN NaN 146.57518 -83.33404 -34.48163 250.16170 -155.75583 -29.97285 NaN NaN NaN -1.50802 -166.34372 33.69811 -18.31336 -157.78438 -95.17906
20758 1.53450 NaN NaN NaN 146.66954 -83.23965 -34.53686 250.29419 -155.64290 -29.97058 NaN NaN NaN -1.76543 -166.79326 33.45108 -18.30057 -157.37166 -95.41319
20759 1.54285 NaN NaN NaN 146.82832 -83.35204 -34.47081 250.41374 -155.56412 -29.99529 NaN NaN NaN -1.87956 -167.10762 33.24759 -18.38412 -156.95052 -95.58398
20760 1.55119 NaN NaN NaN 146.91331 -83.41050 -34.49848 250.54857 -155.54736 -30.01895 NaN NaN NaN -1.86218 -167.17802 33.09019 -18.55888 -156.68718 -95.73675
20761 1.55954 NaN NaN NaN 146.99698 -83.53030 -34.45681 250.63708 -155.48573 -30.09273 NaN NaN NaN -1.69855 -167.05394 32.98280 -18.74314 -156.40924 -95.86084
20762 1.56789 NaN NaN NaN 147.06618 -83.64756 -34.39595 250.69365 -155.46182 -30.17981 NaN NaN NaN -1.46676 -166.84169 32.91782 -18.98740 -156.35843 -95.89732
20763 1.57623 NaN NaN NaN 147.12871 -83.70377 -34.37888 250.75301 -155.40866 -30.28037 NaN NaN NaN -1.20005 -166.60455 32.88827 -19.17778 -156.28006 -95.81834
20764 1.58458 NaN NaN NaN 147.16000 -83.73663 -34.38374 250.81087 -155.40359 -30.35656 NaN NaN NaN -0.97884 -166.43282 32.87390 -19.34942 -156.27785 -95.71329
20765 1.59293 NaN NaN NaN 147.22044 -83.55737 -34.38548 250.84624 -155.38258 -30.39960 NaN NaN NaN -0.80106 -166.28503 32.89147 -19.48272 -156.25214 -95.58865
20766 1.60127 NaN NaN NaN 147.24696 -83.48698 -34.39738 250.91100 -155.38406 -30.45498 NaN NaN NaN -0.64215 -166.20099 32.90762 -19.59560 -156.16637 -95.54831
20767 1.60962 NaN NaN NaN 147.28488 -83.40924 -34.41986 250.97659 -155.37840 -30.49793 NaN NaN NaN -0.47725 -166.10378 32.96358 -19.71958 -155.99887 -95.47746
20768 1.61797 NaN NaN NaN 147.30394 -83.46535 -34.39703 251.05133 -155.41481 -30.53048 NaN NaN NaN -0.31937 -166.01326 32.99658 -19.74308 -155.80843 -95.44570
20769 1.62631 NaN NaN NaN 147.35440 -83.51222 -34.37553 251.10661 -155.41643 -30.54589 NaN NaN NaN -0.17988 -165.95689 33.04346 -19.67587 -155.63269 -95.44562
20770 1.63466 NaN NaN NaN 147.37315 -83.54712 -34.41058 251.15085 -155.43947 -30.59345 NaN NaN NaN -0.05165 -165.92143 33.07378 -19.54512 -155.44328 -95.38353
20771 1.64301 NaN NaN NaN 147.38361 -83.65633 -34.48683 251.16989 -155.41560 -30.61831 NaN NaN NaN 0.10128 -165.87215 33.17302 -19.42731 -155.28845 -95.27532
20772 1.65135 NaN NaN NaN 147.40767 -83.64635 -34.44038 251.19699 -155.40799 -30.67719 NaN NaN NaN 0.35142 -165.83928 33.31003 -19.30679 -155.20020 -95.06057
20773 1.65970 NaN NaN NaN 147.41698 -83.70902 -34.49953 251.21719 -155.39072 -30.73505 NaN NaN NaN 0.60258 -165.74991 33.45052 -19.20060 -155.17021 -94.95515
20774 1.66805 NaN NaN NaN 147.42346 -83.75583 -34.52229 251.24461 -155.41959 -30.78639 NaN NaN NaN 0.88122 -165.69875 33.56633 -19.09929 -155.19783 -94.81350
20775 1.67639 NaN NaN NaN 147.41452 -83.74558 -34.53749 251.25026 -155.44257 -30.81587 NaN NaN NaN 1.13503 -165.65656 33.61027 -19.03494 -155.19801 -94.71864
20776 1.68474 NaN NaN NaN 147.42419 -83.76527 -34.55095 251.25711 -155.47710 -30.82849 NaN NaN NaN 1.37540 -165.57109 33.64744 -19.01202 -155.24782 -94.65369
20777 1.69308 NaN NaN NaN 147.41206 -83.70404 -34.47344 251.26230 -155.51770 -30.82424 NaN NaN NaN 1.64133 -165.49963 33.59998 -19.02931 -155.28220 -94.65479
20778 1.70143 NaN NaN NaN 147.35326 -83.81581 -34.53368 251.26636 -155.57159 -30.85615 NaN NaN NaN 1.91025 -165.39491 33.53911 -19.07480 -155.30382 -94.66109
20779 1.70978 NaN NaN NaN 147.34222 -83.90508 -34.53701 251.25211 -155.63348 -30.82158 NaN NaN NaN 2.13567 -165.29924 33.46564 -19.05084 -155.26863 -94.69778
20780 1.71812 NaN NaN NaN 147.32445 -83.93646 -34.54335 251.24448 -155.67024 -30.78384 NaN NaN NaN 2.27457 -165.30052 33.41468 -19.00349 -155.20361 -94.71630
20781 1.72647 NaN NaN NaN 147.32394 -83.90969 -34.55413 251.19878 -155.72127 -30.72194 NaN NaN NaN 2.37377 -165.35959 33.37654 -19.00440 -155.09982 -94.74603
20782 1.73482 NaN NaN NaN 147.30881 -83.90466 -34.53792 251.17363 -155.79042 -30.66288 NaN NaN NaN 2.53292 -165.37927 33.36155 -19.11389 -155.11630 -94.74751
20783 1.74316 NaN NaN NaN 147.29318 -83.86858 -34.46058 251.14372 -155.85597 -30.60975 NaN NaN NaN 2.78561 -165.32487 33.31391 -19.33706 -155.17578 -94.80040
20784 1.75151 NaN NaN NaN 147.25159 -83.96274 -34.49199 251.14209 -155.91190 -30.58166 NaN NaN NaN 2.99158 -165.25516 33.23780 -19.55150 -155.26660 -94.80663
20785 1.75986 NaN NaN NaN 147.21332 -84.09161 -34.47058 251.12766 -155.98361 -30.53721 NaN NaN NaN 3.12891 -165.16495 33.14089 -19.76331 -155.34691 -94.82816
20786 1.76820 NaN NaN NaN 147.14934 -84.22190 -34.40442 251.10643 -156.05013 -30.49656 NaN NaN NaN 3.20286 -165.10097 33.02903 -20.02129 -155.34767 -94.86023
20787 1.77655 NaN NaN NaN 147.10582 -84.33998 -34.31629 251.09615 -156.10043 -30.41803 NaN NaN NaN 3.35151 -165.02946 32.92676 -20.26186 -155.40503 -94.86553
20788 1.78490 NaN NaN NaN 147.10832 -84.46683 -34.21719 251.10516 -156.19066 -30.37319 NaN NaN NaN 3.62743 -164.88959 32.81239 -20.58819 -155.40613 -94.87614
20789 1.79324 NaN NaN NaN 147.06705 -84.62551 -34.10395 251.13121 -156.27637 -30.34031 NaN NaN NaN 3.97000 -164.60390 32.63924 -20.88432 -155.40057 -95.00007
20790 1.80159 NaN NaN NaN 146.98950 -84.72987 -34.03806 251.13715 -156.34192 -30.31009 NaN NaN NaN 4.28481 -164.26630 32.41268 -21.21023 -155.30728 -95.06635
20791 1.80994 NaN NaN NaN 146.94283 -84.79629 -34.00079 251.11667 -156.37537 -30.26055 NaN NaN NaN 4.54167 -163.99136 32.12987 -21.43642 -155.16701 -95.30943
20792 1.81828 NaN NaN NaN 146.87413 -84.85911 -33.99714 251.09279 -156.38660 -30.21820 NaN NaN NaN 4.79982 -163.76671 31.83726 -21.54918 -154.90260 -95.47618
20793 1.82663 NaN NaN NaN 146.78268 -84.90609 -34.01027 251.07037 -156.35837 -30.20084 NaN NaN NaN 5.03280 -163.51636 31.49734 -21.58782 -154.58551 -95.68926
20794 1.83498 NaN NaN NaN 146.71404 -84.94913 -34.02519 251.04047 -156.31633 -30.18839 NaN NaN NaN 5.27600 -163.24042 31.21948 -21.57645 -154.24335 -95.90289
20795 1.84332 NaN NaN NaN 146.66052 -84.93063 -34.05016 250.99049 -156.24269 -30.17114 NaN NaN NaN 5.49938 -162.97049 30.97927 -21.62667 -153.85172 -96.11591
20796 1.85167 NaN NaN NaN 146.62926 -84.85821 -34.11808 250.96545 -156.15842 -30.16458 NaN NaN NaN 5.72077 -162.70465 30.80680 -21.70214 -153.46992 -96.28725
20797 1.86002 NaN NaN NaN 146.58861 -84.75912 -34.19966 250.94464 -156.07576 -30.19226 NaN NaN NaN 5.90134 -162.39619 30.69718 -21.74500 -153.17871 -96.38432
20798 1.86836 NaN NaN NaN 146.56615 -84.67398 -34.25628 250.96107 -155.98322 -30.18659 NaN NaN NaN 6.02733 -162.12897 30.65151 -21.78309 -153.02223 -96.39774
20799 1.87671 NaN NaN NaN 146.54323 -84.62239 -34.31411 250.95493 -155.88196 -30.14534 NaN NaN NaN 6.09622 -161.84209 30.73090 -21.77472 -152.97136 -96.32751
20800 1.88506 NaN NaN NaN 146.53549 -84.58387 -34.33267 250.96277 -155.80547 -30.15708 NaN NaN NaN 6.11210 -161.65790 30.90825 -21.73782 -152.91087 -96.13641
20801 1.89340 NaN NaN NaN 146.52899 -84.56477 -34.32827 250.98044 -155.76871 -30.13548 NaN NaN NaN 6.08441 -161.46303 31.15806 -21.63225 -152.87398 -95.91532
20802 1.90175 NaN NaN NaN 146.54285 -84.58250 -34.28612 251.02707 -155.74962 -30.13307 NaN NaN NaN 6.09144 -161.29909 31.51185 -21.48814 -152.89262 -95.59781
20803 1.91010 NaN NaN NaN 146.55740 -84.61585 -34.25488 251.04959 -155.75362 -30.11246 NaN NaN NaN 6.15288 -161.03378 31.84052 -21.33193 -152.87512 -95.31774
20804 1.91844 NaN NaN NaN 146.60236 -84.66414 -34.19090 251.09831 -155.77425 -30.11307 NaN NaN NaN 6.24944 -160.70369 32.19276 -21.14724 -152.98566 -95.03288
20805 1.92679 NaN NaN NaN 146.61526 -84.76084 -34.09946 251.16609 -155.79079 -30.13094 NaN NaN NaN 6.32257 -160.36067 32.49612 -20.87819 -153.00493 -94.73029
20806 1.93513 NaN NaN NaN 146.66032 -84.86729 -34.03200 251.21452 -155.81779 -30.16841 NaN NaN NaN 6.31022 -160.05769 32.76866 -20.44758 -152.97850 -94.53567
20807 1.94348 NaN NaN NaN 146.67096 -84.92689 -34.01981 251.23691 -155.78557 -30.15580 NaN NaN NaN 6.19433 -159.82445 33.00690 -19.96543 -152.90042 -94.44200
20808 1.95183 NaN NaN NaN 146.71335 -84.85245 -34.04957 251.22144 -155.75471 -30.16542 NaN NaN NaN 6.04374 -159.64095 33.21914 -19.51138 -152.79225 -94.39897
20809 1.96017 NaN NaN NaN 146.71870 -84.76167 -34.14092 251.19557 -155.69975 -30.15092 NaN NaN NaN 5.85427 -159.56635 33.41878 -19.14244 -152.74704 -94.36870
20810 1.96852 NaN NaN NaN 146.75568 -84.54945 -34.25573 251.12981 -155.63718 -30.15316 NaN NaN NaN 5.62042 -159.55586 33.60468 -18.86136 -152.85893 -94.33894
20811 1.97687 NaN NaN NaN 146.78697 -84.32053 -34.35204 251.03282 -155.55400 -30.13369 NaN NaN NaN 5.32149 -159.63358 33.76168 -18.70577 -153.12033 -94.28362
20812 1.98521 NaN NaN NaN 146.77939 -84.17632 -34.43599 250.95093 -155.49371 -30.09675 NaN NaN NaN 5.04386 -159.78195 33.90956 -18.56828 -153.55597 -94.19331
20813 1.99356 NaN NaN NaN 146.81680 -84.04269 -34.39946 250.86522 -155.45798 -30.03266 NaN NaN NaN 4.63652 -160.06581 34.08601 -18.48565 -154.06328 -94.07794
20814 2.00191 NaN NaN NaN 146.81628 -84.05164 -34.47805 250.79965 -155.45221 -29.97088 NaN NaN NaN 4.11915 -160.42162 34.27848 -18.32260 -154.61755 -93.91672
20815 2.01025 NaN NaN NaN 146.81752 -84.06055 -34.48151 250.71556 -155.46690 -29.89137 NaN NaN NaN 3.56225 -160.89220 34.50167 -18.22308 -155.07266 -93.78139
20816 2.01860 NaN NaN NaN 146.79691 -84.18845 -34.39952 250.66568 -155.52986 -29.81222 NaN NaN NaN 2.92355 -161.40099 34.67661 -18.11508 -155.49239 -93.74277
20817 2.02695 NaN NaN NaN 146.76129 -84.31663 -34.29089 250.63670 -155.59933 -29.76345 NaN NaN NaN 2.26992 -162.01355 34.85375 -17.92530 -155.71826 -93.64537
20818 2.03529 NaN NaN NaN 146.77219 -84.45320 -34.21779 250.58282 -155.68858 -29.70408 NaN NaN NaN 1.59971 -162.59532 35.02247 -17.74987 -155.86436 -93.59991
20819 2.04364 NaN NaN NaN 146.78725 -84.61656 -34.13659 250.51385 -155.79823 -29.64795 NaN NaN NaN 0.95427 -163.16449 35.22403 -17.60702 -155.89700 -93.52905
20820 2.05199 NaN NaN NaN 146.81613 -84.63285 -34.09842 250.50598 -155.89874 -29.63012 NaN NaN NaN 0.33000 -163.67409 35.42247 -17.58792 -155.91960 -93.47900
20821 2.06033 NaN NaN NaN 146.79558 -84.60185 -34.04791 250.50037 -155.99796 -29.59982 NaN NaN NaN -0.24352 -164.16505 35.50719 -17.68364 -155.93251 -93.45823
20822 2.06868 NaN NaN NaN 146.78670 -84.52865 -34.04900 250.49687 -156.09967 -29.53038 NaN NaN NaN -0.90978 -164.65596 35.45179 -17.79525 -156.02966 -93.54493
20823 2.07703 NaN NaN NaN 146.78336 -84.47521 -34.06639 250.49664 -156.13208 -29.49397 NaN NaN NaN -1.70587 -165.24728 35.30840 -17.84773 -156.07379 -93.68619
20824 2.08537 NaN NaN NaN 146.79582 -84.43145 -34.11086 250.50664 -156.14015 -29.43668 NaN NaN NaN -2.58870 -165.95818 35.13779 -17.86005 -156.10294 -93.83715
20825 2.09372 NaN NaN NaN 146.82245 -84.40367 -34.16579 250.53575 -156.07559 -29.41026 NaN NaN NaN -3.40582 -166.71132 35.02109 -17.95385 -156.12624 -94.09149
20826 2.10207 NaN NaN NaN 146.85684 -84.38441 -34.18536 250.55992 -156.01524 -29.38318 NaN NaN NaN -4.20090 -167.43723 34.83399 -18.16000 -156.10966 -94.28856
20827 2.11041 NaN NaN NaN 146.88193 -84.39649 -34.21487 250.56775 -155.93489 -29.38592 NaN NaN NaN -4.85261 -168.10876 34.66003 -18.38410 -156.11049 -94.44382
20828 2.11876 NaN NaN NaN 146.91093 -84.36003 -34.27550 250.58682 -155.91211 -29.38890 NaN NaN NaN -5.46214 -168.72438 34.57760 -18.69140 -156.08594 -94.50159
20829 2.12711 NaN NaN NaN 146.93121 -84.34529 -34.31891 250.60793 -155.91765 -29.38827 NaN NaN NaN -6.01767 -169.21178 34.50264 -19.03418 -156.13364 -94.56240
20830 2.13545 NaN NaN NaN 146.92102 -84.27010 -34.38087 250.60562 -155.93700 -29.42033 NaN NaN NaN -6.45840 -169.62061 34.43187 -19.35772 -156.20917 -94.61420
20831 2.14380 NaN NaN NaN 146.88271 -84.25863 -34.46987 250.60907 -155.95357 -29.43344 NaN NaN NaN -6.74456 -169.86264 34.34331 -19.65942 -156.23355 -94.65643
20832 2.15215 NaN NaN NaN 146.84526 -84.38858 -34.48769 250.62389 -155.98599 -29.45095 NaN NaN NaN -6.90767 -170.00705 34.28173 -19.96795 -156.23373 -94.67845
20833 2.16049 NaN NaN NaN 146.87645 -84.39541 -34.51904 250.63142 -156.01363 -29.49328 NaN NaN NaN -7.00945 -170.02739 34.24972 -20.10439 -156.20937 -94.73413
20834 2.16884 NaN NaN NaN 146.88023 -84.44595 -34.50841 250.64467 -156.07983 -29.51896 NaN NaN NaN -6.98426 -169.97391 34.22424 -20.26923 -156.09906 -94.71844
20835 2.17719 NaN NaN NaN 146.84993 -84.48756 -34.53036 250.66740 -156.10811 -29.56410 NaN NaN NaN -6.84928 -169.87796 34.21613 -20.48024 -156.05881 -94.72062
20836 2.18553 NaN NaN NaN 146.82076 -84.56044 -34.49874 250.69859 -156.12833 -29.55661 NaN NaN NaN -6.68785 -169.73859 34.21318 -20.58047 -156.02077 -94.71596
20837 2.19388 NaN NaN NaN 146.79840 -84.64789 -34.46849 250.72116 -156.11398 -29.60071 NaN NaN NaN -6.50000 -169.56021 34.16533 -20.47110 -155.83760 -94.74655
20838 2.20222 NaN NaN NaN 146.84888 -84.65790 -34.40856 250.74133 -156.08878 -29.63811 NaN NaN NaN -6.22839 -169.39079 34.08004 -20.31936 -155.67082 -94.81555
20839 2.21057 NaN NaN NaN 146.87390 -84.65680 -34.39454 250.79872 -156.06874 -29.71677 NaN NaN NaN -5.89482 -169.18347 33.96817 -20.15058 -155.37016 -94.85915
20840 2.21892 NaN NaN NaN 146.90955 -84.60021 -34.38029 250.87923 -156.01833 -29.76288 NaN NaN NaN -5.49284 -168.91167 33.81993 -19.95702 -155.04179 -94.92024
20841 2.22726 NaN NaN NaN 146.97466 -84.50354 -34.37874 250.97156 -155.98332 -29.80250 NaN NaN NaN -4.96717 -168.61203 33.70684 -19.75734 -154.74025 -95.03904
20842 2.23561 NaN NaN NaN 147.04358 -84.42873 -34.36643 251.06190 -155.97276 -29.84368 NaN NaN NaN -4.44083 -168.25842 33.53317 -19.57463 -154.48650 -95.20547
20843 2.24396 NaN NaN NaN 147.12941 -84.35368 -34.38857 251.18918 -155.93767 -29.89973 NaN NaN NaN -3.95535 -167.95389 33.34770 -19.26044 -154.25504 -95.46277
20844 2.25230 NaN NaN NaN 147.16895 -84.33615 -34.41710 251.27379 -155.83931 -29.98284 NaN NaN NaN -3.49791 -167.69142 33.15478 -18.93846 -153.93217 -95.64616
20845 2.26065 NaN NaN NaN 147.23303 -84.22915 -34.45349 251.33109 -155.70610 -30.04486 NaN NaN NaN -3.08853 -167.45135 32.89832 -18.58132 -153.60948 -95.87347
20846 2.26900 NaN NaN NaN 147.30678 -84.07162 -34.43288 251.38702 -155.56302 -30.11778 NaN NaN NaN -2.66329 -167.29176 32.72350 -18.31404 -153.26974 -96.01540
20847 2.27734 NaN NaN NaN 147.35428 -83.89394 -34.53656 251.45380 -155.40533 -30.16768 NaN NaN NaN -2.24416 -167.08513 32.57798 -18.12202 -153.02457 -96.14056
20848 2.28569 NaN NaN NaN 147.37767 -83.82565 -34.65511 251.52829 -155.27464 -30.21173 NaN NaN NaN -1.85479 -166.86955 32.50465 -17.96605 -152.88518 -96.18180
20849 2.29404 NaN NaN NaN 147.43547 -83.73379 -34.69635 251.61952 -155.17775 -30.27597 NaN NaN NaN -1.49677 -166.65248 32.45774 -17.90429 -152.94312 -96.24361
20850 2.30238 NaN NaN NaN 147.46332 -83.64887 -34.63792 251.67422 -155.09720 -30.30585 NaN NaN NaN -1.19267 -166.48405 32.46417 -17.87232 -152.99701 -96.19053
20851 2.31073 NaN NaN NaN 147.51077 -83.59341 -34.68215 251.71779 -155.00568 -30.33018 NaN NaN NaN -0.98578 -166.39355 32.47006 -17.88292 -153.10127 -96.11331
20852 2.31908 NaN NaN NaN 147.54245 -83.56523 -34.70631 251.75000 -154.98228 -30.37339 NaN NaN NaN -0.85758 -166.34192 32.49585 -17.92295 -153.18637 -96.03531
20853 2.32742 NaN NaN NaN 147.53877 -83.55428 -34.71442 251.73740 -154.95651 -30.36401 NaN NaN NaN -0.82146 -166.38486 32.53452 -18.00261 -153.29474 -96.00716
20854 2.33577 NaN NaN NaN 147.51553 -83.52258 -34.64143 251.70601 -154.97220 -30.35733 NaN NaN NaN -0.87038 -166.46967 32.57710 -18.10180 -153.37022 -95.98045
20855 2.34412 NaN NaN NaN 147.48833 -83.49516 -34.59494 251.64845 -155.01004 -30.30670 NaN NaN NaN -1.02031 -166.65587 32.57394 -18.22967 -153.44011 -96.01975
20856 2.35246 NaN NaN NaN 147.41310 -83.49183 -34.61105 251.57484 -155.03235 -30.25643 NaN NaN NaN -1.20440 -166.84375 32.55449 -18.35422 -153.46585 -96.01341
20857 2.36081 NaN NaN NaN 147.38416 -83.52042 -34.58854 251.50818 -155.04736 -30.20073 NaN NaN NaN -1.39826 -167.06673 32.58609 -18.49654 -153.54919 -96.03603
20858 2.36916 NaN NaN NaN 147.31538 -83.58488 -34.68895 251.46263 -155.08453 -30.17367 NaN NaN NaN -1.57236 -167.26875 32.60426 -18.69087 -153.64513 -96.02426
20859 2.37750 NaN NaN NaN 147.27803 -83.62231 -34.68470 251.41624 -155.12976 -30.12254 NaN NaN NaN -1.74820 -167.48840 32.62128 -18.95048 -153.80969 -96.02161
20860 2.38585 NaN NaN NaN 147.22345 -83.64726 -34.65733 251.38712 -155.23018 -30.09288 NaN NaN NaN -1.72386 -167.60516 32.59826 -19.25982 -153.95735 -95.92041
20861 2.39420 NaN NaN NaN 147.22000 -83.69493 -34.59202 251.36481 -155.30679 -30.06986 NaN NaN NaN -1.53380 -167.56877 32.53774 -19.67513 -154.11626 -95.79813
20862 2.40254 NaN NaN NaN 147.21532 -83.74891 -34.51894 251.36092 -155.42119 -30.06807 NaN NaN NaN -1.33085 -167.44063 32.36956 -19.95894 -154.35934 -95.97885
20863 2.41089 NaN NaN NaN 147.16496 -83.92545 -34.41169 251.34650 -155.51044 -30.06365 NaN NaN NaN -1.11132 -167.32104 32.15356 -20.12651 -154.35780 -96.14155
20864 2.41924 NaN NaN NaN 147.11040 -84.12374 -34.34037 251.35403 -155.59068 -30.08506 NaN NaN NaN -0.81607 -167.20131 31.88182 -20.19153 -154.27982 -96.32612
20865 2.42758 NaN NaN NaN 147.10835 -84.28333 -34.28181 251.35349 -155.65770 -30.10902 NaN NaN NaN -0.51047 -167.02837 31.51725 -20.13594 -153.99532 -96.50986
20866 2.43593 NaN NaN NaN 147.12889 -84.39850 -34.21452 251.36137 -155.69087 -30.13313 NaN NaN NaN -0.12208 -166.87514 31.18779 -19.98978 -153.64944 -96.76920
20867 2.44427 NaN NaN NaN 147.15945 -84.48569 -34.15091 251.40697 -155.75835 -30.16990 NaN NaN NaN 0.45595 -166.58542 30.84909 -19.91302 -153.20860 -97.04300
20868 2.45262 NaN NaN NaN 147.15074 -84.56719 -34.08394 251.47415 -155.85991 -30.26781 NaN NaN NaN 1.21108 -166.11392 30.50180 -19.85589 -152.80305 -97.32076
20869 2.46097 NaN NaN NaN 147.13664 -84.68676 -34.00581 251.55487 -155.89493 -30.33988 NaN NaN NaN 1.92511 -165.57994 30.15650 -19.78418 -152.51482 -97.75182
20870 2.46931 NaN NaN NaN 147.20247 -84.72274 -34.00543 251.61891 -155.90366 -30.39499 NaN NaN NaN 2.48904 -165.14635 29.77687 -19.55964 -152.24838 -98.11914
20871 2.47766 NaN NaN NaN 147.23805 -84.70947 -34.01210 251.69473 -155.86928 -30.45506 NaN NaN NaN 3.04325 -164.84923 29.41632 -19.25464 -151.79694 -98.30871
20872 2.48601 NaN NaN NaN 147.26196 -84.67619 -34.02322 251.76749 -155.82292 -30.51846 NaN NaN NaN 3.64826 -164.49619 29.15443 -19.07410 -151.45111 -98.45494
20873 2.49435 NaN NaN NaN 147.30768 -84.66424 -34.01373 251.81964 -155.80336 -30.57751 NaN NaN NaN 4.29599 -164.11102 28.97788 -19.15862 -151.56151 -98.60461
20874 2.50270 NaN NaN NaN 147.34688 -84.69450 -34.00838 251.87151 -155.84450 -30.61283 NaN NaN NaN 4.89470 -163.73189 28.81865 -19.14766 -151.59700 -98.69903
20875 2.51105 NaN NaN NaN 147.38373 -84.76344 -33.95882 251.95848 -155.88811 -30.62499 NaN NaN NaN 5.29329 -163.43109 28.70581 -19.09813 -151.66977 -98.75067
20876 2.51939 NaN NaN NaN 147.42416 -84.83410 -33.92005 252.03769 -155.94078 -30.64552 NaN NaN NaN 5.57419 -163.22862 28.58972 -18.97804 -151.64238 -98.80662
20877 2.52774 NaN NaN NaN 147.47467 -84.91486 -33.85290 252.10739 -155.96748 -30.63428 NaN NaN NaN 5.72132 -163.14696 28.46899 -18.83960 -151.48883 -98.85454
20878 2.53609 NaN NaN NaN 147.46448 -85.04002 -33.76921 252.12296 -155.99187 -30.62916 NaN NaN NaN 5.81615 -163.17265 28.42613 -18.75809 -151.34937 -98.84703
20879 2.54443 NaN NaN NaN 147.45741 -85.15722 -33.70207 252.12671 -156.01212 -30.60627 NaN NaN NaN 5.87417 -163.20642 28.44752 -18.64351 -151.20537 -98.87255
20880 2.55278 NaN NaN NaN 147.46652 -85.12530 -33.75078 252.10532 -156.05280 -30.58258 NaN NaN NaN 5.88959 -163.27605 28.58645 -18.54298 -151.15430 -98.81147
20881 2.56113 NaN NaN NaN 147.47046 -85.10452 -33.79862 252.08107 -156.09656 -30.57781 NaN NaN NaN 5.89624 -163.31573 28.75977 -18.48770 -151.15077 -98.65351
20882 2.56947 NaN NaN NaN 147.41170 -85.10979 -33.86521 252.02968 -156.13174 -30.55193 NaN NaN NaN 5.88263 -163.29910 29.02447 -18.48065 -151.29097 -98.44640
20883 2.57782 NaN NaN NaN 147.38429 -85.14451 -33.86929 251.99277 -156.19301 -30.52572 NaN NaN NaN 5.90670 -163.24222 29.30563 -18.44662 -151.44748 -98.17097
20884 2.58617 NaN NaN NaN 147.36595 -85.16830 -33.85227 251.98241 -156.26303 -30.51780 NaN NaN NaN 5.95646 -163.21753 29.60100 -18.36956 -151.75882 -97.88237
20885 2.59451 NaN NaN NaN 147.36833 -85.27002 -33.77937 251.98849 -156.35004 -30.50048 NaN NaN NaN 5.99806 -163.15140 29.79751 -18.20922 -151.87231 -97.67529
20886 2.60286 NaN NaN NaN 147.31172 -85.46811 -33.70414 252.00977 -156.44205 -30.46976 NaN NaN NaN 5.97805 -162.98782 29.98013 -18.01357 -151.87671 -97.53909
20887 2.61121 NaN NaN NaN 147.29936 -85.57947 -33.63115 252.02145 -156.49721 -30.44338 NaN NaN NaN 5.87952 -162.80733 30.10391 -17.65122 -151.73735 -97.52213
20888 2.61955 NaN NaN NaN 147.28934 -85.68098 -33.59845 252.00612 -156.52921 -30.39108 NaN NaN NaN 5.67163 -162.67096 30.22243 -17.14726 -151.48622 -97.57953
20889 2.62790 NaN NaN NaN 147.30644 -85.71185 -33.53531 251.97076 -156.45844 -30.35487 NaN NaN NaN 5.37752 -162.58134 30.28191 -16.66473 -151.10165 -97.67960
20890 2.63625 NaN NaN NaN 147.32018 -85.59431 -33.61086 251.94498 -156.40898 -30.28840 NaN NaN NaN 4.96999 -162.56738 30.32064 -16.22198 -150.81140 -97.78956
20891 2.64459 NaN NaN NaN 147.33633 -85.38914 -33.73628 251.88107 -156.29503 -30.24242 NaN NaN NaN 4.62100 -162.56783 30.38416 -15.94675 -150.68431 -97.82713
20892 2.65294 NaN NaN NaN 147.33282 -85.21775 -33.82920 251.81407 -156.18994 -30.20860 NaN NaN NaN 4.20946 -162.66017 30.52192 -15.77726 -150.73380 -97.79995
20893 2.66129 NaN NaN NaN 147.35114 -84.95538 -33.94154 251.71599 -156.07915 -30.16768 NaN NaN NaN 3.70608 -162.78413 30.65136 -15.61380 -150.91182 -97.75590
20894 2.66963 NaN NaN NaN 147.36720 -84.75483 -34.04942 251.61261 -155.93765 -30.05098 NaN NaN NaN 3.15369 -163.04971 30.81878 -15.47665 -151.18776 -97.66325
20895 2.67798 NaN NaN NaN 147.35609 -84.59280 -34.13433 251.53186 -155.78720 -29.98933 NaN NaN NaN 2.57218 -163.35918 31.00596 -15.42874 -151.52921 -97.56228
20896 2.68633 NaN NaN NaN 147.34482 -84.45018 -34.20763 251.44611 -155.65930 -29.97035 NaN NaN NaN 1.94168 -163.68034 31.19307 -15.35468 -151.87372 -97.43493
20897 2.69467 NaN NaN NaN 147.33771 -84.33394 -34.22554 251.39130 -155.58502 -29.95535 NaN NaN NaN 1.24089 -164.06915 31.39759 -15.24117 -152.11501 -97.33434
20898 2.70302 NaN NaN NaN 147.34358 -84.27853 -34.23543 251.33598 -155.53358 -29.93560 NaN NaN NaN 0.47434 -164.51974 31.54650 -15.16003 -152.29826 -97.20832
20899 2.71136 NaN NaN NaN 147.29219 -84.40005 -34.14857 251.28477 -155.50270 -29.87689 NaN NaN NaN -0.23144 -164.95799 31.68460 -15.03544 -152.49870 -97.09389
20900 2.71971 NaN NaN NaN 147.27037 -84.46946 -34.08502 251.22899 -155.51277 -29.83380 NaN NaN NaN -0.92585 -165.34145 31.83370 -14.85008 -152.63579 -97.00564
20901 2.72806 NaN NaN NaN 147.24971 -84.60500 -34.02872 251.17734 -155.53859 -29.81224 NaN NaN NaN -1.54194 -165.70580 32.04317 -14.75782 -152.76761 -96.92792
20902 2.73640 NaN NaN NaN 147.24644 -84.52103 -34.05903 251.12628 -155.60046 -29.74459 NaN NaN NaN -2.06068 -165.98755 32.27563 -14.65012 -152.93266 -96.76378
20903 2.74475 NaN NaN NaN 147.20659 -84.50586 -34.06695 251.02141 -155.62715 -29.73262 NaN NaN NaN -2.43873 -166.19847 32.51801 -14.65439 -153.12010 -96.54140
20904 2.75310 NaN NaN NaN 147.18454 -84.37900 -34.12430 250.96101 -155.66344 -29.69414 NaN NaN NaN -2.71142 -166.29335 32.74276 -14.75310 -153.25275 -96.30335
20905 2.76144 NaN NaN NaN 147.16843 -84.19762 -34.20445 250.89349 -155.70261 -29.66219 NaN NaN NaN -2.90209 -166.31194 32.96956 -14.90251 -153.43153 -96.14602
20906 2.76979 NaN NaN NaN 147.14143 -84.10098 -34.20729 250.85486 -155.73405 -29.56572 NaN NaN NaN -3.01838 -166.35431 33.10011 -15.03463 -153.58221 -96.07319
20907 2.77814 NaN NaN NaN 147.12727 -84.08421 -34.20742 250.83060 -155.74754 -29.50681 NaN NaN NaN -3.19272 -166.50879 33.01542 -15.03025 -153.65573 -96.06977
20908 2.78648 NaN NaN NaN 147.11440 -84.03935 -34.22483 250.82213 -155.74135 -29.47705 NaN NaN NaN -3.51034 -166.80019 32.85437 -14.93970 -153.55534 -96.16898
20909 2.79483 NaN NaN NaN 147.11975 -84.03680 -34.24454 250.81471 -155.67680 -29.48664 NaN NaN NaN -3.89104 -167.20255 32.69847 -14.72485 -153.33858 -96.25047
20910 2.80318 NaN NaN NaN 147.15015 -83.99802 -34.29003 250.81960 -155.62132 -29.52428 NaN NaN NaN -4.31872 -167.62756 32.53139 -14.57041 -153.07907 -96.44145
20911 2.81152 NaN NaN NaN 147.16420 -83.92967 -34.36718 250.83578 -155.54057 -29.56307 NaN NaN NaN -4.79137 -168.22144 32.28661 -14.51906 -152.86142 -96.66571
20912 2.81987 NaN NaN NaN 147.21107 -83.89853 -34.40803 250.86676 -155.47922 -29.58933 NaN NaN NaN -5.31753 -168.82317 32.08677 -14.51869 -152.64026 -96.92876
20913 2.82822 NaN NaN NaN 147.20010 -83.96684 -34.44842 250.87015 -155.40279 -29.65951 NaN NaN NaN -5.89396 -169.47896 31.94280 -14.57135 -152.61319 -97.13541
20914 2.83656 NaN NaN NaN 147.27795 -83.70863 -34.63729 250.89407 -155.33405 -29.67693 NaN NaN NaN -6.48630 -170.07262 31.79406 -14.71422 -152.54942 -97.15826
20915 2.84491 NaN NaN NaN 147.27942 -83.45527 -34.89788 250.89674 -155.24706 -29.73434 NaN NaN NaN -7.03718 -170.59393 31.74122 -15.04858 -152.65767 -97.12283
20916 2.85326 NaN NaN NaN 147.28024 -83.22462 -35.04650 250.90971 -155.16777 -29.78868 NaN NaN NaN -7.50175 -171.06898 31.77076 -15.38515 -152.98120 -97.11806
20917 2.86160 NaN NaN NaN 147.33560 -83.14364 -35.05867 250.92033 -155.11609 -29.81926 NaN NaN NaN -7.94932 -171.45522 31.88102 -15.76513 -153.31937 -96.96460
20918 2.86995 NaN NaN NaN 147.32947 -83.19140 -35.00187 250.92899 -155.11844 -29.82767 NaN NaN NaN -8.34647 -171.83101 32.05602 -16.18131 -153.80954 -96.86148
20919 2.87830 NaN NaN NaN 147.31258 -83.30418 -34.94630 250.92499 -155.15186 -29.82667 NaN NaN NaN -8.70404 -172.13010 32.23526 -16.57457 -154.23409 -96.75284
20920 2.88664 NaN NaN NaN 147.27493 -83.47240 -34.90362 250.91708 -155.21783 -29.82806 NaN NaN NaN -9.03618 -172.42754 32.40888 -16.97704 -154.57806 -96.59967
20921 2.89499 NaN NaN NaN 147.17630 -83.55693 -34.94580 250.87709 -155.25877 -29.81550 NaN NaN NaN -9.36536 -172.73083 32.56453 -17.30786 -154.85971 -96.44440
20922 2.90334 NaN NaN NaN 147.11327 -83.58098 -34.98690 250.84222 -155.30482 -29.80442 NaN NaN NaN -9.71878 -173.02045 32.72562 -17.58474 -155.11163 -96.24512
20923 2.91168 NaN NaN NaN 147.07942 -83.49149 -35.02671 250.82707 -155.32036 -29.79777 NaN NaN NaN -10.02404 -173.30089 32.82978 -17.76847 -155.40640 -96.06173
20924 2.92003 NaN NaN NaN 147.05490 -83.38409 -35.05216 250.81140 -155.31908 -29.80146 NaN NaN NaN -10.26131 -173.58917 32.96257 -17.99608 -155.63481 -95.88449
20925 2.92838 NaN NaN NaN 147.02161 -83.31364 -35.03666 250.81641 -155.33092 -29.81415 NaN NaN NaN -10.43238 -173.81555 33.02316 -18.21844 -155.76323 -95.74348
20926 2.93672 NaN NaN NaN 147.05399 -83.45715 -34.86190 250.81718 -155.34962 -29.82410 NaN NaN NaN -10.48773 -174.00749 33.02433 -18.41371 -155.93687 -95.82175
20927 2.94507 NaN NaN NaN 147.00380 -83.61758 -34.78164 250.82870 -155.33920 -29.85990 NaN NaN NaN -10.44137 -174.12976 32.91682 -18.55008 -155.91258 -95.96326
20928 2.95341 NaN NaN NaN 147.01418 -83.73168 -34.73745 250.86581 -155.33690 -29.92333 NaN NaN NaN -10.33990 -174.18712 32.72622 -18.53023 -155.82321 -96.16180
20929 2.96176 NaN NaN NaN 147.00906 -83.93631 -34.59285 250.91518 -155.27870 -29.99116 NaN NaN NaN -10.17085 -174.21263 32.41193 -18.39412 -155.55458 -96.34789
20930 2.97011 NaN NaN NaN 147.09668 -83.93866 -34.54760 250.96849 -155.24651 -30.05492 NaN NaN NaN -9.95334 -174.21172 32.09220 -18.22279 -155.31642 -96.60307
20931 2.97845 NaN NaN NaN 147.13805 -83.90018 -34.54942 251.02034 -155.18402 -30.10690 NaN NaN NaN -9.60186 -174.09618 31.80984 -18.08802 -155.06709 -96.81819
20932 2.98680 NaN NaN NaN 147.18877 -83.77499 -34.63358 251.03897 -155.14142 -30.20131 NaN NaN NaN -9.14752 -173.92133 31.62694 -18.01649 -154.97385 -97.05718
20933 2.99515 NaN NaN NaN 147.17435 -83.87688 -34.61122 251.08424 -155.09093 -30.23581 NaN NaN NaN -8.66290 -173.68379 31.47819 -18.01723 -154.84511 -97.18187
20934 3.00349 NaN NaN NaN 147.19138 -83.74860 -34.66481 251.13533 -155.08699 -30.27031 NaN NaN NaN -8.21496 -173.45810 31.34426 -18.00479 -154.74519 -97.26807
20935 3.01184 NaN NaN NaN 147.23471 -83.67564 -34.69960 251.20509 -155.08272 -30.29182 NaN NaN NaN -7.81051 -173.20682 31.16263 -18.05190 -154.62355 -97.51627
20936 3.02019 NaN NaN NaN 147.27029 -83.62592 -34.73051 251.25603 -155.10909 -30.32178 NaN NaN NaN -7.41405 -172.94475 30.98080 -18.04546 -154.51631 -97.67007
20937 3.02853 NaN NaN NaN 147.31047 -83.67834 -34.63938 251.31279 -155.14174 -30.33471 NaN NaN NaN -7.03819 -172.75191 30.79604 -18.05778 -154.36037 -97.75684
20938 3.03688 NaN NaN NaN 147.34891 -83.71359 -34.57502 251.34515 -155.15433 -30.33103 NaN NaN NaN -6.71958 -172.53517 30.64054 -18.05980 -154.24161 -97.83051
20939 3.04523 NaN NaN NaN 147.36792 -83.76271 -34.53903 251.38120 -155.18466 -30.33208 NaN NaN NaN -6.39096 -172.36288 30.53272 -18.03631 -154.08328 -97.99097
20940 3.05357 NaN NaN NaN 147.36961 -83.82090 -34.50360 251.42436 -155.22729 -30.34455 NaN NaN NaN -6.08504 -172.17654 30.39819 -17.98209 -154.04527 -98.19102
20941 3.06192 NaN NaN NaN 147.36861 -83.86005 -34.46205 251.49350 -155.28763 -30.35673 NaN NaN NaN -5.74119 -171.96999 30.29613 -17.96582 -153.93221 -98.26373
20942 3.07027 NaN NaN NaN 147.38231 -83.90527 -34.42348 251.54332 -155.37608 -30.41414 NaN NaN NaN -5.36417 -171.75168 30.24251 -17.98857 -153.81354 -98.24320
20943 3.07861 NaN NaN NaN 147.38252 -83.88986 -34.40905 251.56879 -155.39037 -30.43710 NaN NaN NaN -5.04274 -171.53035 30.14912 -17.98197 -153.65771 -98.28160
20944 3.08696 NaN NaN NaN 147.40968 -83.94230 -34.34056 251.58290 -155.41544 -30.44734 NaN NaN NaN -4.73029 -171.35258 30.03754 -17.99111 -153.53247 -98.33467
20945 3.09531 NaN NaN NaN 147.44626 -83.96213 -34.31379 251.60074 -155.41574 -30.47856 NaN NaN NaN -4.45402 -171.22533 29.91641 -18.00654 -153.45146 -98.50211
20946 3.10365 NaN NaN NaN 147.45270 -83.97671 -34.28978 251.61952 -155.41029 -30.50312 NaN NaN NaN -4.19999 -171.11809 29.82806 -18.05658 -153.46939 -98.62093
20947 3.11200 NaN NaN NaN 147.48677 -83.97784 -34.31721 251.64864 -155.40015 -30.56557 NaN NaN NaN -3.99844 -171.06178 29.71504 -18.14406 -153.47897 -98.74131
20948 3.12035 NaN NaN NaN 147.51180 -84.01187 -34.34988 251.69232 -155.39070 -30.61172 NaN NaN NaN -3.92452 -171.05544 29.59942 -18.25117 -153.55415 -98.83141
20949 3.12869 NaN NaN NaN 147.51616 -84.01051 -34.37128 251.73065 -155.40244 -30.64419 NaN NaN NaN -3.93598 -171.13316 29.46480 -18.36225 -153.62480 -98.86045
20950 3.13704 NaN NaN NaN 147.53067 -84.03833 -34.38081 251.76613 -155.42047 -30.66998 NaN NaN NaN -4.06751 -171.31082 29.31239 -18.41431 -153.70587 -98.84190
20951 3.14539 NaN NaN NaN 147.54533 -84.00257 -34.41468 251.80350 -155.43748 -30.66535 NaN NaN NaN -4.30075 -171.57553 29.27077 -18.43804 -153.73537 -98.84782
20952 3.15373 NaN NaN NaN 147.56551 -84.04550 -34.38852 251.79727 -155.43979 -30.66434 NaN NaN NaN -4.55005 -171.85490 29.32514 -18.51676 -153.73961 -98.82891
20953 3.16208 NaN NaN NaN 147.59471 -84.07062 -34.36955 251.82240 -155.48709 -30.65552 NaN NaN NaN -4.76786 -172.05563 29.43756 -18.77200 -153.88225 -98.87831
20954 3.17043 NaN NaN NaN 147.60498 -84.12765 -34.33929 251.84975 -155.54700 -30.63215 NaN NaN NaN -4.97739 -172.23183 29.53987 -19.18086 -154.16280 -98.76017
20955 3.17877 NaN NaN NaN 147.62881 -84.18853 -34.29942 251.86557 -155.63953 -30.62759 NaN NaN NaN -5.16946 -172.32680 29.67397 -19.66387 -154.49939 -98.65894
20956 3.18712 NaN NaN NaN 147.66640 -84.29231 -34.21309 251.87402 -155.74597 -30.60493 NaN NaN NaN -5.31208 -172.39055 29.84190 -20.17413 -154.93388 -98.51512
20957 3.19547 NaN NaN NaN 147.70033 -84.42417 -34.10060 251.92767 -155.87245 -30.57974 NaN NaN NaN -5.39159 -172.37627 29.95485 -20.58807 -155.37881 -98.43426
20958 3.20381 NaN NaN NaN 147.72195 -84.62602 -33.97126 251.98691 -156.02260 -30.57208 NaN NaN NaN -5.44527 -172.36621 29.98329 -20.97224 -155.65639 -98.34700
20959 3.21216 NaN NaN NaN 147.74377 -84.85201 -33.79409 252.01939 -156.14595 -30.55115 NaN NaN NaN -5.57059 -172.32793 29.95523 -21.15878 -155.77144 -98.33084
20960 3.22050 NaN NaN NaN 147.75008 -85.05579 -33.71827 252.01993 -156.26047 -30.52779 NaN NaN NaN -5.68206 -172.31068 29.82858 -21.07604 -155.68257 -98.41344
20961 3.22885 NaN NaN NaN 147.75638 -85.34479 -33.57190 252.03322 -156.37639 -30.50008 NaN NaN NaN -5.69506 -172.21909 29.68046 -20.84833 -155.33231 -98.50452
20962 3.23720 NaN NaN NaN 147.80450 -85.38528 -33.56099 252.02919 -156.47592 -30.46630 NaN NaN NaN -5.54005 -172.00903 29.55685 -20.44764 -155.00485 -98.63763
20963 3.24554 NaN NaN NaN 147.82245 -85.39413 -33.58356 252.02043 -156.52808 -30.44011 NaN NaN NaN -5.26243 -171.67494 29.50457 -20.04516 -154.63347 -98.77129
20964 3.25389 NaN NaN NaN 147.76558 -85.35735 -33.70678 252.00142 -156.58730 -30.43705 NaN NaN NaN -4.86905 -171.23663 29.48388 -19.69502 -154.38721 -98.84097
20965 3.26224 NaN NaN NaN 147.75989 -85.25950 -33.79486 251.96201 -156.63597 -30.45185 NaN NaN NaN -4.44187 -170.77289 29.50345 -19.38597 -154.21271 -98.95940
20966 3.27058 NaN NaN NaN 147.76125 -85.32127 -33.76520 251.94533 -156.66273 -30.47408 NaN NaN NaN -4.02842 -170.31879 29.49379 -19.10044 -154.13234 -98.99602
20967 3.27893 NaN NaN NaN 147.71716 -85.24036 -33.87092 251.94667 -156.67169 -30.46585 NaN NaN NaN -3.69202 -169.91936 29.42960 -18.77023 -154.02750 -99.02557
20968 3.28728 NaN NaN NaN 147.71156 -85.21735 -33.93043 251.95294 -156.68135 -30.44134 NaN NaN NaN -3.46253 -169.60027 29.33381 -18.33520 -153.92480 -99.08092
20969 3.29562 NaN NaN NaN 147.72900 -85.18528 -33.96279 251.91782 -156.69678 -30.39774 NaN NaN NaN -3.34965 -169.36417 29.20437 -17.80297 -153.81731 -99.29607
20970 3.30397 NaN NaN NaN 147.82286 -85.22839 -33.82955 251.86308 -156.71266 -30.30365 NaN NaN NaN -3.27142 -169.22874 29.11089 -17.24891 -153.67819 -99.45554
20971 3.31232 NaN NaN NaN 147.83240 -85.17053 -33.89621 251.77878 -156.70679 -30.22632 NaN NaN NaN -3.15104 -169.16095 29.07214 -16.73258 -153.49997 -99.50707
20972 3.32066 NaN NaN NaN 147.82576 -84.99932 -33.97717 251.69470 -156.68306 -30.15384 NaN NaN NaN -3.02746 -169.12978 29.08734 -16.25064 -153.39461 -99.49508
20973 3.32901 NaN NaN NaN 147.80629 -84.75824 -34.07719 251.59839 -156.64781 -30.05939 NaN NaN NaN -2.88492 -169.07820 29.13684 -15.92591 -153.39450 -99.50504
20974 3.33736 NaN NaN NaN 147.77568 -84.47935 -34.19091 251.50011 -156.57776 -29.92716 NaN NaN NaN -2.79298 -169.08562 29.19204 -15.55072 -153.51472 -99.49590
20975 3.34570 NaN NaN NaN 147.72336 -84.27434 -34.26529 251.42747 -156.51279 -29.75689 NaN NaN NaN -2.80988 -169.18036 29.21957 -15.21245 -153.70656 -99.52133
20976 3.35405 NaN NaN NaN 147.69810 -84.13805 -34.32809 251.32005 -156.47888 -29.65911 NaN NaN NaN -2.96021 -169.34523 29.24638 -14.91762 -153.87814 -99.52387
20977 3.36240 NaN NaN NaN 147.65532 -84.00998 -34.37383 251.22180 -156.46243 -29.59729 NaN NaN NaN -3.18008 -169.57323 29.27267 -14.64622 -153.98427 -99.44734
20978 3.37074 NaN NaN NaN 147.64275 -83.94944 -34.39188 251.11958 -156.44397 -29.45547 NaN NaN NaN -3.50075 -169.86481 29.29558 -14.44354 -153.98058 -99.44501
20979 3.37909 NaN NaN NaN 147.62415 -83.85449 -34.41307 250.98608 -156.42412 -29.32214 NaN NaN NaN -3.87281 -170.12683 29.29047 -14.31441 -153.98730 -99.47002
20980 3.38744 NaN NaN NaN 147.59113 -83.74973 -34.42840 250.87668 -156.41568 -29.17044 NaN NaN NaN -4.22135 -170.40872 29.27095 -14.11904 -154.09090 -99.57057
20981 3.39578 NaN NaN NaN 147.54640 -83.62077 -34.46133 250.77785 -156.43755 -29.06464 NaN NaN NaN -4.55064 -170.72311 29.22156 -14.01406 -154.12483 -99.57544
20982 3.40413 NaN NaN NaN 147.52518 -83.42989 -34.52444 250.64258 -156.44873 -28.88743 NaN NaN NaN -4.89617 -170.99609 29.16601 -13.96385 -154.20195 -99.62228
20983 3.41248 NaN NaN NaN 147.49596 -83.26896 -34.59706 250.50053 -156.42134 -28.73126 NaN NaN NaN -5.29718 -171.29320 29.13498 -13.88581 -154.24652 -99.71152
20984 3.42082 NaN NaN NaN 147.43950 -83.07838 -34.67366 250.31331 -156.40057 -28.59675 NaN NaN NaN -5.77057 -171.59949 29.10284 -13.79303 -154.23608 -99.76200
20985 3.42917 NaN NaN NaN 147.39061 -82.91560 -34.73130 250.14827 -156.33185 -28.46390 NaN NaN NaN -6.16239 -171.88698 29.04199 -13.72245 -154.23282 -99.77917
20986 3.43752 NaN NaN NaN 147.29015 -82.71790 -34.82867 249.99789 -156.25774 -28.34151 NaN NaN NaN -6.49475 -172.11940 28.94851 -13.71059 -154.18510 -99.83568
20987 3.44586 NaN NaN NaN 147.25450 -82.57552 -34.90606 249.86075 -156.22229 -28.26159 NaN NaN NaN -6.87400 -172.35458 28.82992 -13.68073 -154.10405 -99.93991
20988 3.45421 NaN NaN NaN 147.20802 -82.45326 -34.98988 249.71254 -156.17722 -28.14692 NaN NaN NaN -7.21934 -172.54686 28.66402 -13.63937 -153.98483 -100.06738
20989 3.46255 NaN NaN NaN 147.14754 -82.29874 -35.08350 249.56190 -156.11644 -27.97749 NaN NaN NaN -7.53713 -172.73015 28.49050 -13.56133 -153.79456 -100.15509
20990 3.47090 NaN NaN NaN 147.08707 -82.15288 -35.18184 249.46062 -156.03444 -27.87731 NaN NaN NaN -7.72665 -172.91087 28.37078 -13.49462 -153.61813 -100.18284
20991 3.47925 NaN NaN NaN 147.06035 -81.93056 -35.24868 249.35829 -155.98776 -27.78706 NaN NaN NaN -7.82853 -173.06424 28.24213 -13.41526 -153.48621 -100.35706
20992 3.48759 NaN NaN NaN 146.99548 -81.77617 -35.28951 249.24937 -155.90968 -27.70333 NaN NaN NaN -7.85391 -173.12141 28.14864 -13.28747 -153.33189 -100.48019
20993 3.49594 NaN NaN NaN 146.97366 -81.62057 -35.31962 249.13400 -155.82433 -27.61515 NaN NaN NaN -7.75961 -173.13777 28.03607 -13.22902 -153.07025 -100.52721
20994 3.50429 NaN NaN NaN 146.94043 -81.48679 -35.31381 249.00584 -155.72566 -27.53195 NaN NaN NaN -7.52850 -173.07103 27.95467 -13.09507 -152.85175 -100.59788
20995 3.51263 NaN NaN NaN 146.89424 -81.34579 -35.33393 248.88118 -155.62460 -27.46803 NaN NaN NaN -7.22727 -172.92055 27.87935 -12.92062 -152.61850 -100.63705
20996 3.52098 NaN NaN NaN 146.81435 -81.15822 -35.37252 248.74356 -155.53035 -27.41125 NaN NaN NaN -6.82204 -172.72720 27.85943 -12.76032 -152.46631 -100.69433
20997 3.52933 NaN NaN NaN 146.73004 -81.01028 -35.43592 248.60977 -155.45253 -27.39034 NaN NaN NaN -6.35942 -172.43976 27.89421 -12.57728 -152.33095 -100.71288
20998 3.53767 NaN NaN NaN 146.67628 -80.89246 -35.48255 248.48668 -155.44597 -27.39955 NaN NaN NaN -5.84092 -172.15958 27.94152 -12.40075 -152.19772 -100.67281
20999 3.54602 NaN NaN NaN 146.64041 -80.85230 -35.51349 248.38098 -155.47725 -27.45608 NaN NaN NaN -5.36849 -171.88205 27.94287 -12.22656 -151.99892 -100.63900
21000 3.55437 NaN NaN NaN 146.55252 -80.79559 -35.60595 248.28818 -155.52757 -27.54131 NaN NaN NaN -4.98253 -171.67551 27.89587 -11.94784 -151.84233 -100.70309
21001 3.56271 NaN NaN NaN 146.50540 -80.72995 -35.66901 248.20067 -155.55899 -27.61003 NaN NaN NaN -4.66465 -171.51439 27.82260 -11.61804 -151.69304 -100.80257
21002 3.57106 NaN NaN NaN 146.49854 -80.77147 -35.69270 248.15367 -155.59004 -27.65260 NaN NaN NaN -4.45574 -171.42520 27.69282 -11.33582 -151.45688 -100.81479
21003 3.57941 NaN NaN NaN 146.45218 -80.85603 -35.70164 248.13908 -155.65300 -27.66027 NaN NaN NaN -4.32507 -171.35971 27.58533 -11.03008 -151.23450 -101.00646
21004 3.58775 NaN NaN NaN 146.43991 -80.95056 -35.68129 248.13788 -155.72791 -27.68866 NaN NaN NaN -4.18096 -171.29112 27.47428 -10.79072 -150.99495 -100.97556
21005 3.59610 NaN NaN NaN 146.52187 -81.17006 -35.50183 248.14636 -155.76482 -27.70116 NaN NaN NaN -4.00290 -171.20813 27.36627 -10.55946 -150.81320 -100.99873
21006 3.60445 NaN NaN NaN 146.55498 -81.27180 -35.48077 248.19557 -155.83469 -27.70498 NaN NaN NaN -3.80751 -171.08125 27.32257 -10.41898 -150.67540 -100.93686
21007 3.61279 NaN NaN NaN 146.55777 -81.31888 -35.48537 248.23361 -155.87845 -27.71238 NaN NaN NaN -3.59323 -170.94485 27.28874 -10.25377 -150.51756 -100.91898
21008 3.62114 NaN NaN NaN 146.59174 -81.40152 -35.46934 248.28020 -155.90099 -27.72757 NaN NaN NaN -3.35974 -170.75592 27.27929 -9.90850 -150.00462 -100.88174
21009 3.62949 NaN NaN NaN 146.64394 -81.44466 -35.37881 248.33525 -155.93256 -27.73123 NaN NaN NaN -3.15952 -170.61792 27.23897 -9.71328 -149.58221 -100.95957
21010 3.63783 NaN NaN NaN 146.65709 -81.51856 -35.36713 248.39902 -155.99216 -27.76718 NaN NaN NaN -2.99796 -170.53706 27.19872 -9.58469 -149.15804 -101.10480
21011 3.64618 NaN NaN NaN 146.67033 -81.57375 -35.31574 248.45828 -156.00620 -27.80054 NaN NaN NaN -2.90189 -170.46532 27.12755 -9.52530 -148.92314 -101.40028
21012 3.65453 NaN NaN NaN 146.66800 -81.63021 -35.30703 248.49339 -156.00713 -27.86645 NaN NaN NaN -2.86237 -170.43747 27.07392 -9.51852 -148.76942 -101.49414
21013 3.66287 NaN NaN NaN 146.71729 -81.71972 -35.26300 248.51155 -155.96739 -27.90614 NaN NaN NaN -2.87233 -170.42635 27.04560 -9.54257 -148.81453 -101.61010
21014 3.67122 NaN NaN NaN 146.70996 -81.76892 -35.26764 248.50612 -155.92107 -27.95519 NaN NaN NaN -2.89731 -170.42719 27.03309 -9.61994 -148.90491 -101.51653
21015 3.67957 NaN NaN NaN 146.72479 -81.77280 -35.26452 248.53450 -155.87958 -27.98687 NaN NaN NaN -2.98551 -170.45467 27.02294 -9.72295 -149.20181 -101.51167
21016 3.68791 NaN NaN NaN 146.69508 -81.77385 -35.28926 248.55896 -155.86356 -28.00135 NaN NaN NaN -3.18958 -170.54282 27.01439 -9.81159 -149.35864 -101.43155
21017 3.69626 NaN NaN NaN 146.74324 -81.73520 -35.29172 248.59926 -155.87112 -27.98950 NaN NaN NaN -3.42294 -170.68649 27.00553 -9.87984 -149.55457 -101.43210
21018 3.70461 NaN NaN NaN 146.73164 -81.75917 -35.30388 248.63681 -155.87891 -27.97743 NaN NaN NaN -3.70390 -170.86458 26.98125 -9.92873 -149.61894 -101.38607
21019 3.71295 NaN NaN NaN 146.75121 -81.78132 -35.29385 248.65767 -155.88844 -27.90688 NaN NaN NaN -4.01157 -171.10167 26.85100 -9.91461 -149.60397 -101.48381
21020 3.72130 NaN NaN NaN 146.75383 -81.82222 -35.27421 248.67993 -155.88306 -27.86012 NaN NaN NaN -4.32160 -171.37076 26.70023 -9.91633 -149.47855 -101.49300
21021 3.72964 NaN NaN NaN 146.76810 -81.86033 -35.25709 248.70854 -155.88118 -27.82368 NaN NaN NaN -4.59481 -171.57614 26.60301 -9.88720 -149.30350 -101.55951
21022 3.73799 NaN NaN NaN 146.80157 -81.88863 -35.21155 248.72968 -155.90135 -27.80868 NaN NaN NaN -4.81311 -171.75426 26.51554 -9.86187 -149.20137 -101.71233
21023 3.74634 NaN NaN NaN 146.81372 -81.89249 -35.19438 248.74197 -155.92245 -27.79354 NaN NaN NaN -4.98819 -171.92450 26.45094 -9.87007 -149.15918 -101.90257
21024 3.75468 NaN NaN NaN 146.82249 -81.87659 -35.15857 248.74803 -155.92862 -27.79714 NaN NaN NaN -5.08541 -172.02415 26.36190 -9.87202 -149.09319 -101.95406
21025 3.76303 NaN NaN NaN 146.86703 -81.80131 -35.15516 248.73668 -155.90286 -27.82301 NaN NaN NaN -5.16747 -172.10553 26.26968 -9.89264 -149.06725 -101.93610
21026 3.77138 NaN NaN NaN 146.84729 -81.75224 -35.16756 248.73128 -155.89491 -27.85914 NaN NaN NaN -5.20026 -172.15892 26.21385 -9.92745 -149.09763 -101.94031
21027 3.77972 NaN NaN NaN 146.86673 -81.68150 -35.18182 248.72412 -155.86552 -27.90038 NaN NaN NaN -5.21907 -172.21202 26.16137 -9.95663 -149.19638 -101.95139
21028 3.78807 NaN NaN NaN 146.87949 -81.62981 -35.18169 248.72899 -155.84351 -27.93434 NaN NaN NaN -5.24008 -172.26932 26.08878 -9.91506 -149.24965 -102.01482
21029 3.79642 NaN NaN NaN 146.89087 -81.57255 -35.20303 248.73248 -155.82689 -27.96637 NaN NaN NaN -5.26489 -172.37344 25.98189 -9.86117 -149.21138 -102.10647
21030 3.80476 NaN NaN NaN 146.90152 -81.56445 -35.18793 248.75682 -155.82550 -28.00291 NaN NaN NaN -5.28029 -172.47505 25.88531 -9.75726 -149.16316 -102.23045
21031 3.81311 NaN NaN NaN 146.88589 -81.63431 -35.22165 248.77016 -155.80441 -28.02840 NaN NaN NaN -5.30450 -172.61458 25.72747 -9.63332 -149.07066 -102.32935
21032 3.82146 NaN NaN NaN 146.89040 -81.68076 -35.19806 248.78917 -155.79095 -28.04735 NaN NaN NaN -5.38000 -172.77687 25.60764 -9.47836 -148.98174 -102.43260
21033 3.82980 NaN NaN NaN 146.90599 -81.70055 -35.19809 248.80533 -155.76520 -28.07121 NaN NaN NaN -5.43811 -172.90639 25.51136 -9.35106 -148.78424 -102.50145
21034 3.83815 NaN NaN NaN 146.91846 -81.66904 -35.19170 248.82773 -155.75850 -28.10165 NaN NaN NaN -5.45655 -172.99396 25.42774 -9.25142 -148.63696 -102.59664
21035 3.84650 NaN NaN NaN 146.93834 -81.65517 -35.21777 248.85023 -155.71820 -28.15160 NaN NaN NaN -5.42570 -173.05687 25.37409 -9.18965 -148.52592 -102.67564
21036 3.85484 NaN NaN NaN 146.94453 -81.64279 -35.22962 248.85493 -155.68069 -28.26551 NaN NaN NaN -5.36554 -173.11382 25.32085 -9.17250 -148.51169 -102.73905
