Frame# Time LH1 LH2 LH3 RH1 RH2 RH3
X54 Y54 Z54 X55 Y55 Z55 X56 Y56 Z56 X57 Y57 Z57 X58 Y58 Z58 X59 Y59 Z59
12241 0.00057 NaN NaN NaN 132.03395 -114.57883 -73.98428 230.14973 -194.03424 -83.98555 NaN NaN NaN 97.49006 -131.03545 -86.75323 -9.19745 -205.10524 -74.53374
12242 0.00891 NaN NaN NaN 132.03819 -114.57087 -73.97848 230.14078 -194.03015 -83.97264 NaN NaN NaN 97.48238 -131.03146 -86.74507 -9.20931 -205.09419 -74.55828
12243 0.01725 NaN NaN NaN 132.03564 -114.54736 -73.98183 230.12120 -194.01750 -83.97387 NaN NaN NaN 97.49318 -131.03780 -86.73841 -9.20702 -205.08583 -74.55066
12244 0.02559 NaN NaN NaN 132.04691 -114.52376 -73.98764 230.11717 -194.00995 -83.97293 NaN NaN NaN 97.48742 -131.03593 -86.72581 -9.22483 -205.07689 -74.54553
12245 0.03393 NaN NaN NaN 132.02827 -114.51173 -73.97579 230.10655 -193.99770 -83.96647 NaN NaN NaN 97.47227 -131.01880 -86.72398 -9.24531 -205.03238 -74.55885
12246 0.04227 NaN NaN NaN 132.03017 -114.49870 -73.99508 230.08536 -193.99535 -83.96600 NaN NaN NaN 97.44129 -131.01353 -86.71655 -9.27179 -205.01057 -74.57520
12247 0.05061 NaN NaN NaN 132.02992 -114.48485 -73.98550 230.05649 -193.99185 -83.96736 NaN NaN NaN 97.41610 -130.97220 -86.73816 -9.30642 -204.98509 -74.59431
12248 0.05895 NaN NaN NaN 131.99164 -114.47887 -73.98109 230.01266 -193.97510 -83.97289 NaN NaN NaN 97.40408 -130.96112 -86.73428 -9.32841 -204.97400 -74.60842
12249 0.06728 NaN NaN NaN 132.00075 -114.47649 -73.97591 230.00136 -193.95813 -83.98685 NaN NaN NaN 97.37396 -130.95451 -86.73274 -9.29329 -204.96158 -74.60764
12250 0.07562 NaN NaN NaN 131.99356 -114.46397 -73.95601 229.98228 -193.95471 -83.98443 NaN NaN NaN 97.34314 -130.98308 -86.73438 -9.31210 -204.97000 -74.60623
12251 0.08396 NaN NaN NaN 131.97899 -114.44199 -73.95624 229.98351 -193.96904 -83.98227 NaN NaN NaN 97.30547 -130.99173 -86.74489 -9.44706 -204.96783 -74.63132
12252 0.09230 NaN NaN NaN 131.97864 -114.43732 -73.94032 229.96835 -193.96559 -83.98057 NaN NaN NaN 97.27835 -131.07373 -86.73105 -9.52144 -204.95377 -74.66617
12253 0.10064 NaN NaN NaN 131.94960 -114.44970 -73.90572 229.97040 -193.96162 -83.99898 NaN NaN NaN 97.21734 -131.11014 -86.72751 -9.60842 -204.92972 -74.67055
12254 0.10898 NaN NaN NaN 131.92816 -114.43575 -73.87469 229.95001 -193.94800 -84.02890 NaN NaN NaN 97.20000 -131.19978 -86.70055 -9.69154 -204.93546 -74.73907
12255 0.11732 NaN NaN NaN 131.90677 -114.45545 -73.85409 229.94182 -193.93852 -84.04523 NaN NaN NaN 97.17978 -131.24687 -86.69511 -9.72694 -204.93655 -74.77613
12256 0.12566 NaN NaN NaN 131.91934 -114.43832 -73.85423 229.93964 -193.93660 -84.03146 NaN NaN NaN 97.16823 -131.26031 -86.67247 -9.71634 -204.92921 -74.75957
12257 0.13400 NaN NaN NaN 131.89761 -114.46216 -73.84565 229.94810 -193.94687 -84.03497 NaN NaN NaN 97.15241 -131.26317 -86.69144 -9.76649 -204.94197 -74.75932
12258 0.14234 NaN NaN NaN 131.90820 -114.43903 -73.86868 229.94366 -193.95282 -84.03709 NaN NaN NaN 97.11494 -131.25916 -86.70083 -9.77452 -204.96626 -74.75255
12259 0.15067 NaN NaN NaN 131.89717 -114.44698 -73.83390 229.94528 -193.95230 -84.04627 NaN NaN NaN 97.10468 -131.23503 -86.74039 -9.72398 -204.96277 -74.75729
12260 0.15901 NaN NaN NaN 131.89474 -114.45255 -73.80222 229.93823 -193.95602 -84.04179 NaN NaN NaN 97.09209 -131.22610 -86.76887 -9.74472 -204.96202 -74.74335
12261 0.16735 NaN NaN NaN 131.90271 -114.47806 -73.78998 229.95299 -193.95392 -84.03902 NaN NaN NaN 97.10672 -131.22415 -86.79995 -9.73606 -204.95457 -74.76330
12262 0.17569 NaN NaN NaN 131.91075 -114.49042 -73.77966 229.95378 -193.94843 -84.03468 NaN NaN NaN 97.06423 -131.13190 -86.86112 -9.68017 -204.96559 -74.77846
12263 0.18403 NaN NaN NaN 131.91039 -114.49233 -73.76238 229.95757 -193.94296 -84.03582 NaN NaN NaN 97.06271 -131.10147 -86.88280 -9.73836 -204.96741 -74.76762
12264 0.19237 NaN NaN NaN 131.90366 -114.49194 -73.77478 229.95642 -193.95532 -84.03425 NaN NaN NaN 97.05128 -131.07373 -86.93360 -9.74801 -204.98560 -74.76183
12265 0.20071 NaN NaN NaN 131.90076 -114.49341 -73.76550 229.96658 -193.96655 -84.02564 NaN NaN NaN 97.07136 -131.08408 -86.93688 -9.75579 -204.99342 -74.76757
12266 0.20905 NaN NaN NaN 131.90971 -114.51891 -73.75288 229.97751 -193.98293 -83.99015 NaN NaN NaN 97.05626 -131.08965 -86.95199 -9.73298 -205.01172 -74.77070
12267 0.21739 NaN NaN NaN 131.91728 -114.53162 -73.73361 229.97772 -193.99986 -83.96833 NaN NaN NaN 97.07622 -131.12599 -86.93776 -9.73434 -205.01105 -74.78416
12268 0.22572 NaN NaN NaN 131.91646 -114.56112 -73.70353 229.98282 -194.03453 -83.96676 NaN NaN NaN 97.07920 -131.15474 -86.92725 -9.72047 -205.03252 -74.79092
12269 0.23406 NaN NaN NaN 131.93359 -114.58666 -73.69595 229.98474 -194.02396 -83.96913 NaN NaN NaN 97.08970 -131.18610 -86.95074 -9.74123 -205.04414 -74.79082
12270 0.24240 NaN NaN NaN 131.93013 -114.59816 -73.69115 229.98666 -194.02942 -83.96613 NaN NaN NaN 97.07753 -131.22629 -86.94135 -9.73099 -205.06393 -74.80779
12271 0.25074 NaN NaN NaN 131.94191 -114.61980 -73.67676 229.99925 -194.04190 -83.96420 NaN NaN NaN 97.06216 -131.22694 -86.99913 -9.72591 -205.06100 -74.78134
12272 0.25908 NaN NaN NaN 131.94193 -114.63770 -73.67787 230.00778 -194.06157 -83.96108 NaN NaN NaN 97.08115 -131.25984 -86.98462 -9.72489 -205.08905 -74.80499
12273 0.26742 NaN NaN NaN 131.95021 -114.65529 -73.67487 230.00337 -194.08264 -83.95568 NaN NaN NaN 97.07185 -131.22530 -87.02016 -9.73120 -205.08870 -74.78453
12274 0.27576 NaN NaN NaN 131.95891 -114.66980 -73.70150 230.01755 -194.11679 -83.95152 NaN NaN NaN 97.07803 -131.23071 -87.04163 -9.72137 -205.10231 -74.79443
12275 0.28410 NaN NaN NaN 131.95573 -114.72149 -73.67717 230.02582 -194.16096 -83.94344 NaN NaN NaN 97.09623 -131.22493 -87.07691 -9.70718 -205.08784 -74.79261
12276 0.29244 NaN NaN NaN 131.96317 -114.73409 -73.66624 230.03455 -194.17180 -83.94137 NaN NaN NaN 97.10505 -131.22934 -87.11420 -9.68529 -205.08734 -74.82720
12277 0.30077 NaN NaN NaN 131.96089 -114.74254 -73.66376 230.02576 -194.18779 -83.94495 NaN NaN NaN 97.13189 -131.16893 -87.18478 -9.64142 -205.07639 -74.79768
12278 0.30911 NaN NaN NaN 131.98985 -114.73727 -73.68228 230.04272 -194.20113 -83.94813 NaN NaN NaN 97.15199 -131.09418 -87.26496 -9.57878 -205.08824 -74.77679
12279 0.31745 NaN NaN NaN 131.99055 -114.75191 -73.67822 230.03244 -194.21519 -83.96984 NaN NaN NaN 97.15645 -131.05525 -87.31738 -9.55486 -205.05959 -74.75499
12280 0.32579 NaN NaN NaN 131.98563 -114.78249 -73.65869 230.04424 -194.23958 -83.97849 NaN NaN NaN 97.16729 -131.03612 -87.36710 -9.49903 -205.06323 -74.71163
12281 0.33413 NaN NaN NaN 131.98161 -114.80204 -73.65379 230.03116 -194.25102 -83.97768 NaN NaN NaN 97.17644 -131.03836 -87.39751 -9.48320 -205.06805 -74.68217
12282 0.34247 NaN NaN NaN 131.98775 -114.82527 -73.65054 230.03773 -194.25653 -83.98125 NaN NaN NaN 97.16890 -131.00656 -87.43996 -9.47278 -205.05923 -74.68185
12283 0.35081 NaN NaN NaN 131.98024 -114.81476 -73.64611 230.02014 -194.26868 -83.98362 NaN NaN NaN 97.19189 -130.98697 -87.50382 -9.36236 -205.03163 -74.62383
12284 0.35915 NaN NaN NaN 131.98030 -114.78648 -73.66434 230.01756 -194.25002 -83.97600 NaN NaN NaN 97.19860 -130.96364 -87.58968 -9.28876 -205.02991 -74.58301
12285 0.36749 NaN NaN NaN 131.95918 -114.74754 -73.65095 229.98802 -194.24255 -83.97294 NaN NaN NaN 97.19888 -130.93472 -87.62868 -9.38025 -205.01225 -74.60667
12286 0.37583 NaN NaN NaN 131.97331 -114.72419 -73.65102 229.96059 -194.24535 -83.97163 NaN NaN NaN 97.19811 -131.00491 -87.61488 -9.46820 -205.01750 -74.65677
12287 0.38416 NaN NaN NaN 131.96402 -114.72175 -73.65166 229.94392 -194.23512 -83.98143 NaN NaN NaN 97.16911 -131.02365 -87.60526 -9.50897 -205.01164 -74.68674
12288 0.39250 NaN NaN NaN 131.95464 -114.68210 -73.67622 229.92554 -194.23813 -83.97788 NaN NaN NaN 97.17303 -131.06517 -87.60906 -9.49688 -205.00058 -74.67924
12289 0.40084 NaN NaN NaN 131.94550 -114.67191 -73.67724 229.92287 -194.22238 -83.97939 NaN NaN NaN 97.16870 -131.01947 -87.62080 -9.46860 -204.99901 -74.66296
12290 0.40918 NaN NaN NaN 131.94583 -114.64059 -73.68398 229.91934 -194.19724 -83.98649 NaN NaN NaN 97.17571 -131.03679 -87.63882 -9.46619 -204.99672 -74.67905
12291 0.41752 NaN NaN NaN 131.95264 -114.65163 -73.67005 229.93410 -194.17398 -83.96134 NaN NaN NaN 97.17518 -131.00887 -87.61217 -9.49094 -204.98476 -74.68617
12292 0.42586 NaN NaN NaN 131.96172 -114.61344 -73.66943 229.94566 -194.16209 -83.97953 NaN NaN NaN 97.12740 -130.96078 -87.58270 -9.50378 -204.97639 -74.71224
12293 0.43420 NaN NaN NaN 131.96494 -114.60751 -73.65955 229.96094 -194.13344 -83.96774 NaN NaN NaN 97.13321 -130.90063 -87.53819 -9.51383 -204.94556 -74.72575
12294 0.44254 NaN NaN NaN 131.97345 -114.57661 -73.66180 229.96269 -194.12970 -83.98435 NaN NaN NaN 97.11798 -130.91438 -87.50343 -9.53891 -204.93674 -74.76895
12295 0.45088 NaN NaN NaN 131.98436 -114.57132 -73.64029 229.97099 -194.12862 -83.96560 NaN NaN NaN 97.14741 -130.91840 -87.46999 -9.54920 -204.93237 -74.80567
12296 0.45921 NaN NaN NaN 131.96497 -114.57594 -73.62718 229.98219 -194.11525 -83.95557 NaN NaN NaN 97.14218 -130.92062 -87.43444 -9.56377 -204.91521 -74.82799
12297 0.46755 NaN NaN NaN 131.96654 -114.56303 -73.63230 229.98677 -194.09061 -83.95043 NaN NaN NaN 97.15997 -130.94310 -87.39300 -9.57718 -204.90773 -74.83907
12298 0.47589 NaN NaN NaN 131.97273 -114.54304 -73.65373 229.98376 -194.07588 -83.96250 NaN NaN NaN 97.13587 -130.94507 -87.36884 -9.59146 -204.90688 -74.87806
12299 0.48423 NaN NaN NaN 131.97969 -114.53018 -73.66440 229.96747 -194.05455 -83.94115 NaN NaN NaN 97.11471 -130.94820 -87.34914 -9.61384 -204.89481 -74.89581
12300 0.49257 NaN NaN NaN 131.98256 -114.51060 -73.68980 229.96671 -194.04243 -83.95647 NaN NaN NaN 97.09345 -130.95169 -87.34005 -9.64006 -204.88754 -74.92324
12301 0.50091 NaN NaN NaN 131.98753 -114.50526 -73.69482 229.96902 -194.03271 -83.92442 NaN NaN NaN 97.08164 -130.96765 -87.31547 -9.68509 -204.88739 -74.96906
12302 0.50925 NaN NaN NaN 131.98843 -114.48920 -73.70985 229.97252 -194.01089 -83.91393 NaN NaN NaN 97.07310 -130.97000 -87.31762 -9.69227 -204.89339 -74.98241
12303 0.51759 NaN NaN NaN 131.98981 -114.47391 -73.70213 229.97047 -193.98988 -83.90958 NaN NaN NaN 97.04506 -130.97119 -87.29936 -9.72673 -204.88664 -75.01305
12304 0.52593 NaN NaN NaN 131.99171 -114.46597 -73.70789 229.98036 -193.99725 -83.90413 NaN NaN NaN 97.01768 -130.95352 -87.28781 -9.76660 -204.86829 -75.05415
12305 0.53426 NaN NaN NaN 131.98013 -114.46858 -73.69461 229.96730 -193.98491 -83.90583 NaN NaN NaN 96.97421 -130.95131 -87.24011 -9.81956 -204.85675 -75.05985
12306 0.54260 NaN NaN NaN 131.98149 -114.47243 -73.68065 229.97029 -193.98956 -83.91726 NaN NaN NaN 96.94971 -130.96707 -87.18501 -9.83260 -204.84993 -75.07702
12307 0.55094 NaN NaN NaN 131.98177 -114.46523 -73.67862 229.98216 -193.97957 -83.90788 NaN NaN NaN 96.92847 -130.95192 -87.15406 -9.87074 -204.84296 -75.14157
12308 0.55928 NaN NaN NaN 131.97786 -114.46687 -73.67505 229.97838 -193.98541 -83.90829 NaN NaN NaN 96.94629 -130.95383 -87.14125 -9.87145 -204.83141 -75.13860
12309 0.56762 NaN NaN NaN 131.98300 -114.46510 -73.66840 229.98578 -193.97473 -83.89889 NaN NaN NaN 96.95904 -130.99539 -87.08620 -9.88364 -204.82492 -75.14480
12310 0.57596 NaN NaN NaN 131.98915 -114.45744 -73.67553 229.98203 -193.98111 -83.90815 NaN NaN NaN 96.97792 -130.99567 -87.01826 -9.90028 -204.81451 -75.13566
12311 0.58430 NaN NaN NaN 131.98122 -114.44141 -73.65967 229.97342 -193.97850 -83.89614 NaN NaN NaN 96.97231 -131.02264 -86.95584 -9.91114 -204.81886 -75.16798
12312 0.59264 NaN NaN NaN 131.98128 -114.43011 -73.70993 229.97092 -193.98846 -83.89043 NaN NaN NaN 96.95360 -131.03117 -86.91472 -9.92775 -204.82710 -75.19521
12313 0.60098 NaN NaN NaN 131.97792 -114.43189 -73.69868 229.95525 -193.99036 -83.88967 NaN NaN NaN 96.94900 -131.05681 -86.86452 -9.94728 -204.83218 -75.22462
12314 0.60932 NaN NaN NaN 131.98589 -114.43953 -73.70795 229.96452 -193.98500 -83.89690 NaN NaN NaN 96.94764 -131.08005 -86.83036 -9.96335 -204.83607 -75.23666
12315 0.61765 NaN NaN NaN 131.98245 -114.45511 -73.69631 229.95499 -193.98470 -83.90130 NaN NaN NaN 96.94083 -131.10153 -86.79704 -9.97809 -204.83133 -75.24165
12316 0.62599 NaN NaN NaN 131.96896 -114.47270 -73.70194 229.96831 -193.98920 -83.91288 NaN NaN NaN 96.94286 -131.09715 -86.77348 -9.98941 -204.84778 -75.25308
12317 0.63433 NaN NaN NaN 131.97426 -114.48080 -73.70373 229.96526 -193.99878 -83.92073 NaN NaN NaN 96.93237 -131.10802 -86.76714 -9.93170 -204.85832 -75.30203
12318 0.64267 NaN NaN NaN 131.97588 -114.49019 -73.71798 229.96028 -194.00256 -83.92556 NaN NaN NaN 96.93378 -131.11588 -86.73920 -10.02061 -204.87479 -75.34418
12319 0.65101 NaN NaN NaN 131.98329 -114.50571 -73.71375 229.95897 -194.02551 -83.92656 NaN NaN NaN 96.90955 -131.10995 -86.74368 -10.08268 -204.90398 -75.35526
12320 0.65935 NaN NaN NaN 131.96678 -114.52416 -73.69492 229.95364 -194.02966 -83.93306 NaN NaN NaN 96.91997 -131.18103 -86.70899 -10.10071 -204.90630 -75.33965
12321 0.66769 NaN NaN NaN 131.97623 -114.53072 -73.70575 229.96313 -194.05058 -83.93108 NaN NaN NaN 96.90573 -131.16394 -86.72163 -10.11161 -204.92693 -75.36876
12322 0.67603 NaN NaN NaN 131.96205 -114.53575 -73.69240 229.96024 -194.05165 -83.94416 NaN NaN NaN 96.89487 -131.16727 -86.68520 -10.11024 -204.93355 -75.38572
12323 0.68437 NaN NaN NaN 131.96245 -114.54645 -73.69896 229.95602 -194.06747 -83.93187 NaN NaN NaN 96.87800 -131.18698 -86.65917 -10.12918 -204.92775 -75.40259
12324 0.69270 NaN NaN NaN 131.98479 -114.52741 -73.68496 229.95561 -194.08691 -83.94543 NaN NaN NaN 96.90410 -131.25455 -86.61798 -10.13463 -204.93158 -75.41222
12325 0.70104 NaN NaN NaN 131.97231 -114.55296 -73.68453 229.95314 -194.08830 -83.93343 NaN NaN NaN 96.91199 -131.32098 -86.59356 -10.16142 -204.94421 -75.43809
12326 0.70938 NaN NaN NaN 131.95761 -114.59044 -73.69086 229.96210 -194.11089 -83.94761 NaN NaN NaN 96.93130 -131.38289 -86.56733 -10.15359 -204.94911 -75.44730
12327 0.71772 NaN NaN NaN 131.97702 -114.62003 -73.68339 229.97128 -194.12126 -83.94801 NaN NaN NaN 96.93463 -131.40755 -86.54245 -10.15858 -204.97853 -75.44386
12328 0.72606 NaN NaN NaN 131.97661 -114.63716 -73.71204 229.95476 -194.11775 -83.94714 NaN NaN NaN 96.95186 -131.43562 -86.51128 -10.17290 -204.97942 -75.49628
12329 0.73440 NaN NaN NaN 131.97742 -114.61604 -73.70219 229.97340 -194.12122 -83.94432 NaN NaN NaN 96.93068 -131.42555 -86.46681 -10.18988 -205.00433 -75.51703
12330 0.74274 NaN NaN NaN 131.98302 -114.63247 -73.71981 230.00105 -194.13908 -83.92834 NaN NaN NaN 96.92297 -131.45020 -86.43721 -10.20778 -205.02438 -75.54256
12331 0.75108 NaN NaN NaN 131.98822 -114.64582 -73.69691 230.01227 -194.15765 -83.94157 NaN NaN NaN 96.91476 -131.44768 -86.40267 -10.21940 -205.03984 -75.56602
12332 0.75942 NaN NaN NaN 131.98488 -114.65437 -73.70757 230.01846 -194.17653 -83.94363 NaN NaN NaN 96.92053 -131.46268 -86.33244 -10.23138 -205.07263 -75.56950
12333 0.76775 NaN NaN NaN 131.98250 -114.69152 -73.69001 230.02486 -194.17329 -83.93931 NaN NaN NaN 96.93126 -131.47989 -86.30527 -10.23550 -205.08601 -75.58043
12334 0.77609 NaN NaN NaN 131.99014 -114.70164 -73.68681 230.02769 -194.18306 -83.94799 NaN NaN NaN 96.93695 -131.49066 -86.28120 -10.21608 -205.10738 -75.61988
12335 0.78443 NaN NaN NaN 131.99333 -114.71682 -73.67322 230.02304 -194.17458 -83.94843 NaN NaN NaN 96.94552 -131.52133 -86.26949 -10.23390 -205.11842 -75.62733
12336 0.79277 NaN NaN NaN 131.99048 -114.71988 -73.67916 230.03401 -194.19391 -83.93988 NaN NaN NaN 96.95860 -131.54219 -86.25996 -10.23265 -205.12784 -75.64231
12337 0.80111 NaN NaN NaN 131.98631 -114.74158 -73.68005 230.03490 -194.19691 -83.93822 NaN NaN NaN 96.97136 -131.54175 -86.25551 -10.21957 -205.11917 -75.63226
12338 0.80945 NaN NaN NaN 131.97054 -114.71401 -73.68271 230.03653 -194.21111 -83.93312 NaN NaN NaN 96.99703 -131.62001 -86.23323 -10.22303 -205.11987 -75.64625
12339 0.81779 NaN NaN NaN 131.97525 -114.70605 -73.67537 230.03020 -194.21155 -83.93070 NaN NaN NaN 97.02325 -131.64571 -86.22758 -10.19803 -205.13484 -75.63560
12340 0.82613 NaN NaN NaN 131.98482 -114.69674 -73.66759 230.01974 -194.20120 -83.92559 NaN NaN NaN 97.03594 -131.65460 -86.21085 -10.18392 -205.14984 -75.63449
12341 0.83447 NaN NaN NaN 131.98676 -114.69868 -73.66668 230.02281 -194.18126 -83.92733 NaN NaN NaN 97.03880 -131.65663 -86.19205 -10.16626 -205.13533 -75.60676
12342 0.84281 NaN NaN NaN 131.98331 -114.67295 -73.66888 230.01367 -194.18979 -83.93990 NaN NaN NaN 97.03001 -131.64941 -86.15826 -10.16161 -205.12505 -75.58071
12343 0.85114 NaN NaN NaN 131.98738 -114.67383 -73.66542 230.01619 -194.18254 -83.93264 NaN NaN NaN 97.03259 -131.61975 -86.13494 -10.15339 -205.12727 -75.58302
12344 0.85948 NaN NaN NaN 131.97955 -114.64867 -73.68047 230.01045 -194.17955 -83.93673 NaN NaN NaN 97.04501 -131.61394 -86.11604 -10.15098 -205.11880 -75.57028
12345 0.86782 NaN NaN NaN 131.98743 -114.62312 -73.68338 229.99266 -194.14877 -83.91441 NaN NaN NaN 97.04778 -131.61301 -86.10142 -10.16367 -205.10129 -75.57565
12346 0.87616 NaN NaN NaN 131.97771 -114.60820 -73.67865 229.97707 -194.13622 -83.92313 NaN NaN NaN 97.03002 -131.62444 -86.06059 -10.15702 -205.10652 -75.55353
12347 0.88450 NaN NaN NaN 131.97429 -114.59357 -73.68082 229.98311 -194.11543 -83.90090 NaN NaN NaN 97.04474 -131.61452 -86.06747 -10.15881 -205.09680 -75.55528
12348 0.89284 NaN NaN NaN 131.96622 -114.59201 -73.67802 229.97516 -194.11835 -83.91142 NaN NaN NaN 97.05218 -131.59044 -86.05270 -10.13912 -205.08994 -75.54491
12349 0.90118 NaN NaN NaN 131.97159 -114.58615 -73.67706 229.97540 -194.10495 -83.91068 NaN NaN NaN 97.05840 -131.58916 -86.06475 -10.13453 -205.09544 -75.51933
12350 0.90952 NaN NaN NaN 131.97743 -114.55328 -73.70121 229.95673 -194.09557 -83.91331 NaN NaN NaN 97.06523 -131.59512 -86.02730 -10.13429 -205.08578 -75.51592
12351 0.91786 NaN NaN NaN 131.96759 -114.56525 -73.68317 229.94826 -194.08411 -83.90785 NaN NaN NaN 97.07685 -131.59599 -86.04230 -10.13028 -205.07846 -75.51138
12352 0.92619 NaN NaN NaN 131.97134 -114.55740 -73.69596 229.94379 -194.09386 -83.91251 NaN NaN NaN 97.04504 -131.51062 -86.04956 -10.11698 -205.06973 -75.48383
12353 0.93453 NaN NaN NaN 131.98315 -114.54904 -73.67909 229.94386 -194.09085 -83.89959 NaN NaN NaN 97.03465 -131.46385 -86.05181 -10.11431 -205.06554 -75.45691
12354 0.94287 NaN NaN NaN 131.97597 -114.54548 -73.68801 229.95557 -194.07832 -83.89564 NaN NaN NaN 97.05445 -131.43121 -86.01040 -10.10264 -205.05699 -75.46299
12355 0.95121 NaN NaN NaN 131.97409 -114.54343 -73.68584 229.96040 -194.06944 -83.89506 NaN NaN NaN 97.10141 -131.46651 -85.92676 -10.09928 -205.04620 -75.44858
12356 0.95955 NaN NaN NaN 131.96779 -114.53507 -73.69968 229.95374 -194.05444 -83.89616 NaN NaN NaN 97.10027 -131.48909 -85.95148 -10.08351 -205.03923 -75.44049
12357 0.96789 NaN NaN NaN 131.95268 -114.54528 -73.67899 229.95190 -194.05928 -83.89709 NaN NaN NaN 97.10659 -131.49191 -85.97155 -10.06522 -205.04257 -75.43882
12358 0.97623 NaN NaN NaN 131.94138 -114.55173 -73.67671 229.94467 -194.06403 -83.90409 NaN NaN NaN 97.10808 -131.49063 -85.95705 -10.05848 -205.03769 -75.42842
12359 0.98457 NaN NaN NaN 131.94864 -114.56319 -73.67153 229.94189 -194.06621 -83.88980 NaN NaN NaN 97.11560 -131.49463 -85.92003 -10.06733 -205.03516 -75.42936
12360 0.99291 NaN NaN NaN 131.94437 -114.55994 -73.67303 229.94051 -194.05774 -83.89048 NaN NaN NaN 97.11205 -131.47049 -85.92162 -10.05296 -205.03314 -75.41137
12361 1.00124 NaN NaN NaN 131.95793 -114.56094 -73.66829 229.95512 -194.05997 -83.87638 NaN NaN NaN 97.14642 -131.50204 -85.87774 -10.02396 -205.04663 -75.40317
12362 1.00958 NaN NaN NaN 131.95834 -114.55949 -73.68517 229.95963 -194.07967 -83.88228 NaN NaN NaN 97.13814 -131.49654 -85.90741 -10.01184 -205.06935 -75.41172
12363 1.01792 NaN NaN NaN 131.97626 -114.53770 -73.70616 229.93861 -194.08914 -83.88483 NaN NaN NaN 97.11427 -131.48262 -85.94435 -10.01783 -205.08563 -75.41622
12364 1.02626 NaN NaN NaN 131.94290 -114.54597 -73.69490 229.93156 -194.06775 -83.89666 NaN NaN NaN 97.12306 -131.47281 -85.94218 -10.02716 -205.09328 -75.44628
12365 1.03460 NaN NaN NaN 131.93848 -114.54152 -73.69251 229.95468 -194.07826 -83.88261 NaN NaN NaN 97.14684 -131.50052 -85.89066 -9.91885 -205.09293 -75.41715
12366 1.04294 NaN NaN NaN 131.95259 -114.56293 -73.68056 229.96350 -194.10002 -83.87785 NaN NaN NaN 97.14933 -131.49722 -85.91745 -9.97315 -205.10397 -75.41193
12367 1.05128 NaN NaN NaN 131.95891 -114.57606 -73.68667 229.95465 -194.10896 -83.87144 NaN NaN NaN 97.14687 -131.51047 -85.91390 -10.01479 -205.13158 -75.48003
12368 1.05962 NaN NaN NaN 131.95346 -114.60000 -73.69565 229.95746 -194.11537 -83.87794 NaN NaN NaN 97.12492 -131.51810 -85.94164 -10.01433 -205.13373 -75.43742
12369 1.06796 NaN NaN NaN 131.95572 -114.59834 -73.69267 229.95644 -194.13380 -83.88200 NaN NaN NaN 97.13788 -131.53162 -85.91765 -10.00369 -205.13968 -75.42711
12370 1.07630 NaN NaN NaN 131.95378 -114.60854 -73.68180 229.95227 -194.11897 -83.88421 NaN NaN NaN 97.15340 -131.58873 -85.92833 -10.01337 -205.16278 -75.41843
12371 1.08463 NaN NaN NaN 131.95450 -114.61245 -73.68713 229.95599 -194.12689 -83.87939 NaN NaN NaN 97.16692 -131.65013 -85.91584 -10.03537 -205.16913 -75.42094
12372 1.09297 NaN NaN NaN 131.96344 -114.60712 -73.70882 229.95862 -194.13278 -83.88308 NaN NaN NaN 97.15347 -131.66330 -85.92705 -10.04879 -205.17403 -75.42120
12373 1.10131 NaN NaN NaN 131.94644 -114.62663 -73.70689 229.95726 -194.14201 -83.88242 NaN NaN NaN 97.09801 -131.61139 -85.99187 -10.04095 -205.18448 -75.44176
12374 1.10965 NaN NaN NaN 131.95807 -114.65725 -73.69119 229.93907 -194.14494 -83.90218 NaN NaN NaN 97.10821 -131.62550 -85.98908 -10.03264 -205.16545 -75.42860
12375 1.11799 NaN NaN NaN 131.92332 -114.68144 -73.69861 229.95110 -194.16713 -83.88809 NaN NaN NaN 97.10162 -131.60426 -86.04104 -10.02619 -205.17133 -75.42007
12376 1.12633 NaN NaN NaN 131.93655 -114.67786 -73.70814 229.93785 -194.17137 -83.89077 NaN NaN NaN 97.08287 -131.57950 -86.05444 -10.01759 -205.16566 -75.41275
12377 1.13467 NaN NaN NaN 131.93092 -114.69772 -73.69372 229.94717 -194.19115 -83.88300 NaN NaN NaN 97.06133 -131.55994 -86.09925 -9.99874 -205.16315 -75.42455
12378 1.14301 NaN NaN NaN 131.94753 -114.69592 -73.71924 229.94095 -194.19841 -83.89117 NaN NaN NaN 97.06046 -131.52260 -86.11716 -9.99506 -205.15877 -75.39935
12379 1.15135 NaN NaN NaN 131.92371 -114.71104 -73.72274 229.92725 -194.21082 -83.88699 NaN NaN NaN 97.04536 -131.49908 -86.16367 -9.99265 -205.15799 -75.43291
12380 1.15968 NaN NaN NaN 131.92628 -114.71638 -73.72188 229.91025 -194.20720 -83.88896 NaN NaN NaN 97.03767 -131.49049 -86.20477 -9.87201 -205.14441 -75.37878
12381 1.16802 NaN NaN NaN 131.91359 -114.73142 -73.69688 229.91815 -194.23199 -83.88591 NaN NaN NaN 97.02573 -131.46005 -86.22913 -9.82403 -205.14371 -75.36119
12382 1.17636 NaN NaN NaN 131.89960 -114.73130 -73.72739 229.90782 -194.23578 -83.90194 NaN NaN NaN 97.02209 -131.45081 -86.27379 -9.84324 -205.12582 -75.33548
12383 1.18470 NaN NaN NaN 131.88861 -114.75652 -73.71600 229.90073 -194.26659 -83.88654 NaN NaN NaN 96.99097 -131.37703 -86.30769 -9.87013 -205.11777 -75.32667
12384 1.19304 NaN NaN NaN 131.87088 -114.76719 -73.68829 229.89514 -194.25810 -83.91662 NaN NaN NaN 96.97831 -131.36884 -86.32662 -9.88146 -205.10561 -75.30257
12385 1.20138 NaN NaN NaN 131.87840 -114.79235 -73.68800 229.88286 -194.27115 -83.89306 NaN NaN NaN 96.96375 -131.27280 -86.37992 -9.87619 -205.09833 -75.30843
12386 1.20972 NaN NaN NaN 131.90248 -114.77715 -73.71828 229.88145 -194.26932 -83.89396 NaN NaN NaN 96.95896 -131.28204 -86.39285 -9.92703 -205.07375 -75.27416
12387 1.21806 NaN NaN NaN 131.89146 -114.77738 -73.68764 229.87091 -194.27457 -83.90055 NaN NaN NaN 96.97042 -131.28844 -86.43088 -9.90710 -205.07281 -75.30175
12388 1.22640 NaN NaN NaN 131.90590 -114.74519 -73.70845 229.88188 -194.26819 -83.91504 NaN NaN NaN 96.96642 -131.29529 -86.43699 -9.90381 -205.04291 -75.27704
12389 1.23473 NaN NaN NaN 131.88997 -114.75848 -73.68060 229.87993 -194.27939 -83.88776 NaN NaN NaN 96.92554 -131.19698 -86.47639 -9.91110 -205.03459 -75.27345
12390 1.24307 NaN NaN NaN 131.89279 -114.76563 -73.67229 229.88448 -194.27550 -83.87531 NaN NaN NaN 96.93282 -131.22824 -86.50612 -9.95742 -205.02136 -75.24458
12391 1.25141 NaN NaN NaN 131.88680 -114.79244 -73.65373 229.88010 -194.28192 -83.86856 NaN NaN NaN 96.92989 -131.21773 -86.51699 -9.93873 -205.01674 -75.26595
12392 1.25975 NaN NaN NaN 131.89079 -114.77870 -73.65213 229.88145 -194.27480 -83.86812 NaN NaN NaN 96.94386 -131.23541 -86.51812 -9.91558 -205.00325 -75.26414
12393 1.26809 NaN NaN NaN 131.89101 -114.77174 -73.65683 229.88989 -194.28528 -83.87229 NaN NaN NaN 96.92208 -131.23067 -86.51572 -9.90530 -204.99420 -75.26412
12394 1.27643 NaN NaN NaN 131.89029 -114.74094 -73.65159 229.89192 -194.27614 -83.87918 NaN NaN NaN 96.94366 -131.23070 -86.52275 -9.95940 -204.98296 -75.22441
12395 1.28477 NaN NaN NaN 131.89059 -114.75395 -73.64764 229.88780 -194.26509 -83.87079 NaN NaN NaN 96.93049 -131.20332 -86.54192 -9.93160 -204.98227 -75.24191
12396 1.29311 NaN NaN NaN 131.89468 -114.73347 -73.65865 229.88562 -194.24600 -83.88012 NaN NaN NaN 96.94284 -131.18398 -86.54292 -9.95202 -204.97517 -75.21556
12397 1.30145 NaN NaN NaN 131.89325 -114.73481 -73.65940 229.88953 -194.24002 -83.88232 NaN NaN NaN 96.92699 -131.16635 -86.56817 -9.95168 -204.97198 -75.20938
12398 1.30979 NaN NaN NaN 131.89745 -114.73930 -73.65400 229.89587 -194.22009 -83.89816 NaN NaN NaN 96.93407 -131.14139 -86.58545 -9.92997 -204.96278 -75.19923
12399 1.31812 NaN NaN NaN 131.89508 -114.75931 -73.65981 229.90512 -194.24710 -83.88271 NaN NaN NaN 96.93910 -131.13229 -86.60722 -9.91707 -204.95782 -75.19110
12400 1.32646 NaN NaN NaN 131.87996 -114.74795 -73.64787 229.88673 -194.23866 -83.88400 NaN NaN NaN 96.91705 -131.06425 -86.62524 -9.91350 -204.96069 -75.19633
12401 1.33480 NaN NaN NaN 131.87793 -114.73977 -73.65652 229.89308 -194.22905 -83.87421 NaN NaN NaN 96.90583 -131.01956 -86.64314 -9.90931 -204.94662 -75.17264
12402 1.34314 NaN NaN NaN 131.87947 -114.72147 -73.65491 229.88260 -194.21671 -83.87781 NaN NaN NaN 96.94902 -131.05397 -86.62584 -9.90813 -204.94299 -75.18834
12403 1.35148 NaN NaN NaN 131.89120 -114.72958 -73.66721 229.88539 -194.22112 -83.87247 NaN NaN NaN 96.92316 -131.03023 -86.64067 -9.89612 -204.93404 -75.17373
12404 1.35982 NaN NaN NaN 131.88832 -114.72025 -73.66870 229.87988 -194.23085 -83.88139 NaN NaN NaN 96.93949 -131.08472 -86.61221 -9.90909 -204.92264 -75.18166
12405 1.36816 NaN NaN NaN 131.87650 -114.74126 -73.65649 229.88434 -194.25444 -83.86960 NaN NaN NaN 96.91343 -131.04407 -86.62848 -9.89621 -204.91692 -75.16564
12406 1.37650 NaN NaN NaN 131.86230 -114.73085 -73.65804 229.86504 -194.24384 -83.87740 NaN NaN NaN 96.91451 -131.01663 -86.62932 -9.89873 -204.93420 -75.16145
12407 1.38484 NaN NaN NaN 131.87531 -114.74701 -73.65838 229.85638 -194.25461 -83.86786 NaN NaN NaN 96.90877 -130.97403 -86.64730 -9.89051 -204.92741 -75.13818
12408 1.39317 NaN NaN NaN 131.87128 -114.71701 -73.65277 229.85745 -194.23634 -83.87939 NaN NaN NaN 96.92358 -130.98877 -86.64479 -9.88224 -204.92047 -75.13975
12409 1.40151 NaN NaN NaN 131.89055 -114.72995 -73.66567 229.85625 -194.25093 -83.86980 NaN NaN NaN 96.92055 -130.98909 -86.65343 -9.88128 -204.91693 -75.14497
12410 1.40985 NaN NaN NaN 131.86574 -114.74577 -73.65496 229.86020 -194.24782 -83.88324 NaN NaN NaN 96.96133 -131.07993 -86.62115 -9.87060 -204.92447 -75.12992
12411 1.41819 NaN NaN NaN 131.87514 -114.77490 -73.64465 229.85309 -194.26300 -83.87371 NaN NaN NaN 96.93687 -131.04381 -86.63683 -9.86312 -204.93660 -75.13580
12412 1.42653 NaN NaN NaN 131.86061 -114.76846 -73.64492 229.85374 -194.26170 -83.89434 NaN NaN NaN 96.96724 -131.09242 -86.62734 -9.85470 -204.95363 -75.13709
12413 1.43487 NaN NaN NaN 131.87283 -114.79146 -73.65994 229.85115 -194.28525 -83.88288 NaN NaN NaN 96.93676 -131.02480 -86.66808 -9.83185 -204.95386 -75.13403
12414 1.44321 NaN NaN NaN 131.85150 -114.78213 -73.66188 229.84541 -194.27690 -83.90630 NaN NaN NaN 96.94118 -130.98273 -86.67506 -9.82340 -204.94536 -75.13397
12415 1.45155 NaN NaN NaN 131.86526 -114.76807 -73.66406 229.83800 -194.30319 -83.91023 NaN NaN NaN 96.93285 -130.95540 -86.70654 -9.80328 -204.93935 -75.13879
12416 1.45989 NaN NaN NaN 131.86760 -114.79494 -73.64082 229.84306 -194.28624 -83.92036 NaN NaN NaN 96.94872 -130.94167 -86.69561 -9.81116 -204.96123 -75.13426
12417 1.46822 NaN NaN NaN 131.86694 -114.81614 -73.63398 229.84467 -194.30940 -83.91253 NaN NaN NaN 96.94269 -130.95792 -86.70203 -9.78926 -204.96904 -75.13797
12418 1.47656 NaN NaN NaN 131.86314 -114.82972 -73.63397 229.84007 -194.31871 -83.90947 NaN NaN NaN 96.95744 -130.98457 -86.68610 -9.79587 -204.97374 -75.14161
12419 1.48490 NaN NaN NaN 131.83928 -114.86658 -73.59850 229.82549 -194.34404 -83.90830 NaN NaN NaN 96.95021 -131.00124 -86.68400 -9.78935 -204.96335 -75.13926
12420 1.49324 NaN NaN NaN 131.85327 -114.85847 -73.61916 229.82776 -194.34006 -83.89837 NaN NaN NaN 96.99313 -131.10739 -86.64653 -9.80999 -204.98225 -75.12538
12421 1.50158 NaN NaN NaN 131.86766 -114.83900 -73.64328 229.84457 -194.35309 -83.90805 NaN NaN NaN 97.01014 -131.14894 -86.63381 -9.78947 -204.98604 -75.12951
12422 1.50992 NaN NaN NaN 131.84338 -114.86118 -73.61884 229.83943 -194.34320 -83.92941 NaN NaN NaN 97.02917 -131.18098 -86.63058 -9.78493 -204.99522 -75.12768
12423 1.51826 NaN NaN NaN 131.84843 -114.84962 -73.62914 229.83936 -194.35750 -83.92239 NaN NaN NaN 97.02045 -131.17732 -86.64375 -9.76598 -204.99944 -75.12035
12424 1.52660 NaN NaN NaN 131.85852 -114.83503 -73.64957 229.83173 -194.34875 -83.93067 NaN NaN NaN 97.02327 -131.16408 -86.64376 -9.77095 -205.01654 -75.11903
12425 1.53494 NaN NaN NaN 131.87100 -114.83980 -73.64938 229.83327 -194.34416 -83.93732 NaN NaN NaN 97.01180 -131.14885 -86.65677 -9.77103 -205.00731 -75.11052
12426 1.54328 NaN NaN NaN 131.86089 -114.84289 -73.64366 229.83810 -194.34039 -83.94302 NaN NaN NaN 97.00587 -131.14383 -86.65220 -9.78038 -205.02051 -75.11552
12427 1.55161 NaN NaN NaN 131.86195 -114.84278 -73.65070 229.83633 -194.34250 -83.92241 NaN NaN NaN 97.01411 -131.13104 -86.65424 -9.77674 -204.99939 -75.12401
12428 1.55995 NaN NaN NaN 131.85883 -114.85013 -73.67325 229.83951 -194.36534 -83.93460 NaN NaN NaN 97.02739 -131.13213 -86.64799 -9.77791 -205.00308 -75.10123
12429 1.56829 NaN NaN NaN 131.86884 -114.84905 -73.66455 229.83643 -194.37958 -83.94072 NaN NaN NaN 97.03528 -131.13229 -86.65424 -9.76123 -205.00798 -75.09283
12430 1.57663 NaN NaN NaN 131.84229 -114.88774 -73.62686 229.83479 -194.36897 -83.95457 NaN NaN NaN 97.02483 -131.15318 -86.65290 -9.75591 -205.01892 -75.07531
12431 1.58497 NaN NaN NaN 131.85182 -114.90142 -73.63921 229.84068 -194.37224 -83.94225 NaN NaN NaN 97.02674 -131.15768 -86.65869 -9.75805 -205.01070 -75.08363
12432 1.59331 NaN NaN NaN 131.81342 -114.92215 -73.61679 229.84003 -194.37708 -83.94150 NaN NaN NaN 97.01897 -131.14075 -86.66082 -9.76881 -205.01027 -75.07794
12433 1.60165 NaN NaN NaN 131.82872 -114.91405 -73.62109 229.83241 -194.36624 -83.94331 NaN NaN NaN 96.98057 -131.05826 -86.68340 -9.75888 -205.01598 -75.09591
12434 1.60999 NaN NaN NaN 131.82190 -114.91586 -73.62766 229.83852 -194.38721 -83.93921 NaN NaN NaN 97.00528 -131.08319 -86.68233 -9.75359 -205.02589 -75.09808
12435 1.61833 NaN NaN NaN 131.84399 -114.86498 -73.64267 229.82593 -194.37944 -83.94011 NaN NaN NaN 96.98769 -131.03122 -86.69230 -9.74708 -205.02242 -75.09623
12436 1.62666 NaN NaN NaN 131.84731 -114.85896 -73.63513 229.83105 -194.36494 -83.93919 NaN NaN NaN 97.01291 -131.08369 -86.68005 -9.75524 -205.00682 -75.07794
12437 1.63500 NaN NaN NaN 131.84877 -114.85802 -73.63599 229.83040 -194.36110 -83.94354 NaN NaN NaN 96.98509 -131.03851 -86.69033 -9.74984 -204.99313 -75.07677
12438 1.64334 NaN NaN NaN 131.84187 -114.87598 -73.62679 229.81926 -194.36011 -83.94527 NaN NaN NaN 97.02255 -131.08386 -86.66473 -9.75297 -205.00150 -75.07181
12439 1.65168 NaN NaN NaN 131.84093 -114.88549 -73.61031 229.81516 -194.36006 -83.93678 NaN NaN NaN 97.02961 -131.11978 -86.65839 -9.76842 -205.00696 -75.09264
12440 1.66002 NaN NaN NaN 131.83124 -114.89447 -73.59678 229.83339 -194.37675 -83.93638 NaN NaN NaN 97.04720 -131.14491 -86.64330 -9.75736 -205.00348 -75.09206
12441 1.66836 NaN NaN NaN 131.86430 -114.87206 -73.62151 229.83420 -194.36827 -83.94143 NaN NaN NaN 97.05183 -131.13971 -86.64964 -9.75391 -204.99394 -75.09385
12442 1.67670 NaN NaN NaN 131.83717 -114.85282 -73.64424 229.82129 -194.34836 -83.94747 NaN NaN NaN 97.05656 -131.15726 -86.63007 -9.74324 -204.99561 -75.08606
12443 1.68504 NaN NaN NaN 131.83792 -114.84467 -73.62980 229.82814 -194.35606 -83.91402 NaN NaN NaN 97.05709 -131.14236 -86.64198 -9.75305 -204.99173 -75.09603
12444 1.69338 NaN NaN NaN 131.84761 -114.82467 -73.63741 229.82999 -194.35149 -83.92664 NaN NaN NaN 97.06244 -131.13837 -86.64059 -9.74406 -204.98949 -75.08714
12445 1.70171 NaN NaN NaN 131.83138 -114.85181 -73.61938 229.82867 -194.34784 -83.94046 NaN NaN NaN 97.06377 -131.13148 -86.63998 -9.75126 -204.99248 -75.09038
12446 1.71005 NaN NaN NaN 131.80136 -114.86736 -73.59723 229.82451 -194.34981 -83.94685 NaN NaN NaN 97.06605 -131.12968 -86.63633 -9.75246 -204.99954 -75.08207
12447 1.71839 NaN NaN NaN 131.83638 -114.88937 -73.60233 229.81818 -194.36366 -83.94068 NaN NaN NaN 97.05101 -131.13066 -86.65428 -9.75760 -205.00328 -75.09615
12448 1.72673 NaN NaN NaN 131.83403 -114.85698 -73.62059 229.82249 -194.35031 -83.93381 NaN NaN NaN 97.04688 -131.13312 -86.65298 -9.75606 -204.99338 -75.08831
12449 1.73507 NaN NaN NaN 131.83975 -114.84809 -73.62788 229.83118 -194.35397 -83.93466 NaN NaN NaN 97.06178 -131.13322 -86.64935 -9.76134 -204.98143 -75.09461
12450 1.74341 NaN NaN NaN 131.84813 -114.81723 -73.62754 229.82811 -194.34659 -83.94117 NaN NaN NaN 97.05191 -131.13466 -86.64424 -9.73765 -204.97136 -75.09270
12451 1.75175 NaN NaN NaN 131.83150 -114.81089 -73.62839 229.81598 -194.34079 -83.94217 NaN NaN NaN 97.05398 -131.13206 -86.65637 -9.75453 -204.97984 -75.09735
12452 1.76009 NaN NaN NaN 131.83730 -114.81474 -73.63187 229.81380 -194.32445 -83.94370 NaN NaN NaN 97.05462 -131.13741 -86.65116 -9.74842 -204.96548 -75.08533
12453 1.76843 NaN NaN NaN 131.86110 -114.83108 -73.62723 229.82344 -194.33183 -83.93928 NaN NaN NaN 97.06405 -131.13416 -86.64380 -9.75255 -204.97810 -75.09573
12454 1.77677 NaN NaN NaN 131.83690 -114.83714 -73.62594 229.82845 -194.33925 -83.91356 NaN NaN NaN 97.06318 -131.13022 -86.64172 -9.75217 -204.96365 -75.07697
12455 1.78510 NaN NaN NaN 131.82484 -114.86464 -73.59675 229.83351 -194.36703 -83.93353 NaN NaN NaN 97.04726 -131.09201 -86.66264 -9.76048 -204.96828 -75.09150
12456 1.79344 NaN NaN NaN 131.81841 -114.88030 -73.58032 229.83505 -194.35912 -83.93231 NaN NaN NaN 97.04768 -131.10577 -86.66347 -9.75629 -204.96565 -75.07771
12457 1.80178 NaN NaN NaN 131.82373 -114.87691 -73.57919 229.83563 -194.35889 -83.94370 NaN NaN NaN 97.05267 -131.08911 -86.65856 -9.74322 -204.97670 -75.09178
12458 1.81012 NaN NaN NaN 131.82652 -114.87610 -73.60548 229.82246 -194.34085 -83.94480 NaN NaN NaN 97.05284 -131.09419 -86.65823 -9.73318 -204.97572 -75.08004
12459 1.81846 NaN NaN NaN 131.85231 -114.84189 -73.62733 229.83029 -194.35654 -83.94220 NaN NaN NaN 97.04872 -131.08264 -86.65939 -9.74248 -204.98033 -75.08511
12460 1.82680 NaN NaN NaN 131.84785 -114.84188 -73.63519 229.83006 -194.35619 -83.92342 NaN NaN NaN 97.05428 -131.09412 -86.66100 -9.72425 -204.96959 -75.06875
12461 1.83514 NaN NaN NaN 131.83986 -114.82458 -73.62584 229.82364 -194.35538 -83.93341 NaN NaN NaN 97.05925 -131.07608 -86.66871 -9.74251 -204.97267 -75.08727
12462 1.84348 NaN NaN NaN 131.82111 -114.82269 -73.62982 229.82687 -194.36092 -83.93930 NaN NaN NaN 97.06454 -131.10469 -86.65926 -9.72751 -204.98351 -75.07812
12463 1.85182 NaN NaN NaN 131.83168 -114.85442 -73.62669 229.81262 -194.36952 -83.90174 NaN NaN NaN 97.05525 -131.12325 -86.64969 -9.75334 -204.99464 -75.09419
12464 1.86015 NaN NaN NaN 131.83015 -114.87121 -73.61505 229.82095 -194.36855 -83.90449 NaN NaN NaN 97.06510 -131.15985 -86.63264 -9.76662 -204.98499 -75.10588
12465 1.86849 NaN NaN NaN 131.82838 -114.88963 -73.59592 229.81786 -194.38029 -83.90289 NaN NaN NaN 97.05954 -131.15851 -86.64240 -9.77413 -204.97673 -75.10944
12466 1.87683 NaN NaN NaN 131.82214 -114.89600 -73.59712 229.81416 -194.36932 -83.92451 NaN NaN NaN 97.06306 -131.17380 -86.63088 -9.74867 -204.99420 -75.08556
12467 1.88517 NaN NaN NaN 131.80824 -114.91303 -73.57912 229.82152 -194.37514 -83.93625 NaN NaN NaN 97.06249 -131.16370 -86.63332 -9.75798 -204.98390 -75.08707
12468 1.89351 NaN NaN NaN 131.82379 -114.90440 -73.59351 229.82220 -194.38168 -83.93781 NaN NaN NaN 97.05235 -131.15968 -86.63509 -9.77047 -204.98419 -75.08258
12469 1.90185 NaN NaN NaN 131.80197 -114.92378 -73.57166 229.81085 -194.38120 -83.92442 NaN NaN NaN 97.04927 -131.16005 -86.62469 -9.77992 -204.97874 -75.10276
12470 1.91019 NaN NaN NaN 131.79968 -114.94265 -73.55632 229.81668 -194.38716 -83.93213 NaN NaN NaN 97.06370 -131.19081 -86.60755 -9.80034 -204.97270 -75.09889
12471 1.91853 NaN NaN NaN 131.81073 -114.95233 -73.54268 229.81685 -194.39580 -83.92549 NaN NaN NaN 97.06925 -131.20776 -86.59898 -9.79274 -204.97931 -75.10082
12472 1.92687 NaN NaN NaN 131.80275 -114.95819 -73.54921 229.82254 -194.40871 -83.92241 NaN NaN NaN 97.06754 -131.21597 -86.59469 -9.79001 -204.98848 -75.10514
12473 1.93520 NaN NaN NaN 131.80916 -114.95860 -73.54791 229.82352 -194.40564 -83.91907 NaN NaN NaN 97.05643 -131.21916 -86.59310 -9.79258 -204.98430 -75.11811
12474 1.94354 NaN NaN NaN 131.80409 -114.95783 -73.53224 229.81934 -194.40134 -83.91996 NaN NaN NaN 97.05048 -131.21367 -86.60294 -9.81764 -204.98981 -75.08052
12475 1.95188 NaN NaN NaN 131.81873 -114.93668 -73.55279 229.79926 -194.38165 -83.90285 NaN NaN NaN 97.05025 -131.20137 -86.60414 -9.80663 -205.00273 -75.09361
12476 1.96022 NaN NaN NaN 131.79703 -114.92812 -73.55423 229.79901 -194.38087 -83.92117 NaN NaN NaN 97.04449 -131.19615 -86.60476 -9.81170 -204.99995 -75.08665
12477 1.96856 NaN NaN NaN 131.79674 -114.93510 -73.55188 229.81921 -194.40477 -83.89986 NaN NaN NaN 97.05146 -131.17996 -86.61796 -9.78646 -204.99876 -75.09662
12478 1.97690 NaN NaN NaN 131.80247 -114.95250 -73.56119 229.82298 -194.41136 -83.91743 NaN NaN NaN 97.03559 -131.18108 -86.61827 -9.78490 -205.01355 -75.07912
12479 1.98524 NaN NaN NaN 131.80972 -114.92732 -73.56563 229.82825 -194.40779 -83.91618 NaN NaN NaN 97.05129 -131.18530 -86.62166 -9.79471 -205.01352 -75.09316
12480 1.99358 NaN NaN NaN 131.81540 -114.92483 -73.58531 229.82310 -194.40121 -83.91782 NaN NaN NaN 97.05183 -131.19756 -86.61309 -9.80694 -205.00089 -75.08961
12481 2.00192 NaN NaN NaN 131.80923 -114.94352 -73.57621 229.82021 -194.38841 -83.91948 NaN NaN NaN 97.03629 -131.18497 -86.62052 -9.80023 -205.00050 -75.10283
12482 2.01026 NaN NaN NaN 131.81296 -114.93462 -73.57477 229.81401 -194.38660 -83.93100 NaN NaN NaN 97.04755 -131.20158 -86.61720 -9.79867 -205.00484 -75.08784
12483 2.01859 NaN NaN NaN 131.82314 -114.94523 -73.56986 229.81529 -194.38872 -83.90354 NaN NaN NaN 97.05088 -131.18672 -86.61205 -9.78773 -204.99686 -75.10200
12484 2.02693 NaN NaN NaN 131.82747 -114.91929 -73.58691 229.82312 -194.39719 -83.90880 NaN NaN NaN 97.04440 -131.17583 -86.61279 -9.79338 -204.99786 -75.08638
12485 2.03527 NaN NaN NaN 131.83173 -114.90714 -73.59238 229.82492 -194.39291 -83.89767 NaN NaN NaN 97.04598 -131.17905 -86.61568 -9.78847 -204.98329 -75.09161
12486 2.04361 NaN NaN NaN 131.81366 -114.92072 -73.59241 229.82358 -194.39064 -83.88905 NaN NaN NaN 97.03946 -131.18587 -86.61482 -9.80093 -204.97102 -75.10160
12487 2.05195 NaN NaN NaN 131.81459 -114.92477 -73.58102 229.82253 -194.39580 -83.88712 NaN NaN NaN 97.02899 -131.17429 -86.61591 -9.80051 -204.97623 -75.10530
12488 2.06029 NaN NaN NaN 131.81596 -114.90912 -73.58713 229.82176 -194.37624 -83.89062 NaN NaN NaN 97.02274 -131.17404 -86.61281 -9.78456 -204.97333 -75.07250
12489 2.06863 NaN NaN NaN 131.80252 -114.92430 -73.56833 229.82059 -194.38605 -83.88820 NaN NaN NaN 97.02660 -131.13609 -86.62103 -9.79557 -204.96872 -75.08998
12490 2.07697 NaN NaN NaN 131.80582 -114.90588 -73.57641 229.81265 -194.37692 -83.90832 NaN NaN NaN 97.04737 -131.14565 -86.61836 -9.78621 -204.95268 -75.07073
12491 2.08531 NaN NaN NaN 131.80525 -114.91877 -73.56462 229.82164 -194.38867 -83.89669 NaN NaN NaN 97.04068 -131.11174 -86.63486 -9.78827 -204.96877 -75.06471
12492 2.09364 NaN NaN NaN 131.80522 -114.89503 -73.58281 229.81674 -194.38243 -83.90598 NaN NaN NaN 97.02594 -131.11632 -86.63443 -9.80042 -204.96307 -75.09029
12493 2.10198 NaN NaN NaN 131.81604 -114.89306 -73.59038 229.81436 -194.39027 -83.89480 NaN NaN NaN 97.03052 -131.09724 -86.62914 -9.80020 -204.96777 -75.12489
12494 2.11032 NaN NaN NaN 131.80145 -114.88760 -73.59129 229.80960 -194.36876 -83.89428 NaN NaN NaN 97.03206 -131.12953 -86.62170 -9.80801 -204.94945 -75.09090
12495 2.11866 NaN NaN NaN 131.78268 -114.88743 -73.57578 229.80658 -194.36911 -83.89268 NaN NaN NaN 97.03267 -131.11989 -86.62653 -9.80223 -204.95187 -75.09592
12496 2.12700 NaN NaN NaN 131.77718 -114.88850 -73.57789 229.78931 -194.34923 -83.90108 NaN NaN NaN 97.01155 -131.11681 -86.62054 -9.78930 -204.94882 -75.08194
12497 2.13534 NaN NaN NaN 131.80679 -114.87321 -73.59038 229.79652 -194.36259 -83.89906 NaN NaN NaN 97.01391 -131.10057 -86.63130 -9.78968 -204.95656 -75.10293
12498 2.14368 NaN NaN NaN 131.79787 -114.87992 -73.58524 229.79736 -194.36147 -83.91918 NaN NaN NaN 96.99455 -131.08206 -86.63158 -9.78883 -204.96910 -75.07859
12499 2.15202 NaN NaN NaN 131.81233 -114.89114 -73.57798 229.80209 -194.37080 -83.90179 NaN NaN NaN 97.01534 -131.07912 -86.63200 -9.80308 -204.95811 -75.06539
12500 2.16036 NaN NaN NaN 131.78612 -114.89417 -73.57390 229.79901 -194.37000 -83.91847 NaN NaN NaN 97.01634 -131.07771 -86.63867 -9.80814 -204.94232 -75.08805
12501 2.16869 NaN NaN NaN 131.77798 -114.90961 -73.57040 229.79431 -194.36783 -83.90095 NaN NaN NaN 97.02020 -131.08134 -86.64072 -9.80332 -204.94014 -75.10988
12502 2.17703 NaN NaN NaN 131.77127 -114.91690 -73.57269 229.78996 -194.36235 -83.90392 NaN NaN NaN 97.00303 -131.08502 -86.63377 -9.79680 -204.92690 -75.09412
12503 2.18537 NaN NaN NaN 131.77763 -114.91667 -73.56366 229.79510 -194.37041 -83.89600 NaN NaN NaN 97.01506 -131.07544 -86.64833 -9.79157 -204.94635 -75.11043
12504 2.19371 NaN NaN NaN 131.81398 -114.88389 -73.58756 229.79893 -194.36624 -83.92415 NaN NaN NaN 97.00597 -131.07288 -86.63737 -9.80923 -204.92975 -75.10390
12505 2.20205 NaN NaN NaN 131.83017 -114.88229 -73.59079 229.80240 -194.37038 -83.90515 NaN NaN NaN 97.00889 -131.07913 -86.64454 -9.81237 -204.93399 -75.11281
12506 2.21039 NaN NaN NaN 131.81885 -114.87006 -73.61147 229.80537 -194.37447 -83.93055 NaN NaN NaN 96.99751 -131.07773 -86.64670 -9.80711 -204.93486 -75.10651
12507 2.21873 NaN NaN NaN 131.81474 -114.84969 -73.61736 229.79555 -194.37119 -83.93568 NaN NaN NaN 97.00167 -131.07274 -86.65254 -9.80850 -204.93307 -75.10744
12508 2.22707 NaN NaN NaN 131.81100 -114.85571 -73.63148 229.79460 -194.35905 -83.93744 NaN NaN NaN 96.99638 -131.06837 -86.65160 -9.81686 -204.91959 -75.10596
12509 2.23541 NaN NaN NaN 131.81090 -114.86568 -73.60210 229.79901 -194.37260 -83.93276 NaN NaN NaN 97.00552 -131.05182 -86.65472 -9.81287 -204.92896 -75.11536
12510 2.24375 NaN NaN NaN 131.81776 -114.88552 -73.60084 229.79530 -194.36569 -83.93009 NaN NaN NaN 97.00648 -131.06471 -86.64359 -9.82632 -204.92754 -75.11226
12511 2.25208 NaN NaN NaN 131.81374 -114.92137 -73.58991 229.80887 -194.37231 -83.92845 NaN NaN NaN 96.97551 -131.00797 -86.65997 -9.82285 -204.92984 -75.12676
12512 2.26042 NaN NaN NaN 131.80927 -114.93949 -73.59116 229.80836 -194.37770 -83.93472 NaN NaN NaN 96.98453 -131.04477 -86.64581 -9.80933 -204.92130 -75.11305
12513 2.26876 NaN NaN NaN 131.82375 -114.90607 -73.59608 229.81303 -194.39485 -83.92379 NaN NaN NaN 96.98002 -131.00740 -86.66312 -9.82239 -204.92276 -75.11791
12514 2.27710 NaN NaN NaN 131.80530 -114.90297 -73.59871 229.81500 -194.38667 -83.93460 NaN NaN NaN 96.98253 -131.06480 -86.63731 -9.83502 -204.92790 -75.10374
12515 2.28544 NaN NaN NaN 131.80846 -114.89668 -73.60332 229.80185 -194.39171 -83.90188 NaN NaN NaN 96.94821 -131.02980 -86.66090 -9.83991 -204.91628 -75.11599
12516 2.29378 NaN NaN NaN 131.81387 -114.88974 -73.60992 229.80086 -194.38084 -83.92097 NaN NaN NaN 96.98363 -131.09608 -86.63386 -9.84566 -204.93097 -75.11460
12517 2.30212 NaN NaN NaN 131.82672 -114.89333 -73.58907 229.80367 -194.38365 -83.93188 NaN NaN NaN 96.99200 -131.10255 -86.64091 -9.84611 -204.92744 -75.12000
12518 2.31046 NaN NaN NaN 131.81375 -114.92667 -73.56541 229.81018 -194.37875 -83.94086 NaN NaN NaN 96.99623 -131.11745 -86.63123 -9.85088 -204.93083 -75.10390
12519 2.31880 NaN NaN NaN 131.82657 -114.92966 -73.58780 229.80524 -194.38948 -83.93199 NaN NaN NaN 96.96818 -131.04552 -86.65453 -9.85631 -204.91129 -75.11123
12520 2.32713 NaN NaN NaN 131.80688 -114.93491 -73.58154 229.80550 -194.39137 -83.93006 NaN NaN NaN 96.94144 -131.00383 -86.65088 -9.87132 -204.92622 -75.09771
12521 2.33547 NaN NaN NaN 131.82552 -114.92517 -73.59003 229.80708 -194.39328 -83.92389 NaN NaN NaN 96.91866 -130.97502 -86.67443 -9.87271 -204.91083 -75.13156
12522 2.34381 NaN NaN NaN 131.83360 -114.90766 -73.61639 229.81427 -194.40457 -83.92354 NaN NaN NaN 96.95777 -131.05576 -86.65392 -9.87795 -204.93301 -75.13744
12523 2.35215 NaN NaN NaN 131.84882 -114.90881 -73.60787 229.82423 -194.40216 -83.92428 NaN NaN NaN 96.97091 -131.11415 -86.63464 -9.88015 -204.91318 -75.14074
12524 2.36049 NaN NaN NaN 131.82904 -114.92068 -73.60114 229.81746 -194.40512 -83.92149 NaN NaN NaN 96.95297 -131.08455 -86.62736 -9.88977 -204.93544 -75.15005
12525 2.36883 NaN NaN NaN 131.85030 -114.90454 -73.59621 229.81810 -194.39880 -83.92519 NaN NaN NaN 96.95708 -131.11603 -86.63441 -9.89345 -204.91388 -75.15205
12526 2.37717 NaN NaN NaN 131.84616 -114.90056 -73.60413 229.82306 -194.41197 -83.92757 NaN NaN NaN 96.93891 -131.04752 -86.64134 -9.91502 -204.92177 -75.16563
12527 2.38551 NaN NaN NaN 131.83861 -114.92979 -73.58154 229.81285 -194.40929 -83.92903 NaN NaN NaN 96.90563 -130.99109 -86.66674 -9.92415 -204.90628 -75.17246
12528 2.39385 NaN NaN NaN 131.84172 -114.91281 -73.60547 229.82161 -194.41135 -83.91796 NaN NaN NaN 96.91752 -130.97870 -86.65988 -9.92880 -204.90442 -75.18658
12529 2.40218 NaN NaN NaN 131.86703 -114.91093 -73.61201 229.81580 -194.40652 -83.89414 NaN NaN NaN 96.90142 -130.97871 -86.66809 -9.93675 -204.90248 -75.20417
12530 2.41052 NaN NaN NaN 131.84286 -114.88233 -73.61639 229.80975 -194.40218 -83.89810 NaN NaN NaN 96.93839 -131.07089 -86.63754 -9.92889 -204.92212 -75.20901
12531 2.41886 NaN NaN NaN 131.81865 -114.87923 -73.58472 229.80054 -194.39342 -83.92591 NaN NaN NaN 96.91073 -131.06970 -86.63816 -9.94650 -204.92184 -75.21455
12532 2.42720 NaN NaN NaN 131.83749 -114.87630 -73.60231 229.80965 -194.38602 -83.92269 NaN NaN NaN 96.90088 -131.04945 -86.62682 -9.94094 -204.92766 -75.20503
12533 2.43554 NaN NaN NaN 131.83084 -114.90682 -73.56960 229.82181 -194.40459 -83.90099 NaN NaN NaN 96.89265 -131.00529 -86.66228 -9.96119 -204.91551 -75.21170
12534 2.44388 NaN NaN NaN 131.84785 -114.89277 -73.59840 229.81087 -194.39899 -83.91373 NaN NaN NaN 96.91135 -131.00560 -86.64845 -9.95014 -204.91396 -75.20502
12535 2.45222 NaN NaN NaN 131.87410 -114.89378 -73.61388 229.81226 -194.39841 -83.92110 NaN NaN NaN 96.88222 -130.99464 -86.66421 -9.96452 -204.89905 -75.21408
12536 2.46056 NaN NaN NaN 131.86963 -114.87181 -73.62431 229.80513 -194.38771 -83.92798 NaN NaN NaN 96.88728 -130.99825 -86.65703 -9.95898 -204.91701 -75.20101
12537 2.46890 NaN NaN NaN 131.86459 -114.87371 -73.62173 229.80779 -194.38826 -83.93267 NaN NaN NaN 96.87131 -131.00941 -86.64883 -9.96131 -204.89954 -75.20565
12538 2.47724 NaN NaN NaN 131.84258 -114.89970 -73.59359 229.81421 -194.39432 -83.93130 NaN NaN NaN 96.87813 -131.02130 -86.63515 -9.96628 -204.89655 -75.21494
12539 2.48557 NaN NaN NaN 131.84216 -114.89557 -73.61167 229.81528 -194.38953 -83.92306 NaN NaN NaN 96.85992 -131.00018 -86.64851 -9.97807 -204.90157 -75.22545
12540 2.49391 NaN NaN NaN 131.85959 -114.87482 -73.61957 229.82323 -194.40134 -83.91783 NaN NaN NaN 96.85315 -131.00304 -86.64304 -9.97331 -204.89423 -75.22636
12541 2.50225 NaN NaN NaN 131.87047 -114.85987 -73.62046 229.81580 -194.40727 -83.92665 NaN NaN NaN 96.84197 -130.98509 -86.65624 -9.98466 -204.89270 -75.22419
12542 2.51059 NaN NaN NaN 131.87085 -114.86377 -73.62646 229.81897 -194.40128 -83.92483 NaN NaN NaN 96.84403 -130.99234 -86.65389 -9.98798 -204.89915 -75.22265
12543 2.51893 NaN NaN NaN 131.86147 -114.85667 -73.62799 229.81535 -194.39674 -83.92768 NaN NaN NaN 96.84026 -130.98303 -86.65925 -9.99026 -204.89894 -75.21117
12544 2.52727 NaN NaN NaN 131.83536 -114.88395 -73.59338 229.81592 -194.39046 -83.93326 NaN NaN NaN 96.83309 -130.97443 -86.66138 -9.99756 -204.89815 -75.21107
12545 2.53561 NaN NaN NaN 131.86304 -114.85231 -73.61365 229.80936 -194.38847 -83.90337 NaN NaN NaN 96.83038 -130.98129 -86.64998 -10.00956 -204.89977 -75.25405
12546 2.54395 NaN NaN NaN 131.83195 -114.86305 -73.58562 229.80843 -194.39005 -83.89149 NaN NaN NaN 96.82596 -130.99249 -86.64305 -10.00195 -204.90297 -75.24696
12547 2.55229 NaN NaN NaN 131.86380 -114.84922 -73.61195 229.80359 -194.39171 -83.88988 NaN NaN NaN 96.82624 -130.99574 -86.65237 -10.00665 -204.89578 -75.22985
12548 2.56062 NaN NaN NaN 131.85239 -114.85873 -73.58802 229.80888 -194.38089 -83.92121 NaN NaN NaN 96.81081 -131.00871 -86.64626 -10.02389 -204.89980 -75.25140
12549 2.56896 NaN NaN NaN 131.87393 -114.83947 -73.60770 229.80771 -194.38623 -83.90598 NaN NaN NaN 96.80611 -131.01001 -86.64819 -10.03619 -204.89896 -75.26646
12550 2.57730 NaN NaN NaN 131.87527 -114.84570 -73.61442 229.80902 -194.39497 -83.92476 NaN NaN NaN 96.81000 -131.00826 -86.63860 -10.05220 -204.91594 -75.29499
12551 2.58564 NaN NaN NaN 131.87581 -114.85246 -73.61720 229.81601 -194.39915 -83.92137 NaN NaN NaN 96.81741 -131.01059 -86.64366 -10.05674 -204.90471 -75.28397
12552 2.59398 NaN NaN NaN 131.87161 -114.86440 -73.60874 229.82048 -194.40448 -83.91462 NaN NaN NaN 96.80544 -131.00443 -86.63886 -10.06528 -204.90448 -75.30130
12553 2.60232 NaN NaN NaN 131.87312 -114.87209 -73.58904 229.81627 -194.39838 -83.91714 NaN NaN NaN 96.80413 -131.01265 -86.63966 -10.07302 -204.88843 -75.28605
12554 2.61066 NaN NaN NaN 131.84872 -114.86048 -73.58652 229.81802 -194.38972 -83.91860 NaN NaN NaN 96.79347 -131.01474 -86.63205 -10.06478 -204.90320 -75.28026
12555 2.61900 NaN NaN NaN 131.86690 -114.83303 -73.57799 229.81822 -194.38858 -83.90195 NaN NaN NaN 96.80482 -131.00517 -86.63656 -10.05502 -204.89700 -75.23005
