Frame# Time LH1 LH2 LH3 RH1 RH2 RH3
X54 Y54 Z54 X55 Y55 Z55 X56 Y56 Z56 X57 Y57 Z57 X58 Y58 Z58 X59 Y59 Z59
26255 0.00553 NaN NaN NaN 183.51244 -121.84409 2.20620 283.72781 -187.65973 -38.16343 NaN NaN NaN 88.56818 -112.09315 -22.35897 -0.00305 -200.20897 -60.03605
26256 0.01387 NaN NaN NaN 183.52400 -121.85157 2.19918 283.73480 -187.66473 -38.16061 NaN NaN NaN 88.57240 -112.10241 -22.33914 -0.01869 -200.23302 -60.02685
26257 0.02222 NaN NaN NaN 183.51886 -121.86734 2.21378 283.73788 -187.65269 -38.16275 NaN NaN NaN 88.55384 -112.11770 -22.33509 -0.02208 -200.25847 -60.00581
26258 0.03057 NaN NaN NaN 183.51634 -121.88586 2.21115 283.73148 -187.65164 -38.18269 NaN NaN NaN 88.54871 -112.13556 -22.31649 -0.03140 -200.27826 -59.99283
26259 0.03891 NaN NaN NaN 183.52077 -121.87996 2.22126 283.73972 -187.65744 -38.18381 NaN NaN NaN 88.56151 -112.17198 -22.27270 -0.02930 -200.28859 -59.98956
26260 0.04726 NaN NaN NaN 183.52707 -121.88450 2.22912 283.75034 -187.66786 -38.20440 NaN NaN NaN 88.54501 -112.18085 -22.25591 -0.03765 -200.31796 -59.98582
26261 0.05561 NaN NaN NaN 183.53795 -121.90408 2.24992 283.75742 -187.67134 -38.21700 NaN NaN NaN 88.54236 -112.18987 -22.22149 -0.04032 -200.33725 -59.97985
26262 0.06395 NaN NaN NaN 183.53510 -121.91165 2.23821 283.74817 -187.67766 -38.22665 NaN NaN NaN 88.54052 -112.20036 -22.20529 -0.04412 -200.37177 -59.97343
26263 0.07230 NaN NaN NaN 183.54343 -121.92504 2.24612 283.76349 -187.68050 -38.22922 NaN NaN NaN 88.53187 -112.23144 -22.20348 -0.04384 -200.38132 -59.96824
26264 0.08065 NaN NaN NaN 183.52773 -121.92534 2.23308 283.76428 -187.68544 -38.22916 NaN NaN NaN 88.54732 -112.27942 -22.16237 -0.03896 -200.39760 -59.96043
26265 0.08899 NaN NaN NaN 183.53670 -121.94469 2.21122 283.76987 -187.69852 -38.23648 NaN NaN NaN 88.53474 -112.27528 -22.11925 -0.03223 -200.38141 -59.96377
26266 0.09734 NaN NaN NaN 183.52647 -121.93980 2.21382 283.78082 -187.70757 -38.25371 NaN NaN NaN 88.55672 -112.29104 -22.11887 -0.04438 -200.41328 -59.94332
26267 0.10569 NaN NaN NaN 183.54532 -121.96549 2.21248 283.78372 -187.71504 -38.26068 NaN NaN NaN 88.55534 -112.29503 -22.14752 -0.04553 -200.41566 -59.94098
26268 0.11403 NaN NaN NaN 183.55260 -121.95245 2.19519 283.77609 -187.71655 -38.28830 NaN NaN NaN 88.56734 -112.31011 -22.12406 -0.04813 -200.41994 -59.92678
26269 0.12238 NaN NaN NaN 183.55783 -121.98201 2.20997 283.77463 -187.70663 -38.27645 NaN NaN NaN 88.54182 -112.29868 -22.15909 -0.04833 -200.41385 -59.93992
26270 0.13073 NaN NaN NaN 183.55232 -121.97895 2.19357 283.78369 -187.73280 -38.28689 NaN NaN NaN 88.55193 -112.30771 -22.11391 -0.04168 -200.41302 -59.93248
26271 0.13907 NaN NaN NaN 183.55319 -121.98994 2.20965 283.78525 -187.71971 -38.27557 NaN NaN NaN 88.54703 -112.29898 -22.11447 -0.03586 -200.40794 -59.91948
26272 0.14742 NaN NaN NaN 183.55467 -121.96820 2.18217 283.78845 -187.72829 -38.28994 NaN NaN NaN 88.55241 -112.32410 -22.09992 -0.03575 -200.42032 -59.93034
26273 0.15577 NaN NaN NaN 183.55582 -121.97976 2.19920 283.78247 -187.71381 -38.27658 NaN NaN NaN 88.55556 -112.27872 -22.11998 -0.02614 -200.41170 -59.91465
26274 0.16411 NaN NaN NaN 183.56621 -121.94543 2.16303 283.78574 -187.70793 -38.26490 NaN NaN NaN 88.56266 -112.30557 -22.09886 -0.03452 -200.42540 -59.91027
26275 0.17246 NaN NaN NaN 183.55788 -121.95343 2.19650 283.79126 -187.70705 -38.26772 NaN NaN NaN 88.54971 -112.28034 -22.11179 -0.03033 -200.42085 -59.91196
26276 0.18081 NaN NaN NaN 183.57166 -121.93246 2.16006 283.79654 -187.70970 -38.27543 NaN NaN NaN 88.56952 -112.30045 -22.10035 -0.03909 -200.40443 -59.91940
26277 0.18915 NaN NaN NaN 183.55051 -121.95421 2.19458 283.79355 -187.71074 -38.29515 NaN NaN NaN 88.56852 -112.31954 -22.09713 -0.03451 -200.40515 -59.93242
26278 0.19750 NaN NaN NaN 183.56065 -121.95387 2.18757 283.79642 -187.72543 -38.30182 NaN NaN NaN 88.57403 -112.31066 -22.10488 -0.04704 -200.40242 -59.92604
26279 0.20584 NaN NaN NaN 183.56857 -121.96640 2.20495 283.79675 -187.72198 -38.29272 NaN NaN NaN 88.55523 -112.29722 -22.12776 -0.04121 -200.40933 -59.91833
26280 0.21419 NaN NaN NaN 183.59770 -121.93350 2.21141 283.80792 -187.72104 -38.30321 NaN NaN NaN 88.55293 -112.30466 -22.13801 -0.03654 -200.41151 -59.92226
26281 0.22254 NaN NaN NaN 183.59082 -121.95096 2.24127 283.79837 -187.71220 -38.30423 NaN NaN NaN 88.54798 -112.29758 -22.13583 -0.03248 -200.41423 -59.92731
26282 0.23088 NaN NaN NaN 183.59320 -121.95698 2.23081 283.80035 -187.71962 -38.30994 NaN NaN NaN 88.55115 -112.30640 -22.13542 -0.03660 -200.42661 -59.94888
26283 0.23923 NaN NaN NaN 183.60329 -121.96153 2.24535 283.79306 -187.72050 -38.29160 NaN NaN NaN 88.53667 -112.28880 -22.17060 -0.04066 -200.43552 -59.94459
26284 0.24758 NaN NaN NaN 183.59996 -121.97017 2.25491 283.79626 -187.72412 -38.30578 NaN NaN NaN 88.53090 -112.28847 -22.17812 -0.05273 -200.45007 -59.95562
26285 0.25592 NaN NaN NaN 183.60474 -121.96998 2.26814 283.79337 -187.72443 -38.30471 NaN NaN NaN 88.53770 -112.26057 -22.18620 -0.03145 -200.43896 -59.97031
26286 0.26427 NaN NaN NaN 183.59454 -121.95628 2.26519 283.79126 -187.73128 -38.30328 NaN NaN NaN 88.52701 -112.25870 -22.23100 -0.03642 -200.45592 -59.97997
26287 0.27262 NaN NaN NaN 183.59033 -121.95629 2.26912 283.79089 -187.72252 -38.29118 NaN NaN NaN 88.52544 -112.22002 -22.27209 -0.01602 -200.44724 -59.98887
26288 0.28096 NaN NaN NaN 183.58220 -121.93914 2.26309 283.79120 -187.72263 -38.29957 NaN NaN NaN 88.52672 -112.23354 -22.29690 -0.02188 -200.44661 -60.00475
26289 0.28931 NaN NaN NaN 183.59689 -121.92010 2.26188 283.78137 -187.69954 -38.29424 NaN NaN NaN 88.51453 -112.26334 -22.33543 -0.01797 -200.43724 -60.02913
26290 0.29766 NaN NaN NaN 183.58669 -121.92218 2.25507 283.77451 -187.70128 -38.30154 NaN NaN NaN 88.51396 -112.28017 -22.32743 -0.01309 -200.44304 -60.04028
26291 0.30600 NaN NaN NaN 183.58919 -121.91210 2.24271 283.77850 -187.69786 -38.27889 NaN NaN NaN 88.52106 -112.28848 -22.34301 -0.02237 -200.42285 -60.04223
26292 0.31435 NaN NaN NaN 183.57632 -121.92521 2.23605 283.78055 -187.70549 -38.27211 NaN NaN NaN 88.51573 -112.27264 -22.35381 -0.02491 -200.43965 -60.04877
26293 0.32270 NaN NaN NaN 183.59073 -121.92953 2.25071 283.77853 -187.71722 -38.24962 NaN NaN NaN 88.51133 -112.26533 -22.37082 -0.01979 -200.42226 -60.04694
26294 0.33104 NaN NaN NaN 183.56564 -121.89386 2.22708 283.77417 -187.71449 -38.26291 NaN NaN NaN 88.49793 -112.24142 -22.39293 -0.03848 -200.40361 -60.06713
26295 0.33939 NaN NaN NaN 183.54785 -121.88957 2.22104 283.77100 -187.71071 -38.27206 NaN NaN NaN 88.48997 -112.24464 -22.39507 -0.04090 -200.37019 -60.08627
26296 0.34774 NaN NaN NaN 183.54079 -121.86095 2.19836 283.76471 -187.66989 -38.27774 NaN NaN NaN 88.47852 -112.23396 -22.39303 -0.06308 -200.34592 -60.10918
26297 0.35608 NaN NaN NaN 183.51958 -121.84663 2.17741 283.75513 -187.66019 -38.25002 NaN NaN NaN 88.46527 -112.23754 -22.39379 -0.08980 -200.33086 -60.12805
26298 0.36443 NaN NaN NaN 183.52942 -121.81097 2.14494 283.73254 -187.63992 -38.22168 NaN NaN NaN 88.40877 -112.22827 -22.42948 -0.10697 -200.32512 -60.14991
26299 0.37278 NaN NaN NaN 183.50464 -121.79667 2.14122 283.71140 -187.60925 -38.18940 NaN NaN NaN 88.41569 -112.23198 -22.42703 -0.13359 -200.32011 -60.15831
26300 0.38112 NaN NaN NaN 183.49547 -121.78631 2.12220 283.70547 -187.59991 -38.19050 NaN NaN NaN 88.37975 -112.22317 -22.43707 -0.15067 -200.34760 -60.15311
26301 0.38947 NaN NaN NaN 183.47475 -121.73769 2.11119 283.69342 -187.59358 -38.18664 NaN NaN NaN 88.35343 -112.20383 -22.41726 -0.17377 -200.36542 -60.13144
26302 0.39782 NaN NaN NaN 183.46617 -121.67662 2.08772 283.68631 -187.58554 -38.18306 NaN NaN NaN 88.29698 -112.20977 -22.40273 -0.22394 -200.38574 -60.12103
26303 0.40616 NaN NaN NaN 183.44484 -121.68335 2.07598 283.65747 -187.58073 -38.18103 NaN NaN NaN 88.24818 -112.22339 -22.38691 -0.27792 -200.38960 -60.10436
26304 0.41451 NaN NaN NaN 183.43007 -121.68498 2.07347 283.63947 -187.57100 -38.20414 NaN NaN NaN 88.18035 -112.22780 -22.35586 -0.37038 -200.40967 -60.07021
26305 0.42286 NaN NaN NaN 183.42503 -121.73551 2.12258 283.62671 -187.58315 -38.18267 NaN NaN NaN 88.07783 -112.27747 -22.35264 -0.45754 -200.45499 -59.99367
26306 0.43120 NaN NaN NaN 183.43062 -121.77657 2.17079 283.64450 -187.61024 -38.14894 NaN NaN NaN 87.98759 -112.36597 -22.33865 -0.56339 -200.53801 -59.87024
26307 0.43955 NaN NaN NaN 183.48024 -121.83941 2.33008 283.66876 -187.62788 -38.04317 NaN NaN NaN 87.89556 -112.38590 -22.39974 -0.70520 -200.57246 -59.71342
26308 0.44789 NaN NaN NaN 183.57838 -121.84379 2.63812 283.74142 -187.65291 -37.80740 NaN NaN NaN 87.82336 -112.32919 -22.53036 -0.80477 -200.59956 -59.60295
26309 0.45624 NaN NaN NaN 183.71692 -121.82162 3.06203 283.86215 -187.61290 -37.49250 NaN NaN NaN 87.81516 -112.17604 -22.73864 -0.85338 -200.58971 -59.46373
26310 0.46459 NaN NaN NaN 183.84897 -121.80724 3.60930 284.03488 -187.56943 -36.91553 NaN NaN NaN 87.87626 -111.93362 -23.04364 -0.81154 -200.51949 -59.38863
26311 0.47293 NaN NaN NaN 184.05647 -121.74521 4.35807 284.23135 -187.50862 -36.16368 NaN NaN NaN 88.00573 -111.52590 -23.55793 -0.68305 -200.30650 -59.29370
26312 0.48128 NaN NaN NaN 184.34271 -121.61322 5.21020 284.44702 -187.45828 -35.29282 NaN NaN NaN 88.26810 -110.92700 -24.27648 -0.50787 -199.99744 -59.11731
26313 0.48963 NaN NaN NaN 184.69319 -121.32562 6.24016 284.68549 -187.38618 -34.08548 NaN NaN NaN 88.56318 -110.06048 -25.23624 -0.21143 -199.60268 -58.88402
26314 0.49797 NaN NaN NaN 185.03873 -120.78826 7.32687 284.96545 -187.22743 -32.40194 NaN NaN NaN 88.93674 -109.01998 -26.41751 0.24656 -199.20850 -58.38425
26315 0.50632 NaN NaN NaN 185.28906 -119.97558 8.42598 285.25235 -187.07040 -30.07843 NaN NaN NaN 89.33469 -107.79878 -27.62647 0.79294 -198.80980 -57.59068
26316 0.51467 NaN NaN NaN 185.45543 -118.84495 9.59217 285.51337 -186.72906 -27.22478 NaN NaN NaN 89.80416 -106.53397 -28.83975 1.43150 -198.43852 -56.51799
26317 0.52301 NaN NaN NaN 185.59761 -117.37218 11.00080 285.78918 -186.17897 -23.98402 NaN NaN NaN 90.28860 -105.22908 -29.74567 2.06345 -198.10706 -55.33751
26318 0.53136 NaN NaN NaN 185.66014 -115.65160 12.59358 286.00204 -185.33987 -20.36844 NaN NaN NaN 90.71999 -104.17069 -30.26500 2.71666 -197.85126 -54.32573
26319 0.53971 NaN NaN NaN 185.66833 -113.67871 14.22136 286.20151 -184.15437 -16.35824 NaN NaN NaN 90.97217 -103.37726 -29.99700 3.33610 -197.57806 -53.66967
26320 0.54805 NaN NaN NaN 185.67540 -111.47832 15.84167 286.37976 -182.77144 -11.99736 NaN NaN NaN 91.19345 -102.97149 -28.92197 3.84900 -197.35864 -53.51011
26321 0.55640 NaN NaN NaN 185.68315 -109.20391 17.37091 286.66907 -181.15549 -7.37813 NaN NaN NaN 91.28915 -102.94334 -27.24803 4.27609 -197.17415 -53.68512
26322 0.56475 NaN NaN NaN 185.65430 -106.96558 18.88266 287.05972 -179.40704 -2.73923 NaN NaN NaN 91.26692 -103.16945 -24.95602 4.70428 -196.88052 -53.91589
26323 0.57309 NaN NaN NaN 185.59688 -104.90029 20.42946 287.56781 -177.56036 1.86451 NaN NaN NaN 91.18430 -103.44754 -22.53613 5.12111 -196.43600 -53.95473
26324 0.58144 NaN NaN NaN 185.76689 -102.95517 22.42627 288.09836 -175.72903 6.15101 NaN NaN NaN 91.41315 -103.47262 -20.58072 5.51142 -196.08580 -53.59061
26325 0.58979 NaN NaN NaN 186.34497 -101.19780 25.35396 288.79343 -174.07399 9.98975 NaN NaN NaN 91.56305 -103.64477 -19.07547 5.76816 -195.84326 -52.74911
26326 0.59813 NaN NaN NaN 187.44237 -99.61665 29.42185 289.66666 -172.68611 13.36292 NaN NaN NaN 91.77805 -103.60158 -18.07779 5.81020 -195.68134 -51.50651
26327 0.60648 NaN NaN NaN 188.86156 -98.04211 34.13479 290.60992 -171.24687 16.50158 NaN NaN NaN 91.77440 -103.52278 -17.29252 5.74371 -195.68700 -50.52984
26328 0.61483 NaN NaN NaN 190.26837 -96.40868 38.65458 291.66998 -169.63623 19.85521 NaN NaN NaN 91.77254 -103.72763 -16.51207 5.52478 -195.79065 -50.18627
26329 0.62317 NaN NaN NaN 191.51343 -94.58829 42.80458 292.77490 -167.86580 23.59363 NaN NaN NaN 91.58418 -104.29492 -15.43749 5.12441 -195.97223 -50.59117
26330 0.63152 NaN NaN NaN 192.74278 -92.66727 46.65596 293.92398 -166.03876 27.45024 NaN NaN NaN 91.10251 -105.21850 -14.21212 4.51164 -196.15579 -51.49199
26331 0.63987 NaN NaN NaN 194.08153 -90.73732 50.38233 295.13239 -164.28897 31.15807 NaN NaN NaN 90.43824 -106.50066 -13.10989 3.71795 -196.30217 -52.56557
26332 0.64821 NaN NaN NaN 195.52411 -88.85534 54.23093 296.41238 -162.61755 34.50256 NaN NaN NaN 89.53852 -108.18274 -12.44657 2.84543 -196.49341 -53.65444
26333 0.65656 NaN NaN NaN 197.10419 -87.15827 58.01975 297.66458 -161.14130 37.49694 NaN NaN NaN 88.66633 -109.67178 -11.61946 1.87772 -196.77438 -54.74973
26334 0.66491 NaN NaN NaN 198.76689 -85.61321 61.61499 298.96069 -159.85809 40.17989 NaN NaN NaN 87.90691 -111.11215 -10.93313 0.81820 -197.09044 -55.89330
26335 0.67325 NaN NaN NaN 200.49677 -84.24898 65.06060 300.27701 -158.69429 42.56776 NaN NaN NaN 87.14603 -112.65451 -10.57082 -0.29005 -197.46335 -57.09329
26336 0.68160 NaN NaN NaN 202.19685 -83.07262 68.33504 301.51819 -157.77026 44.53194 NaN NaN NaN 86.37502 -114.11346 -10.41328 -1.48307 -197.82617 -58.27856
26337 0.68995 NaN NaN NaN 203.91356 -81.94717 71.39513 302.67386 -156.95738 46.16442 NaN NaN NaN 85.54868 -115.54439 -10.47507 -2.70914 -198.21864 -59.34631
26338 0.69829 NaN NaN NaN 205.57394 -80.99904 74.15865 303.71017 -156.32425 47.47479 NaN NaN NaN 84.96288 -116.85010 -10.83368 -3.87911 -198.62941 -60.33717
26339 0.70664 NaN NaN NaN 207.37456 -80.06337 76.91591 304.57214 -155.77284 48.48716 NaN NaN NaN 84.41723 -118.11191 -11.57772 -4.99159 -199.06427 -61.25498
26340 0.71498 NaN NaN NaN 209.07690 -79.06339 79.50951 305.28094 -155.29695 49.25457 NaN NaN NaN 83.84273 -119.20563 -12.18417 -6.05830 -199.45474 -62.16840
26341 0.72333 NaN NaN NaN 210.81374 -78.12773 82.05860 305.97485 -154.90842 49.82711 NaN NaN NaN 83.25713 -120.24268 -12.74123 -7.09766 -199.83156 -63.09623
26342 0.73168 NaN NaN NaN 212.39008 -77.25304 84.36421 306.62164 -154.49129 50.47040 NaN NaN NaN 82.58400 -121.28012 -13.21496 -8.12935 -200.15402 -64.02386
26343 0.74002 NaN NaN NaN 213.59659 -76.45699 86.08489 307.33548 -153.97289 51.35522 NaN NaN NaN 81.85059 -122.27653 -13.47498 -9.11070 -200.35518 -65.06697
26344 0.74837 NaN NaN NaN 214.31172 -75.78224 87.16934 308.05923 -153.27319 52.41379 NaN NaN NaN 81.09673 -123.23339 -13.46815 -10.00027 -200.43907 -66.10557
26345 0.75672 NaN NaN NaN 214.59164 -75.25911 87.44651 308.85107 -152.53188 53.67191 NaN NaN NaN 80.34422 -124.21833 -13.16232 -10.80018 -200.42253 -67.05750
26346 0.76506 NaN NaN NaN 214.53316 -74.91833 87.31579 309.57382 -151.77443 54.86393 NaN NaN NaN 79.65878 -125.08257 -12.63814 -11.48827 -200.38710 -67.81372
26347 0.77341 NaN NaN NaN 214.45465 -74.76849 86.79527 310.28503 -151.17061 55.77498 NaN NaN NaN 79.05439 -125.86535 -11.92133 -12.05079 -200.30559 -68.31697
26348 0.78176 NaN NaN NaN 214.22929 -74.91618 85.87774 310.98718 -150.78551 56.37487 NaN NaN NaN 78.51984 -126.45135 -11.14799 -12.47228 -200.23051 -68.59882
26349 0.79010 NaN NaN NaN 213.96567 -75.41555 84.65255 311.56613 -150.63284 56.45641 NaN NaN NaN 78.06603 -126.86831 -10.38237 -12.73899 -200.15508 -68.63615
26350 0.79845 NaN NaN NaN 213.54756 -76.22151 83.03584 312.01309 -150.75081 56.10205 NaN NaN NaN 77.76313 -127.06102 -9.64301 -12.85636 -200.06619 -68.50555
26351 0.80680 NaN NaN NaN 213.08173 -77.32853 81.01810 312.31967 -151.17580 55.26149 NaN NaN NaN 77.58479 -126.99533 -9.06399 -12.82868 -199.99129 -68.18445
26352 0.81514 NaN NaN NaN 212.41853 -78.78648 78.93147 312.54276 -151.90697 53.86655 NaN NaN NaN 77.60928 -126.78135 -8.66633 -12.77804 -199.91205 -67.75948
26353 0.82349 NaN NaN NaN 211.84909 -80.39754 76.45004 312.59653 -152.89223 52.04379 NaN NaN NaN 77.78621 -126.38524 -8.39307 -12.60012 -199.82704 -67.18868
26354 0.83184 NaN NaN NaN 211.20375 -82.21588 73.64539 312.56311 -154.13910 49.88953 NaN NaN NaN 78.02382 -125.92765 -8.27288 -12.39891 -199.70415 -66.62475
26355 0.84018 NaN NaN NaN 210.58429 -84.21555 70.64990 312.46021 -155.49962 47.24048 NaN NaN NaN 78.33253 -125.48540 -8.25381 -12.09577 -199.61644 -66.14078
26356 0.84853 NaN NaN NaN 209.94646 -86.41095 67.26218 312.29596 -157.08267 44.15686 NaN NaN NaN 78.61298 -125.01228 -8.32246 -11.82553 -199.51952 -65.74606
26357 0.85688 NaN NaN NaN 209.26178 -88.89626 63.74115 312.17899 -158.78705 40.77190 NaN NaN NaN 78.92009 -124.58946 -8.50278 -11.54480 -199.44116 -65.46731
26358 0.86522 NaN NaN NaN 208.61945 -91.37139 60.08113 312.01102 -160.65707 37.01534 NaN NaN NaN 79.24688 -124.28111 -8.77413 -11.25511 -199.38599 -65.22297
26359 0.87357 NaN NaN NaN 208.12752 -94.06118 56.20952 311.85321 -162.64746 32.93801 NaN NaN NaN 79.57354 -123.90796 -9.14966 -11.00498 -199.42026 -65.01370
26360 0.88192 NaN NaN NaN 207.65559 -96.89983 52.18833 311.70517 -164.78195 28.54106 NaN NaN NaN 79.81775 -123.64124 -9.58557 -10.81791 -199.50917 -64.88802
26361 0.89026 NaN NaN NaN 207.16098 -99.83543 47.96056 311.61499 -166.91664 23.99671 NaN NaN NaN 80.03405 -123.44154 -10.00374 -10.62984 -199.64877 -64.82565
26362 0.89861 NaN NaN NaN 206.70598 -102.96474 43.95508 311.54376 -169.10886 19.42292 NaN NaN NaN 80.19504 -123.39251 -10.31716 -10.46211 -199.80490 -64.84756
26363 0.90696 NaN NaN NaN 206.01993 -106.12349 39.45980 311.46487 -171.42110 14.79715 NaN NaN NaN 80.30071 -123.48738 -10.49209 -10.34316 -199.92763 -64.96994
26364 0.91530 NaN NaN NaN 205.14169 -109.40849 34.54869 311.40866 -173.52168 10.13761 NaN NaN NaN 80.23898 -124.04051 -10.52525 -10.27848 -200.04207 -65.21586
26365 0.92365 NaN NaN NaN 204.39403 -112.71013 29.64534 311.36951 -175.84647 5.59930 NaN NaN NaN 80.19769 -124.33250 -10.20370 -10.26925 -200.16966 -65.53883
26366 0.93200 NaN NaN NaN 203.59929 -116.01642 24.80455 311.31042 -178.22598 0.99791 NaN NaN NaN 80.03362 -124.80456 -9.68053 -10.26139 -200.30670 -65.96493
26367 0.94034 NaN NaN NaN 202.90877 -119.68773 19.85149 311.28226 -180.78302 -3.71116 NaN NaN NaN 79.83759 -125.36148 -9.04216 -10.24896 -200.32957 -66.44685
26368 0.94869 NaN NaN NaN 202.20277 -123.59461 14.63049 311.23370 -183.48695 -8.46248 NaN NaN NaN 79.60175 -125.99238 -8.26460 -10.25369 -200.39502 -66.97809
26369 0.95703 NaN NaN NaN 201.45709 -127.61700 9.38640 311.15231 -186.41505 -13.39448 NaN NaN NaN 79.25661 -126.77206 -7.45962 -10.27178 -200.52356 -67.41900
26370 0.96538 NaN NaN NaN 200.71072 -131.77386 4.25395 311.07397 -189.33728 -18.58502 NaN NaN NaN 78.86060 -127.58799 -6.55426 -10.27922 -200.56091 -67.97776
26371 0.97373 NaN NaN NaN 199.86613 -135.77573 -0.86050 310.79266 -192.04890 -24.17854 NaN NaN NaN 78.37956 -128.55322 -5.55371 -10.31838 -200.37370 -68.80103
26372 0.98207 NaN NaN NaN 199.14320 -139.25850 -5.30160 310.46268 -194.33041 -29.46362 NaN NaN NaN 77.91042 -129.58702 -4.61658 -10.41580 -200.09181 -69.80228
26373 0.99042 NaN NaN NaN 199.29964 -141.04634 -6.66389 310.28513 -195.39449 -32.42640 NaN NaN NaN 77.40327 -130.53053 -3.77903 -10.66726 -199.78423 -70.56284
26374 0.99877 NaN NaN NaN 199.85416 -140.49657 -5.53417 310.07474 -195.86719 -33.56842 NaN NaN NaN 77.10588 -131.15024 -3.27269 -11.10246 -199.60919 -70.57080
26375 1.00711 NaN NaN NaN 199.85536 -139.84700 -4.04302 309.57831 -196.13361 -32.33061 NaN NaN NaN 76.85621 -131.24599 -2.95753 -11.51203 -199.65419 -69.96124
26376 1.01546 NaN NaN NaN 199.70421 -139.57947 -1.60277 309.32941 -195.64267 -30.53247 NaN NaN NaN 76.62957 -131.10231 -2.64489 -11.86001 -199.99446 -69.04370
26377 1.02381 NaN NaN NaN 199.94943 -139.17792 1.39919 309.20587 -195.19379 -28.95329 NaN NaN NaN 76.34480 -131.02740 -2.00340 -12.02278 -200.39114 -68.28210
26378 1.03215 NaN NaN NaN 200.50990 -138.68791 4.59059 309.08936 -195.06932 -27.83589 NaN NaN NaN 75.82515 -131.30470 -0.71781 -12.01017 -200.60382 -67.96772
26379 1.04050 NaN NaN NaN 201.44485 -138.47937 7.95808 308.96667 -195.10727 -27.42334 NaN NaN NaN 75.26224 -131.91481 1.09947 -11.91991 -200.47011 -67.73438
26380 1.04885 NaN NaN NaN 202.73640 -138.60373 11.53441 308.86212 -195.23042 -27.90170 NaN NaN NaN 74.81084 -132.56622 3.19632 -11.84091 -200.14899 -67.16220
26381 1.05719 NaN NaN NaN 204.38475 -139.05199 15.21753 308.75385 -195.41406 -29.09112 NaN NaN NaN 74.49959 -133.01810 5.22482 -11.75697 -199.89487 -66.06252
26382 1.06554 NaN NaN NaN 206.39162 -139.74875 18.87258 308.58661 -195.54633 -30.81780 NaN NaN NaN 74.33992 -133.10002 7.18991 -11.66982 -199.75157 -64.50764
26383 1.07389 NaN NaN NaN 208.60799 -140.54774 22.26464 308.38412 -195.60472 -32.97538 NaN NaN NaN 74.19201 -132.87390 9.05633 -11.54060 -199.70143 -62.83366
26384 1.08223 NaN NaN NaN 210.94612 -141.43883 25.24722 307.93768 -195.63448 -35.40788 NaN NaN NaN 73.97662 -132.53915 10.96997 -11.43439 -199.62273 -61.22992
26385 1.09058 NaN NaN NaN 213.20132 -142.27092 27.68433 307.55917 -195.13202 -37.95231 NaN NaN NaN 73.65942 -132.17456 12.91194 -11.37538 -199.48686 -59.70616
26386 1.09893 NaN NaN NaN 215.40335 -142.92438 29.56265 307.21927 -194.30646 -40.60364 NaN NaN NaN 73.23147 -131.84959 14.86887 -11.32430 -199.15552 -58.39089
26387 1.10727 NaN NaN NaN 217.41776 -143.47154 31.12845 306.84207 -193.36842 -43.04546 NaN NaN NaN 72.63927 -131.54828 16.90708 -11.33795 -198.66684 -57.21043
26388 1.11562 NaN NaN NaN 219.26024 -143.93141 32.33480 306.42651 -192.49460 -45.21626 NaN NaN NaN 71.94122 -131.28554 18.90976 -11.36497 -198.15919 -56.11475
26389 1.12397 NaN NaN NaN 220.89000 -144.17407 33.32431 306.09875 -191.78967 -46.92276 NaN NaN NaN 71.15046 -131.02808 20.80941 -11.43741 -197.66805 -55.08555
26390 1.13231 NaN NaN NaN 222.34425 -144.23061 34.16089 305.79572 -191.24695 -48.14261 NaN NaN NaN 70.27824 -130.76497 22.70723 -11.60006 -197.17174 -54.09666
26391 1.14066 NaN NaN NaN 223.63002 -144.18414 35.00970 305.53268 -190.75792 -49.00552 NaN NaN NaN 69.24981 -130.51018 24.57593 -11.84173 -196.77675 -53.32555
26392 1.14901 NaN NaN NaN 224.80528 -144.06186 35.86509 305.31943 -190.37904 -49.61553 NaN NaN NaN 68.08676 -130.31758 26.41185 -12.10169 -196.28720 -52.67873
26393 1.15735 NaN NaN NaN 225.90401 -143.98706 36.75634 305.06595 -190.00609 -50.18847 NaN NaN NaN 66.75906 -130.20541 28.23661 -12.49080 -195.79512 -52.13888
26394 1.16570 NaN NaN NaN 226.96477 -144.09981 37.61066 304.75623 -189.64903 -50.78846 NaN NaN NaN 65.34186 -130.16438 30.07704 -12.90955 -195.14594 -51.60801
26395 1.17405 NaN NaN NaN 228.06776 -144.39046 38.50891 304.34146 -189.20123 -51.59888 NaN NaN NaN 63.77465 -130.18365 31.87896 -13.39057 -194.40892 -51.27829
26396 1.18239 NaN NaN NaN 229.19426 -144.86496 39.34651 303.83319 -188.70966 -52.56755 NaN NaN NaN 62.06030 -130.25215 33.62819 -13.99310 -193.72235 -51.15162
26397 1.19074 NaN NaN NaN 230.28198 -145.48328 40.00489 303.39682 -188.19057 -53.54911 NaN NaN NaN 60.26801 -130.35403 35.29893 -14.62081 -193.06155 -51.09685
26398 1.19909 NaN NaN NaN 231.25182 -146.06134 40.55603 303.00491 -187.69362 -54.55214 NaN NaN NaN 58.50009 -130.41026 36.82817 -15.25179 -192.37276 -50.95330
26399 1.20743 NaN NaN NaN 232.18364 -146.59758 40.89714 302.57169 -187.20665 -55.57088 NaN NaN NaN 56.78648 -130.34715 38.21712 -15.93420 -191.67747 -50.70326
26400 1.21578 NaN NaN NaN 233.00317 -147.09731 41.17603 302.13623 -186.78731 -56.58254 NaN NaN NaN 55.20906 -130.06406 39.41652 -16.63557 -191.07755 -50.48021
26401 1.22412 NaN NaN NaN 233.71204 -147.50494 41.40994 301.73630 -186.48218 -57.44688 NaN NaN NaN 53.69553 -129.62807 40.47248 -17.33216 -190.50790 -50.22899
26402 1.23247 NaN NaN NaN 234.10339 -147.83830 41.52018 301.37949 -186.19202 -58.14060 NaN NaN NaN 52.26220 -129.06017 41.44445 -18.02111 -189.92538 -49.93294
26403 1.24082 NaN NaN NaN 234.11327 -147.89334 41.34374 301.12576 -185.95796 -58.49662 NaN NaN NaN 50.85100 -128.52359 42.33524 -18.63130 -189.34351 -49.66860
26404 1.24916 NaN NaN NaN 233.62192 -147.68654 40.90199 300.97211 -185.89598 -58.56892 NaN NaN NaN 49.48695 -128.01836 43.26331 -19.08377 -188.70476 -49.53017
26405 1.25751 NaN NaN NaN 232.69803 -147.31532 40.25967 300.95969 -185.92885 -58.46078 NaN NaN NaN 48.12236 -127.64706 44.27122 -19.31520 -187.97920 -49.59541
26406 1.26586 NaN NaN NaN 231.49484 -146.74754 39.43050 300.97687 -186.06831 -58.26628 NaN NaN NaN 46.88614 -127.37169 45.32019 -19.37119 -187.21054 -49.75187
26407 1.27420 NaN NaN NaN 230.03322 -146.02936 38.33596 300.93158 -186.30815 -58.05825 NaN NaN NaN 45.90913 -127.10016 46.29002 -19.21786 -186.38165 -49.86879
26408 1.28255 NaN NaN NaN 228.30959 -145.22182 37.09407 300.83356 -186.45320 -57.69253 NaN NaN NaN 45.21987 -126.73468 47.12633 -18.92315 -185.55467 -49.81953
26409 1.29090 NaN NaN NaN 226.28616 -144.22583 35.67036 300.68723 -186.58395 -57.19476 NaN NaN NaN 44.93341 -126.02440 47.81203 -18.47017 -184.79211 -49.59155
26410 1.29924 NaN NaN NaN 224.08022 -143.00311 34.08617 300.43643 -186.61113 -56.58127 NaN NaN NaN 45.11233 -125.02564 48.30434 -17.86367 -184.13118 -49.18938
26411 1.30759 NaN NaN NaN 221.78575 -141.53462 32.46147 300.06992 -186.67680 -55.86949 NaN NaN NaN 45.77791 -123.71291 48.62169 -17.14381 -183.51402 -48.55205
26412 1.31594 NaN NaN NaN 219.45129 -139.94569 30.81407 299.56235 -186.65619 -55.06819 NaN NaN NaN 46.88301 -122.16282 48.68364 -16.34933 -182.92705 -47.74675
26413 1.32428 NaN NaN NaN 217.12794 -138.23196 29.16405 299.00348 -186.62790 -54.11580 NaN NaN NaN 48.33654 -120.50102 48.47110 -15.50541 -182.38821 -46.83089
26414 1.33263 NaN NaN NaN 214.75847 -136.47661 27.52267 298.40292 -186.54346 -52.98396 NaN NaN NaN 50.00600 -118.79128 48.13876 -14.57394 -181.82701 -45.91491
26415 1.34098 NaN NaN NaN 212.34354 -134.64420 25.74346 297.83972 -186.49706 -51.66206 NaN NaN NaN 51.88114 -117.02194 47.65527 -13.48994 -181.26985 -45.05856
26416 1.34932 NaN NaN NaN 209.86359 -132.68842 23.74297 297.31689 -186.63187 -49.97732 NaN NaN NaN 53.96368 -115.17211 46.96120 -12.38272 -180.69055 -44.21292
26417 1.35767 NaN NaN NaN 207.28951 -130.59329 21.47898 296.76834 -186.77760 -48.14362 NaN NaN NaN 56.31244 -113.22613 45.92013 -11.29152 -180.07774 -43.22855
26418 1.36602 NaN NaN NaN 204.61481 -128.41766 18.93775 296.16714 -186.71191 -46.17198 NaN NaN NaN 58.96116 -111.12192 44.50689 -10.17096 -179.50797 -42.27197
26419 1.37436 NaN NaN NaN 201.97037 -126.29944 16.27398 295.43860 -186.44617 -44.27640 NaN NaN NaN 61.76897 -108.90143 42.83373 -8.99707 -178.93773 -41.38522
26420 1.38271 NaN NaN NaN 199.54185 -124.34494 13.57844 294.71219 -186.07858 -42.51508 NaN NaN NaN 64.62099 -106.73158 40.87651 -7.76814 -178.38202 -40.64226
26421 1.39106 NaN NaN NaN 197.33418 -122.66930 11.12075 293.84457 -185.92087 -41.01176 NaN NaN NaN 67.39719 -104.63480 38.62753 -6.46919 -177.80998 -40.13950
26422 1.39940 NaN NaN NaN 195.37672 -121.29781 8.84713 293.10956 -185.46016 -39.68038 NaN NaN NaN 70.19062 -102.54964 36.01922 -5.09180 -177.23389 -39.87133
26423 1.40775 NaN NaN NaN 193.52933 -120.09536 6.74657 292.29285 -184.99428 -38.53915 NaN NaN NaN 73.13005 -100.30531 32.93512 -3.73202 -176.67709 -39.63124
26424 1.41610 NaN NaN NaN 191.81270 -118.96132 4.73787 291.40225 -184.59169 -37.44044 NaN NaN NaN 76.17680 -97.87322 29.16027 -2.35278 -176.20007 -39.45051
26425 1.42444 NaN NaN NaN 190.28807 -117.82278 2.89459 290.49979 -184.23358 -36.41165 NaN NaN NaN 79.17828 -95.29026 24.89257 -0.91245 -175.78152 -39.36040
26426 1.43279 NaN NaN NaN 188.98012 -116.79758 1.31005 289.68082 -183.95558 -35.44209 NaN NaN NaN 82.00681 -92.69822 20.28352 0.64527 -175.46701 -39.42112
26427 1.44114 NaN NaN NaN 187.94817 -115.94060 0.06710 288.99500 -183.77490 -34.60800 NaN NaN NaN 84.53465 -90.14317 15.58727 2.18635 -175.21434 -39.51478
26428 1.44948 NaN NaN NaN 187.23289 -115.28529 -0.75452 288.50519 -183.59439 -33.86513 NaN NaN NaN 86.70615 -87.80421 10.86045 3.63622 -174.95097 -39.66190
26429 1.45783 NaN NaN NaN 186.79292 -114.92391 -1.28234 288.24564 -183.51581 -33.34441 NaN NaN NaN 88.50867 -85.73886 6.32400 4.82234 -174.72157 -39.87795
26430 1.46617 NaN NaN NaN 186.64252 -114.71464 -1.60421 288.17154 -183.48772 -32.96561 NaN NaN NaN 89.90096 -84.17287 2.21883 5.67984 -174.56819 -40.16707
26431 1.47452 NaN NaN NaN 186.69411 -114.70273 -1.73832 288.27603 -183.50226 -32.80760 NaN NaN NaN 90.73217 -83.41370 -0.52262 6.10188 -174.33337 -41.41725
26432 1.48287 NaN NaN NaN 186.88490 -114.74089 -1.79634 288.48117 -183.51140 -32.80708 NaN NaN NaN 90.97664 -83.64081 -2.05859 6.08601 -174.11330 -43.59253
26433 1.49121 NaN NaN NaN 187.10472 -114.83309 -1.81476 288.68701 -183.47163 -32.94777 NaN NaN NaN 90.87864 -84.46654 -3.44888 5.71705 -174.24576 -45.30782
26434 1.49956 NaN NaN NaN 187.32677 -114.83809 -1.80051 288.85562 -183.45622 -33.16482 NaN NaN NaN 90.69275 -85.28644 -4.97255 5.29571 -174.69028 -46.16535
26435 1.50791 NaN NaN NaN 187.47968 -114.78819 -1.80253 288.97186 -183.44252 -33.43408 NaN NaN NaN 90.57980 -85.84238 -6.48576 5.02066 -175.43803 -46.55497
26436 1.51625 NaN NaN NaN 187.53755 -114.71786 -1.77773 289.00073 -183.33096 -33.70928 NaN NaN NaN 90.49614 -86.21562 -7.92133 4.79215 -176.32722 -46.77486
26437 1.52460 NaN NaN NaN 187.50539 -114.60632 -1.77147 288.92267 -183.17104 -33.85964 NaN NaN NaN 90.43015 -86.65919 -9.09083 4.53813 -177.19623 -47.18069
26438 1.53295 NaN NaN NaN 187.33623 -114.43985 -1.86666 288.76392 -182.99947 -33.83914 NaN NaN NaN 90.35989 -87.40482 -10.00094 4.16749 -177.93674 -47.86882
26439 1.54129 NaN NaN NaN 187.07796 -114.18826 -2.03664 288.49829 -182.81723 -33.64775 NaN NaN NaN 90.31218 -88.29488 -10.67911 3.83753 -178.55008 -48.58269
26440 1.54964 NaN NaN NaN 186.79144 -113.81979 -2.27675 288.22061 -182.62575 -33.42911 NaN NaN NaN 90.22405 -89.14820 -11.48432 3.55889 -179.11804 -49.11316
26441 1.55799 NaN NaN NaN 186.50735 -113.43645 -2.43285 287.91788 -182.41742 -33.18839 NaN NaN NaN 90.18027 -89.79488 -12.39723 3.34840 -179.68181 -49.46392
26442 1.56633 NaN NaN NaN 186.26430 -113.04118 -2.56321 287.68677 -182.25511 -32.99331 NaN NaN NaN 90.16389 -90.23595 -13.28816 3.18862 -180.23456 -49.74272
26443 1.57468 NaN NaN NaN 186.04590 -112.64798 -2.66302 287.45062 -182.06664 -32.82800 NaN NaN NaN 90.17288 -90.56882 -14.06105 3.05084 -180.77933 -49.88246
26444 1.58303 NaN NaN NaN 185.86853 -112.31540 -2.76805 287.24997 -181.91158 -32.70300 NaN NaN NaN 90.14340 -90.84936 -14.71406 2.95184 -181.25192 -50.07787
26445 1.59137 NaN NaN NaN 185.70757 -112.08196 -2.90830 287.06870 -181.74184 -32.59604 NaN NaN NaN 90.13671 -91.12534 -15.26532 2.84202 -181.63376 -50.21037
26446 1.59972 NaN NaN NaN 185.56531 -111.81139 -3.13166 286.91937 -181.58887 -32.56338 NaN NaN NaN 90.10493 -91.40169 -15.59648 2.80112 -181.94633 -50.28203
26447 1.60807 NaN NaN NaN 185.46472 -111.63869 -3.29255 286.81912 -181.50851 -32.57336 NaN NaN NaN 90.09058 -91.65021 -15.81690 2.74193 -182.25233 -50.27274
26448 1.61641 NaN NaN NaN 185.37094 -111.59572 -3.43271 286.75583 -181.45340 -32.66109 NaN NaN NaN 90.06843 -91.86029 -15.93445 2.68284 -182.51729 -50.18322
26449 1.62476 NaN NaN NaN 185.33235 -111.59431 -3.52734 286.71124 -181.41716 -32.81549 NaN NaN NaN 90.01215 -92.04669 -15.98799 2.56798 -182.73056 -50.03215
26450 1.63311 NaN NaN NaN 185.32318 -111.61826 -3.52350 286.70331 -181.40959 -32.99458 NaN NaN NaN 89.95435 -92.23978 -15.93229 2.44915 -182.88918 -49.73615
26451 1.64145 NaN NaN NaN 185.32443 -111.67292 -3.46077 286.68112 -181.42477 -33.16716 NaN NaN NaN 89.87925 -92.40934 -15.75976 2.33455 -183.11024 -49.43667
26452 1.64980 NaN NaN NaN 185.34358 -111.77357 -3.38160 286.64066 -181.46274 -33.27587 NaN NaN NaN 89.80215 -92.62534 -15.56527 2.16415 -183.32140 -49.11810
26453 1.65815 NaN NaN NaN 185.31502 -111.88917 -3.26126 286.58966 -181.49344 -33.33435 NaN NaN NaN 89.65772 -92.82014 -15.30727 1.98867 -183.51022 -48.76116
26454 1.66649 NaN NaN NaN 185.26108 -112.02704 -3.15519 286.53860 -181.53374 -33.39530 NaN NaN NaN 89.51131 -93.04132 -15.02604 1.79854 -183.69875 -48.43730
26455 1.67484 NaN NaN NaN 185.20132 -112.13371 -3.01805 286.47433 -181.57576 -33.49741 NaN NaN NaN 89.39182 -93.32506 -14.74142 1.56294 -183.92705 -48.20583
26456 1.68319 NaN NaN NaN 185.12340 -112.23988 -2.89344 286.38129 -181.59613 -33.55554 NaN NaN NaN 89.21336 -93.68687 -14.42322 1.31573 -184.12892 -48.03835
26457 1.69153 NaN NaN NaN 185.05537 -112.26830 -2.82633 286.29224 -181.63812 -33.59847 NaN NaN NaN 89.05592 -94.07954 -14.06634 1.06952 -184.26695 -47.91338
26458 1.69988 NaN NaN NaN 184.91440 -112.38400 -2.74324 286.17700 -181.66960 -33.58664 NaN NaN NaN 88.86874 -94.43475 -13.78510 0.77916 -184.44682 -47.85499
26459 1.70823 NaN NaN NaN 184.78862 -112.47905 -2.68448 286.05853 -181.68613 -33.57455 NaN NaN NaN 88.66154 -94.75521 -13.59073 0.52014 -184.57703 -47.90972
26460 1.71657 NaN NaN NaN 184.66415 -112.49824 -2.66437 285.93298 -181.69307 -33.58578 NaN NaN NaN 88.42812 -95.00547 -13.44018 0.26778 -184.69286 -48.09552
26461 1.72492 NaN NaN NaN 184.51221 -112.56426 -2.69687 285.79318 -181.70723 -33.59827 NaN NaN NaN 88.19662 -95.21307 -13.33813 0.01002 -184.78149 -48.40651
26462 1.73326 NaN NaN NaN 184.38487 -112.61296 -2.72287 285.69385 -181.78044 -33.55481 NaN NaN NaN 87.98245 -95.47408 -13.30118 -0.24801 -184.81070 -48.78248
26463 1.74161 NaN NaN NaN 184.27455 -112.58833 -2.80954 285.61679 -181.81895 -33.51836 NaN NaN NaN 87.75781 -95.72183 -13.31170 -0.51444 -184.83968 -49.36042
26464 1.74996 NaN NaN NaN 184.12996 -112.54905 -2.84993 285.48523 -181.83131 -33.43375 NaN NaN NaN 87.47441 -95.95665 -13.37823 -0.77557 -184.80759 -49.96441
26465 1.75830 NaN NaN NaN 183.95432 -112.49724 -2.91491 285.33176 -181.80145 -33.37465 NaN NaN NaN 87.19392 -96.17941 -13.48029 -1.03487 -184.79796 -50.65474
26466 1.76665 NaN NaN NaN 183.80586 -112.38220 -3.02321 285.18842 -181.73982 -33.30378 NaN NaN NaN 86.90694 -96.34538 -13.56231 -1.30443 -184.74881 -51.30437
26467 1.77500 NaN NaN NaN 183.70413 -112.20818 -3.10630 285.03378 -181.69197 -33.26460 NaN NaN NaN 86.63841 -96.51373 -13.61746 -1.55638 -184.73550 -51.91809
26468 1.78334 NaN NaN NaN 183.58041 -112.11021 -3.11730 284.83774 -181.66367 -33.27198 NaN NaN NaN 86.36937 -96.62585 -13.60478 -1.76019 -184.71004 -52.38599
26469 1.79169 NaN NaN NaN 183.46825 -112.02638 -3.06999 284.68219 -181.65294 -33.31992 NaN NaN NaN 86.15141 -96.75332 -13.51904 -1.93612 -184.73024 -52.67006
26470 1.80004 NaN NaN NaN 183.39030 -111.98540 -2.97437 284.55484 -181.62827 -33.36862 NaN NaN NaN 85.88810 -96.88700 -13.32683 -2.13972 -184.77281 -52.79111
26471 1.80838 NaN NaN NaN 183.38652 -111.91344 -2.81238 284.45557 -181.59305 -33.45931 NaN NaN NaN 85.57953 -97.05354 -12.95349 -2.36981 -184.86224 -52.78852
26472 1.81673 NaN NaN NaN 183.38884 -111.91039 -2.63026 284.40915 -181.56326 -33.56881 NaN NaN NaN 85.23131 -97.31511 -12.36957 -2.63769 -184.97179 -52.70486
26473 1.82508 NaN NaN NaN 183.40489 -111.96638 -2.43787 284.39462 -181.57771 -33.67810 NaN NaN NaN 84.83208 -97.65598 -11.57232 -2.98524 -185.12012 -52.58791
26474 1.83342 NaN NaN NaN 183.47954 -112.10105 -2.20525 284.40164 -181.61964 -33.80638 NaN NaN NaN 84.37486 -98.08344 -10.70610 -3.36454 -185.29695 -52.43402
26475 1.84177 NaN NaN NaN 183.61919 -112.33467 -1.91812 284.44998 -181.70648 -33.97926 NaN NaN NaN 83.90972 -98.51128 -9.74232 -3.73497 -185.44762 -52.19756
26476 1.85012 NaN NaN NaN 183.79893 -112.55290 -1.52063 284.55606 -181.76273 -34.20070 NaN NaN NaN 83.49171 -98.93851 -8.85960 -4.08802 -185.60527 -51.79142
26477 1.85846 NaN NaN NaN 183.89865 -112.82181 -1.22033 284.65012 -181.80061 -34.33402 NaN NaN NaN 83.04908 -99.31106 -8.01622 -4.48001 -185.78012 -51.42653
26478 1.86681 NaN NaN NaN 183.87842 -113.01274 -1.11802 284.70679 -181.79877 -34.30598 NaN NaN NaN 82.66121 -99.65566 -7.15894 -4.88774 -185.90147 -51.01950
26479 1.87516 NaN NaN NaN 183.78867 -113.03165 -1.19147 284.66705 -181.78770 -34.15060 NaN NaN NaN 82.28486 -99.88890 -6.36647 -5.32336 -186.07445 -50.47393
26480 1.88350 NaN NaN NaN 183.63124 -112.89067 -1.42233 284.57385 -181.73160 -33.92309 NaN NaN NaN 81.89430 -100.14462 -5.59046 -5.68433 -186.23976 -49.91985
26481 1.89185 NaN NaN NaN 183.36241 -112.72211 -1.74405 284.42728 -181.67000 -33.70313 NaN NaN NaN 81.49215 -100.36943 -4.66926 -5.99965 -186.30836 -49.43010
26482 1.90020 NaN NaN NaN 183.07184 -112.48673 -2.00222 284.23676 -181.64767 -33.53208 NaN NaN NaN 81.07977 -100.62092 -3.67072 -6.25294 -186.35841 -49.11095
26483 1.90854 NaN NaN NaN 182.75783 -112.21828 -2.35252 283.94281 -181.54660 -33.43311 NaN NaN NaN 80.73325 -100.82631 -2.59371 -6.47988 -186.27643 -48.84853
26484 1.91689 NaN NaN NaN 182.38243 -111.95848 -2.68780 283.66571 -181.42923 -33.29028 NaN NaN NaN 80.43456 -100.94928 -1.52171 -6.62695 -186.12326 -48.51002
26485 1.92524 NaN NaN NaN 181.99388 -111.75806 -3.04663 283.35477 -181.25482 -33.16407 NaN NaN NaN 80.19305 -100.97237 -0.53039 -6.74505 -185.91162 -48.08160
26486 1.93358 NaN NaN NaN 181.61958 -111.60114 -3.35735 283.07181 -181.11217 -33.02338 NaN NaN NaN 80.01999 -100.83886 0.41368 -6.81406 -185.64388 -47.56540
26487 1.94193 NaN NaN NaN 181.27295 -111.33667 -3.72040 282.79510 -180.95567 -32.90534 NaN NaN NaN 79.88203 -100.60416 1.38308 -6.82599 -185.35007 -46.90081
26488 1.95028 NaN NaN NaN 180.93706 -111.07561 -4.11992 282.52283 -180.79471 -32.73862 NaN NaN NaN 79.75161 -100.28281 2.22551 -6.83442 -185.07709 -46.15789
26489 1.95862 NaN NaN NaN 180.61702 -110.76727 -4.52405 282.30383 -180.58897 -32.50068 NaN NaN NaN 79.69334 -99.86895 3.19064 -6.84804 -184.72650 -45.33557
26490 1.96697 NaN NaN NaN 180.35446 -110.37254 -5.08673 282.11938 -180.42583 -32.22089 NaN NaN NaN 79.61012 -99.39423 4.13171 -6.80394 -184.32765 -44.41313
26491 1.97531 NaN NaN NaN 180.08194 -110.12545 -5.55683 281.96371 -180.28922 -32.06180 NaN NaN NaN 79.53748 -98.88966 5.11572 -6.75918 -183.91374 -43.43462
26492 1.98366 NaN NaN NaN 179.84802 -109.91983 -6.00976 281.85800 -180.17184 -31.97153 NaN NaN NaN 79.50108 -98.31052 6.03486 -6.70182 -183.48463 -42.40341
26493 1.99201 NaN NaN NaN 179.68347 -109.61758 -6.51564 281.72110 -180.03119 -31.93673 NaN NaN NaN 79.50682 -97.68702 6.87430 -6.63816 -183.04559 -41.29652
26494 2.00035 NaN NaN NaN 179.55724 -109.37875 -6.84027 281.59219 -179.85693 -31.88973 NaN NaN NaN 79.52604 -96.98178 7.60863 -6.56585 -182.64912 -40.12867
26495 2.00870 NaN NaN NaN 179.39360 -109.09473 -7.25732 281.47305 -179.68767 -31.78947 NaN NaN NaN 79.58291 -96.24696 8.20180 -6.53008 -182.28015 -38.82867
26496 2.01705 NaN NaN NaN 179.23831 -108.71462 -7.72666 281.29999 -179.47621 -31.68375 NaN NaN NaN 79.71110 -95.62533 8.83286 -6.48965 -181.96802 -37.61301
26497 2.02539 NaN NaN NaN 179.08083 -108.34330 -8.12334 281.16241 -179.27945 -31.56731 NaN NaN NaN 79.80875 -95.04781 9.36751 -6.45974 -181.69170 -36.42030
26498 2.03374 NaN NaN NaN 178.90315 -107.94611 -8.50556 281.02808 -179.10422 -31.48131 NaN NaN NaN 79.89659 -94.58245 9.94434 -6.43771 -181.45854 -35.39333
26499 2.04209 NaN NaN NaN 178.76346 -107.58041 -8.85933 280.84955 -178.89967 -31.39380 NaN NaN NaN 79.91756 -94.22118 10.56029 -6.44191 -181.19586 -34.57058
26500 2.05043 NaN NaN NaN 178.62645 -107.35235 -9.12398 280.72882 -178.74980 -31.29120 NaN NaN NaN 79.88740 -93.98457 11.18605 -6.45272 -180.87277 -34.02083
26501 2.05878 NaN NaN NaN 178.50165 -107.17047 -9.38110 280.60556 -178.66757 -31.21336 NaN NaN NaN 79.81088 -93.81488 11.86658 -6.49863 -180.54488 -33.65776
26502 2.06713 NaN NaN NaN 178.34186 -106.97603 -9.62231 280.46008 -178.57114 -31.13742 NaN NaN NaN 79.78352 -93.65221 12.54631 -6.50335 -180.22569 -33.35567
26503 2.07547 NaN NaN NaN 178.25435 -106.80220 -9.77611 280.31775 -178.46919 -31.10333 NaN NaN NaN 79.77456 -93.47413 13.04109 -6.43459 -179.92039 -33.11858
26504 2.08382 NaN NaN NaN 178.19582 -106.54767 -9.90047 280.15848 -178.40953 -31.09790 NaN NaN NaN 79.86086 -93.22478 13.49620 -6.31870 -179.62604 -32.77727
26505 2.09217 NaN NaN NaN 178.13477 -106.38313 -9.96706 280.02115 -178.38554 -31.16532 NaN NaN NaN 79.97519 -92.87788 13.92422 -6.14303 -179.31180 -32.38563
26506 2.10051 NaN NaN NaN 178.08693 -106.25983 -10.02171 279.90659 -178.35187 -31.23280 NaN NaN NaN 80.09422 -92.39561 14.22422 -5.94490 -178.97530 -31.94066
26507 2.10886 NaN NaN NaN 178.02483 -106.21479 -10.05760 279.82471 -178.39845 -31.28148 NaN NaN NaN 80.35645 -91.88169 14.64845 -5.66377 -178.60152 -31.49310
26508 2.11721 NaN NaN NaN 178.01595 -106.22931 -10.03667 279.77289 -178.43605 -31.32468 NaN NaN NaN 80.60903 -91.33749 14.94283 -5.30279 -178.19963 -31.01638
26509 2.12555 NaN NaN NaN 178.03777 -106.26420 -9.99831 279.77594 -178.51369 -31.42875 NaN NaN NaN 80.87829 -90.78098 15.28814 -4.91348 -177.76312 -30.63233
26510 2.13390 NaN NaN NaN 178.10728 -106.38898 -9.88376 279.79678 -178.58504 -31.53834 NaN NaN NaN 81.19216 -90.20788 15.68273 -4.50188 -177.27859 -30.27671
26511 2.14225 NaN NaN NaN 178.17337 -106.53960 -9.72294 279.83701 -178.65747 -31.64325 NaN NaN NaN 81.51199 -89.68416 15.98104 -4.05778 -176.83881 -30.01689
26512 2.15059 NaN NaN NaN 178.30319 -106.75157 -9.45859 279.95370 -178.80673 -31.73197 NaN NaN NaN 81.81246 -89.10563 16.16871 -3.58470 -176.43515 -29.75884
26513 2.15894 NaN NaN NaN 178.50801 -106.98206 -9.08750 280.12143 -178.95076 -31.80670 NaN NaN NaN 82.14633 -88.46127 16.30782 -3.13209 -176.01335 -29.45307
26514 2.16729 NaN NaN NaN 178.73921 -107.33430 -8.65182 280.31161 -179.12851 -31.88912 NaN NaN NaN 82.49220 -87.89169 16.38585 -2.71351 -175.65511 -29.14852
26515 2.17563 NaN NaN NaN 179.01857 -107.63053 -8.20972 280.51889 -179.32016 -31.97049 NaN NaN NaN 82.81934 -87.36980 16.39924 -2.32416 -175.33490 -28.93377
26516 2.18398 NaN NaN NaN 179.32028 -107.89382 -7.76322 280.73642 -179.53340 -32.05800 NaN NaN NaN 83.07962 -86.91824 16.39712 -1.96954 -175.07515 -28.85728
26517 2.19233 NaN NaN NaN 179.55092 -108.24641 -7.22282 280.95914 -179.71741 -32.12448 NaN NaN NaN 83.32308 -86.51553 16.27313 -1.60303 -174.83714 -28.84733
26518 2.20067 NaN NaN NaN 179.82085 -108.53904 -6.73453 281.19614 -179.88576 -32.19573 NaN NaN NaN 83.53223 -86.20692 15.95693 -1.35901 -174.64021 -28.83172
26519 2.20902 NaN NaN NaN 180.09879 -108.79164 -6.26185 281.39474 -180.01616 -32.27945 NaN NaN NaN 83.68223 -85.87445 15.49774 -1.18609 -174.53896 -28.89463
26520 2.21737 NaN NaN NaN 180.34471 -109.08792 -5.74714 281.57697 -180.17325 -32.41337 NaN NaN NaN 83.81046 -85.75688 15.02180 -1.03992 -174.51138 -29.12653
26521 2.22571 NaN NaN NaN 180.61215 -109.28564 -5.35040 281.74725 -180.28455 -32.51276 NaN NaN NaN 83.88283 -85.76847 14.50454 -1.02378 -174.59543 -29.46712
26522 2.23406 NaN NaN NaN 180.83963 -109.49837 -4.94368 281.89832 -180.38783 -32.61024 NaN NaN NaN 83.86322 -85.91997 14.00589 -1.14197 -174.75478 -30.00168
26523 2.24240 NaN NaN NaN 181.05399 -109.62411 -4.56154 282.04456 -180.43654 -32.70682 NaN NaN NaN 83.72635 -86.30669 13.52699 -1.31886 -174.98799 -30.67698
26524 2.25075 NaN NaN NaN 181.27798 -109.69546 -4.33156 282.13806 -180.47548 -32.81383 NaN NaN NaN 83.52514 -86.78676 13.02563 -1.54102 -175.28603 -31.36620
26525 2.25910 NaN NaN NaN 181.45128 -109.72193 -4.17794 282.22437 -180.47993 -32.94300 NaN NaN NaN 83.31594 -87.31838 12.49732 -1.82447 -175.63557 -32.12183
26526 2.26744 NaN NaN NaN 181.54729 -109.76066 -4.02780 282.31015 -180.51520 -33.06914 NaN NaN NaN 83.10005 -87.93405 11.96385 -2.12842 -176.06052 -32.85512
26527 2.27579 NaN NaN NaN 181.63406 -109.78429 -3.87825 282.35159 -180.56421 -33.18450 NaN NaN NaN 82.86578 -88.56888 11.43847 -2.45981 -176.52777 -33.46004
26528 2.28414 NaN NaN NaN 181.66408 -109.91175 -3.74147 282.34537 -180.56703 -33.29794 NaN NaN NaN 82.62188 -89.22065 10.96697 -2.81951 -177.01932 -33.99456
26529 2.29248 NaN NaN NaN 181.70117 -110.02757 -3.67079 282.34631 -180.60323 -33.42147 NaN NaN NaN 82.42377 -89.79944 10.54546 -3.18944 -177.49059 -34.40760
26530 2.30083 NaN NaN NaN 181.71753 -110.12386 -3.63316 282.34915 -180.64268 -33.59596 NaN NaN NaN 82.17986 -90.38844 10.11841 -3.51448 -178.00690 -34.73671
26531 2.30918 NaN NaN NaN 181.73520 -110.24279 -3.61480 282.32886 -180.70097 -33.79918 NaN NaN NaN 81.99023 -90.93188 9.74166 -3.85073 -178.51291 -35.02831
26532 2.31752 NaN NaN NaN 181.71599 -110.33469 -3.57876 282.31870 -180.79832 -33.94499 NaN NaN NaN 81.85834 -91.53500 9.39506 -4.13061 -179.00815 -35.21546
26533 2.32587 NaN NaN NaN 181.70531 -110.48872 -3.55740 282.29901 -180.89005 -34.07303 NaN NaN NaN 81.71009 -92.07821 9.11660 -4.40090 -179.50417 -35.39265
26534 2.33422 NaN NaN NaN 181.67302 -110.65053 -3.53626 282.26904 -180.98842 -34.19189 NaN NaN NaN 81.58172 -92.57262 8.78840 -4.63068 -179.96359 -35.55864
26535 2.34256 NaN NaN NaN 181.64412 -110.79152 -3.54768 282.24097 -181.08354 -34.27952 NaN NaN NaN 81.47404 -93.07498 8.37491 -4.86574 -180.41006 -35.78972
26536 2.35091 NaN NaN NaN 181.56693 -110.99865 -3.52978 282.21249 -181.15906 -34.35844 NaN NaN NaN 81.38790 -93.50220 7.85221 -5.07437 -180.81165 -36.14366
26537 2.35926 NaN NaN NaN 181.51651 -111.16089 -3.52092 282.18069 -181.22281 -34.39756 NaN NaN NaN 81.31637 -93.88384 7.25521 -5.26413 -181.19603 -36.54485
26538 2.36760 NaN NaN NaN 181.44055 -111.27764 -3.53713 282.14835 -181.27303 -34.41206 NaN NaN NaN 81.29527 -94.29167 6.44381 -5.42507 -181.55560 -37.08107
26539 2.37595 NaN NaN NaN 181.36752 -111.33225 -3.59766 282.08298 -181.30945 -34.38882 NaN NaN NaN 81.30380 -94.62688 5.47005 -5.65514 -181.90215 -37.57210
26540 2.38430 NaN NaN NaN 181.21693 -111.37243 -3.72882 282.01984 -181.34023 -34.32551 NaN NaN NaN 81.33180 -94.98601 4.36230 -5.85433 -182.30870 -38.17628
26541 2.39264 NaN NaN NaN 181.04248 -111.31648 -3.89892 281.93942 -181.35469 -34.25545 NaN NaN NaN 81.40897 -95.32506 3.20329 -6.00055 -182.69960 -38.80009
26542 2.40099 NaN NaN NaN 180.92941 -111.18024 -4.08516 281.83957 -181.33116 -34.17234 NaN NaN NaN 81.51033 -95.64239 1.94985 -6.15070 -183.05432 -39.57621
26543 2.40934 NaN NaN NaN 180.82213 -111.01850 -4.25187 281.73984 -181.24811 -34.03380 NaN NaN NaN 81.62292 -96.01188 0.61282 -6.28944 -183.38881 -40.46544
26544 2.41768 NaN NaN NaN 180.62018 -110.90327 -4.47428 281.65829 -181.13480 -33.87912 NaN NaN NaN 81.73991 -96.40493 -0.77455 -6.35908 -183.72963 -41.36135
26545 2.42603 NaN NaN NaN 180.47820 -110.77812 -4.69324 281.59204 -181.04961 -33.71841 NaN NaN NaN 81.86315 -96.75771 -2.18829 -6.45866 -184.02112 -42.22632
26546 2.43438 NaN NaN NaN 180.35529 -110.61729 -4.96847 281.53705 -180.97209 -33.53166 NaN NaN NaN 81.98730 -97.01662 -3.61362 -6.53940 -184.29556 -43.13371
26547 2.44272 NaN NaN NaN 180.24405 -110.45859 -5.21143 281.47586 -180.88115 -33.35511 NaN NaN NaN 82.12953 -97.22895 -5.12847 -6.64303 -184.65103 -44.02410
26548 2.45107 NaN NaN NaN 180.15485 -110.25054 -5.42978 281.41235 -180.80333 -33.24932 NaN NaN NaN 82.31860 -97.41537 -6.59675 -6.66802 -184.93022 -44.78734
26549 2.45942 NaN NaN NaN 180.10953 -110.00371 -5.61521 281.37784 -180.75000 -33.13244 NaN NaN NaN 82.51651 -97.57623 -8.16522 -6.69114 -185.18231 -45.54390
26550 2.46776 NaN NaN NaN 180.02078 -109.85439 -5.78032 281.29950 -180.66313 -33.00502 NaN NaN NaN 82.69137 -97.70915 -9.63784 -6.66606 -185.46829 -46.29366
26551 2.47611 NaN NaN NaN 179.93907 -109.59933 -6.05768 281.20065 -180.55667 -32.90144 NaN NaN NaN 82.83771 -97.79051 -11.03985 -6.67121 -185.74867 -46.87681
26552 2.48445 NaN NaN NaN 179.80733 -109.40108 -6.36706 281.09259 -180.48497 -32.78501 NaN NaN NaN 83.01177 -97.90585 -12.32990 -6.64673 -186.04027 -47.48707
26553 2.49280 NaN NaN NaN 179.72008 -109.19212 -6.60053 281.01126 -180.44110 -32.73634 NaN NaN NaN 83.18409 -98.01238 -13.46048 -6.56310 -186.26045 -48.05008
26554 2.50115 NaN NaN NaN 179.61258 -109.17466 -6.65463 280.90613 -180.35513 -32.72816 NaN NaN NaN 83.39180 -98.24024 -14.47293 -6.45731 -186.54346 -48.62129
26555 2.50949 NaN NaN NaN 179.55482 -109.14390 -6.69217 280.86884 -180.29915 -32.70116 NaN NaN NaN 83.58192 -98.55349 -15.30676 -6.40117 -186.82997 -49.17162
26556 2.51784 NaN NaN NaN 179.48824 -109.09991 -6.75100 280.81216 -180.27498 -32.68557 NaN NaN NaN 83.73904 -98.89820 -16.00073 -6.35364 -187.16187 -49.69987
26557 2.52619 NaN NaN NaN 179.40228 -109.03681 -6.83599 280.74146 -180.29082 -32.66354 NaN NaN NaN 83.83831 -99.22701 -16.66961 -6.32401 -187.46284 -50.11932
26558 2.53453 NaN NaN NaN 179.32988 -109.06598 -6.87134 280.66748 -180.29604 -32.68943 NaN NaN NaN 83.97401 -99.55926 -17.22802 -6.26941 -187.80197 -50.42318
26559 2.54288 NaN NaN NaN 179.25201 -109.12751 -6.86368 280.61642 -180.29752 -32.66524 NaN NaN NaN 84.06168 -99.97105 -17.70827 -6.28894 -188.21382 -50.74765
26560 2.55123 NaN NaN NaN 179.19229 -109.15665 -6.86119 280.56448 -180.29044 -32.67610 NaN NaN NaN 84.13760 -100.48423 -17.98994 -6.34415 -188.65123 -50.98558
26561 2.55957 NaN NaN NaN 179.10869 -109.15031 -6.92081 280.50616 -180.29506 -32.64275 NaN NaN NaN 84.17815 -101.05453 -18.19928 -6.41477 -189.11215 -51.16684
26562 2.56792 NaN NaN NaN 179.03137 -109.15643 -6.99340 280.42389 -180.29846 -32.58085 NaN NaN NaN 84.16583 -101.65865 -18.30231 -6.49194 -189.53107 -51.35670
26563 2.57627 NaN NaN NaN 178.92920 -109.12067 -7.06206 280.36462 -180.29469 -32.56595 NaN NaN NaN 84.16249 -102.18095 -18.40103 -6.59580 -189.96860 -51.50035
26564 2.58461 NaN NaN NaN 178.82735 -109.14169 -7.06384 280.29782 -180.31660 -32.56212 NaN NaN NaN 84.17194 -102.65883 -18.35384 -6.68085 -190.34766 -51.57458
26565 2.59296 NaN NaN NaN 178.74754 -109.20709 -6.96334 280.24478 -180.33963 -32.59858 NaN NaN NaN 84.17748 -103.21237 -18.34419 -6.74727 -190.73451 -51.71003
26566 2.60131 NaN NaN NaN 178.69952 -109.36095 -6.83254 280.22440 -180.36040 -32.64077 NaN NaN NaN 84.20141 -103.74409 -18.27495 -6.77651 -191.11130 -51.92411
26567 2.60965 NaN NaN NaN 178.67297 -109.48943 -6.71574 280.21417 -180.34187 -32.66766 NaN NaN NaN 84.19765 -104.28752 -18.22075 -6.83495 -191.52394 -52.09322
26568 2.61800 NaN NaN NaN 178.66443 -109.52977 -6.66863 280.19901 -180.32443 -32.66736 NaN NaN NaN 84.20621 -104.73010 -18.19190 -6.90178 -191.82971 -52.17098
26569 2.62635 NaN NaN NaN 178.64648 -109.52013 -6.65499 280.20242 -180.32010 -32.62841 NaN NaN NaN 84.19041 -105.10853 -18.19696 -6.93820 -192.11319 -52.22832
26570 2.63469 NaN NaN NaN 178.61430 -109.48732 -6.66768 280.20596 -180.34221 -32.58076 NaN NaN NaN 84.19357 -105.43716 -18.13794 -6.97618 -192.32730 -52.31370
26571 2.64304 NaN NaN NaN 178.59726 -109.45609 -6.66155 280.21555 -180.33630 -32.58347 NaN NaN NaN 84.20477 -105.67225 -18.08255 -7.01491 -192.51022 -52.41429
26572 2.65139 NaN NaN NaN 178.60330 -109.46523 -6.65794 280.21564 -180.34837 -32.59514 NaN NaN NaN 84.18904 -105.90561 -17.99287 -7.03764 -192.61386 -52.59237
26573 2.65973 NaN NaN NaN 178.62946 -109.48626 -6.63853 280.20901 -180.33067 -32.63341 NaN NaN NaN 84.15776 -106.07411 -17.90665 -7.05873 -192.70224 -52.80256
26574 2.66808 NaN NaN NaN 178.65691 -109.60232 -6.59741 280.22879 -180.34192 -32.70213 NaN NaN NaN 84.11283 -106.19075 -17.77842 -7.09688 -192.71097 -53.00292
26575 2.67643 NaN NaN NaN 178.72574 -109.63118 -6.57794 280.27756 -180.37228 -32.77342 NaN NaN NaN 84.09715 -106.30070 -17.62291 -7.13731 -192.67227 -53.18799
26576 2.68477 NaN NaN NaN 178.78207 -109.67574 -6.51963 280.30844 -180.39830 -32.87484 NaN NaN NaN 84.03920 -106.35385 -17.48483 -7.18399 -192.58847 -53.33903
26577 2.69312 NaN NaN NaN 178.87363 -109.66048 -6.48759 280.33734 -180.42101 -32.99619 NaN NaN NaN 83.92435 -106.40784 -17.21822 -7.21584 -192.47272 -53.55450
26578 2.70147 NaN NaN NaN 178.94136 -109.64798 -6.44264 280.33759 -180.44589 -33.09748 NaN NaN NaN 83.81092 -106.48922 -16.98109 -7.27931 -192.38672 -54.00048
26579 2.70981 NaN NaN NaN 178.97487 -109.61530 -6.42532 280.33560 -180.45912 -33.13409 NaN NaN NaN 83.71447 -106.55628 -16.85423 -7.35858 -192.32114 -54.37751
26580 2.71816 NaN NaN NaN 178.94284 -109.60592 -6.38978 280.31705 -180.43721 -33.09734 NaN NaN NaN 83.63776 -106.55183 -16.88600 -7.45553 -192.16754 -54.60497
26581 2.72651 NaN NaN NaN 178.90395 -109.54989 -6.38695 280.28967 -180.41537 -33.07106 NaN NaN NaN 83.51118 -106.44896 -17.01867 -7.52435 -192.05931 -54.81182
26582 2.73485 NaN NaN NaN 178.86865 -109.50034 -6.39774 280.23792 -180.37964 -32.99155 NaN NaN NaN 83.41821 -106.33905 -17.13109 -7.58371 -191.94470 -55.06852
26583 2.74320 NaN NaN NaN 178.76984 -109.39561 -6.45951 280.13333 -180.32283 -32.90237 NaN NaN NaN 83.27760 -106.24230 -17.26487 -7.67899 -191.83115 -55.36996
26584 2.75154 NaN NaN NaN 178.62511 -109.30166 -6.50781 280.03409 -180.29436 -32.75185 NaN NaN NaN 83.16732 -106.21001 -17.47934 -7.76606 -191.70653 -55.65212
26585 2.75989 NaN NaN NaN 178.52271 -109.16488 -6.63417 279.94217 -180.22821 -32.65223 NaN NaN NaN 83.02712 -106.16209 -17.72088 -7.88062 -191.63982 -56.05087
26586 2.76824 NaN NaN NaN 178.41531 -109.01160 -6.73171 279.84067 -180.17531 -32.57951 NaN NaN NaN 82.95009 -106.11983 -17.90192 -7.94685 -191.58188 -56.34680
26587 2.77658 NaN NaN NaN 178.31955 -108.87406 -6.80256 279.73215 -180.06902 -32.48270 NaN NaN NaN 82.83585 -106.01389 -18.11171 -7.98959 -191.53343 -56.56640
26588 2.78493 NaN NaN NaN 178.22310 -108.77399 -6.85806 279.62106 -179.99649 -32.37746 NaN NaN NaN 82.80209 -105.92330 -18.28598 -7.99566 -191.48524 -56.73589
26589 2.79328 NaN NaN NaN 178.12900 -108.67879 -6.92393 279.53583 -179.94516 -32.26205 NaN NaN NaN 82.75031 -105.86887 -18.58964 -8.01155 -191.47244 -56.92467
26590 2.80162 NaN NaN NaN 178.07574 -108.60013 -7.02394 279.48770 -179.91461 -32.21172 NaN NaN NaN 82.68806 -105.82358 -18.78134 -7.99751 -191.50206 -57.04734
26591 2.80997 NaN NaN NaN 178.04013 -108.56010 -7.04743 279.48483 -179.88129 -32.19166 NaN NaN NaN 82.63848 -105.81442 -18.87103 -8.05135 -191.50534 -57.26390
26592 2.81832 NaN NaN NaN 178.04074 -108.50652 -7.06673 279.46939 -179.87560 -32.18185 NaN NaN NaN 82.61359 -105.82787 -18.93676 -8.07302 -191.53407 -57.40740
26593 2.82666 NaN NaN NaN 178.05122 -108.49413 -7.03707 279.47647 -179.87450 -32.17734 NaN NaN NaN 82.60229 -105.88054 -18.97215 -8.06181 -191.58864 -57.51731
26594 2.83501 NaN NaN NaN 178.05766 -108.54414 -6.96274 279.48615 -179.87578 -32.16977 NaN NaN NaN 82.61604 -105.92690 -18.96301 -8.04189 -191.62724 -57.55989
26595 2.84336 NaN NaN NaN 178.07564 -108.57885 -6.89176 279.52158 -179.89767 -32.17065 NaN NaN NaN 82.63752 -105.97733 -18.97556 -8.01103 -191.65520 -57.56049
26596 2.85170 NaN NaN NaN 178.13126 -108.63607 -6.81778 279.54926 -179.92549 -32.19960 NaN NaN NaN 82.64117 -105.98727 -18.95498 -7.99492 -191.66304 -57.57799
26597 2.86005 NaN NaN NaN 178.14160 -108.68604 -6.75820 279.59305 -179.93629 -32.21165 NaN NaN NaN 82.62599 -105.99486 -18.97020 -8.00830 -191.64909 -57.62086
26598 2.86840 NaN NaN NaN 178.17973 -108.81178 -6.64756 279.60968 -179.97279 -32.25065 NaN NaN NaN 82.59936 -105.99688 -18.97345 -8.01848 -191.62933 -57.66784
26599 2.87674 NaN NaN NaN 178.20738 -108.85537 -6.57883 279.64127 -179.97083 -32.29586 NaN NaN NaN 82.56879 -105.96616 -19.00885 -8.03619 -191.63567 -57.72464
26600 2.88509 NaN NaN NaN 178.23280 -108.86895 -6.55975 279.65524 -179.98224 -32.36154 NaN NaN NaN 82.55222 -105.96221 -19.04424 -8.06903 -191.58810 -57.76316
26601 2.89344 NaN NaN NaN 178.21852 -108.88185 -6.56125 279.65118 -179.98299 -32.39320 NaN NaN NaN 82.50266 -105.95976 -19.06526 -8.10901 -191.54248 -57.83153
26602 2.90178 NaN NaN NaN 178.18684 -108.88537 -6.56630 279.60733 -180.02759 -32.41632 NaN NaN NaN 82.41293 -105.97166 -19.08694 -8.16706 -191.49602 -57.96519
26603 2.91013 NaN NaN NaN 178.15625 -108.86317 -6.58565 279.54871 -180.04041 -32.40303 NaN NaN NaN 82.34957 -106.00627 -19.10340 -8.26652 -191.44121 -58.13328
26604 2.91848 NaN NaN NaN 178.09944 -108.87286 -6.61386 279.49673 -180.05161 -32.40721 NaN NaN NaN 82.27792 -105.98655 -19.18235 -8.36246 -191.38432 -58.32042
26605 2.92682 NaN NaN NaN 178.04778 -108.84632 -6.62823 279.43555 -180.04460 -32.35638 NaN NaN NaN 82.16254 -105.96297 -19.29157 -8.45343 -191.35718 -58.54102
26606 2.93517 NaN NaN NaN 177.96326 -108.87471 -6.58644 279.36182 -180.01508 -32.33813 NaN NaN NaN 82.05985 -105.91851 -19.49206 -8.54192 -191.35289 -58.74348
26607 2.94352 NaN NaN NaN 177.91852 -108.81201 -6.60371 279.26996 -180.03506 -32.28327 NaN NaN NaN 81.99013 -105.86199 -19.67735 -8.58636 -191.34558 -58.94463
26608 2.95186 NaN NaN NaN 177.82204 -108.80174 -6.60497 279.18735 -180.01355 -32.22365 NaN NaN NaN 81.93181 -105.85480 -19.84658 -8.60419 -191.31918 -59.13908
26609 2.96021 NaN NaN NaN 177.71536 -108.75839 -6.58946 279.10144 -179.98996 -32.15987 NaN NaN NaN 81.89688 -105.93092 -19.94968 -8.67473 -191.26443 -59.38538
26610 2.96856 NaN NaN NaN 177.65320 -108.74875 -6.54515 279.02466 -179.98312 -32.13956 NaN NaN NaN 81.83310 -106.03127 -20.01347 -8.72538 -191.21643 -59.67370
26611 2.97690 NaN NaN NaN 177.60268 -108.69578 -6.51454 278.97113 -179.95787 -32.12346 NaN NaN NaN 81.76461 -106.12862 -20.02353 -8.74789 -191.21072 -60.04228
26612 2.98525 NaN NaN NaN 177.56828 -108.69263 -6.44472 278.94327 -179.91245 -32.10587 NaN NaN NaN 81.73520 -106.17764 -20.08568 -8.74878 -191.20726 -60.27469
26613 2.99359 NaN NaN NaN 177.52869 -108.67255 -6.35861 278.92578 -179.87695 -32.08221 NaN NaN NaN 81.70819 -106.16406 -20.22751 -8.73902 -191.23041 -60.39195
26614 3.00194 NaN NaN NaN 177.55710 -108.69554 -6.20578 278.91739 -179.87462 -32.09912 NaN NaN NaN 81.70465 -106.14044 -20.35952 -8.70848 -191.23882 -60.51805
26615 3.01029 NaN NaN NaN 177.59021 -108.73048 -6.02242 278.92029 -179.87833 -32.14439 NaN NaN NaN 81.71825 -106.10088 -20.43242 -8.68803 -191.25848 -60.64359
26616 3.01863 NaN NaN NaN 177.64645 -108.81183 -5.85786 278.93552 -179.90118 -32.18215 NaN NaN NaN 81.72939 -106.08634 -20.44404 -8.64969 -191.21368 -60.76852
26617 3.02698 NaN NaN NaN 177.73199 -108.84977 -5.68323 278.95102 -179.91502 -32.24897 NaN NaN NaN 81.75026 -106.10856 -20.43825 -8.59354 -191.18250 -60.87820
26618 3.03533 NaN NaN NaN 177.80743 -108.92627 -5.50372 278.97919 -179.96075 -32.37302 NaN NaN NaN 81.77354 -106.16003 -20.38743 -8.55811 -191.16158 -60.98328
26619 3.04367 NaN NaN NaN 177.84509 -109.06915 -5.33325 279.04169 -179.98840 -32.50615 NaN NaN NaN 81.80689 -106.19141 -20.33365 -8.51781 -191.15738 -61.07220
26620 3.05202 NaN NaN NaN 177.92322 -109.17184 -5.15826 279.09875 -180.05246 -32.60695 NaN NaN NaN 81.80301 -106.21909 -20.20648 -8.48127 -191.15958 -61.16146
26621 3.06037 NaN NaN NaN 178.02937 -109.29408 -4.89851 279.15387 -180.15863 -32.75829 NaN NaN NaN 81.80482 -106.32292 -20.06214 -8.47484 -191.16624 -61.22723
26622 3.06871 NaN NaN NaN 178.15175 -109.46983 -4.58682 279.22333 -180.24788 -32.88229 NaN NaN NaN 81.80225 -106.39437 -19.94096 -8.47984 -191.17075 -61.28061
26623 3.07706 NaN NaN NaN 178.24530 -109.67671 -4.34130 279.27460 -180.31831 -32.99261 NaN NaN NaN 81.80008 -106.40927 -19.83090 -8.47677 -191.13310 -61.27650
26624 3.08541 NaN NaN NaN 178.38831 -109.84719 -4.08386 279.33795 -180.40808 -33.12854 NaN NaN NaN 81.76434 -106.40726 -19.74479 -8.48198 -191.10056 -61.23444
26625 3.09375 NaN NaN NaN 178.54768 -109.97548 -3.87028 279.41089 -180.47075 -33.30436 NaN NaN NaN 81.72393 -106.35132 -19.62162 -8.49228 -191.08647 -61.20440
26626 3.10210 NaN NaN NaN 178.69118 -110.08801 -3.63309 279.46439 -180.52934 -33.43320 NaN NaN NaN 81.67245 -106.39523 -19.42789 -8.48109 -191.10669 -61.22667
26627 3.11045 NaN NaN NaN 178.81892 -110.24715 -3.32406 279.51782 -180.63698 -33.55227 NaN NaN NaN 81.64449 -106.47606 -19.23717 -8.49370 -191.10167 -61.24535
26628 3.11879 NaN NaN NaN 178.97737 -110.46352 -2.92448 279.53137 -180.82076 -33.73147 NaN NaN NaN 81.58611 -106.56255 -19.07184 -8.48501 -191.09595 -61.31557
26629 3.12714 NaN NaN NaN 179.14301 -110.68607 -2.43824 279.53699 -180.97522 -33.98433 NaN NaN NaN 81.56001 -106.68616 -18.89183 -8.45381 -191.14131 -61.41029
26630 3.13549 NaN NaN NaN 179.28575 -111.01456 -1.98381 279.53705 -181.12775 -34.26278 NaN NaN NaN 81.54015 -106.78571 -18.75632 -8.41874 -191.19110 -61.50661
26631 3.14383 NaN NaN NaN 179.42368 -111.30906 -1.60759 279.51563 -181.28262 -34.45385 NaN NaN NaN 81.52112 -106.89861 -18.72109 -8.42315 -191.24483 -61.58038
26632 3.15218 NaN NaN NaN 179.51976 -111.60014 -1.27489 279.50601 -181.44548 -34.59399 NaN NaN NaN 81.46514 -106.96101 -18.68283 -8.44401 -191.30960 -61.68421
26633 3.16053 NaN NaN NaN 179.57239 -111.75418 -0.96269 279.50571 -181.59837 -34.65738 NaN NaN NaN 81.35954 -107.08015 -18.62327 -8.48526 -191.34187 -61.75560
26634 3.16887 NaN NaN NaN 179.58263 -111.90686 -0.74258 279.50351 -181.71310 -34.65174 NaN NaN NaN 81.22312 -107.15559 -18.49403 -8.55630 -191.33914 -61.92968
26635 3.17722 NaN NaN NaN 179.56773 -112.06587 -0.59529 279.51450 -181.79912 -34.61802 NaN NaN NaN 81.15337 -107.28195 -18.20470 -8.63783 -191.31052 -62.10958
26636 3.18557 NaN NaN NaN 179.56638 -112.17455 -0.46008 279.49893 -181.88008 -34.58564 NaN NaN NaN 81.09795 -107.47646 -18.00726 -8.68053 -191.33632 -62.26123
26637 3.19391 NaN NaN NaN 179.59923 -112.31353 -0.31043 279.49713 -181.95599 -34.55163 NaN NaN NaN 81.02348 -107.68417 -17.81997 -8.69552 -191.39487 -62.36168
26638 3.20226 NaN NaN NaN 179.64998 -112.44948 -0.15161 279.51639 -182.07263 -34.55844 NaN NaN NaN 80.97388 -107.83561 -17.73706 -8.69260 -191.44934 -62.38072
26639 3.21061 NaN NaN NaN 179.78073 -112.58914 0.06958 279.53360 -182.20242 -34.61726 NaN NaN NaN 80.94430 -107.93504 -17.62092 -8.69887 -191.49757 -62.39423
26640 3.21895 NaN NaN NaN 179.85811 -112.74026 0.27804 279.53433 -182.33328 -34.73365 NaN NaN NaN 80.92668 -107.97257 -17.38606 -8.69530 -191.51962 -62.40310
26641 3.22730 NaN NaN NaN 179.90889 -112.96384 0.59063 279.54764 -182.42720 -34.81654 NaN NaN NaN 80.87098 -108.02892 -17.15308 -8.70437 -191.53114 -62.44405
26642 3.23565 NaN NaN NaN 179.95291 -113.15981 0.85311 279.57556 -182.51283 -34.88550 NaN NaN NaN 80.79334 -108.15265 -16.92076 -8.75311 -191.46193 -62.47927
26643 3.24399 NaN NaN NaN 180.02789 -113.31642 1.08988 279.60413 -182.60895 -34.99884 NaN NaN NaN 80.74168 -108.22712 -16.67597 -8.81166 -191.40427 -62.48951
26644 3.25234 NaN NaN NaN 180.14783 -113.46887 1.28089 279.61765 -182.67426 -35.07430 NaN NaN NaN 80.66877 -108.28085 -16.55752 -8.86970 -191.31696 -62.47455
26645 3.26068 NaN NaN NaN 180.26709 -113.55011 1.41917 279.62030 -182.72920 -35.17067 NaN NaN NaN 80.62170 -108.25096 -16.41591 -8.91127 -191.25563 -62.45757
26646 3.26903 NaN NaN NaN 180.37207 -113.62627 1.56236 279.62845 -182.83279 -35.23012 NaN NaN NaN 80.56442 -108.20055 -16.30145 -8.94375 -191.19484 -62.43640
26647 3.27738 NaN NaN NaN 180.45752 -113.72614 1.73380 279.65421 -182.91655 -35.27992 NaN NaN NaN 80.53170 -108.17895 -16.17562 -8.98853 -191.14470 -62.39729
26648 3.28572 NaN NaN NaN 180.52336 -113.88543 1.90963 279.68161 -183.00015 -35.35471 NaN NaN NaN 80.48046 -108.19488 -15.97248 -9.02371 -191.11853 -62.35766
26649 3.29407 NaN NaN NaN 180.60583 -114.01849 2.09443 279.71432 -183.07901 -35.49249 NaN NaN NaN 80.38731 -108.23798 -15.71087 -9.06979 -191.08517 -62.32994
26650 3.30242 NaN NaN NaN 180.72089 -114.11926 2.28880 279.70493 -183.13734 -35.56966 NaN NaN NaN 80.32367 -108.32655 -15.51749 -9.12402 -191.06787 -62.27119
26651 3.31076 NaN NaN NaN 180.78481 -114.11180 2.42794 279.64398 -183.24702 -35.65245 NaN NaN NaN 80.28908 -108.34749 -15.43202 -9.15770 -191.07205 -62.15512
26652 3.31911 NaN NaN NaN 180.81154 -114.06027 2.53977 279.55557 -183.30971 -35.68692 NaN NaN NaN 80.21819 -108.27243 -15.38860 -9.21321 -191.07141 -61.95483
26653 3.32746 NaN NaN NaN 180.80382 -114.07465 2.62989 279.50653 -183.33340 -35.70718 NaN NaN NaN 80.14583 -108.22184 -15.30331 -9.32824 -191.10870 -61.76915
26654 3.33580 NaN NaN NaN 180.79176 -114.17315 2.76588 279.48773 -183.36353 -35.73560 NaN NaN NaN 79.98983 -108.23125 -15.10636 -9.46162 -191.12090 -61.76593
26655 3.34415 NaN NaN NaN 180.85683 -114.26637 2.92170 279.48853 -183.40877 -35.81182 NaN NaN NaN 79.81828 -108.36754 -14.81126 -9.61594 -191.11400 -61.82347
26656 3.35250 NaN NaN NaN 180.87746 -114.40408 3.07400 279.45483 -183.45309 -35.87007 NaN NaN NaN 79.70246 -108.57922 -14.59246 -9.76563 -191.07928 -61.85659
26657 3.36084 NaN NaN NaN 180.90134 -114.49252 3.24727 279.42294 -183.51271 -35.92032 NaN NaN NaN 79.56396 -108.72124 -14.37185 -9.87299 -191.06053 -61.86501
26658 3.36919 NaN NaN NaN 180.90102 -114.55807 3.40301 279.35312 -183.60271 -35.98830 NaN NaN NaN 79.36364 -108.81588 -14.20326 -9.97686 -191.05772 -61.94295
26659 3.37754 NaN NaN NaN 180.87579 -114.61668 3.48665 279.27322 -183.66302 -36.02395 NaN NaN NaN 79.19099 -108.93770 -14.07677 -10.15588 -191.11552 -62.02817
26660 3.38588 NaN NaN NaN 180.81262 -114.66270 3.55761 279.18985 -183.67517 -36.03859 NaN NaN NaN 78.99364 -109.04623 -13.87863 -10.37631 -191.14497 -62.12212
26661 3.39423 NaN NaN NaN 180.74873 -114.66049 3.60202 279.09607 -183.65799 -36.04173 NaN NaN NaN 78.74980 -109.21621 -13.64575 -10.55859 -191.15738 -62.19227
26662 3.40258 NaN NaN NaN 180.68495 -114.65107 3.64731 278.98349 -183.63507 -36.03917 NaN NaN NaN 78.52250 -109.42049 -13.40517 -10.76830 -191.20894 -62.24913
26663 3.41092 NaN NaN NaN 180.59959 -114.58130 3.66356 278.86798 -183.58418 -36.03466 NaN NaN NaN 78.21979 -109.65221 -13.10958 -10.98922 -191.26945 -62.24376
26664 3.41927 NaN NaN NaN 180.52361 -114.51443 3.70562 278.76379 -183.54613 -36.05418 NaN NaN NaN 77.90646 -109.89008 -12.82650 -11.26128 -191.29860 -62.24139
26665 3.42762 NaN NaN NaN 180.41899 -114.47151 3.75182 278.66000 -183.54982 -36.07022 NaN NaN NaN 77.56588 -110.11218 -12.49295 -11.55224 -191.39392 -62.19122
26666 3.43596 NaN NaN NaN 180.29068 -114.43821 3.77778 278.52057 -183.52101 -36.11755 NaN NaN NaN 77.25874 -110.32191 -12.11505 -11.85948 -191.46600 -62.13776
26667 3.44431 NaN NaN NaN 180.21533 -114.42744 3.80078 278.35687 -183.51135 -36.14477 NaN NaN NaN 76.92879 -110.58862 -11.68330 -12.19188 -191.57970 -62.03073
26668 3.45266 NaN NaN NaN 180.11491 -114.46575 3.88941 278.24939 -183.47562 -36.24535 NaN NaN NaN 76.55263 -110.80536 -11.21897 -12.51074 -191.67310 -61.87223
26669 3.46100 NaN NaN NaN 180.02966 -114.49167 4.00983 278.15396 -183.45023 -36.35716 NaN NaN NaN 76.17886 -111.09583 -10.81000 -12.84745 -191.74246 -61.71313
26670 3.46935 NaN NaN NaN 180.01981 -114.55827 4.19131 278.06024 -183.45212 -36.47252 NaN NaN NaN 75.88852 -111.36584 -10.34390 -13.18298 -191.84781 -61.46550
26671 3.47770 NaN NaN NaN 180.05043 -114.60051 4.35740 277.99609 -183.47519 -36.55346 NaN NaN NaN 75.53530 -111.57156 -9.88256 -13.52146 -191.93497 -61.25533
26672 3.48604 NaN NaN NaN 180.04939 -114.66161 4.49260 277.88556 -183.46957 -36.57705 NaN NaN NaN 75.18363 -111.81039 -9.41305 -13.81450 -192.00186 -61.02654
26673 3.49439 NaN NaN NaN 180.01779 -114.66447 4.57488 277.77148 -183.50513 -36.57512 NaN NaN NaN 74.87691 -111.95238 -8.94319 -14.14877 -192.07547 -60.73301
26674 3.50273 NaN NaN NaN 179.91747 -114.61454 4.63008 277.65958 -183.49709 -36.53745 NaN NaN NaN 74.54593 -112.06464 -8.44192 -14.45566 -192.13191 -60.40891
26675 3.51108 NaN NaN NaN 179.81480 -114.54347 4.65413 277.53680 -183.49954 -36.46907 NaN NaN NaN 74.15740 -112.27354 -7.95207 -14.81226 -192.21519 -60.11050
26676 3.51943 NaN NaN NaN 179.73270 -114.42949 4.64795 277.43945 -183.46553 -36.38697 NaN NaN NaN 73.74742 -112.37185 -7.29179 -15.16337 -192.20726 -59.82937
26677 3.52777 NaN NaN NaN 179.62193 -114.31740 4.60237 277.31277 -183.44858 -36.27576 NaN NaN NaN 73.33956 -112.59060 -6.60810 -15.54553 -192.23531 -59.44143
26678 3.53612 NaN NaN NaN 179.48311 -114.21467 4.57492 277.18701 -183.46390 -36.13718 NaN NaN NaN 72.82365 -112.76904 -5.79635 -15.95555 -192.24475 -59.05175
26679 3.54447 NaN NaN NaN 179.36009 -114.12821 4.55256 277.06064 -183.47693 -36.03446 NaN NaN NaN 72.21006 -113.02779 -4.84175 -16.42945 -192.25658 -58.72113
26680 3.55281 NaN NaN NaN 179.21449 -114.00827 4.49211 276.94083 -183.49016 -35.94203 NaN NaN NaN 71.50488 -113.35808 -3.76545 -16.96247 -192.32320 -58.33923
26681 3.56116 NaN NaN NaN 179.09134 -113.83442 4.40812 276.77411 -183.49969 -35.80397 NaN NaN NaN 70.63690 -113.82066 -2.52397 -17.59663 -192.38921 -57.96296
26682 3.56951 NaN NaN NaN 178.95811 -113.67262 4.35959 276.57144 -183.46094 -35.71342 NaN NaN NaN 69.76815 -114.40529 -1.16861 -18.32201 -192.40358 -57.67365
26683 3.57785 NaN NaN NaN 178.80310 -113.52576 4.30197 276.35928 -183.43578 -35.65406 NaN NaN NaN 68.80795 -114.99450 0.21663 -19.05088 -192.42714 -57.41181
26684 3.58620 NaN NaN NaN 178.63121 -113.29913 4.23486 276.11008 -183.40514 -35.60640 NaN NaN NaN 67.83881 -115.61965 1.61374 -19.77331 -192.50755 -57.08890
26685 3.59455 NaN NaN NaN 178.43271 -113.13360 4.18845 275.83389 -183.42783 -35.58848 NaN NaN NaN 66.93049 -116.16651 2.90006 -20.48213 -192.58701 -56.63435
26686 3.60289 NaN NaN NaN 178.23349 -112.92039 4.16189 275.52362 -183.37419 -35.54101 NaN NaN NaN 66.04583 -116.65610 4.13686 -21.24477 -192.66669 -56.12603
26687 3.61124 NaN NaN NaN 177.95125 -112.69985 4.03837 275.15750 -183.36591 -35.46535 NaN NaN NaN 65.11871 -117.11530 5.38467 -21.97021 -192.79018 -55.53590
26688 3.61959 NaN NaN NaN 177.61267 -112.39989 3.84746 274.75610 -183.31979 -35.26818 NaN NaN NaN 64.14981 -117.63971 6.75155 -22.69820 -192.92892 -55.06668
26689 3.62793 NaN NaN NaN 177.20024 -112.03936 3.60200 274.32077 -183.26097 -35.01845 NaN NaN NaN 63.18120 -118.32210 8.15011 -23.41316 -193.05077 -54.72625
26690 3.63628 NaN NaN NaN 176.78146 -111.57080 3.32322 273.84357 -183.17719 -34.84798 NaN NaN NaN 62.08354 -119.13808 9.61242 -24.14784 -193.19144 -54.58605
26691 3.64463 NaN NaN NaN 176.37480 -111.14270 3.05672 273.36905 -183.13443 -34.73823 NaN NaN NaN 60.87695 -120.22742 11.12743 -24.91795 -193.24483 -54.72494
26692 3.65297 NaN NaN NaN 175.97980 -110.70220 2.79570 272.84756 -183.03963 -34.63371 NaN NaN NaN 59.60518 -121.43559 12.78631 -25.66305 -193.28500 -54.97677
26693 3.66132 NaN NaN NaN 175.55708 -110.30466 2.55453 272.29721 -182.95314 -34.54044 NaN NaN NaN 58.26636 -122.80495 14.31930 -26.43711 -193.30145 -55.43238
26694 3.66967 NaN NaN NaN 175.08224 -109.90624 2.29546 271.71466 -182.78006 -34.44827 NaN NaN NaN 56.99264 -124.13927 15.76339 -27.17226 -193.33621 -55.90405
26695 3.67801 NaN NaN NaN 174.64740 -109.49297 2.06138 271.17490 -182.67183 -34.39867 NaN NaN NaN 55.69859 -125.39767 16.99542 -27.91872 -193.42386 -56.44395
26696 3.68636 NaN NaN NaN 174.20114 -109.07846 1.81346 270.61349 -182.50996 -34.38669 NaN NaN NaN 54.52262 -126.67774 18.11963 -28.58467 -193.50964 -56.89418
26697 3.69471 NaN NaN NaN 173.78477 -108.67461 1.58187 270.05392 -182.38524 -34.41469 NaN NaN NaN 53.36421 -127.89855 19.06816 -29.29001 -193.63353 -57.47868
26698 3.70305 NaN NaN NaN 173.33786 -108.23343 1.32262 269.54001 -182.23431 -34.41537 NaN NaN NaN 52.29958 -129.06268 19.95541 -29.88379 -193.78815 -57.89270
26699 3.71140 NaN NaN NaN 172.97818 -107.86247 1.10734 269.04764 -182.09221 -34.45577 NaN NaN NaN 51.30535 -130.19963 20.64034 -30.48521 -193.95030 -58.49061
26700 3.71975 NaN NaN NaN 172.59402 -107.51439 0.85786 268.58310 -181.99701 -34.45947 NaN NaN NaN 50.38463 -131.30139 21.19327 -31.02129 -194.07962 -58.95034
26701 3.72809 NaN NaN NaN 172.22879 -107.24562 0.61493 268.18228 -181.89444 -34.49178 NaN NaN NaN 49.52590 -132.32231 21.69443 -31.51322 -194.20763 -59.49746
26702 3.73644 NaN NaN NaN 171.85794 -107.00500 0.34301 267.79391 -181.76096 -34.53455 NaN NaN NaN 48.76003 -133.32507 22.10116 -31.98982 -194.34505 -60.05037
26703 3.74479 NaN NaN NaN 171.55672 -106.74739 0.00415 267.49985 -181.66655 -34.55563 NaN NaN NaN 47.96468 -134.23776 22.47212 -32.47734 -194.45712 -60.58469
26704 3.75313 NaN NaN NaN 171.27834 -106.43717 -0.42282 267.26596 -181.50610 -34.53864 NaN NaN NaN 47.27862 -135.17363 22.73692 -32.91727 -194.60071 -61.07292
26705 3.76148 NaN NaN NaN 171.01421 -106.20513 -0.86420 267.05725 -181.30531 -34.52723 NaN NaN NaN 46.64531 -136.02063 22.94977 -33.38242 -194.79066 -61.50734
26706 3.76982 NaN NaN NaN 170.81064 -105.87466 -1.33739 266.88995 -181.17026 -34.56412 NaN NaN NaN 46.03176 -136.82140 23.13732 -33.80447 -195.04047 -61.92000
26707 3.77817 NaN NaN NaN 170.60699 -105.65984 -1.66889 266.74313 -181.05501 -34.64377 NaN NaN NaN 45.39324 -137.61169 23.26254 -34.23212 -195.26414 -62.39335
26708 3.78652 NaN NaN NaN 170.50229 -105.51833 -1.91429 266.62030 -180.98648 -34.73240 NaN NaN NaN 44.83739 -138.46347 23.37662 -34.58057 -195.43799 -62.79809
26709 3.79486 NaN NaN NaN 170.37303 -105.46362 -2.11541 266.55859 -180.92041 -34.80310 NaN NaN NaN 44.33796 -139.27187 23.51559 -34.87697 -195.64938 -63.31280
26710 3.80321 NaN NaN NaN 170.30676 -105.40403 -2.28197 266.50369 -180.87555 -34.87389 NaN NaN NaN 43.84365 -139.99245 23.62982 -35.12271 -195.80090 -63.77530
26711 3.81156 NaN NaN NaN 170.30125 -105.31430 -2.43103 266.47098 -180.85368 -34.96396 NaN NaN NaN 43.40293 -140.65059 23.73428 -35.31290 -195.90469 -64.27250
26712 3.81990 NaN NaN NaN 170.27191 -105.22930 -2.51895 266.44189 -180.81216 -35.04733 NaN NaN NaN 43.00809 -141.23151 23.71482 -35.43565 -195.97377 -64.81786
26713 3.82825 NaN NaN NaN 170.25385 -105.23163 -2.59931 266.42749 -180.78433 -35.16466 NaN NaN NaN 42.73248 -141.66678 23.60549 -35.53531 -196.01233 -65.33893
26714 3.83660 NaN NaN NaN 170.21040 -105.32909 -2.56843 266.41663 -180.74353 -35.26861 NaN NaN NaN 42.55817 -141.98166 23.39518 -35.54971 -195.99193 -65.87421
26715 3.84494 NaN NaN NaN 170.21693 -105.42073 -2.56775 266.43420 -180.73784 -35.36599 NaN NaN NaN 42.52101 -142.12631 22.99640 -35.53700 -195.94366 -66.39679
26716 3.85329 NaN NaN NaN 170.18837 -105.56997 -2.52408 266.46841 -180.73097 -35.48147 NaN NaN NaN 42.55766 -142.10472 22.53234 -35.52454 -195.87253 -66.91428
26717 3.86164 NaN NaN NaN 170.18518 -105.75376 -2.43506 266.55701 -180.75818 -35.59048 NaN NaN NaN 42.76645 -141.95905 21.99788 -35.42832 -195.75111 -67.32447
26718 3.86998 NaN NaN NaN 170.23289 -105.95026 -2.37210 266.61899 -180.81239 -35.68885 NaN NaN NaN 43.07878 -141.71733 21.42311 -35.30157 -195.70160 -67.66980
26719 3.87833 NaN NaN NaN 170.29332 -106.11588 -2.36551 266.71103 -180.84482 -35.81727 NaN NaN NaN 43.52265 -141.29308 20.70117 -35.13933 -195.63461 -67.93476
26720 3.88668 NaN NaN NaN 170.30945 -106.40187 -2.30270 266.81250 -180.91582 -36.03765 NaN NaN NaN 44.09520 -140.73540 19.97211 -34.92246 -195.58958 -68.02136
26721 3.89502 NaN NaN NaN 170.32372 -106.63873 -2.24905 266.94263 -180.97884 -36.20600 NaN NaN NaN 44.84721 -140.08353 19.26294 -34.63285 -195.56735 -67.91714
26722 3.90337 NaN NaN NaN 170.39854 -106.85861 -2.20988 267.03943 -181.05704 -36.36005 NaN NaN NaN 45.71597 -139.28091 18.50177 -34.29885 -195.60699 -67.64798
26723 3.91172 NaN NaN NaN 170.44089 -107.11707 -2.17674 267.12970 -181.13628 -36.48669 NaN NaN NaN 46.61683 -138.37512 17.76927 -33.94022 -195.62413 -67.21353
26724 3.92006 NaN NaN NaN 170.47638 -107.30888 -2.17559 267.24606 -181.23698 -36.62373 NaN NaN NaN 47.61894 -137.46765 17.03112 -33.52317 -195.68710 -66.70946
26725 3.92841 NaN NaN NaN 170.53601 -107.50608 -2.20956 267.33786 -181.30403 -36.80108 NaN NaN NaN 48.63528 -136.48767 16.32015 -33.11952 -195.76144 -66.21518
26726 3.93676 NaN NaN NaN 170.59161 -107.63749 -2.25701 267.44363 -181.38481 -36.94118 NaN NaN NaN 49.57243 -135.53345 15.59292 -32.66962 -195.76640 -65.66725
26727 3.94510 NaN NaN NaN 170.60713 -107.79800 -2.25849 267.54581 -181.41577 -37.04824 NaN NaN NaN 50.47388 -134.62733 14.90205 -32.25698 -195.74664 -65.23460
26728 3.95345 NaN NaN NaN 170.68053 -107.97090 -2.27151 267.64911 -181.45335 -37.12051 NaN NaN NaN 51.34805 -133.78297 14.18701 -31.83154 -195.70734 -64.92675
26729 3.96180 NaN NaN NaN 170.76135 -108.11784 -2.30428 267.73376 -181.45300 -37.21635 NaN NaN NaN 52.15525 -132.94772 13.53401 -31.39725 -195.62941 -64.57738
26730 3.97014 NaN NaN NaN 170.85580 -108.21737 -2.31600 267.85785 -181.45987 -37.29921 NaN NaN NaN 52.91235 -132.22040 12.82989 -30.97876 -195.53920 -64.29721
26731 3.97849 NaN NaN NaN 170.92125 -108.33086 -2.30968 268.01050 -181.50064 -37.39013 NaN NaN NaN 53.61341 -131.52220 12.19080 -30.55991 -195.45863 -64.19805
26732 3.98684 NaN NaN NaN 171.03989 -108.43317 -2.33725 268.12732 -181.52568 -37.47079 NaN NaN NaN 54.27218 -130.87488 11.55549 -30.12101 -195.31195 -64.14218
26733 3.99518 NaN NaN NaN 171.15541 -108.52767 -2.32032 268.25845 -181.61870 -37.59808 NaN NaN NaN 54.90245 -130.23105 10.87895 -29.69818 -195.12665 -64.16679
26734 4.00353 NaN NaN NaN 171.25877 -108.65981 -2.30099 268.38998 -181.66829 -37.70732 NaN NaN NaN 55.50365 -129.62161 10.26011 -29.30892 -194.96173 -64.21758
26735 4.01188 NaN NaN NaN 171.38171 -108.80455 -2.26736 268.52783 -181.70921 -37.83110 NaN NaN NaN 56.15370 -129.00484 9.54352 -28.90994 -194.79573 -64.19163
26736 4.02022 NaN NaN NaN 171.47536 -108.98074 -2.25478 268.64850 -181.74738 -37.88863 NaN NaN NaN 56.84250 -128.33356 8.82801 -28.51857 -194.70984 -64.11044
26737 4.02857 NaN NaN NaN 171.55318 -109.11182 -2.25989 268.77283 -181.77573 -37.94950 NaN NaN NaN 57.57186 -127.58538 8.00563 -28.09999 -194.60194 -63.94833
26738 4.03691 NaN NaN NaN 171.64653 -109.22598 -2.28623 268.88177 -181.78743 -38.02442 NaN NaN NaN 58.35389 -126.78477 7.07903 -27.67666 -194.54288 -63.70797
26739 4.04526 NaN NaN NaN 171.71239 -109.31943 -2.27699 269.00528 -181.84076 -38.08732 NaN NaN NaN 59.08277 -125.95652 6.23966 -27.25195 -194.43324 -63.49536
26740 4.05361 NaN NaN NaN 171.77394 -109.45868 -2.27983 269.07492 -181.87602 -38.14576 NaN NaN NaN 59.81889 -125.17524 5.33863 -26.82129 -194.33582 -63.34582
26741 4.06195 NaN NaN NaN 171.81889 -109.53389 -2.27138 269.12466 -181.90775 -38.20289 NaN NaN NaN 60.49759 -124.35957 4.49534 -26.38142 -194.20525 -63.23412
26742 4.07030 NaN NaN NaN 171.83134 -109.58770 -2.28563 269.16409 -181.89493 -38.23263 NaN NaN NaN 61.20760 -123.60773 3.67112 -25.94639 -194.10464 -63.14368
26743 4.07865 NaN NaN NaN 171.87697 -109.63354 -2.30111 269.24637 -181.87569 -38.32784 NaN NaN NaN 61.86712 -122.90621 2.88876 -25.49579 -193.97322 -63.06790
26744 4.08699 NaN NaN NaN 171.92300 -109.63271 -2.31363 269.32632 -181.86145 -38.42538 NaN NaN NaN 62.50571 -122.29931 2.09687 -24.99533 -193.78796 -63.03320
26745 4.09534 NaN NaN NaN 171.96471 -109.66772 -2.32345 269.40128 -181.86833 -38.47593 NaN NaN NaN 63.10606 -121.68664 1.42267 -24.53963 -193.56090 -63.08488
26746 4.10369 NaN NaN NaN 172.00226 -109.70321 -2.35141 269.44797 -181.85321 -38.49760 NaN NaN NaN 63.73919 -121.13924 0.73956 -24.11602 -193.41927 -63.13016
26747 4.11203 NaN NaN NaN 172.02344 -109.74922 -2.37501 269.49326 -181.85364 -38.47920 NaN NaN NaN 64.29404 -120.56582 0.08388 -23.70882 -193.26280 -63.10986
26748 4.12038 NaN NaN NaN 172.05450 -109.78148 -2.39594 269.55917 -181.83899 -38.48434 NaN NaN NaN 64.79790 -120.02710 -0.59675 -23.32672 -193.11826 -63.12635
26749 4.12873 NaN NaN NaN 172.10175 -109.81664 -2.38263 269.63419 -181.83887 -38.49815 NaN NaN NaN 65.30438 -119.49820 -1.20869 -22.96507 -192.99416 -63.14247
26750 4.13707 NaN NaN NaN 172.15956 -109.86009 -2.36749 269.70450 -181.85208 -38.54802 NaN NaN NaN 65.78432 -119.04760 -1.77200 -22.62547 -192.87491 -63.11784
26751 4.14542 NaN NaN NaN 172.22949 -109.90259 -2.34676 269.78232 -181.82748 -38.59893 NaN NaN NaN 66.21335 -118.62779 -2.35386 -22.33146 -192.79149 -63.06102
26752 4.15377 NaN NaN NaN 172.27689 -109.93419 -2.33533 269.85754 -181.81421 -38.67137 NaN NaN NaN 66.58952 -118.21949 -2.84878 -22.03448 -192.65666 -63.03602
26753 4.16211 NaN NaN NaN 172.33934 -109.96387 -2.30547 269.90588 -181.78569 -38.72380 NaN NaN NaN 66.95187 -117.82558 -3.36560 -21.74504 -192.60165 -62.97191
26754 4.17046 NaN NaN NaN 172.41008 -110.00454 -2.28462 269.96890 -181.81046 -38.73849 NaN NaN NaN 67.33533 -117.48052 -3.78104 -21.48939 -192.54745 -62.97036
26755 4.17881 NaN NaN NaN 172.47287 -110.04520 -2.25636 270.01633 -181.82666 -38.78323 NaN NaN NaN 67.69069 -117.16895 -4.27294 -21.22062 -192.49631 -62.92825
26756 4.18715 NaN NaN NaN 172.51157 -110.09494 -2.22319 270.06976 -181.83308 -38.82803 NaN NaN NaN 68.02807 -116.82993 -4.77313 -21.00152 -192.44579 -62.88948
26757 4.19550 NaN NaN NaN 172.54538 -110.11361 -2.21321 270.08813 -181.83006 -38.83649 NaN NaN NaN 68.36566 -116.50183 -5.21894 -20.77638 -192.40678 -62.84134
26758 4.20385 NaN NaN NaN 172.55180 -110.09127 -2.23361 270.10822 -181.80841 -38.84011 NaN NaN NaN 68.68467 -116.25306 -5.71881 -20.56651 -192.41122 -62.81759
26759 4.21219 NaN NaN NaN 172.54007 -110.06574 -2.26811 270.11774 -181.79668 -38.79026 NaN NaN NaN 68.97544 -115.96140 -6.11094 -20.37752 -192.38942 -62.76250
26760 4.22054 NaN NaN NaN 172.53789 -110.05714 -2.30724 270.13895 -181.78845 -38.77874 NaN NaN NaN 69.20257 -115.70509 -6.49510 -20.21816 -192.40021 -62.67832
26761 4.22889 NaN NaN NaN 172.54134 -110.02163 -2.31830 270.16919 -181.79579 -38.76440 NaN NaN NaN 69.36952 -115.50422 -6.82407 -20.08665 -192.39345 -62.61682
26762 4.23723 NaN NaN NaN 172.53516 -110.00237 -2.37819 270.18567 -181.79471 -38.75601 NaN NaN NaN 69.50017 -115.34721 -7.12570 -20.01558 -192.39015 -62.62619
26763 4.24558 NaN NaN NaN 172.56335 -109.94526 -2.42392 270.18283 -181.77846 -38.74386 NaN NaN NaN 69.59531 -115.25047 -7.35111 -19.95695 -192.38252 -62.66220
26764 4.25393 NaN NaN NaN 172.54320 -109.93546 -2.45977 270.20306 -181.76537 -38.72176 NaN NaN NaN 69.67801 -115.17590 -7.46846 -19.94324 -192.36191 -62.72961
26765 4.26227 NaN NaN NaN 172.53104 -109.92756 -2.50823 270.20264 -181.75832 -38.68156 NaN NaN NaN 69.73067 -115.17590 -7.56381 -19.94616 -192.32500 -62.78508
26766 4.27062 NaN NaN NaN 172.49515 -109.89413 -2.53835 270.18912 -181.74208 -38.66576 NaN NaN NaN 69.71661 -115.16479 -7.63580 -19.94861 -192.28987 -62.83058
26767 4.27896 NaN NaN NaN 172.46895 -109.87592 -2.58274 270.16275 -181.75601 -38.64663 NaN NaN NaN 69.70335 -115.15283 -7.67971 -19.94275 -192.25830 -62.86398
26768 4.28731 NaN NaN NaN 172.45987 -109.87376 -2.59605 270.13232 -181.73204 -38.64132 NaN NaN NaN 69.71507 -115.14813 -7.68134 -19.93749 -192.22914 -62.92558
26769 4.29566 NaN NaN NaN 172.44247 -109.87563 -2.64678 270.13281 -181.74338 -38.63836 NaN NaN NaN 69.72787 -115.16679 -7.65080 -19.92007 -192.20450 -62.96299
26770 4.30400 NaN NaN NaN 172.44728 -109.90226 -2.62805 270.14108 -181.75018 -38.63069 NaN NaN NaN 69.72045 -115.16229 -7.61767 -19.91323 -192.17029 -62.98647
26771 4.31235 NaN NaN NaN 172.44788 -109.92211 -2.63571 270.18094 -181.78252 -38.63864 NaN NaN NaN 69.73104 -115.15984 -7.57985 -19.87633 -192.15042 -62.98088
26772 4.32070 NaN NaN NaN 172.43753 -109.97694 -2.61895 270.20749 -181.82451 -38.65154 NaN NaN NaN 69.73613 -115.15261 -7.53014 -19.88588 -192.11826 -62.99594
26773 4.32904 NaN NaN NaN 172.46571 -109.98230 -2.61857 270.20712 -181.83662 -38.65115 NaN NaN NaN 69.71896 -115.13280 -7.53024 -19.86418 -192.10071 -63.02402
26774 4.33739 NaN NaN NaN 172.46896 -110.03548 -2.60740 270.20865 -181.85649 -38.65182 NaN NaN NaN 69.74831 -115.14281 -7.51891 -19.82899 -192.06610 -63.05531
26775 4.34574 NaN NaN NaN 172.51775 -110.05835 -2.59849 270.21786 -181.88486 -38.65149 NaN NaN NaN 69.77760 -115.13953 -7.50149 -19.78295 -192.05237 -63.09576
26776 4.35408 NaN NaN NaN 172.52771 -110.09486 -2.59847 270.24991 -181.89412 -38.66059 NaN NaN NaN 69.79916 -115.13920 -7.50805 -19.76881 -192.02133 -63.14678
26777 4.36243 NaN NaN NaN 172.52663 -110.15604 -2.62134 270.26138 -181.90285 -38.65497 NaN NaN NaN 69.81867 -115.14618 -7.53410 -19.74092 -192.00385 -63.18204
26778 4.37078 NaN NaN NaN 172.53873 -110.19345 -2.61707 270.26819 -181.90591 -38.67598 NaN NaN NaN 69.82784 -115.13991 -7.57729 -19.72714 -192.00362 -63.25157
26779 4.37912 NaN NaN NaN 172.53462 -110.18382 -2.64684 270.27780 -181.94400 -38.65417 NaN NaN NaN 69.84361 -115.14956 -7.62900 -19.69776 -192.00664 -63.32224
26780 4.38747 NaN NaN NaN 172.53554 -110.18948 -2.71337 270.28888 -181.92157 -38.65431 NaN NaN NaN 69.85117 -115.16742 -7.68102 -19.66925 -191.99971 -63.38006
26781 4.39582 NaN NaN NaN 172.51978 -110.14948 -2.79413 270.28647 -181.93398 -38.63610 NaN NaN NaN 69.86319 -115.18548 -7.72870 -19.64808 -192.01202 -63.44095
26782 4.40416 NaN NaN NaN 172.50093 -110.14463 -2.82270 270.28961 -181.92873 -38.63789 NaN NaN NaN 69.88275 -115.22067 -7.74685 -19.63610 -192.04231 -63.50449
26783 4.41251 NaN NaN NaN 172.48589 -110.12654 -2.86660 270.28220 -181.95538 -38.62272 NaN NaN NaN 69.89146 -115.24297 -7.75153 -19.62436 -192.09117 -63.54461
26784 4.42086 NaN NaN NaN 172.45828 -110.09635 -2.90620 270.29419 -181.95297 -38.60987 NaN NaN NaN 69.89055 -115.26294 -7.78662 -19.60572 -192.10982 -63.57571
26785 4.42920 NaN NaN NaN 172.42834 -110.14406 -2.94508 270.27786 -181.95166 -38.60651 NaN NaN NaN 69.85701 -115.32144 -7.80122 -19.62143 -192.12592 -63.64163
26786 4.43755 NaN NaN NaN 172.41347 -110.17056 -2.95293 270.26764 -181.95570 -38.60294 NaN NaN NaN 69.83888 -115.36393 -7.79668 -19.63651 -192.10049 -63.76050
26787 4.44590 NaN NaN NaN 172.39377 -110.17493 -2.95944 270.26312 -181.97380 -38.58149 NaN NaN NaN 69.82722 -115.38903 -7.79728 -19.65161 -192.09418 -63.81365
26788 4.45424 NaN NaN NaN 172.40562 -110.13495 -2.96837 270.25452 -181.94543 -38.58692 NaN NaN NaN 69.80463 -115.41766 -7.78074 -19.66299 -192.08099 -63.85011
26789 4.46259 NaN NaN NaN 172.39577 -110.07828 -3.03249 270.26886 -181.95041 -38.56833 NaN NaN NaN 69.77509 -115.43828 -7.76818 -19.66394 -192.09113 -63.85987
26790 4.47094 NaN NaN NaN 172.39304 -110.06922 -3.04197 270.25928 -181.93481 -38.58870 NaN NaN NaN 69.76541 -115.46372 -7.74801 -19.66139 -192.12671 -63.85564
26791 4.47928 NaN NaN NaN 172.37502 -110.10096 -3.04064 270.25916 -181.95718 -38.57927 NaN NaN NaN 69.74545 -115.48174 -7.73060 -19.65350 -192.15604 -63.85127
26792 4.48763 NaN NaN NaN 172.38837 -110.11254 -3.05395 270.26279 -181.95969 -38.59519 NaN NaN NaN 69.72668 -115.50223 -7.70706 -19.68356 -192.17035 -63.90554
26793 4.49598 NaN NaN NaN 172.40875 -110.09995 -3.07544 270.28064 -181.97874 -38.58838 NaN NaN NaN 69.71574 -115.52036 -7.69282 -19.69271 -192.18661 -63.92368
26794 4.50432 NaN NaN NaN 172.40273 -110.12350 -3.07200 270.28058 -181.97437 -38.60636 NaN NaN NaN 69.69582 -115.53168 -7.69038 -19.69862 -192.16527 -63.96005
26795 4.51267 NaN NaN NaN 172.40277 -110.10588 -3.11844 270.27707 -181.98067 -38.59177 NaN NaN NaN 69.68869 -115.56310 -7.72069 -19.72850 -192.16327 -63.99457
26796 4.52102 NaN NaN NaN 172.38045 -110.09863 -3.14166 270.26096 -181.97128 -38.59538 NaN NaN NaN 69.65703 -115.56818 -7.72942 -19.73055 -192.19370 -64.02312
26797 4.52936 NaN NaN NaN 172.35872 -110.12083 -3.14374 270.27002 -181.98097 -38.59024 NaN NaN NaN 69.64124 -115.59107 -7.77065 -19.73791 -192.20099 -64.06602
26798 4.53771 NaN NaN NaN 172.33296 -110.14886 -3.14506 270.25049 -181.95221 -38.60239 NaN NaN NaN 69.62957 -115.59588 -7.78277 -19.74182 -192.19864 -64.10381
26799 4.54605 NaN NaN NaN 172.32535 -110.12630 -3.18484 270.23929 -181.94759 -38.58507 NaN NaN NaN 69.60817 -115.62529 -7.79055 -19.76059 -192.18729 -64.17895
26800 4.55440 NaN NaN NaN 172.28903 -110.10948 -3.25516 270.22076 -181.94249 -38.57551 NaN NaN NaN 69.59591 -115.65019 -7.78651 -19.77578 -192.15314 -64.28040
26801 4.56275 NaN NaN NaN 172.23825 -110.11865 -3.30399 270.22168 -181.96449 -38.54180 NaN NaN NaN 69.56327 -115.70058 -7.82279 -19.78678 -192.12955 -64.37057
26802 4.57109 NaN NaN NaN 172.22191 -110.10162 -3.31477 270.20248 -181.97739 -38.52228 NaN NaN NaN 69.54697 -115.71935 -7.86728 -19.79675 -192.11697 -64.41534
26803 4.57944 NaN NaN NaN 172.17845 -110.08804 -3.36738 270.18192 -181.94783 -38.48708 NaN NaN NaN 69.53207 -115.71527 -7.89599 -19.80128 -192.08641 -64.45313
26804 4.58779 NaN NaN NaN 172.12212 -110.05135 -3.39946 270.16739 -181.92757 -38.46317 NaN NaN NaN 69.52550 -115.69342 -7.90769 -19.80743 -192.04919 -64.48031
26805 4.59613 NaN NaN NaN 172.07910 -110.01595 -3.42521 270.14734 -181.92358 -38.43839 NaN NaN NaN 69.51904 -115.68090 -7.93942 -19.83058 -192.01407 -64.51244
26806 4.60448 NaN NaN NaN 172.07474 -110.01175 -3.45773 270.14185 -181.91614 -38.43352 NaN NaN NaN 69.52102 -115.64154 -7.99522 -19.84919 -191.98161 -64.54224
26807 4.61283 NaN NaN NaN 172.06232 -109.98940 -3.46860 270.12347 -181.89735 -38.36182 NaN NaN NaN 69.52702 -115.63685 -8.00211 -19.86128 -191.93602 -64.57447
26808 4.62117 NaN NaN NaN 172.04341 -109.94984 -3.47469 270.10748 -181.85408 -38.31098 NaN NaN NaN 69.51967 -115.61105 -8.01947 -19.86485 -191.90222 -64.59943
26809 4.62952 NaN NaN NaN 172.01009 -109.90825 -3.50524 270.10657 -181.82785 -38.26357 NaN NaN NaN 69.52380 -115.61217 -8.03026 -19.87879 -191.88232 -64.62905
26810 4.63787 NaN NaN NaN 171.97668 -109.82722 -3.50481 270.09235 -181.79839 -38.22082 NaN NaN NaN 69.49993 -115.59190 -8.03220 -19.87519 -191.85197 -64.64275
26811 4.64621 NaN NaN NaN 171.94760 -109.79469 -3.54829 270.07355 -181.78134 -38.16547 NaN NaN NaN 69.51657 -115.55740 -8.06217 -19.89800 -191.82462 -64.65334
26812 4.65456 NaN NaN NaN 171.94283 -109.74735 -3.54929 270.05798 -181.74591 -38.14949 NaN NaN NaN 69.52375 -115.53939 -8.07137 -19.90204 -191.79164 -64.67511
26813 4.66291 NaN NaN NaN 171.91869 -109.71254 -3.57012 270.03775 -181.71739 -38.11734 NaN NaN NaN 69.53452 -115.52947 -8.09951 -19.92109 -191.77129 -64.68723
26814 4.67125 NaN NaN NaN 171.89673 -109.69339 -3.59329 270.03391 -181.70183 -38.09811 NaN NaN NaN 69.52644 -115.50898 -8.10660 -19.93579 -191.75194 -64.70148
26815 4.67960 NaN NaN NaN 171.88031 -109.65031 -3.60683 270.01508 -181.67087 -38.07845 NaN NaN NaN 69.52972 -115.50464 -8.11688 -19.94683 -191.74965 -64.70899
26816 4.68795 NaN NaN NaN 171.87010 -109.62982 -3.62878 270.01169 -181.64929 -38.07582 NaN NaN NaN 69.53620 -115.48972 -8.13636 -19.93316 -191.72913 -64.74527
26817 4.69629 NaN NaN NaN 171.86606 -109.59426 -3.64271 270.00916 -181.62805 -38.04387 NaN NaN NaN 69.55091 -115.49856 -8.14754 -19.93205 -191.68994 -64.78448
26818 4.70464 NaN NaN NaN 171.84203 -109.56688 -3.67742 269.99347 -181.60173 -38.05693 NaN NaN NaN 69.54456 -115.48985 -8.15232 -19.95108 -191.68658 -64.82683
26819 4.71299 NaN NaN NaN 171.83430 -109.56111 -3.69518 269.99634 -181.55566 -38.05442 NaN NaN NaN 69.53387 -115.47992 -8.17232 -19.94910 -191.67438 -64.86742
26820 4.72133 NaN NaN NaN 171.80203 -109.55164 -3.71937 269.98074 -181.55115 -38.03802 NaN NaN NaN 69.51485 -115.48812 -8.18738 -19.95821 -191.66426 -64.88547
26821 4.72968 NaN NaN NaN 171.75983 -109.50905 -3.75120 269.97662 -181.52827 -38.00742 NaN NaN NaN 69.50703 -115.47569 -8.20891 -19.94103 -191.66704 -64.92205
26822 4.73803 NaN NaN NaN 171.73015 -109.49050 -3.78400 269.96735 -181.51102 -38.01504 NaN NaN NaN 69.51480 -115.47440 -8.23247 -19.94649 -191.63553 -64.95281
26823 4.74637 NaN NaN NaN 171.71875 -109.46529 -3.81339 269.95956 -181.49344 -37.99719 NaN NaN NaN 69.51551 -115.46232 -8.25845 -19.93937 -191.60941 -65.00449
26824 4.75472 NaN NaN NaN 171.72464 -109.45005 -3.84435 269.95007 -181.47595 -37.99414 NaN NaN NaN 69.51376 -115.45233 -8.28747 -19.95458 -191.57004 -65.08737
26825 4.76307 NaN NaN NaN 171.73558 -109.43987 -3.84696 269.95047 -181.44789 -37.97900 NaN NaN NaN 69.50349 -115.41633 -8.30575 -19.95337 -191.56438 -65.14816
26826 4.77141 NaN NaN NaN 171.71275 -109.42332 -3.88363 269.93555 -181.46951 -37.96540 NaN NaN NaN 69.50003 -115.42717 -8.33079 -19.94680 -191.53877 -65.18230
26827 4.77976 NaN NaN NaN 171.67845 -109.41773 -3.89316 269.93777 -181.46399 -37.94820 NaN NaN NaN 69.49372 -115.42870 -8.33556 -19.93375 -191.53923 -65.22079
