Frame# Time LH1 LH2 LH3 RH1 RH2 RH3
X54 Y54 Z54 X55 Y55 Z55 X56 Y56 Z56 X57 Y57 Z57 X58 Y58 Z58 X59 Y59 Z59
4242 0.00450 NaN NaN NaN 135.17615 -138.19153 -62.96018 242.78856 -188.20941 -107.13689 NaN NaN NaN 88.03067 -153.23959 -81.49411 -23.96308 -219.32596 -92.04939
4243 0.01284 NaN NaN NaN 135.18469 -138.18126 -62.94442 242.79398 -188.21873 -107.11268 NaN NaN NaN 88.03098 -153.24123 -81.49259 -23.94900 -219.32272 -92.03924
4244 0.02118 NaN NaN NaN 135.16943 -138.18613 -62.95941 242.77693 -188.21294 -107.13809 NaN NaN NaN 88.02564 -153.24513 -81.48372 -23.98593 -219.34583 -92.04778
4245 0.02953 NaN NaN NaN 135.17044 -138.16307 -62.94123 242.78336 -188.21024 -107.12193 NaN NaN NaN 88.02149 -153.24600 -81.48770 -23.98367 -219.34367 -92.05100
4246 0.03787 NaN NaN NaN 135.17059 -138.18671 -62.95060 242.78539 -188.18776 -107.11960 NaN NaN NaN 88.02715 -153.24930 -81.48193 -23.97800 -219.32796 -92.03297
4247 0.04621 NaN NaN NaN 135.16780 -138.16783 -62.94139 242.78217 -188.18379 -107.11549 NaN NaN NaN 88.01465 -153.23407 -81.48614 -23.96958 -219.35289 -92.02014
4248 0.05455 NaN NaN NaN 135.18861 -138.17867 -62.96096 242.77910 -188.20425 -107.14559 NaN NaN NaN 88.01650 -153.22493 -81.48144 -23.93048 -219.35092 -92.00163
4249 0.06290 NaN NaN NaN 135.17627 -138.17050 -62.94841 242.78748 -188.20169 -107.12081 NaN NaN NaN 88.02134 -153.22607 -81.48880 -23.95145 -219.37105 -92.01051
4250 0.07124 NaN NaN NaN 135.19151 -138.17932 -62.96594 242.78712 -188.20105 -107.14306 NaN NaN NaN 88.02093 -153.21541 -81.49269 -23.95050 -219.33310 -92.01072
4251 0.07958 NaN NaN NaN 135.18031 -138.15642 -62.95090 242.78793 -188.18063 -107.12560 NaN NaN NaN 88.01468 -153.21672 -81.50524 -23.98773 -219.34282 -92.02291
4252 0.08793 NaN NaN NaN 135.19060 -138.14828 -62.96701 242.78850 -188.17488 -107.13965 NaN NaN NaN 88.01429 -153.20935 -81.50453 -23.98179 -219.35345 -92.02216
4253 0.09627 NaN NaN NaN 135.17261 -138.13663 -62.96609 242.79274 -188.19159 -107.12688 NaN NaN NaN 88.00042 -153.20996 -81.49729 -23.95300 -219.34494 -92.01945
4254 0.10461 NaN NaN NaN 135.19452 -138.13214 -62.97853 242.79349 -188.19049 -107.13963 NaN NaN NaN 87.99769 -153.20735 -81.48960 -23.97331 -219.31700 -92.03541
4255 0.11295 NaN NaN NaN 135.18155 -138.12843 -62.94843 242.80154 -188.19449 -107.12721 NaN NaN NaN 87.99432 -153.20844 -81.49553 -23.98936 -219.33322 -92.04117
4256 0.12130 NaN NaN NaN 135.19600 -138.16811 -62.95689 242.79994 -188.19234 -107.13674 NaN NaN NaN 88.00050 -153.20477 -81.49465 -23.99970 -219.31409 -92.03669
4257 0.12964 NaN NaN NaN 135.19212 -138.16626 -62.94313 242.80161 -188.18959 -107.11902 NaN NaN NaN 87.98777 -153.18994 -81.49576 -23.97535 -219.33113 -92.02157
4258 0.13798 NaN NaN NaN 135.19398 -138.17929 -62.96812 242.81049 -188.20055 -107.13506 NaN NaN NaN 87.99014 -153.20535 -81.49345 -23.96420 -219.32701 -92.03647
4259 0.14632 NaN NaN NaN 135.17798 -138.17476 -62.94747 242.80096 -188.20663 -107.11266 NaN NaN NaN 87.98096 -153.21651 -81.48858 -23.98030 -219.35564 -92.04226
4260 0.15467 NaN NaN NaN 135.19022 -138.14215 -62.95247 242.80232 -188.21136 -107.12724 NaN NaN NaN 87.97626 -153.19841 -81.50246 -23.98156 -219.33028 -92.04346
4261 0.16301 NaN NaN NaN 135.19724 -138.12877 -62.94954 242.79433 -188.20535 -107.11317 NaN NaN NaN 87.97978 -153.20419 -81.49381 -23.99004 -219.35672 -92.02934
4262 0.17135 NaN NaN NaN 135.20285 -138.12300 -62.95094 242.79971 -188.20477 -107.11651 NaN NaN NaN 87.98769 -153.20929 -81.48645 -23.98737 -219.33620 -92.04538
4263 0.17970 NaN NaN NaN 135.20297 -138.11243 -62.94031 242.79567 -188.20665 -107.10958 NaN NaN NaN 87.97311 -153.20790 -81.48067 -23.99813 -219.37241 -92.03399
4264 0.18804 NaN NaN NaN 135.20638 -138.14603 -62.92875 242.80113 -188.19734 -107.10781 NaN NaN NaN 87.96428 -153.21666 -81.46713 -24.00318 -219.37430 -92.04099
4265 0.19638 NaN NaN NaN 135.22577 -138.18291 -62.91108 242.81299 -188.20120 -107.10633 NaN NaN NaN 87.96413 -153.20758 -81.46518 -24.00199 -219.38506 -92.04270
4266 0.20472 NaN NaN NaN 135.24640 -138.21918 -62.88452 242.83038 -188.20061 -107.13605 NaN NaN NaN 87.97264 -153.21544 -81.46152 -23.99822 -219.34050 -92.05441
4267 0.21307 NaN NaN NaN 135.24510 -138.20581 -62.88470 242.82793 -188.21347 -107.13911 NaN NaN NaN 87.96785 -153.22470 -81.47018 -24.00311 -219.35818 -92.05230
4268 0.22141 NaN NaN NaN 135.24182 -138.19478 -62.90104 242.83745 -188.21123 -107.15725 NaN NaN NaN 87.96617 -153.21590 -81.46857 -23.98672 -219.32504 -92.06640
4269 0.22975 NaN NaN NaN 135.23621 -138.17157 -62.89751 242.84474 -188.19856 -107.11965 NaN NaN NaN 87.96788 -153.20509 -81.47217 -23.99089 -219.36346 -92.05189
4270 0.23810 NaN NaN NaN 135.24782 -138.16098 -62.88389 242.84048 -188.20650 -107.11064 NaN NaN NaN 87.96306 -153.19293 -81.47864 -23.98080 -219.35706 -92.04008
4271 0.24644 NaN NaN NaN 135.23711 -138.16750 -62.89666 242.82735 -188.19580 -107.11768 NaN NaN NaN 87.97272 -153.19299 -81.48540 -23.99797 -219.37505 -92.05883
4272 0.25478 NaN NaN NaN 135.23027 -138.17323 -62.91339 242.83897 -188.20522 -107.12740 NaN NaN NaN 87.97323 -153.18277 -81.47775 -23.99059 -219.36864 -92.05115
4273 0.26312 NaN NaN NaN 135.23706 -138.16550 -62.91825 242.83691 -188.21700 -107.11631 NaN NaN NaN 87.96566 -153.18980 -81.48753 -23.98246 -219.36113 -92.05126
4274 0.27147 NaN NaN NaN 135.25243 -138.17769 -62.91116 242.84581 -188.22813 -107.14576 NaN NaN NaN 87.97696 -153.19014 -81.47762 -23.97452 -219.34462 -92.05539
4275 0.27981 NaN NaN NaN 135.25508 -138.16737 -62.89015 242.85696 -188.20520 -107.13686 NaN NaN NaN 87.96911 -153.19211 -81.47153 -23.97201 -219.34108 -92.07185
4276 0.28815 NaN NaN NaN 135.27248 -138.20879 -62.85553 242.87360 -188.21538 -107.17017 NaN NaN NaN 87.96481 -153.20569 -81.45622 -23.98623 -219.33151 -92.06993
4277 0.29649 NaN NaN NaN 135.28969 -138.23631 -62.81321 242.89041 -188.24149 -107.18419 NaN NaN NaN 87.96305 -153.20029 -81.46158 -24.01297 -219.33537 -92.08144
4278 0.30484 NaN NaN NaN 135.30560 -138.26471 -62.78822 242.90520 -188.24493 -107.18105 NaN NaN NaN 87.95525 -153.19841 -81.45565 -23.99675 -219.32727 -92.06822
4279 0.31318 NaN NaN NaN 135.30370 -138.26097 -62.80490 242.91039 -188.23404 -107.14458 NaN NaN NaN 87.96088 -153.19508 -81.46569 -23.96953 -219.30084 -92.07353
4280 0.32152 NaN NaN NaN 135.29524 -138.24571 -62.83337 242.90610 -188.23163 -107.15567 NaN NaN NaN 87.95793 -153.19814 -81.46632 -23.97746 -219.31995 -92.06295
4281 0.32987 NaN NaN NaN 135.28424 -138.23212 -62.85925 242.89500 -188.22801 -107.14532 NaN NaN NaN 87.96648 -153.18753 -81.47327 -23.97766 -219.31378 -92.05994
4282 0.33821 NaN NaN NaN 135.28996 -138.21423 -62.85632 242.88310 -188.21309 -107.15486 NaN NaN NaN 87.97871 -153.19339 -81.46845 -23.98055 -219.33125 -92.05460
4283 0.34655 NaN NaN NaN 135.28284 -138.18575 -62.84520 242.87743 -188.20311 -107.14422 NaN NaN NaN 87.96368 -153.18900 -81.47018 -23.98524 -219.32248 -92.05259
4284 0.35489 NaN NaN NaN 135.28024 -138.18605 -62.86142 242.87231 -188.19785 -107.15212 NaN NaN NaN 87.95852 -153.16603 -81.47066 -23.98971 -219.32930 -92.05485
4285 0.36324 NaN NaN NaN 135.29048 -138.17026 -62.85086 242.87589 -188.19565 -107.13996 NaN NaN NaN 87.95827 -153.16132 -81.47536 -23.99286 -219.31343 -92.07234
4286 0.37158 NaN NaN NaN 135.28329 -138.17505 -62.86316 242.87096 -188.20305 -107.15314 NaN NaN NaN 87.95660 -153.16399 -81.47998 -23.97931 -219.31862 -92.03853
4287 0.37992 NaN NaN NaN 135.28398 -138.16394 -62.86002 242.86240 -188.18260 -107.13500 NaN NaN NaN 87.95369 -153.16119 -81.47884 -23.97822 -219.31384 -92.05099
4288 0.38826 NaN NaN NaN 135.29135 -138.17471 -62.85391 242.87161 -188.18596 -107.15469 NaN NaN NaN 87.95095 -153.16014 -81.47494 -23.98133 -219.31863 -92.05512
4289 0.39661 NaN NaN NaN 135.28708 -138.15952 -62.85082 242.86314 -188.18105 -107.14308 NaN NaN NaN 87.95246 -153.15117 -81.47021 -24.00462 -219.30177 -92.05949
4290 0.40495 NaN NaN NaN 135.28127 -138.16866 -62.85006 242.86420 -188.17896 -107.16093 NaN NaN NaN 87.93833 -153.15759 -81.46875 -23.99641 -219.31421 -92.05753
4291 0.41329 NaN NaN NaN 135.27928 -138.14986 -62.84498 242.87013 -188.18762 -107.13356 NaN NaN NaN 87.92617 -153.15172 -81.46670 -24.00608 -219.31841 -92.06085
4292 0.42164 NaN NaN NaN 135.28737 -138.15852 -62.84300 242.86539 -188.18869 -107.15137 NaN NaN NaN 87.92554 -153.14574 -81.47002 -24.00009 -219.32048 -92.04800
4293 0.42998 NaN NaN NaN 135.28404 -138.15469 -62.84571 242.86835 -188.18727 -107.13773 NaN NaN NaN 87.90333 -153.11539 -81.47878 -24.00589 -219.27974 -92.06109
4294 0.43832 NaN NaN NaN 135.28403 -138.15402 -62.84942 242.85989 -188.17479 -107.15223 NaN NaN NaN 87.88648 -153.10950 -81.47659 -24.00687 -219.28239 -92.06814
4295 0.44666 NaN NaN NaN 135.29535 -138.14278 -62.84967 242.85449 -188.17084 -107.13713 NaN NaN NaN 87.88813 -153.08572 -81.48905 -24.00671 -219.24896 -92.06912
4296 0.45501 NaN NaN NaN 135.30080 -138.13171 -62.83981 242.85840 -188.18225 -107.13421 NaN NaN NaN 87.89140 -153.05322 -81.49802 -24.01322 -219.26315 -92.07706
4297 0.46335 NaN NaN NaN 135.29758 -138.12062 -62.84824 242.86568 -188.17863 -107.11333 NaN NaN NaN 87.88116 -153.02396 -81.49953 -24.01906 -219.24301 -92.06669
4298 0.47169 NaN NaN NaN 135.30112 -138.10452 -62.83170 242.86339 -188.19467 -107.11241 NaN NaN NaN 87.85534 -152.99332 -81.51319 -24.01827 -219.25438 -92.06432
4299 0.48003 NaN NaN NaN 135.31154 -138.11324 -62.81195 242.87375 -188.18277 -107.10792 NaN NaN NaN 87.85589 -152.99522 -81.50621 -24.02345 -219.24219 -92.06532
4300 0.48838 NaN NaN NaN 135.32370 -138.10767 -62.80898 242.87494 -188.16751 -107.09730 NaN NaN NaN 87.85542 -152.99629 -81.51610 -24.02919 -219.24455 -92.06402
4301 0.49672 NaN NaN NaN 135.33084 -138.10367 -62.80247 242.88495 -188.17316 -107.11250 NaN NaN NaN 87.85493 -153.00749 -81.49450 -24.02210 -219.24362 -92.05780
4302 0.50506 NaN NaN NaN 135.31465 -138.11179 -62.81607 242.89687 -188.17889 -107.08745 NaN NaN NaN 87.85782 -153.02150 -81.49502 -24.01201 -219.24706 -92.06097
4303 0.51341 NaN NaN NaN 135.31917 -138.10890 -62.80622 242.88324 -188.18005 -107.09707 NaN NaN NaN 87.86473 -153.01306 -81.48195 -24.02017 -219.23329 -92.05552
4304 0.52175 NaN NaN NaN 135.33110 -138.10635 -62.80875 242.89304 -188.18411 -107.07147 NaN NaN NaN 87.85809 -153.00409 -81.48740 -24.02879 -219.25711 -92.05756
4305 0.53009 NaN NaN NaN 135.34210 -138.10875 -62.79946 242.90584 -188.19212 -107.09373 NaN NaN NaN 87.86067 -152.99557 -81.48766 -24.03845 -219.24507 -92.04885
4306 0.53843 NaN NaN NaN 135.34776 -138.11472 -62.80525 242.92114 -188.18674 -107.07388 NaN NaN NaN 87.85094 -152.99304 -81.49131 -24.01994 -219.25633 -92.04105
4307 0.54678 NaN NaN NaN 135.35651 -138.12592 -62.80207 242.93526 -188.18958 -107.09368 NaN NaN NaN 87.85709 -152.99005 -81.48667 -24.00492 -219.23042 -92.03703
4308 0.55512 NaN NaN NaN 135.35884 -138.10614 -62.81068 242.93256 -188.17801 -107.09060 NaN NaN NaN 87.85568 -152.98450 -81.50320 -24.00258 -219.24474 -92.04324
4309 0.56346 NaN NaN NaN 135.36752 -138.12732 -62.79272 242.94247 -188.19341 -107.09921 NaN NaN NaN 87.84406 -152.96193 -81.49306 -24.00649 -219.23349 -92.03215
4310 0.57180 NaN NaN NaN 135.38588 -138.11992 -62.79211 242.95439 -188.22054 -107.08393 NaN NaN NaN 87.85093 -152.95439 -81.50431 -24.00830 -219.24858 -92.04305
4311 0.58015 NaN NaN NaN 135.38116 -138.14340 -62.78767 242.96689 -188.21758 -107.09888 NaN NaN NaN 87.84004 -152.94019 -81.49316 -24.01246 -219.22549 -92.03646
4312 0.58849 NaN NaN NaN 135.38818 -138.14088 -62.79028 242.96744 -188.21126 -107.08650 NaN NaN NaN 87.83868 -152.92622 -81.49966 -24.01310 -219.23608 -92.03217
4313 0.59683 NaN NaN NaN 135.38359 -138.15034 -62.77206 242.97058 -188.21494 -107.08537 NaN NaN NaN 87.82587 -152.93277 -81.48773 -24.02113 -219.21889 -92.03519
4314 0.60518 NaN NaN NaN 135.38147 -138.12967 -62.77610 242.97295 -188.22879 -107.08803 NaN NaN NaN 87.81715 -152.91641 -81.49855 -24.03032 -219.22115 -92.02891
4315 0.61352 NaN NaN NaN 135.38629 -138.13419 -62.76787 242.96648 -188.23897 -107.08588 NaN NaN NaN 87.81627 -152.91946 -81.48447 -24.03466 -219.21121 -92.03348
4316 0.62186 NaN NaN NaN 135.39296 -138.11862 -62.77427 242.97710 -188.23973 -107.05240 NaN NaN NaN 87.82131 -152.91460 -81.48346 -24.02760 -219.20746 -92.03842
4317 0.63020 NaN NaN NaN 135.39038 -138.13062 -62.75775 242.97940 -188.20956 -107.06556 NaN NaN NaN 87.82040 -152.90515 -81.48225 -24.03195 -219.20013 -92.03143
4318 0.63855 NaN NaN NaN 135.38644 -138.12567 -62.75369 242.97536 -188.21350 -107.07329 NaN NaN NaN 87.80101 -152.89473 -81.48499 -24.04194 -219.21210 -92.02361
4319 0.64689 NaN NaN NaN 135.37759 -138.14444 -62.76215 242.95908 -188.21992 -107.08298 NaN NaN NaN 87.79541 -152.89848 -81.47897 -24.04797 -219.21190 -92.03790
4320 0.65523 NaN NaN NaN 135.37909 -138.13040 -62.77083 242.96988 -188.22867 -107.06457 NaN NaN NaN 87.79456 -152.90236 -81.48412 -24.04638 -219.20580 -92.04028
4321 0.66358 NaN NaN NaN 135.38087 -138.14259 -62.75810 242.95976 -188.23676 -107.05540 NaN NaN NaN 87.79395 -152.90414 -81.47241 -24.03988 -219.20613 -92.03754
4322 0.67192 NaN NaN NaN 135.37645 -138.13339 -62.75904 242.94600 -188.22539 -107.07241 NaN NaN NaN 87.80127 -152.90807 -81.47636 -24.03667 -219.23210 -92.03480
4323 0.68026 NaN NaN NaN 135.37639 -138.15437 -62.74705 242.94212 -188.21678 -107.09499 NaN NaN NaN 87.79292 -152.89700 -81.46919 -24.04539 -219.22881 -92.04726
4324 0.68860 NaN NaN NaN 135.38632 -138.15930 -62.75046 242.95636 -188.22258 -107.07468 NaN NaN NaN 87.77399 -152.90611 -81.47234 -24.05905 -219.23724 -92.05760
4325 0.69695 NaN NaN NaN 135.38849 -138.16464 -62.74921 242.96513 -188.23233 -107.08273 NaN NaN NaN 87.78532 -152.91435 -81.46090 -24.07235 -219.21590 -92.06049
4326 0.70529 NaN NaN NaN 135.38414 -138.16609 -62.74264 242.96324 -188.25098 -107.07449 NaN NaN NaN 87.78089 -152.90710 -81.47643 -24.04254 -219.21040 -92.06928
4327 0.71363 NaN NaN NaN 135.37982 -138.16699 -62.74359 242.96152 -188.25406 -107.08364 NaN NaN NaN 87.76385 -152.90634 -81.47290 -24.05029 -219.21521 -92.06271
4328 0.72197 NaN NaN NaN 135.38869 -138.16568 -62.74765 242.95566 -188.24153 -107.09812 NaN NaN NaN 87.78065 -152.90784 -81.48058 -24.06524 -219.23042 -92.05862
4329 0.73032 NaN NaN NaN 135.37631 -138.15404 -62.74112 242.96835 -188.23483 -107.09890 NaN NaN NaN 87.79247 -152.90567 -81.46991 -24.06875 -219.22693 -92.06549
4330 0.73866 NaN NaN NaN 135.38245 -138.16261 -62.74655 242.96844 -188.25368 -107.09545 NaN NaN NaN 87.79121 -152.89557 -81.48122 -24.09366 -219.24075 -92.05678
4331 0.74700 NaN NaN NaN 135.38037 -138.17700 -62.75095 242.95790 -188.25331 -107.09686 NaN NaN NaN 87.76749 -152.89273 -81.48289 -24.06360 -219.22221 -92.06123
4332 0.75535 NaN NaN NaN 135.39856 -138.20341 -62.74186 242.95557 -188.26030 -107.09106 NaN NaN NaN 87.77837 -152.89587 -81.49350 -24.05970 -219.24277 -92.06496
4333 0.76369 NaN NaN NaN 135.38670 -138.19099 -62.73177 242.96169 -188.24748 -107.09309 NaN NaN NaN 87.78444 -152.89944 -81.48151 -24.05246 -219.22986 -92.05952
4334 0.77203 NaN NaN NaN 135.38707 -138.20290 -62.73195 242.96669 -188.24472 -107.08762 NaN NaN NaN 87.78423 -152.88968 -81.48393 -24.05222 -219.23039 -92.06452
4335 0.78037 NaN NaN NaN 135.38438 -138.21661 -62.72627 242.97534 -188.25282 -107.08603 NaN NaN NaN 87.77531 -152.88065 -81.48185 -24.05111 -219.22211 -92.05386
4336 0.78872 NaN NaN NaN 135.39265 -138.22025 -62.72530 242.97165 -188.25681 -107.08659 NaN NaN NaN 87.76862 -152.90164 -81.49356 -24.05477 -219.25252 -92.05775
4337 0.79706 NaN NaN NaN 135.39503 -138.22302 -62.72099 242.96901 -188.28912 -107.07979 NaN NaN NaN 87.75835 -152.88918 -81.47701 -24.04372 -219.23547 -92.05042
4338 0.80540 NaN NaN NaN 135.40152 -138.21297 -62.72657 242.98566 -188.29254 -107.07650 NaN NaN NaN 87.77148 -152.91127 -81.47694 -24.06522 -219.25616 -92.05985
4339 0.81374 NaN NaN NaN 135.40419 -138.19745 -62.70109 242.98442 -188.28809 -107.06845 NaN NaN NaN 87.77146 -152.92661 -81.46822 -24.05899 -219.25429 -92.07163
4340 0.82209 NaN NaN NaN 135.39883 -138.20430 -62.71935 242.98293 -188.27541 -107.05603 NaN NaN NaN 87.77639 -152.94299 -81.46271 -24.05025 -219.27287 -92.08144
4341 0.83043 NaN NaN NaN 135.39182 -138.20782 -62.72405 242.99525 -188.28470 -107.06191 NaN NaN NaN 87.75418 -152.94804 -81.44725 -24.07940 -219.26682 -92.07935
4342 0.83877 NaN NaN NaN 135.39505 -138.23503 -62.70731 243.00000 -188.27849 -107.05119 NaN NaN NaN 87.71043 -152.99677 -81.46165 -24.13982 -219.29106 -92.08406
4343 0.84712 NaN NaN NaN 135.40599 -138.22334 -62.68721 243.00386 -188.28099 -107.04678 NaN NaN NaN 87.71058 -153.00447 -81.44958 -24.17477 -219.28876 -92.08345
4344 0.85546 NaN NaN NaN 135.41434 -138.22272 -62.70779 242.99121 -188.27831 -107.05041 NaN NaN NaN 87.71206 -153.00743 -81.42690 -24.14077 -219.29471 -92.09747
4345 0.86380 NaN NaN NaN 135.40463 -138.20010 -62.69172 242.99564 -188.27505 -107.05043 NaN NaN NaN 87.69645 -153.00827 -81.41390 -24.17163 -219.29945 -92.09019
4346 0.87214 NaN NaN NaN 135.41281 -138.19490 -62.70160 242.99550 -188.26884 -107.05543 NaN NaN NaN 87.66524 -153.01839 -81.41197 -24.19339 -219.32260 -92.12368
4347 0.88049 NaN NaN NaN 135.40744 -138.19536 -62.67141 243.01666 -188.27600 -107.06203 NaN NaN NaN 87.66137 -153.05290 -81.36024 -24.24299 -219.30595 -92.15179
4348 0.88883 NaN NaN NaN 135.45085 -138.21022 -62.64102 243.03171 -188.27161 -107.06433 NaN NaN NaN 87.64137 -153.06522 -81.32283 -24.25784 -219.29276 -92.17680
4349 0.89717 NaN NaN NaN 135.46732 -138.23305 -62.60083 243.03685 -188.27336 -107.08137 NaN NaN NaN 87.61200 -153.04207 -81.34753 -24.27207 -219.26672 -92.18457
4350 0.90551 NaN NaN NaN 135.50465 -138.27019 -62.58607 243.03995 -188.27916 -107.07995 NaN NaN NaN 87.58122 -153.01439 -81.36461 -24.28222 -219.26659 -92.21011
4351 0.91386 NaN NaN NaN 135.52658 -138.28258 -62.57510 243.05321 -188.27283 -107.09647 NaN NaN NaN 87.56859 -152.98874 -81.33791 -24.34080 -219.25394 -92.20591
4352 0.92220 NaN NaN NaN 135.55655 -138.27271 -62.56528 243.07367 -188.23505 -107.11801 NaN NaN NaN 87.54926 -152.96291 -81.31840 -24.37456 -219.22906 -92.22009
4353 0.93054 NaN NaN NaN 135.56419 -138.26649 -62.57368 243.10234 -188.21739 -107.10085 NaN NaN NaN 87.53364 -152.93336 -81.30724 -24.35641 -219.18106 -92.23090
4354 0.93889 NaN NaN NaN 135.59619 -138.23712 -62.57765 243.11913 -188.19182 -107.10157 NaN NaN NaN 87.50826 -152.89009 -81.31323 -24.36159 -219.13690 -92.25475
4355 0.94723 NaN NaN NaN 135.60510 -138.20966 -62.57394 243.11652 -188.16583 -107.12067 NaN NaN NaN 87.50718 -152.84955 -81.32845 -24.36787 -219.09174 -92.24380
4356 0.95557 NaN NaN NaN 135.61839 -138.17006 -62.58659 243.12888 -188.13512 -107.13344 NaN NaN NaN 87.49557 -152.82060 -81.35344 -24.35197 -219.03052 -92.24456
4357 0.96391 NaN NaN NaN 135.62985 -138.13795 -62.59445 243.15070 -188.10510 -107.13726 NaN NaN NaN 87.49733 -152.75772 -81.33903 -24.36823 -218.97707 -92.23863
4358 0.97226 NaN NaN NaN 135.62357 -138.10577 -62.60366 243.16487 -188.08540 -107.15578 NaN NaN NaN 87.48679 -152.71672 -81.34655 -24.33818 -218.91330 -92.25014
4359 0.98060 NaN NaN NaN 135.64606 -138.04286 -62.64164 243.16643 -188.06287 -107.15967 NaN NaN NaN 87.49562 -152.65196 -81.34251 -24.35931 -218.87314 -92.24483
4360 0.98894 NaN NaN NaN 135.65694 -137.98849 -62.65282 243.18428 -188.06534 -107.14255 NaN NaN NaN 87.49528 -152.62340 -81.34629 -24.32440 -218.83452 -92.24968
4361 0.99728 NaN NaN NaN 135.66988 -137.95332 -62.66101 243.17441 -188.03102 -107.14861 NaN NaN NaN 87.50955 -152.56996 -81.31280 -24.30490 -218.82646 -92.24142
4362 1.00563 NaN NaN NaN 135.66676 -137.92593 -62.67059 243.17937 -188.01167 -107.15368 NaN NaN NaN 87.51363 -152.54909 -81.27615 -24.34203 -218.80946 -92.22856
4363 1.01397 NaN NaN NaN 135.67651 -137.92252 -62.65794 243.18872 -187.97726 -107.17406 NaN NaN NaN 87.52353 -152.53781 -81.23449 -24.37297 -218.80730 -92.23157
4364 1.02231 NaN NaN NaN 135.66776 -137.92073 -62.65358 243.19470 -187.96497 -107.15562 NaN NaN NaN 87.52365 -152.53844 -81.17252 -24.38099 -218.78961 -92.24438
4365 1.03066 NaN NaN NaN 135.69005 -137.91667 -62.61963 243.20465 -187.95271 -107.15674 NaN NaN NaN 87.51906 -152.54024 -81.14198 -24.38202 -218.76607 -92.26210
4366 1.03900 NaN NaN NaN 135.68451 -137.94870 -62.58842 243.20552 -187.96384 -107.13148 NaN NaN NaN 87.51719 -152.54301 -81.10867 -24.35906 -218.72993 -92.31741
4367 1.04734 NaN NaN NaN 135.70007 -137.96165 -62.56225 243.20717 -187.97383 -107.11794 NaN NaN NaN 87.49178 -152.53702 -81.04893 -24.38700 -218.70807 -92.32395
4368 1.05568 NaN NaN NaN 135.69342 -137.98943 -62.54565 243.20723 -187.98013 -107.07912 NaN NaN NaN 87.47424 -152.53786 -81.01414 -24.39310 -218.67134 -92.34060
4369 1.06403 NaN NaN NaN 135.68166 -137.98648 -62.53266 243.19016 -187.99774 -107.08352 NaN NaN NaN 87.43595 -152.54065 -80.97267 -24.41462 -218.64549 -92.36089
4370 1.07237 NaN NaN NaN 135.66711 -137.98264 -62.52586 243.18912 -187.99400 -107.05962 NaN NaN NaN 87.41252 -152.55489 -80.93214 -24.40644 -218.61757 -92.37820
4371 1.08071 NaN NaN NaN 135.66162 -137.97498 -62.51846 243.17595 -188.01173 -107.03025 NaN NaN NaN 87.41473 -152.56215 -80.90187 -24.44392 -218.59872 -92.37740
4372 1.08905 NaN NaN NaN 135.64238 -137.93546 -62.51344 243.17017 -187.99619 -107.00874 NaN NaN NaN 87.41146 -152.57378 -80.85315 -24.45111 -218.58955 -92.41446
4373 1.09740 NaN NaN NaN 135.63394 -137.91321 -62.49088 243.14981 -187.98380 -106.99778 NaN NaN NaN 87.41045 -152.59598 -80.75606 -24.48321 -218.54718 -92.42126
4374 1.10574 NaN NaN NaN 135.62524 -137.89273 -62.51217 243.13504 -187.96507 -107.00288 NaN NaN NaN 87.42474 -152.61221 -80.70430 -24.49713 -218.51906 -92.44945
4375 1.11408 NaN NaN NaN 135.62825 -137.86989 -62.52895 243.13448 -187.98192 -106.97418 NaN NaN NaN 87.41607 -152.62349 -80.67094 -24.52310 -218.52553 -92.43800
4376 1.12243 NaN NaN NaN 135.60739 -137.85202 -62.53724 243.13223 -187.97112 -107.00698 NaN NaN NaN 87.40063 -152.60687 -80.63949 -24.52569 -218.52737 -92.43798
4377 1.13077 NaN NaN NaN 135.60541 -137.84201 -62.54309 243.13066 -187.97760 -107.01700 NaN NaN NaN 87.39067 -152.61302 -80.63370 -24.53547 -218.53903 -92.43702
4378 1.13911 NaN NaN NaN 135.61049 -137.83653 -62.54222 243.13428 -187.94760 -107.03378 NaN NaN NaN 87.35310 -152.61079 -80.62049 -24.56143 -218.55338 -92.45345
4379 1.14745 NaN NaN NaN 135.62009 -137.85623 -62.55057 243.13396 -187.92899 -107.07533 NaN NaN NaN 87.33588 -152.63504 -80.59879 -24.59936 -218.56543 -92.45346
4380 1.15580 NaN NaN NaN 135.63089 -137.86974 -62.54538 243.15154 -187.91264 -107.07896 NaN NaN NaN 87.33357 -152.63879 -80.59002 -24.61168 -218.53883 -92.46265
4381 1.16414 NaN NaN NaN 135.65657 -137.89418 -62.54187 243.16560 -187.91557 -107.10731 NaN NaN NaN 87.32063 -152.66585 -80.56109 -24.62419 -218.54466 -92.49466
4382 1.17248 NaN NaN NaN 135.66029 -137.91304 -62.53966 243.16817 -187.89226 -107.10754 NaN NaN NaN 87.28462 -152.70195 -80.52488 -24.63610 -218.54712 -92.56465
4383 1.18083 NaN NaN NaN 135.67912 -137.92184 -62.52410 243.18425 -187.88374 -107.13529 NaN NaN NaN 87.27495 -152.75169 -80.46878 -24.65551 -218.55252 -92.54961
4384 1.18917 NaN NaN NaN 135.69374 -137.96220 -62.50274 243.19278 -187.89052 -107.14090 NaN NaN NaN 87.28403 -152.76813 -80.42572 -24.68112 -218.55719 -92.58942
4385 1.19751 NaN NaN NaN 135.70892 -137.96677 -62.50138 243.19653 -187.89531 -107.16595 NaN NaN NaN 87.24852 -152.78040 -80.35074 -24.68174 -218.59529 -92.56586
4386 1.20585 NaN NaN NaN 135.69838 -137.98433 -62.47041 243.20081 -187.88910 -107.15658 NaN NaN NaN 87.23956 -152.80429 -80.30415 -24.69933 -218.63159 -92.58250
4387 1.21420 NaN NaN NaN 135.71753 -137.99142 -62.45038 243.19543 -187.87494 -107.17567 NaN NaN NaN 87.22687 -152.82776 -80.27896 -24.73171 -218.64731 -92.56897
4388 1.22254 NaN NaN NaN 135.71780 -137.99855 -62.42133 243.20413 -187.85999 -107.17500 NaN NaN NaN 87.22363 -152.86742 -80.22627 -24.75709 -218.65431 -92.64494
4389 1.23088 NaN NaN NaN 135.72200 -138.00450 -62.42818 243.19865 -187.84874 -107.17873 NaN NaN NaN 87.20500 -152.89912 -80.16055 -24.75707 -218.67641 -92.67115
4390 1.23922 NaN NaN NaN 135.71956 -138.00108 -62.41340 243.19336 -187.85431 -107.16549 NaN NaN NaN 87.21560 -152.91493 -80.12713 -24.76764 -218.68517 -92.71040
4391 1.24757 NaN NaN NaN 135.71132 -138.03993 -62.42010 243.21008 -187.86282 -107.19437 NaN NaN NaN 87.21269 -152.93456 -80.11189 -24.74111 -218.71571 -92.69208
4392 1.25591 NaN NaN NaN 135.72607 -138.08760 -62.40075 243.22275 -187.88069 -107.19894 NaN NaN NaN 87.21975 -152.94713 -80.10114 -24.73877 -218.72342 -92.70837
4393 1.26425 NaN NaN NaN 135.74463 -138.13147 -62.38220 243.24570 -187.90208 -107.21809 NaN NaN NaN 87.21259 -152.97951 -80.08674 -24.73737 -218.74179 -92.70146
4394 1.27260 NaN NaN NaN 135.77640 -138.16197 -62.38667 243.26114 -187.91518 -107.23772 NaN NaN NaN 87.19315 -152.99707 -80.07275 -24.77258 -218.75064 -92.75153
4395 1.28094 NaN NaN NaN 135.75719 -138.19891 -62.34554 243.25880 -187.92812 -107.24107 NaN NaN NaN 87.18497 -153.02499 -80.06461 -24.78441 -218.77849 -92.77090
4396 1.28928 NaN NaN NaN 135.74673 -138.22345 -62.36306 243.27217 -187.95149 -107.24153 NaN NaN NaN 87.15336 -153.04135 -80.04932 -24.81810 -218.81638 -92.78686
4397 1.29762 NaN NaN NaN 135.73335 -138.25969 -62.31725 243.26535 -187.95433 -107.23560 NaN NaN NaN 87.14398 -153.08025 -80.03127 -24.82673 -218.84753 -92.79762
4398 1.30597 NaN NaN NaN 135.75496 -138.28236 -62.30677 243.27629 -187.97356 -107.22605 NaN NaN NaN 87.12876 -153.07381 -80.02293 -24.85133 -218.86304 -92.82175
4399 1.31431 NaN NaN NaN 135.74724 -138.29927 -62.29191 243.27209 -187.99980 -107.21833 NaN NaN NaN 87.10641 -153.08444 -80.02831 -24.84511 -218.85728 -92.81640
4400 1.32265 NaN NaN NaN 135.74768 -138.31787 -62.28364 243.26544 -187.99756 -107.21654 NaN NaN NaN 87.09627 -153.10492 -80.01926 -24.86466 -218.84961 -92.83517
4401 1.33099 NaN NaN NaN 135.74557 -138.33984 -62.27314 243.26561 -188.00761 -107.21709 NaN NaN NaN 87.06789 -153.12370 -80.00789 -24.84375 -218.86090 -92.82964
4402 1.33934 NaN NaN NaN 135.73656 -138.35042 -62.26324 243.27596 -188.00061 -107.20974 NaN NaN NaN 87.04711 -153.16068 -80.00249 -24.85956 -218.89470 -92.83543
4403 1.34768 NaN NaN NaN 135.74240 -138.37300 -62.25102 243.26744 -188.01974 -107.20641 NaN NaN NaN 87.02727 -153.18768 -80.00812 -24.87508 -218.91017 -92.83183
4404 1.35602 NaN NaN NaN 135.73647 -138.35837 -62.25428 243.26892 -188.01726 -107.21305 NaN NaN NaN 87.00406 -153.20107 -79.99300 -24.89148 -218.91942 -92.83990
4405 1.36437 NaN NaN NaN 135.73799 -138.36882 -62.24552 243.26988 -188.02272 -107.20829 NaN NaN NaN 86.98914 -153.20529 -79.99495 -24.91857 -218.91850 -92.85545
4406 1.37271 NaN NaN NaN 135.73720 -138.36267 -62.24904 243.27022 -188.00380 -107.23415 NaN NaN NaN 86.99288 -153.21681 -80.01575 -24.93546 -218.91837 -92.84526
4407 1.38105 NaN NaN NaN 135.75458 -138.35985 -62.25706 243.27184 -188.01848 -107.21821 NaN NaN NaN 86.97469 -153.19374 -80.02065 -24.93547 -218.93044 -92.83302
4408 1.38939 NaN NaN NaN 135.76172 -138.34807 -62.27702 243.28493 -187.99501 -107.22672 NaN NaN NaN 86.95738 -153.18919 -80.03453 -24.96771 -218.91858 -92.83724
4409 1.39774 NaN NaN NaN 135.77219 -138.33305 -62.28813 243.28792 -187.99725 -107.23346 NaN NaN NaN 86.93171 -153.18401 -80.04879 -24.96138 -218.93613 -92.83690
4410 1.40608 NaN NaN NaN 135.76242 -138.32501 -62.29742 243.28108 -187.98503 -107.23739 NaN NaN NaN 86.92379 -153.17610 -80.05455 -24.94852 -218.93810 -92.83524
4411 1.41442 NaN NaN NaN 135.77284 -138.28654 -62.31552 243.28743 -187.97852 -107.24590 NaN NaN NaN 86.91117 -153.17924 -80.06543 -24.96482 -218.95320 -92.81419
4412 1.42276 NaN NaN NaN 135.76004 -138.29854 -62.33917 243.29253 -187.96475 -107.26287 NaN NaN NaN 86.91374 -153.16260 -80.07605 -25.00571 -218.93628 -92.81337
4413 1.43111 NaN NaN NaN 135.76657 -138.29689 -62.34890 243.31476 -187.94527 -107.27212 NaN NaN NaN 86.94096 -153.13762 -80.08755 -25.00131 -218.93416 -92.78561
4414 1.43945 NaN NaN NaN 135.76608 -138.28015 -62.35765 243.31772 -187.92209 -107.27335 NaN NaN NaN 86.94608 -153.12213 -80.10279 -24.99769 -218.90950 -92.77470
4415 1.44779 NaN NaN NaN 135.79788 -138.24030 -62.36450 243.32236 -187.91504 -107.27356 NaN NaN NaN 86.95834 -153.10110 -80.11661 -24.97775 -218.89401 -92.77992
4416 1.45614 NaN NaN NaN 135.79840 -138.22330 -62.37778 243.32329 -187.90990 -107.27414 NaN NaN NaN 86.96843 -153.08456 -80.14428 -24.93122 -218.83440 -92.73723
4417 1.46448 NaN NaN NaN 135.82043 -138.23473 -62.37697 243.33757 -187.88684 -107.27814 NaN NaN NaN 86.97626 -153.04250 -80.19076 -24.90624 -218.83897 -92.73795
4418 1.47282 NaN NaN NaN 135.82179 -138.19357 -62.39293 243.33316 -187.87764 -107.28194 NaN NaN NaN 86.97513 -153.02037 -80.22404 -24.88459 -218.84041 -92.74458
4419 1.48116 NaN NaN NaN 135.83247 -138.21179 -62.37168 243.34349 -187.87738 -107.27221 NaN NaN NaN 86.97807 -153.00468 -80.23849 -24.89969 -218.83528 -92.74224
4420 1.48951 NaN NaN NaN 135.83751 -138.21465 -62.37763 243.36914 -187.87317 -107.26435 NaN NaN NaN 86.97283 -152.99954 -80.25533 -24.89558 -218.86578 -92.75671
4421 1.49785 NaN NaN NaN 135.84869 -138.20030 -62.39327 243.36990 -187.86530 -107.26704 NaN NaN NaN 86.97945 -152.99457 -80.26616 -24.91642 -218.84489 -92.73974
4422 1.50619 NaN NaN NaN 135.84816 -138.17827 -62.39367 243.38739 -187.84258 -107.26358 NaN NaN NaN 86.96703 -152.99432 -80.26326 -24.93929 -218.84058 -92.75708
4423 1.51453 NaN NaN NaN 135.84131 -138.15308 -62.39999 243.38724 -187.83717 -107.25669 NaN NaN NaN 86.94827 -153.00610 -80.25510 -24.91863 -218.83801 -92.75284
4424 1.52288 NaN NaN NaN 135.84601 -138.09940 -62.39802 243.39410 -187.81375 -107.25368 NaN NaN NaN 86.93714 -152.98846 -80.24306 -24.92338 -218.82401 -92.73465
4425 1.53122 NaN NaN NaN 135.87622 -138.07338 -62.38172 243.39813 -187.78778 -107.24287 NaN NaN NaN 86.93349 -152.99702 -80.24577 -24.94914 -218.83400 -92.74248
4426 1.53956 NaN NaN NaN 135.87776 -138.04907 -62.37106 243.40689 -187.76653 -107.22156 NaN NaN NaN 86.92266 -152.94531 -80.26810 -24.97666 -218.83475 -92.74788
4427 1.54791 NaN NaN NaN 135.87054 -138.04669 -62.35929 243.41650 -187.76869 -107.21330 NaN NaN NaN 86.92420 -152.95139 -80.28938 -24.94892 -218.84732 -92.75112
4428 1.55625 NaN NaN NaN 135.87724 -138.00233 -62.34461 243.42775 -187.77705 -107.17567 NaN NaN NaN 86.91109 -152.93930 -80.28633 -24.98396 -218.86916 -92.76679
4429 1.56459 NaN NaN NaN 135.85585 -137.97864 -62.30719 243.39696 -187.78351 -107.17725 NaN NaN NaN 86.90044 -152.95107 -80.30172 -24.98665 -218.84331 -92.75073
4430 1.57293 NaN NaN NaN 135.85402 -138.00279 -62.31432 243.38794 -187.77965 -107.13902 NaN NaN NaN 86.90480 -152.94446 -80.31467 -24.99033 -218.82272 -92.76624
4431 1.58128 NaN NaN NaN 135.84280 -137.98459 -62.28934 243.37848 -187.78085 -107.10789 NaN NaN NaN 86.88833 -152.92317 -80.33762 -24.98600 -218.75726 -92.76991
4432 1.58962 NaN NaN NaN 135.84102 -137.97479 -62.28420 243.38629 -187.78500 -107.09068 NaN NaN NaN 86.86868 -152.88293 -80.37077 -24.99827 -218.73186 -92.75559
4433 1.59796 NaN NaN NaN 135.83501 -137.93489 -62.28396 243.37587 -187.75795 -107.07570 NaN NaN NaN 86.85896 -152.83623 -80.37730 -24.99316 -218.72037 -92.75333
4434 1.60630 NaN NaN NaN 135.83543 -137.90445 -62.28476 243.37141 -187.75600 -107.05988 NaN NaN NaN 86.86549 -152.78606 -80.41967 -24.98290 -218.72063 -92.74033
4435 1.61465 NaN NaN NaN 135.82700 -137.91469 -62.28508 243.34251 -187.76723 -107.02821 NaN NaN NaN 86.89046 -152.73949 -80.44932 -24.99348 -218.67522 -92.70137
4436 1.62299 NaN NaN NaN 135.82780 -137.86469 -62.31642 243.33835 -187.78185 -106.99686 NaN NaN NaN 86.91133 -152.70753 -80.48686 -24.94587 -218.64023 -92.63840
4437 1.63133 NaN NaN NaN 135.78954 -137.86963 -62.30628 243.30904 -187.79263 -106.97216 NaN NaN NaN 86.93295 -152.65045 -80.53547 -24.93616 -218.61049 -92.57350
4438 1.63968 NaN NaN NaN 135.77177 -137.85539 -62.31225 243.28366 -187.80009 -106.96559 NaN NaN NaN 86.97312 -152.55168 -80.65410 -24.89244 -218.55257 -92.50933
4439 1.64802 NaN NaN NaN 135.76270 -137.83543 -62.32539 243.25931 -187.77229 -106.96968 NaN NaN NaN 87.04578 -152.46185 -80.66212 -24.78262 -218.53296 -92.42581
4440 1.65636 NaN NaN NaN 135.76088 -137.76109 -62.36055 243.24915 -187.78157 -106.95934 NaN NaN NaN 87.13290 -152.39360 -80.68462 -24.71241 -218.49542 -92.36340
4441 1.66470 NaN NaN NaN 135.71794 -137.74089 -62.39989 243.23433 -187.79260 -106.95019 NaN NaN NaN 87.20061 -152.37654 -80.71211 -24.63504 -218.49361 -92.29330
4442 1.67305 NaN NaN NaN 135.68820 -137.72456 -62.47976 243.22466 -187.80046 -106.95242 NaN NaN NaN 87.30215 -152.32150 -80.76107 -24.54381 -218.44418 -92.21792
4443 1.68139 NaN NaN NaN 135.67392 -137.73029 -62.52553 243.21692 -187.78719 -106.99007 NaN NaN NaN 87.40008 -152.25040 -80.83363 -24.50333 -218.41037 -92.13432
4444 1.68973 NaN NaN NaN 135.67676 -137.71243 -62.56739 243.21281 -187.75717 -107.02721 NaN NaN NaN 87.47273 -152.19031 -80.89881 -24.42422 -218.40918 -92.08122
4445 1.69808 NaN NaN NaN 135.67680 -137.71910 -62.57817 243.20190 -187.74350 -107.06182 NaN NaN NaN 87.50945 -152.15027 -80.95832 -24.36619 -218.38693 -92.03210
4446 1.70642 NaN NaN NaN 135.67213 -137.69893 -62.58934 243.20808 -187.74857 -107.06142 NaN NaN NaN 87.53506 -152.08827 -80.99583 -24.28521 -218.36488 -91.95210
4447 1.71476 NaN NaN NaN 135.66341 -137.69460 -62.59638 243.20346 -187.74963 -107.07851 NaN NaN NaN 87.56023 -152.08611 -81.03501 -24.21999 -218.33691 -91.85255
4448 1.72310 NaN NaN NaN 135.65335 -137.67595 -62.60647 243.18495 -187.73216 -107.08604 NaN NaN NaN 87.60170 -152.04703 -81.04374 -24.13441 -218.32684 -91.77489
4449 1.73145 NaN NaN NaN 135.66357 -137.64523 -62.62912 243.18982 -187.73097 -107.07067 NaN NaN NaN 87.65868 -151.99605 -81.10183 -24.05197 -218.33676 -91.70580
4450 1.73979 NaN NaN NaN 135.65805 -137.60379 -62.66116 243.19653 -187.73196 -107.05284 NaN NaN NaN 87.70764 -151.94965 -81.16082 -23.99627 -218.34872 -91.58721
4451 1.74813 NaN NaN NaN 135.64737 -137.56825 -62.68196 243.16011 -187.71634 -107.03094 NaN NaN NaN 87.75007 -151.91629 -81.19423 -23.95639 -218.39911 -91.50749
4452 1.75647 NaN NaN NaN 135.60947 -137.52258 -62.68763 243.16316 -187.71397 -107.03045 NaN NaN NaN 87.78456 -151.88226 -81.21329 -23.91783 -218.41505 -91.43394
4453 1.76482 NaN NaN NaN 135.61243 -137.49098 -62.72214 243.17201 -187.72093 -106.99223 NaN NaN NaN 87.82191 -151.84181 -81.22138 -23.85565 -218.42622 -91.40092
4454 1.77316 NaN NaN NaN 135.62389 -137.48715 -62.73024 243.19342 -187.72189 -106.99541 NaN NaN NaN 87.84825 -151.81775 -81.22743 -23.84119 -218.43399 -91.38572
4455 1.78150 NaN NaN NaN 135.62393 -137.49660 -62.72374 243.19855 -187.72890 -106.98808 NaN NaN NaN 87.86325 -151.78955 -81.23499 -23.80774 -218.43185 -91.37950
4456 1.78985 NaN NaN NaN 135.61507 -137.49950 -62.70313 243.20331 -187.72386 -106.96535 NaN NaN NaN 87.88897 -151.77875 -81.21815 -23.79226 -218.40598 -91.36558
4457 1.79819 NaN NaN NaN 135.62825 -137.51756 -62.71273 243.20006 -187.72688 -106.96540 NaN NaN NaN 87.88443 -151.75607 -81.23054 -23.79159 -218.42000 -91.37328
4458 1.80653 NaN NaN NaN 135.62701 -137.54222 -62.69104 243.18912 -187.72476 -106.95984 NaN NaN NaN 87.88999 -151.75414 -81.20312 -23.79345 -218.38457 -91.36634
4459 1.81487 NaN NaN NaN 135.62769 -137.55176 -62.68659 243.18071 -187.72469 -106.95850 NaN NaN NaN 87.87998 -151.74680 -81.19731 -23.79546 -218.41289 -91.37811
4460 1.82322 NaN NaN NaN 135.60118 -137.55876 -62.66930 243.17140 -187.73857 -106.95987 NaN NaN NaN 87.87360 -151.75313 -81.19074 -23.80198 -218.40575 -91.37344
4461 1.83156 NaN NaN NaN 135.57439 -137.54137 -62.67094 243.14307 -187.74515 -106.95726 NaN NaN NaN 87.86312 -151.73265 -81.23013 -23.80608 -218.39949 -91.37936
4462 1.83990 NaN NaN NaN 135.52632 -137.53308 -62.67424 243.12086 -187.74522 -106.93980 NaN NaN NaN 87.84064 -151.72334 -81.24846 -23.81907 -218.39038 -91.37334
4463 1.84824 NaN NaN NaN 135.49098 -137.51517 -62.68285 243.08113 -187.75294 -106.90459 NaN NaN NaN 87.81326 -151.70421 -81.28137 -23.82937 -218.39209 -91.36047
4464 1.85659 NaN NaN NaN 135.45667 -137.50082 -62.71263 243.03725 -187.74831 -106.89121 NaN NaN NaN 87.80535 -151.68770 -81.30644 -23.86110 -218.37949 -91.36172
4465 1.86493 NaN NaN NaN 135.43851 -137.49442 -62.73891 242.99532 -187.74594 -106.89835 NaN NaN NaN 87.79717 -151.66081 -81.32672 -23.86605 -218.37566 -91.35528
4466 1.87327 NaN NaN NaN 135.41989 -137.47778 -62.77737 242.98135 -187.75163 -106.90218 NaN NaN NaN 87.80625 -151.65013 -81.33870 -23.87228 -218.37126 -91.35289
4467 1.88162 NaN NaN NaN 135.39592 -137.47025 -62.79896 242.95204 -187.73695 -106.89050 NaN NaN NaN 87.79243 -151.64746 -81.34299 -23.85901 -218.36798 -91.34010
4468 1.88996 NaN NaN NaN 135.38043 -137.45334 -62.80158 242.92894 -187.73067 -106.89756 NaN NaN NaN 87.80157 -151.64659 -81.35088 -23.86434 -218.34424 -91.32346
4469 1.89830 NaN NaN NaN 135.35890 -137.42964 -62.82035 242.91583 -187.71727 -106.90804 NaN NaN NaN 87.81153 -151.63574 -81.35163 -23.86180 -218.34653 -91.28349
4470 1.90664 NaN NaN NaN 135.36211 -137.40897 -62.84851 242.91530 -187.72333 -106.91030 NaN NaN NaN 87.81332 -151.63364 -81.35690 -23.85763 -218.34627 -91.24277
4471 1.91499 NaN NaN NaN 135.35155 -137.38295 -62.88323 242.90039 -187.72299 -106.91245 NaN NaN NaN 87.80786 -151.62341 -81.36437 -23.83504 -218.36241 -91.21388
4472 1.92333 NaN NaN NaN 135.36247 -137.36577 -62.88792 242.90063 -187.71214 -106.92352 NaN NaN NaN 87.80581 -151.62300 -81.41643 -23.80720 -218.36906 -91.18443
4473 1.93167 NaN NaN NaN 135.35362 -137.35425 -62.91451 242.90488 -187.71729 -106.93243 NaN NaN NaN 87.81256 -151.62079 -81.45750 -23.82092 -218.37712 -91.17421
4474 1.94001 NaN NaN NaN 135.36856 -137.34642 -62.95609 242.91010 -187.72176 -106.93415 NaN NaN NaN 87.82831 -151.61909 -81.47141 -23.81373 -218.38252 -91.14423
4475 1.94836 NaN NaN NaN 135.36986 -137.34158 -62.95423 242.92395 -187.73096 -106.93494 NaN NaN NaN 87.82005 -151.60434 -81.48054 -23.80082 -218.39441 -91.13921
4476 1.95670 NaN NaN NaN 135.38837 -137.31694 -62.97003 242.93358 -187.71764 -106.93916 NaN NaN NaN 87.84549 -151.59235 -81.49694 -23.78657 -218.38660 -91.12265
4477 1.96504 NaN NaN NaN 135.39252 -137.31842 -62.97152 242.94124 -187.70787 -106.93244 NaN NaN NaN 87.87021 -151.57863 -81.50730 -23.74769 -218.39539 -91.07563
4478 1.97339 NaN NaN NaN 135.40465 -137.32779 -62.98361 242.94597 -187.70505 -106.94247 NaN NaN NaN 87.88336 -151.54781 -81.53058 -23.73185 -218.39943 -91.05173
4479 1.98173 NaN NaN NaN 135.40533 -137.32835 -62.99000 242.95139 -187.71561 -106.94026 NaN NaN NaN 87.89392 -151.53488 -81.54519 -23.72225 -218.41731 -91.03048
4480 1.99007 NaN NaN NaN 135.40779 -137.29480 -63.00328 242.98041 -187.69693 -106.92776 NaN NaN NaN 87.90500 -151.50673 -81.56971 -23.70069 -218.42427 -91.00658
4481 1.99841 NaN NaN NaN 135.41728 -137.26550 -62.99820 242.98082 -187.68166 -106.93018 NaN NaN NaN 87.92204 -151.48529 -81.57245 -23.66785 -218.42390 -90.99314
4482 2.00676 NaN NaN NaN 135.42297 -137.22661 -63.01138 242.98888 -187.67467 -106.92214 NaN NaN NaN 87.94577 -151.45346 -81.59351 -23.64568 -218.41539 -90.97460
4483 2.01510 NaN NaN NaN 135.40791 -137.21701 -63.01066 243.00044 -187.68123 -106.90773 NaN NaN NaN 87.94469 -151.40636 -81.61366 -23.59709 -218.39897 -90.95198
4484 2.02344 NaN NaN NaN 135.41043 -137.19908 -63.01486 243.00641 -187.66901 -106.88966 NaN NaN NaN 87.95073 -151.37477 -81.65614 -23.58272 -218.37288 -90.94424
4485 2.03178 NaN NaN NaN 135.43599 -137.15410 -63.01159 243.01656 -187.67033 -106.85471 NaN NaN NaN 87.97480 -151.34023 -81.66684 -23.56674 -218.35339 -90.95133
4486 2.04013 NaN NaN NaN 135.43718 -137.13715 -63.01740 243.01938 -187.66180 -106.84430 NaN NaN NaN 87.98156 -151.32101 -81.69959 -23.59943 -218.34001 -90.93726
4487 2.04847 NaN NaN NaN 135.42894 -137.13290 -63.00634 243.00887 -187.66263 -106.82698 NaN NaN NaN 87.99651 -151.30783 -81.69028 -23.59710 -218.33971 -90.95645
4488 2.05681 NaN NaN NaN 135.42879 -137.09459 -62.99710 243.00351 -187.63855 -106.82174 NaN NaN NaN 87.98305 -151.31087 -81.69135 -23.55691 -218.31924 -90.94189
4489 2.06516 NaN NaN NaN 135.41222 -137.09953 -62.99786 243.00726 -187.62975 -106.79736 NaN NaN NaN 87.99866 -151.29831 -81.68433 -23.57456 -218.32658 -90.96041
4490 2.07350 NaN NaN NaN 135.41998 -137.09834 -62.98383 243.00946 -187.61156 -106.78156 NaN NaN NaN 87.98405 -151.29141 -81.71677 -23.59685 -218.31787 -90.92136
4491 2.08184 NaN NaN NaN 135.39935 -137.06601 -62.97805 242.99353 -187.61942 -106.75557 NaN NaN NaN 87.99360 -151.26503 -81.71822 -23.59086 -218.27850 -90.94893
4492 2.09018 NaN NaN NaN 135.40871 -137.04530 -62.99920 242.98726 -187.59760 -106.72061 NaN NaN NaN 87.98674 -151.26930 -81.77874 -23.57155 -218.24768 -90.97061
4493 2.09853 NaN NaN NaN 135.40186 -137.04297 -62.99039 242.98787 -187.59926 -106.74715 NaN NaN NaN 87.99222 -151.22649 -81.77617 -23.57298 -218.22745 -90.99360
4494 2.10687 NaN NaN NaN 135.38309 -137.02216 -62.99780 242.98013 -187.59473 -106.74313 NaN NaN NaN 88.00853 -151.22142 -81.81174 -23.53746 -218.20274 -90.96949
4495 2.11521 NaN NaN NaN 135.36975 -137.00340 -62.99907 242.98222 -187.57321 -106.74789 NaN NaN NaN 88.01901 -151.18568 -81.81250 -23.57187 -218.16440 -90.94447
4496 2.12356 NaN NaN NaN 135.36320 -136.97078 -63.02929 242.95937 -187.55441 -106.72948 NaN NaN NaN 88.03235 -151.16151 -81.84142 -23.53634 -218.15373 -90.95177
4497 2.13190 NaN NaN NaN 135.35400 -136.95277 -63.04590 242.95586 -187.54140 -106.73651 NaN NaN NaN 88.03813 -151.12410 -81.84042 -23.53050 -218.12970 -90.95898
4498 2.14024 NaN NaN NaN 135.35165 -136.92671 -63.04439 242.94606 -187.53897 -106.72993 NaN NaN NaN 88.02824 -151.12463 -81.87952 -23.56066 -218.09387 -90.93655
4499 2.14858 NaN NaN NaN 135.33864 -136.89938 -63.06014 242.93198 -187.53239 -106.76070 NaN NaN NaN 88.03387 -151.13026 -81.88687 -23.58003 -218.07767 -90.90868
4500 2.15693 NaN NaN NaN 135.32678 -136.89680 -63.05549 242.91391 -187.48874 -106.74499 NaN NaN NaN 88.02721 -151.11926 -81.89375 -23.57855 -218.05611 -90.89286
4501 2.16527 NaN NaN NaN 135.32469 -136.88399 -63.06156 242.90259 -187.48405 -106.76820 NaN NaN NaN 88.03028 -151.09839 -81.89080 -23.57252 -218.05539 -90.89581
4502 2.17361 NaN NaN NaN 135.30725 -136.86267 -63.06980 242.89040 -187.47195 -106.73696 NaN NaN NaN 88.02257 -151.08788 -81.90345 -23.56893 -218.04900 -90.86987
4503 2.18195 NaN NaN NaN 135.31557 -136.84119 -63.08389 242.88622 -187.47040 -106.73335 NaN NaN NaN 88.02187 -151.06876 -81.90401 -23.54792 -218.05608 -90.87686
4504 2.19030 NaN NaN NaN 135.30984 -136.83604 -63.09513 242.88666 -187.48654 -106.72121 NaN NaN NaN 88.02016 -151.04579 -81.92218 -23.52641 -218.05917 -90.83246
4505 2.19864 NaN NaN NaN 135.29668 -136.83496 -63.08703 242.86522 -187.50180 -106.74297 NaN NaN NaN 88.01842 -151.03139 -81.91605 -23.54503 -218.07346 -90.81351
4506 2.20698 NaN NaN NaN 135.30093 -136.84177 -63.08144 242.87895 -187.49210 -106.73015 NaN NaN NaN 88.01340 -151.02316 -81.92873 -23.52403 -218.07069 -90.79760
4507 2.21533 NaN NaN NaN 135.29884 -136.85561 -63.08135 242.86369 -187.49147 -106.72669 NaN NaN NaN 88.02194 -151.03116 -81.95372 -23.51373 -218.07076 -90.80452
4508 2.22367 NaN NaN NaN 135.29642 -136.84528 -63.08968 242.85643 -187.48553 -106.71021 NaN NaN NaN 88.02212 -151.04208 -81.97758 -23.54394 -218.06595 -90.79015
4509 2.23201 NaN NaN NaN 135.28712 -136.84207 -63.09568 242.85628 -187.47552 -106.70589 NaN NaN NaN 88.03184 -151.05460 -81.97007 -23.49987 -218.07158 -90.79835
4510 2.24035 NaN NaN NaN 135.28993 -136.83345 -63.09315 242.85770 -187.48557 -106.69994 NaN NaN NaN 88.02480 -151.07542 -81.97218 -23.45428 -218.07208 -90.83355
4511 2.24870 NaN NaN NaN 135.29530 -136.83868 -63.09309 242.86749 -187.51567 -106.70602 NaN NaN NaN 88.03188 -151.07619 -81.97826 -23.47945 -218.07220 -90.82533
4512 2.25704 NaN NaN NaN 135.29639 -136.84027 -63.09336 242.87009 -187.51126 -106.70799 NaN NaN NaN 88.03635 -151.06769 -81.99288 -23.49180 -218.07863 -90.82342
4513 2.26538 NaN NaN NaN 135.31456 -136.85480 -63.09252 242.88171 -187.53415 -106.72953 NaN NaN NaN 88.05283 -151.04161 -82.00776 -23.49632 -218.08414 -90.81136
4514 2.27372 NaN NaN NaN 135.32750 -136.87784 -63.06935 242.90628 -187.52330 -106.72540 NaN NaN NaN 88.05823 -150.95036 -82.09553 -23.44612 -218.06503 -90.82040
4515 2.28207 NaN NaN NaN 135.34741 -136.88266 -63.03754 242.92262 -187.53514 -106.75704 NaN NaN NaN 88.13443 -150.92184 -82.07920 -23.38820 -218.07086 -90.81126
4516 2.29041 NaN NaN NaN 135.38208 -136.91971 -63.00809 242.94415 -187.56041 -106.78648 NaN NaN NaN 88.16464 -150.87701 -82.08736 -23.33420 -218.08090 -90.80128
4517 2.29875 NaN NaN NaN 135.42145 -136.99516 -62.93646 242.97205 -187.56557 -106.82832 NaN NaN NaN 88.19169 -150.89105 -82.12002 -23.34639 -218.08954 -90.79936
4518 2.30710 NaN NaN NaN 135.43149 -137.05725 -62.91487 242.99223 -187.55396 -106.81886 NaN NaN NaN 88.19122 -150.91820 -82.13671 -23.26685 -218.09319 -90.79966
4519 2.31544 NaN NaN NaN 135.43042 -137.07115 -62.90681 242.98036 -187.57269 -106.81098 NaN NaN NaN 88.20352 -150.93356 -82.12351 -23.24085 -218.12798 -90.79535
4520 2.32378 NaN NaN NaN 135.43100 -137.06923 -62.92643 242.98940 -187.55811 -106.79396 NaN NaN NaN 88.20940 -150.94881 -82.10139 -23.24113 -218.12416 -90.81210
4521 2.33212 NaN NaN NaN 135.42253 -137.03911 -62.93183 242.98042 -187.56226 -106.77564 NaN NaN NaN 88.21553 -150.93901 -82.07299 -23.23370 -218.12677 -90.80992
4522 2.34047 NaN NaN NaN 135.41357 -137.00642 -62.94279 242.97719 -187.56335 -106.77966 NaN NaN NaN 88.19314 -150.89073 -82.13975 -23.23646 -218.12230 -90.80952
4523 2.34881 NaN NaN NaN 135.41800 -136.99696 -62.94415 242.98004 -187.57831 -106.77264 NaN NaN NaN 88.20513 -150.90695 -82.07397 -23.23671 -218.11772 -90.81237
4524 2.35715 NaN NaN NaN 135.41801 -137.00659 -62.95401 242.97690 -187.57156 -106.78003 NaN NaN NaN 88.19842 -150.95288 -81.99866 -23.25309 -218.13486 -90.83733
4525 2.36549 NaN NaN NaN 135.42000 -137.02777 -62.94113 242.97989 -187.57596 -106.82446 NaN NaN NaN 88.20545 -150.98892 -81.94181 -23.22737 -218.13805 -90.83504
4526 2.37384 NaN NaN NaN 135.43604 -137.05814 -62.94956 242.98776 -187.55420 -106.83024 NaN NaN NaN 88.20245 -151.00114 -81.91474 -23.23913 -218.13387 -90.84702
4527 2.38218 NaN NaN NaN 135.43776 -137.06146 -62.93602 242.98309 -187.57068 -106.84591 NaN NaN NaN 88.20113 -151.00389 -81.85530 -23.21834 -218.13377 -90.81483
4528 2.39052 NaN NaN NaN 135.43285 -137.06784 -62.94432 242.99689 -187.55847 -106.83191 NaN NaN NaN 88.19625 -150.99037 -81.81844 -23.22299 -218.14705 -90.78969
4529 2.39887 NaN NaN NaN 135.43919 -137.08377 -62.93678 242.98508 -187.58305 -106.84101 NaN NaN NaN 88.20712 -150.99988 -81.78770 -23.20738 -218.15157 -90.79332
4530 2.40721 NaN NaN NaN 135.43437 -137.07603 -62.93516 242.98087 -187.55882 -106.83397 NaN NaN NaN 88.21514 -150.99915 -81.79324 -23.21255 -218.16585 -90.78282
4531 2.41555 NaN NaN NaN 135.43132 -137.06635 -62.93554 242.96899 -187.56825 -106.84513 NaN NaN NaN 88.22645 -151.00421 -81.76820 -23.22016 -218.15018 -90.78955
4532 2.42389 NaN NaN NaN 135.42207 -137.05115 -62.94987 242.97127 -187.55290 -106.85961 NaN NaN NaN 88.22120 -150.98178 -81.77870 -23.24807 -218.14026 -90.78493
4533 2.43224 NaN NaN NaN 135.41048 -137.02330 -62.96224 242.96826 -187.56012 -106.85142 NaN NaN NaN 88.22519 -150.97868 -81.76093 -23.23247 -218.11769 -90.78719
4534 2.44058 NaN NaN NaN 135.39076 -136.98972 -62.97873 242.96452 -187.56180 -106.82262 NaN NaN NaN 88.22805 -150.97118 -81.75159 -23.23042 -218.10275 -90.78353
4535 2.44892 NaN NaN NaN 135.36922 -136.95970 -63.00505 242.95926 -187.56342 -106.81895 NaN NaN NaN 88.23528 -150.96999 -81.75746 -23.22474 -218.10745 -90.77624
4536 2.45726 NaN NaN NaN 135.37723 -136.91054 -63.02243 242.95166 -187.53325 -106.79866 NaN NaN NaN 88.23054 -150.93707 -81.78749 -23.22078 -218.08440 -90.75787
4537 2.46561 NaN NaN NaN 135.36064 -136.87773 -63.01698 242.93614 -187.52019 -106.80788 NaN NaN NaN 88.22512 -150.92700 -81.77709 -23.21517 -218.08870 -90.76406
4538 2.47395 NaN NaN NaN 135.36290 -136.85645 -63.00916 242.92863 -187.48300 -106.76448 NaN NaN NaN 88.21142 -150.90010 -81.76931 -23.24394 -218.04504 -90.76067
4539 2.48229 NaN NaN NaN 135.36800 -136.85741 -62.99934 242.92992 -187.47891 -106.77094 NaN NaN NaN 88.20554 -150.88638 -81.76579 -23.24131 -218.04669 -90.77939
4540 2.49064 NaN NaN NaN 135.37128 -136.84451 -63.01005 242.93779 -187.45020 -106.76461 NaN NaN NaN 88.18573 -150.88148 -81.76116 -23.24836 -218.02054 -90.75986
4541 2.49898 NaN NaN NaN 135.37680 -136.84781 -63.00034 242.94028 -187.43756 -106.77902 NaN NaN NaN 88.18556 -150.85326 -81.76331 -23.25984 -218.02348 -90.77526
4542 2.50732 NaN NaN NaN 135.39061 -136.83476 -63.01487 242.94017 -187.41896 -106.76846 NaN NaN NaN 88.18228 -150.84613 -81.77814 -23.27293 -218.00203 -90.76960
4543 2.51566 NaN NaN NaN 135.39243 -136.80885 -63.00820 242.93015 -187.39648 -106.75422 NaN NaN NaN 88.17774 -150.81889 -81.79884 -23.28055 -217.98395 -90.76126
4544 2.52401 NaN NaN NaN 135.38472 -136.77037 -63.01503 242.93449 -187.39209 -106.75304 NaN NaN NaN 88.18504 -150.80043 -81.83237 -23.27761 -217.95769 -90.75715
4545 2.53235 NaN NaN NaN 135.37613 -136.74911 -63.02466 242.92896 -187.35777 -106.75079 NaN NaN NaN 88.17524 -150.77061 -81.83763 -23.27528 -217.93143 -90.76142
4546 2.54069 NaN NaN NaN 135.36896 -136.73184 -63.02080 242.93938 -187.34608 -106.75407 NaN NaN NaN 88.17233 -150.76062 -81.86198 -23.26444 -217.91719 -90.75933
4547 2.54903 NaN NaN NaN 135.37827 -136.71761 -63.02718 242.93080 -187.33006 -106.74778 NaN NaN NaN 88.16666 -150.72321 -81.85886 -23.24568 -217.91661 -90.72624
4548 2.55738 NaN NaN NaN 135.37303 -136.69826 -63.02958 242.91626 -187.29066 -106.75146 NaN NaN NaN 88.16557 -150.68472 -81.89169 -23.23225 -217.89848 -90.73910
4549 2.56572 NaN NaN NaN 135.37878 -136.69017 -63.03271 242.92844 -187.29510 -106.75120 NaN NaN NaN 88.17183 -150.64496 -81.92350 -23.22537 -217.86049 -90.70861
4550 2.57406 NaN NaN NaN 135.36513 -136.69281 -63.03273 242.91833 -187.26216 -106.73634 NaN NaN NaN 88.18247 -150.62527 -81.95611 -23.21175 -217.86905 -90.71227
4551 2.58241 NaN NaN NaN 135.37228 -136.68536 -63.03148 242.92657 -187.27496 -106.73125 NaN NaN NaN 88.18851 -150.59087 -81.98024 -23.19295 -217.86389 -90.67339
4552 2.59075 NaN NaN NaN 135.37529 -136.67686 -63.04106 242.92746 -187.26172 -106.72540 NaN NaN NaN 88.19239 -150.57266 -82.00404 -23.16378 -217.86339 -90.69071
4553 2.59909 NaN NaN NaN 135.38232 -136.67508 -63.04885 242.93915 -187.27252 -106.73204 NaN NaN NaN 88.20304 -150.54167 -82.01965 -23.14891 -217.87680 -90.66227
4554 2.60743 NaN NaN NaN 135.36931 -136.67570 -63.04619 242.92947 -187.25731 -106.71571 NaN NaN NaN 88.20784 -150.53502 -82.02872 -23.16687 -217.88266 -90.65047
4555 2.61578 NaN NaN NaN 135.36749 -136.66606 -63.04405 242.93126 -187.26611 -106.72883 NaN NaN NaN 88.21158 -150.50809 -82.04333 -23.14361 -217.88927 -90.64116
4556 2.62412 NaN NaN NaN 135.36417 -136.66557 -63.04446 242.93210 -187.26585 -106.72215 NaN NaN NaN 88.20190 -150.53175 -82.06219 -23.14189 -217.88979 -90.64037
4557 2.63246 NaN NaN NaN 135.36368 -136.67223 -63.05346 242.92670 -187.27824 -106.72688 NaN NaN NaN 88.20361 -150.51088 -82.07077 -23.17941 -217.85770 -90.65682
4558 2.64081 NaN NaN NaN 135.36356 -136.68636 -63.05442 242.91637 -187.24991 -106.70906 NaN NaN NaN 88.20762 -150.50902 -82.09488 -23.16518 -217.85031 -90.67622
4559 2.64915 NaN NaN NaN 135.36871 -136.67709 -63.05745 242.92513 -187.26459 -106.70943 NaN NaN NaN 88.21941 -150.49718 -82.09409 -23.14080 -217.85274 -90.63972
4560 2.65749 NaN NaN NaN 135.36665 -136.65714 -63.06519 242.92752 -187.26721 -106.69443 NaN NaN NaN 88.19324 -150.43677 -82.17358 -23.13038 -217.85567 -90.61846
4561 2.66583 NaN NaN NaN 135.35818 -136.65100 -63.06496 242.92459 -187.28229 -106.70541 NaN NaN NaN 88.19176 -150.40367 -82.24104 -23.11504 -217.83086 -90.61364
4562 2.67418 NaN NaN NaN 135.35368 -136.65950 -63.06010 242.91837 -187.28372 -106.69817 NaN NaN NaN 88.17774 -150.37437 -82.28167 -23.12382 -217.83389 -90.60847
4563 2.68252 NaN NaN NaN 135.35400 -136.64514 -63.07389 242.91623 -187.29683 -106.68954 NaN NaN NaN 88.19270 -150.37413 -82.30225 -23.16746 -217.81769 -90.62691
4564 2.69086 NaN NaN NaN 135.35574 -136.63908 -63.06959 242.90167 -187.28848 -106.67493 NaN NaN NaN 88.19515 -150.36862 -82.31273 -23.12418 -217.82704 -90.61762
4565 2.69920 NaN NaN NaN 135.34311 -136.62225 -63.10275 242.90865 -187.29686 -106.66958 NaN NaN NaN 88.20470 -150.35637 -82.32926 -23.08259 -217.80249 -90.61189
4566 2.70755 NaN NaN NaN 135.34636 -136.62134 -63.09039 242.90213 -187.28630 -106.66104 NaN NaN NaN 88.22854 -150.41212 -82.26057 -23.09666 -217.81104 -90.58797
4567 2.71589 NaN NaN NaN 135.33260 -136.61385 -63.09207 242.90140 -187.32565 -106.66544 NaN NaN NaN 88.24045 -150.45578 -82.25171 -23.09156 -217.79482 -90.59595
4568 2.72423 NaN NaN NaN 135.33833 -136.61682 -63.08033 242.89816 -187.31049 -106.65612 NaN NaN NaN 88.24570 -150.49414 -82.26095 -23.16797 -217.77846 -90.63097
4569 2.73258 NaN NaN NaN 135.34081 -136.62253 -63.09100 242.90039 -187.31975 -106.65830 NaN NaN NaN 88.23354 -150.46619 -82.28981 -23.18363 -217.77126 -90.64504
4570 2.74092 NaN NaN NaN 135.33588 -136.62550 -63.09092 242.89401 -187.30885 -106.64318 NaN NaN NaN 88.23679 -150.46027 -82.31132 -23.14908 -217.76271 -90.61837
4571 2.74926 NaN NaN NaN 135.34207 -136.63254 -63.08802 242.90292 -187.33057 -106.64484 NaN NaN NaN 88.23665 -150.42291 -82.36600 -23.15928 -217.77457 -90.63251
4572 2.75760 NaN NaN NaN 135.35132 -136.63606 -63.07898 242.90489 -187.33112 -106.65100 NaN NaN NaN 88.22366 -150.39326 -82.40936 -23.12228 -217.79933 -90.60165
4573 2.76595 NaN NaN NaN 135.34686 -136.65437 -63.07751 242.92058 -187.33340 -106.65436 NaN NaN NaN 88.23307 -150.38730 -82.41569 -23.13190 -217.78979 -90.63334
4574 2.77429 NaN NaN NaN 135.35042 -136.66002 -63.07041 242.91740 -187.32597 -106.65495 NaN NaN NaN 88.24407 -150.37903 -82.42269 -23.09721 -217.75763 -90.61488
4575 2.78263 NaN NaN NaN 135.36053 -136.64789 -63.07343 242.90961 -187.32509 -106.65136 NaN NaN NaN 88.26676 -150.35272 -82.43903 -23.05024 -217.74416 -90.62045
4576 2.79097 NaN NaN NaN 135.36108 -136.64993 -63.06170 242.92085 -187.32536 -106.64854 NaN NaN NaN 88.25961 -150.34428 -82.46062 -23.06810 -217.71609 -90.61627
4577 2.79932 NaN NaN NaN 135.37744 -136.65503 -63.06530 242.94026 -187.32289 -106.65761 NaN NaN NaN 88.26709 -150.33264 -82.47918 -23.03047 -217.70511 -90.63216
4578 2.80766 NaN NaN NaN 135.36775 -136.64156 -63.06721 242.94647 -187.31535 -106.66612 NaN NaN NaN 88.29156 -150.31377 -82.50293 -23.03311 -217.70175 -90.62048
4579 2.81600 NaN NaN NaN 135.36424 -136.62386 -63.06664 242.93416 -187.29274 -106.66608 NaN NaN NaN 88.30410 -150.27428 -82.51561 -23.03723 -217.69341 -90.60223
4580 2.82435 NaN NaN NaN 135.36574 -136.61246 -63.06492 242.93118 -187.27032 -106.65168 NaN NaN NaN 88.32331 -150.25034 -82.53296 -23.02876 -217.69077 -90.59888
4581 2.83269 NaN NaN NaN 135.37376 -136.57220 -63.07984 242.93944 -187.27158 -106.64413 NaN NaN NaN 88.30656 -150.22195 -82.55504 -23.04482 -217.69542 -90.61596
4582 2.84103 NaN NaN NaN 135.37578 -136.54684 -63.09599 242.94348 -187.26892 -106.63976 NaN NaN NaN 88.31107 -150.19302 -82.56287 -23.00250 -217.68350 -90.61743
4583 2.84937 NaN NaN NaN 135.37912 -136.54358 -63.08312 242.95337 -187.29494 -106.63869 NaN NaN NaN 88.30905 -150.18732 -82.57504 -22.99131 -217.67599 -90.59312
4584 2.85772 NaN NaN NaN 135.38065 -136.52362 -63.08121 242.94868 -187.26695 -106.63935 NaN NaN NaN 88.32470 -150.17264 -82.57327 -22.98871 -217.65942 -90.58510
4585 2.86606 NaN NaN NaN 135.38268 -136.50601 -63.10833 242.96242 -187.28461 -106.64222 NaN NaN NaN 88.34155 -150.15092 -82.59368 -22.98707 -217.66020 -90.58481
4586 2.87440 NaN NaN NaN 135.38174 -136.50157 -63.09758 242.96184 -187.25327 -106.63578 NaN NaN NaN 88.34307 -150.12479 -82.59319 -22.98359 -217.63058 -90.57936
4587 2.88274 NaN NaN NaN 135.38319 -136.51025 -63.09276 242.95561 -187.26869 -106.63397 NaN NaN NaN 88.32791 -150.11189 -82.60547 -22.97699 -217.60295 -90.55031
4588 2.89109 NaN NaN NaN 135.38319 -136.46490 -63.09546 242.95676 -187.24149 -106.62843 NaN NaN NaN 88.34332 -150.09511 -82.63571 -22.98357 -217.57097 -90.54366
4589 2.89943 NaN NaN NaN 135.37933 -136.45398 -63.09970 242.96918 -187.23828 -106.63547 NaN NaN NaN 88.34560 -150.08885 -82.64616 -22.98005 -217.58525 -90.53574
4590 2.90777 NaN NaN NaN 135.37465 -136.43658 -63.10605 242.96609 -187.21060 -106.63083 NaN NaN NaN 88.34420 -150.07132 -82.65129 -22.98526 -217.58919 -90.52937
4591 2.91612 NaN NaN NaN 135.37617 -136.42000 -63.10126 242.96474 -187.20987 -106.63194 NaN NaN NaN 88.34177 -150.06844 -82.65814 -22.97465 -217.57735 -90.52037
4592 2.92446 NaN NaN NaN 135.37881 -136.39966 -63.11108 242.96095 -187.17038 -106.63763 NaN NaN NaN 88.33324 -150.04335 -82.67001 -22.99063 -217.57805 -90.51318
4593 2.93280 NaN NaN NaN 135.37689 -136.40567 -63.10132 242.96812 -187.17505 -106.64792 NaN NaN NaN 88.33870 -150.04007 -82.66805 -22.98747 -217.56360 -90.51068
4594 2.94114 NaN NaN NaN 135.37309 -136.39441 -63.10095 242.95735 -187.17007 -106.63662 NaN NaN NaN 88.33778 -150.03659 -82.67847 -22.98937 -217.54045 -90.51112
4595 2.94949 NaN NaN NaN 135.37817 -136.39612 -63.09283 242.96123 -187.19426 -106.62763 NaN NaN NaN 88.32372 -150.01122 -82.68723 -22.99717 -217.53192 -90.51222
4596 2.95783 NaN NaN NaN 135.36958 -136.39841 -63.08987 242.96161 -187.16743 -106.62543 NaN NaN NaN 88.29517 -149.96368 -82.76044 -22.99772 -217.52557 -90.52794
4597 2.96617 NaN NaN NaN 135.37120 -136.37018 -63.10150 242.95203 -187.18748 -106.62182 NaN NaN NaN 88.30873 -149.94290 -82.75152 -23.00131 -217.51613 -90.51101
4598 2.97451 NaN NaN NaN 135.35957 -136.38036 -63.09977 242.94882 -187.19067 -106.60755 NaN NaN NaN 88.29362 -149.91068 -82.80714 -22.98625 -217.51630 -90.50884
4599 2.98286 NaN NaN NaN 135.35648 -136.35576 -63.07944 242.94432 -187.20313 -106.61100 NaN NaN NaN 88.28522 -149.88515 -82.80785 -22.98896 -217.50014 -90.50072
4600 2.99120 NaN NaN NaN 135.36060 -136.36336 -63.07060 242.94182 -187.19118 -106.61324 NaN NaN NaN 88.28692 -149.90025 -82.83037 -23.00600 -217.50981 -90.49906
4601 2.99954 NaN NaN NaN 135.36697 -136.36951 -63.07259 242.94870 -187.19513 -106.61819 NaN NaN NaN 88.28524 -149.89577 -82.83845 -23.00398 -217.50099 -90.48721
4602 3.00789 NaN NaN NaN 135.36072 -136.38216 -63.08588 242.94508 -187.18407 -106.61173 NaN NaN NaN 88.29788 -149.91779 -82.84512 -22.99064 -217.49989 -90.49708
4603 3.01623 NaN NaN NaN 135.35568 -136.38492 -63.07781 242.92880 -187.17496 -106.62078 NaN NaN NaN 88.29192 -149.93163 -82.84958 -22.99242 -217.48860 -90.48955
4604 3.02457 NaN NaN NaN 135.36110 -136.38194 -63.08966 242.93752 -187.15852 -106.61670 NaN NaN NaN 88.29037 -149.92618 -82.85421 -23.01151 -217.49651 -90.50104
4605 3.03291 NaN NaN NaN 135.35983 -136.36974 -63.09621 242.93483 -187.17107 -106.63027 NaN NaN NaN 88.28951 -149.91566 -82.87207 -23.01645 -217.47453 -90.49211
4606 3.04126 NaN NaN NaN 135.36247 -136.36612 -63.11224 242.92484 -187.16145 -106.62900 NaN NaN NaN 88.28247 -149.90819 -82.88768 -23.00476 -217.49501 -90.49105
4607 3.04960 NaN NaN NaN 135.35995 -136.36801 -63.08818 242.92607 -187.17790 -106.62974 NaN NaN NaN 88.26763 -149.90605 -82.89696 -23.01031 -217.49220 -90.48214
4608 3.05794 NaN NaN NaN 135.35515 -136.37392 -63.09697 242.92949 -187.15436 -106.62471 NaN NaN NaN 88.26315 -149.90752 -82.90404 -23.03756 -217.49019 -90.52679
4609 3.06628 NaN NaN NaN 135.35207 -136.37782 -63.09961 242.94188 -187.17365 -106.63274 NaN NaN NaN 88.27739 -149.90480 -82.90042 -23.02632 -217.47653 -90.50846
4610 3.07463 NaN NaN NaN 135.36078 -136.39600 -63.11058 242.94841 -187.18291 -106.60845 NaN NaN NaN 88.29149 -149.90994 -82.89909 -23.01978 -217.49588 -90.52834
4611 3.08297 NaN NaN NaN 135.37312 -136.37068 -63.08131 242.96214 -187.20386 -106.61570 NaN NaN NaN 88.28806 -149.93231 -82.89783 -23.00449 -217.49394 -90.50848
4612 3.09131 NaN NaN NaN 135.38480 -136.40825 -63.07558 242.96262 -187.19771 -106.61872 NaN NaN NaN 88.27361 -149.94064 -82.91111 -23.01188 -217.50075 -90.51905
4613 3.09966 NaN NaN NaN 135.38527 -136.42667 -63.07727 242.95734 -187.20435 -106.61315 NaN NaN NaN 88.27480 -149.92303 -82.92396 -22.99622 -217.52156 -90.50954
4614 3.10800 NaN NaN NaN 135.36545 -136.45581 -63.07788 242.95302 -187.21277 -106.59415 NaN NaN NaN 88.28364 -149.94650 -82.91614 -23.00912 -217.54208 -90.50717
4615 3.11634 NaN NaN NaN 135.36053 -136.45183 -63.08772 242.94276 -187.23561 -106.60337 NaN NaN NaN 88.27946 -149.95424 -82.91241 -23.00430 -217.54259 -90.50504
4616 3.12468 NaN NaN NaN 135.36165 -136.46091 -63.09084 242.94112 -187.22583 -106.59138 NaN NaN NaN 88.28350 -149.94792 -82.91400 -23.00516 -217.54500 -90.50952
4617 3.13303 NaN NaN NaN 135.35625 -136.47131 -63.09089 242.94386 -187.27452 -106.59410 NaN NaN NaN 88.28667 -149.97023 -82.90799 -22.99587 -217.53246 -90.50232
4618 3.14137 NaN NaN NaN 135.36711 -136.47858 -63.07797 242.94635 -187.27748 -106.57267 NaN NaN NaN 88.28989 -149.97565 -82.92418 -23.00605 -217.54823 -90.52700
4619 3.14971 NaN NaN NaN 135.36958 -136.49921 -63.08131 242.94341 -187.30386 -106.58679 NaN NaN NaN 88.29537 -149.98521 -82.93329 -23.00251 -217.54713 -90.52539
4620 3.15806 NaN NaN NaN 135.37515 -136.49515 -63.08084 242.94302 -187.30753 -106.58115 NaN NaN NaN 88.27954 -149.96909 -82.92916 -23.00371 -217.52469 -90.52116
4621 3.16640 NaN NaN NaN 135.36244 -136.49513 -63.07318 242.93776 -187.29030 -106.58179 NaN NaN NaN 88.27545 -149.97162 -82.92210 -22.99930 -217.54402 -90.51075
4622 3.17474 NaN NaN NaN 135.36099 -136.49118 -63.07143 242.94048 -187.28685 -106.58326 NaN NaN NaN 88.28642 -149.96721 -82.92677 -23.02555 -217.55956 -90.50794
4623 3.18308 NaN NaN NaN 135.34952 -136.49713 -63.06032 242.94881 -187.28250 -106.59454 NaN NaN NaN 88.28706 -149.95604 -82.94101 -23.01772 -217.56775 -90.50893
4624 3.19143 NaN NaN NaN 135.36148 -136.47752 -63.07316 242.95694 -187.26501 -106.58349 NaN NaN NaN 88.29739 -149.95502 -82.94265 -23.00834 -217.57526 -90.49889
4625 3.19977 NaN NaN NaN 135.35817 -136.47380 -63.07584 242.96184 -187.27731 -106.58484 NaN NaN NaN 88.30795 -149.95952 -82.95005 -22.99174 -217.54907 -90.48826
4626 3.20811 NaN NaN NaN 135.36426 -136.46841 -63.07278 242.96054 -187.26070 -106.56654 NaN NaN NaN 88.30074 -149.97533 -82.95319 -22.96631 -217.55846 -90.48286
4627 3.21645 NaN NaN NaN 135.35765 -136.46175 -63.07894 242.95488 -187.27226 -106.58126 NaN NaN NaN 88.30683 -149.98134 -82.95667 -22.99250 -217.58066 -90.49903
4628 3.22480 NaN NaN NaN 135.37071 -136.45151 -63.07548 242.95963 -187.25159 -106.57175 NaN NaN NaN 88.32230 -149.99052 -82.94859 -22.97196 -217.60220 -90.48390
4629 3.23314 NaN NaN NaN 135.38376 -136.44391 -63.06061 242.96747 -187.24425 -106.59441 NaN NaN NaN 88.32969 -149.97758 -82.96258 -22.96762 -217.60057 -90.47356
4630 3.24148 NaN NaN NaN 135.38148 -136.43649 -63.08134 242.95613 -187.21895 -106.54754 NaN NaN NaN 88.33387 -149.97897 -82.96108 -22.94632 -217.59497 -90.45595
4631 3.24983 NaN NaN NaN 135.36766 -136.43448 -63.08183 242.95584 -187.23213 -106.55479 NaN NaN NaN 88.33804 -149.95702 -82.98478 -22.93631 -217.59979 -90.43122
4632 3.25817 NaN NaN NaN 135.37370 -136.41702 -63.08461 242.94513 -187.21561 -106.51173 NaN NaN NaN 88.34377 -149.95428 -83.00945 -22.90513 -217.61157 -90.43728
4633 3.26651 NaN NaN NaN 135.35820 -136.38516 -63.09058 242.95682 -187.21788 -106.51609 NaN NaN NaN 88.34118 -149.93352 -83.03005 -22.90804 -217.59557 -90.43300
4634 3.27485 NaN NaN NaN 135.34900 -136.37212 -63.10110 242.94841 -187.18217 -106.51228 NaN NaN NaN 88.34964 -149.92949 -83.02564 -22.88952 -217.59386 -90.43374
4635 3.28320 NaN NaN NaN 135.35103 -136.34154 -63.10138 242.93539 -187.19868 -106.53398 NaN NaN NaN 88.36596 -149.87567 -83.07389 -22.88621 -217.57449 -90.42783
4636 3.29154 NaN NaN NaN 135.34337 -136.31989 -63.10485 242.93010 -187.16852 -106.50344 NaN NaN NaN 88.39199 -149.86020 -83.05557 -22.88137 -217.57852 -90.39114
4637 3.29988 NaN NaN NaN 135.35780 -136.30136 -63.10886 242.93410 -187.18102 -106.49225 NaN NaN NaN 88.38860 -149.84036 -83.03741 -22.89570 -217.55446 -90.37942
4638 3.30822 NaN NaN NaN 135.37277 -136.30145 -63.10392 242.93663 -187.17815 -106.48605 NaN NaN NaN 88.37067 -149.84409 -83.03682 -22.90072 -217.57349 -90.40416
4639 3.31657 NaN NaN NaN 135.37331 -136.32336 -63.09874 242.93782 -187.18584 -106.48711 NaN NaN NaN 88.35680 -149.86771 -83.00252 -22.90981 -217.56267 -90.41208
4640 3.32491 NaN NaN NaN 135.37343 -136.36684 -63.09026 242.94891 -187.16631 -106.50047 NaN NaN NaN 88.35009 -149.87631 -82.95489 -22.89243 -217.57819 -90.37868
4641 3.33325 NaN NaN NaN 135.36230 -136.39661 -63.06766 242.98787 -187.19684 -106.52058 NaN NaN NaN 88.35470 -149.87175 -82.92284 -22.90261 -217.55576 -90.39166
4642 3.34160 NaN NaN NaN 135.38339 -136.44775 -63.03876 242.98871 -187.21185 -106.53341 NaN NaN NaN 88.34991 -149.90668 -82.87523 -22.92135 -217.57414 -90.39682
4643 3.34994 NaN NaN NaN 135.40430 -136.50157 -63.00196 243.00072 -187.25522 -106.56528 NaN NaN NaN 88.34939 -149.91298 -82.82529 -22.92010 -217.57625 -90.42360
4644 3.35828 NaN NaN NaN 135.41975 -136.54790 -62.97755 243.01807 -187.27272 -106.57249 NaN NaN NaN 88.31880 -149.93404 -82.80393 -22.93448 -217.60780 -90.43295
4645 3.36662 NaN NaN NaN 135.44113 -136.57220 -62.94310 243.04910 -187.29428 -106.58200 NaN NaN NaN 88.33038 -149.97295 -82.76183 -22.93039 -217.59869 -90.43925
4646 3.37497 NaN NaN NaN 135.44237 -136.61887 -62.92358 243.04445 -187.29164 -106.57620 NaN NaN NaN 88.33727 -150.02640 -82.76549 -22.93625 -217.60962 -90.46069
4647 3.38331 NaN NaN NaN 135.45053 -136.66290 -62.92126 243.05318 -187.31898 -106.57859 NaN NaN NaN 88.34655 -150.05492 -82.73978 -22.93239 -217.61221 -90.46477
4648 3.39165 NaN NaN NaN 135.42316 -136.66743 -62.94670 243.05069 -187.31276 -106.58801 NaN NaN NaN 88.31727 -150.02492 -82.80412 -22.94270 -217.63130 -90.47476
4649 3.39999 NaN NaN NaN 135.42805 -136.67398 -62.94008 243.05847 -187.31705 -106.58697 NaN NaN NaN 88.32055 -150.01230 -82.83069 -22.93027 -217.64632 -90.46661
4650 3.40834 NaN NaN NaN 135.41931 -136.68272 -62.97238 243.04262 -187.32509 -106.57198 NaN NaN NaN 88.33308 -150.03915 -82.83897 -22.92324 -217.66022 -90.49258
4651 3.41668 NaN NaN NaN 135.42946 -136.69911 -62.97445 243.04660 -187.35988 -106.58160 NaN NaN NaN 88.34332 -150.06496 -82.86140 -22.91835 -217.66699 -90.50256
4652 3.42502 NaN NaN NaN 135.41992 -136.72919 -62.98726 243.04875 -187.38223 -106.57426 NaN NaN NaN 88.35670 -150.08943 -82.85228 -22.87251 -217.67969 -90.49061
4653 3.43337 NaN NaN NaN 135.41269 -136.74638 -62.98001 243.05626 -187.41841 -106.56861 NaN NaN NaN 88.35455 -150.10399 -82.85417 -22.88691 -217.70615 -90.47927
4654 3.44171 NaN NaN NaN 135.41225 -136.77937 -62.97468 243.05937 -187.42400 -106.57466 NaN NaN NaN 88.34781 -150.11554 -82.84032 -22.87848 -217.73639 -90.49928
4655 3.45005 NaN NaN NaN 135.42551 -136.81891 -62.95996 243.06641 -187.46858 -106.57993 NaN NaN NaN 88.34887 -150.11801 -82.83698 -22.86839 -217.75874 -90.50391
4656 3.45839 NaN NaN NaN 135.45810 -136.87315 -62.93242 243.06836 -187.47073 -106.58403 NaN NaN NaN 88.35305 -150.14737 -82.82475 -22.88896 -217.78342 -90.51659
4657 3.46674 NaN NaN NaN 135.46904 -136.88834 -62.90956 243.07388 -187.49290 -106.57363 NaN NaN NaN 88.34348 -150.15475 -82.82899 -22.91645 -217.80034 -90.50710
4658 3.47508 NaN NaN NaN 135.46544 -136.93123 -62.91467 243.07384 -187.49348 -106.59367 NaN NaN NaN 88.34069 -150.16608 -82.81941 -22.90981 -217.81677 -90.50354
4659 3.48342 NaN NaN NaN 135.46278 -136.96211 -62.90998 243.06479 -187.51715 -106.57815 NaN NaN NaN 88.33072 -150.17255 -82.82192 -22.92247 -217.83994 -90.49777
4660 3.49176 NaN NaN NaN 135.44849 -136.95590 -62.92092 243.05688 -187.51660 -106.58417 NaN NaN NaN 88.32047 -150.18683 -82.81231 -22.92589 -217.85458 -90.51418
4661 3.50011 NaN NaN NaN 135.43773 -136.97829 -62.89618 243.06145 -187.52704 -106.58400 NaN NaN NaN 88.30892 -150.18988 -82.80817 -22.94344 -217.87769 -90.50931
4662 3.50845 NaN NaN NaN 135.44360 -136.99094 -62.90062 243.07283 -187.53387 -106.58076 NaN NaN NaN 88.29850 -150.20068 -82.82125 -22.94473 -217.88760 -90.51022
4663 3.51679 NaN NaN NaN 135.43161 -136.98721 -62.90351 243.06285 -187.54529 -106.57253 NaN NaN NaN 88.29659 -150.19853 -82.81344 -22.94162 -217.88989 -90.49090
4664 3.52514 NaN NaN NaN 135.41876 -136.98715 -62.90171 243.05840 -187.56491 -106.55810 NaN NaN NaN 88.30564 -150.21246 -82.80899 -22.93592 -217.89406 -90.49894
4665 3.53348 NaN NaN NaN 135.43497 -137.00281 -62.90497 243.06172 -187.58888 -106.54765 NaN NaN NaN 88.30081 -150.22372 -82.81136 -22.95258 -217.88516 -90.51205
4666 3.54182 NaN NaN NaN 135.42784 -137.01717 -62.90289 243.06186 -187.60391 -106.54594 NaN NaN NaN 88.28894 -150.24272 -82.80350 -22.95217 -217.88860 -90.50348
4667 3.55016 NaN NaN NaN 135.43362 -137.02116 -62.88413 243.04857 -187.61597 -106.52151 NaN NaN NaN 88.28353 -150.26634 -82.80142 -22.93751 -217.89220 -90.49565
4668 3.55851 NaN NaN NaN 135.43869 -137.03314 -62.87590 243.05472 -187.61057 -106.53217 NaN NaN NaN 88.29624 -150.24660 -82.80465 -22.93035 -217.88832 -90.49867
4669 3.56685 NaN NaN NaN 135.43677 -137.02934 -62.85192 243.06483 -187.61867 -106.54123 NaN NaN NaN 88.30058 -150.25058 -82.80580 -22.94672 -217.89275 -90.50185
4670 3.57519 NaN NaN NaN 135.45924 -137.05775 -62.83886 243.06470 -187.61867 -106.53567 NaN NaN NaN 88.30312 -150.23613 -82.80756 -22.95671 -217.89267 -90.51654
4671 3.58354 NaN NaN NaN 135.46486 -137.06566 -62.82234 243.07782 -187.63026 -106.53641 NaN NaN NaN 88.30859 -150.25887 -82.81179 -22.94104 -217.89424 -90.51237
4672 3.59188 NaN NaN NaN 135.47667 -137.07254 -62.79054 243.07341 -187.62639 -106.53032 NaN NaN NaN 88.30920 -150.25812 -82.80431 -22.94813 -217.88721 -90.52267
4673 3.60022 NaN NaN NaN 135.49677 -137.07430 -62.77526 243.06143 -187.63332 -106.53056 NaN NaN NaN 88.30877 -150.26180 -82.80671 -22.94558 -217.86359 -90.52454
4674 3.60856 NaN NaN NaN 135.49626 -137.09929 -62.76938 243.06218 -187.63280 -106.52134 NaN NaN NaN 88.32056 -150.26781 -82.80424 -22.93980 -217.85962 -90.54401
4675 3.61691 NaN NaN NaN 135.49622 -137.12173 -62.74599 243.05940 -187.63101 -106.51419 NaN NaN NaN 88.32954 -150.26479 -82.81609 -22.95790 -217.84608 -90.55093
4676 3.62525 NaN NaN NaN 135.47588 -137.09380 -62.74639 243.05482 -187.62134 -106.51830 NaN NaN NaN 88.34556 -150.25005 -82.82401 -22.91410 -217.84387 -90.52224
4677 3.63359 NaN NaN NaN 135.47006 -137.07199 -62.72878 243.05295 -187.61752 -106.50647 NaN NaN NaN 88.34618 -150.25337 -82.83512 -22.92812 -217.85497 -90.53091
4678 3.64193 NaN NaN NaN 135.47922 -137.06213 -62.74488 243.04012 -187.61336 -106.47837 NaN NaN NaN 88.36037 -150.24445 -82.83251 -22.91719 -217.85600 -90.54269
4679 3.65028 NaN NaN NaN 135.46480 -137.03960 -62.73013 243.05502 -187.62051 -106.49207 NaN NaN NaN 88.36349 -150.22618 -82.83738 -22.91208 -217.84917 -90.54343
4680 3.65862 NaN NaN NaN 135.45245 -137.04016 -62.72966 243.04091 -187.61732 -106.47566 NaN NaN NaN 88.36756 -150.20645 -82.85303 -22.88579 -217.83342 -90.54129
4681 3.66696 NaN NaN NaN 135.45805 -137.04535 -62.72593 243.05255 -187.62100 -106.48372 NaN NaN NaN 88.36475 -150.19202 -82.86820 -22.87819 -217.83536 -90.52506
4682 3.67531 NaN NaN NaN 135.46498 -137.04163 -62.74401 243.04091 -187.60678 -106.45038 NaN NaN NaN 88.37424 -150.16498 -82.87092 -22.85221 -217.83339 -90.51149
4683 3.68365 NaN NaN NaN 135.47829 -137.04749 -62.72113 243.07562 -187.60535 -106.49167 NaN NaN NaN 88.38351 -150.14484 -82.88518 -22.85450 -217.82272 -90.51246
4684 3.69199 NaN NaN NaN 135.50598 -137.05888 -62.71148 243.07529 -187.58415 -106.49601 NaN NaN NaN 88.39809 -150.13271 -82.90142 -22.81676 -217.80843 -90.50829
4685 3.70033 NaN NaN NaN 135.51358 -137.06844 -62.70365 243.08040 -187.58467 -106.50909 NaN NaN NaN 88.41686 -150.10741 -82.91932 -22.82890 -217.80760 -90.50137
4686 3.70868 NaN NaN NaN 135.52547 -137.07724 -62.70024 243.10147 -187.58900 -106.51145 NaN NaN NaN 88.40170 -150.09669 -82.91946 -22.80516 -217.81044 -90.49486
