Frame# Time LH1 LH2 LH3 RH1 RH2 RH3
X54 Y54 Z54 X55 Y55 Z55 X56 Y56 Z56 X57 Y57 Z57 X58 Y58 Z58 X59 Y59 Z59
7067 0.00265 NaN NaN NaN 142.51411 -133.22513 -64.57360 249.71788 -188.99132 -102.61571 NaN NaN NaN 90.30256 -146.34135 -82.51105 -20.22032 -215.40002 -86.89996
7068 0.01099 NaN NaN NaN 142.50972 -133.21947 -64.59222 249.72287 -189.00128 -102.60211 NaN NaN NaN 90.30544 -146.33824 -82.50155 -20.22859 -215.39264 -86.88474
7069 0.01933 NaN NaN NaN 142.49757 -133.20149 -64.59315 249.71344 -189.00317 -102.60603 NaN NaN NaN 90.30006 -146.33739 -82.50311 -20.22098 -215.36992 -86.88033
7070 0.02768 NaN NaN NaN 142.49460 -133.20410 -64.58961 249.72285 -188.99760 -102.60090 NaN NaN NaN 90.30605 -146.33575 -82.51064 -20.25712 -215.37935 -86.89753
7071 0.03602 NaN NaN NaN 142.51128 -133.20393 -64.57581 249.71780 -189.00746 -102.57220 NaN NaN NaN 90.30539 -146.35765 -82.49802 -20.22533 -215.38948 -86.88337
7072 0.04436 NaN NaN NaN 142.50584 -133.22336 -64.58239 249.72202 -189.00853 -102.57915 NaN NaN NaN 90.29816 -146.34071 -82.49374 -20.19678 -215.36415 -86.85976
7073 0.05270 NaN NaN NaN 142.49031 -133.21262 -64.58225 249.71062 -189.00087 -102.61160 NaN NaN NaN 90.30470 -146.34430 -82.50010 -20.20494 -215.36072 -86.88422
7074 0.06105 NaN NaN NaN 142.49228 -133.22740 -64.58414 249.71562 -189.00142 -102.60168 NaN NaN NaN 90.31139 -146.36023 -82.49602 -20.26137 -215.37079 -86.91729
7075 0.06939 NaN NaN NaN 142.50198 -133.21294 -64.58787 249.71280 -188.99393 -102.60932 NaN NaN NaN 90.31298 -146.36267 -82.49420 -20.28799 -215.37349 -86.92625
7076 0.07773 NaN NaN NaN 142.49644 -133.22507 -64.60825 249.72356 -189.00600 -102.59065 NaN NaN NaN 90.30336 -146.36746 -82.49924 -20.22084 -215.37814 -86.90887
7077 0.08607 NaN NaN NaN 142.49115 -133.21391 -64.58887 249.71193 -188.99910 -102.60493 NaN NaN NaN 90.29904 -146.37227 -82.49506 -20.22039 -215.40163 -86.91271
7078 0.09442 NaN NaN NaN 142.49019 -133.21970 -64.61001 249.72481 -189.00980 -102.59822 NaN NaN NaN 90.29762 -146.37303 -82.50346 -20.25682 -215.40883 -86.91045
7079 0.10276 NaN NaN NaN 142.49347 -133.21114 -64.58787 249.71448 -189.00223 -102.59739 NaN NaN NaN 90.31092 -146.37454 -82.49857 -20.28565 -215.42216 -86.92453
7080 0.11110 NaN NaN NaN 142.48622 -133.23436 -64.60741 249.73508 -189.01772 -102.58977 NaN NaN NaN 90.31223 -146.36813 -82.49879 -20.27715 -215.41667 -86.93079
7081 0.11945 NaN NaN NaN 142.49266 -133.24628 -64.57756 249.71172 -189.00604 -102.61864 NaN NaN NaN 90.29963 -146.36272 -82.49343 -20.29786 -215.41385 -86.93086
7082 0.12779 NaN NaN NaN 142.48859 -133.25702 -64.58659 249.72314 -189.01129 -102.60275 NaN NaN NaN 90.29513 -146.37288 -82.49584 -20.27659 -215.40259 -86.94642
7083 0.13613 NaN NaN NaN 142.49464 -133.25847 -64.56706 249.70676 -189.01004 -102.59336 NaN NaN NaN 90.30090 -146.38522 -82.48989 -20.24348 -215.42310 -86.97137
7084 0.14447 NaN NaN NaN 142.48576 -133.24567 -64.59295 249.70908 -189.01312 -102.59345 NaN NaN NaN 90.30656 -146.39319 -82.48847 -20.22820 -215.42039 -86.96591
7085 0.15282 NaN NaN NaN 142.47569 -133.22714 -64.59466 249.70183 -189.02182 -102.57400 NaN NaN NaN 90.31467 -146.39850 -82.49072 -20.21168 -215.43871 -86.95542
7086 0.16116 NaN NaN NaN 142.48286 -133.22420 -64.61662 249.70699 -189.01076 -102.58257 NaN NaN NaN 90.31390 -146.38852 -82.49177 -20.26977 -215.42081 -86.93999
7087 0.16950 NaN NaN NaN 142.48450 -133.21613 -64.60530 249.70984 -189.00700 -102.58661 NaN NaN NaN 90.31272 -146.39853 -82.48511 -20.30387 -215.43034 -86.94444
7088 0.17784 NaN NaN NaN 142.48299 -133.23558 -64.61019 249.71985 -188.99651 -102.59716 NaN NaN NaN 90.32279 -146.39580 -82.49351 -20.22573 -215.40009 -86.95532
7089 0.18619 NaN NaN NaN 142.48990 -133.20787 -64.60026 249.70935 -188.98247 -102.62115 NaN NaN NaN 90.31849 -146.40096 -82.49171 -20.21989 -215.40388 -86.96002
7090 0.19453 NaN NaN NaN 142.47696 -133.22279 -64.61615 249.70667 -189.00827 -102.58624 NaN NaN NaN 90.31623 -146.39323 -82.49746 -20.18538 -215.40259 -86.95881
7091 0.20287 NaN NaN NaN 142.47910 -133.22183 -64.61217 249.69823 -188.99863 -102.61838 NaN NaN NaN 90.32150 -146.39967 -82.49012 -20.23572 -215.41841 -86.95712
7092 0.21122 NaN NaN NaN 142.47787 -133.22784 -64.62239 249.70308 -189.00903 -102.60204 NaN NaN NaN 90.31161 -146.39372 -82.48544 -20.28178 -215.41916 -86.96253
7093 0.21956 NaN NaN NaN 142.47821 -133.23534 -64.61106 249.69589 -189.00537 -102.57522 NaN NaN NaN 90.30267 -146.38440 -82.49912 -20.25565 -215.41005 -86.94309
7094 0.22790 NaN NaN NaN 142.48523 -133.24651 -64.61642 249.68997 -189.00342 -102.58067 NaN NaN NaN 90.31091 -146.39018 -82.49220 -20.20247 -215.40143 -86.95371
7095 0.23624 NaN NaN NaN 142.48219 -133.21729 -64.60496 249.68456 -189.01350 -102.58567 NaN NaN NaN 90.29144 -146.38841 -82.49611 -20.24762 -215.42201 -86.93896
7096 0.24459 NaN NaN NaN 142.47159 -133.22362 -64.61374 249.70264 -189.01881 -102.57690 NaN NaN NaN 90.30431 -146.38971 -82.49262 -20.24672 -215.42503 -86.94428
7097 0.25293 NaN NaN NaN 142.47171 -133.21196 -64.60535 249.70140 -189.02519 -102.59657 NaN NaN NaN 90.29519 -146.39629 -82.49607 -20.28821 -215.42343 -86.94424
7098 0.26127 NaN NaN NaN 142.47534 -133.21449 -64.60623 249.70769 -189.02155 -102.58602 NaN NaN NaN 90.29864 -146.39856 -82.49384 -20.22689 -215.41034 -86.95325
7099 0.26961 NaN NaN NaN 142.47829 -133.22543 -64.61433 249.68286 -189.02077 -102.58505 NaN NaN NaN 90.29396 -146.40279 -82.48840 -20.28416 -215.42310 -86.94745
7100 0.27796 NaN NaN NaN 142.48051 -133.24222 -64.62517 249.70140 -189.03676 -102.56078 NaN NaN NaN 90.29768 -146.39903 -82.49445 -20.23545 -215.41954 -86.95919
7101 0.28630 NaN NaN NaN 142.48943 -133.22859 -64.61462 249.69206 -189.01349 -102.58118 NaN NaN NaN 90.29680 -146.39986 -82.49606 -20.28517 -215.40877 -86.97802
7102 0.29464 NaN NaN NaN 142.48285 -133.22240 -64.61616 249.69719 -189.01692 -102.56284 NaN NaN NaN 90.30399 -146.39987 -82.48650 -20.29226 -215.38736 -86.95850
7103 0.30299 NaN NaN NaN 142.48299 -133.20845 -64.62302 249.69447 -189.02252 -102.53658 NaN NaN NaN 90.28934 -146.40128 -82.49000 -20.30078 -215.41034 -86.96501
7104 0.31133 NaN NaN NaN 142.46471 -133.22098 -64.62169 249.69917 -189.04225 -102.54237 NaN NaN NaN 90.29265 -146.39784 -82.49494 -20.22324 -215.41330 -86.96742
7105 0.31967 NaN NaN NaN 142.47139 -133.23251 -64.60717 249.70184 -189.04463 -102.55299 NaN NaN NaN 90.28781 -146.41335 -82.48680 -20.27562 -215.45253 -86.96603
7106 0.32801 NaN NaN NaN 142.47047 -133.23991 -64.61869 249.70811 -189.06445 -102.55505 NaN NaN NaN 90.29713 -146.41481 -82.48273 -20.31333 -215.45500 -86.96584
7107 0.33636 NaN NaN NaN 142.48462 -133.21303 -64.61999 249.68881 -189.04320 -102.55109 NaN NaN NaN 90.27574 -146.41690 -82.49747 -20.31087 -215.46127 -86.96322
7108 0.34470 NaN NaN NaN 142.48468 -133.22052 -64.62404 249.70401 -189.04599 -102.55627 NaN NaN NaN 90.29118 -146.41145 -82.48843 -20.30517 -215.43794 -86.96503
7109 0.35304 NaN NaN NaN 142.49150 -133.22212 -64.61584 249.70210 -189.04320 -102.56792 NaN NaN NaN 90.29212 -146.40871 -82.48519 -20.22355 -215.44389 -86.98373
7110 0.36139 NaN NaN NaN 142.49159 -133.23424 -64.62463 249.70454 -189.04347 -102.55451 NaN NaN NaN 90.30053 -146.41374 -82.49228 -20.28147 -215.43132 -86.97739
7111 0.36973 NaN NaN NaN 142.48622 -133.21706 -64.61261 249.70914 -189.04466 -102.57655 NaN NaN NaN 90.28627 -146.41585 -82.49359 -20.31657 -215.44545 -86.97164
7112 0.37807 NaN NaN NaN 142.48325 -133.22153 -64.61757 249.70613 -189.04111 -102.55458 NaN NaN NaN 90.29274 -146.41528 -82.48622 -20.32195 -215.43213 -87.00382
7113 0.38641 NaN NaN NaN 142.48120 -133.21484 -64.61240 249.69707 -189.04875 -102.54224 NaN NaN NaN 90.28259 -146.41170 -82.49745 -20.33327 -215.44485 -87.02395
7114 0.39476 NaN NaN NaN 142.48547 -133.24104 -64.62213 249.70673 -189.04997 -102.53680 NaN NaN NaN 90.29865 -146.41653 -82.48579 -20.22644 -215.43428 -87.00591
7115 0.40310 NaN NaN NaN 142.49185 -133.21783 -64.61927 249.71046 -189.05267 -102.53173 NaN NaN NaN 90.28823 -146.41615 -82.49043 -20.25266 -215.45273 -86.99642
7116 0.41144 NaN NaN NaN 142.48845 -133.23207 -64.62257 249.71271 -189.06932 -102.53580 NaN NaN NaN 90.28706 -146.40753 -82.49541 -20.30253 -215.44492 -86.97210
7117 0.41978 NaN NaN NaN 142.48584 -133.20796 -64.62029 249.69206 -189.04390 -102.53988 NaN NaN NaN 90.28284 -146.41386 -82.49695 -20.29723 -215.43668 -86.98576
7118 0.42813 NaN NaN NaN 142.48235 -133.21759 -64.63013 249.70403 -189.05948 -102.54234 NaN NaN NaN 90.28516 -146.40213 -82.48964 -20.29677 -215.42122 -86.98215
7119 0.43647 NaN NaN NaN 142.47604 -133.20728 -64.62426 249.70033 -189.05548 -102.54111 NaN NaN NaN 90.26787 -146.39952 -82.49751 -20.31619 -215.42703 -86.99173
7120 0.44481 NaN NaN NaN 142.47919 -133.22183 -64.62795 249.70126 -189.06581 -102.52597 NaN NaN NaN 90.27234 -146.38324 -82.51028 -20.33368 -215.41006 -86.97940
7121 0.45316 NaN NaN NaN 142.48334 -133.22560 -64.61745 249.70950 -189.06656 -102.54595 NaN NaN NaN 90.28576 -146.38199 -82.49738 -20.32497 -215.42342 -86.98845
7122 0.46150 NaN NaN NaN 142.48180 -133.23395 -64.61707 249.71315 -189.06541 -102.54622 NaN NaN NaN 90.29520 -146.39938 -82.49212 -20.31881 -215.41103 -87.00740
7123 0.46984 NaN NaN NaN 142.49493 -133.21188 -64.61175 249.71027 -189.03925 -102.54403 NaN NaN NaN 90.26863 -146.38927 -82.50169 -20.31278 -215.41818 -86.99310
7124 0.47818 NaN NaN NaN 142.49026 -133.21960 -64.61759 249.71147 -189.03210 -102.54537 NaN NaN NaN 90.27660 -146.38776 -82.50378 -20.32836 -215.39980 -86.97951
7125 0.48653 NaN NaN NaN 142.48874 -133.19081 -64.61403 249.70161 -189.02800 -102.55738 NaN NaN NaN 90.27151 -146.37764 -82.50097 -20.32224 -215.39987 -86.97626
7126 0.49487 NaN NaN NaN 142.48413 -133.19518 -64.61976 249.70972 -189.04355 -102.54676 NaN NaN NaN 90.27808 -146.38475 -82.49443 -20.31125 -215.39244 -86.97389
7127 0.50321 NaN NaN NaN 142.49937 -133.19902 -64.61160 249.69591 -189.03363 -102.53943 NaN NaN NaN 90.26748 -146.38428 -82.49625 -20.32974 -215.40825 -86.97400
7128 0.51155 NaN NaN NaN 142.48941 -133.19296 -64.61720 249.69415 -189.03644 -102.53278 NaN NaN NaN 90.26903 -146.36928 -82.50349 -20.33144 -215.41907 -86.96916
7129 0.51990 NaN NaN NaN 142.50685 -133.18542 -64.61397 249.69617 -189.01280 -102.53654 NaN NaN NaN 90.26968 -146.37341 -82.50030 -20.32304 -215.42621 -86.97725
7130 0.52824 NaN NaN NaN 142.48958 -133.19186 -64.62014 249.70050 -189.02237 -102.53369 NaN NaN NaN 90.26716 -146.35857 -82.49838 -20.34308 -215.40460 -87.00240
7131 0.53658 NaN NaN NaN 142.50348 -133.18999 -64.60767 249.69659 -189.02441 -102.52182 NaN NaN NaN 90.25764 -146.36761 -82.50171 -20.35110 -215.38345 -87.03160
7132 0.54493 NaN NaN NaN 142.48949 -133.17889 -64.61175 249.70377 -189.04207 -102.52693 NaN NaN NaN 90.25488 -146.35683 -82.50313 -20.35538 -215.34676 -87.03785
7133 0.55327 NaN NaN NaN 142.48537 -133.17780 -64.59257 249.69319 -189.03253 -102.54978 NaN NaN NaN 90.24924 -146.35616 -82.51265 -20.34955 -215.36586 -87.00842
7134 0.56161 NaN NaN NaN 142.50092 -133.16718 -64.60117 249.70078 -189.05457 -102.53018 NaN NaN NaN 90.24464 -146.34747 -82.50385 -20.35800 -215.35468 -86.99280
7135 0.56995 NaN NaN NaN 142.50455 -133.17889 -64.58561 249.69273 -189.03235 -102.51177 NaN NaN NaN 90.22185 -146.35220 -82.49522 -20.35401 -215.39261 -87.00091
7136 0.57830 NaN NaN NaN 142.50197 -133.16626 -64.59425 249.69447 -189.03168 -102.52607 NaN NaN NaN 90.23559 -146.35629 -82.49933 -20.37527 -215.35805 -87.04176
7137 0.58664 NaN NaN NaN 142.50568 -133.16539 -64.57784 249.68982 -189.02335 -102.50538 NaN NaN NaN 90.23894 -146.34196 -82.49255 -20.36493 -215.36752 -87.00924
7138 0.59498 NaN NaN NaN 142.51584 -133.13063 -64.58811 249.70915 -189.02550 -102.50409 NaN NaN NaN 90.24540 -146.33488 -82.49235 -20.35708 -215.34264 -86.99114
7139 0.60332 NaN NaN NaN 142.49857 -133.13962 -64.58921 249.70172 -189.01337 -102.48659 NaN NaN NaN 90.23328 -146.33333 -82.49301 -20.36409 -215.36926 -87.00388
7140 0.61167 NaN NaN NaN 142.51646 -133.15300 -64.59552 249.71420 -189.02353 -102.50365 NaN NaN NaN 90.23064 -146.33319 -82.49739 -20.36579 -215.33743 -87.04029
7141 0.62001 NaN NaN NaN 142.51163 -133.13756 -64.58186 249.70419 -189.02307 -102.49064 NaN NaN NaN 90.22514 -146.33588 -82.49144 -20.35977 -215.34772 -87.03324
7142 0.62835 NaN NaN NaN 142.52109 -133.11806 -64.57551 249.71477 -189.02899 -102.48846 NaN NaN NaN 90.24702 -146.35474 -82.48815 -20.34591 -215.32713 -87.04195
7143 0.63670 NaN NaN NaN 142.51895 -133.12218 -64.57917 249.72305 -189.03618 -102.47616 NaN NaN NaN 90.25719 -146.35672 -82.48375 -20.33249 -215.33121 -87.01205
7144 0.64504 NaN NaN NaN 142.51598 -133.13884 -64.59293 249.72159 -189.03499 -102.46135 NaN NaN NaN 90.25530 -146.34200 -82.48574 -20.35112 -215.34439 -86.98935
7145 0.65338 NaN NaN NaN 142.51970 -133.14746 -64.57536 249.72314 -189.04355 -102.46302 NaN NaN NaN 90.24455 -146.32486 -82.48953 -20.35778 -215.35760 -86.97656
7146 0.66172 NaN NaN NaN 142.51205 -133.15279 -64.57500 249.71115 -189.03139 -102.47533 NaN NaN NaN 90.24916 -146.33464 -82.46484 -20.37075 -215.36447 -87.00504
7147 0.67007 NaN NaN NaN 142.52942 -133.15117 -64.57137 249.72504 -189.03546 -102.48000 NaN NaN NaN 90.23485 -146.33081 -82.49168 -20.34929 -215.36310 -86.98235
7148 0.67841 NaN NaN NaN 142.53749 -133.11983 -64.57725 249.73586 -189.03259 -102.47182 NaN NaN NaN 90.24792 -146.31821 -82.49690 -20.34451 -215.35573 -86.96761
7149 0.68675 NaN NaN NaN 142.53014 -133.12639 -64.58622 249.73645 -189.04218 -102.46886 NaN NaN NaN 90.24210 -146.30972 -82.49845 -20.34957 -215.33864 -86.96508
7150 0.69509 NaN NaN NaN 142.54829 -133.12903 -64.58023 249.73004 -189.03708 -102.45588 NaN NaN NaN 90.24355 -146.32352 -82.49318 -20.35878 -215.34715 -86.97565
7151 0.70344 NaN NaN NaN 142.54338 -133.15070 -64.56976 249.73399 -189.05212 -102.45749 NaN NaN NaN 90.22906 -146.32628 -82.49363 -20.35315 -215.35600 -86.98099
7152 0.71178 NaN NaN NaN 142.53574 -133.14981 -64.57993 249.73877 -189.06290 -102.45173 NaN NaN NaN 90.22440 -146.31984 -82.49023 -20.35954 -215.35078 -86.98088
7153 0.72012 NaN NaN NaN 142.53027 -133.16666 -64.57825 249.74318 -189.07176 -102.45238 NaN NaN NaN 90.21943 -146.32074 -82.48489 -20.36853 -215.35283 -86.97194
7154 0.72847 NaN NaN NaN 142.52449 -133.17374 -64.58340 249.73572 -189.07549 -102.43114 NaN NaN NaN 90.21550 -146.32745 -82.47216 -20.38320 -215.35971 -86.97243
7155 0.73681 NaN NaN NaN 142.53282 -133.19621 -64.56953 249.71892 -189.07256 -102.44341 NaN NaN NaN 90.19847 -146.31631 -82.47249 -20.35715 -215.37344 -86.97585
7156 0.74515 NaN NaN NaN 142.54683 -133.16248 -64.57607 249.73132 -189.07144 -102.43649 NaN NaN NaN 90.21940 -146.32425 -82.44730 -20.36018 -215.35344 -86.96339
7157 0.75349 NaN NaN NaN 142.54559 -133.17812 -64.56327 249.73512 -189.07649 -102.44549 NaN NaN NaN 90.22065 -146.34802 -82.47021 -20.36693 -215.36063 -86.97176
7158 0.76184 NaN NaN NaN 142.53065 -133.17775 -64.57610 249.74309 -189.07314 -102.44539 NaN NaN NaN 90.20988 -146.33888 -82.47487 -20.38472 -215.36313 -86.97232
7159 0.77018 NaN NaN NaN 142.51538 -133.18869 -64.57262 249.73734 -189.07988 -102.45072 NaN NaN NaN 90.19469 -146.34761 -82.47083 -20.37123 -215.37578 -86.96058
7160 0.77852 NaN NaN NaN 142.52287 -133.17752 -64.57785 249.73524 -189.07870 -102.45126 NaN NaN NaN 90.21220 -146.34021 -82.47848 -20.35956 -215.37749 -86.96644
7161 0.78686 NaN NaN NaN 142.52899 -133.18610 -64.57671 249.73665 -189.07918 -102.46449 NaN NaN NaN 90.19856 -146.34560 -82.49326 -20.37232 -215.38998 -86.97662
7162 0.79521 NaN NaN NaN 142.52818 -133.15643 -64.58196 249.74043 -189.07817 -102.45731 NaN NaN NaN 90.20279 -146.34714 -82.49289 -20.37424 -215.39337 -86.97906
7163 0.80355 NaN NaN NaN 142.54280 -133.18416 -64.57466 249.73824 -189.08398 -102.46083 NaN NaN NaN 90.19016 -146.34682 -82.49266 -20.38762 -215.39752 -86.98425
7164 0.81189 NaN NaN NaN 142.54390 -133.19342 -64.58261 249.73636 -189.09050 -102.45204 NaN NaN NaN 90.19585 -146.33755 -82.48135 -20.35758 -215.36400 -86.97314
7165 0.82024 NaN NaN NaN 142.53845 -133.17348 -64.58300 249.73906 -189.09215 -102.45406 NaN NaN NaN 90.20299 -146.33900 -82.48089 -20.37415 -215.36349 -86.99879
7166 0.82858 NaN NaN NaN 142.54390 -133.15700 -64.58286 249.73883 -189.08617 -102.44583 NaN NaN NaN 90.20598 -146.33295 -82.48122 -20.38341 -215.34978 -87.00374
7167 0.83692 NaN NaN NaN 142.54924 -133.12988 -64.59119 249.72682 -189.07663 -102.44994 NaN NaN NaN 90.17400 -146.31172 -82.47437 -20.40178 -215.33456 -87.00660
7168 0.84526 NaN NaN NaN 142.54607 -133.10371 -64.60685 249.71576 -189.06453 -102.43694 NaN NaN NaN 90.15418 -146.24448 -82.47938 -20.45505 -215.27325 -87.03448
7169 0.85361 NaN NaN NaN 142.55656 -133.05821 -64.60675 249.70590 -189.04071 -102.43968 NaN NaN NaN 90.13021 -146.21570 -82.47868 -20.44181 -215.24739 -87.01037
7170 0.86195 NaN NaN NaN 142.55957 -133.01834 -64.60846 249.72636 -189.02322 -102.42579 NaN NaN NaN 90.12985 -146.16873 -82.48099 -20.47099 -215.22369 -87.00134
7171 0.87029 NaN NaN NaN 142.55884 -132.97760 -64.61492 249.72830 -188.97305 -102.42113 NaN NaN NaN 90.11364 -146.11211 -82.50903 -20.48642 -215.19585 -86.98952
7172 0.87864 NaN NaN NaN 142.56271 -132.94672 -64.62422 249.72299 -188.96404 -102.40301 NaN NaN NaN 90.08707 -146.07359 -82.49363 -20.49314 -215.16400 -87.00252
7173 0.88698 NaN NaN NaN 142.57550 -132.90666 -64.61543 249.71188 -188.94926 -102.41061 NaN NaN NaN 90.07339 -146.02005 -82.49493 -20.48909 -215.12932 -87.01552
7174 0.89532 NaN NaN NaN 142.57872 -132.88417 -64.58495 249.69926 -188.94154 -102.38991 NaN NaN NaN 90.06875 -145.95206 -82.48087 -20.47607 -215.09572 -87.00007
7175 0.90366 NaN NaN NaN 142.58034 -132.85266 -64.60057 249.69325 -188.93596 -102.38046 NaN NaN NaN 90.07246 -145.91661 -82.50280 -20.50076 -215.02074 -86.98893
7176 0.91201 NaN NaN NaN 142.58522 -132.84315 -64.57089 249.70439 -188.91959 -102.35696 NaN NaN NaN 90.07968 -145.90213 -82.47989 -20.51602 -214.97523 -86.98953
7177 0.92035 NaN NaN NaN 142.59108 -132.78877 -64.57336 249.70915 -188.87776 -102.38107 NaN NaN NaN 90.06751 -145.87560 -82.51260 -20.51477 -214.93094 -87.00268
7178 0.92869 NaN NaN NaN 142.57895 -132.77655 -64.56993 249.71507 -188.86412 -102.37217 NaN NaN NaN 90.04913 -145.86823 -82.47412 -20.50154 -214.92052 -87.00997
7179 0.93703 NaN NaN NaN 142.57864 -132.75897 -64.56680 249.70999 -188.84917 -102.40058 NaN NaN NaN 90.05331 -145.84178 -82.49667 -20.50306 -214.89903 -87.01118
7180 0.94538 NaN NaN NaN 142.59106 -132.77107 -64.56851 249.69504 -188.85831 -102.37070 NaN NaN NaN 90.05549 -145.81567 -82.48899 -20.55944 -214.88571 -87.05205
7181 0.95372 NaN NaN NaN 142.58850 -132.76518 -64.57597 249.70250 -188.86200 -102.36263 NaN NaN NaN 90.06303 -145.80449 -82.49964 -20.54514 -214.86168 -87.04144
7182 0.96206 NaN NaN NaN 142.57629 -132.76451 -64.56422 249.71181 -188.88092 -102.34355 NaN NaN NaN 90.05480 -145.78276 -82.50482 -20.54108 -214.82898 -87.06583
7183 0.97041 NaN NaN NaN 142.57669 -132.75261 -64.56675 249.70952 -188.87868 -102.34184 NaN NaN NaN 90.06197 -145.76987 -82.55354 -20.53661 -214.80457 -87.07597
7184 0.97875 NaN NaN NaN 142.57961 -132.74985 -64.53588 249.70610 -188.87677 -102.33976 NaN NaN NaN 90.06207 -145.75352 -82.57105 -20.56744 -214.79224 -87.12981
7185 0.98709 NaN NaN NaN 142.58385 -132.75102 -64.55176 249.69458 -188.86984 -102.33722 NaN NaN NaN 90.07426 -145.75092 -82.54775 -20.53365 -214.78033 -87.12072
7186 0.99543 NaN NaN NaN 142.57559 -132.73470 -64.52763 249.69969 -188.87323 -102.30628 NaN NaN NaN 90.06727 -145.75073 -82.50777 -20.54053 -214.75861 -87.14210
7187 1.00378 NaN NaN NaN 142.56877 -132.73076 -64.54230 249.69814 -188.88483 -102.24856 NaN NaN NaN 90.07285 -145.76381 -82.54631 -20.53633 -214.74104 -87.14133
7188 1.01212 NaN NaN NaN 142.55887 -132.71953 -64.52009 249.69156 -188.89616 -102.22025 NaN NaN NaN 90.06827 -145.76208 -82.54917 -20.53551 -214.74702 -87.11596
7189 1.02046 NaN NaN NaN 142.55766 -132.69957 -64.54063 249.69127 -188.92924 -102.19277 NaN NaN NaN 90.06911 -145.76019 -82.58040 -20.52836 -214.74484 -87.11089
7190 1.02880 NaN NaN NaN 142.55486 -132.68648 -64.49714 249.66573 -188.93217 -102.17395 NaN NaN NaN 90.07638 -145.74254 -82.55305 -20.57458 -214.71249 -87.15072
7191 1.03715 NaN NaN NaN 142.55217 -132.66402 -64.50383 249.66072 -188.94041 -102.16611 NaN NaN NaN 90.07014 -145.73671 -82.57121 -20.57240 -214.72646 -87.13195
7192 1.04549 NaN NaN NaN 142.52701 -132.67853 -64.48309 249.64818 -188.92052 -102.13831 NaN NaN NaN 90.05954 -145.70961 -82.58184 -20.52249 -214.71318 -87.09550
7193 1.05383 NaN NaN NaN 142.52798 -132.67749 -64.46056 249.64598 -188.89854 -102.14202 NaN NaN NaN 90.07111 -145.71448 -82.58590 -20.51538 -214.74007 -87.06542
7194 1.06218 NaN NaN NaN 142.53510 -132.68381 -64.44953 249.64529 -188.88869 -102.13467 NaN NaN NaN 90.07854 -145.72229 -82.57868 -20.52678 -214.71765 -87.06079
7195 1.07052 NaN NaN NaN 142.53502 -132.66809 -64.44902 249.63393 -188.89134 -102.13269 NaN NaN NaN 90.06635 -145.71451 -82.57726 -20.53150 -214.72244 -87.05692
7196 1.07886 NaN NaN NaN 142.53947 -132.67268 -64.46078 249.63174 -188.88995 -102.13311 NaN NaN NaN 90.06649 -145.71686 -82.55274 -20.57998 -214.71133 -87.05915
7197 1.08720 NaN NaN NaN 142.54111 -132.66226 -64.45425 249.63838 -188.89258 -102.12863 NaN NaN NaN 90.06536 -145.69783 -82.58250 -20.55497 -214.72006 -87.04507
7198 1.09555 NaN NaN NaN 142.54309 -132.66643 -64.45337 249.63995 -188.89523 -102.11968 NaN NaN NaN 90.05212 -145.66571 -82.56898 -20.56467 -214.69150 -87.07533
7199 1.10389 NaN NaN NaN 142.54143 -132.64854 -64.45023 249.64745 -188.89151 -102.11555 NaN NaN NaN 90.04539 -145.66931 -82.58868 -20.53961 -214.69611 -87.05854
7200 1.11223 NaN NaN NaN 142.53004 -132.62428 -64.44919 249.64960 -188.88478 -102.11558 NaN NaN NaN 90.04761 -145.64076 -82.57003 -20.53619 -214.65601 -87.05473
7201 1.12057 NaN NaN NaN 142.53433 -132.62579 -64.44380 249.65305 -188.86745 -102.10137 NaN NaN NaN 90.04895 -145.64490 -82.59427 -20.56183 -214.64171 -87.06042
7202 1.12892 NaN NaN NaN 142.53966 -132.64937 -64.42361 249.65056 -188.86520 -102.10170 NaN NaN NaN 90.04490 -145.63834 -82.58869 -20.55525 -214.62616 -87.06033
7203 1.13726 NaN NaN NaN 142.52859 -132.62090 -64.43574 249.64043 -188.85825 -102.08216 NaN NaN NaN 90.03868 -145.61848 -82.59800 -20.55316 -214.62698 -87.06872
7204 1.14560 NaN NaN NaN 142.52928 -132.61607 -64.41640 249.62866 -188.85072 -102.10161 NaN NaN NaN 90.03435 -145.62134 -82.58364 -20.61913 -214.61624 -87.10652
7205 1.15395 NaN NaN NaN 142.53606 -132.63000 -64.40459 249.62564 -188.84012 -102.09260 NaN NaN NaN 90.02486 -145.60760 -82.60755 -20.55913 -214.60686 -87.08912
7206 1.16229 NaN NaN NaN 142.50600 -132.63226 -64.40464 249.62256 -188.83670 -102.08213 NaN NaN NaN 90.02778 -145.61618 -82.59574 -20.58661 -214.60788 -87.10495
7207 1.17063 NaN NaN NaN 142.48338 -132.62050 -64.43037 249.61165 -188.85210 -102.08239 NaN NaN NaN 90.03107 -145.62473 -82.61214 -20.60513 -214.61551 -87.11942
7208 1.17897 NaN NaN NaN 142.49484 -132.63167 -64.41104 249.59341 -188.83963 -102.05790 NaN NaN NaN 90.05422 -145.67952 -82.57867 -20.57568 -214.59850 -87.11736
7209 1.18732 NaN NaN NaN 142.49852 -132.63667 -64.39404 249.57742 -188.85075 -102.04536 NaN NaN NaN 90.06793 -145.71706 -82.57647 -20.61596 -214.61058 -87.14511
7210 1.19566 NaN NaN NaN 142.48523 -132.66277 -64.38745 249.57899 -188.85301 -102.04569 NaN NaN NaN 90.05653 -145.73752 -82.58396 -20.59441 -214.61682 -87.18412
7211 1.20400 NaN NaN NaN 142.45465 -132.66718 -64.38653 249.57281 -188.86349 -102.04681 NaN NaN NaN 90.07279 -145.77303 -82.59254 -20.57453 -214.63344 -87.19749
7212 1.21234 NaN NaN NaN 142.43361 -132.69724 -64.38954 249.55557 -188.88307 -102.05449 NaN NaN NaN 90.04316 -145.73964 -82.63635 -20.60501 -214.65408 -87.22694
7213 1.22069 NaN NaN NaN 142.41408 -132.69981 -64.40754 249.54538 -188.88910 -102.04283 NaN NaN NaN 90.05156 -145.81186 -82.60205 -20.62062 -214.70293 -87.25441
7214 1.22903 NaN NaN NaN 142.40916 -132.73253 -64.38135 249.51949 -188.93713 -102.02589 NaN NaN NaN 90.04501 -145.86469 -82.58706 -20.63295 -214.75204 -87.27252
7215 1.23737 NaN NaN NaN 142.39029 -132.73660 -64.38616 249.49937 -188.96873 -102.00114 NaN NaN NaN 90.07861 -145.93121 -82.58785 -20.66910 -214.78677 -87.26733
7216 1.24572 NaN NaN NaN 142.35561 -132.77776 -64.36924 249.47287 -189.03964 -101.98796 NaN NaN NaN 90.08519 -145.97940 -82.59466 -20.65349 -214.80746 -87.25938
7217 1.25406 NaN NaN NaN 142.33958 -132.81902 -64.37626 249.44713 -189.06720 -101.96146 NaN NaN NaN 90.07887 -146.02019 -82.61605 -20.63596 -214.82220 -87.25329
7218 1.26240 NaN NaN NaN 142.32796 -132.85403 -64.35129 249.43515 -189.09468 -101.92056 NaN NaN NaN 90.07640 -146.07043 -82.63627 -20.63708 -214.84198 -87.25813
7219 1.27074 NaN NaN NaN 142.29359 -132.85448 -64.35975 249.41348 -189.11653 -101.91804 NaN NaN NaN 90.06709 -146.09454 -82.64824 -20.67177 -214.83757 -87.30556
7220 1.27909 NaN NaN NaN 142.29839 -132.87494 -64.32520 249.39249 -189.14667 -101.90802 NaN NaN NaN 90.06530 -146.11327 -82.65261 -20.69742 -214.86610 -87.32848
7221 1.28743 NaN NaN NaN 142.29662 -132.86838 -64.29919 249.37651 -189.16515 -101.87952 NaN NaN NaN 90.05396 -146.13963 -82.66889 -20.67795 -214.92844 -87.28854
7222 1.29577 NaN NaN NaN 142.28004 -132.88531 -64.31522 249.36584 -189.17421 -101.85188 NaN NaN NaN 90.06176 -146.15898 -82.65163 -20.64174 -214.94917 -87.28928
7223 1.30411 NaN NaN NaN 142.25464 -132.84227 -64.30505 249.34610 -189.20297 -101.81996 NaN NaN NaN 90.05882 -146.17892 -82.65692 -20.66347 -214.98874 -87.28255
7224 1.31246 NaN NaN NaN 142.22859 -132.84525 -64.27738 249.33951 -189.21404 -101.79837 NaN NaN NaN 90.06077 -146.20169 -82.64165 -20.64284 -214.98683 -87.28573
7225 1.32080 NaN NaN NaN 142.21216 -132.84032 -64.27551 249.32039 -189.21812 -101.74429 NaN NaN NaN 90.06552 -146.21106 -82.65485 -20.66565 -215.01033 -87.27868
7226 1.32914 NaN NaN NaN 142.19016 -132.85260 -64.28648 249.31357 -189.23410 -101.71546 NaN NaN NaN 90.06052 -146.23778 -82.68021 -20.66412 -215.00771 -87.28638
7227 1.33749 NaN NaN NaN 142.17918 -132.82025 -64.27753 249.29631 -189.24020 -101.68748 NaN NaN NaN 90.06748 -146.23384 -82.69028 -20.68498 -214.99760 -87.30887
7228 1.34583 NaN NaN NaN 142.15811 -132.82619 -64.25923 249.28006 -189.24266 -101.66778 NaN NaN NaN 90.07823 -146.22957 -82.69889 -20.68023 -214.97781 -87.32603
7229 1.35417 NaN NaN NaN 142.15881 -132.80904 -64.29559 249.28107 -189.22977 -101.63946 NaN NaN NaN 90.09110 -146.21640 -82.71684 -20.67466 -214.96822 -87.33417
7230 1.36251 NaN NaN NaN 142.14818 -132.81824 -64.25692 249.26993 -189.23944 -101.61614 NaN NaN NaN 90.09771 -146.19841 -82.76242 -20.66362 -214.95476 -87.34564
7231 1.37086 NaN NaN NaN 142.14597 -132.77904 -64.26571 249.26692 -189.22993 -101.59644 NaN NaN NaN 90.10612 -146.18909 -82.75185 -20.64291 -214.96927 -87.32330
7232 1.37920 NaN NaN NaN 142.13948 -132.76915 -64.24592 249.27341 -189.23155 -101.59063 NaN NaN NaN 90.11509 -146.17288 -82.81671 -20.63754 -214.96318 -87.33606
7233 1.38754 NaN NaN NaN 142.14041 -132.74117 -64.26854 249.26149 -189.21902 -101.57056 NaN NaN NaN 90.12837 -146.18744 -82.84563 -20.60352 -214.92932 -87.34858
7234 1.39589 NaN NaN NaN 142.14085 -132.74315 -64.24523 249.24533 -189.21375 -101.56300 NaN NaN NaN 90.14506 -146.16989 -82.86057 -20.56254 -214.91887 -87.33777
7235 1.40423 NaN NaN NaN 142.13089 -132.71280 -64.24206 249.23683 -189.22499 -101.54809 NaN NaN NaN 90.14181 -146.16310 -82.85473 -20.57936 -214.89828 -87.32701
7236 1.41257 NaN NaN NaN 142.10542 -132.69370 -64.25548 249.22310 -189.21027 -101.53490 NaN NaN NaN 90.15897 -146.15347 -82.87289 -20.59210 -214.90323 -87.33736
7237 1.42091 NaN NaN NaN 142.10208 -132.68245 -64.25919 249.19537 -189.19136 -101.51665 NaN NaN NaN 90.15352 -146.15253 -82.86958 -20.59164 -214.89578 -87.32922
7238 1.42926 NaN NaN NaN 142.08440 -132.66722 -64.25587 249.17473 -189.19768 -101.50263 NaN NaN NaN 90.16396 -146.13844 -82.88816 -20.58888 -214.89178 -87.35270
7239 1.43760 NaN NaN NaN 142.07690 -132.65532 -64.27103 249.14641 -189.16879 -101.48811 NaN NaN NaN 90.16669 -146.12895 -82.92034 -20.54703 -214.86702 -87.34251
7240 1.44594 NaN NaN NaN 142.05293 -132.61137 -64.26815 249.11894 -189.16911 -101.45961 NaN NaN NaN 90.17512 -146.12131 -82.92397 -20.58288 -214.85332 -87.37417
7241 1.45428 NaN NaN NaN 142.03394 -132.57979 -64.26339 249.11453 -189.16005 -101.42270 NaN NaN NaN 90.19048 -146.11429 -82.96276 -20.58282 -214.84535 -87.35530
7242 1.46263 NaN NaN NaN 142.01151 -132.54648 -64.26173 249.07686 -189.15686 -101.40848 NaN NaN NaN 90.17818 -146.08768 -82.95814 -20.57957 -214.81671 -87.35299
7243 1.47097 NaN NaN NaN 141.98694 -132.51306 -64.28252 249.07191 -189.14311 -101.36478 NaN NaN NaN 90.18520 -146.08502 -82.96838 -20.54245 -214.81015 -87.35381
7244 1.47931 NaN NaN NaN 141.98260 -132.47038 -64.28106 249.04362 -189.13652 -101.35296 NaN NaN NaN 90.19464 -146.07806 -82.95963 -20.51785 -214.80879 -87.36799
7245 1.48766 NaN NaN NaN 141.95528 -132.46390 -64.27444 249.02658 -189.12859 -101.30081 NaN NaN NaN 90.19509 -146.06328 -82.99661 -20.53181 -214.81010 -87.35464
7246 1.49600 NaN NaN NaN 141.92932 -132.44879 -64.27227 249.01573 -189.13885 -101.28819 NaN NaN NaN 90.19045 -146.05229 -82.99875 -20.52295 -214.80226 -87.35786
7247 1.50434 NaN NaN NaN 141.90950 -132.45169 -64.26653 248.99251 -189.14424 -101.26026 NaN NaN NaN 90.19947 -146.04784 -83.01788 -20.52735 -214.78362 -87.36678
7248 1.51268 NaN NaN NaN 141.89624 -132.45665 -64.24538 248.97868 -189.15808 -101.22747 NaN NaN NaN 90.19395 -146.05598 -83.00871 -20.53270 -214.78166 -87.36221
7249 1.52103 NaN NaN NaN 141.88948 -132.44940 -64.27274 248.96278 -189.16008 -101.24339 NaN NaN NaN 90.19488 -146.03383 -83.02622 -20.51458 -214.78975 -87.36556
7250 1.52937 NaN NaN NaN 141.88625 -132.45125 -64.25871 248.95580 -189.15262 -101.23268 NaN NaN NaN 90.21370 -146.03064 -83.03031 -20.50952 -214.78577 -87.37353
7251 1.53771 NaN NaN NaN 141.88100 -132.44920 -64.27633 248.94994 -189.15224 -101.24796 NaN NaN NaN 90.19479 -146.03822 -83.03382 -20.51400 -214.78368 -87.37204
7252 1.54605 NaN NaN NaN 141.89127 -132.45398 -64.27525 248.94922 -189.14365 -101.23021 NaN NaN NaN 90.20523 -146.05396 -83.03704 -20.51802 -214.77377 -87.36916
7253 1.55440 NaN NaN NaN 141.87769 -132.45154 -64.28298 248.94893 -189.14899 -101.24743 NaN NaN NaN 90.20349 -146.05054 -83.04172 -20.53080 -214.79172 -87.36972
7254 1.56274 NaN NaN NaN 141.89114 -132.47299 -64.27621 248.94879 -189.15485 -101.26752 NaN NaN NaN 90.22579 -146.07314 -83.04678 -20.56687 -214.82210 -87.39144
7255 1.57108 NaN NaN NaN 141.88315 -132.47200 -64.28228 248.96370 -189.17206 -101.26505 NaN NaN NaN 90.22234 -146.06116 -83.04665 -20.57498 -214.81998 -87.38339
7256 1.57943 NaN NaN NaN 141.89177 -132.47832 -64.28040 248.96747 -189.17009 -101.25168 NaN NaN NaN 90.23389 -146.08046 -83.05409 -20.52647 -214.81851 -87.38114
7257 1.58777 NaN NaN NaN 141.89606 -132.48347 -64.29739 248.97102 -189.16222 -101.26396 NaN NaN NaN 90.22469 -146.08121 -83.05480 -20.53021 -214.82224 -87.36901
7258 1.59611 NaN NaN NaN 141.89832 -132.49089 -64.29564 248.96889 -189.17230 -101.25828 NaN NaN NaN 90.24506 -146.08801 -83.06018 -20.48437 -214.83153 -87.36855
7259 1.60445 NaN NaN NaN 141.89412 -132.48872 -64.32606 248.97263 -189.18340 -101.25905 NaN NaN NaN 90.24522 -146.08923 -83.06244 -20.50123 -214.81877 -87.35297
7260 1.61280 NaN NaN NaN 141.90417 -132.49577 -64.31952 248.97224 -189.20386 -101.22709 NaN NaN NaN 90.26195 -146.08279 -83.07466 -20.52149 -214.82063 -87.35859
7261 1.62114 NaN NaN NaN 141.88641 -132.49245 -64.36408 248.97801 -189.20953 -101.22179 NaN NaN NaN 90.27261 -146.07481 -83.10060 -20.51531 -214.83119 -87.34399
7262 1.62948 NaN NaN NaN 141.89218 -132.48105 -64.34471 248.97276 -189.21443 -101.21191 NaN NaN NaN 90.27892 -146.08121 -83.11297 -20.49001 -214.84319 -87.34571
7263 1.63782 NaN NaN NaN 141.87144 -132.48717 -64.37545 248.97237 -189.22221 -101.22895 NaN NaN NaN 90.27489 -146.07962 -83.11826 -20.45796 -214.86861 -87.32156
7264 1.64617 NaN NaN NaN 141.88928 -132.50732 -64.35580 248.96768 -189.23180 -101.21514 NaN NaN NaN 90.26939 -146.10876 -83.11063 -20.43248 -214.89296 -87.34111
7265 1.65451 NaN NaN NaN 141.87979 -132.51309 -64.37890 248.96782 -189.23625 -101.21261 NaN NaN NaN 90.27903 -146.11577 -83.11167 -20.48927 -214.89941 -87.33881
7266 1.66285 NaN NaN NaN 141.88084 -132.51826 -64.34769 248.96959 -189.23975 -101.20126 NaN NaN NaN 90.26941 -146.14755 -83.09627 -20.47515 -214.91910 -87.36024
7267 1.67120 NaN NaN NaN 141.87477 -132.53329 -64.38367 248.97099 -189.25284 -101.19482 NaN NaN NaN 90.26695 -146.16187 -83.08640 -20.47787 -214.92732 -87.35445
7268 1.67954 NaN NaN NaN 141.87773 -132.53716 -64.35320 248.96504 -189.25352 -101.19961 NaN NaN NaN 90.24916 -146.16879 -83.09351 -20.48294 -214.93707 -87.37679
7269 1.68788 NaN NaN NaN 141.88182 -132.55299 -64.39293 248.97525 -189.26941 -101.21553 NaN NaN NaN 90.25052 -146.16890 -83.09552 -20.49723 -214.94785 -87.39509
7270 1.69622 NaN NaN NaN 141.87537 -132.55421 -64.38928 248.97430 -189.28371 -101.19794 NaN NaN NaN 90.25710 -146.18291 -83.08868 -20.51460 -214.94305 -87.40250
7271 1.70457 NaN NaN NaN 141.86752 -132.55881 -64.40509 248.97276 -189.29196 -101.20732 NaN NaN NaN 90.25262 -146.18108 -83.09275 -20.49077 -214.92239 -87.39082
7272 1.71291 NaN NaN NaN 141.87695 -132.56091 -64.36938 248.96791 -189.29636 -101.18537 NaN NaN NaN 90.26050 -146.18861 -83.09119 -20.50620 -214.94905 -87.39985
7273 1.72125 NaN NaN NaN 141.86234 -132.54712 -64.40517 248.95961 -189.30658 -101.20444 NaN NaN NaN 90.25195 -146.19154 -83.09007 -20.50720 -214.96048 -87.39990
7274 1.72959 NaN NaN NaN 141.85109 -132.54591 -64.43510 248.95131 -189.28758 -101.18987 NaN NaN NaN 90.24949 -146.17877 -83.10205 -20.49846 -214.96242 -87.40480
7275 1.73794 NaN NaN NaN 141.84853 -132.53716 -64.44753 248.94362 -189.29056 -101.17522 NaN NaN NaN 90.26564 -146.15259 -83.12643 -20.49154 -214.94557 -87.40438
7276 1.74628 NaN NaN NaN 141.85559 -132.54543 -64.44466 248.93466 -189.27745 -101.17422 NaN NaN NaN 90.26080 -146.13742 -83.11153 -20.45827 -214.96198 -87.38515
7277 1.75462 NaN NaN NaN 141.85382 -132.53900 -64.44991 248.93616 -189.28435 -101.16862 NaN NaN NaN 90.27789 -146.15039 -83.13203 -20.46949 -214.96371 -87.38003
7278 1.76297 NaN NaN NaN 141.84045 -132.53763 -64.45975 248.94397 -189.27620 -101.17205 NaN NaN NaN 90.27457 -146.17188 -83.12914 -20.47257 -214.95491 -87.40569
7279 1.77131 NaN NaN NaN 141.83269 -132.53310 -64.48552 248.93724 -189.27657 -101.17601 NaN NaN NaN 90.26625 -146.16711 -83.14307 -20.49307 -214.94109 -87.41532
7280 1.77965 NaN NaN NaN 141.82474 -132.52911 -64.48457 248.92741 -189.26518 -101.17796 NaN NaN NaN 90.26062 -146.15462 -83.12996 -20.49542 -214.93202 -87.42220
7281 1.78799 NaN NaN NaN 141.81688 -132.51970 -64.48768 248.92279 -189.26926 -101.17957 NaN NaN NaN 90.26893 -146.15047 -83.12436 -20.48827 -214.94609 -87.42174
7282 1.79634 NaN NaN NaN 141.82155 -132.53281 -64.47182 248.91751 -189.27277 -101.18260 NaN NaN NaN 90.25984 -146.16081 -83.11437 -20.50880 -214.95808 -87.41985
7283 1.80468 NaN NaN NaN 141.82236 -132.51875 -64.47310 248.91035 -189.27422 -101.20551 NaN NaN NaN 90.25828 -146.16431 -83.12962 -20.51755 -214.94008 -87.41041
7284 1.81302 NaN NaN NaN 141.82549 -132.53143 -64.47552 248.91724 -189.26826 -101.18972 NaN NaN NaN 90.24563 -146.16789 -83.11056 -20.51192 -214.92699 -87.42536
7285 1.82137 NaN NaN NaN 141.81343 -132.51103 -64.48167 248.91948 -189.26871 -101.18034 NaN NaN NaN 90.27460 -146.16057 -83.11993 -20.51856 -214.92593 -87.43240
7286 1.82971 NaN NaN NaN 141.81781 -132.51102 -64.48129 248.90176 -189.26633 -101.17448 NaN NaN NaN 90.26044 -146.17181 -83.10948 -20.52238 -214.92575 -87.42600
7287 1.83805 NaN NaN NaN 141.80092 -132.49335 -64.49136 248.90855 -189.27423 -101.16876 NaN NaN NaN 90.26974 -146.16063 -83.11166 -20.50756 -214.89845 -87.41206
7288 1.84639 NaN NaN NaN 141.80040 -132.49562 -64.49696 248.89825 -189.26973 -101.16733 NaN NaN NaN 90.25662 -146.15320 -83.11176 -20.49189 -214.90005 -87.41425
7289 1.85474 NaN NaN NaN 141.80231 -132.48767 -64.48905 248.92015 -189.25163 -101.17001 NaN NaN NaN 90.26278 -146.13255 -83.13512 -20.50575 -214.88786 -87.42978
7290 1.86308 NaN NaN NaN 141.80754 -132.49335 -64.48971 248.90884 -189.24069 -101.17849 NaN NaN NaN 90.27225 -146.12637 -83.12721 -20.47739 -214.89615 -87.42233
7291 1.87142 NaN NaN NaN 141.80351 -132.48608 -64.47060 248.91498 -189.23695 -101.17699 NaN NaN NaN 90.28439 -146.13455 -83.14245 -20.49975 -214.87840 -87.43143
7292 1.87976 NaN NaN NaN 141.81453 -132.48518 -64.49236 248.91228 -189.23169 -101.17636 NaN NaN NaN 90.28822 -146.11768 -83.13679 -20.50260 -214.87730 -87.44928
7293 1.88811 NaN NaN NaN 141.79997 -132.47537 -64.50023 248.91162 -189.23576 -101.17760 NaN NaN NaN 90.29494 -146.12555 -83.16264 -20.48929 -214.87970 -87.43856
7294 1.89645 NaN NaN NaN 141.80391 -132.46576 -64.48455 248.90768 -189.23105 -101.16458 NaN NaN NaN 90.29517 -146.12209 -83.15594 -20.46634 -214.88231 -87.43389
7295 1.90479 NaN NaN NaN 141.80745 -132.47246 -64.48701 248.92027 -189.23938 -101.16205 NaN NaN NaN 90.29636 -146.13200 -83.16730 -20.41935 -214.86574 -87.44346
7296 1.91314 NaN NaN NaN 141.81448 -132.46030 -64.50271 248.91695 -189.23715 -101.15312 NaN NaN NaN 90.29990 -146.12415 -83.15079 -20.46010 -214.85820 -87.44111
7297 1.92148 NaN NaN NaN 141.81346 -132.45877 -64.50072 248.92955 -189.24413 -101.14575 NaN NaN NaN 90.29549 -146.12408 -83.15227 -20.45295 -214.84972 -87.40919
7298 1.92982 NaN NaN NaN 141.81883 -132.46840 -64.49428 248.91791 -189.25073 -101.15155 NaN NaN NaN 90.30117 -146.11655 -83.14683 -20.46074 -214.87527 -87.41128
