Frame# Time LH1 LH2 LH3 RH1 RH2 RH3
X54 Y54 Z54 X55 Y55 Z55 X56 Y56 Z56 X57 Y57 Z57 X58 Y58 Z58 X59 Y59 Z59
21491 0.00253 NaN NaN NaN 148.49298 -83.30911 -33.35078 251.41174 -156.86340 -30.93798 NaN NaN NaN 3.07288 -173.49603 30.71709 -4.57610 -155.90071 -98.00372
21492 0.01087 NaN NaN NaN 148.49765 -83.35204 -33.31385 251.41246 -156.84100 -30.94376 NaN NaN NaN 3.59370 -173.23462 30.61470 -4.46422 -155.85014 -98.05206
21493 0.01922 NaN NaN NaN 148.51488 -83.34766 -33.29261 251.44872 -156.80162 -30.98369 NaN NaN NaN 4.07694 -172.98074 30.41699 -4.33475 -155.82083 -98.20787
21494 0.02757 NaN NaN NaN 148.53326 -83.33324 -33.28945 251.48717 -156.73895 -30.99613 NaN NaN NaN 4.49863 -172.77415 30.20385 -4.10435 -155.78374 -98.40717
21495 0.03591 NaN NaN NaN 148.56317 -83.33144 -33.30089 251.52065 -156.68298 -31.06074 NaN NaN NaN 4.88044 -172.62956 30.05133 -3.99566 -155.68530 -98.50585
21496 0.04426 NaN NaN NaN 148.62854 -83.20484 -33.25095 251.53659 -156.61241 -31.12122 NaN NaN NaN 5.17079 -172.52229 29.90542 -3.90144 -155.67506 -98.59543
21497 0.05261 NaN NaN NaN 148.66913 -83.12636 -33.27316 251.55576 -156.55949 -31.16082 NaN NaN NaN 5.39098 -172.46819 29.72750 -3.81428 -155.36708 -98.68096
21498 0.06095 NaN NaN NaN 148.61398 -83.03094 -33.33519 251.56494 -156.51570 -31.18466 NaN NaN NaN 5.53161 -172.48442 29.56430 -3.76909 -155.27231 -98.87044
21499 0.06930 NaN NaN NaN 148.61336 -82.99060 -33.39188 251.60597 -156.49837 -31.21737 NaN NaN NaN 5.56725 -172.48749 29.46533 -3.72799 -155.12730 -98.96557
21500 0.07765 NaN NaN NaN 148.63177 -82.97219 -33.44311 251.63620 -156.43832 -31.24658 NaN NaN NaN 5.55352 -172.52739 29.39455 -3.76281 -155.14850 -99.10349
21501 0.08599 NaN NaN NaN 148.62816 -82.91866 -33.49067 251.65894 -156.41243 -31.26735 NaN NaN NaN 5.54924 -172.58528 29.34809 -3.91210 -155.15065 -99.10271
21502 0.09434 NaN NaN NaN 148.71976 -83.11630 -33.38387 251.65334 -156.41563 -31.33296 NaN NaN NaN 5.54303 -172.58237 29.34606 -4.04785 -155.21437 -99.07769
21503 0.10269 NaN NaN NaN 148.62158 -83.27205 -33.46375 251.58406 -156.45140 -31.37573 NaN NaN NaN 5.54963 -172.53941 29.39462 -4.17100 -155.23714 -99.06199
21504 0.11103 NaN NaN NaN 148.53091 -83.49915 -33.44335 251.53920 -156.48415 -31.40408 NaN NaN NaN 5.57721 -172.47169 29.46782 -4.27169 -155.34079 -99.06242
21505 0.11938 NaN NaN NaN 148.49301 -83.50495 -33.49485 251.50250 -156.51988 -31.46169 NaN NaN NaN 5.59951 -172.41469 29.51456 -4.35646 -155.37729 -98.91123
21506 0.12773 NaN NaN NaN 148.40979 -83.62793 -33.46378 251.47853 -156.53857 -31.49271 NaN NaN NaN 5.62898 -172.35133 29.55657 -4.54919 -155.42160 -98.86379
21507 0.13607 NaN NaN NaN 148.36725 -83.73122 -33.39201 251.38956 -156.52963 -31.51631 NaN NaN NaN 5.60040 -172.29951 29.59801 -4.64497 -155.44197 -98.82700
21508 0.14442 NaN NaN NaN 148.36925 -83.53548 -33.48499 251.33810 -156.52118 -31.56485 NaN NaN NaN 5.55248 -172.26563 29.63631 -4.74144 -155.48077 -98.92346
21509 0.15276 NaN NaN NaN 148.28886 -83.59901 -33.52985 251.28822 -156.52672 -31.58457 NaN NaN NaN 5.51979 -172.22652 29.70647 -4.81593 -155.44081 -98.98027
21510 0.16111 NaN NaN NaN 148.21466 -83.70900 -33.48219 251.23764 -156.50124 -31.60567 NaN NaN NaN 5.46464 -172.19351 29.74554 -4.88381 -155.36867 -98.97215
21511 0.16946 NaN NaN NaN 148.20587 -83.76950 -33.47357 251.21907 -156.50908 -31.61839 NaN NaN NaN 5.39760 -172.17361 29.76194 -4.94280 -155.27660 -98.88902
21512 0.17780 NaN NaN NaN 148.18402 -83.76884 -33.45590 251.21584 -156.51382 -31.60774 NaN NaN NaN 5.32068 -172.19305 29.75515 -4.99486 -155.21332 -98.85395
21513 0.18615 NaN NaN NaN 148.21646 -83.83310 -33.39772 251.21692 -156.51028 -31.62114 NaN NaN NaN 5.23863 -172.23488 29.76807 -5.10685 -155.21309 -98.81940
21514 0.19450 NaN NaN NaN 148.22304 -83.89158 -33.37638 251.21780 -156.53633 -31.60072 NaN NaN NaN 5.20153 -172.29564 29.75991 -5.21324 -155.24504 -98.83138
21515 0.20284 NaN NaN NaN 148.30115 -83.67976 -33.40952 251.22749 -156.60394 -31.60620 NaN NaN NaN 5.39576 -172.26761 29.76410 -5.34392 -155.25740 -98.89295
21516 0.21119 NaN NaN NaN 148.30437 -83.32336 -33.44270 251.24193 -156.68224 -31.56555 NaN NaN NaN 5.76053 -172.04013 29.70858 -5.62404 -155.26836 -98.95079
21517 0.21954 NaN NaN NaN 148.24757 -83.15283 -33.37526 251.26192 -156.75439 -31.55879 NaN NaN NaN 6.15396 -171.73537 29.53203 -5.85973 -155.15195 -99.04970
21518 0.22788 NaN NaN NaN 148.24208 -83.13856 -33.29680 251.30359 -156.85109 -31.56081 NaN NaN NaN 6.44499 -171.55836 29.20124 -5.95061 -155.19974 -99.22721
21519 0.23623 NaN NaN NaN 148.28709 -83.33836 -33.17621 251.34450 -156.88564 -31.59987 NaN NaN NaN 6.71009 -171.46638 28.73594 -5.76501 -154.95673 -99.62856
21520 0.24458 NaN NaN NaN 148.31612 -83.41929 -33.16744 251.36261 -156.88377 -31.60037 NaN NaN NaN 7.07885 -171.40767 28.28111 -5.56372 -154.55168 -100.12875
21521 0.25292 NaN NaN NaN 148.40755 -83.58801 -33.05387 251.35457 -156.84419 -31.63195 NaN NaN NaN 7.51794 -171.27003 27.72838 -5.31194 -154.04544 -100.52718
21522 0.26127 NaN NaN NaN 148.44211 -83.60274 -33.09591 251.33763 -156.77934 -31.70259 NaN NaN NaN 8.02794 -171.09978 27.26907 -5.05897 -153.34996 -100.98499
21523 0.26962 NaN NaN NaN 148.45906 -83.43628 -33.25373 251.32809 -156.73608 -31.76801 NaN NaN NaN 8.49781 -170.95018 26.88732 -4.86794 -152.80772 -101.55167
21524 0.27796 NaN NaN NaN 148.47110 -83.35205 -33.35941 251.33977 -156.71149 -31.81130 NaN NaN NaN 8.92262 -170.84724 26.45400 -4.82364 -152.35123 -101.98110
21525 0.28631 NaN NaN NaN 148.48613 -83.32368 -33.41469 251.35880 -156.71971 -31.89509 NaN NaN NaN 9.31773 -170.76831 26.06210 -4.84878 -152.18091 -102.29954
21526 0.29466 NaN NaN NaN 148.49684 -83.32680 -33.41031 251.39876 -156.80774 -31.91768 NaN NaN NaN 9.70182 -170.69287 25.76932 -4.98512 -152.15784 -102.60878
21527 0.30300 NaN NaN NaN 148.53625 -83.43130 -33.36757 251.45749 -156.84669 -31.98522 NaN NaN NaN 10.04254 -170.55193 25.47479 -5.22766 -152.34764 -102.86609
21528 0.31135 NaN NaN NaN 148.58681 -83.68538 -33.22616 251.53317 -156.97043 -32.02488 NaN NaN NaN 10.40835 -170.42326 25.21570 -5.43210 -152.60777 -102.99581
21529 0.31970 NaN NaN NaN 148.63673 -83.85175 -33.13976 251.60490 -157.05865 -31.99371 NaN NaN NaN 10.76641 -170.26736 25.05242 -5.60751 -152.89467 -103.00015
21530 0.32804 NaN NaN NaN 148.61018 -84.00758 -33.04845 251.61546 -157.18614 -32.04580 NaN NaN NaN 11.25600 -169.93779 25.04771 -5.62094 -153.16196 -102.93847
21531 0.33639 NaN NaN NaN 148.46733 -84.45809 -33.01029 251.54576 -157.25835 -32.01830 NaN NaN NaN 11.81933 -169.48613 25.21012 -5.48959 -153.32257 -102.77733
21532 0.34474 NaN NaN NaN 148.51776 -84.30038 -33.10500 251.45285 -157.31531 -32.03355 NaN NaN NaN 12.41714 -169.01521 25.41047 -5.33179 -153.38924 -102.64465
21533 0.35308 NaN NaN NaN 148.50581 -84.18492 -33.21068 251.35143 -157.29774 -32.04383 NaN NaN NaN 12.94344 -168.64166 25.55679 -4.98658 -153.30547 -102.50426
21534 0.36143 NaN NaN NaN 148.45952 -83.99931 -33.30912 251.30869 -157.29187 -32.09779 NaN NaN NaN 13.25265 -168.39297 25.65285 -4.46793 -153.02306 -102.38689
21535 0.36978 NaN NaN NaN 148.42505 -83.90533 -33.35040 251.28728 -157.30051 -32.13485 NaN NaN NaN 13.52216 -168.20033 25.83781 -3.95262 -152.77734 -102.14716
21536 0.37812 NaN NaN NaN 148.46429 -83.86158 -33.29245 251.31761 -157.33313 -32.14915 NaN NaN NaN 13.81929 -167.97540 26.19545 -3.52981 -152.50945 -101.93150
21537 0.38647 NaN NaN NaN 148.48222 -83.97761 -33.15777 251.39481 -157.39265 -32.16337 NaN NaN NaN 14.17227 -167.60556 26.60182 -3.12965 -152.22926 -101.58489
21538 0.39482 NaN NaN NaN 148.40965 -84.39258 -33.04884 251.46089 -157.47235 -32.18935 NaN NaN NaN 14.61371 -167.14914 27.14124 -2.88104 -152.21867 -101.25665
21539 0.40316 NaN NaN NaN 148.49640 -84.26646 -32.92935 251.53752 -157.60332 -32.20292 NaN NaN NaN 15.06853 -166.57628 27.61371 -2.81846 -152.60181 -100.81284
21540 0.41151 NaN NaN NaN 148.47639 -84.51977 -32.83950 251.60388 -157.75771 -32.24681 NaN NaN NaN 15.47383 -166.06458 28.08965 -2.76181 -153.06346 -100.19654
21541 0.41985 NaN NaN NaN 148.48613 -84.95316 -32.57031 251.65053 -157.88475 -32.24304 NaN NaN NaN 15.70666 -165.57526 28.49028 -2.54776 -153.34804 -99.79359
21542 0.42820 NaN NaN NaN 148.56056 -85.38946 -32.23960 251.72038 -157.95970 -32.23142 NaN NaN NaN 15.87410 -165.17232 28.81358 -2.36265 -153.84268 -99.29693
21543 0.43655 NaN NaN NaN 148.60471 -85.67675 -32.08141 251.79103 -158.02005 -32.20381 NaN NaN NaN 15.94047 -164.93958 29.05836 -2.08725 -154.16278 -98.94399
21544 0.44489 NaN NaN NaN 148.75928 -85.22068 -32.10699 251.81357 -158.02669 -32.16602 NaN NaN NaN 15.87879 -164.85704 29.21929 -1.76682 -154.60030 -98.68961
21545 0.45324 NaN NaN NaN 148.80066 -84.86060 -32.19054 251.82114 -158.02161 -32.13077 NaN NaN NaN 15.66249 -164.93089 29.29895 -1.44185 -155.04050 -98.55066
21546 0.46159 NaN NaN NaN 148.79967 -84.55000 -32.27256 251.82759 -157.98456 -32.10141 NaN NaN NaN 15.25594 -165.21594 29.32178 -1.07207 -155.27048 -98.62833
21547 0.46993 NaN NaN NaN 148.71570 -84.64338 -32.35973 251.84320 -157.93182 -32.08049 NaN NaN NaN 14.64288 -165.65121 29.30113 -0.81805 -155.43016 -98.66746
21548 0.47828 NaN NaN NaN 148.72601 -84.38396 -32.50018 251.80270 -157.87039 -32.06121 NaN NaN NaN 13.90837 -166.29459 29.26283 -0.48926 -155.40862 -98.78109
21549 0.48663 NaN NaN NaN 148.79831 -84.18769 -32.64867 251.72064 -157.76175 -32.04039 NaN NaN NaN 12.98725 -167.06053 29.15243 -0.30343 -155.43384 -98.90688
21550 0.49497 NaN NaN NaN 148.74937 -83.93584 -32.89423 251.63167 -157.70213 -32.02517 NaN NaN NaN 12.02074 -167.97774 29.00506 -0.21695 -155.45775 -99.04955
21551 0.50332 NaN NaN NaN 148.70618 -83.65834 -33.08269 251.50587 -157.57396 -32.01673 NaN NaN NaN 11.12954 -168.84348 28.87804 -0.15548 -155.57861 -99.15902
21552 0.51167 NaN NaN NaN 148.64549 -83.38203 -33.29171 251.33107 -157.48325 -31.90184 NaN NaN NaN 10.36834 -169.62555 28.85207 -0.11666 -155.88260 -99.24583
21553 0.52001 NaN NaN NaN 148.55379 -83.15652 -33.49484 251.16525 -157.38255 -31.82898 NaN NaN NaN 9.60637 -170.34332 28.77861 -0.07852 -156.19688 -99.53418
21554 0.52836 NaN NaN NaN 148.47899 -83.11803 -33.69860 251.03059 -157.32458 -31.72740 NaN NaN NaN 8.83189 -171.04657 28.68060 0.19529 -156.33823 -99.74782
21555 0.53671 NaN NaN NaN 148.43388 -83.00721 -33.89611 250.89418 -157.30803 -31.71420 NaN NaN NaN 8.08387 -171.67465 28.67694 0.44105 -156.38251 -99.83111
21556 0.54505 NaN NaN NaN 148.37645 -82.95000 -34.01466 250.80460 -157.31404 -31.67086 NaN NaN NaN 7.51758 -172.15695 28.78302 0.54893 -156.52666 -99.89384
21557 0.55340 NaN NaN NaN 148.35704 -82.88434 -34.06582 250.70923 -157.32660 -31.67041 NaN NaN NaN 7.05716 -172.47163 29.01037 0.48941 -156.67319 -99.70424
21558 0.56175 NaN NaN NaN 148.29500 -82.89494 -34.07936 250.65279 -157.34879 -31.58887 NaN NaN NaN 6.72525 -172.68633 29.34983 0.25564 -157.19659 -99.32047
21559 0.57009 NaN NaN NaN 148.28821 -82.89944 -34.08651 250.57327 -157.36073 -31.60558 NaN NaN NaN 6.39233 -172.74110 29.66526 0.06958 -157.82133 -98.94624
21560 0.57844 NaN NaN NaN 148.27231 -82.93154 -34.05116 250.51038 -157.37442 -31.54684 NaN NaN NaN 6.06493 -172.85585 30.05944 -0.03964 -158.40892 -98.63300
21561 0.58679 NaN NaN NaN 148.25528 -82.93999 -34.05347 250.43272 -157.41841 -31.48308 NaN NaN NaN 5.68835 -172.99588 30.44328 -0.12950 -158.82071 -98.31185
21562 0.59513 NaN NaN NaN 148.25731 -82.90060 -34.12349 250.35880 -157.42923 -31.33339 NaN NaN NaN 5.32841 -173.14983 30.74717 -0.27161 -159.16483 -98.13759
21563 0.60348 NaN NaN NaN 148.22899 -82.79453 -34.22327 250.27234 -157.41257 -31.18831 NaN NaN NaN 4.98747 -173.31128 30.97249 -0.36073 -159.44322 -97.98812
21564 0.61183 NaN NaN NaN 148.17781 -82.66419 -34.28607 250.19514 -157.33322 -30.98209 NaN NaN NaN 4.64567 -173.54028 31.09776 -0.38700 -159.60092 -97.94679
21565 0.62017 NaN NaN NaN 148.11438 -82.55164 -34.34274 250.13582 -157.24290 -30.79126 NaN NaN NaN 4.21562 -173.85013 31.04852 -0.33358 -159.68307 -98.07370
21566 0.62852 NaN NaN NaN 148.11852 -82.36842 -34.32399 250.07304 -157.13408 -30.64817 NaN NaN NaN 3.72535 -174.23900 30.90004 -0.26846 -159.60637 -98.09373
21567 0.63687 NaN NaN NaN 148.11790 -82.26196 -34.30292 250.04652 -157.04968 -30.54731 NaN NaN NaN 3.15828 -174.72414 30.57929 -0.08310 -159.40842 -98.18739
21568 0.64521 NaN NaN NaN 148.13881 -82.19671 -34.22692 250.07666 -156.96960 -30.49648 NaN NaN NaN 2.69517 -175.19989 30.29322 0.10573 -159.30223 -98.47417
21569 0.65356 NaN NaN NaN 148.16670 -82.16221 -34.17067 250.12096 -156.94749 -30.50379 NaN NaN NaN 2.30591 -175.58221 30.03176 0.22230 -159.14709 -98.78497
21570 0.66190 NaN NaN NaN 148.18364 -82.19358 -34.13132 250.16718 -156.94373 -30.54213 NaN NaN NaN 2.03307 -175.87148 29.67595 0.15236 -158.94881 -98.88403
21571 0.67025 NaN NaN NaN 148.19856 -82.23235 -34.10946 250.23557 -156.97162 -30.57723 NaN NaN NaN 1.82341 -176.09140 29.37730 0.08949 -158.78770 -99.23605
21572 0.67860 NaN NaN NaN 148.21049 -82.31871 -34.09021 250.27559 -157.04390 -30.63179 NaN NaN NaN 1.72831 -176.22270 29.17091 -0.01665 -158.71773 -99.53753
21573 0.68694 NaN NaN NaN 148.21567 -82.42769 -34.09929 250.29953 -157.09981 -30.71788 NaN NaN NaN 1.73782 -176.25670 29.05081 -0.22592 -158.73752 -99.74483
21574 0.69529 NaN NaN NaN 148.20192 -82.58748 -34.09224 250.34563 -157.17430 -30.78414 NaN NaN NaN 1.80977 -176.23970 28.91411 -0.39832 -158.70509 -99.81909
21575 0.70364 NaN NaN NaN 148.17760 -82.75647 -34.08823 250.40004 -157.20554 -30.85712 NaN NaN NaN 1.91782 -176.17828 28.68243 -0.59748 -158.77861 -99.83657
21576 0.71198 NaN NaN NaN 148.18806 -82.87611 -34.06834 250.42026 -157.25726 -30.86996 NaN NaN NaN 1.95112 -176.18304 28.32928 -0.70059 -158.76500 -100.02214
21577 0.72033 NaN NaN NaN 148.16554 -82.95952 -34.02314 250.41267 -157.28792 -30.95475 NaN NaN NaN 1.92462 -176.24655 28.00575 -0.73520 -158.63219 -100.45645
21578 0.72868 NaN NaN NaN 148.14034 -83.01677 -34.01689 250.39937 -157.31113 -30.97645 NaN NaN NaN 1.89600 -176.30588 27.76910 -0.68867 -158.38972 -100.65913
21579 0.73702 NaN NaN NaN 148.10789 -83.03523 -33.99057 250.34070 -157.29634 -30.98956 NaN NaN NaN 1.95474 -176.29759 27.52663 -0.71491 -158.14777 -100.72148
21580 0.74537 NaN NaN NaN 148.05035 -83.00755 -33.99504 250.30405 -157.29655 -30.94887 NaN NaN NaN 2.06445 -176.20326 27.36168 -0.74587 -158.06696 -100.89774
21581 0.75372 NaN NaN NaN 148.00487 -82.96537 -33.98245 250.26753 -157.28346 -30.92532 NaN NaN NaN 2.19698 -176.08385 27.26228 -0.87609 -158.03630 -101.11989
21582 0.76206 NaN NaN NaN 147.99313 -82.92912 -33.92859 250.26126 -157.28641 -30.88660 NaN NaN NaN 2.36453 -176.00101 27.17619 -1.05818 -158.10771 -101.35059
21583 0.77041 NaN NaN NaN 148.00385 -82.88207 -33.91876 250.25571 -157.26117 -30.86452 NaN NaN NaN 2.49584 -175.95447 27.10052 -1.10915 -158.13889 -101.41628
21584 0.77876 NaN NaN NaN 147.99277 -82.82661 -33.89989 250.27480 -157.22153 -30.83243 NaN NaN NaN 2.55242 -175.92635 27.07784 -1.18273 -158.20619 -101.36436
21585 0.78710 NaN NaN NaN 148.02315 -82.78162 -33.83927 250.30676 -157.18880 -30.80475 NaN NaN NaN 2.61793 -175.88831 27.06705 -1.21671 -158.22844 -101.38158
21586 0.79545 NaN NaN NaN 148.04019 -82.78903 -33.77541 250.34448 -157.16023 -30.79082 NaN NaN NaN 2.68691 -175.82689 27.09831 -1.25227 -158.21683 -101.31479
21587 0.80380 NaN NaN NaN 148.04604 -82.83424 -33.73901 250.41428 -157.13652 -30.77650 NaN NaN NaN 2.81614 -175.73938 27.16139 -1.28447 -158.16640 -101.09678
21588 0.81214 NaN NaN NaN 148.06898 -82.86506 -33.69886 250.47295 -157.13702 -30.76792 NaN NaN NaN 2.98304 -175.64449 27.22708 -1.40676 -158.17328 -101.08467
21589 0.82049 NaN NaN NaN 148.07863 -82.88609 -33.63778 250.51288 -157.15569 -30.76848 NaN NaN NaN 3.19828 -175.52330 27.23707 -1.49563 -158.17657 -101.05157
21590 0.82884 NaN NaN NaN 148.11707 -82.86564 -33.61009 250.55540 -157.14615 -30.77498 NaN NaN NaN 3.47297 -175.37241 27.23003 -1.54746 -158.13086 -101.05817
21591 0.83718 NaN NaN NaN 148.15643 -82.81042 -33.50556 250.59698 -157.11809 -30.78589 NaN NaN NaN 3.77748 -175.21231 27.18818 -1.58931 -158.09244 -101.10635
21592 0.84553 NaN NaN NaN 148.18256 -82.73837 -33.46684 250.61729 -157.10207 -30.79547 NaN NaN NaN 4.11866 -174.99200 27.08178 -1.56386 -157.99568 -101.25710
21593 0.85388 NaN NaN NaN 148.17145 -82.76134 -33.45487 250.64670 -157.07454 -30.81882 NaN NaN NaN 4.53567 -174.80406 26.93254 -1.55766 -157.81400 -101.49588
21594 0.86222 NaN NaN NaN 148.18103 -82.76904 -33.44497 250.66228 -157.04968 -30.81938 NaN NaN NaN 4.96583 -174.53314 26.74819 -1.50780 -157.64301 -101.69735
21595 0.87057 NaN NaN NaN 148.20244 -82.79475 -33.42987 250.67772 -157.00369 -30.84618 NaN NaN NaN 5.40786 -174.29907 26.51381 -1.41046 -157.40576 -101.86938
21596 0.87892 NaN NaN NaN 148.25026 -82.80370 -33.42170 250.72522 -156.97067 -30.90469 NaN NaN NaN 5.79682 -174.06361 26.22511 -1.28925 -157.15656 -102.07664
21597 0.88726 NaN NaN NaN 148.26093 -82.82690 -33.41434 250.80017 -156.94632 -30.95467 NaN NaN NaN 6.25488 -173.80125 25.94919 -1.16356 -156.89496 -102.12901
21598 0.89561 NaN NaN NaN 148.30199 -82.85571 -33.40371 250.86206 -156.99904 -30.99047 NaN NaN NaN 6.73619 -173.52122 25.63199 -1.08974 -156.76277 -102.41594
21599 0.90396 NaN NaN NaN 148.33304 -82.92172 -33.39584 250.94055 -157.08640 -31.08300 NaN NaN NaN 7.23351 -173.17371 25.34138 -1.00195 -156.47385 -102.79669
21600 0.91230 NaN NaN NaN 148.38992 -82.98211 -33.40083 251.01132 -157.14713 -31.13981 NaN NaN NaN 7.81906 -172.80722 25.10132 -0.94659 -156.13263 -103.13578
21601 0.92065 NaN NaN NaN 148.43327 -83.04328 -33.40168 251.07242 -157.18112 -31.24345 NaN NaN NaN 8.43581 -172.37201 24.83591 -0.83290 -155.74847 -103.43826
21602 0.92899 NaN NaN NaN 148.47681 -83.08894 -33.39870 251.10745 -157.19766 -31.28248 NaN NaN NaN 9.03738 -171.96260 24.59857 -0.76536 -155.38808 -103.65029
21603 0.93734 NaN NaN NaN 148.48888 -83.11908 -33.39781 251.14383 -157.18332 -31.31020 NaN NaN NaN 9.60843 -171.53624 24.27559 -0.59369 -154.98340 -103.95572
21604 0.94569 NaN NaN NaN 148.53291 -83.17768 -33.41273 251.20665 -157.20964 -31.31421 NaN NaN NaN 10.10966 -171.20236 23.99424 -0.43405 -154.57477 -104.23322
21605 0.95403 NaN NaN NaN 148.56485 -83.18540 -33.40717 251.28001 -157.24919 -31.33635 NaN NaN NaN 10.55083 -170.84702 23.73722 -0.09724 -153.84055 -104.50654
21606 0.96238 NaN NaN NaN 148.61168 -83.29771 -33.34905 251.34671 -157.31439 -31.34807 NaN NaN NaN 11.06190 -170.58804 23.47017 0.08010 -152.96838 -104.95911
21607 0.97073 NaN NaN NaN 148.64488 -83.40594 -33.27879 251.37631 -157.32184 -31.35941 NaN NaN NaN 11.57304 -170.29742 23.26162 0.32998 -152.25804 -105.30933
21608 0.97907 NaN NaN NaN 148.69337 -83.46509 -33.28257 251.39453 -157.37263 -31.38122 NaN NaN NaN 12.02669 -170.05338 23.02905 0.58984 -151.70035 -105.64915
21609 0.98742 NaN NaN NaN 148.71155 -83.47966 -33.29135 251.42639 -157.42323 -31.42031 NaN NaN NaN 12.39883 -169.83105 22.73700 0.89814 -151.29688 -105.86938
21610 0.99577 NaN NaN NaN 148.72340 -83.48079 -33.30589 251.46156 -157.43874 -31.46859 NaN NaN NaN 12.68045 -169.64058 22.49605 1.22460 -150.95409 -105.98792
21611 1.00411 NaN NaN NaN 148.75209 -83.52074 -33.30820 251.47897 -157.48009 -31.49649 NaN NaN NaN 12.96037 -169.49023 22.28242 1.46763 -150.79126 -106.15482
21612 1.01246 NaN NaN NaN 148.77141 -83.52801 -33.30951 251.47438 -157.52315 -31.55497 NaN NaN NaN 13.26123 -169.36052 22.10250 1.57538 -150.72437 -106.32168
21613 1.02081 NaN NaN NaN 148.77017 -83.58122 -33.30853 251.47243 -157.55161 -31.58820 NaN NaN NaN 13.52506 -169.32341 21.93091 1.70716 -150.68695 -106.44081
21614 1.02915 NaN NaN NaN 148.78894 -83.64388 -33.29990 251.45799 -157.59258 -31.58866 NaN NaN NaN 13.72087 -169.27281 21.79282 1.85918 -150.62842 -106.61540
21615 1.03750 NaN NaN NaN 148.76772 -83.73693 -33.28182 251.48038 -157.64848 -31.58387 NaN NaN NaN 13.89715 -169.26181 21.66426 1.98230 -150.53406 -106.71330
21616 1.04585 NaN NaN NaN 148.78539 -83.73518 -33.29662 251.45888 -157.69409 -31.57046 NaN NaN NaN 14.00541 -169.27480 21.45180 2.10723 -150.38063 -106.84943
21617 1.05419 NaN NaN NaN 148.78271 -83.77687 -33.28987 251.44543 -157.75076 -31.55373 NaN NaN NaN 14.11692 -169.30612 21.27011 2.22702 -150.22868 -106.94753
21618 1.06254 NaN NaN NaN 148.77840 -83.78088 -33.27600 251.44388 -157.76854 -31.53863 NaN NaN NaN 14.20077 -169.34618 21.14286 2.36778 -150.15796 -107.09199
21619 1.07089 NaN NaN NaN 148.78949 -83.80258 -33.24245 251.47037 -157.82825 -31.52650 NaN NaN NaN 14.27166 -169.41081 21.01145 2.51679 -150.02679 -107.26123
21620 1.07923 NaN NaN NaN 148.83501 -83.84577 -33.22110 251.48253 -157.87073 -31.52381 NaN NaN NaN 14.38655 -169.49068 20.92774 2.56519 -150.02431 -107.35815
21621 1.08758 NaN NaN NaN 148.85590 -83.90620 -33.19709 251.51497 -157.93805 -31.51597 NaN NaN NaN 14.49833 -169.53070 20.86468 2.64902 -149.99770 -107.41106
21622 1.09593 NaN NaN NaN 148.88086 -83.97977 -33.17515 251.52052 -158.01122 -31.49028 NaN NaN NaN 14.64302 -169.50719 20.80483 2.62232 -150.06561 -107.42851
21623 1.10427 NaN NaN NaN 148.86534 -84.04671 -33.12960 251.53668 -158.07628 -31.46911 NaN NaN NaN 14.77954 -169.46730 20.76943 2.61828 -150.13527 -107.46533
21624 1.11262 NaN NaN NaN 148.89476 -84.14698 -33.08049 251.53543 -158.15030 -31.44640 NaN NaN NaN 14.89718 -169.40312 20.77206 2.61050 -150.19820 -107.47969
21625 1.12097 NaN NaN NaN 148.90427 -84.21152 -33.02697 251.53636 -158.19696 -31.41743 NaN NaN NaN 14.97777 -169.33545 20.76155 2.64826 -150.28093 -107.46539
21626 1.12931 NaN NaN NaN 148.91063 -84.37221 -33.08586 251.54407 -158.24812 -31.37707 NaN NaN NaN 15.04823 -169.25589 20.76103 2.70591 -150.32043 -107.43565
21627 1.13766 NaN NaN NaN 148.94435 -84.29282 -33.00503 251.53688 -158.30011 -31.34628 NaN NaN NaN 15.19691 -169.17467 20.80627 2.73869 -150.32562 -107.39137
21628 1.14601 NaN NaN NaN 148.92931 -84.41781 -33.00569 251.53763 -158.33704 -31.27293 NaN NaN NaN 15.39427 -169.03246 20.85466 2.80060 -150.30890 -107.35928
21629 1.15435 NaN NaN NaN 148.90755 -84.43391 -32.98141 251.52534 -158.35843 -31.21575 NaN NaN NaN 15.59333 -168.80377 20.91153 2.91221 -150.26915 -107.31374
21630 1.16270 NaN NaN NaN 148.88762 -84.47486 -32.93999 251.48441 -158.36183 -31.19246 NaN NaN NaN 15.75146 -168.60565 20.96801 3.07283 -150.18027 -107.22938
21631 1.17104 NaN NaN NaN 148.88043 -84.49980 -32.92225 251.48170 -158.39453 -31.15678 NaN NaN NaN 16.00132 -168.38109 21.08941 3.25350 -150.02422 -107.13712
21632 1.17939 NaN NaN NaN 148.88206 -84.49044 -32.86581 251.45045 -158.38019 -31.13523 NaN NaN NaN 16.36809 -168.08560 21.23446 3.40497 -149.82478 -107.11578
21633 1.18774 NaN NaN NaN 148.85730 -84.48373 -32.84583 251.42375 -158.34055 -31.15675 NaN NaN NaN 16.75228 -167.71315 21.40349 3.54722 -149.75818 -107.02717
21634 1.19608 NaN NaN NaN 148.84166 -84.43323 -32.83466 251.40047 -158.33566 -31.15774 NaN NaN NaN 17.24045 -167.26717 21.52161 3.72351 -149.66029 -106.86197
21635 1.20443 NaN NaN NaN 148.81839 -84.41864 -32.85135 251.37318 -158.32314 -31.15153 NaN NaN NaN 17.68943 -166.78984 21.67631 4.01182 -149.48912 -106.65306
21636 1.21278 NaN NaN NaN 148.79768 -84.37087 -32.86478 251.31746 -158.31296 -31.11856 NaN NaN NaN 18.14570 -166.33046 21.85088 4.28926 -149.38644 -106.43965
21637 1.22112 NaN NaN NaN 148.76518 -84.30208 -32.89282 251.27162 -158.28897 -31.04773 NaN NaN NaN 18.57598 -165.93231 22.01990 4.53564 -149.26704 -106.29966
21638 1.22947 NaN NaN NaN 148.74138 -84.07879 -32.83490 251.20804 -158.22856 -31.03801 NaN NaN NaN 18.96541 -165.58842 22.17017 4.82160 -149.04764 -106.24988
21639 1.23782 NaN NaN NaN 148.68863 -83.92123 -32.83791 251.13965 -158.16852 -30.97236 NaN NaN NaN 19.33995 -165.33862 22.24107 5.14541 -148.79350 -106.08216
21640 1.24616 NaN NaN NaN 148.60107 -83.87267 -32.93754 251.07205 -158.07004 -30.92170 NaN NaN NaN 19.68453 -165.18312 22.32669 5.40585 -148.53989 -105.97903
21641 1.25451 NaN NaN NaN 148.54224 -83.77505 -32.94674 250.99043 -157.95354 -30.88665 NaN NaN NaN 19.92561 -165.10367 22.41028 5.66690 -148.31245 -105.88235
21642 1.26286 NaN NaN NaN 148.48514 -83.76385 -33.02858 250.91484 -157.86302 -30.87329 NaN NaN NaN 20.09377 -165.03249 22.48868 5.99420 -148.00827 -105.81553
21643 1.27120 NaN NaN NaN 148.43491 -83.72698 -33.07193 250.86668 -157.78970 -30.87254 NaN NaN NaN 20.23360 -165.00127 22.53808 6.20958 -147.81950 -105.78421
21644 1.27955 NaN NaN NaN 148.39389 -83.68990 -33.08387 250.81062 -157.74812 -30.85137 NaN NaN NaN 20.32609 -165.00568 22.55827 6.41896 -147.54192 -105.77135
21645 1.28790 NaN NaN NaN 148.37627 -83.66756 -33.10824 250.76535 -157.70541 -30.87537 NaN NaN NaN 20.35351 -165.03056 22.54680 6.62599 -147.31850 -105.78172
21646 1.29624 NaN NaN NaN 148.35075 -83.61385 -33.12823 250.73270 -157.65387 -30.87027 NaN NaN NaN 20.41266 -165.04155 22.51757 6.65053 -147.25168 -105.78262
21647 1.30459 NaN NaN NaN 148.33475 -83.59153 -33.17875 250.70851 -157.61273 -30.86086 NaN NaN NaN 20.39393 -165.15738 22.48428 6.74629 -147.06598 -105.78461
21648 1.31294 NaN NaN NaN 148.31374 -83.42477 -33.17957 250.68532 -157.56857 -30.84006 NaN NaN NaN 20.33264 -165.27084 22.43174 6.71428 -147.08121 -105.85950
21649 1.32128 NaN NaN NaN 148.26709 -83.42752 -33.26496 250.66916 -157.54930 -30.81609 NaN NaN NaN 20.21360 -165.39758 22.38920 6.69615 -147.07394 -105.90247
21650 1.32963 NaN NaN NaN 148.23442 -83.39661 -33.28194 250.62761 -157.54367 -30.76820 NaN NaN NaN 20.01331 -165.54605 22.35574 6.68061 -147.06485 -105.89787
21651 1.33798 NaN NaN NaN 148.22240 -83.40827 -33.28717 250.57179 -157.54837 -30.72236 NaN NaN NaN 19.79115 -165.73141 22.34859 6.69323 -146.95778 -105.87235
21652 1.34632 NaN NaN NaN 148.20679 -83.30776 -33.18630 250.53404 -157.52710 -30.68531 NaN NaN NaN 19.50963 -165.94788 22.36564 6.63703 -146.99977 -105.85397
21653 1.35467 NaN NaN NaN 148.16769 -83.19831 -33.15424 250.47491 -157.52061 -30.66198 NaN NaN NaN 19.23690 -166.16740 22.42337 6.58829 -147.03935 -105.79582
21654 1.36302 NaN NaN NaN 148.10059 -83.15632 -33.17693 250.39316 -157.51212 -30.60662 NaN NaN NaN 18.87370 -166.44693 22.45628 6.53022 -147.08530 -105.74017
21655 1.37136 NaN NaN NaN 148.06548 -83.10124 -33.23024 250.32007 -157.48387 -30.58619 NaN NaN NaN 18.45731 -166.78102 22.45644 6.52935 -147.11360 -105.74728
21656 1.37971 NaN NaN NaN 148.02895 -83.04710 -33.28355 250.27242 -157.45988 -30.54166 NaN NaN NaN 17.98802 -167.16135 22.48945 6.51197 -147.14607 -105.73266
21657 1.38806 NaN NaN NaN 148.01460 -82.96990 -33.33450 250.23254 -157.45607 -30.48185 NaN NaN NaN 17.48556 -167.56743 22.51180 6.51816 -147.14319 -105.72146
21658 1.39640 NaN NaN NaN 147.99367 -82.93029 -33.35511 250.19058 -157.47501 -30.49702 NaN NaN NaN 16.97066 -167.97952 22.54605 6.51108 -147.15663 -105.72401
21659 1.40475 NaN NaN NaN 147.97816 -82.89025 -33.37662 250.14900 -157.47786 -30.49379 NaN NaN NaN 16.42451 -168.41179 22.59495 6.50969 -147.19640 -105.73650
21660 1.41310 NaN NaN NaN 147.95633 -82.87256 -33.39923 250.11668 -157.46184 -30.47493 NaN NaN NaN 15.87329 -168.86542 22.60161 6.51978 -147.25041 -105.70844
21661 1.42144 NaN NaN NaN 147.94092 -82.80292 -33.43233 250.08331 -157.43605 -30.44508 NaN NaN NaN 15.38544 -169.25606 22.64272 6.49056 -147.41660 -105.67379
21662 1.42979 NaN NaN NaN 147.95166 -82.78855 -33.43171 250.06995 -157.42293 -30.37581 NaN NaN NaN 14.98365 -169.57014 22.68863 6.41608 -147.57898 -105.61115
21663 1.43813 NaN NaN NaN 147.96124 -82.78915 -33.42584 250.06071 -157.44833 -30.32456 NaN NaN NaN 14.63327 -169.90782 22.77270 6.25011 -147.78323 -105.50977
21664 1.44648 NaN NaN NaN 147.95930 -82.77706 -33.42008 250.05501 -157.45439 -30.29589 NaN NaN NaN 14.30691 -170.18983 22.84394 6.11512 -148.08234 -105.48974
21665 1.45483 NaN NaN NaN 147.96967 -82.78632 -33.40867 250.03163 -157.50220 -30.26196 NaN NaN NaN 14.03963 -170.44527 22.89596 6.03167 -148.33510 -105.39507
21666 1.46317 NaN NaN NaN 147.99440 -82.87012 -33.48801 250.03114 -157.51886 -30.22950 NaN NaN NaN 13.83404 -170.68700 22.94179 5.95891 -148.67006 -105.32090
21667 1.47152 NaN NaN NaN 148.03621 -82.86513 -33.50588 250.04781 -157.54466 -30.20369 NaN NaN NaN 13.68696 -170.88261 22.98765 5.97639 -148.89957 -105.28728
21668 1.47987 NaN NaN NaN 148.02423 -82.94350 -33.48286 250.04466 -157.57553 -30.15067 NaN NaN NaN 13.60155 -171.06915 23.05092 5.95463 -149.14738 -105.19796
21669 1.48821 NaN NaN NaN 148.05974 -82.90276 -33.46326 250.06607 -157.62975 -30.10723 NaN NaN NaN 13.53758 -171.21983 23.11897 6.00356 -149.29688 -105.15701
21670 1.49656 NaN NaN NaN 148.06075 -82.94520 -33.43427 250.06451 -157.65492 -30.11157 NaN NaN NaN 13.48171 -171.31990 23.17545 6.00095 -149.41846 -105.07426
21671 1.50491 NaN NaN NaN 148.08868 -82.88136 -33.43981 250.06863 -157.66986 -30.10418 NaN NaN NaN 13.41968 -171.43652 23.24892 6.06615 -149.43936 -104.94675
21672 1.51325 NaN NaN NaN 148.12421 -82.84377 -33.45075 250.08594 -157.67053 -30.14721 NaN NaN NaN 13.36020 -171.57713 23.29412 6.10886 -149.54999 -104.90290
21673 1.52160 NaN NaN NaN 148.12863 -82.82036 -33.48946 250.08691 -157.69984 -30.12330 NaN NaN NaN 13.26371 -171.79012 23.34082 6.27593 -149.62146 -104.85900
21674 1.52995 NaN NaN NaN 148.12823 -82.80196 -33.38346 250.10033 -157.69565 -30.14076 NaN NaN NaN 13.16213 -171.98038 23.40685 6.46005 -149.60544 -104.74908
21675 1.53829 NaN NaN NaN 148.15767 -82.83851 -33.44954 250.10847 -157.71956 -30.08373 NaN NaN NaN 13.06994 -172.17711 23.50516 6.59912 -149.67177 -104.62812
21676 1.54664 NaN NaN NaN 148.18370 -82.91080 -33.49601 250.12181 -157.73193 -30.08102 NaN NaN NaN 12.99070 -172.34776 23.60080 6.75570 -149.72412 -104.50140
21677 1.55499 NaN NaN NaN 148.19214 -82.97640 -33.50203 250.14040 -157.77235 -30.05300 NaN NaN NaN 12.91515 -172.49326 23.69672 6.84463 -149.77852 -104.35759
21678 1.56333 NaN NaN NaN 148.21349 -83.00181 -33.46797 250.14539 -157.75960 -30.01797 NaN NaN NaN 12.86614 -172.58669 23.78832 6.93027 -149.93036 -104.25572
21679 1.57168 NaN NaN NaN 148.23280 -83.03722 -33.45920 250.16023 -157.79807 -30.00666 NaN NaN NaN 12.86758 -172.66248 23.91109 7.04880 -149.97815 -104.12977
21680 1.58003 NaN NaN NaN 148.24962 -83.01604 -33.43540 250.16701 -157.79631 -29.96765 NaN NaN NaN 12.88686 -172.70108 24.05647 7.14627 -150.05473 -104.03555
21681 1.58837 NaN NaN NaN 148.28511 -82.93002 -33.43640 250.16280 -157.78879 -29.97085 NaN NaN NaN 12.89146 -172.70349 24.19562 7.25363 -150.07137 -103.99053
21682 1.59672 NaN NaN NaN 148.31435 -82.89684 -33.44325 250.17148 -157.78656 -29.93838 NaN NaN NaN 12.76649 -172.75948 24.33467 7.37501 -150.17220 -103.98114
21683 1.60507 NaN NaN NaN 148.29305 -82.87758 -33.46439 250.17323 -157.78957 -29.92385 NaN NaN NaN 12.63195 -172.85666 24.46518 7.45798 -150.28796 -103.83973
21684 1.61341 NaN NaN NaN 148.31151 -82.85426 -33.46936 250.16878 -157.76965 -29.92959 NaN NaN NaN 12.52233 -172.96144 24.61463 7.49652 -150.39577 -103.69724
21685 1.62176 NaN NaN NaN 148.30269 -82.89783 -33.45177 250.14824 -157.76315 -29.92871 NaN NaN NaN 12.35155 -173.08400 24.76283 7.46636 -150.70673 -103.44265
21686 1.63011 NaN NaN NaN 148.29506 -82.90705 -33.44079 250.14366 -157.73975 -29.94126 NaN NaN NaN 12.15523 -173.25133 24.89075 7.44865 -151.31639 -103.16054
21687 1.63845 NaN NaN NaN 148.28879 -82.95329 -33.42257 250.14252 -157.75410 -29.93064 NaN NaN NaN 11.86056 -173.44655 25.00683 7.38592 -152.01846 -102.84857
21688 1.64680 NaN NaN NaN 148.28529 -82.91900 -33.42603 250.11490 -157.71179 -29.91788 NaN NaN NaN 11.55281 -173.65114 25.17002 7.33159 -152.60771 -102.55245
21689 1.65515 NaN NaN NaN 148.26881 -82.87749 -33.44179 250.11368 -157.73421 -29.90962 NaN NaN NaN 11.24297 -173.89124 25.32416 7.23001 -153.03403 -102.37505
21690 1.66349 NaN NaN NaN 148.26859 -82.80220 -33.43376 250.09387 -157.72160 -29.91306 NaN NaN NaN 10.95503 -174.10918 25.46509 7.09247 -153.22266 -102.25107
21691 1.67184 NaN NaN NaN 148.25470 -82.76343 -33.44492 250.07466 -157.73538 -29.89993 NaN NaN NaN 10.67248 -174.28889 25.58423 6.90252 -153.28418 -102.08611
21692 1.68018 NaN NaN NaN 148.23671 -82.65589 -33.31974 250.03395 -157.73415 -29.89553 NaN NaN NaN 10.37738 -174.49040 25.72101 6.79931 -153.27971 -101.90905
21693 1.68853 NaN NaN NaN 148.21701 -82.69053 -33.40059 249.99841 -157.75374 -29.85591 NaN NaN NaN 10.09109 -174.65121 25.79033 6.76514 -153.25180 -101.97684
21694 1.69688 NaN NaN NaN 148.19020 -82.60950 -33.43924 249.96561 -157.74850 -29.82918 NaN NaN NaN 9.80469 -174.77374 25.85734 6.70050 -153.22630 -101.95095
21695 1.70522 NaN NaN NaN 148.13571 -82.62021 -33.31112 249.92532 -157.77289 -29.79390 NaN NaN NaN 9.56373 -174.85101 25.92456 6.71148 -153.16531 -101.93460
21696 1.71357 NaN NaN NaN 148.11018 -82.66818 -33.35255 249.88374 -157.76991 -29.77177 NaN NaN NaN 9.34945 -174.84497 25.95126 6.76032 -153.11404 -101.76104
21697 1.72192 NaN NaN NaN 148.06041 -82.72404 -33.37107 249.85497 -157.76483 -29.73333 NaN NaN NaN 9.19461 -174.84189 26.03158 6.78278 -153.09734 -101.66038
21698 1.73026 NaN NaN NaN 148.07097 -82.75093 -33.37313 249.81009 -157.78545 -29.71268 NaN NaN NaN 9.13499 -174.81110 26.10093 6.83049 -153.07149 -101.67777
21699 1.73861 NaN NaN NaN 148.05127 -82.70766 -33.38202 249.76620 -157.81343 -29.69268 NaN NaN NaN 9.10857 -174.74382 26.16222 6.90301 -153.03137 -101.51469
21700 1.74696 NaN NaN NaN 148.03822 -82.67845 -33.38377 249.72350 -157.82867 -29.68228 NaN NaN NaN 9.08347 -174.62708 26.23895 6.92881 -153.01875 -101.40437
21701 1.75530 NaN NaN NaN 148.02200 -82.72684 -33.38818 249.67451 -157.84114 -29.67353 NaN NaN NaN 9.07851 -174.50204 26.29467 7.00624 -152.97217 -101.38393
21702 1.76365 NaN NaN NaN 148.00780 -82.65156 -33.41087 249.65739 -157.82938 -29.68757 NaN NaN NaN 9.06499 -174.36873 26.43868 7.20491 -152.83653 -101.34917
21703 1.77200 NaN NaN NaN 147.98755 -82.69740 -33.41241 249.63588 -157.83200 -29.67629 NaN NaN NaN 9.05219 -174.25975 26.49519 7.40741 -152.65611 -101.23956
21704 1.78034 NaN NaN NaN 147.96907 -82.68665 -33.40166 249.63437 -157.82961 -29.65346 NaN NaN NaN 9.05714 -174.17596 26.53175 7.52252 -152.56982 -101.23833
21705 1.78869 NaN NaN NaN 147.99287 -82.72839 -33.38171 249.63199 -157.84499 -29.63209 NaN NaN NaN 9.05694 -174.06500 26.56377 7.61111 -152.42467 -101.16835
21706 1.79704 NaN NaN NaN 147.99306 -82.73077 -33.37407 249.64299 -157.88411 -29.62296 NaN NaN NaN 9.04429 -173.91730 26.62160 7.71069 -152.28703 -101.07962
21707 1.80538 NaN NaN NaN 147.99202 -82.73996 -33.36143 249.65598 -157.92448 -29.60030 NaN NaN NaN 9.05997 -173.79265 26.67741 7.82888 -152.22183 -101.02200
21708 1.81373 NaN NaN NaN 147.98833 -82.76633 -33.33663 249.65680 -157.93762 -29.61375 NaN NaN NaN 9.04559 -173.70534 26.79253 7.90986 -152.17981 -100.88471
21709 1.82208 NaN NaN NaN 147.98729 -82.79044 -33.31556 249.65590 -157.96294 -29.61868 NaN NaN NaN 9.02612 -173.62244 26.88639 8.06607 -152.14282 -100.90453
21710 1.83042 NaN NaN NaN 147.99620 -82.78744 -33.28150 249.64983 -157.97363 -29.64228 NaN NaN NaN 8.98585 -173.58015 26.97683 8.17327 -152.11903 -100.78542
21711 1.83877 NaN NaN NaN 148.00441 -82.79279 -33.26254 249.64969 -158.00192 -29.62240 NaN NaN NaN 8.94798 -173.52251 27.08274 8.26839 -152.15460 -100.78850
21712 1.84712 NaN NaN NaN 148.00555 -82.82076 -33.24979 249.64233 -158.03131 -29.61490 NaN NaN NaN 8.92687 -173.46454 27.15278 8.31411 -152.12158 -100.61270
21713 1.85546 NaN NaN NaN 148.02844 -82.90463 -33.20540 249.63754 -158.05368 -29.60206 NaN NaN NaN 8.87988 -173.39763 27.25175 8.39424 -152.02646 -100.51028
21714 1.86381 NaN NaN NaN 148.00162 -83.00198 -33.17415 249.63132 -158.09038 -29.61020 NaN NaN NaN 8.87829 -173.29013 27.38070 8.47714 -152.05945 -100.42989
21715 1.87216 NaN NaN NaN 147.97586 -83.10387 -33.14739 249.63824 -158.12619 -29.55275 NaN NaN NaN 8.91059 -173.19719 27.45778 8.54570 -152.02095 -100.41050
21716 1.88050 NaN NaN NaN 147.96155 -83.16402 -33.11703 249.63190 -158.18201 -29.53677 NaN NaN NaN 8.96131 -173.14786 27.47741 8.63312 -152.00494 -100.36761
21717 1.88885 NaN NaN NaN 147.98669 -83.17475 -33.09366 249.63965 -158.22134 -29.50820 NaN NaN NaN 9.00740 -173.09645 27.47569 8.72324 -152.02953 -100.30418
21718 1.89720 NaN NaN NaN 148.01489 -83.20974 -33.07183 249.63774 -158.26059 -29.53200 NaN NaN NaN 9.03777 -173.04343 27.46675 8.81536 -151.98672 -100.30248
21719 1.90554 NaN NaN NaN 147.99240 -83.20881 -33.07955 249.65172 -158.29276 -29.51128 NaN NaN NaN 9.12455 -172.97360 27.43292 8.86682 -151.94336 -100.36256
21720 1.91389 NaN NaN NaN 147.98027 -83.24596 -33.09080 249.67145 -158.31134 -29.54109 NaN NaN NaN 9.25721 -172.88914 27.36464 8.95745 -151.86302 -100.42569
21721 1.92224 NaN NaN NaN 147.98096 -83.30447 -33.11859 249.66940 -158.34158 -29.57347 NaN NaN NaN 9.40147 -172.77692 27.31249 9.11794 -151.68668 -100.48732
21722 1.93058 NaN NaN NaN 147.97533 -83.39717 -33.14008 249.69418 -158.36096 -29.61935 NaN NaN NaN 9.55827 -172.62123 27.24323 9.30636 -151.49734 -100.60319
21723 1.93893 NaN NaN NaN 147.98761 -83.41612 -33.12706 249.69940 -158.38379 -29.63679 NaN NaN NaN 9.69941 -172.47404 27.15869 9.46610 -151.26614 -100.59810
21724 1.94727 NaN NaN NaN 147.96321 -83.51360 -33.13092 249.72336 -158.38869 -29.64842 NaN NaN NaN 9.87112 -172.29890 27.05137 9.53413 -151.15022 -100.73891
21725 1.95562 NaN NaN NaN 147.94730 -83.55743 -33.10664 249.74910 -158.40376 -29.66829 NaN NaN NaN 10.03206 -172.12767 26.95439 9.62838 -151.04985 -100.86522
21726 1.96397 NaN NaN NaN 147.94971 -83.59463 -33.12012 249.78842 -158.45781 -29.69684 NaN NaN NaN 10.16128 -171.95618 26.82060 9.84755 -150.83144 -100.99020
21727 1.97231 NaN NaN NaN 147.94661 -83.65204 -33.10431 249.78850 -158.47774 -29.72784 NaN NaN NaN 10.24720 -171.84560 26.67332 10.03752 -150.64108 -101.07932
21728 1.98066 NaN NaN NaN 147.93996 -83.61912 -33.13297 249.77576 -158.47873 -29.75435 NaN NaN NaN 10.25626 -171.81450 26.48947 10.32182 -150.38788 -101.15125
21729 1.98901 NaN NaN NaN 147.91267 -83.60167 -33.16793 249.74487 -158.45598 -29.77547 NaN NaN NaN 10.22150 -171.78883 26.39071 10.56171 -150.17531 -101.24774
21730 1.99735 NaN NaN NaN 147.90247 -83.52390 -33.20708 249.68250 -158.41849 -29.80363 NaN NaN NaN 10.17326 -171.76717 26.37716 10.70877 -150.01752 -101.28962
21731 2.00570 NaN NaN NaN 147.92230 -83.40628 -33.26627 249.65398 -158.34171 -29.82626 NaN NaN NaN 10.08892 -171.80374 26.36144 10.78255 -149.97221 -101.31934
21732 2.01405 NaN NaN NaN 147.90512 -83.30315 -33.33095 249.60191 -158.34082 -29.84469 NaN NaN NaN 9.95563 -171.90956 26.36648 10.82015 -150.06268 -101.34033
21733 2.02239 NaN NaN NaN 147.83855 -83.28470 -33.38433 249.56761 -158.36984 -29.86407 NaN NaN NaN 9.77980 -172.07883 26.39824 10.85204 -150.20764 -101.30479
21734 2.03074 NaN NaN NaN 147.78459 -83.26922 -33.40149 249.52756 -158.42291 -29.83285 NaN NaN NaN 9.65309 -172.18690 26.42249 10.83303 -150.39835 -101.25479
21735 2.03909 NaN NaN NaN 147.81512 -83.28043 -33.38249 249.51431 -158.48097 -29.81497 NaN NaN NaN 9.57397 -172.27251 26.44530 10.80789 -150.60564 -101.15205
21736 2.04743 NaN NaN NaN 147.84950 -83.32346 -33.35137 249.52664 -158.52277 -29.78351 NaN NaN NaN 9.52656 -172.32936 26.43497 10.75648 -150.77667 -101.17809
21737 2.05578 NaN NaN NaN 147.87944 -83.35060 -33.30733 249.53429 -158.56953 -29.74459 NaN NaN NaN 9.53990 -172.30989 26.37077 10.64401 -150.89291 -101.25418
21738 2.06413 NaN NaN NaN 147.85744 -83.42749 -33.26008 249.51254 -158.60913 -29.71653 NaN NaN NaN 9.58490 -172.29454 26.32030 10.65497 -150.89362 -101.35957
21739 2.07247 NaN NaN NaN 147.85367 -83.48412 -33.24600 249.50110 -158.62772 -29.70803 NaN NaN NaN 9.63851 -172.25468 26.24698 10.73306 -150.88229 -101.56457
21740 2.08082 NaN NaN NaN 147.84895 -83.50970 -33.22694 249.50914 -158.65829 -29.71175 NaN NaN NaN 9.65732 -172.22777 26.15982 10.75282 -150.77937 -101.60509
21741 2.08917 NaN NaN NaN 147.90404 -83.48434 -33.23365 249.52936 -158.64908 -29.74254 NaN NaN NaN 9.74988 -172.20868 26.03433 10.78560 -150.65782 -101.72181
21742 2.09751 NaN NaN NaN 147.93663 -83.45229 -33.26933 249.54704 -158.63600 -29.77743 NaN NaN NaN 9.83709 -172.15694 25.87860 10.86031 -150.57494 -101.88932
21743 2.10586 NaN NaN NaN 147.93192 -83.40469 -33.29321 249.57095 -158.67090 -29.84651 NaN NaN NaN 9.90346 -172.12694 25.71334 10.91939 -150.46510 -102.02151
21744 2.11421 NaN NaN NaN 147.95946 -83.42041 -33.31608 249.60704 -158.65242 -29.91121 NaN NaN NaN 9.94034 -172.13808 25.55060 10.92838 -150.36928 -102.20943
21745 2.12255 NaN NaN NaN 147.94774 -83.44528 -33.35189 249.64104 -158.63458 -29.96993 NaN NaN NaN 9.91465 -172.21719 25.26901 10.93108 -150.23430 -102.35920
21746 2.13090 NaN NaN NaN 147.97398 -83.47477 -33.37312 249.67101 -158.58070 -30.05200 NaN NaN NaN 9.86235 -172.31668 25.05728 10.89842 -150.23164 -102.57902
21747 2.13925 NaN NaN NaN 148.00894 -83.49078 -33.40092 249.75046 -158.54996 -30.08830 NaN NaN NaN 9.81867 -172.43152 24.87563 10.82752 -150.19640 -102.62868
21748 2.14759 NaN NaN NaN 148.02773 -83.45959 -33.42339 249.75572 -158.51009 -30.11405 NaN NaN NaN 9.78289 -172.55620 24.66769 10.66957 -150.24226 -102.91231
21749 2.15594 NaN NaN NaN 148.02599 -83.49059 -33.44278 249.77011 -158.49358 -30.12169 NaN NaN NaN 9.74963 -172.66287 24.45587 10.51291 -150.27161 -103.19102
21750 2.16429 NaN NaN NaN 148.02713 -83.38332 -33.38488 249.76518 -158.49535 -30.12088 NaN NaN NaN 9.67087 -172.79523 24.20047 10.35324 -150.27322 -103.31890
21751 2.17263 NaN NaN NaN 148.01268 -83.33855 -33.38398 249.76929 -158.48386 -30.10791 NaN NaN NaN 9.58910 -172.93094 24.04890 10.14154 -150.39908 -103.45718
21752 2.18098 NaN NaN NaN 148.00612 -83.28749 -33.39693 249.76700 -158.46767 -30.12614 NaN NaN NaN 9.49292 -173.10204 23.86209 9.93229 -150.49692 -103.63710
21753 2.18932 NaN NaN NaN 148.02711 -83.32079 -33.52772 249.77733 -158.44618 -30.13206 NaN NaN NaN 9.39594 -173.29031 23.70155 9.75987 -150.62527 -103.91975
21754 2.19767 NaN NaN NaN 148.02173 -83.34711 -33.58126 249.77412 -158.44385 -30.16163 NaN NaN NaN 9.28734 -173.49496 23.50693 9.57763 -150.74828 -104.05228
21755 2.20602 NaN NaN NaN 148.00143 -83.39912 -33.56205 249.77155 -158.42484 -30.17447 NaN NaN NaN 9.18156 -173.66992 23.31346 9.44193 -150.78238 -104.12985
21756 2.21436 NaN NaN NaN 148.01128 -83.42376 -33.55113 249.77396 -158.43127 -30.20936 NaN NaN NaN 9.08498 -173.80518 23.20422 9.33167 -150.80997 -104.23441
21757 2.22271 NaN NaN NaN 148.02341 -83.37952 -33.45619 249.76004 -158.43440 -30.24425 NaN NaN NaN 9.01209 -173.87096 23.14556 9.22671 -150.91228 -104.25403
21758 2.23106 NaN NaN NaN 148.00198 -83.38532 -33.53216 249.75537 -158.41869 -30.31324 NaN NaN NaN 8.94674 -173.96411 23.09301 9.12303 -150.98314 -104.29984
21759 2.23940 NaN NaN NaN 147.98199 -83.40998 -33.59397 249.76128 -158.41093 -30.37566 NaN NaN NaN 8.90163 -174.05653 23.07436 9.00957 -151.02943 -104.22893
21760 2.24775 NaN NaN NaN 147.97433 -83.40116 -33.59924 249.75426 -158.38589 -30.40549 NaN NaN NaN 8.84079 -174.12978 23.05385 8.94806 -151.14267 -104.32665
21761 2.25610 NaN NaN NaN 147.96678 -83.40282 -33.62374 249.73976 -158.38737 -30.47036 NaN NaN NaN 8.78687 -174.18140 23.03223 8.85161 -151.20409 -104.33302
21762 2.26444 NaN NaN NaN 147.98515 -83.39517 -33.58876 249.74809 -158.37576 -30.47671 NaN NaN NaN 8.72816 -174.21449 23.00103 8.75525 -151.24773 -104.30859
21763 2.27279 NaN NaN NaN 147.97560 -83.38540 -33.57290 249.74922 -158.37357 -30.47413 NaN NaN NaN 8.66267 -174.24702 22.97718 8.68149 -151.30063 -104.29756
21764 2.28114 NaN NaN NaN 147.98628 -83.39058 -33.56758 249.74686 -158.36520 -30.46800 NaN NaN NaN 8.62036 -174.27769 22.96763 8.62929 -151.28349 -104.33487
21765 2.28948 NaN NaN NaN 147.97177 -83.38105 -33.56286 249.73383 -158.35020 -30.48428 NaN NaN NaN 8.57257 -174.30299 22.97298 8.59346 -151.24123 -104.38166
21766 2.29783 NaN NaN NaN 147.97289 -83.37139 -33.56589 249.73816 -158.31831 -30.48385 NaN NaN NaN 8.53708 -174.31599 23.00276 8.60238 -151.23489 -104.44206
21767 2.30618 NaN NaN NaN 147.94603 -83.37082 -33.56091 249.73013 -158.31554 -30.49503 NaN NaN NaN 8.53903 -174.31186 23.06861 8.56744 -151.18202 -104.33582
21768 2.31452 NaN NaN NaN 147.96693 -83.34602 -33.57542 249.73428 -158.31036 -30.49325 NaN NaN NaN 8.55481 -174.30800 23.10987 8.60350 -151.21265 -104.36148
21769 2.32287 NaN NaN NaN 147.96432 -83.31693 -33.58247 249.71669 -158.29816 -30.50772 NaN NaN NaN 8.55618 -174.27348 23.16041 8.64856 -151.30258 -104.38814
21770 2.33122 NaN NaN NaN 147.97307 -83.30581 -33.61710 249.72021 -158.30147 -30.49684 NaN NaN NaN 8.55741 -174.23863 23.22383 8.65213 -151.42868 -104.29765
21771 2.33956 NaN NaN NaN 147.96709 -83.28644 -33.63406 249.70229 -158.30595 -30.49334 NaN NaN NaN 8.57816 -174.19386 23.30949 8.66532 -151.56085 -104.18738
21772 2.34791 NaN NaN NaN 147.96204 -83.29005 -33.62858 249.70973 -158.30844 -30.48456 NaN NaN NaN 8.60050 -174.15350 23.34575 8.64950 -151.67691 -104.11600
21773 2.35626 NaN NaN NaN 147.96452 -83.24155 -33.66548 249.68927 -158.31184 -30.49959 NaN NaN NaN 8.63648 -174.14494 23.39807 8.64025 -151.68051 -103.99222
21774 2.36460 NaN NaN NaN 147.98552 -83.23367 -33.69678 249.69489 -158.31732 -30.46702 NaN NaN NaN 8.67316 -174.15797 23.45184 8.63292 -151.67490 -103.96156
21775 2.37295 NaN NaN NaN 147.98720 -83.19390 -33.72842 249.69890 -158.32446 -30.48236 NaN NaN NaN 8.69696 -174.17470 23.46636 8.66619 -151.62175 -103.94378
21776 2.38130 NaN NaN NaN 147.99336 -83.20288 -33.71429 249.70335 -158.30922 -30.49775 NaN NaN NaN 8.71837 -174.17354 23.51060 8.67216 -151.58501 -103.94402
21777 2.38964 NaN NaN NaN 147.98894 -83.17903 -33.72367 249.69205 -158.30028 -30.50972 NaN NaN NaN 8.73515 -174.19107 23.50155 8.70025 -151.58905 -104.01655
21778 2.39799 NaN NaN NaN 147.99039 -83.19063 -33.72554 249.69450 -158.30731 -30.51425 NaN NaN NaN 8.74338 -174.20450 23.48047 8.68841 -151.55688 -104.04242
21779 2.40634 NaN NaN NaN 148.01265 -83.19416 -33.72509 249.69421 -158.30283 -30.54560 NaN NaN NaN 8.74696 -174.21443 23.45762 8.69713 -151.55602 -104.03462
21780 2.41468 NaN NaN NaN 148.01784 -83.20057 -33.73381 249.70610 -158.29709 -30.55723 NaN NaN NaN 8.76008 -174.23999 23.45935 8.65432 -151.56075 -104.03864
21781 2.42303 NaN NaN NaN 148.02969 -83.15925 -33.75591 249.71840 -158.28880 -30.56734 NaN NaN NaN 8.76642 -174.26276 23.42086 8.66342 -151.70285 -104.15560
21782 2.43138 NaN NaN NaN 148.01950 -83.15136 -33.79190 249.72321 -158.27751 -30.59455 NaN NaN NaN 8.77176 -174.30708 23.39610 8.61530 -151.76233 -104.11369
21783 2.43972 NaN NaN NaN 148.02084 -83.12795 -33.78712 249.72346 -158.27390 -30.61575 NaN NaN NaN 8.78101 -174.30907 23.34653 8.61212 -151.84282 -104.13670
21784 2.44807 NaN NaN NaN 148.02316 -83.12534 -33.78156 249.71965 -158.25102 -30.64698 NaN NaN NaN 8.77297 -174.32301 23.31418 8.59222 -151.86583 -104.06802
21785 2.45641 NaN NaN NaN 148.01105 -83.13715 -33.83088 249.71349 -158.22389 -30.66552 NaN NaN NaN 8.75982 -174.34891 23.27271 8.65932 -151.86446 -104.16224
21786 2.46476 NaN NaN NaN 148.00140 -83.10817 -33.82226 249.72607 -158.20573 -30.68001 NaN NaN NaN 8.75557 -174.37024 23.23877 8.63377 -151.72993 -104.15308
21787 2.47311 NaN NaN NaN 148.02083 -83.09309 -33.81402 249.71170 -158.19606 -30.69897 NaN NaN NaN 8.74341 -174.35780 23.18253 8.65854 -151.61060 -104.17548
21788 2.48145 NaN NaN NaN 147.99973 -83.07380 -33.81702 249.71054 -158.19185 -30.70425 NaN NaN NaN 8.75343 -174.37816 23.15993 8.70779 -151.49806 -104.22033
21789 2.48980 NaN NaN NaN 148.00241 -83.07147 -33.84298 249.71083 -158.18379 -30.71177 NaN NaN NaN 8.74142 -174.39268 23.15210 8.80396 -151.42621 -104.24252
21790 2.49815 NaN NaN NaN 147.98517 -83.03985 -33.86254 249.71964 -158.16937 -30.71269 NaN NaN NaN 8.74275 -174.41277 23.13403 8.89434 -151.34422 -104.28541
21791 2.50649 NaN NaN NaN 147.99838 -83.02405 -33.87289 249.71919 -158.14769 -30.72835 NaN NaN NaN 8.74045 -174.43135 23.11724 8.93354 -151.19780 -104.29060
21792 2.51484 NaN NaN NaN 147.98178 -82.99659 -33.86834 249.71794 -158.12207 -30.72605 NaN NaN NaN 8.74530 -174.41843 23.10513 9.04645 -151.12898 -104.33249
21793 2.52319 NaN NaN NaN 147.99583 -82.99530 -33.88012 249.73148 -158.07440 -30.72520 NaN NaN NaN 8.76261 -174.39001 23.08589 9.11211 -151.15140 -104.42486
21794 2.53153 NaN NaN NaN 147.97372 -82.94026 -33.88707 249.72215 -158.05865 -30.72046 NaN NaN NaN 8.80184 -174.37984 23.06825 9.13523 -151.13181 -104.38477
21795 2.53988 NaN NaN NaN 147.99733 -82.86740 -33.88065 249.71895 -158.03055 -30.71722 NaN NaN NaN 8.81607 -174.34055 23.02035 9.14745 -151.13445 -104.28877
21796 2.54823 NaN NaN NaN 147.98840 -82.83022 -33.90240 249.70407 -158.01981 -30.70384 NaN NaN NaN 8.78478 -174.34579 22.98982 9.17887 -151.13383 -104.30023
21797 2.55657 NaN NaN NaN 147.97426 -82.80743 -33.88911 249.69070 -157.97980 -30.68414 NaN NaN NaN 8.76775 -174.35141 22.97645 9.20395 -151.13774 -104.32396
21798 2.56492 NaN NaN NaN 147.96623 -82.79851 -33.91824 249.66586 -157.95711 -30.70316 NaN NaN NaN 8.75927 -174.38582 22.97219 9.23033 -151.13509 -104.32960
21799 2.57327 NaN NaN NaN 147.99007 -82.74868 -33.94926 249.68604 -157.92978 -30.69511 NaN NaN NaN 8.72536 -174.43153 22.97130 9.28216 -151.11810 -104.38641
21800 2.58161 NaN NaN NaN 147.97539 -82.73064 -33.95638 249.66394 -157.89667 -30.66075 NaN NaN NaN 8.68765 -174.46376 22.98025 9.37871 -151.11200 -104.45364
21801 2.58996 NaN NaN NaN 147.92953 -82.66855 -33.95786 249.64455 -157.86176 -30.63365 NaN NaN NaN 8.65162 -174.48718 22.99376 9.42514 -151.12144 -104.43020
21802 2.59831 NaN NaN NaN 147.93564 -82.65721 -33.97627 249.62070 -157.85272 -30.62372 NaN NaN NaN 8.62067 -174.55725 23.02280 9.42501 -151.11914 -104.32725
21803 2.60665 NaN NaN NaN 147.94296 -82.63807 -33.93311 249.61581 -157.83427 -30.60834 NaN NaN NaN 8.54789 -174.61324 23.08297 9.40915 -151.14607 -104.21648
21804 2.61500 NaN NaN NaN 147.95010 -82.65084 -33.90196 249.62331 -157.81581 -30.57743 NaN NaN NaN 8.48224 -174.67561 23.15001 9.40269 -151.19350 -104.19367
21805 2.62335 NaN NaN NaN 147.94221 -82.63421 -33.88209 249.59962 -157.78088 -30.57425 NaN NaN NaN 8.44987 -174.72925 23.21606 9.41197 -151.26491 -104.13585
21806 2.63169 NaN NaN NaN 147.93523 -82.58398 -33.87876 249.56921 -157.74785 -30.54830 NaN NaN NaN 8.41096 -174.78690 23.28601 9.44548 -151.30228 -104.05574
21807 2.64004 NaN NaN NaN 147.91628 -82.59242 -33.86531 249.55014 -157.76625 -30.53149 NaN NaN NaN 8.37488 -174.85269 23.38585 9.40584 -151.42639 -103.99565
21808 2.64839 NaN NaN NaN 147.87596 -82.54630 -33.83740 249.54021 -157.76428 -30.51612 NaN NaN NaN 8.33646 -174.91612 23.44725 9.43617 -151.49852 -103.90611
21809 2.65673 NaN NaN NaN 147.83479 -82.58072 -33.82261 249.51237 -157.76413 -30.50254 NaN NaN NaN 8.34711 -174.97000 23.53697 9.43151 -151.53687 -103.79173
21810 2.66508 NaN NaN NaN 147.82101 -82.57701 -33.80803 249.51999 -157.75851 -30.49664 NaN NaN NaN 8.34608 -175.02339 23.67023 9.39603 -151.63504 -103.73960
