Frame# Time LH1 LH2 LH3 RH1 RH2 RH3
X54 Y54 Z54 X55 Y55 Z55 X56 Y56 Z56 X57 Y57 Z57 X58 Y58 Z58 X59 Y59 Z59
28191 0.00446 NaN NaN NaN 172.15204 -110.09758 -3.76399 270.22678 -182.24390 -38.20399 NaN NaN NaN 69.37359 -117.08498 -7.07778 -20.12556 -192.70889 -64.46648
28192 0.01281 NaN NaN NaN 172.14333 -110.12692 -3.76470 270.21573 -182.25520 -38.24007 NaN NaN NaN 69.37180 -117.11341 -7.08390 -20.12229 -192.70705 -64.46192
28193 0.02116 NaN NaN NaN 172.15408 -110.11862 -3.75738 270.21585 -182.23857 -38.20486 NaN NaN NaN 69.36817 -117.09523 -7.08260 -20.12511 -192.71327 -64.47850
28194 0.02950 NaN NaN NaN 172.14478 -110.10392 -3.79781 270.21136 -182.25052 -38.22511 NaN NaN NaN 69.36995 -117.09229 -7.09742 -20.13402 -192.70262 -64.48136
28195 0.03785 NaN NaN NaN 172.13860 -110.11408 -3.77184 270.21185 -182.23709 -38.23296 NaN NaN NaN 69.37199 -117.07119 -7.09368 -20.13607 -192.70999 -64.48100
28196 0.04620 NaN NaN NaN 172.11940 -110.12876 -3.77915 270.20505 -182.24463 -38.26813 NaN NaN NaN 69.35795 -117.09775 -7.10639 -20.14714 -192.71896 -64.47718
28197 0.05454 NaN NaN NaN 172.13458 -110.09034 -3.79220 270.20718 -182.23224 -38.22715 NaN NaN NaN 69.34929 -117.08581 -7.08360 -20.15205 -192.71161 -64.47079
28198 0.06289 NaN NaN NaN 172.13298 -110.09911 -3.76680 270.21103 -182.23422 -38.23023 NaN NaN NaN 69.33773 -117.10390 -7.07931 -20.15494 -192.70738 -64.46353
28199 0.07124 NaN NaN NaN 172.14262 -110.07668 -3.78858 270.20505 -182.22000 -38.22372 NaN NaN NaN 69.33696 -117.07143 -7.06068 -20.16304 -192.70909 -64.47882
28200 0.07958 NaN NaN NaN 172.12770 -110.09870 -3.76515 270.19568 -182.21663 -38.25645 NaN NaN NaN 69.32338 -117.06915 -7.04814 -20.18636 -192.67989 -64.46545
28201 0.08793 NaN NaN NaN 172.12408 -110.11286 -3.74711 270.18848 -182.20215 -38.24773 NaN NaN NaN 69.33079 -117.06969 -7.05207 -20.19964 -192.66176 -64.46276
28202 0.09628 NaN NaN NaN 172.11809 -110.13067 -3.73588 270.18872 -182.20976 -38.27206 NaN NaN NaN 69.30377 -117.04001 -7.05286 -20.18369 -192.65808 -64.46262
28203 0.10462 NaN NaN NaN 172.12317 -110.11621 -3.74166 270.18976 -182.19724 -38.24177 NaN NaN NaN 69.31843 -117.06367 -7.05480 -20.18771 -192.67130 -64.47123
28204 0.11297 NaN NaN NaN 172.10947 -110.11101 -3.75059 270.18198 -182.19768 -38.25699 NaN NaN NaN 69.30982 -117.03922 -7.06224 -20.19620 -192.68130 -64.48736
28205 0.12131 NaN NaN NaN 172.14398 -110.06008 -3.78010 270.17996 -182.18137 -38.23161 NaN NaN NaN 69.31585 -117.05532 -7.05800 -20.18928 -192.67825 -64.50536
28206 0.12966 NaN NaN NaN 172.12311 -110.07458 -3.77259 270.17590 -182.18794 -38.27382 NaN NaN NaN 69.30306 -117.05310 -7.06453 -20.19500 -192.66766 -64.50060
28207 0.13801 NaN NaN NaN 172.16017 -110.04790 -3.77635 270.18881 -182.17397 -38.27779 NaN NaN NaN 69.32133 -117.06322 -7.05789 -20.18441 -192.67180 -64.50770
28208 0.14635 NaN NaN NaN 172.14290 -110.08071 -3.75438 270.18967 -182.16675 -38.31273 NaN NaN NaN 69.31159 -117.04041 -7.05702 -20.18269 -192.66008 -64.50121
28209 0.15470 NaN NaN NaN 172.14352 -110.06879 -3.75426 270.18906 -182.14925 -38.28923 NaN NaN NaN 69.32832 -117.04789 -7.06549 -20.18055 -192.65924 -64.50574
28210 0.16305 NaN NaN NaN 172.13544 -110.09592 -3.76723 270.18726 -182.16730 -38.31017 NaN NaN NaN 69.31002 -117.06087 -7.09241 -20.18657 -192.64963 -64.49526
28211 0.17139 NaN NaN NaN 172.15953 -110.06311 -3.78045 270.19037 -182.15080 -38.29293 NaN NaN NaN 69.30902 -117.03841 -7.07305 -20.18226 -192.64536 -64.50463
28212 0.17974 NaN NaN NaN 172.15912 -110.06512 -3.76127 270.20264 -182.16916 -38.31046 NaN NaN NaN 69.31131 -117.02641 -7.07675 -20.16717 -192.62383 -64.49398
28213 0.18809 NaN NaN NaN 172.15523 -110.05424 -3.74723 270.18967 -182.14172 -38.30268 NaN NaN NaN 69.31602 -117.01984 -7.06866 -20.18301 -192.63020 -64.51209
28214 0.19643 NaN NaN NaN 172.14919 -110.07304 -3.74530 270.19379 -182.15480 -38.31622 NaN NaN NaN 69.30739 -117.02197 -7.05468 -20.18345 -192.62805 -64.49023
28215 0.20478 NaN NaN NaN 172.15965 -110.06387 -3.74223 270.19025 -182.16423 -38.32827 NaN NaN NaN 69.30983 -117.02676 -7.05555 -20.17982 -192.63564 -64.47997
28216 0.21313 NaN NaN NaN 172.16800 -110.08004 -3.74314 270.20468 -182.16673 -38.32360 NaN NaN NaN 69.30846 -117.02493 -7.05140 -20.17403 -192.63602 -64.48093
28217 0.22147 NaN NaN NaN 172.17738 -110.06665 -3.74160 270.20062 -182.16039 -38.31614 NaN NaN NaN 69.34418 -117.05073 -7.05119 -20.17008 -192.64851 -64.50372
28218 0.22982 NaN NaN NaN 172.16167 -110.09019 -3.72410 270.19583 -182.16289 -38.31990 NaN NaN NaN 69.33535 -117.04871 -7.05030 -20.16109 -192.63776 -64.49503
28219 0.23817 NaN NaN NaN 172.15660 -110.06934 -3.73323 270.19843 -182.16408 -38.31071 NaN NaN NaN 69.33566 -117.04613 -7.06424 -20.17212 -192.64685 -64.51081
28220 0.24651 NaN NaN NaN 172.15530 -110.08932 -3.74346 270.20740 -182.18483 -38.31718 NaN NaN NaN 69.31950 -117.01454 -7.07132 -20.16047 -192.64041 -64.49236
28221 0.25486 NaN NaN NaN 172.18010 -110.06773 -3.75881 270.20239 -182.18405 -38.31906 NaN NaN NaN 69.34407 -117.03082 -7.07204 -20.16176 -192.64590 -64.49726
28222 0.26321 NaN NaN NaN 172.16835 -110.08213 -3.76319 270.20724 -182.20686 -38.31849 NaN NaN NaN 69.34360 -117.03851 -7.06600 -20.16050 -192.65700 -64.50411
28223 0.27155 NaN NaN NaN 172.17265 -110.07344 -3.76561 270.22171 -182.19240 -38.32627 NaN NaN NaN 69.35110 -117.03984 -7.07256 -20.15877 -192.66701 -64.51089
28224 0.27990 NaN NaN NaN 172.17282 -110.08061 -3.77392 270.21707 -182.21516 -38.31713 NaN NaN NaN 69.33978 -117.07809 -7.09695 -20.17367 -192.67625 -64.52543
28225 0.28825 NaN NaN NaN 172.17320 -110.06850 -3.77947 270.22968 -182.23314 -38.31577 NaN NaN NaN 69.35870 -117.08966 -7.09547 -20.15783 -192.68771 -64.52113
28226 0.29659 NaN NaN NaN 172.16228 -110.09631 -3.77754 270.21860 -182.23656 -38.33035 NaN NaN NaN 69.37814 -117.09871 -7.13295 -20.14019 -192.69826 -64.51664
28227 0.30494 NaN NaN NaN 172.16585 -110.10202 -3.77119 270.23251 -182.24808 -38.32664 NaN NaN NaN 69.37828 -117.09238 -7.09145 -20.12372 -192.72354 -64.51662
28228 0.31329 NaN NaN NaN 172.16164 -110.13940 -3.77581 270.22449 -182.26123 -38.33327 NaN NaN NaN 69.35298 -117.10509 -7.10800 -20.12698 -192.72925 -64.52934
28229 0.32163 NaN NaN NaN 172.17915 -110.11920 -3.77029 270.22931 -182.27180 -38.33263 NaN NaN NaN 69.34959 -117.12985 -7.12472 -20.13602 -192.74318 -64.53807
28230 0.32998 NaN NaN NaN 172.17096 -110.14670 -3.76581 270.23572 -182.26820 -38.33609 NaN NaN NaN 69.35057 -117.14711 -7.12817 -20.15305 -192.73834 -64.52991
28231 0.33833 NaN NaN NaN 172.18152 -110.12843 -3.76812 270.23712 -182.27417 -38.32542 NaN NaN NaN 69.36631 -117.14284 -7.10128 -20.15482 -192.75900 -64.53942
28232 0.34667 NaN NaN NaN 172.18355 -110.16394 -3.76255 270.23837 -182.27711 -38.33398 NaN NaN NaN 69.35277 -117.13008 -7.11860 -20.15293 -192.77594 -64.53360
28233 0.35502 NaN NaN NaN 172.19073 -110.16276 -3.76048 270.24207 -182.28447 -38.33475 NaN NaN NaN 69.35703 -117.15079 -7.12790 -20.13187 -192.78426 -64.53148
28234 0.36336 NaN NaN NaN 172.17921 -110.18497 -3.76823 270.23026 -182.30959 -38.33315 NaN NaN NaN 69.35812 -117.17387 -7.12772 -20.13869 -192.80101 -64.53176
28235 0.37171 NaN NaN NaN 172.18349 -110.18149 -3.76255 270.24564 -182.32484 -38.33012 NaN NaN NaN 69.35971 -117.16876 -7.14173 -20.13249 -192.80801 -64.55069
28236 0.38006 NaN NaN NaN 172.17555 -110.21341 -3.76748 270.25165 -182.32961 -38.35839 NaN NaN NaN 69.35622 -117.18664 -7.13278 -20.15065 -192.80981 -64.54994
28237 0.38840 NaN NaN NaN 172.18639 -110.19081 -3.77138 270.24582 -182.32385 -38.34338 NaN NaN NaN 69.35558 -117.18122 -7.14133 -20.12832 -192.80798 -64.54832
28238 0.39675 NaN NaN NaN 172.16664 -110.21347 -3.77506 270.24545 -182.32335 -38.35542 NaN NaN NaN 69.35117 -117.17824 -7.14469 -20.12317 -192.82719 -64.54913
28239 0.40510 NaN NaN NaN 172.18529 -110.18624 -3.77138 270.24136 -182.31328 -38.34271 NaN NaN NaN 69.35632 -117.19004 -7.15382 -20.11185 -192.81287 -64.55388
28240 0.41344 NaN NaN NaN 172.17236 -110.20438 -3.76169 270.24042 -182.29855 -38.37247 NaN NaN NaN 69.35861 -117.18194 -7.16174 -20.13019 -192.82474 -64.55370
28241 0.42179 NaN NaN NaN 172.17694 -110.18648 -3.76517 270.23450 -182.29312 -38.35330 NaN NaN NaN 69.36572 -117.19247 -7.15411 -20.13462 -192.81062 -64.55763
28242 0.43014 NaN NaN NaN 172.16426 -110.19149 -3.78182 270.23718 -182.30557 -38.36689 NaN NaN NaN 69.34415 -117.18743 -7.14608 -20.16267 -192.79591 -64.55780
28243 0.43848 NaN NaN NaN 172.16881 -110.12382 -3.81907 270.23013 -182.29787 -38.34245 NaN NaN NaN 69.36209 -117.18051 -7.16161 -20.13656 -192.79875 -64.55544
28244 0.44683 NaN NaN NaN 172.14752 -110.13403 -3.80744 270.22568 -182.30119 -38.34745 NaN NaN NaN 69.36698 -117.18191 -7.15442 -20.14271 -192.79535 -64.55547
28245 0.45518 NaN NaN NaN 172.15765 -110.10764 -3.79323 270.21622 -182.28352 -38.33567 NaN NaN NaN 69.35950 -117.16417 -7.15646 -20.13239 -192.77785 -64.55900
28246 0.46352 NaN NaN NaN 172.14333 -110.12534 -3.78985 270.21692 -182.27211 -38.34303 NaN NaN NaN 69.33800 -117.12286 -7.12587 -20.15470 -192.73799 -64.56335
28247 0.47187 NaN NaN NaN 172.14468 -110.11570 -3.79206 270.21008 -182.25293 -38.33858 NaN NaN NaN 69.32868 -117.07381 -7.11412 -20.16315 -192.71384 -64.56705
28248 0.48022 NaN NaN NaN 172.12627 -110.12856 -3.80570 270.20013 -182.23911 -38.33843 NaN NaN NaN 69.34499 -117.08084 -7.13670 -20.16463 -192.69659 -64.56229
28249 0.48856 NaN NaN NaN 172.12169 -110.09458 -3.82011 270.19489 -182.21233 -38.31792 NaN NaN NaN 69.34742 -117.07446 -7.10441 -20.14637 -192.69972 -64.56622
28250 0.49691 NaN NaN NaN 172.12329 -110.06458 -3.82922 270.19211 -182.22325 -38.31245 NaN NaN NaN 69.32084 -117.06443 -7.11995 -20.16164 -192.67767 -64.57593
28251 0.50526 NaN NaN NaN 172.13390 -110.03289 -3.83651 270.18777 -182.22310 -38.30400 NaN NaN NaN 69.33545 -117.03658 -7.11590 -20.16003 -192.64981 -64.57616
28252 0.51360 NaN NaN NaN 172.10606 -110.05607 -3.83964 270.17566 -182.22192 -38.31353 NaN NaN NaN 69.33162 -117.03841 -7.12916 -20.14904 -192.61986 -64.57235
28253 0.52195 NaN NaN NaN 172.10292 -110.06027 -3.83659 270.16641 -182.20345 -38.26081 NaN NaN NaN 69.34267 -117.01122 -7.12814 -20.16569 -192.62172 -64.58617
28254 0.53030 NaN NaN NaN 172.08121 -110.07150 -3.82739 270.16223 -182.19167 -38.24509 NaN NaN NaN 69.34143 -117.00069 -7.13608 -20.17444 -192.60666 -64.58228
28255 0.53864 NaN NaN NaN 172.08482 -110.03470 -3.85831 270.15955 -182.15672 -38.23133 NaN NaN NaN 69.34532 -117.01379 -7.14018 -20.18988 -192.59671 -64.58667
28256 0.54699 NaN NaN NaN 172.06392 -110.03423 -3.86389 270.14856 -182.15138 -38.19703 NaN NaN NaN 69.33781 -117.03735 -7.13511 -20.18609 -192.58601 -64.58288
28257 0.55534 NaN NaN NaN 172.06845 -109.97772 -3.89859 270.15836 -182.14719 -38.19195 NaN NaN NaN 69.33183 -117.01702 -7.09910 -20.18201 -192.57263 -64.59357
28258 0.56368 NaN NaN NaN 172.04138 -109.98560 -3.87618 270.14154 -182.14000 -38.18312 NaN NaN NaN 69.34183 -117.03604 -7.11216 -20.17759 -192.56871 -64.60043
28259 0.57203 NaN NaN NaN 172.04103 -109.93976 -3.90213 270.13583 -182.13602 -38.15564 NaN NaN NaN 69.34341 -117.01775 -7.09043 -20.19564 -192.55432 -64.61758
28260 0.58038 NaN NaN NaN 172.02092 -109.97312 -3.89447 270.12256 -182.11034 -38.13565 NaN NaN NaN 69.34475 -117.02364 -7.12022 -20.19826 -192.53143 -64.65079
28261 0.58872 NaN NaN NaN 172.02844 -109.93533 -3.92583 270.11621 -182.13069 -38.12206 NaN NaN NaN 69.35033 -117.02676 -7.08767 -20.19653 -192.49109 -64.68531
28262 0.59707 NaN NaN NaN 172.00398 -109.96085 -3.93146 270.11578 -182.13066 -38.11600 NaN NaN NaN 69.36050 -117.01644 -7.10676 -20.19201 -192.48564 -64.69991
28263 0.60542 NaN NaN NaN 172.02899 -109.93622 -3.95538 270.12933 -182.14799 -38.10541 NaN NaN NaN 69.37232 -117.03397 -7.08340 -20.18910 -192.44911 -64.72379
28264 0.61376 NaN NaN NaN 172.01955 -109.95336 -3.94182 270.13495 -182.12463 -38.11996 NaN NaN NaN 69.37171 -117.02474 -7.10710 -20.19011 -192.43349 -64.72588
28265 0.62211 NaN NaN NaN 172.04529 -109.93197 -3.96839 270.15958 -182.13243 -38.12685 NaN NaN NaN 69.37665 -117.03015 -7.07839 -20.18884 -192.42532 -64.74331
28266 0.63045 NaN NaN NaN 172.01022 -109.95074 -3.97575 270.14883 -182.13164 -38.13083 NaN NaN NaN 69.38712 -117.01220 -7.08938 -20.17686 -192.41479 -64.74621
28267 0.63880 NaN NaN NaN 172.05258 -109.92746 -3.99869 270.17648 -182.13171 -38.13741 NaN NaN NaN 69.39431 -117.02853 -7.07471 -20.13650 -192.41867 -64.75243
28268 0.64715 NaN NaN NaN 172.04628 -109.94392 -3.99011 270.18930 -182.15216 -38.10787 NaN NaN NaN 69.41295 -117.04212 -7.07010 -20.10760 -192.39488 -64.74521
28269 0.65549 NaN NaN NaN 172.06830 -109.92181 -3.99413 270.21472 -182.16191 -38.08580 NaN NaN NaN 69.40312 -117.04361 -7.07512 -20.09758 -192.41925 -64.74835
28270 0.66384 NaN NaN NaN 172.06807 -109.95210 -3.96985 270.20761 -182.18018 -38.07087 NaN NaN NaN 69.42357 -117.04919 -7.06471 -20.06269 -192.43391 -64.72438
28271 0.67219 NaN NaN NaN 172.06786 -109.93577 -3.98352 270.21588 -182.19145 -38.04102 NaN NaN NaN 69.44872 -117.07944 -7.06961 -20.05075 -192.44005 -64.73055
28272 0.68053 NaN NaN NaN 172.07182 -109.95385 -3.98810 270.21191 -182.22148 -38.00626 NaN NaN NaN 69.44871 -117.10317 -7.08596 -20.03995 -192.45168 -64.70534
28273 0.68888 NaN NaN NaN 172.06851 -109.96611 -3.98830 270.20538 -182.23117 -37.97952 NaN NaN NaN 69.47542 -117.14163 -7.07531 -20.03137 -192.47983 -64.65108
28274 0.69723 NaN NaN NaN 172.02614 -110.03020 -3.97084 270.19431 -182.25801 -37.97434 NaN NaN NaN 69.50726 -117.17276 -7.03899 -20.03384 -192.54530 -64.59103
28275 0.70557 NaN NaN NaN 172.03604 -110.02317 -3.98848 270.19638 -182.28397 -37.92391 NaN NaN NaN 69.52657 -117.18124 -7.02247 -20.04501 -192.58859 -64.54129
28276 0.71392 NaN NaN NaN 172.01628 -110.03825 -4.01354 270.19354 -182.32320 -37.92740 NaN NaN NaN 69.54296 -117.21925 -7.00282 -20.04403 -192.62675 -64.47243
28277 0.72227 NaN NaN NaN 172.00536 -110.06976 -4.02807 270.20767 -182.37476 -37.90663 NaN NaN NaN 69.55975 -117.23486 -6.97193 -20.03504 -192.66464 -64.44340
28278 0.73061 NaN NaN NaN 171.99306 -110.10658 -4.06593 270.21817 -182.40590 -37.93119 NaN NaN NaN 69.57139 -117.29110 -6.94371 -20.03483 -192.66933 -64.42494
28279 0.73896 NaN NaN NaN 171.96440 -110.17757 -4.08769 270.20233 -182.43369 -37.93349 NaN NaN NaN 69.58408 -117.33422 -6.91675 -20.03101 -192.68353 -64.41935
28280 0.74731 NaN NaN NaN 171.93713 -110.23145 -4.15071 270.21109 -182.45308 -37.95655 NaN NaN NaN 69.60098 -117.35148 -6.91998 -20.04468 -192.68340 -64.40507
28281 0.75565 NaN NaN NaN 171.89948 -110.24993 -4.20268 270.21027 -182.47713 -37.94563 NaN NaN NaN 69.63183 -117.37902 -6.93266 -20.03882 -192.69528 -64.39240
28282 0.76400 NaN NaN NaN 171.88641 -110.29169 -4.24044 270.20142 -182.48743 -37.93218 NaN NaN NaN 69.64406 -117.40057 -6.93517 -20.04366 -192.69823 -64.37418
28283 0.77235 NaN NaN NaN 171.86057 -110.30421 -4.29881 270.19894 -182.47853 -37.93158 NaN NaN NaN 69.67584 -117.41021 -6.91815 -20.03062 -192.71461 -64.36843
28284 0.78069 NaN NaN NaN 171.83511 -110.30199 -4.32871 270.20627 -182.45380 -37.92160 NaN NaN NaN 69.70023 -117.41763 -6.89759 -20.03281 -192.69374 -64.34508
28285 0.78904 NaN NaN NaN 171.82961 -110.26505 -4.34410 270.21252 -182.43787 -37.90633 NaN NaN NaN 69.71520 -117.40202 -6.89091 -20.02525 -192.68459 -64.33453
28286 0.79739 NaN NaN NaN 171.83063 -110.23763 -4.36129 270.22037 -182.41243 -37.90099 NaN NaN NaN 69.68649 -117.38426 -6.90667 -20.01721 -192.67804 -64.30751
28287 0.80573 NaN NaN NaN 171.84280 -110.20908 -4.32408 270.24091 -182.37683 -37.87689 NaN NaN NaN 69.68504 -117.34327 -6.88750 -20.00531 -192.65991 -64.29970
28288 0.81408 NaN NaN NaN 171.85214 -110.20276 -4.29905 270.24118 -182.36852 -37.85999 NaN NaN NaN 69.68058 -117.31369 -6.84729 -20.00216 -192.64960 -64.27149
28289 0.82243 NaN NaN NaN 171.87975 -110.17992 -4.23032 270.24860 -182.33737 -37.87185 NaN NaN NaN 69.66232 -117.28165 -6.80800 -20.01903 -192.62485 -64.24686
28290 0.83077 NaN NaN NaN 171.89351 -110.17159 -4.18239 270.25720 -182.32588 -37.88135 NaN NaN NaN 69.66016 -117.27326 -6.77387 -20.02320 -192.60791 -64.22913
28291 0.83912 NaN NaN NaN 171.91129 -110.14748 -4.12139 270.26868 -182.30397 -37.88969 NaN NaN NaN 69.63485 -117.24224 -6.73139 -20.04863 -192.59348 -64.21039
28292 0.84747 NaN NaN NaN 171.93857 -110.12376 -4.07314 270.27304 -182.28172 -37.91239 NaN NaN NaN 69.60449 -117.22530 -6.69262 -20.05849 -192.58179 -64.19653
28293 0.85581 NaN NaN NaN 171.96228 -110.10587 -4.03130 270.27942 -182.24765 -37.91795 NaN NaN NaN 69.57187 -117.19976 -6.63637 -20.08304 -192.55409 -64.18541
28294 0.86416 NaN NaN NaN 171.98372 -110.07980 -4.01979 270.27277 -182.20233 -37.95742 NaN NaN NaN 69.54446 -117.19416 -6.59364 -20.09868 -192.52728 -64.12419
28295 0.87250 NaN NaN NaN 171.97206 -110.06332 -4.00664 270.26605 -182.15775 -37.94975 NaN NaN NaN 69.54821 -117.14080 -6.53675 -20.10502 -192.50607 -64.08398
28296 0.88085 NaN NaN NaN 171.96259 -110.04424 -4.00766 270.26224 -182.09225 -37.98838 NaN NaN NaN 69.54232 -117.10245 -6.51269 -20.07753 -192.45978 -64.07825
28297 0.88920 NaN NaN NaN 171.95306 -110.04091 -3.97655 270.26389 -182.05957 -37.98602 NaN NaN NaN 69.49941 -117.03552 -6.49233 -20.10665 -192.42863 -64.05528
28298 0.89754 NaN NaN NaN 171.93187 -110.01862 -3.96689 270.24759 -181.98862 -38.01877 NaN NaN NaN 69.45792 -116.97945 -6.47457 -20.13086 -192.41048 -64.03288
28299 0.90589 NaN NaN NaN 171.93933 -109.92892 -3.99888 270.24091 -181.94394 -38.00148 NaN NaN NaN 69.44288 -116.95396 -6.43972 -20.14930 -192.37880 -64.01929
28300 0.91424 NaN NaN NaN 171.89818 -109.87646 -3.99467 270.21960 -181.91002 -38.00743 NaN NaN NaN 69.42868 -116.89328 -6.41944 -20.14190 -192.34303 -63.99765
28301 0.92258 NaN NaN NaN 171.85727 -109.84898 -3.98722 270.20361 -181.83420 -37.98087 NaN NaN NaN 69.39291 -116.82664 -6.39288 -20.17198 -192.32082 -63.97641
28302 0.93093 NaN NaN NaN 171.83296 -109.78934 -3.97789 270.16037 -181.79390 -37.96824 NaN NaN NaN 69.34646 -116.78526 -6.39756 -20.19243 -192.29610 -63.95529
28303 0.93928 NaN NaN NaN 171.76747 -109.73151 -3.98598 270.12894 -181.71507 -37.94658 NaN NaN NaN 69.31376 -116.73161 -6.37630 -20.23067 -192.26427 -63.93268
28304 0.94762 NaN NaN NaN 171.72849 -109.68545 -4.00695 270.09946 -181.64944 -37.93937 NaN NaN NaN 69.28158 -116.68238 -6.35846 -20.25401 -192.22372 -63.91571
28305 0.95597 NaN NaN NaN 171.69720 -109.58694 -4.05234 270.08578 -181.60258 -37.93155 NaN NaN NaN 69.25797 -116.64046 -6.33047 -20.28622 -192.18529 -63.88368
28306 0.96432 NaN NaN NaN 171.66011 -109.57145 -4.01980 270.04944 -181.57089 -37.92351 NaN NaN NaN 69.19788 -116.62758 -6.34040 -20.32817 -192.18843 -63.86016
28307 0.97266 NaN NaN NaN 171.63774 -109.51920 -4.03502 270.02579 -181.50101 -37.92384 NaN NaN NaN 69.16934 -116.60880 -6.31033 -20.34497 -192.18599 -63.79842
28308 0.98101 NaN NaN NaN 171.60661 -109.53739 -4.01541 270.00311 -181.48801 -37.91246 NaN NaN NaN 69.14938 -116.62045 -6.26320 -20.37044 -192.18082 -63.80608
28309 0.98936 NaN NaN NaN 171.57935 -109.56103 -3.99851 269.97153 -181.49081 -37.89731 NaN NaN NaN 69.11150 -116.66166 -6.24865 -20.36754 -192.19196 -63.75938
28310 0.99770 NaN NaN NaN 171.56133 -109.56778 -4.00745 269.95789 -181.52324 -37.89355 NaN NaN NaN 69.07559 -116.67951 -6.18595 -20.40149 -192.20851 -63.74070
28311 1.00605 NaN NaN NaN 171.57101 -109.55454 -3.99022 269.93756 -181.52980 -37.89625 NaN NaN NaN 69.04395 -116.69878 -6.18421 -20.41818 -192.22748 -63.70998
28312 1.01440 NaN NaN NaN 171.58424 -109.55846 -3.98701 269.94806 -181.54845 -37.90560 NaN NaN NaN 69.04196 -116.72009 -6.18227 -20.43589 -192.23589 -63.68185
28313 1.02274 NaN NaN NaN 171.57838 -109.55753 -3.98726 269.94226 -181.56247 -37.89245 NaN NaN NaN 69.02835 -116.71210 -6.18395 -20.42900 -192.25333 -63.65097
28314 1.03109 NaN NaN NaN 171.54379 -109.64953 -3.97364 269.93616 -181.58693 -37.89956 NaN NaN NaN 69.02732 -116.75064 -6.17117 -20.43411 -192.29688 -63.63911
28315 1.03944 NaN NaN NaN 171.55907 -109.66297 -3.94628 269.93674 -181.61487 -37.89610 NaN NaN NaN 69.00735 -116.76102 -6.17449 -20.42479 -192.34512 -63.60509
28316 1.04778 NaN NaN NaN 171.56438 -109.72166 -3.91024 269.95700 -181.68169 -37.89748 NaN NaN NaN 69.00066 -116.80185 -6.17010 -20.41557 -192.40404 -63.59471
28317 1.05613 NaN NaN NaN 171.56807 -109.78747 -3.89160 269.97952 -181.73764 -37.90033 NaN NaN NaN 68.98991 -116.81331 -6.15385 -20.42008 -192.44139 -63.56192
28318 1.06448 NaN NaN NaN 171.56422 -109.87294 -3.90970 269.97104 -181.78537 -37.92118 NaN NaN NaN 69.00024 -116.82822 -6.13992 -20.43004 -192.48595 -63.58118
28319 1.07282 NaN NaN NaN 171.57504 -109.93004 -3.90270 269.98151 -181.84912 -37.92133 NaN NaN NaN 69.01334 -116.87728 -6.13166 -20.42378 -192.53609 -63.60497
28320 1.08117 NaN NaN NaN 171.57999 -110.01609 -3.90328 269.99222 -181.89896 -37.93071 NaN NaN NaN 69.00419 -116.92285 -6.14217 -20.42369 -192.56616 -63.60144
28321 1.08952 NaN NaN NaN 171.60497 -110.06935 -3.88801 270.00858 -181.97006 -37.92107 NaN NaN NaN 68.99268 -116.96738 -6.14428 -20.42072 -192.63524 -63.61231
28322 1.09786 NaN NaN NaN 171.62965 -110.16280 -3.86717 270.02737 -182.03011 -37.96266 NaN NaN NaN 69.01842 -117.01147 -6.16527 -20.41789 -192.70215 -63.63622
28323 1.10621 NaN NaN NaN 171.65910 -110.24187 -3.83486 270.05115 -182.06113 -37.96401 NaN NaN NaN 69.05622 -117.07313 -6.16456 -20.38323 -192.74820 -63.62269
28324 1.11456 NaN NaN NaN 171.67049 -110.30671 -3.81100 270.08578 -182.11418 -38.00237 NaN NaN NaN 69.06916 -117.13244 -6.15955 -20.35242 -192.82027 -63.64241
28325 1.12290 NaN NaN NaN 171.74118 -110.33036 -3.76599 270.12640 -182.17938 -38.01220 NaN NaN NaN 69.08907 -117.19539 -6.16641 -20.33519 -192.88879 -63.65955
28326 1.13125 NaN NaN NaN 171.78729 -110.39410 -3.76855 270.16492 -182.20743 -38.04430 NaN NaN NaN 69.11827 -117.24616 -6.17816 -20.31716 -192.92723 -63.67696
28327 1.13959 NaN NaN NaN 171.89423 -110.41400 -3.77551 270.22168 -182.24536 -38.06488 NaN NaN NaN 69.17403 -117.29001 -6.18451 -20.29570 -192.94472 -63.71597
28328 1.14794 NaN NaN NaN 171.91562 -110.46452 -3.75526 270.25595 -182.24780 -38.09680 NaN NaN NaN 69.19179 -117.31062 -6.21327 -20.25388 -192.95049 -63.74980
28329 1.15629 NaN NaN NaN 171.94914 -110.52937 -3.78195 270.29645 -182.24707 -38.14222 NaN NaN NaN 69.23178 -117.33984 -6.22712 -20.21736 -192.97052 -63.75220
28330 1.16463 NaN NaN NaN 171.97334 -110.53986 -3.75168 270.32053 -182.27417 -38.16550 NaN NaN NaN 69.25062 -117.36907 -6.23699 -20.20230 -192.97893 -63.79874
28331 1.17298 NaN NaN NaN 172.03778 -110.53645 -3.74996 270.37161 -182.30714 -38.17845 NaN NaN NaN 69.27536 -117.36281 -6.24286 -20.18902 -192.98761 -63.82175
28332 1.18133 NaN NaN NaN 172.10277 -110.52209 -3.74409 270.41632 -182.34056 -38.18818 NaN NaN NaN 69.29336 -117.36566 -6.24860 -20.14085 -192.98984 -63.83940
28333 1.18967 NaN NaN NaN 172.12369 -110.51361 -3.74007 270.44028 -182.34483 -38.17418 NaN NaN NaN 69.32159 -117.37840 -6.28106 -20.10755 -193.00534 -63.83846
28334 1.19802 NaN NaN NaN 172.15950 -110.50396 -3.72937 270.46286 -182.37064 -38.19709 NaN NaN NaN 69.36123 -117.37109 -6.27099 -20.08871 -192.99512 -63.83319
28335 1.20637 NaN NaN NaN 172.18535 -110.50434 -3.69952 270.47687 -182.36551 -38.20761 NaN NaN NaN 69.38745 -117.37202 -6.28064 -20.07244 -192.99707 -63.82796
28336 1.21471 NaN NaN NaN 172.22694 -110.51288 -3.67463 270.50027 -182.37796 -38.22919 NaN NaN NaN 69.41503 -117.35555 -6.26040 -20.03271 -192.98727 -63.83179
28337 1.22306 NaN NaN NaN 172.25456 -110.54898 -3.66389 270.52756 -182.34731 -38.22548 NaN NaN NaN 69.44039 -117.34390 -6.24997 -20.01991 -192.96402 -63.84196
28338 1.23141 NaN NaN NaN 172.27481 -110.56568 -3.66114 270.55701 -182.37532 -38.28948 NaN NaN NaN 69.47116 -117.33131 -6.25824 -20.00406 -192.92374 -63.84845
28339 1.23975 NaN NaN NaN 172.30226 -110.56701 -3.66716 270.55975 -182.34187 -38.25955 NaN NaN NaN 69.49249 -117.30122 -6.28239 -19.98444 -192.86806 -63.85426
28340 1.24810 NaN NaN NaN 172.33537 -110.55573 -3.67893 270.61322 -182.35268 -38.30490 NaN NaN NaN 69.52859 -117.27074 -6.31204 -19.94617 -192.83315 -63.85160
28341 1.25645 NaN NaN NaN 172.34532 -110.51995 -3.67499 270.61584 -182.34627 -38.30344 NaN NaN NaN 69.54379 -117.25579 -6.33723 -19.93020 -192.80420 -63.87555
28342 1.26479 NaN NaN NaN 172.37419 -110.49684 -3.68641 270.62164 -182.32820 -38.33675 NaN NaN NaN 69.56218 -117.22142 -6.33124 -19.91851 -192.78011 -63.87006
28343 1.27314 NaN NaN NaN 172.40085 -110.48080 -3.67991 270.63324 -182.30325 -38.31170 NaN NaN NaN 69.55912 -117.18526 -6.33489 -19.92106 -192.75854 -63.87748
28344 1.28149 NaN NaN NaN 172.42616 -110.46754 -3.66487 270.65070 -182.32465 -38.32445 NaN NaN NaN 69.57197 -117.17150 -6.34711 -19.92109 -192.74911 -63.87090
28345 1.28983 NaN NaN NaN 172.46300 -110.39697 -3.69976 270.64050 -182.30833 -38.32465 NaN NaN NaN 69.57607 -117.14399 -6.35118 -19.92412 -192.72459 -63.87082
28346 1.29818 NaN NaN NaN 172.45886 -110.35551 -3.69786 270.64865 -182.30853 -38.31255 NaN NaN NaN 69.56863 -117.12896 -6.34220 -19.92211 -192.70633 -63.85784
28347 1.30653 NaN NaN NaN 172.45265 -110.32855 -3.67941 270.63800 -182.27449 -38.26834 NaN NaN NaN 69.55098 -117.09541 -6.33614 -19.92454 -192.69182 -63.85840
28348 1.31487 NaN NaN NaN 172.43146 -110.36245 -3.62999 270.63293 -182.28499 -38.27243 NaN NaN NaN 69.53566 -117.07650 -6.33413 -19.92726 -192.68364 -63.86436
28349 1.32322 NaN NaN NaN 172.46400 -110.32423 -3.63713 270.60776 -182.26038 -38.27320 NaN NaN NaN 69.52442 -117.04907 -6.33184 -19.95906 -192.65408 -63.86971
28350 1.33157 NaN NaN NaN 172.40903 -110.35658 -3.59529 270.59775 -182.25017 -38.28716 NaN NaN NaN 69.50366 -117.03557 -6.31390 -19.98698 -192.60953 -63.88747
28351 1.33991 NaN NaN NaN 172.38341 -110.35828 -3.60754 270.57040 -182.23389 -38.26611 NaN NaN NaN 69.49701 -117.03304 -6.30158 -20.00416 -192.58780 -63.88690
28352 1.34826 NaN NaN NaN 172.35686 -110.36552 -3.59442 270.56750 -182.22392 -38.28913 NaN NaN NaN 69.47751 -117.03105 -6.30353 -20.02789 -192.56554 -63.88852
28353 1.35661 NaN NaN NaN 172.33708 -110.34698 -3.61195 270.54666 -182.22699 -38.25985 NaN NaN NaN 69.44913 -117.03625 -6.29635 -20.05241 -192.54588 -63.89804
28354 1.36495 NaN NaN NaN 172.32039 -110.30583 -3.63979 270.51666 -182.19562 -38.29766 NaN NaN NaN 69.43353 -117.02267 -6.29522 -20.06854 -192.52521 -63.89779
28355 1.37330 NaN NaN NaN 172.29732 -110.24714 -3.67218 270.48444 -182.14653 -38.25739 NaN NaN NaN 69.41563 -117.01257 -6.29217 -20.10166 -192.52635 -63.91613
28356 1.38164 NaN NaN NaN 172.26443 -110.17028 -3.71241 270.44791 -182.10260 -38.24266 NaN NaN NaN 69.37385 -117.00095 -6.28928 -20.13667 -192.51543 -63.92744
28357 1.38999 NaN NaN NaN 172.22769 -110.11534 -3.75569 270.40601 -182.06100 -38.22371 NaN NaN NaN 69.35126 -117.00531 -6.28888 -20.15654 -192.52367 -63.94061
28358 1.39834 NaN NaN NaN 172.16919 -110.09756 -3.74114 270.39856 -182.04512 -38.18484 NaN NaN NaN 69.30906 -117.00592 -6.28504 -20.17101 -192.53120 -63.94005
28359 1.40668 NaN NaN NaN 172.12474 -110.04234 -3.79515 270.36380 -182.01183 -38.17282 NaN NaN NaN 69.26103 -117.00276 -6.28592 -20.19982 -192.53082 -63.94650
28360 1.41503 NaN NaN NaN 172.08876 -110.05222 -3.79481 270.31830 -181.98105 -38.12833 NaN NaN NaN 69.22212 -116.99309 -6.28277 -20.22740 -192.53513 -63.95968
28361 1.42338 NaN NaN NaN 172.04759 -109.98907 -3.82175 270.27905 -181.95674 -38.08869 NaN NaN NaN 69.16696 -117.01290 -6.28320 -20.27285 -192.57620 -63.95954
28362 1.43172 NaN NaN NaN 172.00020 -110.00264 -3.80103 270.25235 -181.93927 -38.07163 NaN NaN NaN 69.10212 -117.05225 -6.27899 -20.30914 -192.60379 -63.96239
28363 1.44007 NaN NaN NaN 171.95837 -109.98247 -3.80839 270.21805 -181.91113 -38.05924 NaN NaN NaN 69.06290 -117.07193 -6.27688 -20.33694 -192.64212 -63.96478
28364 1.44842 NaN NaN NaN 171.91446 -109.95320 -3.83654 270.19772 -181.89813 -38.04926 NaN NaN NaN 69.03268 -117.08929 -6.28243 -20.36179 -192.69624 -63.97488
28365 1.45676 NaN NaN NaN 171.89217 -109.91216 -3.87727 270.16812 -181.89906 -38.03175 NaN NaN NaN 69.00678 -117.12486 -6.26783 -20.37485 -192.73811 -63.97688
28366 1.46511 NaN NaN NaN 171.84485 -109.92609 -3.88584 270.13992 -181.88799 -38.02546 NaN NaN NaN 68.97500 -117.13402 -6.26557 -20.38854 -192.76617 -63.98827
28367 1.47346 NaN NaN NaN 171.81616 -109.94031 -3.88372 270.10504 -181.89029 -37.99530 NaN NaN NaN 68.96290 -117.15713 -6.27174 -20.40511 -192.78703 -64.00201
28368 1.48180 NaN NaN NaN 171.78020 -109.93812 -3.90677 270.09937 -181.90666 -37.98751 NaN NaN NaN 68.93672 -117.19320 -6.29344 -20.40133 -192.78357 -64.04098
28369 1.49015 NaN NaN NaN 171.73590 -109.93529 -3.92164 270.09473 -181.91953 -37.96945 NaN NaN NaN 68.93863 -117.20815 -6.31702 -20.42135 -192.80269 -64.08483
28370 1.49850 NaN NaN NaN 171.71227 -109.92764 -3.94633 270.08240 -181.93503 -37.96827 NaN NaN NaN 68.91759 -117.27347 -6.33363 -20.44695 -192.84612 -64.12803
28371 1.50684 NaN NaN NaN 171.70595 -109.92577 -3.95193 270.06430 -181.95520 -37.93264 NaN NaN NaN 68.88728 -117.31609 -6.35212 -20.46980 -192.87569 -64.15453
28372 1.51519 NaN NaN NaN 171.68741 -109.93307 -3.96515 270.04510 -181.95166 -37.93656 NaN NaN NaN 68.87032 -117.35892 -6.37821 -20.47028 -192.89331 -64.17110
28373 1.52354 NaN NaN NaN 171.67766 -109.95519 -3.95203 270.04236 -181.96402 -37.91509 NaN NaN NaN 68.85015 -117.36641 -6.38705 -20.47619 -192.92003 -64.19003
28374 1.53188 NaN NaN NaN 171.64435 -109.97789 -3.96740 270.02451 -181.95633 -37.91807 NaN NaN NaN 68.84185 -117.37728 -6.40257 -20.47266 -192.93018 -64.20557
28375 1.54023 NaN NaN NaN 171.65883 -109.96206 -3.96899 270.01547 -181.97017 -37.90338 NaN NaN NaN 68.82359 -117.36218 -6.42406 -20.46342 -192.92239 -64.22955
28376 1.54858 NaN NaN NaN 171.62437 -109.98277 -3.97023 270.00592 -181.98123 -37.89462 NaN NaN NaN 68.81741 -117.37007 -6.44587 -20.47056 -192.95206 -64.26466
28377 1.55692 NaN NaN NaN 171.59795 -109.98855 -3.96778 270.00259 -181.98714 -37.88839 NaN NaN NaN 68.79464 -117.39019 -6.46585 -20.47956 -192.94765 -64.30117
28378 1.56527 NaN NaN NaN 171.59387 -110.00237 -3.97317 270.00061 -181.98666 -37.88034 NaN NaN NaN 68.76838 -117.41856 -6.47673 -20.49357 -192.95309 -64.34327
28379 1.57362 NaN NaN NaN 171.60390 -109.97619 -4.00327 269.99698 -181.98912 -37.88353 NaN NaN NaN 68.75661 -117.44302 -6.48339 -20.49074 -192.97444 -64.39287
28380 1.58196 NaN NaN NaN 171.60663 -109.98739 -3.98905 269.99408 -181.98856 -37.87915 NaN NaN NaN 68.76186 -117.45294 -6.58625 -20.48290 -192.95685 -64.44643
28381 1.59031 NaN NaN NaN 171.63454 -109.94624 -4.02711 270.00388 -181.98370 -37.88606 NaN NaN NaN 68.75786 -117.46427 -6.64811 -20.47668 -192.95876 -64.49796
28382 1.59866 NaN NaN NaN 171.64354 -109.93346 -4.05056 270.00400 -181.98949 -37.88148 NaN NaN NaN 68.76658 -117.44199 -6.69485 -20.47359 -192.91673 -64.59682
28383 1.60700 NaN NaN NaN 171.62334 -109.91276 -4.09006 269.99939 -181.98991 -37.87833 NaN NaN NaN 68.79494 -117.39216 -6.72218 -20.46775 -192.87164 -64.68168
28384 1.61535 NaN NaN NaN 171.65219 -109.87386 -4.12650 270.00095 -181.99892 -37.87119 NaN NaN NaN 68.81311 -117.38634 -6.77194 -20.46026 -192.80725 -64.77270
28385 1.62370 NaN NaN NaN 171.62767 -109.84058 -4.20062 270.00528 -181.99382 -37.87641 NaN NaN NaN 68.84010 -117.38095 -6.80922 -20.44851 -192.76149 -64.88380
28386 1.63204 NaN NaN NaN 171.63985 -109.81297 -4.25554 270.01157 -181.97523 -37.87165 NaN NaN NaN 68.87172 -117.38478 -6.87702 -20.42749 -192.74767 -64.97175
28387 1.64039 NaN NaN NaN 171.64284 -109.77897 -4.27730 270.00406 -181.95592 -37.85329 NaN NaN NaN 68.89722 -117.37280 -6.92687 -20.42476 -192.75183 -65.05472
28388 1.64873 NaN NaN NaN 171.64771 -109.74762 -4.31265 270.00793 -181.95723 -37.85267 NaN NaN NaN 68.89423 -117.32815 -6.99550 -20.41600 -192.74332 -65.10175
28389 1.65708 NaN NaN NaN 171.66733 -109.71301 -4.33872 270.00571 -181.93945 -37.82915 NaN NaN NaN 68.89168 -117.26112 -7.05689 -20.39764 -192.69791 -65.18364
28390 1.66543 NaN NaN NaN 171.68695 -109.69508 -4.36237 270.01660 -181.93697 -37.80320 NaN NaN NaN 68.90672 -117.21793 -7.10567 -20.37184 -192.62289 -65.25169
28391 1.67377 NaN NaN NaN 171.68381 -109.70883 -4.37918 270.04861 -181.92107 -37.80595 NaN NaN NaN 68.94234 -117.19791 -7.16689 -20.35776 -192.55867 -65.30719
28392 1.68212 NaN NaN NaN 171.71477 -109.66222 -4.39807 270.05789 -181.91830 -37.79437 NaN NaN NaN 68.95171 -117.18855 -7.20132 -20.34409 -192.52359 -65.33998
28393 1.69047 NaN NaN NaN 171.75475 -109.61020 -4.39025 270.08313 -181.92122 -37.79210 NaN NaN NaN 68.95779 -117.17466 -7.24366 -20.32178 -192.52089 -65.36376
28394 1.69881 NaN NaN NaN 171.75102 -109.59734 -4.44500 270.08890 -181.91533 -37.77615 NaN NaN NaN 68.96848 -117.14981 -7.26253 -20.28892 -192.50052 -65.39521
28395 1.70716 NaN NaN NaN 171.77095 -109.58228 -4.41425 270.11316 -181.92616 -37.75893 NaN NaN NaN 68.98363 -117.13127 -7.30933 -20.28344 -192.47685 -65.42954
28396 1.71551 NaN NaN NaN 171.78909 -109.59325 -4.42859 270.12305 -181.91769 -37.76144 NaN NaN NaN 69.01833 -117.09787 -7.30414 -20.26573 -192.43898 -65.44447
28397 1.72385 NaN NaN NaN 171.81084 -109.58288 -4.42207 270.13654 -181.89317 -37.73848 NaN NaN NaN 69.02501 -117.09846 -7.32547 -20.26126 -192.41130 -65.48038
28398 1.73220 NaN NaN NaN 171.81195 -109.56898 -4.43401 270.14499 -181.87193 -37.74277 NaN NaN NaN 69.04146 -117.09375 -7.31281 -20.23862 -192.36868 -65.53481
28399 1.74055 NaN NaN NaN 171.81905 -109.56020 -4.43327 270.15839 -181.86823 -37.73564 NaN NaN NaN 69.02193 -117.12770 -7.34834 -20.22793 -192.32422 -65.61230
28400 1.74889 NaN NaN NaN 171.80414 -109.59766 -4.45286 270.16891 -181.85262 -37.72217 NaN NaN NaN 69.01602 -117.11869 -7.35004 -20.21600 -192.29494 -65.67908
28401 1.75724 NaN NaN NaN 171.79944 -109.54936 -4.46629 270.15079 -181.85930 -37.71976 NaN NaN NaN 69.00787 -117.11169 -7.36899 -20.23276 -192.24770 -65.72807
28402 1.76559 NaN NaN NaN 171.77533 -109.55627 -4.47498 270.13901 -181.82451 -37.71597 NaN NaN NaN 69.00789 -117.08272 -7.39070 -20.23753 -192.21463 -65.77933
28403 1.77393 NaN NaN NaN 171.76730 -109.51115 -4.50410 270.12210 -181.80756 -37.69489 NaN NaN NaN 68.99736 -117.05943 -7.43046 -20.24822 -192.15445 -65.79752
28404 1.78228 NaN NaN NaN 171.73730 -109.47649 -4.52889 270.10324 -181.76746 -37.67421 NaN NaN NaN 68.99918 -117.01067 -7.43593 -20.26123 -192.12473 -65.82914
28405 1.79063 NaN NaN NaN 171.72398 -109.43174 -4.54940 270.09561 -181.76019 -37.65039 NaN NaN NaN 68.98597 -116.98499 -7.45203 -20.27659 -192.08133 -65.86861
28406 1.79897 NaN NaN NaN 171.69879 -109.40395 -4.57289 270.08133 -181.73102 -37.66350 NaN NaN NaN 68.95776 -116.95348 -7.45181 -20.30386 -192.07674 -65.88184
28407 1.80732 NaN NaN NaN 171.67964 -109.37191 -4.55166 270.07291 -181.71786 -37.66546 NaN NaN NaN 68.91488 -116.91642 -7.46224 -20.31025 -192.04527 -65.88105
28408 1.81567 NaN NaN NaN 171.65640 -109.35334 -4.59113 270.04681 -181.67657 -37.64466 NaN NaN NaN 68.89322 -116.90224 -7.44852 -20.36126 -192.02280 -65.88374
28409 1.82401 NaN NaN NaN 171.60782 -109.31937 -4.58295 270.02487 -181.64922 -37.66737 NaN NaN NaN 68.85426 -116.89300 -7.44965 -20.39331 -191.99457 -65.89535
28410 1.83236 NaN NaN NaN 171.59691 -109.29963 -4.60420 269.98224 -181.61700 -37.66385 NaN NaN NaN 68.81346 -116.89711 -7.43684 -20.41394 -192.00278 -65.89143
28411 1.84071 NaN NaN NaN 171.56967 -109.26556 -4.60264 269.95724 -181.58745 -37.68343 NaN NaN NaN 68.77921 -116.89149 -7.45018 -20.44761 -192.00671 -65.88808
28412 1.84905 NaN NaN NaN 171.53517 -109.25983 -4.60473 269.94409 -181.57857 -37.65774 NaN NaN NaN 68.74171 -116.89957 -7.44271 -20.47669 -192.02574 -65.90553
28413 1.85740 NaN NaN NaN 171.51796 -109.25645 -4.60939 269.92960 -181.58453 -37.67002 NaN NaN NaN 68.70654 -116.90430 -7.43174 -20.49159 -192.04012 -65.90216
28414 1.86575 NaN NaN NaN 171.44649 -109.28969 -4.62580 269.91360 -181.59213 -37.64905 NaN NaN NaN 68.69015 -116.91138 -7.43021 -20.50802 -192.04906 -65.91816
28415 1.87409 NaN NaN NaN 171.40321 -109.28486 -4.62277 269.88327 -181.58722 -37.65773 NaN NaN NaN 68.66126 -116.91211 -7.43998 -20.52868 -192.06049 -65.92751
28416 1.88244 NaN NaN NaN 171.37947 -109.30705 -4.65364 269.85745 -181.59967 -37.63136 NaN NaN NaN 68.61266 -116.91063 -7.44802 -20.54547 -192.07216 -65.92738
28417 1.89078 NaN NaN NaN 171.40691 -109.23117 -4.64652 269.82156 -181.59860 -37.63938 NaN NaN NaN 68.57389 -116.94379 -7.44235 -20.57098 -192.09489 -65.94985
28418 1.89913 NaN NaN NaN 171.40140 -109.25986 -4.64650 269.80270 -181.58775 -37.61238 NaN NaN NaN 68.55248 -116.94821 -7.44095 -20.59623 -192.11418 -65.98524
28419 1.90748 NaN NaN NaN 171.37091 -109.25614 -4.64287 269.77844 -181.57887 -37.60855 NaN NaN NaN 68.54120 -116.96987 -7.43808 -20.60669 -192.11864 -65.99203
28420 1.91582 NaN NaN NaN 171.33572 -109.27525 -4.65141 269.77588 -181.59659 -37.58701 NaN NaN NaN 68.52436 -116.99266 -7.43959 -20.60707 -192.11911 -65.97294
28421 1.92417 NaN NaN NaN 171.31894 -109.29001 -4.62808 269.75128 -181.58385 -37.59758 NaN NaN NaN 68.50216 -117.01159 -7.43369 -20.61059 -192.14931 -65.98561
28422 1.93252 NaN NaN NaN 171.31026 -109.31787 -4.62394 269.74393 -181.59521 -37.58562 NaN NaN NaN 68.47098 -117.01674 -7.44727 -20.64681 -192.15395 -65.99625
28423 1.94086 NaN NaN NaN 171.30803 -109.30550 -4.61317 269.72675 -181.60852 -37.58292 NaN NaN NaN 68.44138 -117.03266 -7.44504 -20.65935 -192.16769 -66.01183
28424 1.94921 NaN NaN NaN 171.29158 -109.34428 -4.63995 269.72888 -181.62653 -37.57064 NaN NaN NaN 68.43580 -117.04391 -7.42779 -20.66586 -192.15138 -66.01611
28425 1.95756 NaN NaN NaN 171.29965 -109.31083 -4.63019 269.72861 -181.62959 -37.56727 NaN NaN NaN 68.43645 -117.04919 -7.43501 -20.67125 -192.14523 -66.02867
28426 1.96590 NaN NaN NaN 171.28244 -109.32142 -4.65867 269.72314 -181.64240 -37.55826 NaN NaN NaN 68.43707 -117.02929 -7.46544 -20.66896 -192.15646 -66.04935
28427 1.97425 NaN NaN NaN 171.27420 -109.31992 -4.66422 269.71671 -181.64061 -37.56820 NaN NaN NaN 68.42423 -117.01397 -7.48472 -20.65054 -192.15608 -66.06419
28428 1.98260 NaN NaN NaN 171.26352 -109.36326 -4.66437 269.72000 -181.67444 -37.55685 NaN NaN NaN 68.43208 -117.00893 -7.48914 -20.64918 -192.15237 -66.08917
28429 1.99094 NaN NaN NaN 171.27635 -109.37051 -4.67740 269.72137 -181.67584 -37.56277 NaN NaN NaN 68.44753 -117.01720 -7.50279 -20.65737 -192.13850 -66.09621
28430 1.99929 NaN NaN NaN 171.29257 -109.39281 -4.67914 269.72568 -181.70842 -37.55941 NaN NaN NaN 68.45296 -117.01337 -7.51301 -20.65619 -192.13918 -66.10641
28431 2.00764 NaN NaN NaN 171.31934 -109.40015 -4.67848 269.73557 -181.71469 -37.56746 NaN NaN NaN 68.46719 -117.03873 -7.51862 -20.65016 -192.13066 -66.13043
28432 2.01598 NaN NaN NaN 171.29193 -109.44505 -4.66778 269.75491 -181.73926 -37.56555 NaN NaN NaN 68.49482 -117.03729 -7.50544 -20.62956 -192.14049 -66.16870
28433 2.02433 NaN NaN NaN 171.31425 -109.43559 -4.67172 269.76212 -181.76294 -37.56620 NaN NaN NaN 68.50824 -117.05662 -7.51603 -20.61349 -192.11890 -66.14491
28434 2.03268 NaN NaN NaN 171.31593 -109.44694 -4.66493 269.77316 -181.77379 -37.56372 NaN NaN NaN 68.53439 -117.03551 -7.54168 -20.60284 -192.12277 -66.15263
28435 2.04102 NaN NaN NaN 171.35150 -109.45210 -4.67915 269.77957 -181.79486 -37.58278 NaN NaN NaN 68.56283 -117.01626 -7.59779 -20.60010 -192.11368 -66.14225
28436 2.04937 NaN NaN NaN 171.33890 -109.50660 -4.68091 269.80185 -181.79858 -37.57163 NaN NaN NaN 68.60241 -117.01155 -7.60543 -20.59874 -192.12747 -66.15025
28437 2.05772 NaN NaN NaN 171.36444 -109.47882 -4.68617 269.82098 -181.81683 -37.58467 NaN NaN NaN 68.63013 -117.00468 -7.60596 -20.59558 -192.11160 -66.14655
28438 2.06606 NaN NaN NaN 171.36484 -109.50678 -4.69117 269.84186 -181.80295 -37.57206 NaN NaN NaN 68.64364 -116.99950 -7.63167 -20.56933 -192.10039 -66.13538
28439 2.07441 NaN NaN NaN 171.38545 -109.47001 -4.71456 269.86594 -181.82210 -37.59032 NaN NaN NaN 68.68510 -116.98429 -7.65394 -20.54713 -192.10712 -66.13789
28440 2.08276 NaN NaN NaN 171.39452 -109.48419 -4.71799 269.89276 -181.80092 -37.59041 NaN NaN NaN 68.72552 -116.97845 -7.65949 -20.52014 -192.11192 -66.14490
28441 2.09110 NaN NaN NaN 171.42438 -109.51069 -4.71641 269.94205 -181.80397 -37.61829 NaN NaN NaN 68.74429 -116.97527 -7.66039 -20.50183 -192.08945 -66.13139
28442 2.09945 NaN NaN NaN 171.46045 -109.49874 -4.71410 269.96179 -181.76842 -37.62268 NaN NaN NaN 68.76501 -116.96522 -7.64772 -20.48146 -192.06485 -66.12248
28443 2.10780 NaN NaN NaN 171.49391 -109.45936 -4.71480 269.98160 -181.77202 -37.64664 NaN NaN NaN 68.76715 -116.96825 -7.66044 -20.47818 -192.06108 -66.13273
28444 2.11614 NaN NaN NaN 171.50813 -109.45605 -4.71948 269.99832 -181.75233 -37.63401 NaN NaN NaN 68.77686 -116.95042 -7.66105 -20.46428 -192.05682 -66.13650
28445 2.12449 NaN NaN NaN 171.53160 -109.43775 -4.70935 270.03857 -181.75658 -37.64335 NaN NaN NaN 68.80439 -116.95314 -7.68982 -20.44349 -192.05490 -66.13779
28446 2.13284 NaN NaN NaN 171.56790 -109.41672 -4.72001 270.04648 -181.73904 -37.63314 NaN NaN NaN 68.79839 -116.94098 -7.67765 -20.40718 -192.05139 -66.14845
28447 2.14118 NaN NaN NaN 171.58473 -109.38741 -4.71799 270.05298 -181.74147 -37.65165 NaN NaN NaN 68.80876 -116.94386 -7.69548 -20.40694 -192.03954 -66.14829
28448 2.14953 NaN NaN NaN 171.60184 -109.40499 -4.70994 270.04559 -181.71371 -37.66078 NaN NaN NaN 68.80788 -116.92740 -7.68743 -20.40106 -192.05267 -66.17541
28449 2.15787 NaN NaN NaN 171.59653 -109.40051 -4.70455 270.06992 -181.72539 -37.65870 NaN NaN NaN 68.80536 -116.94091 -7.70252 -20.40766 -192.05621 -66.15672
28450 2.16622 NaN NaN NaN 171.61330 -109.40907 -4.69049 270.06409 -181.70476 -37.66368 NaN NaN NaN 68.79146 -116.94794 -7.70344 -20.39594 -192.08296 -66.17793
28451 2.17457 NaN NaN NaN 171.59045 -109.38940 -4.69486 270.05933 -181.68718 -37.66685 NaN NaN NaN 68.78994 -116.95750 -7.71556 -20.40098 -192.09607 -66.15788
28452 2.18291 NaN NaN NaN 171.57387 -109.38488 -4.69625 270.04877 -181.67769 -37.64364 NaN NaN NaN 68.77368 -116.94908 -7.73893 -20.41602 -192.11772 -66.17657
28453 2.19126 NaN NaN NaN 171.53513 -109.34904 -4.71789 270.04663 -181.67575 -37.63866 NaN NaN NaN 68.73711 -116.92513 -7.78940 -20.47090 -192.13354 -66.21039
28454 2.19961 NaN NaN NaN 171.52553 -109.35885 -4.70849 270.03024 -181.66724 -37.60324 NaN NaN NaN 68.71401 -116.91089 -7.80279 -20.48223 -192.12126 -66.28427
28455 2.20795 NaN NaN NaN 171.50052 -109.34175 -4.72901 270.01361 -181.66008 -37.61190 NaN NaN NaN 68.72362 -116.91503 -7.82622 -20.50179 -192.12430 -66.30857
28456 2.21630 NaN NaN NaN 171.46591 -109.34017 -4.73576 269.98911 -181.64581 -37.57832 NaN NaN NaN 68.69990 -116.88148 -7.86656 -20.52125 -192.11858 -66.31679
28457 2.22465 NaN NaN NaN 171.43626 -109.30270 -4.74652 269.94006 -181.60661 -37.53865 NaN NaN NaN 68.68700 -116.84652 -7.91698 -20.53813 -192.11290 -66.33860
28458 2.23299 NaN NaN NaN 171.36385 -109.30415 -4.76128 269.88641 -181.56807 -37.48556 NaN NaN NaN 68.66811 -116.84246 -7.94568 -20.55683 -192.10637 -66.34760
28459 2.24134 NaN NaN NaN 171.33633 -109.28046 -4.76784 269.85590 -181.53757 -37.43254 NaN NaN NaN 68.64346 -116.80495 -7.99792 -20.57342 -192.09155 -66.35770
28460 2.24969 NaN NaN NaN 171.28128 -109.20999 -4.77553 269.81665 -181.50124 -37.36982 NaN NaN NaN 68.62157 -116.76508 -8.04059 -20.59590 -192.06232 -66.36949
28461 2.25803 NaN NaN NaN 171.22636 -109.14381 -4.77525 269.79691 -181.45822 -37.33945 NaN NaN NaN 68.59449 -116.69872 -8.05794 -20.61272 -192.01828 -66.40435
28462 2.26638 NaN NaN NaN 171.18489 -109.09843 -4.78526 269.78262 -181.45575 -37.27676 NaN NaN NaN 68.58104 -116.65282 -8.09593 -20.64306 -191.97279 -66.42076
28463 2.27473 NaN NaN NaN 171.17239 -109.06427 -4.78295 269.77151 -181.43254 -37.28339 NaN NaN NaN 68.58506 -116.58534 -8.09379 -20.66172 -191.93294 -66.42602
28464 2.28307 NaN NaN NaN 171.15326 -109.03680 -4.78386 269.74396 -181.40851 -37.24693 NaN NaN NaN 68.58778 -116.57521 -8.12656 -20.65150 -191.88316 -66.45254
28465 2.29142 NaN NaN NaN 171.15262 -108.96554 -4.75571 269.73532 -181.41547 -37.23633 NaN NaN NaN 68.57620 -116.55112 -8.15325 -20.65654 -191.82368 -66.49021
28466 2.29977 NaN NaN NaN 171.15526 -108.97266 -4.77965 269.72894 -181.41087 -37.22737 NaN NaN NaN 68.56994 -116.52769 -8.17342 -20.66371 -191.78091 -66.49813
28467 2.30811 NaN NaN NaN 171.17291 -108.98096 -4.76747 269.73807 -181.40411 -37.24352 NaN NaN NaN 68.56382 -116.50511 -8.20154 -20.68180 -191.73128 -66.50134
28468 2.31646 NaN NaN NaN 171.19936 -109.00254 -4.77398 269.73688 -181.40233 -37.27774 NaN NaN NaN 68.57768 -116.45540 -8.21958 -20.69489 -191.71213 -66.49934
28469 2.32481 NaN NaN NaN 171.20004 -109.01762 -4.74411 269.75388 -181.42801 -37.28193 NaN NaN NaN 68.59159 -116.44563 -8.24384 -20.68984 -191.69345 -66.51338
28470 2.33315 NaN NaN NaN 171.22086 -109.04164 -4.74421 269.74899 -181.45337 -37.33820 NaN NaN NaN 68.56715 -116.43745 -8.25334 -20.70417 -191.68658 -66.52235
28471 2.34150 NaN NaN NaN 171.23431 -109.06033 -4.71579 269.76135 -181.46495 -37.37682 NaN NaN NaN 68.57820 -116.43694 -8.28403 -20.69429 -191.66754 -66.51295
28472 2.34985 NaN NaN NaN 171.26929 -109.10977 -4.71267 269.75961 -181.48201 -37.37703 NaN NaN NaN 68.59252 -116.43002 -8.29552 -20.72687 -191.64760 -66.51054
28473 2.35819 NaN NaN NaN 171.32014 -109.09537 -4.69792 269.76379 -181.50447 -37.41067 NaN NaN NaN 68.59878 -116.43094 -8.31684 -20.71636 -191.64766 -66.50836
28474 2.36654 NaN NaN NaN 171.31712 -109.15359 -4.71340 269.75610 -181.52530 -37.43285 NaN NaN NaN 68.59273 -116.44889 -8.31707 -20.74120 -191.65193 -66.50588
28475 2.37489 NaN NaN NaN 171.30251 -109.17887 -4.74114 269.75797 -181.51056 -37.45196 NaN NaN NaN 68.60718 -116.44451 -8.31631 -20.73281 -191.66576 -66.50432
28476 2.38323 NaN NaN NaN 171.29416 -109.16105 -4.74274 269.75085 -181.52536 -37.44579 NaN NaN NaN 68.61911 -116.44115 -8.32410 -20.74354 -191.67244 -66.49574
28477 2.39158 NaN NaN NaN 171.29816 -109.16000 -4.76247 269.76245 -181.51645 -37.46063 NaN NaN NaN 68.61984 -116.43942 -8.35043 -20.73261 -191.68674 -66.47194
28478 2.39992 NaN NaN NaN 171.29051 -109.13989 -4.78350 269.75385 -181.52888 -37.44234 NaN NaN NaN 68.62874 -116.42447 -8.35115 -20.71849 -191.71877 -66.43565
28479 2.40827 NaN NaN NaN 171.29620 -109.12370 -4.79319 269.75717 -181.50716 -37.45488 NaN NaN NaN 68.64605 -116.41719 -8.35725 -20.70263 -191.73196 -66.37127
28480 2.41662 NaN NaN NaN 171.27979 -109.11579 -4.79032 269.76453 -181.51628 -37.40947 NaN NaN NaN 68.66545 -116.44205 -8.33353 -20.70716 -191.79590 -66.33141
28481 2.42496 NaN NaN NaN 171.29071 -109.11768 -4.78562 269.77618 -181.50868 -37.43910 NaN NaN NaN 68.65676 -116.44107 -8.34687 -20.67764 -191.84673 -66.25919
28482 2.43331 NaN NaN NaN 171.29422 -109.12430 -4.79492 269.78299 -181.51633 -37.41065 NaN NaN NaN 68.65990 -116.47008 -8.29695 -20.68995 -191.87733 -66.23707
28483 2.44166 NaN NaN NaN 171.31332 -109.11894 -4.79216 269.80054 -181.49258 -37.40341 NaN NaN NaN 68.66237 -116.48997 -8.27814 -20.68530 -191.90079 -66.18910
28484 2.45000 NaN NaN NaN 171.30432 -109.10536 -4.78492 269.79123 -181.50671 -37.37941 NaN NaN NaN 68.66813 -116.52476 -8.24091 -20.69965 -191.93343 -66.14774
28485 2.45835 NaN NaN NaN 171.31052 -109.11546 -4.78326 269.81006 -181.49252 -37.39063 NaN NaN NaN 68.66027 -116.55008 -8.21894 -20.69178 -191.97409 -66.11282
28486 2.46670 NaN NaN NaN 171.30290 -109.12654 -4.77416 269.80072 -181.48442 -37.39753 NaN NaN NaN 68.67923 -116.57658 -8.19825 -20.68267 -192.03072 -66.10506
28487 2.47504 NaN NaN NaN 171.29343 -109.15440 -4.76751 269.81277 -181.48364 -37.39447 NaN NaN NaN 68.68160 -116.60290 -8.21313 -20.65784 -192.08057 -66.07540
28488 2.48339 NaN NaN NaN 171.27547 -109.16872 -4.75486 269.81613 -181.47667 -37.38488 NaN NaN NaN 68.69528 -116.62603 -8.20564 -20.65409 -192.09917 -66.06649
28489 2.49174 NaN NaN NaN 171.29089 -109.18512 -4.74854 269.82416 -181.48268 -37.39359 NaN NaN NaN 68.67920 -116.65619 -8.22163 -20.64390 -192.13184 -66.06615
28490 2.50008 NaN NaN NaN 171.27618 -109.17104 -4.74978 269.81256 -181.48418 -37.38541 NaN NaN NaN 68.66959 -116.67487 -8.21344 -20.64053 -192.15680 -66.08537
28491 2.50843 NaN NaN NaN 171.26805 -109.17056 -4.74790 269.82123 -181.47182 -37.38023 NaN NaN NaN 68.67070 -116.70042 -8.22038 -20.63968 -192.18077 -66.10154
28492 2.51678 NaN NaN NaN 171.26236 -109.17376 -4.75539 269.82513 -181.45418 -37.36877 NaN NaN NaN 68.68298 -116.71289 -8.22320 -20.63785 -192.19206 -66.10365
28493 2.52512 NaN NaN NaN 171.27435 -109.17414 -4.75359 269.83765 -181.46140 -37.35233 NaN NaN NaN 68.70646 -116.70954 -8.26436 -20.61911 -192.19954 -66.10858
28494 2.53347 NaN NaN NaN 171.26915 -109.17340 -4.74179 269.83942 -181.47537 -37.33640 NaN NaN NaN 68.69852 -116.70637 -8.27107 -20.60004 -192.17934 -66.10461
28495 2.54182 NaN NaN NaN 171.27910 -109.20155 -4.72463 269.83801 -181.49103 -37.33765 NaN NaN NaN 68.70623 -116.69344 -8.28425 -20.60420 -192.18137 -66.10953
28496 2.55016 NaN NaN NaN 171.30632 -109.21033 -4.71268 269.84933 -181.48816 -37.33767 NaN NaN NaN 68.72212 -116.69148 -8.27908 -20.60236 -192.16246 -66.11604
28497 2.55851 NaN NaN NaN 171.29611 -109.20138 -4.67893 269.84531 -181.49548 -37.34898 NaN NaN NaN 68.71836 -116.67559 -8.28116 -20.60859 -192.11191 -66.11085
28498 2.56686 NaN NaN NaN 171.31833 -109.21586 -4.66385 269.84518 -181.50330 -37.33563 NaN NaN NaN 68.72210 -116.66063 -8.27501 -20.61639 -192.10356 -66.10295
28499 2.57520 NaN NaN NaN 171.38098 -109.20019 -4.65726 269.85077 -181.52414 -37.35398 NaN NaN NaN 68.74256 -116.63871 -8.27437 -20.62052 -192.08017 -66.08297
28500 2.58355 NaN NaN NaN 171.36166 -109.20872 -4.66154 269.84900 -181.53867 -37.34983 NaN NaN NaN 68.76512 -116.59839 -8.20806 -20.60942 -192.04558 -66.03936
28501 2.59190 NaN NaN NaN 171.37338 -109.21256 -4.65479 269.85632 -181.55177 -37.36829 NaN NaN NaN 68.77813 -116.56764 -8.23137 -20.61691 -192.00285 -66.00851
28502 2.60024 NaN NaN NaN 171.38379 -109.24412 -4.66138 269.85614 -181.56502 -37.38280 NaN NaN NaN 68.77225 -116.52196 -8.24113 -20.63612 -191.94005 -65.98247
28503 2.60859 NaN NaN NaN 171.39848 -109.23869 -4.64627 269.85242 -181.57520 -37.43472 NaN NaN NaN 68.77038 -116.48208 -8.23407 -20.63577 -191.91190 -65.95541
28504 2.61694 NaN NaN NaN 171.41060 -109.27325 -4.66076 269.85635 -181.58116 -37.44597 NaN NaN NaN 68.77254 -116.44051 -8.22575 -20.62994 -191.87488 -65.95081
28505 2.62528 NaN NaN NaN 171.41052 -109.26730 -4.66739 269.86896 -181.60497 -37.50036 NaN NaN NaN 68.77600 -116.42158 -8.21687 -20.63217 -191.86263 -65.92943
28506 2.63363 NaN NaN NaN 171.41129 -109.26072 -4.64793 269.85825 -181.59814 -37.50720 NaN NaN NaN 68.77371 -116.43893 -8.21238 -20.64494 -191.85229 -65.90454
28507 2.64198 NaN NaN NaN 171.43834 -109.22475 -4.63961 269.86914 -181.61359 -37.53041 NaN NaN NaN 68.77166 -116.44889 -8.19500 -20.66600 -191.85930 -65.89752
28508 2.65032 NaN NaN NaN 171.42815 -109.24331 -4.63529 269.87177 -181.62321 -37.55189 NaN NaN NaN 68.76630 -116.45857 -8.19987 -20.66166 -191.86304 -65.90457
28509 2.65867 NaN NaN NaN 171.43022 -109.25197 -4.65514 269.87753 -181.60860 -37.57456 NaN NaN NaN 68.76401 -116.46272 -8.17483 -20.66924 -191.86537 -65.91053
28510 2.66701 NaN NaN NaN 171.41568 -109.26823 -4.66975 269.86310 -181.60097 -37.56152 NaN NaN NaN 68.76172 -116.46438 -8.20087 -20.66483 -191.86615 -65.91670
28511 2.67536 NaN NaN NaN 171.44475 -109.23228 -4.65581 269.86996 -181.59030 -37.55630 NaN NaN NaN 68.75912 -116.46767 -8.21283 -20.66283 -191.88225 -65.91798
28512 2.68371 NaN NaN NaN 171.42606 -109.24784 -4.67442 269.85886 -181.59816 -37.53946 NaN NaN NaN 68.75957 -116.48254 -8.22213 -20.65808 -191.89723 -65.92471
28513 2.69205 NaN NaN NaN 171.41617 -109.23305 -4.67640 269.86462 -181.57155 -37.53294 NaN NaN NaN 68.75851 -116.48618 -8.21494 -20.65394 -191.92506 -65.94318
28514 2.70040 NaN NaN NaN 171.40521 -109.24505 -4.70032 269.86276 -181.55795 -37.49529 NaN NaN NaN 68.74551 -116.48707 -8.21615 -20.64819 -191.93480 -65.96597
28515 2.70875 NaN NaN NaN 171.42081 -109.19926 -4.71575 269.86615 -181.54112 -37.46575 NaN NaN NaN 68.73986 -116.50080 -8.22597 -20.63747 -191.95184 -65.98327
28516 2.71709 NaN NaN NaN 171.38577 -109.18147 -4.72075 269.85941 -181.50858 -37.42035 NaN NaN NaN 68.73717 -116.50047 -8.23585 -20.63397 -191.96957 -66.02834
28517 2.72544 NaN NaN NaN 171.38109 -109.15224 -4.73118 269.88693 -181.49615 -37.38636 NaN NaN NaN 68.73834 -116.53334 -8.25159 -20.62574 -192.01135 -66.04674
28518 2.73379 NaN NaN NaN 171.36763 -109.11910 -4.72906 269.86722 -181.45807 -37.37969 NaN NaN NaN 68.73862 -116.55597 -8.26100 -20.60324 -192.03209 -66.06142
28519 2.74213 NaN NaN NaN 171.38881 -109.09880 -4.73956 269.86719 -181.45050 -37.36768 NaN NaN NaN 68.75140 -116.58069 -8.27452 -20.60403 -192.07364 -66.08809
28520 2.75048 NaN NaN NaN 171.36774 -109.08512 -4.75844 269.88107 -181.42905 -37.34755 NaN NaN NaN 68.76578 -116.61162 -8.27274 -20.57857 -192.09373 -66.10642
28521 2.75883 NaN NaN NaN 171.37396 -109.09738 -4.76331 269.89026 -181.43124 -37.33020 NaN NaN NaN 68.76348 -116.62516 -8.28671 -20.58558 -192.08910 -66.12692
28522 2.76717 NaN NaN NaN 171.38206 -109.10619 -4.73911 269.89365 -181.42101 -37.32462 NaN NaN NaN 68.77135 -116.62498 -8.30731 -20.58424 -192.09018 -66.14285
28523 2.77552 NaN NaN NaN 171.39366 -109.09910 -4.71956 269.92435 -181.45259 -37.31180 NaN NaN NaN 68.77251 -116.63200 -8.31935 -20.57098 -192.09483 -66.15273
28524 2.78387 NaN NaN NaN 171.39107 -109.12206 -4.72592 269.91278 -181.44664 -37.31115 NaN NaN NaN 68.80966 -116.63365 -8.30518 -20.56054 -192.10799 -66.18175
28525 2.79221 NaN NaN NaN 171.41452 -109.11617 -4.71678 269.91876 -181.45139 -37.32319 NaN NaN NaN 68.78705 -116.61932 -8.33011 -20.55140 -192.08572 -66.18713
28526 2.80056 NaN NaN NaN 171.41638 -109.11342 -4.72233 269.92044 -181.45714 -37.31666 NaN NaN NaN 68.81065 -116.61097 -8.33268 -20.54790 -192.07829 -66.21497
28527 2.80891 NaN NaN NaN 171.42326 -109.10560 -4.73538 269.92816 -181.46631 -37.31792 NaN NaN NaN 68.80747 -116.60003 -8.32244 -20.55739 -192.03857 -66.20810
28528 2.81725 NaN NaN NaN 171.41638 -109.12978 -4.72952 269.92264 -181.47339 -37.31280 NaN NaN NaN 68.82570 -116.58845 -8.34998 -20.55237 -191.98560 -66.22646
28529 2.82560 NaN NaN NaN 171.43367 -109.12965 -4.72252 269.94318 -181.47423 -37.34188 NaN NaN NaN 68.83000 -116.56924 -8.34321 -20.54466 -191.92738 -66.20354
28530 2.83395 NaN NaN NaN 171.44518 -109.13789 -4.70132 269.92014 -181.49283 -37.33517 NaN NaN NaN 68.84112 -116.53720 -8.32339 -20.55173 -191.89560 -66.20550
28531 2.84229 NaN NaN NaN 171.45132 -109.13839 -4.68462 269.93500 -181.52124 -37.35661 NaN NaN NaN 68.81555 -116.47984 -8.35410 -20.54791 -191.87346 -66.18892
28532 2.85064 NaN NaN NaN 171.44518 -109.16451 -4.67794 269.92865 -181.54123 -37.36044 NaN NaN NaN 68.83768 -116.44476 -8.33394 -20.56092 -191.84973 -66.16991
28533 2.85899 NaN NaN NaN 171.45779 -109.14972 -4.65885 269.94586 -181.56874 -37.35349 NaN NaN NaN 68.81590 -116.40021 -8.33919 -20.56377 -191.82425 -66.17009
28534 2.86733 NaN NaN NaN 171.45409 -109.14320 -4.65685 269.92807 -181.56180 -37.36012 NaN NaN NaN 68.83272 -116.37693 -8.30560 -20.58025 -191.80307 -66.13171
28535 2.87568 NaN NaN NaN 171.45358 -109.13397 -4.64777 269.91537 -181.56201 -37.35522 NaN NaN NaN 68.82529 -116.34637 -8.29099 -20.60302 -191.75648 -66.09423
28536 2.88403 NaN NaN NaN 171.45506 -109.13441 -4.63316 269.89230 -181.56538 -37.34969 NaN NaN NaN 68.82549 -116.33256 -8.25281 -20.60437 -191.74767 -66.06261
28537 2.89237 NaN NaN NaN 171.44807 -109.11430 -4.63195 269.89005 -181.57112 -37.35222 NaN NaN NaN 68.81332 -116.32187 -8.24307 -20.62060 -191.75301 -66.03156
28538 2.90072 NaN NaN NaN 171.45483 -109.12457 -4.61731 269.87378 -181.55663 -37.35223 NaN NaN NaN 68.78764 -116.34380 -8.24089 -20.63700 -191.77277 -66.02419
28539 2.90906 NaN NaN NaN 171.44145 -109.11011 -4.62580 269.86044 -181.55809 -37.37291 NaN NaN NaN 68.77679 -116.34554 -8.22989 -20.64556 -191.78111 -65.98773
28540 2.91741 NaN NaN NaN 171.41747 -109.13068 -4.65786 269.83997 -181.55615 -37.38499 NaN NaN NaN 68.75523 -116.35912 -8.21998 -20.66181 -191.78328 -65.97020
28541 2.92576 NaN NaN NaN 171.42061 -109.11751 -4.66953 269.82709 -181.55269 -37.38238 NaN NaN NaN 68.74969 -116.38225 -8.21359 -20.67305 -191.78177 -65.97254
28542 2.93410 NaN NaN NaN 171.37804 -109.11201 -4.67845 269.82208 -181.54506 -37.37259 NaN NaN NaN 68.73112 -116.38730 -8.20615 -20.67662 -191.79254 -65.96889
28543 2.94245 NaN NaN NaN 171.38046 -109.10844 -4.68788 269.81750 -181.52049 -37.36539 NaN NaN NaN 68.73737 -116.40543 -8.21266 -20.67699 -191.80472 -65.97500
28544 2.95080 NaN NaN NaN 171.35414 -109.11359 -4.68921 269.80334 -181.50934 -37.37337 NaN NaN NaN 68.72969 -116.40647 -8.21133 -20.67469 -191.83002 -65.98291
28545 2.95914 NaN NaN NaN 171.33136 -109.09354 -4.69157 269.80240 -181.49736 -37.37526 NaN NaN NaN 68.71643 -116.41241 -8.21358 -20.68502 -191.84506 -65.98186
28546 2.96749 NaN NaN NaN 171.31943 -109.10715 -4.71839 269.78845 -181.50148 -37.36829 NaN NaN NaN 68.70211 -116.43391 -8.20819 -20.67879 -191.88448 -65.98549
28547 2.97584 NaN NaN NaN 171.31900 -109.08176 -4.69566 269.79465 -181.46204 -37.35199 NaN NaN NaN 68.70710 -116.45725 -8.19282 -20.67309 -191.90292 -65.98394
28548 2.98418 NaN NaN NaN 171.29979 -109.07850 -4.70284 269.79620 -181.43073 -37.34756 NaN NaN NaN 68.69682 -116.45351 -8.19514 -20.67070 -191.91316 -65.97945
28549 2.99253 NaN NaN NaN 171.28670 -109.05800 -4.67418 269.79419 -181.42216 -37.33773 NaN NaN NaN 68.69301 -116.46147 -8.18188 -20.67695 -191.91566 -65.97419
28550 3.00088 NaN NaN NaN 171.29434 -108.99958 -4.67820 269.77701 -181.42311 -37.32089 NaN NaN NaN 68.68771 -116.47325 -8.18055 -20.67308 -191.92668 -65.97806
28551 3.00922 NaN NaN NaN 171.30791 -108.98927 -4.68660 269.78015 -181.40939 -37.33429 NaN NaN NaN 68.69045 -116.47870 -8.17851 -20.68466 -191.94450 -65.98237
28552 3.01757 NaN NaN NaN 171.27005 -108.98051 -4.70198 269.78149 -181.40755 -37.30973 NaN NaN NaN 68.69012 -116.49984 -8.16664 -20.67457 -191.95633 -65.98188
28553 3.02592 NaN NaN NaN 171.28320 -108.96381 -4.69052 269.78012 -181.39777 -37.30252 NaN NaN NaN 68.67716 -116.48094 -8.16507 -20.67843 -191.96498 -65.97924
28554 3.03426 NaN NaN NaN 171.24963 -108.98175 -4.66796 269.78659 -181.39365 -37.30246 NaN NaN NaN 68.67578 -116.47734 -8.17283 -20.67250 -191.95055 -65.98260
28555 3.04261 NaN NaN NaN 171.25517 -108.98544 -4.67005 269.78424 -181.38503 -37.30700 NaN NaN NaN 68.67071 -116.46902 -8.17806 -20.67958 -191.94537 -65.99050
28556 3.05096 NaN NaN NaN 171.26488 -108.99798 -4.66175 269.78018 -181.37567 -37.30528 NaN NaN NaN 68.65736 -116.46597 -8.18311 -20.69044 -191.91403 -66.00412
28557 3.05930 NaN NaN NaN 171.28600 -108.94764 -4.68445 269.77341 -181.38109 -37.30976 NaN NaN NaN 68.66770 -116.45911 -8.17747 -20.70735 -191.89761 -66.03264
28558 3.06765 NaN NaN NaN 171.27898 -108.95693 -4.67626 269.76166 -181.38567 -37.28405 NaN NaN NaN 68.66070 -116.44017 -8.19906 -20.70476 -191.88020 -66.01866
28559 3.07600 NaN NaN NaN 171.28435 -108.93954 -4.68285 269.77884 -181.40030 -37.31144 NaN NaN NaN 68.66497 -116.43488 -8.18362 -20.71042 -191.86734 -66.03371
28560 3.08434 NaN NaN NaN 171.28978 -108.98713 -4.65429 269.77036 -181.41881 -37.31847 NaN NaN NaN 68.65633 -116.42781 -8.18441 -20.71378 -191.85757 -66.01631
28561 3.09269 NaN NaN NaN 171.30350 -109.01485 -4.65128 269.77872 -181.40852 -37.34721 NaN NaN NaN 68.65468 -116.42516 -8.17934 -20.71306 -191.84169 -66.01793
28562 3.10104 NaN NaN NaN 171.33449 -109.06500 -4.63157 269.79684 -181.41463 -37.36501 NaN NaN NaN 68.66225 -116.42226 -8.17816 -20.70374 -191.84042 -66.01695
28563 3.10938 NaN NaN NaN 171.36813 -109.03552 -4.64748 269.80890 -181.43777 -37.38949 NaN NaN NaN 68.67780 -116.41390 -8.16916 -20.70192 -191.82671 -66.03358
28564 3.11773 NaN NaN NaN 171.36197 -109.08546 -4.62642 269.80099 -181.49384 -37.40173 NaN NaN NaN 68.67384 -116.42490 -8.17192 -20.69655 -191.82274 -66.00774
28565 3.12608 NaN NaN NaN 171.38756 -109.10854 -4.61919 269.81686 -181.51237 -37.44452 NaN NaN NaN 68.68489 -116.41583 -8.15229 -20.69576 -191.81403 -65.99759
28566 3.13442 NaN NaN NaN 171.40265 -109.15301 -4.59706 269.82422 -181.54311 -37.45189 NaN NaN NaN 68.67544 -116.41142 -8.16445 -20.69002 -191.80879 -65.98592
28567 3.14277 NaN NaN NaN 171.41656 -109.16364 -4.60882 269.83633 -181.54411 -37.49298 NaN NaN NaN 68.68620 -116.40842 -8.14883 -20.69059 -191.81032 -65.95451
28568 3.15112 NaN NaN NaN 171.43727 -109.17272 -4.60363 269.84506 -181.55641 -37.49917 NaN NaN NaN 68.68972 -116.42343 -8.16056 -20.67669 -191.82448 -65.96484
28569 3.15946 NaN NaN NaN 171.46265 -109.11957 -4.61105 269.88492 -181.58458 -37.52512 NaN NaN NaN 68.70457 -116.42405 -8.14812 -20.66996 -191.84201 -65.95354
28570 3.16781 NaN NaN NaN 171.47835 -109.13866 -4.58827 269.89050 -181.59435 -37.50446 NaN NaN NaN 68.69963 -116.43856 -8.16173 -20.65898 -191.86899 -65.94247
28571 3.17615 NaN NaN NaN 171.49768 -109.14629 -4.56969 269.90961 -181.62863 -37.51937 NaN NaN NaN 68.71287 -116.43947 -8.13927 -20.65920 -191.89236 -65.94408
28572 3.18450 NaN NaN NaN 171.49323 -109.19910 -4.56623 269.91022 -181.63510 -37.52334 NaN NaN NaN 68.70659 -116.47057 -8.15242 -20.65172 -191.91031 -65.95356
28573 3.19285 NaN NaN NaN 171.51416 -109.21520 -4.56243 269.92026 -181.66142 -37.51421 NaN NaN NaN 68.70857 -116.49319 -8.15456 -20.64885 -191.92577 -65.95171
28574 3.20119 NaN NaN NaN 171.50903 -109.25053 -4.56972 269.94073 -181.67076 -37.50935 NaN NaN NaN 68.71550 -116.53748 -8.17562 -20.64925 -191.93883 -65.96460
28575 3.20954 NaN NaN NaN 171.51891 -109.27305 -4.58384 269.95258 -181.69122 -37.51398 NaN NaN NaN 68.73145 -116.56353 -8.16481 -20.64275 -191.98143 -65.97444
28576 3.21789 NaN NaN NaN 171.52879 -109.29084 -4.59173 269.95886 -181.70444 -37.52819 NaN NaN NaN 68.74514 -116.58842 -8.16481 -20.64649 -191.99437 -66.00674
28577 3.22623 NaN NaN NaN 171.54425 -109.29686 -4.57576 269.95068 -181.70248 -37.54184 NaN NaN NaN 68.74885 -116.61009 -8.18497 -20.64633 -192.03189 -66.02843
28578 3.23458 NaN NaN NaN 171.53006 -109.32769 -4.56882 269.97763 -181.71375 -37.53647 NaN NaN NaN 68.73755 -116.62697 -8.18889 -20.63409 -192.07132 -66.03710
28579 3.24293 NaN NaN NaN 171.55873 -109.31723 -4.56068 269.99197 -181.71783 -37.53550 NaN NaN NaN 68.75455 -116.64581 -8.18911 -20.61788 -192.10088 -66.05342
28580 3.25127 NaN NaN NaN 171.58440 -109.33392 -4.53890 269.99838 -181.71642 -37.53617 NaN NaN NaN 68.74844 -116.64958 -8.19366 -20.60451 -192.09618 -66.05190
28581 3.25962 NaN NaN NaN 171.61122 -109.29714 -4.53899 269.98825 -181.71846 -37.54634 NaN NaN NaN 68.75716 -116.65015 -8.18625 -20.60281 -192.10583 -66.06115
28582 3.26797 NaN NaN NaN 171.60905 -109.31608 -4.52010 269.99216 -181.71944 -37.55350 NaN NaN NaN 68.75293 -116.66116 -8.17202 -20.61630 -192.11317 -66.07240
28583 3.27631 NaN NaN NaN 171.61819 -109.30979 -4.50408 269.99927 -181.72496 -37.57492 NaN NaN NaN 68.74943 -116.64146 -8.16324 -20.60272 -192.11075 -66.06503
28584 3.28466 NaN NaN NaN 171.62589 -109.33394 -4.48801 270.01221 -181.72870 -37.56762 NaN NaN NaN 68.74601 -116.62972 -8.14980 -20.59255 -192.09846 -66.01484
28585 3.29301 NaN NaN NaN 171.65073 -109.29649 -4.44145 270.00525 -181.70996 -37.59735 NaN NaN NaN 68.72968 -116.60226 -8.14669 -20.60361 -192.09167 -66.03178
28586 3.30135 NaN NaN NaN 171.65930 -109.28099 -4.44410 270.00464 -181.69714 -37.59041 NaN NaN NaN 68.73148 -116.58853 -8.13857 -20.60994 -192.06468 -66.02779
28587 3.30970 NaN NaN NaN 171.68198 -109.26118 -4.43088 270.00522 -181.69080 -37.61992 NaN NaN NaN 68.71091 -116.55622 -8.13848 -20.61263 -192.03212 -66.01572
28588 3.31805 NaN NaN NaN 171.66295 -109.28597 -4.41230 270.01691 -181.67987 -37.59730 NaN NaN NaN 68.68954 -116.53432 -8.15070 -20.61416 -191.97928 -66.03790
28589 3.32639 NaN NaN NaN 171.66277 -109.31920 -4.39036 270.01791 -181.68019 -37.62172 NaN NaN NaN 68.68876 -116.49303 -8.12189 -20.61736 -191.98792 -66.02622
28590 3.33474 NaN NaN NaN 171.66904 -109.31171 -4.39149 270.00397 -181.68059 -37.59138 NaN NaN NaN 68.66865 -116.49816 -8.12561 -20.63528 -191.97011 -66.00906
28591 3.34309 NaN NaN NaN 171.67892 -109.24248 -4.40044 269.99536 -181.67863 -37.60957 NaN NaN NaN 68.68124 -116.48902 -8.11021 -20.65827 -191.95703 -66.02334
28592 3.35143 NaN NaN NaN 171.67427 -109.24361 -4.39092 269.99377 -181.65852 -37.60743 NaN NaN NaN 68.66441 -116.49809 -8.12890 -20.65866 -191.92764 -66.03627
28593 3.35978 NaN NaN NaN 171.68614 -109.20480 -4.36427 270.01324 -181.68336 -37.61968 NaN NaN NaN 68.66669 -116.50285 -8.10811 -20.64773 -191.90913 -66.04557
