Frame# Time LH1 LH2 LH3 RH1 RH2 RH3
X54 Y54 Z54 X55 Y55 Z55 X56 Y56 Z56 X57 Y57 Z57 X58 Y58 Z58 X59 Y59 Z59
19859 0.00366 NaN NaN NaN 162.49037 -106.17078 0.56837 255.83684 -175.74014 -49.02760 NaN NaN NaN 77.23168 -111.13465 -27.65874 -26.92158 -184.65318 -55.54420
19860 0.01201 NaN NaN NaN 162.48842 -106.14856 0.57247 255.82315 -175.74561 -49.01411 NaN NaN NaN 77.23837 -111.11823 -27.63465 -26.93517 -184.64232 -55.54288
19861 0.02036 NaN NaN NaN 162.47849 -106.13348 0.56857 255.82372 -175.71654 -49.02269 NaN NaN NaN 77.25366 -111.09775 -27.60769 -26.91756 -184.60023 -55.53449
19862 0.02870 NaN NaN NaN 162.48235 -106.13445 0.56028 255.81114 -175.71063 -48.98468 NaN NaN NaN 77.26651 -111.06675 -27.57366 -26.88680 -184.56154 -55.52193
19863 0.03705 NaN NaN NaN 162.47318 -106.12988 0.56857 255.79616 -175.68102 -48.97348 NaN NaN NaN 77.26604 -111.03586 -27.52852 -26.88734 -184.52692 -55.51564
19864 0.04540 NaN NaN NaN 162.46123 -106.12661 0.55840 255.80478 -175.69455 -48.97910 NaN NaN NaN 77.26611 -111.01047 -27.50081 -26.86650 -184.50441 -55.51424
19865 0.05374 NaN NaN NaN 162.44977 -106.12434 0.55152 255.78865 -175.67064 -48.99125 NaN NaN NaN 77.29042 -110.96327 -27.48320 -26.85301 -184.43884 -55.49693
19866 0.06209 NaN NaN NaN 162.42081 -106.11327 0.54506 255.76909 -175.66435 -48.97873 NaN NaN NaN 77.28548 -110.93738 -27.45682 -26.79124 -184.40445 -55.44510
19867 0.07044 NaN NaN NaN 162.41924 -106.09407 0.54129 255.76935 -175.64548 -48.96585 NaN NaN NaN 77.26141 -110.91517 -27.40666 -26.77211 -184.36618 -55.41779
19868 0.07878 NaN NaN NaN 162.40137 -106.06689 0.50307 255.76399 -175.65794 -48.95792 NaN NaN NaN 77.25571 -110.90437 -27.32039 -26.76717 -184.33141 -55.39901
19869 0.08713 NaN NaN NaN 162.39389 -106.05866 0.51083 255.75061 -175.61298 -48.96280 NaN NaN NaN 77.26694 -110.87194 -27.26909 -26.76113 -184.30978 -55.39244
19870 0.09548 NaN NaN NaN 162.37057 -106.05632 0.48468 255.74077 -175.61009 -48.93341 NaN NaN NaN 77.26857 -110.86578 -27.17717 -26.73376 -184.28334 -55.41301
19871 0.10382 NaN NaN NaN 162.36198 -106.03187 0.49086 255.72888 -175.59909 -48.92548 NaN NaN NaN 77.24901 -110.83773 -27.13942 -26.76899 -184.25800 -55.42043
19872 0.11217 NaN NaN NaN 162.33937 -106.00256 0.45557 255.70848 -175.58188 -48.91228 NaN NaN NaN 77.22640 -110.82697 -27.11298 -26.80627 -184.23544 -55.43924
19873 0.12052 NaN NaN NaN 162.31158 -105.95250 0.44501 255.69673 -175.58023 -48.90364 NaN NaN NaN 77.23530 -110.83857 -27.07193 -26.80580 -184.20638 -55.47239
19874 0.12886 NaN NaN NaN 162.29343 -105.94529 0.43729 255.68832 -175.57475 -48.89745 NaN NaN NaN 77.22015 -110.80522 -27.05021 -26.80108 -184.20830 -55.52066
19875 0.13721 NaN NaN NaN 162.26947 -105.90921 0.41981 255.67311 -175.54652 -48.88485 NaN NaN NaN 77.19362 -110.79082 -27.04887 -26.81398 -184.17902 -55.57292
19876 0.14556 NaN NaN NaN 162.23677 -105.91911 0.39913 255.65628 -175.51749 -48.87249 NaN NaN NaN 77.19158 -110.80246 -27.04096 -26.87161 -184.14114 -55.65483
19877 0.15390 NaN NaN NaN 162.20804 -105.90483 0.39670 255.65392 -175.50642 -48.86411 NaN NaN NaN 77.19469 -110.77874 -27.06109 -26.89228 -184.11598 -55.66932
19878 0.16225 NaN NaN NaN 162.18019 -105.90781 0.37928 255.63776 -175.48973 -48.83860 NaN NaN NaN 77.16193 -110.72060 -27.05853 -26.91083 -184.07646 -55.77444
19879 0.17060 NaN NaN NaN 162.16342 -105.89734 0.38096 255.62718 -175.49150 -48.84367 NaN NaN NaN 77.16779 -110.68119 -27.07668 -26.90113 -184.03609 -55.86898
19880 0.17894 NaN NaN NaN 162.16335 -105.89596 0.37596 255.60974 -175.49768 -48.80989 NaN NaN NaN 77.15145 -110.68456 -27.10722 -26.86916 -183.99762 -55.95891
19881 0.18729 NaN NaN NaN 162.13048 -105.89608 0.35951 255.60147 -175.48540 -48.78560 NaN NaN NaN 77.14958 -110.67771 -27.10548 -26.87827 -183.97165 -56.01797
19882 0.19564 NaN NaN NaN 162.09955 -105.89848 0.35146 255.59460 -175.47353 -48.78708 NaN NaN NaN 77.14667 -110.69366 -27.10880 -26.87679 -183.97586 -56.10803
19883 0.20398 NaN NaN NaN 162.08644 -105.88092 0.34001 255.57843 -175.45479 -48.75906 NaN NaN NaN 77.14517 -110.70325 -27.11039 -26.88880 -183.96066 -56.19218
19884 0.21233 NaN NaN NaN 162.04672 -105.88345 0.32439 255.56822 -175.46382 -48.72065 NaN NaN NaN 77.13239 -110.74664 -27.12312 -26.86026 -183.95633 -56.29207
19885 0.22068 NaN NaN NaN 162.00410 -105.87072 0.32650 255.56468 -175.46973 -48.71013 NaN NaN NaN 77.10855 -110.79137 -27.12716 -26.87564 -183.93813 -56.36208
19886 0.22902 NaN NaN NaN 161.98006 -105.85330 0.33354 255.55057 -175.48979 -48.69316 NaN NaN NaN 77.10193 -110.82526 -27.08695 -26.89124 -183.89684 -56.46376
19887 0.23737 NaN NaN NaN 161.94804 -105.85751 0.31581 255.54407 -175.50732 -48.65627 NaN NaN NaN 77.07462 -110.87755 -27.07505 -26.94016 -183.85136 -56.59475
19888 0.24571 NaN NaN NaN 161.92636 -105.84111 0.32050 255.52908 -175.51794 -48.62017 NaN NaN NaN 77.03818 -110.93533 -27.03794 -27.00115 -183.80725 -56.79623
19889 0.25406 NaN NaN NaN 161.88132 -105.83387 0.31461 255.50288 -175.52379 -48.58916 NaN NaN NaN 77.00675 -110.99269 -26.97087 -27.03117 -183.76805 -56.99555
19890 0.26241 NaN NaN NaN 161.84230 -105.81569 0.31475 255.48004 -175.52983 -48.53632 NaN NaN NaN 76.93482 -111.09921 -26.91533 -27.07412 -183.74567 -57.18813
19891 0.27075 NaN NaN NaN 161.81076 -105.78987 0.30520 255.45642 -175.54820 -48.47689 NaN NaN NaN 76.89027 -111.22839 -26.86868 -27.15244 -183.73428 -57.35451
19892 0.27910 NaN NaN NaN 161.77443 -105.76072 0.29888 255.42354 -175.55363 -48.42274 NaN NaN NaN 76.83379 -111.28890 -26.82730 -27.22144 -183.69806 -57.54591
19893 0.28745 NaN NaN NaN 161.72287 -105.72751 0.29513 255.38364 -175.55022 -48.36878 NaN NaN NaN 76.77071 -111.34919 -26.79404 -27.28251 -183.69069 -57.77863
19894 0.29579 NaN NaN NaN 161.67635 -105.68912 0.26563 255.33879 -175.52589 -48.32549 NaN NaN NaN 76.70341 -111.42129 -26.74133 -27.32415 -183.69150 -58.04006
19895 0.30414 NaN NaN NaN 161.62276 -105.63283 0.26193 255.28749 -175.49355 -48.26091 NaN NaN NaN 76.63158 -111.55115 -26.61065 -27.38001 -183.64592 -58.29966
19896 0.31249 NaN NaN NaN 161.55563 -105.65279 0.27096 255.24469 -175.45447 -48.21009 NaN NaN NaN 76.54669 -111.68270 -26.53080 -27.47189 -183.57947 -58.62672
19897 0.32083 NaN NaN NaN 161.48868 -105.63658 0.28144 255.22737 -175.45621 -48.12717 NaN NaN NaN 76.45784 -111.81734 -26.40163 -27.51228 -183.51877 -58.95496
19898 0.32918 NaN NaN NaN 161.42192 -105.63330 0.28300 255.19566 -175.44604 -48.08196 NaN NaN NaN 76.36828 -111.97482 -26.27061 -27.63079 -183.45337 -59.37566
19899 0.33753 NaN NaN NaN 161.37106 -105.58730 0.27176 255.15167 -175.41690 -48.02596 NaN NaN NaN 76.25156 -112.15128 -26.11505 -27.73373 -183.35313 -59.81982
19900 0.34587 NaN NaN NaN 161.30664 -105.59335 0.27485 255.11192 -175.40672 -48.00787 NaN NaN NaN 76.14982 -112.32341 -25.95321 -27.80506 -183.24451 -60.29154
19901 0.35422 NaN NaN NaN 161.23494 -105.61023 0.27285 255.08502 -175.41339 -47.97106 NaN NaN NaN 76.01859 -112.44301 -25.79697 -27.82112 -183.13048 -60.84073
19902 0.36257 NaN NaN NaN 161.16797 -105.61800 0.26956 255.04948 -175.41142 -47.90394 NaN NaN NaN 75.90837 -112.56687 -25.63822 -27.90363 -183.00920 -61.39370
19903 0.37091 NaN NaN NaN 161.10669 -105.60458 0.24186 255.02991 -175.39325 -47.86616 NaN NaN NaN 75.79865 -112.74148 -25.58622 -28.00140 -182.90094 -61.97013
19904 0.37926 NaN NaN NaN 161.02559 -105.54871 0.19466 254.97777 -175.34439 -47.78123 NaN NaN NaN 75.68507 -112.91036 -25.54664 -28.06791 -182.81726 -62.50147
19905 0.38761 NaN NaN NaN 160.92702 -105.43535 0.10930 254.93478 -175.30605 -47.68613 NaN NaN NaN 75.58025 -113.05928 -25.53718 -28.12022 -182.72339 -63.02874
19906 0.39595 NaN NaN NaN 160.76891 -105.30329 -0.06661 254.88434 -175.22668 -47.57956 NaN NaN NaN 75.50801 -113.18089 -25.55172 -28.19508 -182.60887 -63.50122
19907 0.40430 NaN NaN NaN 160.61757 -105.16042 -0.21288 254.84070 -175.17828 -47.46165 NaN NaN NaN 75.37531 -113.31088 -25.59372 -28.27873 -182.49658 -64.03226
19908 0.41265 NaN NaN NaN 160.47334 -104.98273 -0.40694 254.77345 -175.12990 -47.32351 NaN NaN NaN 75.26595 -113.41297 -25.61798 -28.40279 -182.40044 -64.43062
19909 0.42099 NaN NaN NaN 160.32033 -104.73021 -0.64789 254.69229 -175.05643 -47.16613 NaN NaN NaN 75.13995 -113.50745 -25.62244 -28.52234 -182.26637 -64.73335
19910 0.42934 NaN NaN NaN 160.16518 -104.45880 -0.90100 254.61057 -174.94902 -46.99173 NaN NaN NaN 74.98895 -113.58096 -25.63333 -28.61232 -182.18452 -65.17375
19911 0.43769 NaN NaN NaN 160.01804 -104.23150 -1.16442 254.53992 -174.88853 -46.81535 NaN NaN NaN 74.82748 -113.68943 -25.61657 -28.73171 -182.06818 -65.59517
19912 0.44603 NaN NaN NaN 159.83440 -104.00150 -1.40620 254.45995 -174.80742 -46.66408 NaN NaN NaN 74.68040 -113.78961 -25.59166 -28.87209 -181.95358 -65.99345
19913 0.45438 NaN NaN NaN 159.64427 -103.75394 -1.67539 254.35715 -174.70677 -46.47430 NaN NaN NaN 74.53880 -113.88074 -25.56627 -29.01966 -181.85817 -66.39783
19914 0.46273 NaN NaN NaN 159.49530 -103.46125 -1.94165 254.28951 -174.60313 -46.30618 NaN NaN NaN 74.40211 -114.00867 -25.52791 -29.12762 -181.76302 -66.73152
19915 0.47107 NaN NaN NaN 159.34550 -103.16855 -2.25958 254.22546 -174.46988 -46.08798 NaN NaN NaN 74.25523 -114.08115 -25.46424 -29.21596 -181.71986 -67.08382
19916 0.47942 NaN NaN NaN 159.20094 -102.86098 -2.55434 254.13419 -174.36858 -45.88194 NaN NaN NaN 74.11425 -114.16441 -25.40087 -29.30306 -181.64647 -67.36731
19917 0.48777 NaN NaN NaN 158.98798 -102.55785 -2.83215 254.05339 -174.29411 -45.68311 NaN NaN NaN 74.00704 -114.29176 -25.31178 -29.36385 -181.61261 -67.58492
19918 0.49611 NaN NaN NaN 158.79282 -102.27322 -3.10581 253.96556 -174.16208 -45.47778 NaN NaN NaN 73.86755 -114.35513 -25.25014 -29.47269 -181.58330 -67.79576
19919 0.50446 NaN NaN NaN 158.61423 -101.98670 -3.50321 253.88870 -174.06741 -45.24574 NaN NaN NaN 73.74173 -114.43048 -25.19912 -29.55796 -181.57932 -67.97688
19920 0.51280 NaN NaN NaN 158.50455 -101.63646 -3.87722 253.80678 -173.97447 -45.03696 NaN NaN NaN 73.59941 -114.49514 -25.16636 -29.61765 -181.60803 -68.20674
19921 0.52115 NaN NaN NaN 158.29803 -101.39292 -4.16145 253.74620 -173.86383 -44.79839 NaN NaN NaN 73.51637 -114.58168 -25.09799 -29.70155 -181.63087 -68.35945
19922 0.52950 NaN NaN NaN 158.12378 -101.13351 -4.49282 253.68369 -173.79147 -44.56214 NaN NaN NaN 73.42741 -114.67324 -25.09533 -29.75246 -181.67024 -68.45583
19923 0.53784 NaN NaN NaN 157.95374 -100.87157 -4.82752 253.62708 -173.67566 -44.34443 NaN NaN NaN 73.33047 -114.78532 -25.00583 -29.85091 -181.71265 -68.50948
19924 0.54619 NaN NaN NaN 157.78242 -100.65153 -5.17396 253.56641 -173.60660 -44.15837 NaN NaN NaN 73.21896 -114.90360 -24.89401 -29.97909 -181.79036 -68.56174
19925 0.55454 NaN NaN NaN 157.65578 -100.44856 -5.45932 253.48933 -173.51456 -43.99827 NaN NaN NaN 73.07374 -115.05035 -24.79772 -30.10673 -181.84247 -68.61562
19926 0.56288 NaN NaN NaN 157.53294 -100.24335 -5.71400 253.43784 -173.45909 -43.80292 NaN NaN NaN 72.90331 -115.17833 -24.70960 -30.21652 -181.89317 -68.62170
19927 0.57123 NaN NaN NaN 157.38855 -100.05401 -6.03915 253.41493 -173.40440 -43.59383 NaN NaN NaN 72.77251 -115.24555 -24.64621 -30.34165 -181.92642 -68.57242
19928 0.57958 NaN NaN NaN 157.20151 -99.89185 -6.38973 253.36079 -173.32332 -43.37668 NaN NaN NaN 72.63630 -115.31676 -24.57808 -30.47561 -182.02348 -68.48882
19929 0.58792 NaN NaN NaN 157.04593 -99.70732 -6.71263 253.30768 -173.28900 -43.16975 NaN NaN NaN 72.51714 -115.34361 -24.45343 -30.58987 -182.06918 -68.37627
19930 0.59627 NaN NaN NaN 156.87766 -99.50339 -7.04579 253.25186 -173.21800 -42.96330 NaN NaN NaN 72.40546 -115.32204 -24.36387 -30.68248 -182.14644 -68.14190
19931 0.60462 NaN NaN NaN 156.73373 -99.26117 -7.42528 253.19203 -173.15005 -42.69864 NaN NaN NaN 72.32497 -115.29565 -24.22552 -30.77195 -182.22563 -67.75932
19932 0.61296 NaN NaN NaN 156.57961 -99.08174 -7.70644 253.12329 -173.12073 -42.48580 NaN NaN NaN 72.20782 -115.21196 -24.11202 -30.89201 -182.31250 -67.40612
19933 0.62131 NaN NaN NaN 156.40947 -98.89495 -8.01688 253.06256 -173.06767 -42.27433 NaN NaN NaN 72.07939 -115.13331 -23.89853 -30.98041 -182.38138 -67.11028
19934 0.62966 NaN NaN NaN 156.30667 -98.71706 -8.27439 252.99628 -173.01247 -42.02700 NaN NaN NaN 71.96964 -115.08358 -23.66199 -31.03756 -182.45502 -66.85059
19935 0.63800 NaN NaN NaN 156.20570 -98.45531 -8.63119 252.95557 -172.92961 -41.80473 NaN NaN NaN 71.82632 -114.97013 -23.47256 -31.10549 -182.50247 -66.48238
19936 0.64635 NaN NaN NaN 156.10686 -98.27824 -8.87580 252.94902 -172.84569 -41.60247 NaN NaN NaN 71.64115 -114.85766 -23.24578 -31.17606 -182.57416 -66.19879
19937 0.65470 NaN NaN NaN 156.04707 -98.06050 -9.06058 252.91505 -172.78539 -41.42417 NaN NaN NaN 71.51997 -114.77457 -22.98145 -31.25382 -182.60695 -65.97000
19938 0.66304 NaN NaN NaN 155.95874 -97.94585 -9.23046 252.89052 -172.76563 -41.21451 NaN NaN NaN 71.40783 -114.69833 -22.71379 -31.28617 -182.64839 -65.70004
19939 0.67139 NaN NaN NaN 155.89949 -97.76561 -9.40660 252.90465 -172.67912 -40.99800 NaN NaN NaN 71.27164 -114.60323 -22.47385 -31.35436 -182.65997 -65.39484
19940 0.67974 NaN NaN NaN 155.87788 -97.61065 -9.50875 252.89679 -172.57176 -40.82786 NaN NaN NaN 71.13673 -114.42840 -22.28323 -31.43657 -182.64803 -65.10195
19941 0.68808 NaN NaN NaN 155.84007 -97.38751 -9.75283 252.87880 -172.47044 -40.62433 NaN NaN NaN 70.94891 -114.22834 -21.97315 -31.54415 -182.60133 -64.82572
19942 0.69643 NaN NaN NaN 155.79591 -97.18890 -9.95039 252.87671 -172.36493 -40.47198 NaN NaN NaN 70.80380 -114.00798 -21.71813 -31.60201 -182.55125 -64.52403
19943 0.70478 NaN NaN NaN 155.76497 -97.04124 -10.12398 252.88336 -172.32059 -40.32178 NaN NaN NaN 70.66634 -113.79752 -21.53668 -31.68177 -182.44496 -64.16074
19944 0.71312 NaN NaN NaN 155.72841 -96.94153 -10.25466 252.91289 -172.27094 -40.09815 NaN NaN NaN 70.51379 -113.51633 -21.38379 -31.74293 -182.37944 -63.86325
19945 0.72147 NaN NaN NaN 155.74164 -96.71239 -10.42642 252.92921 -172.20407 -39.92676 NaN NaN NaN 70.38612 -113.21420 -21.10343 -31.78833 -182.30191 -63.50967
19946 0.72982 NaN NaN NaN 155.68748 -96.56886 -10.55225 252.91774 -172.12653 -39.73438 NaN NaN NaN 70.30647 -112.91167 -20.83875 -31.81242 -182.22791 -63.13462
19947 0.73816 NaN NaN NaN 155.66313 -96.31350 -10.78375 252.89845 -171.97769 -39.53488 NaN NaN NaN 70.22442 -112.63813 -20.69353 -31.81685 -182.13771 -62.81815
19948 0.74651 NaN NaN NaN 155.65247 -95.98627 -10.98353 252.87943 -171.84166 -39.24719 NaN NaN NaN 70.13239 -112.37019 -20.55231 -31.84249 -182.03247 -62.50016
19949 0.75486 NaN NaN NaN 155.66058 -95.66355 -11.20178 252.89928 -171.73781 -39.06528 NaN NaN NaN 70.03819 -112.08502 -20.28058 -31.86987 -181.86867 -62.17005
19950 0.76320 NaN NaN NaN 155.67166 -95.40081 -11.35074 252.91643 -171.67897 -38.89764 NaN NaN NaN 69.92384 -111.77879 -20.00094 -31.91683 -181.71388 -61.95336
19951 0.77155 NaN NaN NaN 155.71545 -95.19225 -11.49544 252.94417 -171.57275 -38.69416 NaN NaN NaN 69.82141 -111.49448 -19.79049 -31.93929 -181.52504 -61.70626
19952 0.77989 NaN NaN NaN 155.72388 -95.05813 -11.62187 252.99541 -171.50800 -38.51345 NaN NaN NaN 69.64776 -111.15636 -19.58230 -31.99368 -181.31058 -61.46421
19953 0.78824 NaN NaN NaN 155.75821 -94.99387 -11.71018 253.03387 -171.41710 -38.30411 NaN NaN NaN 69.51977 -110.81800 -19.28045 -32.11898 -181.05392 -61.17639
19954 0.79659 NaN NaN NaN 155.77100 -94.99376 -11.80629 253.12871 -171.37114 -38.11546 NaN NaN NaN 69.37117 -110.35950 -19.00166 -32.23153 -180.77145 -60.88102
19955 0.80493 NaN NaN NaN 155.76967 -95.00491 -11.92070 253.20824 -171.41988 -37.98957 NaN NaN NaN 69.18591 -109.94996 -18.71490 -32.34704 -180.42285 -60.65807
19956 0.81328 NaN NaN NaN 155.75375 -95.04142 -12.00328 253.28360 -171.41019 -37.91588 NaN NaN NaN 69.06570 -109.50252 -18.41528 -32.31828 -180.05325 -60.36905
19957 0.82163 NaN NaN NaN 155.75652 -95.09796 -12.03295 253.33449 -171.40607 -37.81599 NaN NaN NaN 68.89920 -109.03796 -18.05174 -32.37087 -179.64819 -60.13945
19958 0.82997 NaN NaN NaN 155.72644 -95.13304 -12.06517 253.38258 -171.40602 -37.68775 NaN NaN NaN 68.75848 -108.59186 -17.71715 -32.41547 -179.28746 -59.99347
19959 0.83832 NaN NaN NaN 155.69855 -95.12595 -12.09245 253.41589 -171.40839 -37.51387 NaN NaN NaN 68.58891 -108.13278 -17.31668 -32.46718 -178.91887 -59.93562
19960 0.84667 NaN NaN NaN 155.66444 -95.13009 -12.09905 253.46239 -171.37811 -37.30856 NaN NaN NaN 68.44258 -107.77756 -16.96306 -32.47193 -178.57410 -59.89013
19961 0.85501 NaN NaN NaN 155.63406 -95.11557 -12.09490 253.48814 -171.34221 -37.12033 NaN NaN NaN 68.29688 -107.45963 -16.65596 -32.45335 -178.26390 -59.85321
19962 0.86336 NaN NaN NaN 155.57336 -95.11674 -12.08146 253.49678 -171.28229 -36.94957 NaN NaN NaN 68.18018 -107.20300 -16.32234 -32.45033 -177.98083 -59.75194
19963 0.87171 NaN NaN NaN 155.53360 -95.08981 -12.06966 253.49510 -171.23999 -36.80437 NaN NaN NaN 67.99093 -106.94099 -16.06426 -32.54049 -177.76761 -59.58353
19964 0.88005 NaN NaN NaN 155.51056 -95.06439 -12.07385 253.50296 -171.19633 -36.72525 NaN NaN NaN 67.81165 -106.70262 -15.91255 -32.69305 -177.57599 -59.37101
19965 0.88840 NaN NaN NaN 155.46049 -95.02743 -12.03280 253.52815 -171.19096 -36.58138 NaN NaN NaN 67.63783 -106.47607 -15.84342 -32.88694 -177.42030 -59.18425
19966 0.89675 NaN NaN NaN 155.39647 -95.02651 -12.02592 253.52455 -171.19142 -36.46923 NaN NaN NaN 67.48747 -106.29860 -15.74349 -33.10999 -177.31790 -58.88174
19967 0.90509 NaN NaN NaN 155.33978 -94.96272 -12.06021 253.48776 -171.14931 -36.36858 NaN NaN NaN 67.37687 -106.08106 -15.63407 -33.28772 -177.17773 -58.44200
19968 0.91344 NaN NaN NaN 155.29109 -94.93819 -12.10114 253.42426 -171.11676 -36.23521 NaN NaN NaN 67.27544 -105.87797 -15.51020 -33.45399 -177.12839 -58.10393
19969 0.92179 NaN NaN NaN 155.23354 -94.88436 -12.16545 253.38332 -171.09016 -36.13540 NaN NaN NaN 67.14701 -105.67651 -15.48123 -33.66454 -177.06290 -57.75548
19970 0.93013 NaN NaN NaN 155.14441 -94.83900 -12.22355 253.34540 -171.03645 -35.98786 NaN NaN NaN 66.99303 -105.47773 -15.45538 -33.81433 -177.02402 -57.32958
19971 0.93848 NaN NaN NaN 155.05244 -94.74679 -12.32538 253.29861 -170.98207 -35.89091 NaN NaN NaN 66.84193 -105.31422 -15.33709 -34.01473 -176.95346 -56.98699
19972 0.94683 NaN NaN NaN 154.96568 -94.71899 -12.37845 253.25090 -170.94615 -35.77987 NaN NaN NaN 66.67769 -105.16071 -15.19442 -34.21617 -176.87473 -56.73984
19973 0.95517 NaN NaN NaN 154.90845 -94.69881 -12.44986 253.22330 -170.91222 -35.67722 NaN NaN NaN 66.49254 -105.06882 -15.06919 -34.41398 -176.82082 -56.52118
19974 0.96352 NaN NaN NaN 154.84506 -94.72163 -12.46460 253.21158 -170.90610 -35.56838 NaN NaN NaN 66.31715 -104.97900 -14.93157 -34.54308 -176.78485 -56.26381
19975 0.97187 NaN NaN NaN 154.77164 -94.76773 -12.46311 253.20988 -170.86420 -35.49602 NaN NaN NaN 66.18169 -104.89518 -14.78891 -34.64753 -176.68968 -55.99950
19976 0.98021 NaN NaN NaN 154.69839 -94.79053 -12.46570 253.23210 -170.82751 -35.40753 NaN NaN NaN 66.06995 -104.80759 -14.58139 -34.73900 -176.67270 -55.85849
19977 0.98856 NaN NaN NaN 154.63055 -94.77361 -12.42693 253.27135 -170.73602 -35.33090 NaN NaN NaN 65.91661 -104.70795 -14.38377 -34.83149 -176.66454 -55.73696
19978 0.99691 NaN NaN NaN 154.58270 -94.74491 -12.39404 253.29343 -170.62379 -35.22895 NaN NaN NaN 65.83634 -104.68444 -14.24753 -34.90604 -176.68575 -55.64395
19979 1.00525 NaN NaN NaN 154.50404 -94.69487 -12.41292 253.30846 -170.43877 -35.19032 NaN NaN NaN 65.79491 -104.72387 -14.16414 -34.95557 -176.75935 -55.56617
19980 1.01360 NaN NaN NaN 154.43190 -94.66733 -12.39814 253.33554 -170.17400 -35.08441 NaN NaN NaN 65.77280 -104.80492 -14.12510 -34.98325 -176.86334 -55.55592
19981 1.02194 NaN NaN NaN 154.35081 -94.58853 -12.37733 253.37608 -169.91911 -34.95483 NaN NaN NaN 65.72575 -104.89059 -14.12841 -34.98948 -176.98479 -55.56313
19982 1.03029 NaN NaN NaN 154.31778 -94.46338 -12.36625 253.46729 -169.69550 -34.89235 NaN NaN NaN 65.70266 -105.01194 -14.27481 -34.93507 -177.12340 -55.60102
19983 1.03864 NaN NaN NaN 154.34494 -94.31438 -12.34210 253.61659 -169.42136 -34.90841 NaN NaN NaN 65.70732 -105.07620 -14.44501 -34.84281 -177.30263 -55.67715
19984 1.04698 NaN NaN NaN 154.38329 -94.17996 -12.30126 253.78596 -169.12852 -34.95510 NaN NaN NaN 65.77757 -105.14174 -14.67851 -34.75323 -177.44987 -55.86149
19985 1.05533 NaN NaN NaN 154.45251 -94.06892 -12.24816 253.97884 -168.78995 -35.03729 NaN NaN NaN 65.88962 -105.21484 -14.92790 -34.62374 -177.63264 -56.13617
19986 1.06368 NaN NaN NaN 154.49806 -94.03970 -12.16186 254.24199 -168.40895 -35.13005 NaN NaN NaN 66.06114 -105.36734 -15.16005 -34.41776 -177.83380 -56.48621
19987 1.07202 NaN NaN NaN 154.54807 -93.99567 -12.09941 254.54082 -168.00893 -35.24276 NaN NaN NaN 66.25722 -105.56557 -15.46766 -34.12479 -178.04791 -56.85194
19988 1.08037 NaN NaN NaN 154.64290 -93.95479 -12.05602 254.89003 -167.58844 -35.39009 NaN NaN NaN 66.46629 -105.78327 -15.87876 -33.80729 -178.29489 -57.28692
19989 1.08872 NaN NaN NaN 154.82130 -93.89409 -12.02479 255.23175 -167.18733 -35.61790 NaN NaN NaN 66.80152 -105.96143 -16.16953 -33.39934 -178.57501 -57.72948
19990 1.09706 NaN NaN NaN 154.97052 -93.84436 -12.01315 255.60905 -166.80444 -35.80975 NaN NaN NaN 67.19088 -106.16235 -16.45364 -32.89466 -178.89922 -58.12220
19991 1.10541 NaN NaN NaN 155.15823 -93.80973 -11.99223 255.96092 -166.43784 -36.07239 NaN NaN NaN 67.59370 -106.45827 -16.83626 -32.38282 -179.26471 -58.57130
19992 1.11376 NaN NaN NaN 155.41661 -93.68453 -11.99470 256.33157 -166.12485 -36.36459 NaN NaN NaN 67.97190 -106.77848 -17.13458 -31.90886 -179.62001 -58.94128
19993 1.12210 NaN NaN NaN 155.76691 -93.59889 -11.98856 256.66479 -165.85930 -36.66026 NaN NaN NaN 68.32930 -107.26679 -17.33705 -31.53358 -180.01154 -59.47358
19994 1.13045 NaN NaN NaN 156.06256 -93.50687 -11.98564 256.96707 -165.68962 -36.95283 NaN NaN NaN 68.65520 -107.80356 -17.58417 -31.21248 -180.38257 -59.85069
19995 1.13880 NaN NaN NaN 156.32256 -93.52149 -11.96465 257.24664 -165.55348 -37.26524 NaN NaN NaN 68.94392 -108.30930 -17.88525 -31.00581 -180.68585 -60.20043
19996 1.14714 NaN NaN NaN 156.55615 -93.46318 -12.00764 257.46021 -165.49126 -37.54609 NaN NaN NaN 69.25359 -108.73288 -18.15103 -30.87588 -180.94315 -60.46373
19997 1.15549 NaN NaN NaN 156.79272 -93.41525 -12.01334 257.63062 -165.43877 -37.72522 NaN NaN NaN 69.49056 -109.06236 -18.46116 -30.73574 -181.15076 -60.65652
19998 1.16384 NaN NaN NaN 156.86394 -93.44714 -12.02183 257.68286 -165.42648 -37.83419 NaN NaN NaN 69.70324 -109.30417 -18.75140 -30.61205 -181.31013 -60.79209
19999 1.17218 NaN NaN NaN 156.88789 -93.44953 -12.07400 257.67261 -165.45349 -37.87230 NaN NaN NaN 69.91085 -109.54537 -18.99684 -30.50864 -181.43196 -61.04358
20000 1.18053 NaN NaN NaN 156.89088 -93.44961 -12.12389 257.61203 -165.53145 -37.89404 NaN NaN NaN 70.07928 -109.73441 -19.12680 -30.41404 -181.49200 -61.29799
20001 1.18888 NaN NaN NaN 156.84201 -93.48557 -12.14726 257.52127 -165.65524 -37.89810 NaN NaN NaN 70.24509 -109.85593 -19.23515 -30.34368 -181.50534 -61.49582
20002 1.19722 NaN NaN NaN 156.75053 -93.58553 -12.11444 257.43719 -165.77574 -37.90494 NaN NaN NaN 70.36220 -109.91358 -19.31950 -30.28116 -181.45142 -61.64395
20003 1.20557 NaN NaN NaN 156.72235 -93.65318 -12.08511 257.35400 -165.84772 -37.95382 NaN NaN NaN 70.47159 -109.97195 -19.44204 -30.22321 -181.41510 -61.73794
20004 1.21392 NaN NaN NaN 156.67630 -93.74268 -12.03461 257.30496 -165.93460 -38.02193 NaN NaN NaN 70.56315 -109.98045 -19.56817 -30.13682 -181.40277 -61.75623
20005 1.22226 NaN NaN NaN 156.68602 -93.84583 -11.94989 257.26227 -166.01688 -38.11734 NaN NaN NaN 70.68705 -109.94668 -19.66786 -30.10157 -181.42393 -61.65879
20006 1.23061 NaN NaN NaN 156.67950 -93.93546 -11.87317 257.22656 -166.07811 -38.18840 NaN NaN NaN 70.83186 -109.85791 -19.77320 -30.01850 -181.46376 -61.37823
20007 1.23896 NaN NaN NaN 156.70464 -94.01604 -11.83188 257.24808 -166.17714 -38.31885 NaN NaN NaN 70.97118 -109.74754 -19.87128 -29.92442 -181.49367 -60.96174
20008 1.24730 NaN NaN NaN 156.72786 -94.18146 -11.76424 257.29480 -166.27414 -38.47408 NaN NaN NaN 71.12840 -109.56994 -19.95002 -29.78783 -181.55920 -60.46668
20009 1.25565 NaN NaN NaN 156.80676 -94.28654 -11.79411 257.38013 -166.33902 -38.65587 NaN NaN NaN 71.28764 -109.38193 -20.00526 -29.69827 -181.66592 -59.93269
20010 1.26400 NaN NaN NaN 156.88203 -94.46133 -11.84792 257.45361 -166.39835 -38.78846 NaN NaN NaN 71.46671 -109.21181 -20.01184 -29.55466 -181.73021 -59.39853
20011 1.27234 NaN NaN NaN 156.91629 -94.69171 -11.88211 257.52591 -166.49522 -38.93220 NaN NaN NaN 71.64115 -109.05980 -20.01498 -29.38778 -181.84517 -58.94691
20012 1.28069 NaN NaN NaN 156.99423 -94.78265 -12.02238 257.59100 -166.58469 -39.01883 NaN NaN NaN 71.81992 -108.88046 -20.03103 -29.23264 -181.90491 -58.61279
20013 1.28903 NaN NaN NaN 157.04285 -94.88580 -12.21316 257.66806 -166.66299 -39.12496 NaN NaN NaN 71.97187 -108.71228 -20.06150 -29.08941 -181.89948 -58.27963
20014 1.29738 NaN NaN NaN 157.11182 -94.93034 -12.39606 257.75461 -166.78218 -39.24603 NaN NaN NaN 72.10631 -108.50632 -20.17207 -28.94546 -181.83665 -57.95274
20015 1.30573 NaN NaN NaN 157.16325 -94.90603 -12.61851 257.78632 -166.85435 -39.32734 NaN NaN NaN 72.22977 -108.24450 -20.29625 -28.81729 -181.80682 -57.65334
20016 1.31407 NaN NaN NaN 157.21042 -94.85556 -12.86542 257.81104 -166.88510 -39.38254 NaN NaN NaN 72.33900 -107.98574 -20.43520 -28.74170 -181.73773 -57.44173
20017 1.32242 NaN NaN NaN 157.23781 -94.74025 -13.12593 257.79700 -166.88678 -39.35606 NaN NaN NaN 72.37679 -107.72315 -20.61610 -28.73482 -181.68491 -57.09697
20018 1.33077 NaN NaN NaN 157.23244 -94.54434 -13.40010 257.77258 -166.89612 -39.29317 NaN NaN NaN 72.31980 -107.41226 -20.79765 -28.80629 -181.57709 -56.80380
20019 1.33911 NaN NaN NaN 157.18446 -94.41716 -13.64439 257.71671 -166.91805 -39.21552 NaN NaN NaN 72.24499 -107.18021 -20.94766 -28.96210 -181.48958 -56.55408
20020 1.34746 NaN NaN NaN 157.14708 -94.16962 -13.95791 257.61069 -166.89494 -39.09939 NaN NaN NaN 72.11825 -107.00041 -21.02957 -29.21308 -181.36653 -56.39424
20021 1.35581 NaN NaN NaN 157.06154 -93.94137 -14.24404 257.49814 -166.79817 -38.96903 NaN NaN NaN 71.95448 -106.88715 -21.19256 -29.50037 -181.21469 -56.19444
20022 1.36415 NaN NaN NaN 156.98233 -93.71456 -14.52024 257.40207 -166.74992 -38.86241 NaN NaN NaN 71.73002 -106.84467 -21.28874 -29.83372 -181.08911 -55.91998
20023 1.37250 NaN NaN NaN 156.91315 -93.48100 -14.72773 257.27573 -166.73251 -38.75749 NaN NaN NaN 71.45773 -106.82894 -21.40643 -30.21164 -180.99277 -55.70641
20024 1.38085 NaN NaN NaN 156.83289 -93.33085 -14.87329 257.18213 -166.71336 -38.66725 NaN NaN NaN 71.20561 -106.83040 -21.46204 -30.63653 -180.92897 -55.56394
20025 1.38919 NaN NaN NaN 156.76878 -93.22445 -15.04009 257.07974 -166.72835 -38.59954 NaN NaN NaN 70.89661 -106.89722 -21.46828 -31.05524 -180.88637 -55.49691
20026 1.39754 NaN NaN NaN 156.68625 -93.10349 -15.26849 256.96396 -166.73195 -38.49856 NaN NaN NaN 70.64884 -106.97041 -21.45546 -31.42300 -180.82755 -55.48011
20027 1.40589 NaN NaN NaN 156.52493 -93.08656 -15.61254 256.85797 -166.77057 -38.39957 NaN NaN NaN 70.38004 -107.05437 -21.48306 -31.79605 -180.76384 -55.47565
20028 1.41423 NaN NaN NaN 156.38971 -93.00771 -15.88019 256.73801 -166.83272 -38.30787 NaN NaN NaN 70.14053 -107.07359 -21.54451 -32.09329 -180.70184 -55.51979
20029 1.42258 NaN NaN NaN 156.28960 -92.93464 -16.15117 256.59891 -166.88304 -38.23674 NaN NaN NaN 69.97610 -107.04292 -21.67266 -32.29189 -180.65280 -55.61820
20030 1.43093 NaN NaN NaN 156.09370 -92.90144 -16.51369 256.47849 -166.92657 -38.09116 NaN NaN NaN 69.86378 -107.02675 -21.77085 -32.32717 -180.63298 -55.80017
20031 1.43927 NaN NaN NaN 155.90929 -92.83065 -16.92371 256.35501 -166.93941 -37.97197 NaN NaN NaN 69.83991 -107.10940 -21.79757 -32.39137 -180.59595 -56.18789
20032 1.44762 NaN NaN NaN 155.75717 -92.77161 -17.27065 256.24307 -166.94678 -37.82542 NaN NaN NaN 69.82872 -107.21753 -21.83515 -32.39868 -180.53685 -56.50791
20033 1.45597 NaN NaN NaN 155.64963 -92.66660 -17.60361 256.15942 -166.92487 -37.72532 NaN NaN NaN 69.88387 -107.25752 -22.00299 -32.37605 -180.50739 -56.73184
20034 1.46431 NaN NaN NaN 155.55783 -92.54644 -17.92771 256.06363 -166.90189 -37.60918 NaN NaN NaN 70.00240 -107.27639 -22.38120 -32.34484 -180.49808 -56.81680
20035 1.47266 NaN NaN NaN 155.51517 -92.43420 -18.21387 256.01938 -166.84641 -37.47157 NaN NaN NaN 70.13136 -107.28963 -22.74469 -32.32372 -180.57079 -56.84958
20036 1.48101 NaN NaN NaN 155.48518 -92.31744 -18.47541 256.00714 -166.84282 -37.37177 NaN NaN NaN 70.28386 -107.25961 -23.12644 -32.30849 -180.72513 -56.79138
20037 1.48935 NaN NaN NaN 155.47896 -92.28280 -18.72693 256.02106 -166.82796 -37.22184 NaN NaN NaN 70.42333 -107.19503 -23.61539 -32.23606 -180.88155 -56.78125
20038 1.49770 NaN NaN NaN 155.49257 -92.23035 -18.84719 256.06259 -166.81044 -37.05120 NaN NaN NaN 70.60603 -107.09282 -24.09599 -32.12868 -181.06133 -56.76665
20039 1.50605 NaN NaN NaN 155.57402 -92.22159 -18.86668 256.12769 -166.82957 -36.90399 NaN NaN NaN 70.65071 -106.98460 -24.43196 -32.08523 -181.22203 -56.71827
20040 1.51439 NaN NaN NaN 155.69122 -92.24397 -18.85143 256.25943 -166.85530 -36.72356 NaN NaN NaN 70.76726 -106.98544 -24.63795 -32.00222 -181.36981 -56.66277
20041 1.52274 NaN NaN NaN 155.89128 -92.29063 -18.78674 256.41345 -166.89687 -36.57455 NaN NaN NaN 70.82320 -107.03853 -24.69963 -31.93209 -181.51912 -56.74767
20042 1.53108 NaN NaN NaN 156.05829 -92.33096 -18.68608 256.59641 -166.94838 -36.50518 NaN NaN NaN 70.80194 -107.20719 -24.26807 -31.79408 -181.65015 -56.94868
20043 1.53943 NaN NaN NaN 156.22954 -92.41018 -18.62869 256.79245 -166.98930 -36.49497 NaN NaN NaN 70.65400 -107.52351 -23.54835 -31.70688 -181.72058 -57.26217
20044 1.54778 NaN NaN NaN 156.35004 -92.44760 -18.58692 257.00781 -166.97377 -36.48764 NaN NaN NaN 70.53231 -108.02547 -22.43288 -31.57689 -181.66808 -57.73951
20045 1.55612 NaN NaN NaN 156.47217 -92.42751 -18.61725 257.19281 -166.85866 -36.51167 NaN NaN NaN 70.42675 -108.60429 -21.01532 -31.53310 -181.73372 -58.42367
20046 1.56447 NaN NaN NaN 156.54964 -92.32973 -18.77479 257.33917 -166.75209 -36.54286 NaN NaN NaN 70.04661 -109.33221 -19.33815 -31.46005 -181.59778 -59.20203
20047 1.57282 NaN NaN NaN 156.56699 -92.24266 -18.93907 257.48172 -166.61623 -36.57914 NaN NaN NaN 69.70914 -110.28114 -17.58637 -31.40471 -181.50800 -60.18680
20048 1.58116 NaN NaN NaN 156.58243 -92.07697 -19.15253 257.58203 -166.42986 -36.62519 NaN NaN NaN 69.29071 -111.32918 -15.70829 -31.35863 -181.36246 -61.22984
20049 1.58951 NaN NaN NaN 156.59772 -91.81841 -19.45379 257.63831 -166.19557 -36.60654 NaN NaN NaN 68.77099 -112.54513 -13.81656 -31.37333 -181.20889 -62.30959
20050 1.59786 NaN NaN NaN 156.56584 -91.61535 -19.77991 257.63477 -165.93700 -36.56365 NaN NaN NaN 68.10947 -113.89253 -11.96380 -31.46069 -181.10632 -63.36422
20051 1.60620 NaN NaN NaN 156.42282 -91.29200 -20.17874 257.61612 -165.63225 -36.50636 NaN NaN NaN 67.36053 -115.18636 -10.23966 -31.61505 -181.05345 -64.31432
20052 1.61455 NaN NaN NaN 156.30684 -91.05299 -20.51302 257.59421 -165.32219 -36.34224 NaN NaN NaN 66.54150 -116.50909 -8.50299 -31.85878 -181.06705 -65.18149
20053 1.62290 NaN NaN NaN 156.20714 -90.82490 -20.73477 257.58502 -165.05202 -36.16422 NaN NaN NaN 65.61787 -117.84658 -6.88960 -32.13450 -181.13574 -65.99148
20054 1.63124 NaN NaN NaN 156.06932 -90.62066 -20.93845 257.58368 -164.84132 -35.98880 NaN NaN NaN 64.55598 -119.20368 -5.22170 -32.43383 -181.20659 -66.65477
20055 1.63959 NaN NaN NaN 155.98775 -90.46619 -21.08001 257.58368 -164.60495 -35.76755 NaN NaN NaN 63.37075 -120.58734 -3.49024 -32.79560 -181.33656 -67.47565
20056 1.64794 NaN NaN NaN 155.88599 -90.33977 -21.21483 257.58582 -164.40819 -35.57665 NaN NaN NaN 62.04139 -122.08254 -1.72454 -33.15747 -181.41162 -68.46943
20057 1.65628 NaN NaN NaN 155.81772 -90.28500 -21.26180 257.60770 -164.22765 -35.32448 NaN NaN NaN 60.54258 -123.66516 0.19395 -33.46761 -181.40465 -69.49104
20058 1.66463 NaN NaN NaN 155.76271 -90.22487 -21.27002 257.65781 -164.11823 -35.10177 NaN NaN NaN 58.94682 -125.20396 2.11573 -33.74723 -181.30870 -70.53230
20059 1.67298 NaN NaN NaN 155.75609 -90.21170 -21.24404 257.71646 -164.04990 -34.96525 NaN NaN NaN 57.32272 -126.69100 4.00589 -33.99297 -181.18398 -71.55351
20060 1.68132 NaN NaN NaN 155.75342 -90.21973 -21.22899 257.77557 -163.98698 -34.87604 NaN NaN NaN 55.71585 -128.06052 5.83272 -34.15992 -180.99553 -72.50841
20061 1.68967 NaN NaN NaN 155.75664 -90.25732 -21.17514 257.86407 -163.95787 -34.85474 NaN NaN NaN 54.12860 -129.38625 7.63500 -34.26113 -180.76892 -73.47422
20062 1.69802 NaN NaN NaN 155.77359 -90.37791 -21.05375 257.96207 -163.90741 -34.87236 NaN NaN NaN 52.47359 -130.73035 9.39376 -34.26084 -180.49866 -74.43019
20063 1.70636 NaN NaN NaN 155.75894 -90.54516 -20.80904 258.03305 -163.83292 -34.97321 NaN NaN NaN 50.73560 -132.09003 11.14003 -34.29766 -180.12883 -75.41888
20064 1.71471 NaN NaN NaN 155.74976 -90.75088 -20.60615 258.12466 -163.80882 -35.14032 NaN NaN NaN 48.96281 -133.42393 12.79132 -34.33709 -179.81252 -76.32710
20065 1.72306 NaN NaN NaN 155.73909 -90.99394 -20.36675 258.18802 -163.82172 -35.36562 NaN NaN NaN 47.17252 -134.67706 14.40343 -34.33684 -179.34488 -77.22906
20066 1.73140 NaN NaN NaN 155.74345 -91.30238 -20.10732 258.28186 -163.83197 -35.63265 NaN NaN NaN 45.34240 -135.84314 15.82265 -34.26102 -178.82735 -78.21351
20067 1.73975 NaN NaN NaN 155.79437 -91.54815 -19.89267 258.40549 -163.90033 -35.84204 NaN NaN NaN 43.52347 -136.94313 17.12941 -34.12171 -178.14908 -79.19390
20068 1.74810 NaN NaN NaN 155.85712 -91.78876 -19.70293 258.50143 -163.96547 -35.99678 NaN NaN NaN 41.62164 -138.05597 18.42982 -34.01214 -177.49677 -80.21477
20069 1.75644 NaN NaN NaN 155.81259 -91.97304 -19.62929 258.53500 -164.00021 -36.10027 NaN NaN NaN 39.57960 -139.25677 19.68504 -33.89590 -176.92239 -81.20316
20070 1.76479 NaN NaN NaN 155.73038 -92.14179 -19.60057 258.52890 -164.06865 -36.13621 NaN NaN NaN 37.38754 -140.51059 20.99787 -33.72512 -176.39383 -82.31531
20071 1.77314 NaN NaN NaN 155.60756 -92.20373 -19.66089 258.46811 -164.09178 -36.11187 NaN NaN NaN 35.07045 -141.80040 22.21670 -33.53712 -175.89366 -83.38937
20072 1.78148 NaN NaN NaN 155.50664 -92.20393 -19.67905 258.39023 -164.07010 -36.03986 NaN NaN NaN 32.74176 -143.18382 23.30147 -33.28787 -175.37666 -84.39052
20073 1.78983 NaN NaN NaN 155.42992 -92.15575 -19.68060 258.24500 -163.98982 -35.93338 NaN NaN NaN 30.45860 -144.54489 24.30933 -33.01439 -174.82915 -85.42137
20074 1.79817 NaN NaN NaN 155.26041 -92.10758 -19.70152 258.10565 -163.92943 -35.77554 NaN NaN NaN 28.19784 -145.88913 25.16086 -32.69992 -174.27487 -86.46281
20075 1.80652 NaN NaN NaN 155.04861 -91.98598 -19.70802 257.94467 -163.90955 -35.55378 NaN NaN NaN 26.10154 -147.21127 25.87959 -32.45755 -174.00905 -87.45512
20076 1.81487 NaN NaN NaN 154.89478 -91.90998 -19.71583 257.76636 -163.87164 -35.29380 NaN NaN NaN 24.12712 -148.43367 26.40778 -31.97857 -173.65222 -88.44885
20077 1.82321 NaN NaN NaN 154.73175 -91.78181 -19.78105 257.57108 -163.80466 -35.05730 NaN NaN NaN 22.34177 -149.54353 26.81959 -31.36618 -173.09900 -89.49380
20078 1.83156 NaN NaN NaN 154.52765 -91.63076 -19.86566 257.36258 -163.70596 -34.83009 NaN NaN NaN 20.86707 -150.44647 27.15666 -30.73328 -172.59686 -90.36394
20079 1.83991 NaN NaN NaN 154.30331 -91.50987 -19.97897 257.17111 -163.61047 -34.65735 NaN NaN NaN 19.64686 -151.14653 27.38830 -30.00678 -171.95204 -91.23782
20080 1.84825 NaN NaN NaN 154.13939 -91.39410 -20.07108 256.98056 -163.50598 -34.53838 NaN NaN NaN 18.77903 -151.60170 27.52829 -29.33615 -171.30746 -91.88869
20081 1.85660 NaN NaN NaN 153.95306 -91.32677 -20.19068 256.78796 -163.41681 -34.47064 NaN NaN NaN 18.25181 -151.84940 27.67778 -28.68090 -170.72850 -92.36863
20082 1.86495 NaN NaN NaN 153.79208 -91.30432 -20.28147 256.65424 -163.37219 -34.45860 NaN NaN NaN 18.01500 -151.85368 27.81951 -28.11831 -170.14304 -92.71838
20083 1.87329 NaN NaN NaN 153.70927 -91.30325 -20.33304 256.58578 -163.34523 -34.47756 NaN NaN NaN 18.08743 -151.63251 27.87745 -27.74399 -169.78436 -92.78580
20084 1.88164 NaN NaN NaN 153.61028 -91.34921 -20.40814 256.53653 -163.40576 -34.47535 NaN NaN NaN 18.36854 -151.29364 27.88473 -27.41365 -169.71483 -92.68626
20085 1.88999 NaN NaN NaN 153.51457 -91.42608 -20.40310 256.49625 -163.45181 -34.47763 NaN NaN NaN 18.70580 -150.90298 27.88629 -27.19823 -170.01706 -92.50231
20086 1.89833 NaN NaN NaN 153.46802 -91.50734 -20.40141 256.46255 -163.47742 -34.50596 NaN NaN NaN 19.04147 -150.54039 27.85550 -26.94868 -170.27295 -92.35465
20087 1.90668 NaN NaN NaN 153.42641 -91.47335 -20.50303 256.43240 -163.47949 -34.53235 NaN NaN NaN 19.27142 -150.30907 27.82887 -26.65931 -170.43126 -92.29041
20088 1.91503 NaN NaN NaN 153.40746 -91.48847 -20.51296 256.43573 -163.48907 -34.52172 NaN NaN NaN 19.48238 -150.20599 27.80887 -26.37605 -170.44588 -92.31045
20089 1.92337 NaN NaN NaN 153.36642 -91.45291 -20.56577 256.43640 -163.47914 -34.51027 NaN NaN NaN 19.68679 -150.17438 27.76834 -26.13070 -170.36540 -92.38528
20090 1.93172 NaN NaN NaN 153.31067 -91.45776 -20.59258 256.43057 -163.46011 -34.49226 NaN NaN NaN 19.90137 -150.15356 27.72386 -25.89419 -170.25101 -92.49685
20091 1.94007 NaN NaN NaN 153.30426 -91.48109 -20.56172 256.44080 -163.47235 -34.46453 NaN NaN NaN 20.12900 -150.12003 27.64306 -25.68906 -170.20372 -92.59879
20092 1.94841 NaN NaN NaN 153.25961 -91.48788 -20.57385 256.44540 -163.44763 -34.44771 NaN NaN NaN 20.42750 -150.06383 27.58166 -25.47428 -170.19724 -92.64310
20093 1.95676 NaN NaN NaN 153.27652 -91.52948 -20.51363 256.43481 -163.40872 -34.44229 NaN NaN NaN 20.75356 -149.92683 27.47459 -25.25585 -170.25247 -92.72565
20094 1.96511 NaN NaN NaN 153.21135 -91.49796 -20.52593 256.39316 -163.33246 -34.43626 NaN NaN NaN 21.10469 -149.79079 27.36183 -25.10340 -170.35654 -92.71027
20095 1.97345 NaN NaN NaN 153.14282 -91.47167 -20.57561 256.37958 -163.26100 -34.45675 NaN NaN NaN 21.45630 -149.56226 27.19587 -25.00268 -170.47580 -92.62314
20096 1.98180 NaN NaN NaN 153.09761 -91.40324 -20.62292 256.35175 -163.17696 -34.47819 NaN NaN NaN 21.82874 -149.32095 27.12654 -24.95252 -170.64027 -92.47151
20097 1.99015 NaN NaN NaN 153.07356 -91.37294 -20.67930 256.37589 -163.12201 -34.51851 NaN NaN NaN 22.17353 -149.00993 27.05768 -25.01038 -170.80936 -92.28606
20098 1.99849 NaN NaN NaN 153.06464 -91.34212 -20.72725 256.38046 -163.09294 -34.55507 NaN NaN NaN 22.52019 -148.76181 27.03549 -25.09331 -171.00826 -92.10261
20099 2.00684 NaN NaN NaN 153.04007 -91.31110 -20.86449 256.39740 -163.08380 -34.61355 NaN NaN NaN 22.83307 -148.50856 27.07063 -25.24052 -171.23425 -91.91287
20100 2.01519 NaN NaN NaN 153.06822 -91.31882 -20.79667 256.44305 -163.07527 -34.67318 NaN NaN NaN 23.01169 -148.28592 27.11532 -25.38360 -171.40599 -91.68839
20101 2.02353 NaN NaN NaN 153.12694 -91.36214 -20.75674 256.48477 -163.08546 -34.68695 NaN NaN NaN 23.11085 -148.09152 27.16864 -25.45392 -171.55748 -91.50955
20102 2.03188 NaN NaN NaN 153.18431 -91.43426 -20.66546 256.51950 -163.08714 -34.70118 NaN NaN NaN 23.13809 -147.94247 27.23714 -25.47511 -171.67046 -91.34852
20103 2.04022 NaN NaN NaN 153.27585 -91.42201 -20.66716 256.55368 -163.09554 -34.70808 NaN NaN NaN 23.08670 -147.87566 27.30411 -25.44249 -171.71468 -91.19891
20104 2.04857 NaN NaN NaN 153.34090 -91.38876 -20.66759 256.57935 -163.10062 -34.72581 NaN NaN NaN 22.98209 -147.82466 27.39732 -25.39960 -171.64722 -91.12542
20105 2.05692 NaN NaN NaN 153.36722 -91.32342 -20.67968 256.59891 -163.04488 -34.72633 NaN NaN NaN 22.83789 -147.79262 27.49272 -25.34727 -171.50230 -91.10933
20106 2.06526 NaN NaN NaN 153.38187 -91.30647 -20.66693 256.62155 -162.99831 -34.76263 NaN NaN NaN 22.66478 -147.73378 27.63386 -25.30751 -171.34003 -91.03767
20107 2.07361 NaN NaN NaN 153.38374 -91.27539 -20.66289 256.67502 -162.95799 -34.81707 NaN NaN NaN 22.49384 -147.57751 27.85610 -25.35160 -171.20222 -90.88947
20108 2.08196 NaN NaN NaN 153.38802 -91.32812 -20.63764 256.71112 -162.96420 -34.90200 NaN NaN NaN 22.45897 -147.33823 28.17521 -25.45834 -171.18134 -90.63023
20109 2.09030 NaN NaN NaN 153.40771 -91.35566 -20.78506 256.75922 -163.01012 -35.09191 NaN NaN NaN 22.54438 -146.97592 28.37944 -25.71827 -171.28543 -90.20222
20110 2.09865 NaN NaN NaN 153.43690 -91.38080 -20.91234 256.77710 -163.03218 -35.26785 NaN NaN NaN 22.69897 -146.54037 28.51112 -26.01694 -171.44540 -89.65160
20111 2.10700 NaN NaN NaN 153.44791 -91.40639 -21.02553 256.78751 -163.01709 -35.38290 NaN NaN NaN 22.90687 -146.14949 28.62408 -26.33512 -171.65605 -89.19304
20112 2.11534 NaN NaN NaN 153.45610 -91.37006 -21.11303 256.79208 -163.00389 -35.42770 NaN NaN NaN 23.07535 -145.75690 28.72309 -26.67001 -171.89679 -88.77638
20113 2.12369 NaN NaN NaN 153.48711 -91.33189 -21.14978 256.78967 -162.96516 -35.39697 NaN NaN NaN 23.21693 -145.44339 28.81594 -27.00845 -172.03343 -88.42155
20114 2.13204 NaN NaN NaN 153.51300 -91.23211 -21.16725 256.80182 -162.94807 -35.35404 NaN NaN NaN 23.31758 -145.23007 28.93194 -27.29219 -172.11664 -88.12191
20115 2.14038 NaN NaN NaN 153.54750 -91.13526 -21.16393 256.78607 -162.92238 -35.26270 NaN NaN NaN 23.32006 -145.08788 29.05838 -27.47840 -172.19716 -87.87152
20116 2.14873 NaN NaN NaN 153.54320 -91.02283 -21.15538 256.78262 -162.90030 -35.12686 NaN NaN NaN 23.26797 -145.10268 29.15987 -27.57435 -172.18375 -87.63077
20117 2.15708 NaN NaN NaN 153.56076 -90.88521 -21.15687 256.76767 -162.86433 -34.98072 NaN NaN NaN 23.13573 -145.19791 29.35818 -27.60459 -172.11945 -87.47601
20118 2.16542 NaN NaN NaN 153.56554 -90.79298 -21.14349 256.72400 -162.79706 -34.89256 NaN NaN NaN 23.02909 -145.33156 29.63276 -27.63210 -172.03903 -87.27608
20119 2.17377 NaN NaN NaN 153.53938 -90.75243 -21.15635 256.70047 -162.75529 -34.82284 NaN NaN NaN 22.94613 -145.45386 29.86242 -27.73741 -171.95680 -87.12871
20120 2.18212 NaN NaN NaN 153.48788 -90.73453 -21.17570 256.68890 -162.70148 -34.83555 NaN NaN NaN 22.87473 -145.57796 30.05349 -27.83168 -171.92157 -87.00951
20121 2.19046 NaN NaN NaN 153.46527 -90.75207 -21.24537 256.72159 -162.70331 -34.87236 NaN NaN NaN 22.68437 -145.73022 30.26038 -27.95319 -171.92255 -86.91804
20122 2.19881 NaN NaN NaN 153.48729 -90.80434 -21.36085 256.76102 -162.71953 -34.96669 NaN NaN NaN 22.28199 -146.01782 30.51645 -27.97389 -171.93489 -86.89172
20123 2.20716 NaN NaN NaN 153.57582 -90.90358 -21.38100 256.84189 -162.76768 -35.11326 NaN NaN NaN 21.66939 -146.48970 30.83817 -27.91654 -171.90306 -86.92531
20124 2.21550 NaN NaN NaN 153.59384 -91.00240 -21.42427 256.89700 -162.81140 -35.25027 NaN NaN NaN 20.94032 -147.10881 31.20654 -27.78451 -171.75063 -87.04099
20125 2.22385 NaN NaN NaN 153.61290 -91.11349 -21.47595 256.95673 -162.86232 -35.35047 NaN NaN NaN 20.08931 -147.81947 31.55507 -27.62474 -171.57556 -87.23346
20126 2.23220 NaN NaN NaN 153.64905 -91.22993 -21.46722 257.01721 -162.90198 -35.46786 NaN NaN NaN 19.22260 -148.51384 31.90608 -27.45445 -171.34161 -87.44202
20127 2.24054 NaN NaN NaN 153.68513 -91.43025 -21.35749 257.07703 -162.97263 -35.51691 NaN NaN NaN 18.31698 -149.23929 32.26163 -27.27048 -171.11707 -87.70498
20128 2.24889 NaN NaN NaN 153.67575 -91.65172 -21.25946 257.13208 -163.03812 -35.52592 NaN NaN NaN 17.28720 -150.00174 32.69457 -26.99027 -170.93445 -87.96138
20129 2.25724 NaN NaN NaN 153.72343 -91.78597 -21.20272 257.16190 -163.11107 -35.49948 NaN NaN NaN 16.08125 -150.85184 33.12919 -26.64033 -170.69757 -88.27012
20130 2.26558 NaN NaN NaN 153.75143 -91.86464 -21.17057 257.16876 -163.19403 -35.45215 NaN NaN NaN 14.74666 -151.79376 33.59628 -26.20348 -170.47067 -88.54240
20131 2.27393 NaN NaN NaN 153.73598 -91.92955 -21.18273 257.16418 -163.25681 -35.37875 NaN NaN NaN 13.30886 -152.88821 34.02250 -25.41368 -169.63705 -88.99213
20132 2.28228 NaN NaN NaN 153.71329 -91.95509 -21.23942 257.15811 -163.27701 -35.35022 NaN NaN NaN 11.72196 -154.13113 34.53801 -24.62218 -168.74785 -89.44980
20133 2.29062 NaN NaN NaN 153.67004 -91.92895 -21.37268 257.10120 -163.28078 -35.26921 NaN NaN NaN 9.89715 -155.51640 35.07930 -23.72919 -167.49451 -90.08141
20134 2.29897 NaN NaN NaN 153.56665 -91.83192 -21.54624 257.02896 -163.31459 -35.18673 NaN NaN NaN 7.84108 -157.06714 35.60851 -22.60951 -166.14413 -90.70090
20135 2.30731 NaN NaN NaN 153.41505 -91.71193 -21.80654 256.91568 -163.29425 -35.14192 NaN NaN NaN 5.61936 -158.73566 36.09176 -21.40054 -164.49419 -91.33154
20136 2.31566 NaN NaN NaN 153.26320 -91.61219 -22.04592 256.78430 -163.23943 -35.12187 NaN NaN NaN 3.22968 -160.51486 36.54684 -20.03654 -162.98709 -91.85236
20137 2.32401 NaN NaN NaN 153.12729 -91.54047 -22.34686 256.63629 -163.19228 -35.03627 NaN NaN NaN 0.76612 -162.28934 36.92793 -18.67306 -161.54396 -92.11243
20138 2.33235 NaN NaN NaN 152.97227 -91.45970 -22.64145 256.48163 -163.15208 -34.94131 NaN NaN NaN -1.67843 -164.09915 37.15704 -17.36890 -160.28561 -92.36137
20139 2.34070 NaN NaN NaN 152.88121 -91.56548 -22.77641 256.31909 -163.09428 -34.87297 NaN NaN NaN -4.11789 -165.83850 37.31260 -16.20429 -159.10312 -92.44324
20140 2.34905 NaN NaN NaN 152.70116 -91.38352 -23.13199 256.15042 -163.06367 -34.81806 NaN NaN NaN -6.49876 -167.55745 37.44287 -15.17160 -158.11354 -92.45039
20141 2.35739 NaN NaN NaN 152.60245 -91.30649 -23.42072 256.01395 -163.04799 -34.76693 NaN NaN NaN -8.74478 -169.10410 37.46745 -14.38602 -157.32327 -92.39417
20142 2.36574 NaN NaN NaN 152.50597 -91.16732 -23.63774 255.93188 -163.03006 -34.73692 NaN NaN NaN -10.72005 -170.45001 37.54569 -13.96665 -156.71712 -92.28379
20143 2.37409 NaN NaN NaN 152.42847 -91.11735 -23.69840 255.88853 -163.07869 -34.66367 NaN NaN NaN -12.37819 -171.54378 37.65215 -13.99258 -156.39001 -92.01575
20144 2.38243 NaN NaN NaN 152.36423 -91.13589 -23.68569 255.88246 -163.16234 -34.54362 NaN NaN NaN -13.79827 -172.37399 37.81109 -14.24754 -156.28654 -91.78402
20145 2.39078 NaN NaN NaN 152.33907 -91.25246 -23.57632 255.86256 -163.31378 -34.43861 NaN NaN NaN -15.19404 -173.06897 37.95259 -14.61569 -156.43419 -91.53607
20146 2.39913 NaN NaN NaN 152.33112 -91.45541 -23.42296 255.82599 -163.42329 -34.32908 NaN NaN NaN -16.58400 -173.67006 38.01897 -14.92117 -156.47247 -91.24487
20147 2.40747 NaN NaN NaN 152.31555 -91.68430 -23.24664 255.78645 -163.52487 -34.25395 NaN NaN NaN -17.93103 -174.18414 38.10152 -15.14452 -156.48151 -90.94780
20148 2.41582 NaN NaN NaN 152.29202 -91.83008 -23.13611 255.75389 -163.56975 -34.15075 NaN NaN NaN -19.09772 -174.54333 38.26442 -15.34464 -156.30606 -90.70773
20149 2.42417 NaN NaN NaN 152.23413 -91.89954 -23.11872 255.69641 -163.59119 -34.07702 NaN NaN NaN -20.07005 -174.71953 38.48347 -15.60028 -156.17749 -90.52361
20150 2.43251 NaN NaN NaN 152.21231 -91.98615 -23.06923 255.62785 -163.59952 -33.95698 NaN NaN NaN -20.79138 -174.75391 38.85598 -15.83370 -156.03331 -90.20629
20151 2.44086 NaN NaN NaN 152.10651 -91.89890 -23.18502 255.59100 -163.64098 -33.81472 NaN NaN NaN -21.37651 -174.65404 39.26524 -16.13662 -155.81866 -89.79919
20152 2.44921 NaN NaN NaN 151.94344 -91.69911 -23.39825 255.53656 -163.57594 -33.79953 NaN NaN NaN -21.87030 -174.41791 39.69268 -16.41333 -155.67813 -89.42983
20153 2.45755 NaN NaN NaN 151.83757 -91.53445 -23.54044 255.49184 -163.48056 -33.78652 NaN NaN NaN -22.19983 -174.06268 40.19765 -16.65800 -155.44254 -88.83124
20154 2.46590 NaN NaN NaN 151.77690 -91.34024 -23.72429 255.42578 -163.35156 -33.73867 NaN NaN NaN -22.38446 -173.66621 40.72880 -16.95232 -155.30135 -88.32439
20155 2.47425 NaN NaN NaN 151.70978 -91.17210 -23.91770 255.36264 -163.25882 -33.66193 NaN NaN NaN -22.40769 -173.27365 41.32381 -17.30843 -155.23741 -87.83792
20156 2.48259 NaN NaN NaN 151.66438 -90.98662 -24.18233 255.25919 -163.10883 -33.60407 NaN NaN NaN -22.35424 -172.84303 41.94298 -17.71504 -155.19565 -87.28501
20157 2.49094 NaN NaN NaN 151.62903 -90.78313 -24.45008 255.14821 -162.95323 -33.50781 NaN NaN NaN -22.25475 -172.41048 42.49479 -18.10326 -155.19147 -86.76798
20158 2.49929 NaN NaN NaN 151.59006 -90.48453 -24.78743 255.06378 -162.83217 -33.40905 NaN NaN NaN -22.17130 -171.97760 43.05872 -18.55835 -155.34639 -86.25861
20159 2.50763 NaN NaN NaN 151.45677 -90.77197 -24.90193 254.96873 -162.65796 -33.28462 NaN NaN NaN -22.15812 -171.62962 43.56602 -18.98619 -155.32776 -85.85279
20160 2.51598 NaN NaN NaN 151.42743 -90.21208 -25.29104 254.85022 -162.48604 -33.15055 NaN NaN NaN -22.25308 -171.33862 44.05088 -19.33989 -155.37029 -85.32935
20161 2.52433 NaN NaN NaN 151.39713 -89.71172 -25.69026 254.72469 -162.26123 -33.03127 NaN NaN NaN -22.45315 -171.23906 44.41037 -19.55837 -155.34688 -84.96465
20162 2.53267 NaN NaN NaN 151.31248 -89.24339 -26.01438 254.62434 -162.07346 -32.95981 NaN NaN NaN -22.72843 -171.21721 44.74727 -19.63836 -155.20624 -84.62648
20163 2.54102 NaN NaN NaN 151.16110 -89.40617 -26.13008 254.50752 -161.95367 -32.92304 NaN NaN NaN -22.97156 -171.19739 45.09027 -19.69345 -154.94215 -84.16933
20164 2.54936 NaN NaN NaN 151.07518 -89.62786 -26.19200 254.40070 -161.84303 -32.90132 NaN NaN NaN -23.11999 -171.20454 45.32920 -19.66385 -154.70190 -83.91439
20165 2.55771 NaN NaN NaN 151.03894 -89.80495 -26.27554 254.31084 -161.80276 -32.91800 NaN NaN NaN -23.14988 -171.20700 45.52623 -19.60701 -154.46317 -83.81655
20166 2.56606 NaN NaN NaN 151.15884 -89.24586 -26.52649 254.27078 -161.78389 -32.91407 NaN NaN NaN -23.01797 -171.07867 45.69692 -19.56016 -154.14676 -83.64642
20167 2.57440 NaN NaN NaN 151.16252 -88.84621 -26.67419 254.24449 -161.76970 -32.96264 NaN NaN NaN -22.64234 -170.86118 45.88015 -19.58464 -153.95467 -83.40414
20168 2.58275 NaN NaN NaN 151.09335 -88.50518 -26.77518 254.21844 -161.79655 -33.01012 NaN NaN NaN -22.06340 -170.49011 46.05443 -19.63873 -153.80981 -83.18790
20169 2.59110 NaN NaN NaN 151.02299 -88.38965 -26.83444 254.18890 -161.81477 -33.10707 NaN NaN NaN -21.36722 -170.08330 46.18688 -19.68019 -153.73567 -83.17614
20170 2.59944 NaN NaN NaN 150.99796 -88.45827 -26.81731 254.16325 -161.82748 -33.18484 NaN NaN NaN -20.48538 -169.60394 46.25003 -19.76160 -153.64581 -83.14925
20171 2.60779 NaN NaN NaN 150.92459 -89.22094 -26.59881 254.16336 -161.88847 -33.26656 NaN NaN NaN -19.43823 -169.02475 46.26601 -19.80433 -153.45239 -83.19125
20172 2.61614 NaN NaN NaN 151.01613 -89.22104 -26.61434 254.15569 -161.94774 -33.35939 NaN NaN NaN -18.24917 -168.38248 46.17859 -19.90451 -153.36169 -83.25277
20173 2.62448 NaN NaN NaN 150.96790 -89.76011 -26.46441 254.13203 -162.00128 -33.49813 NaN NaN NaN -16.98893 -167.68086 46.06486 -19.99842 -153.24553 -83.38513
20174 2.63283 NaN NaN NaN 150.90862 -90.10158 -26.38607 254.12022 -162.03511 -33.56194 NaN NaN NaN -15.67426 -166.98094 45.95590 -20.07682 -153.17273 -83.53545
20175 2.64118 NaN NaN NaN 150.93874 -89.68458 -26.47278 254.10875 -162.06989 -33.67215 NaN NaN NaN -14.31064 -166.19859 45.67431 -20.03855 -153.00145 -83.88306
20176 2.64952 NaN NaN NaN 150.89774 -89.34343 -26.58170 254.09219 -162.07346 -33.72848 NaN NaN NaN -13.05894 -165.50060 45.25019 -19.87626 -152.66185 -84.24834
20177 2.65787 NaN NaN NaN 150.79552 -89.05986 -26.68027 254.08739 -162.06252 -33.78337 NaN NaN NaN -12.02569 -164.97940 44.71784 -19.36387 -152.17149 -84.66888
20178 2.66622 NaN NaN NaN 150.69873 -88.93355 -26.75965 254.08232 -162.01256 -33.80044 NaN NaN NaN -11.00223 -164.51147 44.17981 -18.79479 -151.49117 -85.11057
20179 2.67456 NaN NaN NaN 150.63812 -89.02178 -26.73824 254.07426 -161.97868 -33.83249 NaN NaN NaN -10.00824 -163.99301 43.69083 -18.39235 -150.91638 -85.69884
20180 2.68291 NaN NaN NaN 150.65244 -89.15619 -26.73137 254.09152 -161.99950 -33.75600 NaN NaN NaN -9.07780 -163.51669 43.17068 -18.00917 -150.37216 -86.19631
20181 2.69126 NaN NaN NaN 150.65540 -89.27385 -26.79393 254.08194 -161.96941 -33.77268 NaN NaN NaN -8.37351 -163.15379 42.68529 -17.58064 -149.81418 -86.68473
20182 2.69960 NaN NaN NaN 150.65271 -89.30574 -26.86191 254.06596 -161.90001 -33.81183 NaN NaN NaN -7.94076 -162.95872 42.22739 -17.07743 -149.24092 -87.09906
20183 2.70795 NaN NaN NaN 150.64116 -89.20310 -26.92635 254.09848 -161.87300 -33.77831 NaN NaN NaN -7.63786 -162.83572 41.90834 -16.60221 -148.70375 -87.39319
20184 2.71630 NaN NaN NaN 150.65222 -89.10812 -26.94843 254.10600 -161.80936 -33.82099 NaN NaN NaN -7.36360 -162.70467 41.78642 -16.33798 -148.33246 -87.51012
20185 2.72464 NaN NaN NaN 150.65674 -89.05273 -26.95231 254.15070 -161.79118 -33.76007 NaN NaN NaN -7.03378 -162.51511 41.83519 -16.39845 -148.17239 -87.50290
20186 2.73299 NaN NaN NaN 150.74905 -89.02205 -26.82318 254.19389 -161.82375 -33.73153 NaN NaN NaN -6.67722 -162.22375 42.06802 -16.65520 -148.34077 -87.30188
20187 2.74134 NaN NaN NaN 150.79128 -89.12459 -26.73988 254.25496 -161.88213 -33.74364 NaN NaN NaN -6.32876 -161.85365 42.49116 -17.14866 -148.80603 -86.92131
20188 2.74968 NaN NaN NaN 150.84657 -89.35841 -26.61861 254.31827 -161.93010 -33.86595 NaN NaN NaN -6.06322 -161.49228 42.97932 -17.86643 -149.52269 -86.39404
20189 2.75803 NaN NaN NaN 150.85046 -90.14636 -26.33288 254.39093 -162.01675 -33.95456 NaN NaN NaN -5.82123 -161.05565 43.57122 -18.70972 -150.36772 -85.77442
20190 2.76638 NaN NaN NaN 150.91463 -90.70327 -26.06519 254.47165 -162.07994 -34.01514 NaN NaN NaN -5.67064 -160.67554 44.19031 -19.60876 -151.27403 -85.04707
20191 2.77472 NaN NaN NaN 150.95706 -91.03837 -25.88598 254.56473 -162.19887 -34.11697 NaN NaN NaN -5.60249 -160.34631 44.82256 -20.51539 -152.18808 -84.40163
20192 2.78307 NaN NaN NaN 151.03806 -91.19709 -25.76480 254.62379 -162.33694 -34.14348 NaN NaN NaN -5.64430 -160.06711 45.34321 -21.24479 -152.97298 -83.80383
20193 2.79142 NaN NaN NaN 151.17076 -90.57919 -25.85784 254.65758 -162.44626 -34.11011 NaN NaN NaN -5.77304 -159.87476 45.83732 -21.81662 -153.63672 -83.32207
20194 2.79976 NaN NaN NaN 151.20625 -90.15818 -25.90636 254.67604 -162.52689 -34.05496 NaN NaN NaN -6.00503 -159.85258 46.19893 -22.19134 -154.12878 -82.90993
20195 2.80811 NaN NaN NaN 151.14742 -89.89835 -25.86683 254.63683 -162.54681 -34.04368 NaN NaN NaN -6.30799 -159.88206 46.51133 -22.38592 -154.50711 -82.60278
20196 2.81645 NaN NaN NaN 151.09860 -89.79057 -25.82629 254.61971 -162.57016 -34.00129 NaN NaN NaN -6.62645 -159.95595 46.87148 -22.52822 -154.75522 -82.29597
20197 2.82480 NaN NaN NaN 151.10138 -89.85681 -25.76394 254.54784 -162.57312 -33.96937 NaN NaN NaN -6.93652 -160.02217 47.18908 -22.69437 -155.01260 -82.04844
20198 2.83315 NaN NaN NaN 151.10536 -89.92298 -25.75498 254.47440 -162.54095 -33.87392 NaN NaN NaN -7.36826 -160.09659 47.36754 -22.76615 -155.30234 -81.91126
20199 2.84149 NaN NaN NaN 151.14923 -89.89652 -25.74100 254.40556 -162.48984 -33.80486 NaN NaN NaN -7.96502 -160.27994 47.47007 -22.70619 -155.51225 -81.86665
20200 2.84984 NaN NaN NaN 151.15494 -89.74313 -25.84740 254.32581 -162.47324 -33.74535 NaN NaN NaN -8.79086 -160.64378 47.51970 -22.51366 -155.68436 -81.86094
20201 2.85819 NaN NaN NaN 151.12184 -89.53756 -25.99846 254.25826 -162.45978 -33.74982 NaN NaN NaN -9.70524 -161.12343 47.61369 -22.27427 -155.74825 -81.95648
20202 2.86653 NaN NaN NaN 150.96849 -89.92277 -25.99856 254.14177 -162.43178 -33.74950 NaN NaN NaN -10.58481 -161.62038 47.65320 -22.13001 -155.91792 -82.01609
20203 2.87488 NaN NaN NaN 150.92000 -90.12659 -26.04016 254.02383 -162.39740 -33.74788 NaN NaN NaN -11.41943 -162.07764 47.69151 -22.07401 -156.08649 -82.11588
20204 2.88323 NaN NaN NaN 150.98468 -90.19726 -26.11016 253.90459 -162.33980 -33.74418 NaN NaN NaN -12.28924 -162.51286 47.73153 -22.06728 -156.29030 -82.17989
20205 2.89157 NaN NaN NaN 151.01711 -90.08019 -26.17370 253.85280 -162.44116 -33.61139 NaN NaN NaN -13.21250 -162.93799 47.74196 -22.12893 -156.57393 -82.20880
20206 2.89992 NaN NaN NaN 151.10591 -89.25038 -26.47342 253.78368 -162.54526 -33.57193 NaN NaN NaN -14.05973 -163.37430 47.73213 -22.15647 -156.86957 -82.18221
20207 2.90827 NaN NaN NaN 151.08801 -88.67522 -26.70747 253.73293 -162.58879 -33.53198 NaN NaN NaN -14.81625 -163.75900 47.76730 -22.28970 -157.06178 -82.22092
20208 2.91661 NaN NaN NaN 151.01314 -88.26379 -26.84338 253.61896 -162.45361 -33.49256 NaN NaN NaN -15.30954 -164.01595 47.91594 -22.59018 -157.35149 -82.19386
20209 2.92496 NaN NaN NaN 150.96358 -88.08811 -26.87155 253.59630 -162.49445 -33.42923 NaN NaN NaN -15.45212 -164.10287 48.00600 -23.11151 -157.77628 -82.09776
20210 2.93331 NaN NaN NaN 150.95757 -88.10081 -26.83250 253.58333 -162.40907 -33.36837 NaN NaN NaN -15.39345 -164.06078 48.07371 -23.63015 -158.26968 -81.97025
20211 2.94165 NaN NaN NaN 151.00313 -88.24863 -26.76238 253.60541 -162.39038 -33.33284 NaN NaN NaN -15.30482 -164.01079 47.99246 -23.95557 -158.64732 -81.97508
20212 2.95000 NaN NaN NaN 151.07143 -88.40290 -26.67848 253.65295 -162.43764 -33.27942 NaN NaN NaN -15.37809 -164.10876 47.79182 -24.06152 -158.95268 -82.15220
20213 2.95835 NaN NaN NaN 151.12852 -88.48116 -26.62726 253.71776 -162.45642 -33.32859 NaN NaN NaN -15.49614 -164.33768 47.44925 -24.02081 -158.96902 -82.40284
20214 2.96669 NaN NaN NaN 151.19751 -88.52723 -26.65476 253.74016 -162.35490 -33.45687 NaN NaN NaN -15.61548 -164.65207 47.05928 -23.95060 -158.84196 -82.82207
20215 2.97504 NaN NaN NaN 151.25607 -88.45033 -26.77885 253.83031 -162.28735 -33.48381 NaN NaN NaN -15.71993 -164.97337 46.71998 -23.87607 -158.62965 -83.20562
20216 2.98339 NaN NaN NaN 151.31551 -88.27559 -26.93610 253.85840 -162.09154 -33.61773 NaN NaN NaN -15.86788 -165.28581 46.35710 -23.73678 -158.39116 -83.52105
20217 2.99173 NaN NaN NaN 151.37256 -88.03799 -27.09102 253.90640 -161.93402 -33.73946 NaN NaN NaN -16.02833 -165.63605 46.07712 -23.68647 -158.23148 -83.83784
20218 3.00008 NaN NaN NaN 151.37947 -87.79482 -27.28743 253.92822 -161.78059 -33.77701 NaN NaN NaN -16.16376 -165.96904 45.89652 -23.65416 -158.11795 -84.06718
20219 3.00843 NaN NaN NaN 151.28423 -88.11232 -27.43160 253.93820 -161.62257 -33.76503 NaN NaN NaN -16.26806 -166.33383 45.80090 -23.78292 -158.08377 -84.16377
20220 3.01677 NaN NaN NaN 151.36237 -87.63637 -27.65954 253.90808 -161.50880 -33.74191 NaN NaN NaN -16.33565 -166.68335 45.69584 -23.93062 -158.19196 -84.25724
20221 3.02512 NaN NaN NaN 151.38797 -87.30022 -27.86599 253.89319 -161.35710 -33.75823 NaN NaN NaN -16.35208 -166.99411 45.57305 -24.12375 -158.27344 -84.33189
20222 3.03347 NaN NaN NaN 151.38362 -87.06042 -28.03218 253.86227 -161.22020 -33.81509 NaN NaN NaN -16.27296 -167.20218 45.44064 -24.38884 -158.46231 -84.27532
20223 3.04181 NaN NaN NaN 151.34158 -86.89325 -28.13438 253.85382 -161.12991 -33.87089 NaN NaN NaN -16.10143 -167.25725 45.36262 -24.67900 -158.67279 -84.36234
20224 3.05016 NaN NaN NaN 151.30928 -86.84574 -28.18208 253.85080 -161.04480 -33.92897 NaN NaN NaN -15.84231 -167.23338 45.31995 -25.05190 -158.97639 -84.42849
20225 3.05850 NaN NaN NaN 151.31189 -86.89759 -28.19169 253.88237 -161.05084 -33.95391 NaN NaN NaN -15.56475 -167.16231 45.28898 -25.46525 -159.23726 -84.42703
20226 3.06685 NaN NaN NaN 151.35036 -87.02156 -28.22589 253.91077 -161.11554 -33.97026 NaN NaN NaN -15.18842 -167.04179 45.22182 -25.82681 -159.50229 -84.38229
20227 3.07520 NaN NaN NaN 151.36685 -87.16683 -28.18129 253.95619 -161.21889 -33.96541 NaN NaN NaN -14.77250 -166.88782 45.16087 -26.19194 -159.68980 -84.33720
20228 3.08354 NaN NaN NaN 151.43832 -87.30616 -28.10407 254.00102 -161.34511 -33.97157 NaN NaN NaN -14.33807 -166.71474 45.09542 -26.53269 -159.79500 -84.41815
20229 3.09189 NaN NaN NaN 151.50638 -87.37651 -28.05605 254.01004 -161.39412 -34.12808 NaN NaN NaN -13.88093 -166.52464 44.96708 -26.82623 -159.82239 -84.55090
20230 3.10024 NaN NaN NaN 151.54131 -87.47536 -28.01528 254.06097 -161.40594 -34.20803 NaN NaN NaN -13.40892 -166.32312 44.78995 -27.06272 -159.77737 -84.66039
20231 3.10858 NaN NaN NaN 151.52507 -87.55077 -27.98405 254.11601 -161.43433 -34.25895 NaN NaN NaN -12.86622 -166.09480 44.53854 -27.19106 -159.61429 -84.84496
20232 3.11693 NaN NaN NaN 151.53291 -87.67847 -27.86361 254.14903 -161.46236 -34.28827 NaN NaN NaN -12.36455 -165.90601 44.15393 -27.23628 -159.36098 -85.13642
20233 3.12528 NaN NaN NaN 151.54752 -87.78250 -27.76896 254.20091 -161.50383 -34.36589 NaN NaN NaN -11.90423 -165.72987 43.65047 -27.09713 -158.98787 -85.52855
20234 3.13362 NaN NaN NaN 151.58327 -87.87978 -27.70944 254.26724 -161.56116 -34.40463 NaN NaN NaN -11.47726 -165.55876 43.17926 -26.79109 -158.51120 -86.03339
20235 3.14197 NaN NaN NaN 151.52365 -88.54266 -27.40784 254.31775 -161.57399 -34.43501 NaN NaN NaN -11.00305 -165.39052 42.70369 -26.51175 -158.01067 -86.48698
20236 3.15032 NaN NaN NaN 151.53419 -88.92558 -27.22818 254.36690 -161.59697 -34.37579 NaN NaN NaN -10.48305 -165.17198 42.29675 -26.31150 -157.61942 -86.84121
20237 3.15866 NaN NaN NaN 151.69890 -88.50644 -27.28172 254.38625 -161.59277 -34.28747 NaN NaN NaN -9.97234 -164.96420 41.97212 -26.23127 -157.22487 -87.09383
20238 3.16701 NaN NaN NaN 151.73500 -88.04687 -27.31265 254.38599 -161.58492 -34.20770 NaN NaN NaN -9.50037 -164.70874 41.81618 -26.30465 -157.07404 -87.24717
20239 3.17536 NaN NaN NaN 151.56964 -88.27364 -27.21125 254.37675 -161.61008 -34.23740 NaN NaN NaN -9.05172 -164.37843 41.82832 -26.54911 -157.00731 -87.18640
20240 3.18370 NaN NaN NaN 151.56659 -88.01895 -27.19459 254.35638 -161.63005 -34.23473 NaN NaN NaN -8.67960 -163.97566 41.97675 -26.91818 -157.26207 -86.94266
20241 3.19205 NaN NaN NaN 151.46579 -88.56672 -27.03861 254.34601 -161.67227 -34.25330 NaN NaN NaN -8.40743 -163.64114 42.14820 -27.34174 -157.69698 -86.69863
20242 3.20040 NaN NaN NaN 151.55580 -88.40757 -27.00910 254.31618 -161.71721 -34.26849 NaN NaN NaN -8.28660 -163.41577 42.34402 -27.65749 -158.01395 -86.41853
20243 3.20874 NaN NaN NaN 151.56462 -88.31272 -27.03169 254.27350 -161.76256 -34.26820 NaN NaN NaN -8.28539 -163.24840 42.51520 -27.88781 -158.32018 -86.22740
20244 3.21709 NaN NaN NaN 151.50034 -88.24725 -27.06637 254.22247 -161.81734 -34.26388 NaN NaN NaN -8.33545 -163.12305 42.64456 -27.93008 -158.45129 -86.13049
20245 3.22544 NaN NaN NaN 151.38469 -88.20055 -27.06981 254.18608 -161.89926 -34.23412 NaN NaN NaN -8.36421 -162.97943 42.73015 -27.79189 -158.43961 -86.04467
20246 3.23378 NaN NaN NaN 151.32425 -88.31215 -26.94654 254.16219 -162.00441 -34.21467 NaN NaN NaN -8.25890 -162.68527 42.80041 -27.55982 -158.32648 -86.01792
20247 3.24213 NaN NaN NaN 151.36330 -88.64648 -26.58079 254.15988 -162.11745 -34.18130 NaN NaN NaN -8.05167 -162.24191 42.81228 -27.32808 -158.14647 -86.04004
20248 3.25048 NaN NaN NaN 151.42871 -88.89292 -26.22562 254.16318 -162.24150 -34.16539 NaN NaN NaN -7.84873 -161.78030 42.74567 -26.94207 -157.96060 -86.16804
20249 3.25882 NaN NaN NaN 151.33493 -89.77251 -25.79510 254.17050 -162.32391 -34.11219 NaN NaN NaN -7.74998 -161.37802 42.62823 -26.40136 -157.69653 -86.31074
20250 3.26717 NaN NaN NaN 151.42290 -89.56661 -25.83723 254.15193 -162.38026 -34.07234 NaN NaN NaN -7.73042 -161.15759 42.51740 -25.85813 -157.46649 -86.54234
20251 3.27552 NaN NaN NaN 151.39520 -89.32923 -25.93994 254.11935 -162.35193 -34.02736 NaN NaN NaN -7.77187 -161.04292 42.41766 -25.37260 -157.28494 -86.71742
20252 3.28386 NaN NaN NaN 151.22826 -89.64177 -25.88350 254.04906 -162.31454 -34.02998 NaN NaN NaN -7.86069 -160.95099 42.30133 -24.97654 -157.23022 -86.90899
20253 3.29221 NaN NaN NaN 151.25116 -89.11797 -26.04443 253.98752 -162.24594 -34.02886 NaN NaN NaN -8.08930 -160.97969 42.14065 -24.73824 -157.30019 -87.08721
20254 3.30056 NaN NaN NaN 151.14055 -89.28576 -26.10330 253.84325 -162.11920 -33.98154 NaN NaN NaN -8.46847 -161.18690 42.00434 -24.42021 -157.32539 -87.33913
20255 3.30890 NaN NaN NaN 151.18317 -88.81893 -26.42251 253.68927 -161.98611 -33.97195 NaN NaN NaN -8.97516 -161.47224 41.96960 -24.18896 -157.45416 -87.44141
20256 3.31725 NaN NaN NaN 151.14445 -88.35337 -26.71497 253.59349 -161.89655 -33.92616 NaN NaN NaN -9.42700 -161.79227 42.02990 -24.09080 -157.65598 -87.40317
20257 3.32559 NaN NaN NaN 151.06650 -87.99108 -26.92615 253.51685 -161.84489 -33.92640 NaN NaN NaN -9.85502 -162.08923 42.08695 -24.13339 -157.91866 -87.36783
20258 3.33394 NaN NaN NaN 150.98338 -87.80495 -27.00214 253.49347 -161.83702 -33.88481 NaN NaN NaN -10.31580 -162.49756 42.17622 -24.15792 -158.09792 -87.32124
20259 3.34229 NaN NaN NaN 150.95088 -87.74453 -27.01100 253.48349 -161.85216 -33.89112 NaN NaN NaN -10.88110 -162.92409 42.25409 -24.17418 -158.23660 -87.26832
20260 3.35063 NaN NaN NaN 151.02290 -87.89629 -26.87288 253.53719 -161.89253 -33.85526 NaN NaN NaN -11.36133 -163.34131 42.24866 -24.20267 -158.37285 -87.28371
20261 3.35898 NaN NaN NaN 151.15213 -88.05000 -26.65793 253.59538 -161.89981 -33.86343 NaN NaN NaN -11.71764 -163.75598 42.16009 -24.28416 -158.42348 -87.41796
20262 3.36733 NaN NaN NaN 151.29648 -88.22268 -26.39465 253.67793 -161.91139 -33.83054 NaN NaN NaN -12.01783 -164.10423 41.97189 -24.34089 -158.40503 -87.67986
20263 3.37567 NaN NaN NaN 151.37001 -88.30251 -26.29152 253.77261 -161.89529 -33.79726 NaN NaN NaN -12.28820 -164.48271 41.58732 -24.27765 -158.36320 -88.01187
20264 3.38402 NaN NaN NaN 151.41830 -88.27357 -26.31823 253.86464 -161.83400 -33.78742 NaN NaN NaN -12.59267 -164.94672 41.21697 -24.26059 -158.24594 -88.39354
20265 3.39237 NaN NaN NaN 151.45164 -88.16375 -26.43017 253.97641 -161.70132 -33.82579 NaN NaN NaN -12.92005 -165.44476 40.87646 -24.21496 -158.08600 -88.74377
20266 3.40071 NaN NaN NaN 151.49493 -88.00519 -26.54533 254.07918 -161.55707 -33.86077 NaN NaN NaN -13.21056 -165.97398 40.57375 -24.25025 -158.03790 -88.99604
20267 3.40906 NaN NaN NaN 151.57388 -87.79285 -26.80083 254.14166 -161.40062 -33.91401 NaN NaN NaN -13.43657 -166.50349 40.38441 -24.37905 -158.12355 -89.25541
20268 3.41741 NaN NaN NaN 151.60732 -87.57477 -27.08147 254.18443 -161.28006 -33.94737 NaN NaN NaN -13.62253 -166.99789 40.28176 -24.57182 -158.20949 -89.34295
20269 3.42575 NaN NaN NaN 151.59348 -87.35537 -27.27095 254.24385 -161.14478 -34.01563 NaN NaN NaN -13.75504 -167.40775 40.21969 -24.74615 -158.28102 -89.38195
20270 3.43410 NaN NaN NaN 151.62718 -87.19884 -27.38423 254.31734 -161.04587 -34.03202 NaN NaN NaN -13.83524 -167.74794 40.24588 -24.90298 -158.40367 -89.36263
20271 3.44245 NaN NaN NaN 151.66521 -87.87457 -27.16123 254.38501 -160.98769 -34.08165 NaN NaN NaN -13.78295 -167.97429 40.32464 -25.19611 -158.53319 -89.27041
20272 3.45079 NaN NaN NaN 151.71992 -88.35567 -27.02461 254.45419 -160.97119 -34.15515 NaN NaN NaN -13.62113 -168.09047 40.43873 -25.55395 -158.79128 -89.12091
20273 3.45914 NaN NaN NaN 151.93932 -88.04036 -27.14588 254.54579 -160.97783 -34.20596 NaN NaN NaN -13.37637 -168.06487 40.54031 -26.00824 -159.04639 -88.96842
20274 3.46749 NaN NaN NaN 151.99609 -87.77827 -27.23813 254.65215 -160.98317 -34.21698 NaN NaN NaN -13.03297 -167.93077 40.63320 -26.46691 -159.38196 -88.80573
20275 3.47583 NaN NaN NaN 151.88020 -88.14353 -27.14968 254.74062 -161.02287 -34.20799 NaN NaN NaN -12.62327 -167.69032 40.74105 -26.97195 -159.72295 -88.53996
20276 3.48418 NaN NaN NaN 151.95486 -87.80907 -27.21616 254.80571 -161.06236 -34.17417 NaN NaN NaN -12.16098 -167.39688 40.85369 -27.51231 -160.12027 -88.30539
20277 3.49253 NaN NaN NaN 151.93959 -88.23581 -27.06664 254.83931 -161.05919 -34.13922 NaN NaN NaN -11.76431 -167.12405 40.94564 -27.95203 -160.40614 -88.18198
20278 3.50087 NaN NaN NaN 151.97525 -88.52557 -26.93235 254.85617 -161.05077 -34.10138 NaN NaN NaN -11.51132 -166.98874 41.00019 -28.21882 -160.54887 -88.05093
20279 3.50922 NaN NaN NaN 151.96896 -88.70892 -26.85608 254.86858 -161.03198 -34.06391 NaN NaN NaN -11.42137 -166.96291 41.00595 -28.27707 -160.52690 -88.00020
20280 3.51757 NaN NaN NaN 152.12823 -88.16624 -26.93068 254.90984 -160.99803 -34.00199 NaN NaN NaN -11.41326 -167.05960 40.99644 -28.25166 -160.43246 -87.98247
20281 3.52591 NaN NaN NaN 152.04051 -88.27604 -26.94018 254.91470 -160.95532 -33.96791 NaN NaN NaN -11.41673 -167.17532 41.02634 -28.28227 -160.28773 -87.97906
20282 3.53426 NaN NaN NaN 152.11186 -87.66534 -27.07310 254.90025 -160.92079 -33.94696 NaN NaN NaN -11.47535 -167.26006 41.12377 -28.49106 -160.16141 -87.99066
20283 3.54261 NaN NaN NaN 152.11807 -87.32586 -27.15748 254.87683 -160.87535 -33.90341 NaN NaN NaN -11.59329 -167.34808 41.24168 -28.79885 -160.13879 -87.87753
20284 3.55095 NaN NaN NaN 152.06383 -87.12033 -27.17558 254.85977 -160.83000 -33.86318 NaN NaN NaN -11.81621 -167.40793 41.44238 -29.23419 -160.40385 -87.63067
20285 3.55930 NaN NaN NaN 151.95506 -87.60163 -27.05404 254.86325 -160.81319 -33.84379 NaN NaN NaN -12.10900 -167.50694 41.70535 -29.79606 -160.75423 -87.29744
20286 3.56764 NaN NaN NaN 152.03209 -87.47376 -27.04780 254.83263 -160.78662 -33.80251 NaN NaN NaN -12.41798 -167.61119 42.08889 -30.46081 -161.30547 -86.87925
20287 3.57599 NaN NaN NaN 152.08774 -87.43616 -27.01963 254.81253 -160.79922 -33.73980 NaN NaN NaN -12.81822 -167.78333 42.47960 -31.18300 -161.87424 -86.49937
20288 3.58434 NaN NaN NaN 152.08949 -87.35067 -26.96951 254.78923 -160.81131 -33.66720 NaN NaN NaN -13.20498 -167.90221 42.85375 -31.99400 -162.44598 -86.06116
20289 3.59268 NaN NaN NaN 152.04437 -87.26578 -26.91137 254.74883 -160.84555 -33.63380 NaN NaN NaN -13.59398 -168.06630 43.19305 -32.79814 -162.90202 -85.64916
20290 3.60103 NaN NaN NaN 151.98029 -87.24102 -26.83482 254.69748 -160.86249 -33.53907 NaN NaN NaN -13.98131 -168.16817 43.55730 -33.47406 -163.34486 -85.26204
20291 3.60938 NaN NaN NaN 151.91357 -87.28105 -26.78160 254.64462 -160.89159 -33.47490 NaN NaN NaN -14.31283 -168.15981 43.80839 -33.93189 -163.60773 -84.95998
20292 3.61772 NaN NaN NaN 151.85832 -87.34006 -26.67756 254.56503 -160.91731 -33.42432 NaN NaN NaN -14.59978 -168.06865 43.97037 -34.12629 -163.71042 -84.81800
20293 3.62607 NaN NaN NaN 151.81293 -87.41376 -26.60818 254.48183 -160.94049 -33.39458 NaN NaN NaN -14.74112 -167.87929 44.06501 -34.04495 -163.54684 -84.73721
20294 3.63442 NaN NaN NaN 151.78000 -87.48035 -26.56760 254.42337 -161.00539 -33.39866 NaN NaN NaN -14.64712 -167.55443 44.09715 -33.82740 -163.19121 -84.69102
20295 3.64276 NaN NaN NaN 151.74629 -87.57348 -26.52901 254.36163 -161.06543 -33.43658 NaN NaN NaN -14.35581 -167.01074 44.08067 -33.54803 -162.84512 -84.68644
20296 3.65111 NaN NaN NaN 151.69635 -87.64500 -26.48264 254.28638 -161.16463 -33.48960 NaN NaN NaN -14.05782 -166.36195 43.93843 -33.02859 -162.42615 -84.92719
20297 3.65946 NaN NaN NaN 151.67767 -87.62909 -26.47752 254.22676 -161.19904 -33.59106 NaN NaN NaN -13.90861 -165.73640 43.69047 -32.41329 -161.98134 -85.25639
20298 3.66780 NaN NaN NaN 151.65474 -87.58842 -26.52506 254.13683 -161.20612 -33.60960 NaN NaN NaN -14.03124 -165.35794 43.34701 -31.64863 -161.60359 -85.72578
20299 3.67615 NaN NaN NaN 151.57007 -87.46016 -26.72725 254.02769 -161.20189 -33.66235 NaN NaN NaN -14.24602 -165.18976 42.94580 -30.93951 -161.19159 -86.27995
20300 3.68450 NaN NaN NaN 151.47221 -87.37332 -26.87532 253.89407 -161.18452 -33.65439 NaN NaN NaN -14.50024 -165.13301 42.58723 -30.36747 -160.92671 -86.81019
20301 3.69284 NaN NaN NaN 151.41452 -87.29979 -26.97740 253.80695 -161.16434 -33.71548 NaN NaN NaN -14.75240 -165.21133 42.25520 -29.93358 -160.74570 -87.18671
20302 3.70119 NaN NaN NaN 151.40227 -87.23061 -27.05195 253.69141 -161.15077 -33.70705 NaN NaN NaN -15.11750 -165.33525 41.97459 -29.68266 -160.65541 -87.54777
20303 3.70954 NaN NaN NaN 151.33789 -87.20641 -27.12099 253.59329 -161.15636 -33.73786 NaN NaN NaN -15.60790 -165.63304 41.75040 -29.46878 -160.69762 -87.78916
20304 3.71788 NaN NaN NaN 151.30759 -87.19352 -27.10510 253.49300 -161.15735 -33.68308 NaN NaN NaN -16.22583 -166.11102 41.66389 -29.22377 -160.79723 -87.99887
20305 3.72623 NaN NaN NaN 151.28574 -87.18358 -27.09486 253.43488 -161.19601 -33.66784 NaN NaN NaN -16.87334 -166.72298 41.52792 -29.07734 -160.91231 -88.12832
20306 3.73458 NaN NaN NaN 151.24884 -87.19207 -27.07908 253.41721 -161.26091 -33.61520 NaN NaN NaN -17.49463 -167.34430 41.48860 -29.07409 -161.08095 -88.14141
20307 3.74292 NaN NaN NaN 151.22354 -87.17251 -27.01057 253.40889 -161.29037 -33.62837 NaN NaN NaN -18.01156 -167.95634 41.48003 -29.17181 -161.23947 -88.19700
20308 3.75127 NaN NaN NaN 151.19807 -87.21337 -26.93886 253.42345 -161.31709 -33.60745 NaN NaN NaN -18.51884 -168.59494 41.41221 -29.27661 -161.48492 -88.36901
20309 3.75962 NaN NaN NaN 151.24248 -87.23092 -26.81264 253.46025 -161.34508 -33.67629 NaN NaN NaN -19.13757 -169.29582 41.14662 -29.29208 -161.73581 -88.61314
20310 3.76796 NaN NaN NaN 151.26894 -87.21366 -26.77105 253.50055 -161.30281 -33.68414 NaN NaN NaN -19.79030 -170.08151 40.80940 -29.23850 -161.89841 -88.92834
20311 3.77631 NaN NaN NaN 151.29417 -87.14732 -26.78442 253.53223 -161.24014 -33.74468 NaN NaN NaN -20.45934 -171.02910 40.45367 -29.21615 -161.99820 -89.22369
20312 3.78466 NaN NaN NaN 151.31313 -87.00686 -26.87452 253.57619 -161.12079 -33.78828 NaN NaN NaN -21.13551 -172.00404 40.14874 -29.28910 -162.06157 -89.59921
20313 3.79300 NaN NaN NaN 151.31564 -86.84296 -27.04757 253.59471 -161.00436 -33.83759 NaN NaN NaN -21.79974 -173.04787 39.91981 -29.40200 -162.18008 -89.78388
20314 3.80135 NaN NaN NaN 151.30800 -86.70102 -27.23028 253.60753 -160.89001 -33.87206 NaN NaN NaN -22.45372 -174.04390 39.78576 -29.71543 -162.47469 -89.99784
20315 3.80970 NaN NaN NaN 151.26785 -86.53811 -27.45975 253.60063 -160.75977 -33.96524 NaN NaN NaN -23.00120 -174.90604 39.74517 -30.17590 -162.92262 -89.99099
20316 3.81804 NaN NaN NaN 151.16765 -86.98016 -27.46390 253.61000 -160.64934 -34.05756 NaN NaN NaN -23.37901 -175.60237 39.83515 -30.69269 -163.48851 -89.85627
20317 3.82639 NaN NaN NaN 151.20378 -87.33858 -27.48102 253.62662 -160.58360 -34.20962 NaN NaN NaN -23.59317 -176.19688 40.06609 -31.35328 -164.16783 -89.56055
20318 3.83473 NaN NaN NaN 151.35846 -87.10722 -27.63285 253.66774 -160.56071 -34.33419 NaN NaN NaN -23.54835 -176.58582 40.37757 -32.10458 -164.87051 -89.18906
20319 3.84308 NaN NaN NaN 151.39864 -86.95353 -27.81567 253.70990 -160.60378 -34.41390 NaN NaN NaN -23.25519 -176.72057 40.65162 -32.88233 -165.65414 -88.87671
20320 3.85143 NaN NaN NaN 151.40578 -86.87287 -27.95564 253.78574 -160.71283 -34.52583 NaN NaN NaN -22.70163 -176.57674 40.94557 -33.89000 -166.41394 -88.52341
20321 3.85977 NaN NaN NaN 151.40468 -86.97301 -28.00379 253.89697 -160.89204 -34.64630 NaN NaN NaN -21.96046 -176.17957 41.26379 -34.90432 -167.17757 -88.21782
20322 3.86812 NaN NaN NaN 151.48656 -87.19788 -28.00226 254.00122 -161.07828 -34.79564 NaN NaN NaN -21.09780 -175.62854 41.49622 -35.84598 -167.82356 -87.88960
20323 3.87647 NaN NaN NaN 151.54634 -87.53017 -28.00715 254.09932 -161.26181 -34.99421 NaN NaN NaN -20.19406 -175.07581 41.59898 -36.59780 -168.36142 -87.65162
20324 3.88481 NaN NaN NaN 151.57755 -87.78324 -27.98651 254.16553 -161.41304 -35.08669 NaN NaN NaN -19.44825 -174.56837 41.57447 -37.08847 -168.76405 -87.38000
20325 3.89316 NaN NaN NaN 151.59186 -88.01239 -28.00029 254.23894 -161.49109 -35.10151 NaN NaN NaN -18.92182 -174.26686 41.48073 -37.23666 -168.92320 -87.30599
20326 3.90151 NaN NaN NaN 151.59526 -88.09956 -28.03009 254.26849 -161.56165 -35.09146 NaN NaN NaN -18.65937 -174.17998 41.34424 -37.14434 -168.69926 -87.40149
