Frame# Time LH1 LH2 LH3 RH1 RH2 RH3
X54 Y54 Z54 X55 Y55 Z55 X56 Y56 Z56 X57 Y57 Z57 X58 Y58 Z58 X59 Y59 Z59
50410 0.00563 NaN NaN NaN 198.62431 -121.34010 -3.47865 304.13055 -179.38344 -42.54441 NaN NaN NaN 69.79737 -91.90275 -19.80748 -22.26539 -183.28677 -34.94859
50411 0.01396 NaN NaN NaN 198.71971 -121.43324 -3.31910 304.20355 -179.34268 -42.62547 NaN NaN NaN 70.26868 -91.29752 -20.49966 -21.70562 -182.79698 -35.34036
50412 0.02229 NaN NaN NaN 198.84717 -121.47339 -3.16260 304.23929 -179.36156 -42.64002 NaN NaN NaN 70.72047 -90.73637 -21.15426 -21.16148 -182.33885 -35.70575
50413 0.03063 NaN NaN NaN 198.95027 -121.54666 -2.99777 304.34720 -179.17563 -42.66671 NaN NaN NaN 71.11208 -90.09149 -21.80230 -20.55328 -181.89531 -36.12721
50414 0.03896 NaN NaN NaN 199.00908 -121.62074 -2.87742 304.39362 -179.08763 -42.67826 NaN NaN NaN 71.55085 -89.48167 -22.53363 -19.98705 -181.42935 -36.57398
50415 0.04729 NaN NaN NaN 199.06909 -121.64069 -2.80295 304.47565 -179.08275 -42.69160 NaN NaN NaN 71.88519 -88.90239 -23.14175 -19.48242 -181.05769 -36.99134
50416 0.05562 NaN NaN NaN 199.11534 -121.67047 -2.77253 304.54141 -179.15758 -42.63344 NaN NaN NaN 72.26057 -88.45034 -23.61166 -19.00292 -180.74684 -37.37543
50417 0.06395 NaN NaN NaN 199.17532 -121.68307 -2.78181 304.59613 -179.25989 -42.61338 NaN NaN NaN 72.54060 -88.00283 -23.90553 -18.61028 -180.45581 -37.75567
50418 0.07228 NaN NaN NaN 199.22993 -121.67348 -2.80147 304.66635 -179.35538 -42.55012 NaN NaN NaN 72.75451 -87.61864 -24.14839 -18.26209 -180.19983 -38.06620
50419 0.08061 NaN NaN NaN 199.29408 -121.67194 -2.79105 304.73212 -179.40340 -42.55448 NaN NaN NaN 72.98595 -87.28854 -24.37365 -17.94554 -179.93747 -38.37039
50420 0.08894 NaN NaN NaN 199.35657 -121.67716 -2.79388 304.76602 -179.42336 -42.59163 NaN NaN NaN 73.22742 -87.09612 -24.48081 -17.70706 -179.70367 -38.71771
50421 0.09728 NaN NaN NaN 199.41566 -121.67143 -2.77327 304.80215 -179.41553 -42.62208 NaN NaN NaN 73.40138 -86.94590 -24.57122 -17.54412 -179.51767 -39.08263
50422 0.10561 NaN NaN NaN 199.45508 -121.67377 -2.76401 304.81772 -179.38089 -42.55475 NaN NaN NaN 73.55676 -86.90816 -24.68750 -17.42862 -179.40410 -39.38244
50423 0.11394 NaN NaN NaN 199.47673 -121.71375 -2.72366 304.82285 -179.25296 -42.59959 NaN NaN NaN 73.64201 -86.87846 -24.82321 -17.31078 -179.28116 -39.68415
50424 0.12227 NaN NaN NaN 199.54245 -121.75033 -2.69155 304.87848 -179.22453 -42.57499 NaN NaN NaN 73.66564 -86.88203 -24.96141 -17.22866 -179.23859 -40.07654
50425 0.13060 NaN NaN NaN 199.61011 -121.81765 -2.61114 304.97296 -179.21651 -42.64410 NaN NaN NaN 73.65385 -86.92136 -25.06341 -17.23965 -179.22128 -40.38055
50426 0.13893 NaN NaN NaN 199.72168 -121.95309 -2.48037 305.08246 -179.16878 -42.72581 NaN NaN NaN 73.63750 -86.94548 -25.12644 -17.26280 -179.24522 -40.61517
50427 0.14726 NaN NaN NaN 199.90193 -122.07987 -2.29882 305.18677 -179.23038 -42.80807 NaN NaN NaN 73.57026 -87.03897 -25.19847 -17.34921 -179.33536 -40.80876
50428 0.15560 NaN NaN NaN 200.06676 -122.26513 -2.09439 305.28250 -179.26280 -42.89626 NaN NaN NaN 73.50380 -87.15560 -25.21423 -17.48189 -179.43460 -40.98469
50429 0.16393 NaN NaN NaN 200.22691 -122.45893 -1.89610 305.37717 -179.35999 -43.02607 NaN NaN NaN 73.43501 -87.33720 -25.18026 -17.56932 -179.57692 -41.15403
50430 0.17226 NaN NaN NaN 200.31824 -122.63357 -1.78607 305.41974 -179.47421 -43.14653 NaN NaN NaN 73.34798 -87.51241 -25.07392 -17.61486 -179.70685 -41.30988
50431 0.18059 NaN NaN NaN 200.40668 -122.68830 -1.69647 305.45056 -179.59608 -43.25209 NaN NaN NaN 73.30624 -87.66826 -24.98808 -17.64973 -179.79390 -41.47943
50432 0.18892 NaN NaN NaN 200.45180 -122.74522 -1.64626 305.49396 -179.80028 -43.24001 NaN NaN NaN 73.31823 -87.73309 -24.91280 -17.63195 -179.84764 -41.59115
50433 0.19725 NaN NaN NaN 200.49431 -122.73925 -1.64768 305.47385 -179.79175 -43.36179 NaN NaN NaN 73.35972 -87.74373 -24.84525 -17.54015 -179.84290 -41.66831
50434 0.20558 NaN NaN NaN 200.54419 -122.74838 -1.63680 305.48026 -179.73466 -43.51253 NaN NaN NaN 73.42758 -87.73322 -24.75686 -17.41918 -179.84641 -41.80759
50435 0.21391 NaN NaN NaN 200.59798 -122.78613 -1.65379 305.52963 -179.87985 -43.54804 NaN NaN NaN 73.44951 -87.65979 -24.71681 -17.30175 -179.81311 -41.91582
50436 0.22225 NaN NaN NaN 200.69040 -122.81667 -1.59063 305.51859 -179.78596 -43.76993 NaN NaN NaN 73.51933 -87.52987 -24.64849 -17.17680 -179.75136 -42.04174
50437 0.23058 NaN NaN NaN 200.80402 -122.85641 -1.52582 305.52405 -179.73448 -43.93473 NaN NaN NaN 73.55225 -87.40027 -24.67354 -17.06190 -179.72061 -42.15631
50438 0.23891 NaN NaN NaN 200.96358 -122.90731 -1.43400 305.59564 -179.70114 -44.17816 NaN NaN NaN 73.58273 -87.27227 -24.73018 -16.93843 -179.64441 -42.25452
50439 0.24724 NaN NaN NaN 201.10880 -123.01406 -1.30168 305.69254 -179.67096 -44.42719 NaN NaN NaN 73.62861 -87.18577 -24.77069 -16.82319 -179.53392 -42.33814
50440 0.25557 NaN NaN NaN 201.34267 -123.16649 -1.18217 305.76703 -179.69044 -44.68118 NaN NaN NaN 73.68512 -87.07755 -24.79051 -16.74891 -179.42793 -42.45795
50441 0.26390 NaN NaN NaN 201.54655 -123.28229 -1.07730 305.91095 -179.77776 -44.96126 NaN NaN NaN 73.73705 -86.98660 -24.77682 -16.72725 -179.33977 -42.63950
50442 0.27223 NaN NaN NaN 201.77762 -123.40549 -0.97839 306.06232 -179.79289 -45.19839 NaN NaN NaN 73.70385 -86.89648 -24.71622 -16.72386 -179.26764 -42.82279
50443 0.28056 NaN NaN NaN 202.03453 -123.53449 -0.80376 306.18372 -179.78618 -45.43969 NaN NaN NaN 73.64562 -86.84650 -24.59035 -16.73909 -179.20755 -43.05696
50444 0.28890 NaN NaN NaN 202.29378 -123.73658 -0.60842 306.34045 -179.81677 -45.68204 NaN NaN NaN 73.57367 -86.82230 -24.40275 -16.80146 -179.16307 -43.25519
50445 0.29723 NaN NaN NaN 202.59723 -123.99861 -0.36577 306.53403 -179.82977 -46.04849 NaN NaN NaN 73.45822 -86.84002 -24.22242 -16.87422 -179.15250 -43.45480
50446 0.30556 NaN NaN NaN 202.95998 -124.28050 -0.06320 306.72723 -179.89877 -46.40099 NaN NaN NaN 73.30658 -86.88385 -24.11177 -16.97572 -179.15376 -43.70086
50447 0.31389 NaN NaN NaN 203.35124 -124.61253 0.23285 306.95392 -179.94246 -46.82456 NaN NaN NaN 73.15842 -86.94852 -24.04581 -17.13588 -179.12930 -43.96191
50448 0.32222 NaN NaN NaN 203.79962 -124.95493 0.57738 307.16330 -180.03082 -47.25551 NaN NaN NaN 72.99212 -87.04676 -24.03899 -17.31706 -179.13998 -44.10484
50449 0.33055 NaN NaN NaN 204.23489 -125.38110 0.97328 307.39185 -180.08563 -47.76941 NaN NaN NaN 72.92645 -87.18594 -24.19640 -17.49769 -179.21999 -44.18278
50450 0.33888 NaN NaN NaN 204.72185 -125.76733 1.32340 307.59238 -180.18410 -48.20011 NaN NaN NaN 72.90784 -87.41380 -24.70211 -17.67203 -179.34174 -44.16210
50451 0.34721 NaN NaN NaN 205.25224 -126.23697 1.77137 307.79852 -180.33960 -48.73749 NaN NaN NaN 72.87505 -87.59568 -25.23446 -17.86314 -179.54010 -44.02051
50452 0.35555 NaN NaN NaN 205.79904 -126.71658 2.24079 307.99017 -180.43449 -49.32907 NaN NaN NaN 72.85782 -87.89715 -25.87053 -18.02193 -179.83475 -43.85056
50453 0.36388 NaN NaN NaN 206.36710 -127.17947 2.76708 308.14285 -180.57016 -49.94486 NaN NaN NaN 72.84184 -88.31222 -26.27680 -18.20993 -180.21153 -43.65778
50454 0.37221 NaN NaN NaN 207.00522 -127.65443 3.42368 308.27823 -180.67023 -50.58507 NaN NaN NaN 72.74707 -88.78847 -26.61720 -18.50380 -180.64592 -43.56338
50455 0.38054 NaN NaN NaN 207.69693 -128.21838 4.10768 308.41162 -180.78712 -51.23055 NaN NaN NaN 72.69689 -89.41458 -26.86028 -18.80446 -181.06339 -43.54609
50456 0.38887 NaN NaN NaN 208.40295 -128.77213 4.96648 308.53787 -180.86145 -51.82485 NaN NaN NaN 72.64415 -90.10512 -26.99040 -19.12735 -181.45349 -43.52284
50457 0.39720 NaN NaN NaN 209.14500 -129.40508 5.79532 308.67487 -180.87704 -52.43214 NaN NaN NaN 72.60664 -90.81531 -27.22431 -19.47763 -181.85168 -43.46870
50458 0.40553 NaN NaN NaN 209.85547 -129.93077 6.55752 308.83228 -180.94972 -53.07111 NaN NaN NaN 72.57417 -91.58886 -27.59635 -19.89972 -182.24644 -43.35390
50459 0.41387 NaN NaN NaN 210.63608 -130.48016 7.43151 309.01828 -180.90413 -53.75834 NaN NaN NaN 72.59890 -92.41120 -28.00410 -20.43233 -182.65297 -43.04820
50460 0.42220 NaN NaN NaN 211.48402 -131.05782 8.27672 309.22336 -180.78647 -54.48326 NaN NaN NaN 72.61584 -93.33312 -28.60125 -21.07325 -183.10460 -42.51302
50461 0.43053 NaN NaN NaN 212.37373 -131.68129 9.18133 309.38025 -180.68320 -55.22385 NaN NaN NaN 72.66602 -94.39618 -29.36699 -21.86968 -183.54216 -41.77258
50462 0.43886 NaN NaN NaN 213.25764 -132.33133 10.06848 309.46683 -180.63841 -55.91990 NaN NaN NaN 72.64697 -95.67477 -30.30156 -22.77740 -184.12846 -40.67455
50463 0.44719 NaN NaN NaN 214.18311 -133.01685 10.99403 309.52994 -180.67845 -56.55661 NaN NaN NaN 72.40475 -97.15427 -31.40794 -23.87637 -184.92900 -39.46657
50464 0.45552 NaN NaN NaN 215.12767 -133.70853 11.88112 309.57056 -180.72939 -57.20523 NaN NaN NaN 71.90134 -98.79818 -31.84501 -25.20479 -185.95753 -38.60966
50465 0.46385 NaN NaN NaN 216.07454 -134.48798 12.71546 309.62845 -180.81902 -57.90427 NaN NaN NaN 71.16470 -100.55317 -31.48228 -26.63627 -187.03235 -38.54261
50466 0.47218 NaN NaN NaN 217.06042 -135.28070 13.61418 309.63889 -180.89900 -58.57848 NaN NaN NaN 70.38811 -102.59109 -30.40121 -28.21362 -188.01689 -38.97732
50467 0.48052 NaN NaN NaN 217.98155 -136.12047 14.44137 309.68900 -181.00705 -59.04580 NaN NaN NaN 69.61535 -104.67048 -29.34930 -29.68140 -188.85948 -39.48799
50468 0.48885 NaN NaN NaN 218.83589 -136.91237 15.15774 309.75192 -181.15100 -59.50063 NaN NaN NaN 68.85636 -106.50504 -28.58571 -31.03772 -189.58310 -39.88376
50469 0.49718 NaN NaN NaN 219.60928 -137.64870 15.83196 309.91696 -181.21266 -59.89948 NaN NaN NaN 68.20073 -108.23660 -27.70210 -32.39014 -190.22095 -40.41682
50470 0.50551 NaN NaN NaN 220.33858 -138.34618 16.39022 309.95703 -181.29849 -60.14821 NaN NaN NaN 67.48964 -109.73467 -26.60309 -33.71103 -190.76395 -41.15263
50471 0.51384 NaN NaN NaN 220.96385 -138.98505 16.85135 309.88800 -181.53474 -60.79161 NaN NaN NaN 66.69834 -111.12284 -25.32902 -35.05024 -191.23320 -42.03728
50472 0.52217 NaN NaN NaN 221.27704 -139.34442 17.31417 309.80124 -181.67155 -61.03401 NaN NaN NaN 65.85696 -112.51566 -23.95245 -36.37389 -191.56374 -42.90550
50473 0.53050 NaN NaN NaN 221.52058 -139.58862 17.72374 309.72949 -181.83507 -60.97280 NaN NaN NaN 64.93598 -113.93062 -22.53201 -37.67324 -191.85266 -43.74655
50474 0.53883 NaN NaN NaN 221.80016 -139.74710 18.07790 309.65927 -181.99562 -60.82892 NaN NaN NaN 63.89408 -115.37773 -21.05699 -39.02616 -192.16283 -44.50777
50475 0.54717 NaN NaN NaN 222.08226 -139.85797 18.47467 310.01987 -181.95309 -60.56868 NaN NaN NaN 62.81616 -116.73518 -19.72281 -40.38118 -192.46469 -45.06054
50476 0.55550 NaN NaN NaN 222.37767 -139.99385 18.87796 310.16431 -181.90134 -60.33668 NaN NaN NaN 61.74183 -117.92075 -18.52606 -41.78495 -192.69170 -45.34927
50477 0.56383 NaN NaN NaN 222.65724 -140.12596 19.19081 310.21478 -181.82391 -60.25869 NaN NaN NaN 60.64521 -118.98592 -17.58376 -43.24048 -192.91530 -45.40665
50478 0.57216 NaN NaN NaN 222.91930 -140.26595 19.48839 310.26910 -181.76263 -60.33580 NaN NaN NaN 59.44847 -119.97718 -16.60612 -44.74824 -193.14084 -45.44008
50479 0.58049 NaN NaN NaN 223.17444 -140.30969 19.80406 310.07007 -181.76781 -60.61886 NaN NaN NaN 58.13451 -121.07293 -15.49579 -46.29706 -193.40503 -45.63558
50480 0.58882 NaN NaN NaN 223.52168 -140.37178 20.17369 309.97208 -181.88582 -60.75799 NaN NaN NaN 56.80289 -122.22581 -14.29809 -47.80519 -193.64697 -45.94557
50481 0.59715 NaN NaN NaN 223.85106 -140.45599 20.54476 309.89731 -182.04335 -60.72760 NaN NaN NaN 55.50911 -123.28992 -13.17008 -49.26685 -193.84177 -46.10934
50482 0.60549 NaN NaN NaN 224.20760 -140.53899 20.88171 309.91391 -182.14577 -60.62019 NaN NaN NaN 54.35389 -124.29304 -12.21091 -50.61766 -193.98984 -46.11132
50483 0.61382 NaN NaN NaN 224.45520 -140.64006 21.15022 309.92624 -182.27063 -60.47646 NaN NaN NaN 53.28326 -125.16201 -11.37339 -51.84943 -194.15424 -46.13562
50484 0.62215 NaN NaN NaN 224.70953 -140.68071 21.40448 309.95047 -182.33815 -60.44857 NaN NaN NaN 52.32707 -126.00420 -10.52828 -52.97125 -194.31993 -46.22936
50485 0.63048 NaN NaN NaN 224.85764 -140.71602 21.61831 310.00732 -182.09247 -60.31056 NaN NaN NaN 51.49751 -126.78912 -9.87001 -53.96790 -194.42773 -46.45633
50486 0.63881 NaN NaN NaN 224.99161 -140.70953 21.79434 310.05219 -182.12520 -60.42223 NaN NaN NaN 50.82755 -127.57607 -9.23233 -54.84536 -194.45216 -46.59323
50487 0.64714 NaN NaN NaN 225.15056 -140.70430 21.92095 310.12494 -181.92159 -60.38146 NaN NaN NaN 50.28002 -128.30838 -8.64075 -55.64827 -194.52260 -46.46218
50488 0.65547 NaN NaN NaN 225.26559 -140.70937 22.01224 310.52649 -181.77701 -60.32428 NaN NaN NaN 49.72139 -129.11888 -8.04409 -56.50010 -194.66776 -46.23612
50489 0.66380 NaN NaN NaN 225.33904 -140.73657 22.06113 310.41519 -181.69653 -60.30873 NaN NaN NaN 49.02368 -129.94089 -7.28240 -57.30064 -194.89641 -46.03349
50490 0.67214 NaN NaN NaN 225.34912 -140.75485 22.06923 310.38354 -181.67473 -60.52362 NaN NaN NaN 48.18769 -130.82120 -6.16557 -58.12250 -195.16560 -46.05143
50491 0.68047 NaN NaN NaN 225.32982 -140.74632 22.03732 310.55704 -181.61769 -60.21943 NaN NaN NaN 47.21634 -131.81134 -4.90677 -58.94487 -195.44556 -46.35785
50492 0.68880 NaN NaN NaN 225.24657 -140.72339 21.98391 310.43661 -181.72124 -60.46514 NaN NaN NaN 46.21195 -132.78110 -3.51671 -59.69597 -195.65254 -46.76256
50493 0.69713 NaN NaN NaN 225.15349 -140.74059 21.87815 310.30621 -181.72844 -60.37394 NaN NaN NaN 45.21480 -133.75076 -2.17050 -60.38250 -195.85338 -47.26819
50494 0.70546 NaN NaN NaN 225.04591 -140.77159 21.72821 310.47690 -181.83150 -60.28786 NaN NaN NaN 44.24355 -134.67549 -0.85547 -60.95355 -195.98404 -47.82699
50495 0.71379 NaN NaN NaN 224.92267 -140.80980 21.60955 310.44849 -181.80367 -60.26538 NaN NaN NaN 43.33717 -135.50987 0.34633 -61.46371 -196.07642 -48.41248
50496 0.72212 NaN NaN NaN 224.77261 -140.80168 21.41773 310.70078 -181.89636 -60.00316 NaN NaN NaN 42.45706 -136.28032 1.49628 -61.85065 -196.18658 -49.02165
50497 0.73045 NaN NaN NaN 224.49699 -140.78809 21.10708 311.01654 -181.97914 -59.90169 NaN NaN NaN 41.58177 -137.04341 2.59981 -62.17607 -196.23763 -49.84814
50498 0.73879 NaN NaN NaN 224.13382 -140.73097 20.57640 311.36124 -182.09888 -59.60740 NaN NaN NaN 40.71675 -137.75630 3.69632 -62.41986 -196.25209 -50.77712
50499 0.74712 NaN NaN NaN 223.73653 -140.66037 19.95477 311.82202 -182.26163 -59.25982 NaN NaN NaN 39.94305 -138.41724 4.61939 -62.52222 -196.20726 -51.79155
50500 0.75545 NaN NaN NaN 223.30653 -140.59775 19.21139 312.44519 -182.40079 -58.91942 NaN NaN NaN 39.28214 -139.00507 5.50950 -62.53036 -196.11760 -52.80239
50501 0.76378 NaN NaN NaN 222.88617 -140.67081 18.20293 313.27933 -182.37125 -58.44413 NaN NaN NaN 38.74492 -139.45428 6.16956 -62.45683 -195.97440 -53.72161
50502 0.77211 NaN NaN NaN 222.54527 -140.92410 17.21251 314.19876 -182.21666 -58.10740 NaN NaN NaN 38.38982 -139.73216 6.62607 -62.26735 -195.80722 -54.39852
50503 0.78044 NaN NaN NaN 222.32838 -141.06407 16.57718 314.87375 -182.16930 -57.90751 NaN NaN NaN 38.26290 -139.83656 6.83056 -62.04029 -195.67128 -54.98118
50504 0.78877 NaN NaN NaN 222.08963 -141.13589 15.88640 315.45917 -182.09656 -57.64691 NaN NaN NaN 38.31342 -139.76628 6.82118 -61.79980 -195.60588 -55.28821
50505 0.79711 NaN NaN NaN 221.66844 -141.07652 15.15089 316.04959 -182.04228 -57.17782 NaN NaN NaN 38.51899 -139.52257 6.62653 -61.58687 -195.56973 -55.40432
50506 0.80544 NaN NaN NaN 221.10350 -140.88480 14.21145 316.72375 -182.06703 -56.41159 NaN NaN NaN 38.80074 -139.15343 6.24735 -61.37518 -195.58922 -55.30137
50507 0.81377 NaN NaN NaN 220.48007 -140.55234 13.13771 317.34741 -182.12961 -55.49731 NaN NaN NaN 39.15350 -138.66631 5.76450 -61.18040 -195.69342 -55.06578
50508 0.82210 NaN NaN NaN 219.89607 -140.22897 12.24496 318.02267 -182.22905 -54.58454 NaN NaN NaN 39.57376 -138.04233 5.15918 -60.97564 -195.80550 -54.67289
50509 0.83043 NaN NaN NaN 219.42577 -140.04372 11.39079 318.65366 -182.33847 -53.72025 NaN NaN NaN 40.00980 -137.38692 4.46316 -60.79714 -195.89368 -54.11858
50510 0.83876 NaN NaN NaN 219.06277 -139.90163 10.66790 319.22467 -182.45357 -52.97363 NaN NaN NaN 40.50924 -136.73970 3.69817 -60.61594 -196.04294 -53.51424
50511 0.84709 NaN NaN NaN 218.79448 -139.90761 10.09789 319.66068 -182.49896 -52.44865 NaN NaN NaN 41.05438 -136.02325 2.86625 -60.39161 -196.20229 -52.86504
50512 0.85542 NaN NaN NaN 218.57881 -139.90654 9.65786 320.04602 -182.50145 -51.96684 NaN NaN NaN 41.70444 -135.24683 1.87609 -60.15570 -196.36223 -52.01877
50513 0.86376 NaN NaN NaN 218.34822 -139.89824 9.29348 320.40906 -182.47426 -51.57985 NaN NaN NaN 42.39271 -134.33745 0.77629 -59.85333 -196.50519 -51.14695
50514 0.87209 NaN NaN NaN 218.25200 -139.92673 9.04983 320.64929 -182.44785 -51.30803 NaN NaN NaN 43.17063 -133.41644 -0.39036 -59.51156 -196.65784 -50.22367
50515 0.88042 NaN NaN NaN 218.21309 -139.97856 8.90964 320.83218 -182.40610 -51.13315 NaN NaN NaN 43.97866 -132.46303 -1.61234 -59.10644 -196.79498 -49.26129
50516 0.88875 NaN NaN NaN 218.24673 -140.09537 8.91200 320.92960 -182.40195 -51.11517 NaN NaN NaN 44.77739 -131.46036 -2.87966 -58.60536 -196.87178 -48.36000
50517 0.89708 NaN NaN NaN 218.30205 -140.24312 9.05138 321.00055 -182.28625 -51.19785 NaN NaN NaN 45.58525 -130.51205 -4.10175 -58.07305 -196.87759 -47.55380
50518 0.90541 NaN NaN NaN 218.42764 -140.32959 9.24489 320.98868 -181.93498 -51.42082 NaN NaN NaN 46.36588 -129.60660 -5.28909 -57.49842 -196.86870 -46.87941
50519 0.91374 NaN NaN NaN 218.55574 -140.45686 9.44491 321.01480 -181.61960 -51.59142 NaN NaN NaN 47.07687 -128.71326 -6.41140 -56.94200 -197.00597 -46.28815
50520 0.92207 NaN NaN NaN 218.72456 -140.55553 9.62633 321.06839 -181.34544 -51.68643 NaN NaN NaN 47.75725 -127.95053 -7.49323 -56.31819 -196.86655 -45.85312
50521 0.93041 NaN NaN NaN 218.82220 -140.61481 9.73593 321.18628 -181.09024 -51.73963 NaN NaN NaN 48.37376 -127.17201 -8.50280 -55.64727 -196.70905 -45.55411
50522 0.93874 NaN NaN NaN 218.88248 -140.67094 9.84629 321.28125 -180.98750 -51.73130 NaN NaN NaN 48.98221 -126.51717 -9.39986 -55.04782 -196.55583 -45.36517
50523 0.94707 NaN NaN NaN 218.91219 -140.68494 9.88649 321.32709 -180.98816 -51.69675 NaN NaN NaN 49.55828 -125.85537 -10.34856 -54.45010 -196.46384 -45.04388
50524 0.95540 NaN NaN NaN 218.91916 -140.68256 9.90299 321.38205 -180.98854 -51.64406 NaN NaN NaN 50.14562 -125.17438 -11.27524 -53.90953 -196.40414 -44.69956
50525 0.96373 NaN NaN NaN 218.86673 -140.62029 9.81927 321.42273 -180.98863 -51.59807 NaN NaN NaN 50.71394 -124.50362 -12.27668 -53.34270 -196.32385 -44.29844
50526 0.97206 NaN NaN NaN 218.79222 -140.54326 9.71173 321.47147 -180.97081 -51.47356 NaN NaN NaN 51.31794 -123.78698 -13.26375 -52.80090 -196.27843 -43.80952
50527 0.98039 NaN NaN NaN 218.69470 -140.43854 9.57671 321.53522 -180.90646 -51.35496 NaN NaN NaN 51.86114 -123.13466 -14.30150 -52.25751 -196.20663 -43.39955
50528 0.98872 NaN NaN NaN 218.53375 -140.25070 9.35042 321.54498 -180.85886 -51.24060 NaN NaN NaN 52.39973 -122.51344 -15.14435 -51.74020 -196.13037 -43.00508
50529 0.99706 NaN NaN NaN 218.35008 -140.03732 9.11039 321.54611 -180.81525 -51.15126 NaN NaN NaN 52.84063 -122.00220 -15.99147 -51.27922 -196.06360 -42.68328
50530 1.00539 NaN NaN NaN 218.17136 -139.93512 8.84923 321.53378 -180.70741 -50.93862 NaN NaN NaN 53.21968 -121.54115 -16.62279 -50.92078 -195.97441 -42.44693
50531 1.01372 NaN NaN NaN 217.95575 -139.72952 8.60218 321.50159 -180.65443 -50.83047 NaN NaN NaN 53.55336 -121.16908 -17.16718 -50.59418 -195.86034 -42.23587
50532 1.02205 NaN NaN NaN 217.73174 -139.53661 8.36434 321.43845 -180.61385 -50.72954 NaN NaN NaN 53.82255 -120.86304 -17.54205 -50.28286 -195.74213 -42.02839
50533 1.03038 NaN NaN NaN 217.49933 -139.26265 8.13596 321.34796 -180.57184 -50.65079 NaN NaN NaN 54.02127 -120.66107 -17.76808 -50.05395 -195.68536 -41.85784
50534 1.03871 NaN NaN NaN 217.23645 -138.98669 7.86735 321.21484 -180.52840 -50.58229 NaN NaN NaN 54.14167 -120.50909 -17.87972 -49.90725 -195.63762 -41.81907
50535 1.04704 NaN NaN NaN 216.94067 -138.70323 7.62616 321.04181 -180.52216 -50.48880 NaN NaN NaN 54.21734 -120.49538 -17.81070 -49.81743 -195.62523 -41.86642
50536 1.05538 NaN NaN NaN 216.63708 -138.43959 7.34960 320.90021 -180.48087 -50.32466 NaN NaN NaN 54.23201 -120.57310 -17.65906 -49.82138 -195.60242 -41.95274
50537 1.06371 NaN NaN NaN 216.30315 -138.15263 6.99588 320.78931 -180.47145 -50.19516 NaN NaN NaN 54.21258 -120.73439 -17.45063 -49.84060 -195.56831 -42.11700
50538 1.07204 NaN NaN NaN 216.00685 -137.82306 6.65551 320.65039 -180.52640 -49.95028 NaN NaN NaN 54.12790 -120.97385 -17.18526 -49.91730 -195.56743 -42.35281
50539 1.08037 NaN NaN NaN 215.66481 -137.50284 6.30839 320.46616 -180.59422 -49.64174 NaN NaN NaN 54.00129 -121.21910 -16.95530 -50.06130 -195.61102 -42.62313
50540 1.08870 NaN NaN NaN 215.29916 -137.15381 5.94685 320.24127 -180.70898 -49.41818 NaN NaN NaN 53.85022 -121.49593 -16.60455 -50.26231 -195.63547 -42.82535
50541 1.09703 NaN NaN NaN 214.94174 -136.81613 5.59308 320.02115 -180.71350 -49.28123 NaN NaN NaN 53.67113 -121.78674 -16.23914 -50.51347 -195.68393 -43.05712
50542 1.10536 NaN NaN NaN 214.59767 -136.41769 5.28978 319.78656 -180.63695 -49.23010 NaN NaN NaN 53.42016 -122.08931 -15.91132 -50.71561 -195.75429 -43.31400
50543 1.11369 NaN NaN NaN 214.27263 -136.04510 4.96736 319.47513 -180.77036 -48.87051 NaN NaN NaN 53.18803 -122.36404 -15.44270 -50.95401 -195.82823 -43.54397
50544 1.12203 NaN NaN NaN 213.93387 -135.63841 4.55445 319.23633 -180.78903 -48.61972 NaN NaN NaN 52.93783 -122.73014 -15.02307 -51.23007 -195.95956 -43.73662
50545 1.13036 NaN NaN NaN 213.63365 -135.25098 4.19947 319.03564 -180.78734 -48.26161 NaN NaN NaN 52.67773 -123.12888 -14.60809 -51.53978 -196.02989 -43.93898
50546 1.13869 NaN NaN NaN 213.30013 -134.85258 3.85862 318.92407 -180.79424 -48.02337 NaN NaN NaN 52.40203 -123.51820 -14.13498 -51.80008 -196.10870 -44.12914
50547 1.14702 NaN NaN NaN 212.89165 -134.38136 3.51561 318.71701 -180.75096 -47.74594 NaN NaN NaN 52.10675 -123.83733 -13.69501 -52.04477 -196.14549 -44.39513
50548 1.15535 NaN NaN NaN 212.42822 -133.95346 3.08312 318.41345 -180.72145 -47.35713 NaN NaN NaN 51.83080 -124.15004 -13.16336 -52.28706 -196.18596 -44.59711
50549 1.16368 NaN NaN NaN 211.96494 -133.46602 2.61509 318.11096 -180.69289 -47.02660 NaN NaN NaN 51.60243 -124.44350 -12.68753 -52.53948 -196.22954 -44.77831
50550 1.17201 NaN NaN NaN 211.44127 -132.97589 2.15182 317.78162 -180.69958 -46.68386 NaN NaN NaN 51.34453 -124.74995 -12.29511 -52.76166 -196.33946 -44.96386
50551 1.18034 NaN NaN NaN 210.94383 -132.53859 1.61295 317.50555 -180.67923 -46.34240 NaN NaN NaN 51.10378 -125.02736 -11.84008 -52.98200 -196.43275 -45.13467
50552 1.18868 NaN NaN NaN 210.50603 -132.08148 1.10969 317.23532 -180.67683 -46.07531 NaN NaN NaN 50.85785 -125.26834 -11.42463 -53.20760 -196.52879 -45.31311
50553 1.19701 NaN NaN NaN 210.09103 -131.62233 0.66152 316.95413 -180.64412 -45.83439 NaN NaN NaN 50.66432 -125.48300 -11.05763 -53.37732 -196.58392 -45.45547
50554 1.20534 NaN NaN NaN 209.73363 -131.23407 0.22600 316.69543 -180.63463 -45.60436 NaN NaN NaN 50.48564 -125.68119 -10.74248 -53.53272 -196.68690 -45.63476
50555 1.21367 NaN NaN NaN 209.42282 -130.92509 -0.11930 316.44400 -180.64973 -45.42029 NaN NaN NaN 50.28331 -125.80030 -10.47077 -53.65150 -196.78238 -45.77686
50556 1.22200 NaN NaN NaN 209.15833 -130.58765 -0.44724 316.22821 -180.69038 -45.30578 NaN NaN NaN 50.10588 -125.86185 -10.27702 -53.72872 -196.76195 -45.92008
50557 1.23033 NaN NaN NaN 208.88625 -130.34621 -0.77077 316.00421 -180.75926 -45.22162 NaN NaN NaN 49.96633 -125.90648 -10.02111 -53.74652 -196.81596 -46.11781
50558 1.23866 NaN NaN NaN 208.63632 -130.08281 -1.01401 315.77063 -180.87981 -45.12183 NaN NaN NaN 49.83024 -125.88148 -9.79841 -53.68819 -196.78088 -46.34194
50559 1.24700 NaN NaN NaN 208.38054 -129.84175 -1.22171 315.50583 -180.90663 -45.01475 NaN NaN NaN 49.74339 -125.84308 -9.63934 -53.63191 -196.79295 -46.48700
50560 1.25533 NaN NaN NaN 208.11320 -129.53258 -1.42342 315.24506 -180.91010 -44.89032 NaN NaN NaN 49.75171 -125.77608 -9.48434 -53.46341 -196.79756 -46.67188
50561 1.26366 NaN NaN NaN 207.85796 -129.24197 -1.63085 315.02414 -180.94566 -44.67844 NaN NaN NaN 49.77753 -125.67652 -9.36612 -53.29346 -196.83203 -46.82822
50562 1.27199 NaN NaN NaN 207.57060 -128.92947 -1.93429 314.79309 -180.95956 -44.45904 NaN NaN NaN 49.80697 -125.50898 -9.30990 -53.03069 -196.84819 -47.01367
50563 1.28032 NaN NaN NaN 207.35249 -128.67786 -2.14140 314.57907 -180.96919 -44.25015 NaN NaN NaN 49.85512 -125.26218 -9.32594 -52.71468 -196.71927 -47.20758
50564 1.28865 NaN NaN NaN 207.13918 -128.39813 -2.33853 314.37784 -180.93243 -44.09048 NaN NaN NaN 50.00838 -124.92842 -9.39299 -52.33994 -196.53290 -47.37186
50565 1.29698 NaN NaN NaN 206.96234 -128.20187 -2.48306 314.20062 -180.94942 -44.00009 NaN NaN NaN 50.23959 -124.51656 -9.54193 -51.90340 -196.34518 -47.49997
50566 1.30531 NaN NaN NaN 206.84134 -128.01010 -2.63234 314.02814 -180.93733 -43.90645 NaN NaN NaN 50.47852 -123.99342 -9.77876 -51.41326 -196.19196 -47.60875
50567 1.31365 NaN NaN NaN 206.71832 -127.78532 -2.75408 313.86993 -180.97527 -43.77990 NaN NaN NaN 50.81034 -123.44053 -10.09801 -50.84368 -196.03580 -47.65682
50568 1.32198 NaN NaN NaN 206.62975 -127.57095 -2.88759 313.76370 -180.99605 -43.69764 NaN NaN NaN 51.24470 -122.74899 -10.54780 -50.19593 -195.85257 -47.63869
50569 1.33031 NaN NaN NaN 206.51840 -127.34539 -2.95438 313.63455 -181.03549 -43.60197 NaN NaN NaN 51.72659 -122.00821 -11.05728 -49.54089 -195.68915 -47.55100
50570 1.33864 NaN NaN NaN 206.42496 -127.14342 -2.99726 313.49069 -181.04056 -43.49406 NaN NaN NaN 52.24571 -121.15915 -11.79866 -48.87164 -195.48045 -47.40660
50571 1.34697 NaN NaN NaN 206.34592 -126.94458 -3.02610 313.34921 -181.02773 -43.43281 NaN NaN NaN 52.78263 -120.31582 -12.55696 -48.23307 -195.28773 -47.11388
50572 1.35530 NaN NaN NaN 206.24847 -126.75758 -3.04265 313.24701 -180.96632 -43.36367 NaN NaN NaN 53.35059 -119.40940 -13.32696 -47.56149 -195.09854 -46.77855
50573 1.36363 NaN NaN NaN 206.16164 -126.53674 -3.13352 313.12534 -180.89674 -43.24586 NaN NaN NaN 53.93813 -118.46663 -14.12985 -46.90201 -194.84715 -46.32143
50574 1.37196 NaN NaN NaN 206.08002 -126.31986 -3.30921 313.08896 -180.80458 -43.05503 NaN NaN NaN 54.42422 -117.49017 -14.99770 -46.31935 -194.60852 -45.79530
50575 1.38030 NaN NaN NaN 205.98381 -126.11478 -3.42680 313.06079 -180.65541 -42.90232 NaN NaN NaN 54.93803 -116.62795 -15.83481 -45.74026 -194.38991 -45.19139
50576 1.38863 NaN NaN NaN 205.91080 -125.94259 -3.51689 313.04990 -180.54179 -42.73824 NaN NaN NaN 55.39141 -115.77479 -16.54384 -45.28276 -194.19586 -44.56472
50577 1.39696 NaN NaN NaN 205.83945 -125.78711 -3.58247 313.06454 -180.42622 -42.57479 NaN NaN NaN 55.77779 -115.07845 -17.33845 -44.84530 -193.95213 -43.94905
50578 1.40529 NaN NaN NaN 205.81174 -125.60724 -3.65327 313.03745 -180.40184 -42.40670 NaN NaN NaN 56.15136 -114.37062 -18.03209 -44.46935 -193.74782 -43.27914
50579 1.41362 NaN NaN NaN 205.75351 -125.45845 -3.69769 313.03485 -180.32762 -42.21554 NaN NaN NaN 56.52121 -113.75574 -18.68604 -44.11470 -193.53151 -42.55482
50580 1.42195 NaN NaN NaN 205.69032 -125.36506 -3.75863 313.05872 -180.21826 -42.06072 NaN NaN NaN 56.91185 -113.17937 -19.35031 -43.76691 -193.35570 -41.90495
50581 1.43028 NaN NaN NaN 205.62605 -125.28504 -3.76579 313.05673 -180.06131 -41.89163 NaN NaN NaN 57.20215 -112.65318 -20.06355 -43.44221 -193.18248 -41.25253
50582 1.43862 NaN NaN NaN 205.57455 -125.23425 -3.75769 313.05890 -179.92241 -41.81134 NaN NaN NaN 57.51608 -112.18897 -20.73548 -43.16943 -193.01476 -40.52549
50583 1.44695 NaN NaN NaN 205.57603 -125.15385 -3.69200 313.02319 -179.86247 -41.74434 NaN NaN NaN 57.86756 -111.78625 -21.34744 -42.93108 -192.89325 -39.75682
50584 1.45528 NaN NaN NaN 205.60620 -125.10815 -3.55920 312.98926 -179.91811 -41.77011 NaN NaN NaN 58.16120 -111.38359 -22.15823 -42.70393 -192.72958 -38.90047
50585 1.46361 NaN NaN NaN 205.66260 -125.14615 -3.31518 312.90427 -179.99606 -41.85104 NaN NaN NaN 58.44808 -110.93629 -23.11589 -42.48912 -192.57021 -37.92779
50586 1.47194 NaN NaN NaN 205.75313 -125.20602 -3.00261 312.82791 -180.17030 -41.95304 NaN NaN NaN 58.72283 -110.47052 -24.21495 -42.18404 -192.43558 -37.01258
50587 1.48027 NaN NaN NaN 205.82365 -125.35049 -2.70434 312.77487 -180.35999 -42.05070 NaN NaN NaN 59.05180 -110.04382 -25.27773 -41.84134 -192.28018 -36.19615
50588 1.48860 NaN NaN NaN 205.86617 -125.45876 -2.54628 312.76050 -180.48511 -41.93362 NaN NaN NaN 59.40573 -109.56974 -26.24211 -41.45045 -192.08904 -35.60072
50589 1.49693 NaN NaN NaN 205.82899 -125.47956 -2.53029 312.74878 -180.54214 -41.70190 NaN NaN NaN 59.73103 -109.26043 -27.21045 -41.03570 -191.85670 -35.18927
50590 1.50527 NaN NaN NaN 205.74916 -125.39220 -2.61109 312.74481 -180.61014 -41.33270 NaN NaN NaN 60.07951 -108.97673 -28.16241 -40.55952 -191.64708 -34.94435
50591 1.51360 NaN NaN NaN 205.62698 -125.21436 -2.73469 312.70966 -180.65138 -40.91552 NaN NaN NaN 60.45313 -108.64597 -29.10589 -40.09215 -191.40359 -34.82163
50592 1.52193 NaN NaN NaN 205.47740 -125.03528 -2.88989 312.67584 -180.65894 -40.55250 NaN NaN NaN 60.86992 -108.27861 -29.75038 -39.62211 -191.17596 -34.84808
50593 1.53026 NaN NaN NaN 205.31879 -124.88776 -3.06494 312.62100 -180.62914 -40.20598 NaN NaN NaN 61.31274 -107.98840 -30.34597 -39.19270 -190.94292 -34.98977
50594 1.53859 NaN NaN NaN 205.13731 -124.80019 -3.25933 312.53842 -180.55675 -39.88651 NaN NaN NaN 61.71435 -107.75102 -30.80098 -38.76715 -190.72479 -35.24193
50595 1.54692 NaN NaN NaN 204.98280 -124.70358 -3.46175 312.48050 -180.53502 -39.73045 NaN NaN NaN 62.07919 -107.49610 -31.14149 -38.38123 -190.53387 -35.48637
50596 1.55525 NaN NaN NaN 204.87547 -124.64378 -3.66576 312.43063 -180.52943 -39.67956 NaN NaN NaN 62.42484 -107.37453 -31.39335 -37.98665 -190.34863 -35.78693
50597 1.56358 NaN NaN NaN 204.78844 -124.67976 -3.82163 312.39175 -180.51862 -39.58158 NaN NaN NaN 62.72521 -107.20294 -31.46787 -37.65251 -190.20227 -36.05798
50598 1.57192 NaN NaN NaN 204.70798 -124.73122 -3.95340 312.37665 -180.56705 -39.52848 NaN NaN NaN 62.98072 -107.14236 -31.41032 -37.39608 -190.11238 -36.28094
50599 1.58025 NaN NaN NaN 204.66779 -124.77860 -4.05671 312.38272 -180.61081 -39.48043 NaN NaN NaN 63.20768 -106.99569 -31.11369 -37.13138 -190.00545 -36.42473
50600 1.58858 NaN NaN NaN 204.68068 -124.85773 -4.14508 312.44449 -180.67180 -39.44170 NaN NaN NaN 63.37010 -106.85977 -30.81807 -36.93787 -189.92099 -36.49775
50601 1.59691 NaN NaN NaN 204.71523 -124.96188 -4.19098 312.53729 -180.79019 -39.48568 NaN NaN NaN 63.50274 -106.45802 -30.36341 -36.79551 -189.84586 -36.55910
50602 1.60524 NaN NaN NaN 204.79492 -125.09145 -4.18074 312.61261 -180.91495 -39.58383 NaN NaN NaN 63.58042 -106.34754 -29.80081 -36.70747 -189.81168 -36.61771
50603 1.61357 NaN NaN NaN 204.89525 -125.27132 -4.18126 312.68030 -181.06250 -39.65031 NaN NaN NaN 63.58704 -106.29836 -29.15574 -36.65279 -189.80954 -36.63405
50604 1.62190 NaN NaN NaN 204.95874 -125.43794 -4.17514 312.72226 -181.20154 -39.70793 NaN NaN NaN 63.55989 -106.36169 -28.66601 -36.60892 -189.82988 -36.63739
50605 1.63023 NaN NaN NaN 204.95485 -125.50624 -4.24286 312.76120 -181.31355 -39.67295 NaN NaN NaN 63.56575 -106.46058 -28.01817 -36.58556 -189.83737 -36.73244
50606 1.63857 NaN NaN NaN 204.90503 -125.53630 -4.47871 312.79636 -181.36499 -39.53676 NaN NaN NaN 63.43961 -106.52740 -27.50560 -36.60868 -189.84016 -36.92133
50607 1.64690 NaN NaN NaN 204.83513 -125.55028 -4.63854 312.78427 -181.34061 -39.34855 NaN NaN NaN 63.37032 -106.62718 -26.92167 -36.68851 -189.82773 -37.20161
50608 1.65523 NaN NaN NaN 204.74303 -125.56654 -4.70051 312.78677 -181.35738 -39.13170 NaN NaN NaN 63.22029 -106.76334 -26.34313 -36.82364 -189.80243 -37.46709
50609 1.66356 NaN NaN NaN 204.64552 -125.59007 -4.65388 312.79819 -181.40677 -38.91865 NaN NaN NaN 63.04141 -106.96494 -25.81189 -36.98748 -189.85522 -37.91054
50610 1.67189 NaN NaN NaN 204.56836 -125.59187 -4.53013 312.78741 -181.46576 -38.74045 NaN NaN NaN 62.83738 -107.14930 -25.40983 -37.19648 -189.92487 -38.23866
50611 1.68022 NaN NaN NaN 204.49326 -125.72404 -4.28654 312.73904 -181.47633 -38.61948 NaN NaN NaN 62.64144 -107.35883 -25.07495 -37.47535 -190.00957 -38.48343
50612 1.68855 NaN NaN NaN 204.44339 -125.81891 -4.10011 312.69574 -181.48802 -38.54099 NaN NaN NaN 62.45339 -107.59339 -24.80525 -37.75357 -190.11087 -38.65868
50613 1.69689 NaN NaN NaN 204.38797 -125.93668 -3.93333 312.65042 -181.45309 -38.50986 NaN NaN NaN 62.26862 -107.83492 -24.68189 -38.02792 -190.19061 -38.74804
50614 1.70522 NaN NaN NaN 204.35143 -126.07389 -3.74776 312.61484 -181.41849 -38.49480 NaN NaN NaN 62.05609 -108.09270 -24.67297 -38.28945 -190.30981 -38.77692
50615 1.71355 NaN NaN NaN 204.34453 -126.20767 -3.57684 312.59579 -181.41008 -38.54718 NaN NaN NaN 61.85091 -108.35800 -24.65899 -38.60873 -190.43356 -38.75050
50616 1.72188 NaN NaN NaN 204.34676 -126.38424 -3.44069 312.56458 -181.42972 -38.64246 NaN NaN NaN 61.64051 -108.63274 -24.67116 -38.91682 -190.59317 -38.75163
50617 1.73021 NaN NaN NaN 204.37816 -126.49918 -3.34144 312.55203 -181.49403 -38.84142 NaN NaN NaN 61.40760 -108.92430 -24.64868 -39.26320 -190.75186 -38.75187
50618 1.73854 NaN NaN NaN 204.44620 -126.63685 -3.29516 312.54462 -181.56445 -39.01881 NaN NaN NaN 61.20565 -109.28720 -24.57387 -39.62336 -190.93607 -38.85110
50619 1.74687 NaN NaN NaN 204.49977 -126.76132 -3.30517 312.55780 -181.65451 -39.28099 NaN NaN NaN 60.98587 -109.69556 -24.48100 -39.98722 -191.10417 -39.01192
50620 1.75520 NaN NaN NaN 204.56097 -126.85865 -3.32954 312.58615 -181.75223 -39.55438 NaN NaN NaN 60.78935 -110.14387 -24.26301 -40.39725 -191.27902 -39.39844
50621 1.76354 NaN NaN NaN 204.65562 -126.93341 -3.38770 312.60248 -181.80177 -39.83476 NaN NaN NaN 60.56924 -110.60532 -24.16077 -40.72391 -191.38812 -39.80891
50622 1.77187 NaN NaN NaN 204.79689 -127.00203 -3.44348 312.64075 -181.82817 -40.16802 NaN NaN NaN 60.37556 -111.00484 -24.01605 -41.02726 -191.49911 -40.21873
50623 1.78020 NaN NaN NaN 204.89209 -127.07828 -3.46514 312.73065 -181.78339 -40.48545 NaN NaN NaN 60.22855 -111.34421 -23.88589 -41.28809 -191.58394 -40.61015
50624 1.78853 NaN NaN NaN 205.01848 -127.11062 -3.52176 312.77423 -181.88980 -40.83821 NaN NaN NaN 60.12203 -111.59366 -23.79563 -41.48542 -191.66667 -40.87569
50625 1.79686 NaN NaN NaN 205.19110 -127.21156 -3.49359 312.83780 -181.96078 -41.16072 NaN NaN NaN 60.08670 -111.74055 -23.75925 -41.62503 -191.71265 -41.01118
50626 1.80519 NaN NaN NaN 205.37907 -127.29585 -3.44523 312.93839 -182.01334 -41.51469 NaN NaN NaN 60.10903 -111.90105 -23.81957 -41.72231 -191.71268 -41.08222
50627 1.81352 NaN NaN NaN 205.54698 -127.40453 -3.37815 313.04520 -182.05150 -41.80930 NaN NaN NaN 60.15956 -112.01047 -23.96702 -41.83102 -191.64931 -41.09800
50628 1.82185 NaN NaN NaN 205.81467 -127.57661 -3.29176 313.17786 -181.98882 -42.17482 NaN NaN NaN 60.16961 -112.05546 -24.08484 -41.88770 -191.58775 -41.12985
50629 1.83019 NaN NaN NaN 206.05891 -127.78889 -3.12679 313.29950 -181.97864 -42.62517 NaN NaN NaN 60.15642 -112.16237 -24.25337 -42.02023 -191.55824 -41.19638
50630 1.83852 NaN NaN NaN 206.33478 -128.06454 -2.86407 313.44659 -182.00766 -43.06882 NaN NaN NaN 60.13591 -112.30828 -24.34810 -42.15434 -191.58255 -41.23735
50631 1.84685 NaN NaN NaN 206.66039 -128.33337 -2.51567 313.60309 -182.06560 -43.49915 NaN NaN NaN 60.11905 -112.49162 -24.41427 -42.27029 -191.63234 -41.18298
50632 1.85518 NaN NaN NaN 206.99634 -128.65056 -2.15174 313.79919 -182.15395 -43.97324 NaN NaN NaN 60.12628 -112.63270 -24.45759 -42.35766 -191.68462 -40.99132
50633 1.86351 NaN NaN NaN 207.40161 -129.03522 -1.80866 313.99091 -182.22783 -44.43089 NaN NaN NaN 60.13385 -112.72290 -24.54093 -42.45829 -191.73836 -40.75139
50634 1.87184 NaN NaN NaN 207.80447 -129.45406 -1.43049 314.15747 -182.31104 -44.85712 NaN NaN NaN 60.06348 -112.80647 -24.57645 -42.59859 -191.77492 -40.60860
50635 1.88017 NaN NaN NaN 208.13393 -129.82611 -1.01056 314.31940 -182.41792 -45.27117 NaN NaN NaN 59.97573 -112.95289 -24.54365 -42.77718 -191.81769 -40.51222
50636 1.88851 NaN NaN NaN 208.42215 -130.11348 -0.74777 314.42596 -182.48538 -45.63633 NaN NaN NaN 59.93796 -113.10281 -24.47916 -42.92758 -191.84210 -40.47054
50637 1.89684 NaN NaN NaN 208.60652 -130.39716 -0.58696 314.52997 -182.56335 -45.83981 NaN NaN NaN 59.92815 -113.33723 -24.37306 -43.10399 -191.83916 -40.44510
50638 1.90517 NaN NaN NaN 208.71902 -130.68681 -0.46788 314.60458 -182.62080 -45.96672 NaN NaN NaN 59.88020 -113.53468 -24.33147 -43.24745 -191.85860 -40.43862
50639 1.91350 NaN NaN NaN 208.79114 -130.89920 -0.43470 314.70517 -182.71532 -46.12518 NaN NaN NaN 59.81999 -113.69039 -24.30130 -43.35916 -191.89182 -40.46012
50640 1.92183 NaN NaN NaN 208.78979 -131.06216 -0.52500 314.77332 -182.75443 -46.22695 NaN NaN NaN 59.80724 -113.82874 -24.18596 -43.43713 -191.97256 -40.53045
50641 1.93016 NaN NaN NaN 208.67352 -131.18011 -0.74599 314.79517 -182.78625 -46.25021 NaN NaN NaN 59.76759 -113.92975 -24.09325 -43.51043 -191.99960 -40.66510
50642 1.93849 NaN NaN NaN 208.50243 -131.32338 -0.97406 314.76114 -182.77560 -46.26770 NaN NaN NaN 59.73851 -114.04725 -24.03663 -43.54206 -192.01450 -40.86591
50643 1.94682 NaN NaN NaN 208.34331 -131.35379 -1.20482 314.70523 -182.76637 -46.36300 NaN NaN NaN 59.74023 -114.12972 -24.01020 -43.56617 -192.00981 -41.05230
50644 1.95516 NaN NaN NaN 208.21053 -131.43677 -1.35256 314.59540 -182.72789 -46.51401 NaN NaN NaN 59.78271 -114.16660 -24.02332 -43.54221 -191.98773 -41.20242
50645 1.96349 NaN NaN NaN 208.12660 -131.52266 -1.36689 314.46976 -182.71802 -46.69315 NaN NaN NaN 59.85160 -114.13712 -24.10458 -43.44617 -191.97372 -41.28080
50646 1.97182 NaN NaN NaN 208.06146 -131.65265 -1.31873 314.40814 -182.67816 -46.92092 NaN NaN NaN 59.94380 -114.00311 -24.30200 -43.34195 -191.91312 -41.24302
50647 1.98015 NaN NaN NaN 208.06578 -131.76961 -1.22419 314.35229 -182.63251 -47.12270 NaN NaN NaN 60.09514 -113.84177 -24.53221 -43.15943 -191.85733 -41.17160
50648 1.98848 NaN NaN NaN 208.13100 -131.93274 -1.09820 314.30203 -182.64442 -47.31724 NaN NaN NaN 60.26540 -113.61853 -24.81151 -42.90673 -191.82751 -41.10651
50649 1.99681 NaN NaN NaN 208.26378 -132.14027 -0.94016 314.30588 -182.63472 -47.50784 NaN NaN NaN 60.44939 -113.39355 -25.10818 -42.67959 -191.76982 -41.03503
50650 2.00514 NaN NaN NaN 208.35147 -132.34386 -0.75935 314.34988 -182.65106 -47.68422 NaN NaN NaN 60.66717 -113.19913 -25.35049 -42.43274 -191.69028 -40.99133
50651 2.01347 NaN NaN NaN 208.48021 -132.54683 -0.57804 314.40350 -182.74567 -47.88835 NaN NaN NaN 60.88634 -112.97124 -25.49833 -42.15530 -191.57567 -40.98959
50652 2.02181 NaN NaN NaN 208.70047 -132.77278 -0.37451 314.50775 -182.82809 -48.05254 NaN NaN NaN 61.05429 -112.74734 -25.60485 -41.93755 -191.46777 -41.06904
50653 2.03014 NaN NaN NaN 208.93867 -132.99529 -0.08676 314.59476 -182.91594 -48.24665 NaN NaN NaN 61.22042 -112.55244 -25.65784 -41.71849 -191.35229 -41.12848
50654 2.03847 NaN NaN NaN 209.17982 -133.24333 0.19691 314.72134 -182.97844 -48.42424 NaN NaN NaN 61.39074 -112.40649 -25.66318 -41.49269 -191.28687 -41.24665
50655 2.04680 NaN NaN NaN 209.38969 -133.47174 0.45577 314.79123 -183.02066 -48.56334 NaN NaN NaN 61.53601 -112.32346 -25.64768 -41.31138 -191.21509 -41.42353
50656 2.05513 NaN NaN NaN 209.61130 -133.69942 0.62003 314.91885 -183.07587 -48.70099 NaN NaN NaN 61.63294 -112.26295 -25.63139 -41.14515 -191.16298 -41.58472
50657 2.06346 NaN NaN NaN 209.76097 -133.81683 0.74016 315.05096 -183.07220 -48.77877 NaN NaN NaN 61.69525 -112.23540 -25.63908 -41.00102 -191.17253 -41.71233
50658 2.07179 NaN NaN NaN 209.85779 -133.93867 0.78999 315.13721 -183.08922 -48.80215 NaN NaN NaN 61.72952 -112.23623 -25.65424 -40.94528 -191.22276 -41.81124
50659 2.08013 NaN NaN NaN 209.92216 -133.98692 0.81114 315.21194 -183.12636 -48.80751 NaN NaN NaN 61.77531 -112.25536 -25.66147 -40.89108 -191.27893 -41.85962
50660 2.08846 NaN NaN NaN 209.95737 -134.05414 0.82455 315.27554 -183.12161 -48.81705 NaN NaN NaN 61.82912 -112.32079 -25.67505 -40.85506 -191.36281 -41.90058
50661 2.09679 NaN NaN NaN 209.99443 -134.03796 0.81871 315.31055 -183.09192 -48.79780 NaN NaN NaN 61.82330 -112.38409 -25.67647 -40.84247 -191.45047 -41.91811
50662 2.10512 NaN NaN NaN 210.00494 -134.01762 0.81533 315.33252 -183.06303 -48.79025 NaN NaN NaN 61.80254 -112.51723 -25.68299 -40.84198 -191.55869 -41.92052
50663 2.11345 NaN NaN NaN 210.00517 -133.97952 0.80427 315.33231 -183.02620 -48.78771 NaN NaN NaN 61.77734 -112.65788 -25.68869 -40.89415 -191.64598 -41.92041
50664 2.12178 NaN NaN NaN 209.97360 -133.96260 0.81983 315.32986 -182.97369 -48.79319 NaN NaN NaN 61.75014 -112.81474 -25.66562 -40.90633 -191.78127 -41.94167
50665 2.13011 NaN NaN NaN 209.94368 -133.90315 0.80080 315.31458 -182.92326 -48.79799 NaN NaN NaN 61.71243 -112.98055 -25.68905 -40.99777 -191.92841 -41.91780
50666 2.13844 NaN NaN NaN 209.90324 -133.82632 0.79111 315.25378 -182.83377 -48.77064 NaN NaN NaN 61.67279 -113.12901 -25.70341 -41.09044 -192.04921 -41.88139
50667 2.14678 NaN NaN NaN 209.84607 -133.73207 0.77322 315.22861 -182.77176 -48.72349 NaN NaN NaN 61.65258 -113.27937 -25.73333 -41.17241 -192.13408 -41.86087
50668 2.15511 NaN NaN NaN 209.81731 -133.64818 0.75144 315.19351 -182.69685 -48.73919 NaN NaN NaN 61.59766 -113.44701 -25.70662 -41.25700 -192.24789 -41.84325
50669 2.16344 NaN NaN NaN 209.79303 -133.60878 0.72315 315.17398 -182.64447 -48.75499 NaN NaN NaN 61.54394 -113.59314 -25.67958 -41.35067 -192.34978 -41.82081
50670 2.17177 NaN NaN NaN 209.79729 -133.60699 0.71390 315.17169 -182.62379 -48.76281 NaN NaN NaN 61.51225 -113.69207 -25.74368 -41.43394 -192.43738 -41.78504
50671 2.18010 NaN NaN NaN 209.77617 -133.61188 0.70929 315.15942 -182.59700 -48.78415 NaN NaN NaN 61.44060 -113.80012 -25.79074 -41.51417 -192.47783 -41.73110
50672 2.18843 NaN NaN NaN 209.79880 -133.66736 0.76840 315.17169 -182.65263 -48.83421 NaN NaN NaN 61.36865 -113.87752 -25.86755 -41.59387 -192.48233 -41.68804
50673 2.19676 NaN NaN NaN 209.84138 -133.76086 0.82625 315.18903 -182.72234 -48.91502 NaN NaN NaN 61.31820 -113.93786 -26.00751 -41.70127 -192.49672 -41.60917
50674 2.20509 NaN NaN NaN 209.91583 -133.87953 0.87396 315.22000 -182.75244 -49.04915 NaN NaN NaN 61.30716 -113.91883 -26.17487 -41.79954 -192.52670 -41.48560
50675 2.21343 NaN NaN NaN 209.97148 -134.03314 0.90754 315.24692 -182.72035 -49.17333 NaN NaN NaN 61.27275 -114.00407 -26.33319 -41.88936 -192.54100 -41.34217
50676 2.22176 NaN NaN NaN 210.01514 -134.10907 0.89702 315.31461 -182.72169 -49.32322 NaN NaN NaN 61.27894 -113.88128 -26.47039 -41.92183 -192.50543 -41.09239
50677 2.23009 NaN NaN NaN 210.04263 -134.17059 0.90611 315.35464 -182.69617 -49.41676 NaN NaN NaN 61.27182 -113.81544 -26.64733 -41.97322 -192.46759 -40.74838
50678 2.23842 NaN NaN NaN 210.10832 -134.26047 0.93074 315.37650 -182.68634 -49.49753 NaN NaN NaN 61.22141 -113.87125 -26.97171 -42.01134 -192.43283 -40.49152
50679 2.24675 NaN NaN NaN 210.15620 -134.34058 0.95834 315.35995 -182.67599 -49.56750 NaN NaN NaN 61.18177 -113.84448 -27.28920 -42.10001 -192.38693 -40.27421
50680 2.25508 NaN NaN NaN 210.21260 -134.43607 1.02984 315.40164 -182.68942 -49.64434 NaN NaN NaN 61.20606 -113.80538 -27.51013 -42.15238 -192.32387 -40.03716
50681 2.26341 NaN NaN NaN 210.29959 -134.58066 1.12953 315.45459 -182.70741 -49.73873 NaN NaN NaN 61.24982 -113.70441 -27.75461 -42.15947 -192.22321 -39.79565
50682 2.27174 NaN NaN NaN 210.43245 -134.77509 1.25834 315.51968 -182.75612 -49.84056 NaN NaN NaN 61.25184 -113.62038 -28.00065 -42.14323 -192.17085 -39.56821
50683 2.28008 NaN NaN NaN 210.55481 -134.97186 1.41542 315.58957 -182.81172 -49.91659 NaN NaN NaN 61.32761 -113.43400 -28.36208 -42.15953 -192.06786 -39.31028
50684 2.28841 NaN NaN NaN 210.71666 -135.13795 1.54135 315.68567 -182.79503 -50.01730 NaN NaN NaN 61.36407 -113.24426 -28.66679 -42.13242 -191.99757 -39.00267
50685 2.29674 NaN NaN NaN 210.87469 -135.33134 1.66148 315.78168 -182.83322 -50.16697 NaN NaN NaN 61.43155 -113.08482 -28.85658 -42.08368 -191.89487 -38.69123
50686 2.30507 NaN NaN NaN 211.05144 -135.50101 1.79507 315.99878 -182.78372 -50.34661 NaN NaN NaN 61.48710 -112.95872 -28.99170 -42.06674 -191.80191 -38.39130
50687 2.31340 NaN NaN NaN 211.24835 -135.70975 1.92366 316.22104 -182.65913 -50.63253 NaN NaN NaN 61.56471 -112.88531 -29.13896 -42.03327 -191.68831 -38.00449
50688 2.32173 NaN NaN NaN 211.41901 -135.91151 1.98506 316.39639 -182.62688 -50.81306 NaN NaN NaN 61.62717 -112.86646 -29.15858 -41.98400 -191.62866 -37.67902
50689 2.33006 NaN NaN NaN 211.60081 -136.11549 2.03959 316.51022 -182.61208 -50.90936 NaN NaN NaN 61.69601 -112.86266 -29.18800 -41.94176 -191.55510 -37.35707
50690 2.33840 NaN NaN NaN 211.75806 -136.28015 2.07460 316.67151 -182.63071 -50.97853 NaN NaN NaN 61.79303 -112.85252 -29.29441 -41.86315 -191.48470 -37.00018
50691 2.34673 NaN NaN NaN 211.87192 -136.44391 2.10573 316.78479 -182.73741 -51.02357 NaN NaN NaN 61.92062 -112.81030 -29.38438 -41.79295 -191.44945 -36.73782
50692 2.35506 NaN NaN NaN 211.97287 -136.55194 2.10350 316.85956 -182.82281 -51.07856 NaN NaN NaN 62.00868 -112.72840 -29.64762 -41.72693 -191.44057 -36.53261
50693 2.36339 NaN NaN NaN 212.05789 -136.72670 2.11438 316.93735 -182.88171 -51.14957 NaN NaN NaN 62.08364 -112.65929 -29.79515 -41.64021 -191.42143 -36.32979
50694 2.37172 NaN NaN NaN 212.13832 -136.83348 2.12352 317.02670 -182.92476 -51.17778 NaN NaN NaN 62.18355 -112.61617 -29.89634 -41.51376 -191.38266 -36.00318
50695 2.38005 NaN NaN NaN 212.20569 -136.93359 2.13140 317.07874 -182.92511 -51.20300 NaN NaN NaN 62.29171 -112.57397 -30.01605 -41.38997 -191.35133 -35.71865
50696 2.38838 NaN NaN NaN 212.24002 -137.07220 2.12086 317.15073 -182.91788 -51.24752 NaN NaN NaN 62.39239 -112.51790 -30.16922 -41.27924 -191.28267 -35.38475
50697 2.39671 NaN NaN NaN 212.26889 -137.20821 2.07321 317.21350 -182.87978 -51.30523 NaN NaN NaN 62.53252 -112.38299 -30.34665 -41.14164 -191.23917 -35.07779
50698 2.40505 NaN NaN NaN 212.25600 -137.30383 1.99273 317.25330 -182.90387 -51.34629 NaN NaN NaN 62.66375 -112.24932 -30.49173 -40.97060 -191.13565 -34.72699
50699 2.41338 NaN NaN NaN 212.27032 -137.37283 1.92612 317.27563 -182.93626 -51.38984 NaN NaN NaN 62.78313 -112.01843 -30.68680 -40.82605 -191.06468 -34.43464
50700 2.42171 NaN NaN NaN 212.27905 -137.42429 1.88524 317.32773 -182.95117 -51.50307 NaN NaN NaN 62.89772 -111.80608 -30.88094 -40.63356 -190.96997 -34.16157
50701 2.43004 NaN NaN NaN 212.28497 -137.47383 1.86481 317.36209 -182.96355 -51.55308 NaN NaN NaN 63.05878 -111.56223 -31.12225 -40.41645 -190.82266 -33.86480
50702 2.43837 NaN NaN NaN 212.30025 -137.56850 1.85538 317.39124 -182.93327 -51.66025 NaN NaN NaN 63.26699 -111.35880 -31.30272 -40.18473 -190.66458 -33.55636
50703 2.44670 NaN NaN NaN 212.32210 -137.72820 1.89501 317.41721 -182.94218 -51.71700 NaN NaN NaN 63.42906 -111.16157 -31.46646 -39.93845 -190.53424 -33.39864
50704 2.45503 NaN NaN NaN 212.39554 -137.83966 1.94056 317.45041 -182.92050 -51.75946 NaN NaN NaN 63.64677 -110.99656 -31.71532 -39.72194 -190.40945 -33.31422
50705 2.46336 NaN NaN NaN 212.47029 -137.98512 2.01141 317.51215 -182.98041 -51.81322 NaN NaN NaN 63.80130 -110.81265 -31.97282 -39.48518 -190.28389 -33.24992
50706 2.47170 NaN NaN NaN 212.56207 -138.09753 2.07755 317.57990 -183.01050 -51.88942 NaN NaN NaN 63.96763 -110.59200 -32.22124 -39.25545 -190.16374 -33.13391
50707 2.48003 NaN NaN NaN 212.66125 -138.23888 2.16407 317.65750 -183.08229 -51.93517 NaN NaN NaN 64.16366 -110.45366 -32.60706 -39.03547 -190.05501 -32.99138
50708 2.48836 NaN NaN NaN 212.76544 -138.34338 2.23565 317.67703 -183.13318 -51.98319 NaN NaN NaN 64.34805 -110.10466 -32.87134 -38.74860 -189.91837 -32.77057
50709 2.49669 NaN NaN NaN 212.85313 -138.44168 2.28551 317.70282 -183.15788 -52.02010 NaN NaN NaN 64.50505 -109.63606 -33.22643 -38.48608 -189.83600 -32.56969
50710 2.50502 NaN NaN NaN 212.86917 -138.48784 2.30750 317.75418 -183.16492 -52.02403 NaN NaN NaN 64.73734 -109.30411 -33.58994 -38.14721 -189.69205 -32.27265
50711 2.51335 NaN NaN NaN 212.87292 -138.50024 2.30076 317.76117 -183.16670 -52.00688 NaN NaN NaN 64.92857 -109.03004 -34.00270 -37.83253 -189.51184 -31.95635
50712 2.52168 NaN NaN NaN 212.85808 -138.49730 2.26248 317.78696 -183.16472 -51.97652 NaN NaN NaN 65.07648 -109.08276 -34.43237 -37.53104 -189.38727 -31.62201
50713 2.53002 NaN NaN NaN 212.81009 -138.47992 2.21535 317.78317 -183.16742 -51.94055 NaN NaN NaN 65.21828 -109.10764 -34.70561 -37.20453 -189.23151 -31.21222
50714 2.53835 NaN NaN NaN 212.78311 -138.42856 2.16764 317.77939 -183.15915 -51.94644 NaN NaN NaN 65.34483 -108.96360 -35.04071 -36.86573 -189.10144 -30.83418
50715 2.54668 NaN NaN NaN 212.75821 -138.41273 2.15438 317.76535 -183.15617 -51.90681 NaN NaN NaN 65.50089 -108.78922 -35.30914 -36.54359 -188.96320 -30.48738
50716 2.55501 NaN NaN NaN 212.77647 -138.36644 2.16184 317.75836 -183.13028 -51.92364 NaN NaN NaN 65.72782 -108.54105 -35.64660 -36.24126 -188.78633 -30.10646
50717 2.56334 NaN NaN NaN 212.74367 -138.36073 2.17274 317.73392 -183.08206 -51.85866 NaN NaN NaN 65.90347 -108.30918 -35.98098 -35.89821 -188.61955 -29.72738
50718 2.57167 NaN NaN NaN 212.71376 -138.32236 2.18930 317.72925 -183.05070 -51.82118 NaN NaN NaN 66.11925 -108.02153 -36.32367 -35.56487 -188.42567 -29.28076
50719 2.58000 NaN NaN NaN 212.68661 -138.30844 2.19747 317.72504 -183.03946 -51.78896 NaN NaN NaN 66.31660 -107.80933 -36.69535 -35.23288 -188.25578 -28.79513
50720 2.58833 NaN NaN NaN 212.68961 -138.30315 2.20005 317.74475 -183.02000 -51.76124 NaN NaN NaN 66.50313 -107.43568 -37.11158 -34.84423 -188.07928 -28.30902
50721 2.59667 NaN NaN NaN 212.69547 -138.28459 2.19752 317.75473 -183.03012 -51.74151 NaN NaN NaN 66.66112 -107.19041 -37.56870 -34.50702 -187.90166 -27.89534
50722 2.60500 NaN NaN NaN 212.69554 -138.28862 2.20600 317.76303 -183.03784 -51.74585 NaN NaN NaN 66.91457 -106.79665 -38.08739 -34.12886 -187.67844 -27.43710
50723 2.61333 NaN NaN NaN 212.70232 -138.28651 2.20617 317.76047 -183.03342 -51.74093 NaN NaN NaN 67.17624 -106.34835 -38.54583 -33.76768 -187.46060 -27.02552
50724 2.62166 NaN NaN NaN 212.74596 -138.28372 2.21867 317.77814 -183.05791 -51.74974 NaN NaN NaN 67.39865 -105.90154 -38.94691 -33.36805 -187.19234 -26.61173
50725 2.62999 NaN NaN NaN 212.85040 -138.32883 2.24793 317.85815 -183.03757 -51.77089 NaN NaN NaN 67.63224 -105.45957 -39.24646 -33.00384 -186.92795 -26.20486
50726 2.63832 NaN NaN NaN 212.94623 -138.42094 2.28256 317.94080 -183.07230 -51.91129 NaN NaN NaN 67.81355 -105.14520 -39.53265 -32.59063 -186.65926 -25.88144
50727 2.64665 NaN NaN NaN 213.07272 -138.52975 2.33136 318.00015 -183.10979 -52.01529 NaN NaN NaN 68.01691 -104.94457 -39.73145 -32.20927 -186.37280 -25.56719
50728 2.65498 NaN NaN NaN 213.23434 -138.64500 2.40619 318.11261 -183.08752 -52.08539 NaN NaN NaN 68.24023 -104.70591 -39.84265 -31.90758 -186.13861 -25.27480
50729 2.66332 NaN NaN NaN 213.38899 -138.74385 2.49087 318.19186 -183.07513 -52.13268 NaN NaN NaN 68.44470 -104.50812 -39.92633 -31.59401 -185.92236 -24.93181
50730 2.67165 NaN NaN NaN 213.55544 -138.83003 2.58740 318.29709 -183.10953 -52.14465 NaN NaN NaN 68.59930 -104.19115 -40.03170 -31.27546 -185.67163 -24.64715
50731 2.67998 NaN NaN NaN 213.70714 -138.92062 2.70011 318.37958 -183.15224 -52.20369 NaN NaN NaN 68.57154 -103.69134 -40.35900 -31.06499 -185.43233 -24.35574
50732 2.68831 NaN NaN NaN 213.84778 -139.02174 2.83506 318.45456 -183.24329 -52.24401 NaN NaN NaN 68.67296 -103.19876 -40.65262 -30.79570 -185.20236 -24.01263
50733 2.69664 NaN NaN NaN 213.96573 -139.08815 2.93145 318.50494 -183.28032 -52.29945 NaN NaN NaN 68.87904 -102.88399 -40.77644 -30.55984 -184.98361 -23.72861
50734 2.70497 NaN NaN NaN 214.10127 -139.23048 3.07018 318.55508 -183.31467 -52.32655 NaN NaN NaN 69.01505 -102.57954 -40.95815 -30.36262 -184.80981 -23.44772
50735 2.71330 NaN NaN NaN 214.17400 -139.29202 3.16412 318.57397 -183.30560 -52.33925 NaN NaN NaN 69.13699 -102.49524 -41.05762 -30.17914 -184.63731 -23.22855
50736 2.72164 NaN NaN NaN 214.23540 -139.34564 3.21665 318.59509 -183.29794 -52.34393 NaN NaN NaN 69.22814 -102.48821 -41.14408 -30.02625 -184.50629 -23.05170
50737 2.72997 NaN NaN NaN 214.28905 -139.34329 3.25491 318.63977 -183.21471 -52.36319 NaN NaN NaN 69.23086 -102.42336 -41.36736 -29.90900 -184.40724 -22.91178
50738 2.73830 NaN NaN NaN 214.30933 -139.33777 3.30816 318.69019 -183.21799 -52.34671 NaN NaN NaN 69.31453 -102.48055 -41.36279 -29.84358 -184.34500 -22.84196
50739 2.74663 NaN NaN NaN 214.36606 -139.34192 3.40021 318.74567 -183.20903 -52.32046 NaN NaN NaN 69.27130 -102.38502 -41.51401 -29.83049 -184.28690 -22.81043
50740 2.75496 NaN NaN NaN 214.46361 -139.37593 3.49929 318.81827 -183.20181 -52.29039 NaN NaN NaN 69.27450 -102.33168 -41.58138 -29.81478 -184.24927 -22.83074
50741 2.76329 NaN NaN NaN 214.59323 -139.46384 3.65898 318.90921 -183.20113 -52.27982 NaN NaN NaN 69.31266 -102.25647 -41.63221 -29.81640 -184.21707 -22.84536
50742 2.77162 NaN NaN NaN 214.73706 -139.62766 3.85855 318.96729 -183.20880 -52.28350 NaN NaN NaN 69.30133 -102.21146 -41.70918 -29.80733 -184.19710 -22.89583
50743 2.77995 NaN NaN NaN 214.91551 -139.75554 4.06627 319.02725 -183.24991 -52.31025 NaN NaN NaN 69.44197 -102.45322 -41.66423 -29.80792 -184.18120 -22.91326
50744 2.78829 NaN NaN NaN 215.10590 -139.89011 4.28577 319.07401 -183.27582 -52.36422 NaN NaN NaN 69.48243 -102.62411 -41.63141 -29.82541 -184.16611 -22.92988
50745 2.79662 NaN NaN NaN 215.29651 -140.04759 4.47683 319.13580 -183.34085 -52.43685 NaN NaN NaN 69.45838 -102.73208 -41.70538 -29.85579 -184.18762 -22.92685
50746 2.80495 NaN NaN NaN 215.56161 -140.23241 4.70395 319.20413 -183.51414 -52.52903 NaN NaN NaN 69.41745 -102.80131 -41.86905 -29.86861 -184.22372 -22.94050
50747 2.81328 NaN NaN NaN 215.83972 -140.44313 4.92338 319.31012 -183.59918 -52.65969 NaN NaN NaN 69.39908 -102.81754 -42.18288 -29.90051 -184.24765 -22.97466
50748 2.82161 NaN NaN NaN 216.11491 -140.53557 5.17940 319.39810 -183.67665 -52.82386 NaN NaN NaN 69.39352 -102.75984 -42.36202 -29.93623 -184.27985 -23.04363
50749 2.82994 NaN NaN NaN 216.31546 -140.69600 5.40122 319.42035 -183.82909 -52.94025 NaN NaN NaN 69.38869 -102.69975 -42.48879 -29.99521 -184.31148 -23.08128
50750 2.83827 NaN NaN NaN 216.51164 -140.83669 5.56730 319.41248 -183.96674 -52.97428 NaN NaN NaN 69.35360 -102.71102 -42.52350 -30.03385 -184.35986 -23.12441
50751 2.84660 NaN NaN NaN 216.68333 -140.94272 5.68427 319.47562 -183.99541 -53.00944 NaN NaN NaN 69.46480 -102.83504 -42.40466 -30.08553 -184.39914 -23.19732
50752 2.85494 NaN NaN NaN 216.81709 -141.06198 5.86245 319.52234 -184.01938 -53.05291 NaN NaN NaN 69.44276 -102.97628 -42.35199 -30.14219 -184.42297 -23.23263
50753 2.86327 NaN NaN NaN 216.96738 -141.16235 6.02989 319.57138 -184.04279 -53.06402 NaN NaN NaN 69.40576 -103.04005 -42.31252 -30.20291 -184.42303 -23.26819
