Frame# Time LH1 LH2 LH3 RH1 RH2 RH3
X54 Y54 Z54 X55 Y55 Z55 X56 Y56 Z56 X57 Y57 Z57 X58 Y58 Z58 X59 Y59 Z59
15678 0.00399 NaN NaN NaN 152.66098 -78.41538 9.56655 228.74594 -153.36797 -58.14040 NaN NaN NaN 44.32975 -130.50928 16.25348 -21.70189 -176.64484 -85.98290
15679 0.01233 NaN NaN NaN 152.66078 -78.40728 9.57744 228.74417 -153.34566 -58.14677 NaN NaN NaN 44.34037 -130.51677 16.25275 -21.69116 -176.66277 -86.00137
15680 0.02068 NaN NaN NaN 152.70609 -78.49306 9.64280 228.75003 -153.35762 -58.14637 NaN NaN NaN 44.33654 -130.50595 16.25395 -21.70436 -176.65669 -85.99627
15681 0.02903 NaN NaN NaN 152.67436 -78.46314 9.62913 228.75008 -153.35695 -58.15700 NaN NaN NaN 44.33376 -130.50027 16.23264 -21.69818 -176.67392 -86.01102
15682 0.03737 NaN NaN NaN 152.70270 -78.52747 9.68427 228.75427 -153.37439 -58.15959 NaN NaN NaN 44.34848 -130.53998 16.24244 -21.68730 -176.66785 -86.02398
15683 0.04572 NaN NaN NaN 152.71114 -78.56413 9.71677 228.74654 -153.37080 -58.15958 NaN NaN NaN 44.33799 -130.53479 16.22715 -21.68263 -176.68770 -86.03967
15684 0.05407 NaN NaN NaN 152.67986 -78.51989 9.64437 228.74879 -153.37950 -58.15485 NaN NaN NaN 44.33490 -130.54683 16.21517 -21.69578 -176.67667 -86.04228
15685 0.06241 NaN NaN NaN 152.68018 -78.55001 9.70356 228.75232 -153.37411 -58.15613 NaN NaN NaN 44.32080 -130.54031 16.20851 -21.71620 -176.67404 -86.04488
15686 0.07076 NaN NaN NaN 152.69490 -78.58637 9.72554 228.76366 -153.35889 -58.15679 NaN NaN NaN 44.31760 -130.56308 16.19432 -21.73441 -176.64919 -86.04081
15687 0.07911 NaN NaN NaN 152.71043 -78.61886 9.76008 228.75650 -153.36400 -58.16877 NaN NaN NaN 44.31780 -130.55121 16.18399 -21.74763 -176.62518 -86.05329
15688 0.08745 NaN NaN NaN 152.68224 -78.55537 9.68497 228.75537 -153.36882 -58.16748 NaN NaN NaN 44.32097 -130.54750 16.18099 -21.74855 -176.60733 -86.05547
15689 0.09580 NaN NaN NaN 152.67209 -78.50538 9.66484 228.76030 -153.36345 -58.16519 NaN NaN NaN 44.31752 -130.50929 16.16995 -21.75047 -176.61597 -86.08465
15690 0.10415 NaN NaN NaN 152.66774 -78.48628 9.65840 228.76328 -153.36362 -58.16200 NaN NaN NaN 44.30753 -130.51117 16.16482 -21.75658 -176.57550 -86.11797
15691 0.11249 NaN NaN NaN 152.66739 -78.46448 9.66044 228.76584 -153.35490 -58.16652 NaN NaN NaN 44.30410 -130.48624 16.15769 -21.77354 -176.58188 -86.11591
15692 0.12084 NaN NaN NaN 152.65891 -78.47916 9.65435 228.77196 -153.36765 -58.15842 NaN NaN NaN 44.31180 -130.47768 16.14950 -21.76366 -176.56212 -86.10257
15693 0.12919 NaN NaN NaN 152.65784 -78.49107 9.66597 228.76207 -153.34875 -58.16457 NaN NaN NaN 44.31881 -130.47754 16.14565 -21.76532 -176.55699 -86.09807
15694 0.13753 NaN NaN NaN 152.63614 -78.51159 9.66182 228.75723 -153.34697 -58.15623 NaN NaN NaN 44.30626 -130.49524 16.14568 -21.78502 -176.53075 -86.08703
15695 0.14588 NaN NaN NaN 152.63748 -78.49834 9.66768 228.75539 -153.33472 -58.16729 NaN NaN NaN 44.28917 -130.48364 16.14745 -21.80484 -176.53761 -86.12253
15696 0.15423 NaN NaN NaN 152.63283 -78.52186 9.67418 228.75990 -153.34357 -58.16037 NaN NaN NaN 44.29898 -130.47974 16.12843 -21.80336 -176.52760 -86.12721
15697 0.16257 NaN NaN NaN 152.62756 -78.53686 9.69011 228.75087 -153.31938 -58.17568 NaN NaN NaN 44.29434 -130.48004 16.09801 -21.81696 -176.51599 -86.14223
15698 0.17092 NaN NaN NaN 152.61133 -78.54650 9.70853 228.74152 -153.33789 -58.18106 NaN NaN NaN 44.28316 -130.46288 16.10592 -21.80150 -176.51019 -86.15111
15699 0.17927 NaN NaN NaN 152.61594 -78.55843 9.70769 228.73567 -153.32487 -58.17781 NaN NaN NaN 44.28025 -130.46863 16.10466 -21.82262 -176.48355 -86.14982
15700 0.18761 NaN NaN NaN 152.59216 -78.57663 9.73546 228.73416 -153.32323 -58.18144 NaN NaN NaN 44.27154 -130.46455 16.11617 -21.84056 -176.47060 -86.15530
15701 0.19596 NaN NaN NaN 152.59013 -78.60302 9.75593 228.73941 -153.30362 -58.19008 NaN NaN NaN 44.26773 -130.44211 16.08879 -21.83466 -176.47459 -86.13504
15702 0.20430 NaN NaN NaN 152.58374 -78.62685 9.77232 228.74675 -153.30199 -58.18816 NaN NaN NaN 44.26873 -130.44856 16.10662 -21.82896 -176.50299 -86.12633
15703 0.21265 NaN NaN NaN 152.58571 -78.63612 9.77978 228.72839 -153.30130 -58.19880 NaN NaN NaN 44.27463 -130.44070 16.12841 -21.83486 -176.53935 -86.11563
15704 0.22100 NaN NaN NaN 152.57579 -78.63808 9.78251 228.71951 -153.29788 -58.20324 NaN NaN NaN 44.26101 -130.45586 16.13737 -21.84277 -176.50337 -86.13109
15705 0.22934 NaN NaN NaN 152.57452 -78.63910 9.78065 228.72667 -153.30867 -58.20591 NaN NaN NaN 44.25476 -130.47197 16.08228 -21.86464 -176.49048 -86.13674
15706 0.23769 NaN NaN NaN 152.56625 -78.63431 9.78061 228.71756 -153.29997 -58.23583 NaN NaN NaN 44.23145 -130.46828 16.06607 -21.85790 -176.45728 -86.16140
15707 0.24604 NaN NaN NaN 152.56796 -78.64568 9.79009 228.72252 -153.30502 -58.24644 NaN NaN NaN 44.24743 -130.45595 16.04734 -21.86407 -176.42719 -86.17179
15708 0.25438 NaN NaN NaN 152.55962 -78.66120 9.78502 228.73268 -153.32281 -58.25869 NaN NaN NaN 44.24452 -130.44377 16.05346 -21.89035 -176.44141 -86.21989
15709 0.26273 NaN NaN NaN 152.55135 -78.66158 9.79483 228.72308 -153.30670 -58.26100 NaN NaN NaN 44.26450 -130.45656 16.04729 -21.89621 -176.44691 -86.23924
15710 0.27108 NaN NaN NaN 152.55577 -78.67424 9.80234 228.71382 -153.29071 -58.27169 NaN NaN NaN 44.26339 -130.47694 16.04797 -21.87372 -176.44774 -86.22235
15711 0.27942 NaN NaN NaN 152.52588 -78.69587 9.81447 228.72130 -153.28807 -58.29598 NaN NaN NaN 44.24462 -130.47818 16.03729 -21.90214 -176.45474 -86.22697
15712 0.28777 NaN NaN NaN 152.52580 -78.71575 9.79613 228.73238 -153.27779 -58.28962 NaN NaN NaN 44.25018 -130.48312 16.03351 -21.89082 -176.46045 -86.22534
15713 0.29612 NaN NaN NaN 152.51082 -78.73415 9.80684 228.74905 -153.26770 -58.29314 NaN NaN NaN 44.25485 -130.47835 16.03277 -21.89995 -176.47975 -86.24406
15714 0.30446 NaN NaN NaN 152.51683 -78.75300 9.82323 228.74219 -153.27640 -58.32186 NaN NaN NaN 44.25195 -130.48230 16.02368 -21.89873 -176.47159 -86.25782
15715 0.31281 NaN NaN NaN 152.54593 -78.86221 9.91527 228.75139 -153.25084 -58.34839 NaN NaN NaN 44.25374 -130.49013 16.01302 -21.88229 -176.47668 -86.26682
15716 0.32116 NaN NaN NaN 152.56921 -78.93164 9.93563 228.74977 -153.25243 -58.36196 NaN NaN NaN 44.26508 -130.51729 16.06547 -21.89154 -176.46803 -86.27988
15717 0.32950 NaN NaN NaN 152.56563 -78.97229 9.95179 228.75198 -153.24155 -58.37334 NaN NaN NaN 44.27265 -130.51628 16.08220 -21.88297 -176.46165 -86.30636
15718 0.33785 NaN NaN NaN 152.57520 -79.00002 9.95436 228.77229 -153.26340 -58.39233 NaN NaN NaN 44.27489 -130.52397 16.07689 -21.87034 -176.46240 -86.28976
15719 0.34620 NaN NaN NaN 152.54883 -79.00192 9.95559 228.77267 -153.24940 -58.41801 NaN NaN NaN 44.27073 -130.52238 16.00838 -21.87817 -176.46761 -86.30988
15720 0.35454 NaN NaN NaN 152.54300 -79.00229 9.95374 228.77377 -153.25423 -58.43144 NaN NaN NaN 44.27420 -130.53806 16.02575 -21.85903 -176.46912 -86.28873
15721 0.36289 NaN NaN NaN 152.55461 -79.00679 9.95670 228.77600 -153.24858 -58.45049 NaN NaN NaN 44.28584 -130.53667 16.04415 -21.88401 -176.49341 -86.32636
15722 0.37124 NaN NaN NaN 152.56462 -79.05000 9.98024 228.78418 -153.25098 -58.44868 NaN NaN NaN 44.28838 -130.55852 16.03900 -21.88837 -176.48619 -86.34658
15723 0.37958 NaN NaN NaN 152.56825 -79.03909 9.97340 228.79689 -153.23009 -58.45309 NaN NaN NaN 44.28769 -130.57574 16.03382 -21.86472 -176.48294 -86.32206
15724 0.38793 NaN NaN NaN 152.56580 -79.04609 9.96659 228.80327 -153.24342 -58.45417 NaN NaN NaN 44.27939 -130.58041 16.02957 -21.86107 -176.48315 -86.32329
15725 0.39628 NaN NaN NaN 152.56404 -79.04717 9.96652 228.79578 -153.22517 -58.47483 NaN NaN NaN 44.28409 -130.58609 16.02597 -21.87146 -176.48589 -86.33078
15726 0.40462 NaN NaN NaN 152.56659 -79.07738 9.99178 228.79776 -153.23988 -58.47550 NaN NaN NaN 44.29202 -130.58121 16.02258 -21.86416 -176.47505 -86.31480
15727 0.41297 NaN NaN NaN 152.56927 -79.07749 9.99760 228.81276 -153.23991 -58.48885 NaN NaN NaN 44.29285 -130.56630 16.03640 -21.88322 -176.48528 -86.33581
15728 0.42132 NaN NaN NaN 152.58377 -79.10548 10.00988 228.81569 -153.24213 -58.49809 NaN NaN NaN 44.28867 -130.56375 16.01570 -21.88565 -176.47926 -86.35006
15729 0.42966 NaN NaN NaN 152.58051 -79.10391 10.00292 228.82414 -153.24501 -58.49784 NaN NaN NaN 44.28265 -130.55417 16.00863 -21.87556 -176.46330 -86.33288
15730 0.43801 NaN NaN NaN 152.57306 -79.12461 10.01729 228.82080 -153.24458 -58.49862 NaN NaN NaN 44.28727 -130.55316 16.01020 -21.88119 -176.46104 -86.34956
15731 0.44635 NaN NaN NaN 152.58524 -79.12647 10.01457 228.82324 -153.24440 -58.50124 NaN NaN NaN 44.30185 -130.55934 16.01230 -21.87079 -176.46791 -86.33245
15732 0.45470 NaN NaN NaN 152.59286 -79.17302 10.03074 228.83394 -153.26123 -58.50286 NaN NaN NaN 44.28870 -130.55672 16.00945 -21.87257 -176.45268 -86.33388
15733 0.46305 NaN NaN NaN 152.59415 -79.17156 10.02464 228.84677 -153.25887 -58.50309 NaN NaN NaN 44.29861 -130.56540 16.00629 -21.88676 -176.46838 -86.34609
15734 0.47139 NaN NaN NaN 152.60533 -79.19552 10.02767 228.84132 -153.26952 -58.49055 NaN NaN NaN 44.29687 -130.56926 16.00788 -21.89388 -176.48491 -86.37045
15735 0.47974 NaN NaN NaN 152.60010 -79.20142 10.03758 228.85126 -153.28069 -58.49451 NaN NaN NaN 44.29656 -130.56808 16.00763 -21.90288 -176.50423 -86.37494
15736 0.48809 NaN NaN NaN 152.59612 -79.20550 10.03609 228.84566 -153.27968 -58.50060 NaN NaN NaN 44.29348 -130.56453 16.01315 -21.88325 -176.48502 -86.35482
15737 0.49643 NaN NaN NaN 152.60744 -79.22038 10.03905 228.84930 -153.29926 -58.49945 NaN NaN NaN 44.29125 -130.58972 16.00400 -21.87365 -176.49655 -86.37620
15738 0.50478 NaN NaN NaN 152.60580 -79.24810 10.03650 228.84029 -153.29890 -58.50171 NaN NaN NaN 44.28587 -130.59106 15.99358 -21.87294 -176.50096 -86.39455
15739 0.51313 NaN NaN NaN 152.61513 -79.26691 10.03721 228.84654 -153.30707 -58.49640 NaN NaN NaN 44.28758 -130.62064 15.99316 -21.90631 -176.51918 -86.41157
15740 0.52147 NaN NaN NaN 152.60869 -79.26936 10.03017 228.83778 -153.31314 -58.50436 NaN NaN NaN 44.30430 -130.61154 15.98494 -21.88509 -176.49348 -86.39483
15741 0.52982 NaN NaN NaN 152.62292 -79.26501 10.03501 228.85527 -153.30598 -58.49227 NaN NaN NaN 44.29457 -130.62505 15.96759 -21.88404 -176.50089 -86.40318
15742 0.53817 NaN NaN NaN 152.62424 -79.24515 10.03461 228.84377 -153.31555 -58.50064 NaN NaN NaN 44.30833 -130.61226 15.95400 -21.86407 -176.47464 -86.39457
15743 0.54651 NaN NaN NaN 152.62794 -79.26634 10.02029 228.84790 -153.30775 -58.50225 NaN NaN NaN 44.29467 -130.61388 15.95373 -21.88103 -176.48318 -86.39224
15744 0.55486 NaN NaN NaN 152.62001 -79.28279 10.02395 228.82698 -153.30644 -58.50145 NaN NaN NaN 44.29479 -130.59929 15.95351 -21.91540 -176.50377 -86.41123
15745 0.56321 NaN NaN NaN 152.61707 -79.29223 10.03403 228.83839 -153.30856 -58.49915 NaN NaN NaN 44.29215 -130.60591 15.96690 -21.91623 -176.53992 -86.41185
15746 0.57155 NaN NaN NaN 152.60536 -79.28081 10.03581 228.84491 -153.31830 -58.48891 NaN NaN NaN 44.29729 -130.61041 15.96865 -21.90867 -176.55214 -86.41205
15747 0.57990 NaN NaN NaN 152.61011 -79.26701 10.04028 228.84409 -153.30629 -58.49332 NaN NaN NaN 44.28695 -130.60701 15.96480 -21.91597 -176.55870 -86.40810
15748 0.58825 NaN NaN NaN 152.61096 -79.23543 10.03037 228.83789 -153.29988 -58.49450 NaN NaN NaN 44.29489 -130.60139 15.96061 -21.90163 -176.53061 -86.39906
15749 0.59659 NaN NaN NaN 152.58994 -79.21944 10.02223 228.84251 -153.28918 -58.48957 NaN NaN NaN 44.28839 -130.59027 15.95165 -21.91272 -176.55367 -86.40994
15750 0.60494 NaN NaN NaN 152.59428 -79.23435 10.02335 228.84982 -153.29552 -58.48342 NaN NaN NaN 44.30138 -130.58411 15.94311 -21.92164 -176.53378 -86.41095
15751 0.61329 NaN NaN NaN 152.58867 -79.23540 10.03302 228.85468 -153.29897 -58.47768 NaN NaN NaN 44.28627 -130.57916 15.94261 -21.89815 -176.52682 -86.38594
15752 0.62163 NaN NaN NaN 152.59306 -79.25800 10.03444 228.84941 -153.30191 -58.48051 NaN NaN NaN 44.28867 -130.57144 15.95173 -21.89140 -176.52797 -86.38942
15753 0.62998 NaN NaN NaN 152.58604 -79.23929 10.03206 228.85718 -153.29449 -58.48392 NaN NaN NaN 44.29274 -130.57175 15.94683 -21.88898 -176.53464 -86.38258
15754 0.63833 NaN NaN NaN 152.59587 -79.22545 10.02880 228.85301 -153.28331 -58.48119 NaN NaN NaN 44.29274 -130.55496 15.95857 -21.87127 -176.53793 -86.37595
15755 0.64667 NaN NaN NaN 152.59294 -79.20710 10.02791 228.85785 -153.29326 -58.47666 NaN NaN NaN 44.28585 -130.55566 15.95394 -21.90568 -176.54221 -86.38890
15756 0.65502 NaN NaN NaN 152.59093 -79.20085 10.03077 228.84210 -153.28098 -58.48629 NaN NaN NaN 44.28123 -130.55627 15.94712 -21.90412 -176.52271 -86.38789
15757 0.66337 NaN NaN NaN 152.56915 -79.16571 10.03391 228.84079 -153.26599 -58.47810 NaN NaN NaN 44.28399 -130.56326 15.93970 -21.92999 -176.54541 -86.40692
15758 0.67171 NaN NaN NaN 152.57016 -79.17527 10.04076 228.82298 -153.26123 -58.47942 NaN NaN NaN 44.26688 -130.55161 15.94205 -21.91175 -176.53375 -86.38927
15759 0.68006 NaN NaN NaN 152.56963 -79.17892 10.04070 228.82106 -153.23918 -58.45460 NaN NaN NaN 44.27223 -130.55832 15.93868 -21.93474 -176.53094 -86.40591
15760 0.68841 NaN NaN NaN 152.57726 -79.17875 10.04710 228.81012 -153.24275 -58.45865 NaN NaN NaN 44.28217 -130.53891 15.93486 -21.91620 -176.51923 -86.39312
15761 0.69675 NaN NaN NaN 152.57135 -79.13355 10.03420 228.81929 -153.24207 -58.43557 NaN NaN NaN 44.26905 -130.52817 15.93308 -21.94015 -176.52126 -86.41771
15762 0.70510 NaN NaN NaN 152.56985 -79.11960 10.02835 228.82208 -153.25565 -58.38955 NaN NaN NaN 44.27264 -130.51878 15.91951 -21.95021 -176.53110 -86.41451
15763 0.71344 NaN NaN NaN 152.56618 -79.07064 10.02096 228.81094 -153.24278 -58.38816 NaN NaN NaN 44.25678 -130.50111 15.92154 -21.93295 -176.52002 -86.38770
15764 0.72179 NaN NaN NaN 152.57179 -79.02584 9.99239 228.81551 -153.25089 -58.37268 NaN NaN NaN 44.26585 -130.50581 15.94537 -21.93431 -176.49878 -86.37423
15765 0.73014 NaN NaN NaN 152.56593 -78.99496 9.97566 228.80338 -153.22856 -58.38368 NaN NaN NaN 44.25808 -130.49530 15.93961 -21.96544 -176.49374 -86.40069
15766 0.73848 NaN NaN NaN 152.57037 -78.96853 9.96819 228.78937 -153.22868 -58.37192 NaN NaN NaN 44.26255 -130.49782 15.93691 -21.94319 -176.46231 -86.38581
15767 0.74683 NaN NaN NaN 152.56395 -78.95276 9.96062 228.78149 -153.21118 -58.36252 NaN NaN NaN 44.25959 -130.48845 15.93294 -21.94326 -176.44112 -86.37698
15768 0.75518 NaN NaN NaN 152.56976 -78.93001 9.95373 228.78375 -153.22287 -58.33138 NaN NaN NaN 44.24705 -130.46858 15.94068 -21.95220 -176.45222 -86.37184
15769 0.76352 NaN NaN NaN 152.57251 -78.92394 9.95539 228.78560 -153.20528 -58.31469 NaN NaN NaN 44.25615 -130.46037 15.92176 -21.94264 -176.44630 -86.37794
15770 0.77187 NaN NaN NaN 152.56519 -78.88719 9.95411 228.77769 -153.19971 -58.30696 NaN NaN NaN 44.24789 -130.44678 15.93212 -21.95779 -176.45938 -86.33934
15771 0.78022 NaN NaN NaN 152.55061 -78.88509 9.95409 228.77226 -153.18085 -58.31415 NaN NaN NaN 44.24895 -130.43913 15.92940 -21.95951 -176.45102 -86.32534
15772 0.78856 NaN NaN NaN 152.56166 -78.87659 9.95751 228.75768 -153.16335 -58.29538 NaN NaN NaN 44.25823 -130.43510 15.94551 -21.96724 -176.45375 -86.31913
15773 0.79691 NaN NaN NaN 152.55217 -78.86058 9.96050 228.76015 -153.15271 -58.33243 NaN NaN NaN 44.24776 -130.44720 15.94333 -21.96269 -176.45059 -86.32281
15774 0.80526 NaN NaN NaN 152.55733 -78.86248 9.95890 228.76637 -153.16261 -58.30231 NaN NaN NaN 44.24355 -130.42191 15.94817 -21.96815 -176.43907 -86.32529
15775 0.81360 NaN NaN NaN 152.51143 -78.79945 9.89287 228.76247 -153.15779 -58.29768 NaN NaN NaN 44.23923 -130.42165 15.86931 -21.95961 -176.45049 -86.28526
15776 0.82195 NaN NaN NaN 152.53993 -78.82098 9.93644 228.75478 -153.17010 -58.28056 NaN NaN NaN 44.26732 -130.38522 15.91294 -21.96086 -176.44945 -86.27045
15777 0.83030 NaN NaN NaN 152.52890 -78.84000 9.97009 228.75130 -153.16725 -58.30948 NaN NaN NaN 44.25253 -130.37813 15.93082 -21.97171 -176.45708 -86.30154
15778 0.83864 NaN NaN NaN 152.53326 -78.87657 9.99036 228.73442 -153.15654 -58.28206 NaN NaN NaN 44.25777 -130.37852 15.91748 -21.96727 -176.46378 -86.28708
15779 0.84699 NaN NaN NaN 152.53830 -78.89455 9.98018 228.73177 -153.14270 -58.31755 NaN NaN NaN 44.26282 -130.39578 15.90727 -21.97316 -176.45505 -86.30383
15780 0.85534 NaN NaN NaN 152.54976 -78.88345 9.97071 228.73085 -153.13336 -58.29654 NaN NaN NaN 44.26254 -130.37894 15.90336 -21.97638 -176.45605 -86.28234
15781 0.86368 NaN NaN NaN 152.53949 -78.86227 9.96524 228.73805 -153.14091 -58.30410 NaN NaN NaN 44.30827 -130.33716 15.89447 -21.96643 -176.47214 -86.25562
15782 0.87203 NaN NaN NaN 152.53813 -78.83607 9.94981 228.73485 -153.14746 -58.28395 NaN NaN NaN 44.34777 -130.28969 15.90273 -21.95651 -176.48468 -86.23061
15783 0.88038 NaN NaN NaN 152.52850 -78.84031 9.94721 228.74446 -153.14583 -58.29967 NaN NaN NaN 44.38244 -130.25072 15.88947 -21.94956 -176.50645 -86.19119
15784 0.88872 NaN NaN NaN 152.52888 -78.82687 9.93954 228.73955 -153.14005 -58.29745 NaN NaN NaN 44.39457 -130.21851 15.89310 -21.94708 -176.52974 -86.15900
15785 0.89707 NaN NaN NaN 152.52008 -78.83945 9.94732 228.73819 -153.13940 -58.31006 NaN NaN NaN 44.39557 -130.19675 15.88429 -21.93513 -176.55652 -86.13680
15786 0.90542 NaN NaN NaN 152.53191 -78.83433 9.93670 228.72357 -153.13666 -58.29111 NaN NaN NaN 44.39609 -130.20306 15.88211 -21.93077 -176.56056 -86.13692
15787 0.91376 NaN NaN NaN 152.53625 -78.83263 9.93098 228.74573 -153.14445 -58.30604 NaN NaN NaN 44.40356 -130.19122 15.87195 -21.92813 -176.54118 -86.15598
15788 0.92211 NaN NaN NaN 152.51424 -78.75441 9.86448 228.74985 -153.15125 -58.29563 NaN NaN NaN 44.39451 -130.19350 15.81524 -21.92503 -176.54753 -86.13461
15789 0.93046 NaN NaN NaN 152.50948 -78.79277 9.92373 228.75191 -153.17717 -58.29523 NaN NaN NaN 44.41204 -130.20432 15.84543 -21.93523 -176.56374 -86.14162
15790 0.93880 NaN NaN NaN 152.52386 -78.80371 9.93098 228.74240 -153.18799 -58.28083 NaN NaN NaN 44.41268 -130.22401 15.87176 -21.92079 -176.57880 -86.15825
15791 0.94715 NaN NaN NaN 152.52599 -78.83753 9.95792 228.73264 -153.18799 -58.28015 NaN NaN NaN 44.41546 -130.24213 15.87313 -21.91531 -176.59845 -86.14520
15792 0.95549 NaN NaN NaN 152.52371 -78.76501 9.87749 228.73030 -153.19112 -58.26714 NaN NaN NaN 44.40182 -130.22958 15.79406 -21.93749 -176.60257 -86.16826
15793 0.96384 NaN NaN NaN 152.51556 -78.71068 9.82486 228.73024 -153.18507 -58.28847 NaN NaN NaN 44.39361 -130.21417 15.76931 -21.94289 -176.59526 -86.16900
15794 0.97219 NaN NaN NaN 152.54317 -78.75063 9.89012 228.71909 -153.18434 -58.26960 NaN NaN NaN 44.40106 -130.22417 15.83164 -21.94387 -176.60977 -86.19205
15795 0.98053 NaN NaN NaN 152.54065 -78.78606 9.94102 228.72881 -153.17407 -58.30086 NaN NaN NaN 44.41846 -130.24341 15.83838 -21.94472 -176.63120 -86.18504
15796 0.98888 NaN NaN NaN 152.55621 -78.83043 9.95821 228.72018 -153.16713 -58.28315 NaN NaN NaN 44.41719 -130.25746 15.85635 -21.93716 -176.64438 -86.17603
15797 0.99723 NaN NaN NaN 152.53537 -78.84518 9.93979 228.73425 -153.18997 -58.28020 NaN NaN NaN 44.41958 -130.26460 15.82773 -21.93840 -176.63181 -86.17735
15798 1.00557 NaN NaN NaN 152.51810 -78.77283 9.84462 228.72603 -153.20087 -58.26905 NaN NaN NaN 44.42150 -130.26649 15.77253 -21.93791 -176.63115 -86.19489
15799 1.01392 NaN NaN NaN 152.53378 -78.77073 9.88072 228.73668 -153.20657 -58.26986 NaN NaN NaN 44.43865 -130.25865 15.80778 -21.97111 -176.64104 -86.17318
15800 1.02227 NaN NaN NaN 152.53114 -78.71198 9.84822 228.72736 -153.20775 -58.27046 NaN NaN NaN 44.44506 -130.23376 15.78197 -21.95656 -176.63034 -86.17202
15801 1.03061 NaN NaN NaN 152.54405 -78.75018 9.89524 228.73625 -153.21324 -58.28267 NaN NaN NaN 44.45158 -130.22755 15.80563 -21.97321 -176.64459 -86.15694
15802 1.03896 NaN NaN NaN 152.53043 -78.73496 9.83890 228.74283 -153.21434 -58.27633 NaN NaN NaN 44.46102 -130.22972 15.76771 -21.93497 -176.64565 -86.13557
15803 1.04731 NaN NaN NaN 152.54066 -78.79037 9.89592 228.74918 -153.22232 -58.28364 NaN NaN NaN 44.45844 -130.22688 15.79117 -21.94657 -176.62601 -86.15397
15804 1.05565 NaN NaN NaN 152.53410 -78.74146 9.84646 228.73929 -153.21974 -58.25924 NaN NaN NaN 44.43662 -130.23546 15.76290 -21.94463 -176.62302 -86.17684
15805 1.06400 NaN NaN NaN 152.53751 -78.78667 9.91333 228.74702 -153.22101 -58.28176 NaN NaN NaN 44.45479 -130.24529 15.79103 -21.93930 -176.63188 -86.16107
15806 1.07235 NaN NaN NaN 152.54073 -78.72601 9.85959 228.74747 -153.23044 -58.26139 NaN NaN NaN 44.44314 -130.23668 15.74972 -21.93105 -176.63190 -86.17085
15807 1.08069 NaN NaN NaN 152.55537 -78.76950 9.91821 228.74583 -153.22389 -58.27167 NaN NaN NaN 44.44539 -130.23976 15.78356 -21.94665 -176.63210 -86.18624
15808 1.08904 NaN NaN NaN 152.55249 -78.72124 9.85499 228.75665 -153.22800 -58.27064 NaN NaN NaN 44.44018 -130.24431 15.74381 -21.94121 -176.65154 -86.18806
15809 1.09739 NaN NaN NaN 152.55876 -78.76622 9.90397 228.75430 -153.22223 -58.27895 NaN NaN NaN 44.46703 -130.25920 15.77752 -21.94220 -176.64641 -86.18967
15810 1.10573 NaN NaN NaN 152.55641 -78.72360 9.85042 228.75978 -153.22795 -58.28438 NaN NaN NaN 44.48584 -130.26715 15.73657 -21.92517 -176.64194 -86.19931
15811 1.11408 NaN NaN NaN 152.58090 -78.76633 9.90363 228.76717 -153.22070 -58.28338 NaN NaN NaN 44.48096 -130.25870 15.76418 -21.92313 -176.62898 -86.20361
15812 1.12243 NaN NaN NaN 152.59235 -78.70515 9.84196 228.77274 -153.21591 -58.28923 NaN NaN NaN 44.46758 -130.22601 15.71136 -21.91372 -176.63943 -86.21948
15813 1.13077 NaN NaN NaN 152.61084 -78.74753 9.88677 228.76373 -153.20343 -58.29606 NaN NaN NaN 44.46998 -130.22382 15.74505 -21.92384 -176.63582 -86.22609
15814 1.13912 NaN NaN NaN 152.58650 -78.70860 9.83202 228.75667 -153.21288 -58.29308 NaN NaN NaN 44.47546 -130.21164 15.69502 -21.92563 -176.64981 -86.23433
15815 1.14747 NaN NaN NaN 152.60133 -78.75250 9.89147 228.78383 -153.21059 -58.28801 NaN NaN NaN 44.50537 -130.21707 15.73991 -21.91856 -176.64772 -86.21545
15816 1.15581 NaN NaN NaN 152.61201 -78.77451 9.91435 228.78410 -153.22641 -58.27836 NaN NaN NaN 44.51281 -130.22737 15.75813 -21.91056 -176.65453 -86.22291
15817 1.16416 NaN NaN NaN 152.59691 -78.72028 9.84330 228.79691 -153.20746 -58.28610 NaN NaN NaN 44.51725 -130.21162 15.69850 -21.91028 -176.63927 -86.23158
15818 1.17251 NaN NaN NaN 152.58348 -78.67999 9.81795 228.79837 -153.20584 -58.27660 NaN NaN NaN 44.49885 -130.20963 15.66492 -21.91146 -176.64809 -86.24052
15819 1.18085 NaN NaN NaN 152.58934 -78.71553 9.87951 228.79414 -153.20500 -58.27798 NaN NaN NaN 44.51617 -130.21330 15.72596 -21.92841 -176.65298 -86.25052
15820 1.18920 NaN NaN NaN 152.61673 -78.74504 9.91697 228.78145 -153.19858 -58.27707 NaN NaN NaN 44.51020 -130.21605 15.76030 -21.91393 -176.65436 -86.24892
15821 1.19755 NaN NaN NaN 152.62761 -78.78802 9.92893 228.79076 -153.20259 -58.28126 NaN NaN NaN 44.51857 -130.22395 15.74627 -21.91301 -176.63055 -86.24245
15822 1.20589 NaN NaN NaN 152.61496 -78.79870 9.92860 228.78822 -153.19992 -58.28065 NaN NaN NaN 44.50961 -130.23599 15.74463 -21.91386 -176.63551 -86.22987
15823 1.21424 NaN NaN NaN 152.60123 -78.80820 9.92872 228.78398 -153.18748 -58.27077 NaN NaN NaN 44.51057 -130.22362 15.74129 -21.93106 -176.62793 -86.25229
15824 1.22258 NaN NaN NaN 152.60576 -78.78335 9.92735 228.78502 -153.18861 -58.25682 NaN NaN NaN 44.51031 -130.22313 15.73177 -21.94248 -176.61096 -86.28081
15825 1.23093 NaN NaN NaN 152.58708 -78.78723 9.93655 228.77576 -153.18636 -58.25377 NaN NaN NaN 44.50097 -130.21745 15.71044 -21.93390 -176.60094 -86.31594
15826 1.23928 NaN NaN NaN 152.58125 -78.78816 9.93778 228.76112 -153.19525 -58.23624 NaN NaN NaN 44.50192 -130.23459 15.71343 -21.94463 -176.57564 -86.30851
15827 1.24762 NaN NaN NaN 152.56757 -78.78776 9.94218 228.75748 -153.18623 -58.24766 NaN NaN NaN 44.49585 -130.21948 15.70600 -21.96508 -176.58095 -86.32461
15828 1.25597 NaN NaN NaN 152.55315 -78.71465 9.86639 228.74716 -153.19290 -58.23331 NaN NaN NaN 44.46716 -130.21648 15.62494 -21.98453 -176.58548 -86.33909
15829 1.26432 NaN NaN NaN 152.53880 -78.74970 9.90914 228.74568 -153.18504 -58.22752 NaN NaN NaN 44.46769 -130.21132 15.66395 -21.98132 -176.57544 -86.35674
15830 1.27266 NaN NaN NaN 152.53569 -78.77712 9.93070 228.72411 -153.17802 -58.20970 NaN NaN NaN 44.48692 -130.23326 15.64766 -21.98792 -176.56433 -86.38273
15831 1.28101 NaN NaN NaN 152.52380 -78.80175 9.94905 228.70702 -153.17929 -58.18729 NaN NaN NaN 44.48050 -130.23561 15.63262 -22.00370 -176.55093 -86.38918
15832 1.28936 NaN NaN NaN 152.52621 -78.82380 9.94426 228.69931 -153.17966 -58.18355 NaN NaN NaN 44.49360 -130.22772 15.54703 -22.01283 -176.53882 -86.40834
15833 1.29770 NaN NaN NaN 152.50656 -78.75526 9.88863 228.69780 -153.17967 -58.17968 NaN NaN NaN 44.51445 -130.19292 15.44099 -22.00888 -176.48235 -86.46244
15834 1.30605 NaN NaN NaN 152.52631 -78.75615 9.89825 228.69934 -153.16068 -58.15972 NaN NaN NaN 44.52276 -130.16429 15.45177 -22.01531 -176.45090 -86.50947
15835 1.31440 NaN NaN NaN 152.50194 -78.69460 9.85587 228.69362 -153.16380 -58.16419 NaN NaN NaN 44.51986 -130.15056 15.38679 -22.03507 -176.41505 -86.55904
15836 1.32274 NaN NaN NaN 152.50153 -78.73358 9.89579 228.69342 -153.15633 -58.15447 NaN NaN NaN 44.51789 -130.16191 15.44067 -22.04128 -176.39503 -86.57819
15837 1.33109 NaN NaN NaN 152.48395 -78.67490 9.86381 228.68921 -153.16304 -58.13287 NaN NaN NaN 44.50147 -130.17052 15.35036 -22.05820 -176.39558 -86.60643
15838 1.33944 NaN NaN NaN 152.48141 -78.65306 9.87699 228.67757 -153.16118 -58.11252 NaN NaN NaN 44.49070 -130.18858 15.31345 -22.06378 -176.38603 -86.61217
15839 1.34778 NaN NaN NaN 152.46324 -78.60748 9.85325 228.66327 -153.15193 -58.09985 NaN NaN NaN 44.47366 -130.21500 15.31544 -22.08457 -176.39679 -86.62342
15840 1.35613 NaN NaN NaN 152.46312 -78.59843 9.85298 228.65700 -153.14357 -58.08504 NaN NaN NaN 44.45098 -130.25061 15.30017 -22.07769 -176.38098 -86.64591
15841 1.36448 NaN NaN NaN 152.44424 -78.59911 9.85564 228.66132 -153.16321 -58.05219 NaN NaN NaN 44.46481 -130.26697 15.30393 -22.08864 -176.35600 -86.65946
15842 1.37282 NaN NaN NaN 152.44853 -78.59307 9.84930 228.63982 -153.14944 -58.05540 NaN NaN NaN 44.46882 -130.28970 15.28883 -22.11097 -176.34941 -86.67712
15843 1.38117 NaN NaN NaN 152.44861 -78.56166 9.87213 228.65242 -153.16811 -58.04502 NaN NaN NaN 44.47974 -130.30429 15.27348 -22.12867 -176.32373 -86.69099
15844 1.38952 NaN NaN NaN 152.43352 -78.52424 9.87051 228.64902 -153.13550 -58.03136 NaN NaN NaN 44.48807 -130.27844 15.25856 -22.13755 -176.31056 -86.69616
15845 1.39786 NaN NaN NaN 152.42551 -78.50668 9.87589 228.64618 -153.13759 -58.02573 NaN NaN NaN 44.47404 -130.26228 15.25480 -22.13742 -176.30119 -86.70186
15846 1.40621 NaN NaN NaN 152.41426 -78.52132 9.89552 228.64337 -153.10965 -58.02001 NaN NaN NaN 44.48191 -130.25568 15.24384 -22.14606 -176.27168 -86.70522
15847 1.41456 NaN NaN NaN 152.41293 -78.50800 9.90141 228.65111 -153.12326 -58.01750 NaN NaN NaN 44.49425 -130.25343 15.24460 -22.13626 -176.25409 -86.70844
15848 1.42290 NaN NaN NaN 152.42157 -78.52396 9.91188 228.63063 -153.09804 -58.02429 NaN NaN NaN 44.50080 -130.23828 15.25144 -22.12582 -176.21324 -86.70872
15849 1.43125 NaN NaN NaN 152.41910 -78.51510 9.91920 228.63834 -153.10591 -58.02305 NaN NaN NaN 44.50127 -130.22403 15.20970 -22.14847 -176.18623 -86.72534
15850 1.43960 NaN NaN NaN 152.42879 -78.51733 9.92755 228.63138 -153.08717 -58.01829 NaN NaN NaN 44.48900 -130.20027 15.22353 -22.15195 -176.18169 -86.72480
15851 1.44794 NaN NaN NaN 152.44308 -78.48270 9.94233 228.64139 -153.07684 -58.00772 NaN NaN NaN 44.48563 -130.15712 15.17538 -22.15848 -176.18045 -86.73528
15852 1.45629 NaN NaN NaN 152.45618 -78.49146 9.94713 228.64699 -153.07710 -58.01007 NaN NaN NaN 44.49146 -130.11015 15.15750 -22.16593 -176.17345 -86.76614
15853 1.46464 NaN NaN NaN 152.45801 -78.43862 9.95665 228.64224 -153.04669 -58.01375 NaN NaN NaN 44.49984 -130.09447 15.14043 -22.14814 -176.14502 -86.73987
15854 1.47298 NaN NaN NaN 152.45149 -78.43156 9.94821 228.64195 -153.04713 -58.02084 NaN NaN NaN 44.49049 -130.08165 15.13530 -22.16838 -176.12447 -86.75304
15855 1.48133 NaN NaN NaN 152.46101 -78.41378 9.94970 228.65184 -153.02074 -58.02289 NaN NaN NaN 44.50034 -130.08302 15.12405 -22.18708 -176.12106 -86.75966
15856 1.48967 NaN NaN NaN 152.46638 -78.40238 9.94160 228.65068 -153.03029 -58.02914 NaN NaN NaN 44.51946 -130.06453 15.12817 -22.17018 -176.11313 -86.77219
15857 1.49802 NaN NaN NaN 152.48413 -78.39133 9.93578 228.65607 -153.01984 -58.02675 NaN NaN NaN 44.53008 -130.04457 15.11132 -22.13959 -176.09688 -86.77903
15858 1.50637 NaN NaN NaN 152.50070 -78.48172 10.00132 228.65421 -153.01733 -58.03400 NaN NaN NaN 44.54029 -130.03198 15.16476 -22.15176 -176.09436 -86.78130
15859 1.51471 NaN NaN NaN 152.51012 -78.54565 10.03040 228.65457 -152.99529 -58.03588 NaN NaN NaN 44.52943 -130.03943 15.17335 -22.16293 -176.09644 -86.78371
15860 1.52306 NaN NaN NaN 152.51967 -78.59195 10.04499 228.65350 -152.99754 -58.04532 NaN NaN NaN 44.53801 -130.03531 15.17621 -22.15480 -176.08189 -86.77311
15861 1.53141 NaN NaN NaN 152.52777 -78.57240 10.03488 228.66534 -152.98758 -58.04640 NaN NaN NaN 44.55388 -130.02585 15.16123 -22.17228 -176.09918 -86.81120
15862 1.53975 NaN NaN NaN 152.52585 -78.55250 10.02516 228.65845 -153.01154 -58.04321 NaN NaN NaN 44.56185 -130.02362 15.14754 -22.17389 -176.08961 -86.82932
15863 1.54810 NaN NaN NaN 152.52190 -78.54591 10.03033 228.67436 -153.00192 -58.04846 NaN NaN NaN 44.57614 -130.01649 15.13474 -22.17344 -176.09851 -86.83298
15864 1.55645 NaN NaN NaN 152.51474 -78.42567 9.92061 228.67546 -153.00787 -58.05896 NaN NaN NaN 44.56265 -130.02872 15.08226 -22.16467 -176.10420 -86.82491
15865 1.56479 NaN NaN NaN 152.50446 -78.46439 9.97264 228.67284 -153.01080 -58.06862 NaN NaN NaN 44.56270 -130.05942 15.11693 -22.15890 -176.11270 -86.83260
15866 1.57314 NaN NaN NaN 152.50098 -78.42528 9.91630 228.67848 -153.00800 -58.07016 NaN NaN NaN 44.55556 -130.07303 15.08252 -22.13799 -176.08997 -86.83475
15867 1.58149 NaN NaN NaN 152.51842 -78.50236 9.98373 228.67499 -153.01218 -58.07865 NaN NaN NaN 44.56882 -130.09209 15.11720 -22.14757 -176.09798 -86.87170
15868 1.58983 NaN NaN NaN 152.51576 -78.46807 9.91712 228.67963 -153.01888 -58.09703 NaN NaN NaN 44.58111 -130.10530 15.06969 -22.15984 -176.11038 -86.87881
15869 1.59818 NaN NaN NaN 152.50571 -78.46660 9.90544 228.68193 -153.01665 -58.09081 NaN NaN NaN 44.56218 -130.10753 15.05927 -22.14486 -176.13638 -86.89423
15870 1.60653 NaN NaN NaN 152.51620 -78.44633 9.87313 228.68547 -153.02576 -58.10391 NaN NaN NaN 44.56576 -130.12755 15.05384 -22.14802 -176.15286 -86.88235
15871 1.61487 NaN NaN NaN 152.50923 -78.44069 9.88249 228.67294 -153.01982 -58.11469 NaN NaN NaN 44.57305 -130.14462 15.05932 -22.14345 -176.17361 -86.88223
15872 1.62322 NaN NaN NaN 152.51398 -78.45923 9.86899 228.68350 -153.03325 -58.12010 NaN NaN NaN 44.57755 -130.14714 15.05727 -22.13817 -176.17715 -86.88908
15873 1.63157 NaN NaN NaN 152.51421 -78.46947 9.88089 228.68507 -153.04155 -58.14076 NaN NaN NaN 44.56473 -130.17157 15.05841 -22.14890 -176.17485 -86.88015
15874 1.63991 NaN NaN NaN 152.51662 -78.50523 9.87851 228.67618 -153.06302 -58.13174 NaN NaN NaN 44.57244 -130.18822 15.06340 -22.14607 -176.17763 -86.87917
15875 1.64826 NaN NaN NaN 152.51616 -78.52622 9.88413 228.68460 -153.07439 -58.13369 NaN NaN NaN 44.57283 -130.18408 15.05731 -22.13750 -176.18338 -86.89356
15876 1.65661 NaN NaN NaN 152.52657 -78.53771 9.87689 228.68430 -153.09052 -58.12914 NaN NaN NaN 44.57172 -130.18127 15.06766 -22.14088 -176.18265 -86.86772
15877 1.66495 NaN NaN NaN 152.50575 -78.55071 9.89407 228.68210 -153.09007 -58.14331 NaN NaN NaN 44.57352 -130.17946 15.05974 -22.14184 -176.20093 -86.87570
15878 1.67330 NaN NaN NaN 152.50847 -78.57060 9.88785 228.68896 -153.10641 -58.14817 NaN NaN NaN 44.57345 -130.18877 15.06495 -22.15470 -176.21324 -86.87144
15879 1.68165 NaN NaN NaN 152.50424 -78.58429 9.89307 228.67845 -153.11201 -58.15197 NaN NaN NaN 44.57782 -130.20280 15.06283 -22.15181 -176.22653 -86.87730
15880 1.68999 NaN NaN NaN 152.53563 -78.69408 9.95878 228.68407 -153.12433 -58.16526 NaN NaN NaN 44.58335 -130.22223 15.11972 -22.14499 -176.22816 -86.86201
15881 1.69834 NaN NaN NaN 152.53000 -78.66812 9.91013 228.67772 -153.12358 -58.16586 NaN NaN NaN 44.57653 -130.24576 15.10244 -22.15679 -176.23393 -86.87393
15882 1.70669 NaN NaN NaN 152.51772 -78.66953 9.86244 228.67738 -153.13828 -58.16382 NaN NaN NaN 44.57833 -130.24376 15.07832 -22.15443 -176.24307 -86.87708
15883 1.71503 NaN NaN NaN 152.50594 -78.65909 9.86520 228.68893 -153.15518 -58.17411 NaN NaN NaN 44.57629 -130.24911 15.07190 -22.16794 -176.25526 -86.89274
15884 1.72338 NaN NaN NaN 152.50851 -78.65926 9.85550 228.68567 -153.17400 -58.19381 NaN NaN NaN 44.58753 -130.25827 15.07099 -22.18658 -176.25725 -86.88937
15885 1.73172 NaN NaN NaN 152.52271 -78.75526 9.93811 228.70329 -153.19769 -58.21041 NaN NaN NaN 44.59638 -130.26559 15.12193 -22.17173 -176.26036 -86.89034
15886 1.74007 NaN NaN NaN 152.49841 -78.77029 9.90242 228.70058 -153.19717 -58.21283 NaN NaN NaN 44.57913 -130.25362 15.08806 -22.18080 -176.26875 -86.88882
15887 1.74842 NaN NaN NaN 152.51869 -78.83958 9.95485 228.70551 -153.20850 -58.22071 NaN NaN NaN 44.58807 -130.27025 15.11769 -22.18576 -176.28249 -86.88136
15888 1.75676 NaN NaN NaN 152.54137 -78.88150 9.97157 228.71754 -153.21170 -58.21529 NaN NaN NaN 44.58736 -130.24512 15.11383 -22.18416 -176.29774 -86.87228
15889 1.76511 NaN NaN NaN 152.54895 -78.89368 9.97619 228.73012 -153.21179 -58.23179 NaN NaN NaN 44.59037 -130.26439 15.12018 -22.17687 -176.29181 -86.88390
15890 1.77346 NaN NaN NaN 152.55043 -78.90791 9.97547 228.71416 -153.21329 -58.23167 NaN NaN NaN 44.58425 -130.23961 15.10592 -22.17374 -176.28400 -86.89287
15891 1.78180 NaN NaN NaN 152.52605 -78.91133 9.97457 228.72162 -153.20291 -58.25120 NaN NaN NaN 44.59250 -130.26404 15.11233 -22.18929 -176.28195 -86.90958
15892 1.79015 NaN NaN NaN 152.52249 -78.92908 9.97854 228.71440 -153.20227 -58.25146 NaN NaN NaN 44.58282 -130.24345 15.11211 -22.18567 -176.26669 -86.90438
15893 1.79850 NaN NaN NaN 152.52924 -78.91761 9.97729 228.73996 -153.20975 -58.25364 NaN NaN NaN 44.57206 -130.23578 15.10122 -22.17966 -176.26782 -86.89355
15894 1.80684 NaN NaN NaN 152.53802 -78.93221 9.98627 228.73102 -153.21649 -58.24451 NaN NaN NaN 44.57132 -130.23457 15.08793 -22.18696 -176.27615 -86.88827
15895 1.81519 NaN NaN NaN 152.51700 -78.92515 9.98203 228.75009 -153.22157 -58.26974 NaN NaN NaN 44.57691 -130.25139 15.10976 -22.18411 -176.28683 -86.90123
15896 1.82354 NaN NaN NaN 152.52838 -78.94590 9.99618 228.73671 -153.20547 -58.26163 NaN NaN NaN 44.56401 -130.21869 15.10034 -22.18015 -176.28989 -86.89306
15897 1.83188 NaN NaN NaN 152.52267 -78.95627 10.00372 228.74982 -153.19270 -58.26704 NaN NaN NaN 44.58795 -130.24948 15.10938 -22.18427 -176.29352 -86.90095
15898 1.84023 NaN NaN NaN 152.51321 -78.98002 10.00376 228.75098 -153.17795 -58.28194 NaN NaN NaN 44.59228 -130.22632 15.10394 -22.18987 -176.27347 -86.90327
15899 1.84858 NaN NaN NaN 152.52426 -78.98244 9.98559 228.75592 -153.17737 -58.30449 NaN NaN NaN 44.59865 -130.22452 15.09665 -22.17891 -176.26357 -86.90658
15900 1.85692 NaN NaN NaN 152.51083 -79.00037 10.01881 228.74904 -153.17117 -58.31042 NaN NaN NaN 44.57310 -130.20872 15.07793 -22.15922 -176.24168 -86.90503
15901 1.86527 NaN NaN NaN 152.49666 -79.01962 10.03867 228.74463 -153.15100 -58.34000 NaN NaN NaN 44.57080 -130.23926 15.08938 -22.16092 -176.23647 -86.90072
15902 1.87362 NaN NaN NaN 152.50150 -79.06325 10.06263 228.74886 -153.15485 -58.32808 NaN NaN NaN 44.57596 -130.23015 15.09271 -22.16821 -176.23007 -86.90659
15903 1.88196 NaN NaN NaN 152.51089 -79.04596 10.06534 228.76865 -153.15158 -58.34249 NaN NaN NaN 44.57908 -130.21211 15.09169 -22.17098 -176.24399 -86.91537
15904 1.89031 NaN NaN NaN 152.48743 -79.05391 10.07281 228.76723 -153.14336 -58.35939 NaN NaN NaN 44.56959 -130.20290 15.08738 -22.18329 -176.25935 -86.90945
15905 1.89866 NaN NaN NaN 152.47694 -79.08773 10.07507 228.76654 -153.14044 -58.38087 NaN NaN NaN 44.55330 -130.20135 15.08496 -22.19774 -176.27756 -86.91449
15906 1.90700 NaN NaN NaN 152.48756 -79.11472 10.08634 228.76685 -153.14458 -58.38665 NaN NaN NaN 44.54949 -130.20685 15.08828 -22.19018 -176.26678 -86.90640
15907 1.91535 NaN NaN NaN 152.45587 -79.02474 10.00753 228.75359 -153.12724 -58.38862 NaN NaN NaN 44.54613 -130.22899 15.05477 -22.19570 -176.25218 -86.90781
15908 1.92370 NaN NaN NaN 152.47066 -79.05854 10.07131 228.75566 -153.12920 -58.39489 NaN NaN NaN 44.54530 -130.21800 15.06584 -22.19176 -176.23076 -86.92757
15909 1.93204 NaN NaN NaN 152.44751 -79.02594 10.06597 228.76564 -153.10976 -58.41245 NaN NaN NaN 44.56111 -130.24812 15.05467 -22.19869 -176.21980 -86.93113
15910 1.94039 NaN NaN NaN 152.45470 -79.03045 10.06235 228.74889 -153.09792 -58.42387 NaN NaN NaN 44.52699 -130.22864 15.03609 -22.18413 -176.20560 -86.93752
15911 1.94874 NaN NaN NaN 152.43755 -79.04424 10.08709 228.74860 -153.10207 -58.42339 NaN NaN NaN 44.53246 -130.23985 15.01914 -22.19203 -176.20380 -86.94054
15912 1.95708 NaN NaN NaN 152.43878 -79.07868 10.09823 228.75081 -153.09799 -58.45153 NaN NaN NaN 44.52795 -130.24438 15.01899 -22.19702 -176.20975 -86.93774
15913 1.96543 NaN NaN NaN 152.45189 -79.08559 10.11182 228.74550 -153.09988 -58.44085 NaN NaN NaN 44.53278 -130.24719 15.03003 -22.21068 -176.21629 -86.94030
15914 1.97378 NaN NaN NaN 152.45786 -79.08671 10.09488 228.74796 -153.10182 -58.42630 NaN NaN NaN 44.53101 -130.23636 15.02518 -22.22302 -176.20381 -86.94450
15915 1.98212 NaN NaN NaN 152.45193 -79.08296 10.11164 228.75133 -153.10037 -58.41650 NaN NaN NaN 44.53132 -130.24779 15.01179 -22.21597 -176.19344 -86.95280
15916 1.99047 NaN NaN NaN 152.44774 -79.07952 10.09669 228.77295 -153.11116 -58.41599 NaN NaN NaN 44.53390 -130.22928 15.00689 -22.20841 -176.17998 -86.95638
15917 1.99881 NaN NaN NaN 152.44620 -79.07200 10.09967 228.77290 -153.10982 -58.41084 NaN NaN NaN 44.52636 -130.22285 14.99609 -22.21978 -176.18768 -86.95589
15918 2.00716 NaN NaN NaN 152.44684 -79.08763 10.09269 228.77515 -153.11917 -58.41626 NaN NaN NaN 44.51910 -130.21167 14.99583 -22.21827 -176.17995 -86.95269
15919 2.01551 NaN NaN NaN 152.44370 -79.11710 10.09341 228.76357 -153.11992 -58.42721 NaN NaN NaN 44.51637 -130.22633 14.99908 -22.21318 -176.18883 -86.95785
15920 2.02385 NaN NaN NaN 152.41696 -79.10933 10.09774 228.75752 -153.13040 -58.41853 NaN NaN NaN 44.51617 -130.23410 14.99312 -22.21317 -176.19086 -86.95588
15921 2.03220 NaN NaN NaN 152.43079 -79.14430 10.10324 228.78250 -153.13828 -58.41704 NaN NaN NaN 44.52069 -130.26140 15.00380 -22.22067 -176.20099 -86.95574
15922 2.04055 NaN NaN NaN 152.44704 -79.14345 10.11377 228.78368 -153.15160 -58.42967 NaN NaN NaN 44.52961 -130.26852 15.00909 -22.20826 -176.18456 -86.95938
15923 2.04889 NaN NaN NaN 152.44229 -79.16124 10.15528 228.78226 -153.13086 -58.42736 NaN NaN NaN 44.51086 -130.26302 15.01055 -22.22568 -176.18683 -86.96323
15924 2.05724 NaN NaN NaN 152.44221 -79.17563 10.17823 228.77371 -153.14096 -58.42886 NaN NaN NaN 44.49196 -130.24054 15.00502 -22.23055 -176.19434 -86.96428
15925 2.06559 NaN NaN NaN 152.42400 -79.20918 10.18219 228.77417 -153.12788 -58.43123 NaN NaN NaN 44.49569 -130.27820 15.01429 -22.23055 -176.19933 -86.96033
15926 2.07393 NaN NaN NaN 152.43053 -79.21744 10.20636 228.78056 -153.14217 -58.41542 NaN NaN NaN 44.48706 -130.30273 15.02128 -22.22268 -176.20509 -86.95581
15927 2.08228 NaN NaN NaN 152.41927 -79.25703 10.21243 228.77412 -153.14355 -58.43998 NaN NaN NaN 44.47850 -130.32140 15.01262 -22.23089 -176.19637 -86.96902
15928 2.09063 NaN NaN NaN 152.42760 -79.25603 10.19550 228.77917 -153.12988 -58.46135 NaN NaN NaN 44.47393 -130.32532 15.01092 -22.23451 -176.19531 -86.96929
15929 2.09897 NaN NaN NaN 152.43391 -79.27929 10.19464 228.78239 -153.11900 -58.47051 NaN NaN NaN 44.45938 -130.31839 15.00495 -22.23362 -176.18553 -86.97324
15930 2.10732 NaN NaN NaN 152.42937 -79.29060 10.20379 228.78400 -153.12500 -58.47622 NaN NaN NaN 44.46426 -130.31282 14.99912 -22.22956 -176.18419 -86.97131
15931 2.11567 NaN NaN NaN 152.42247 -79.33157 10.20971 228.77971 -153.11964 -58.50693 NaN NaN NaN 44.47205 -130.33453 14.99954 -22.24532 -176.19377 -86.97884
15932 2.12401 NaN NaN NaN 152.40474 -79.35033 10.20976 228.78532 -153.11552 -58.51490 NaN NaN NaN 44.46265 -130.35796 14.96111 -22.25831 -176.17392 -86.98502
15933 2.13236 NaN NaN NaN 152.41826 -79.36054 10.21065 228.79210 -153.10826 -58.53017 NaN NaN NaN 44.47410 -130.35284 14.98246 -22.25524 -176.18599 -86.98643
15934 2.14071 NaN NaN NaN 152.40355 -79.35888 10.19690 228.79445 -153.11794 -58.53406 NaN NaN NaN 44.47224 -130.31937 15.00338 -22.24958 -176.17453 -86.98522
15935 2.14905 NaN NaN NaN 152.40681 -79.36771 10.21316 228.78404 -153.11644 -58.54301 NaN NaN NaN 44.48016 -130.31116 15.00091 -22.24867 -176.16211 -86.99127
15936 2.15740 NaN NaN NaN 152.39650 -79.37328 10.22201 228.80087 -153.12463 -58.52885 NaN NaN NaN 44.46754 -130.31584 14.99440 -22.24743 -176.17189 -86.99154
15937 2.16575 NaN NaN NaN 152.39978 -79.40400 10.24730 228.79671 -153.11160 -58.53706 NaN NaN NaN 44.44878 -130.34236 14.99277 -22.24887 -176.16422 -87.00317
15938 2.17409 NaN NaN NaN 152.39481 -79.41039 10.24293 228.80200 -153.10768 -58.54184 NaN NaN NaN 44.44675 -130.35458 14.98259 -22.27040 -176.15904 -86.99391
15939 2.18244 NaN NaN NaN 152.40448 -79.42117 10.23822 228.79855 -153.09227 -58.56228 NaN NaN NaN 44.45053 -130.33652 14.99399 -22.26630 -176.14883 -86.99365
15940 2.19079 NaN NaN NaN 152.37532 -79.41915 10.24230 228.81448 -153.08652 -58.56778 NaN NaN NaN 44.43473 -130.32356 14.95470 -22.26717 -176.15355 -86.98704
15941 2.19913 NaN NaN NaN 152.40685 -79.43178 10.25957 228.80634 -153.07715 -58.57920 NaN NaN NaN 44.42164 -130.29765 14.95795 -22.26726 -176.14038 -87.03124
15942 2.20748 NaN NaN NaN 152.39055 -79.45630 10.24245 228.81219 -153.07462 -58.58979 NaN NaN NaN 44.41748 -130.30537 14.92519 -22.27035 -176.14526 -87.02435
15943 2.21583 NaN NaN NaN 152.39859 -79.51669 10.31758 228.81694 -153.08458 -58.58491 NaN NaN NaN 44.42976 -130.31871 14.94507 -22.27291 -176.14029 -87.03869
15944 2.22417 NaN NaN NaN 152.40495 -79.50623 10.29056 228.82484 -153.08838 -58.58945 NaN NaN NaN 44.43142 -130.32143 14.91346 -22.26540 -176.13756 -87.02608
15945 2.23252 NaN NaN NaN 152.41075 -79.53735 10.32467 228.81641 -153.08257 -58.58953 NaN NaN NaN 44.43901 -130.34230 14.94201 -22.26674 -176.11987 -87.05712
15946 2.24086 NaN NaN NaN 152.40710 -79.56397 10.34491 228.82213 -153.05930 -58.60794 NaN NaN NaN 44.43359 -130.32669 14.93070 -22.28168 -176.12686 -87.06391
15947 2.24921 NaN NaN NaN 152.40471 -79.59364 10.38411 228.82373 -153.06728 -58.60335 NaN NaN NaN 44.43442 -130.31288 14.96876 -22.29333 -176.14780 -87.03834
15948 2.25756 NaN NaN NaN 152.39992 -79.59795 10.36734 228.84660 -153.06989 -58.61871 NaN NaN NaN 44.42879 -130.32681 14.91398 -22.29628 -176.13094 -87.04578
15949 2.26590 NaN NaN NaN 152.40587 -79.63544 10.40573 228.83867 -153.06934 -58.60396 NaN NaN NaN 44.43879 -130.32384 14.93395 -22.27649 -176.11462 -87.06656
15950 2.27425 NaN NaN NaN 152.40802 -79.62193 10.38596 228.85442 -153.08221 -58.61926 NaN NaN NaN 44.45119 -130.32503 14.92950 -22.27178 -176.12346 -87.03747
15951 2.28260 NaN NaN NaN 152.41136 -79.65141 10.42087 228.84384 -153.08522 -58.61635 NaN NaN NaN 44.45743 -130.31557 14.96596 -22.27293 -176.11430 -87.05276
15952 2.29094 NaN NaN NaN 152.42526 -79.63589 10.39141 228.86723 -153.07423 -58.62874 NaN NaN NaN 44.44339 -130.31679 14.92163 -22.28467 -176.12953 -87.03339
15953 2.29929 NaN NaN NaN 152.42116 -79.63661 10.38811 228.86076 -153.07895 -58.62387 NaN NaN NaN 44.45837 -130.31435 14.96316 -22.27297 -176.12642 -87.04826
15954 2.30764 NaN NaN NaN 152.43738 -79.63389 10.38406 228.87935 -153.11487 -58.62149 NaN NaN NaN 44.45969 -130.29707 14.93075 -22.26803 -176.12027 -87.04809
15955 2.31598 NaN NaN NaN 152.44283 -79.65199 10.40100 228.87029 -153.11336 -58.61023 NaN NaN NaN 44.47602 -130.31261 14.96730 -22.27091 -176.10950 -87.04986
15956 2.32433 NaN NaN NaN 152.43617 -79.63877 10.40609 228.88438 -153.11040 -58.61871 NaN NaN NaN 44.46444 -130.30882 14.91766 -22.26758 -176.12419 -87.01496
15957 2.33268 NaN NaN NaN 152.44038 -79.67439 10.43256 228.88153 -153.11577 -58.61477 NaN NaN NaN 44.46845 -130.30988 14.93538 -22.27321 -176.12924 -87.03884
15958 2.34102 NaN NaN NaN 152.44766 -79.65462 10.41383 228.89752 -153.14441 -58.62366 NaN NaN NaN 44.47141 -130.33028 14.93699 -22.25580 -176.13596 -87.00995
15959 2.34937 NaN NaN NaN 152.44576 -79.64209 10.39775 228.87976 -153.13971 -58.60651 NaN NaN NaN 44.47293 -130.35228 14.94357 -22.26507 -176.13417 -87.03381
15960 2.35772 NaN NaN NaN 152.44914 -79.63438 10.39031 228.89067 -153.15616 -58.60640 NaN NaN NaN 44.48384 -130.35800 14.91344 -22.26025 -176.14412 -87.01222
15961 2.36606 NaN NaN NaN 152.44391 -79.63828 10.38762 228.88779 -153.15427 -58.60749 NaN NaN NaN 44.47819 -130.32759 14.92197 -22.27070 -176.14912 -87.03478
15962 2.37441 NaN NaN NaN 152.44949 -79.65915 10.36478 228.89159 -153.16283 -58.61399 NaN NaN NaN 44.47144 -130.33354 14.88782 -22.26274 -176.15730 -87.02382
15963 2.38276 NaN NaN NaN 152.46870 -79.65984 10.37612 228.88869 -153.15224 -58.61028 NaN NaN NaN 44.48108 -130.33565 14.93985 -22.26453 -176.15231 -87.04495
15964 2.39110 NaN NaN NaN 152.49664 -79.65845 10.35753 228.90112 -153.15958 -58.61637 NaN NaN NaN 44.49650 -130.36304 14.94380 -22.27603 -176.14041 -87.05661
15965 2.39945 NaN NaN NaN 152.48540 -79.66360 10.37832 228.89429 -153.15767 -58.60803 NaN NaN NaN 44.49550 -130.35411 14.90725 -22.25711 -176.16516 -87.03677
15966 2.40780 NaN NaN NaN 152.47414 -79.66802 10.36984 228.90265 -153.15836 -58.61194 NaN NaN NaN 44.50403 -130.35577 14.88628 -22.24428 -176.17236 -87.01444
15967 2.41614 NaN NaN NaN 152.46974 -79.67517 10.36785 228.88594 -153.15442 -58.60484 NaN NaN NaN 44.50771 -130.34842 14.87622 -22.24029 -176.18065 -87.04993
15968 2.42449 NaN NaN NaN 152.47777 -79.65896 10.34363 228.90146 -153.17215 -58.60788 NaN NaN NaN 44.50243 -130.35234 14.87399 -22.24251 -176.16876 -87.00932
15969 2.43284 NaN NaN NaN 152.47316 -79.65478 10.36732 228.89255 -153.16635 -58.60612 NaN NaN NaN 44.50674 -130.34734 14.88647 -22.25525 -176.18782 -87.04379
15970 2.44118 NaN NaN NaN 152.48531 -79.65167 10.36318 228.90273 -153.18820 -58.60859 NaN NaN NaN 44.51802 -130.40469 14.89984 -22.25265 -176.19196 -87.01986
15971 2.44953 NaN NaN NaN 152.47737 -79.65929 10.34793 228.90266 -153.18903 -58.59061 NaN NaN NaN 44.52279 -130.38226 14.91776 -22.25929 -176.19908 -87.02120
15972 2.45788 NaN NaN NaN 152.47324 -79.64342 10.34772 228.90729 -153.19022 -58.59631 NaN NaN NaN 44.50845 -130.36270 14.88409 -22.24742 -176.19707 -86.98413
15973 2.46622 NaN NaN NaN 152.46056 -79.62595 10.36069 228.89816 -153.17946 -58.59912 NaN NaN NaN 44.50775 -130.34824 14.91953 -22.23779 -176.21747 -86.97588
15974 2.47457 NaN NaN NaN 152.46852 -79.61909 10.34593 228.88846 -153.16466 -58.59408 NaN NaN NaN 44.49937 -130.31734 14.88909 -22.23118 -176.21967 -86.96404
15975 2.48292 NaN NaN NaN 152.46004 -79.59487 10.35211 228.87891 -153.15024 -58.57676 NaN NaN NaN 44.51628 -130.29099 14.92979 -22.23465 -176.21033 -86.97787
15976 2.49126 NaN NaN NaN 152.47348 -79.61307 10.33700 228.90053 -153.15637 -58.58825 NaN NaN NaN 44.50315 -130.27834 14.90050 -22.24696 -176.19641 -86.97485
15977 2.49961 NaN NaN NaN 152.46468 -79.60608 10.34891 228.89824 -153.16357 -58.58648 NaN NaN NaN 44.52911 -130.26793 14.95460 -22.24249 -176.21523 -86.96337
15978 2.50795 NaN NaN NaN 152.46783 -79.60254 10.34982 228.90201 -153.16936 -58.58930 NaN NaN NaN 44.52330 -130.27443 14.97994 -22.24766 -176.20383 -86.96781
15979 2.51630 NaN NaN NaN 152.45647 -79.57338 10.34315 228.88652 -153.15253 -58.57759 NaN NaN NaN 44.52550 -130.28262 14.98002 -22.25077 -176.21861 -86.96304
15980 2.52465 NaN NaN NaN 152.46065 -79.58778 10.34993 228.89145 -153.14902 -58.59153 NaN NaN NaN 44.52433 -130.28075 14.98091 -22.24442 -176.21375 -86.95568
15981 2.53299 NaN NaN NaN 152.45708 -79.57570 10.34490 228.86966 -153.12428 -58.59081 NaN NaN NaN 44.53979 -130.28648 14.96782 -22.24524 -176.21623 -86.95167
15982 2.54134 NaN NaN NaN 152.45409 -79.57467 10.33493 228.87468 -153.11986 -58.59782 NaN NaN NaN 44.53645 -130.25459 14.97108 -22.24850 -176.21149 -86.95029
15983 2.54969 NaN NaN NaN 152.45856 -79.56658 10.36235 228.85532 -153.11258 -58.58311 NaN NaN NaN 44.52821 -130.24211 14.97663 -22.27739 -176.21210 -86.94214
15984 2.55803 NaN NaN NaN 152.45700 -79.58358 10.35486 228.85847 -153.10910 -58.58812 NaN NaN NaN 44.52197 -130.26590 14.98859 -22.27276 -176.23154 -86.94663
15985 2.56638 NaN NaN NaN 152.43637 -79.55763 10.35227 228.84792 -153.09956 -58.57220 NaN NaN NaN 44.50940 -130.25917 14.97284 -22.26604 -176.22551 -86.95033
15986 2.57473 NaN NaN NaN 152.42493 -79.52831 10.32529 228.86369 -153.10956 -58.58012 NaN NaN NaN 44.50938 -130.26396 14.98065 -22.25189 -176.19548 -86.95451
15987 2.58307 NaN NaN NaN 152.42850 -79.51407 10.35244 228.84129 -153.11002 -58.58057 NaN NaN NaN 44.50329 -130.24454 14.98220 -22.27546 -176.20799 -86.95253
15988 2.59142 NaN NaN NaN 152.42940 -79.48620 10.31949 228.84087 -153.10182 -58.58740 NaN NaN NaN 44.50557 -130.23326 14.98462 -22.27592 -176.21959 -86.93991
15989 2.59977 NaN NaN NaN 152.42595 -79.49701 10.35830 228.83876 -153.08675 -58.57764 NaN NaN NaN 44.51756 -130.21794 14.97838 -22.28171 -176.22092 -86.94636
15990 2.60811 NaN NaN NaN 152.45213 -79.49786 10.34076 228.84410 -153.07874 -58.57666 NaN NaN NaN 44.51428 -130.20747 14.97218 -22.26443 -176.20834 -86.94553
15991 2.61646 NaN NaN NaN 152.45055 -79.45697 10.28993 228.82835 -153.07397 -58.56890 NaN NaN NaN 44.51445 -130.21571 14.97947 -22.27397 -176.20689 -86.93863
15992 2.62481 NaN NaN NaN 152.45117 -79.45129 10.29902 228.83208 -153.07436 -58.56891 NaN NaN NaN 44.51951 -130.20529 14.98288 -22.28127 -176.19241 -86.93479
15993 2.63315 NaN NaN NaN 152.43398 -79.41623 10.26852 228.82266 -153.08037 -58.55732 NaN NaN NaN 44.52822 -130.21487 14.98082 -22.28411 -176.19492 -86.94202
15994 2.64150 NaN NaN NaN 152.44321 -79.42279 10.27769 228.82057 -153.09023 -58.54634 NaN NaN NaN 44.52797 -130.19148 14.98178 -22.26633 -176.19162 -86.93300
15995 2.64985 NaN NaN NaN 152.44400 -79.38453 10.25175 228.82542 -153.10228 -58.53462 NaN NaN NaN 44.53841 -130.20071 14.99592 -22.26946 -176.18736 -86.93346
15996 2.65819 NaN NaN NaN 152.43420 -79.32992 10.23619 228.83875 -153.09641 -58.52981 NaN NaN NaN 44.53234 -130.18961 14.99025 -22.26873 -176.17824 -86.91827
15997 2.66654 NaN NaN NaN 152.42667 -79.29562 10.21706 228.81668 -153.09004 -58.53882 NaN NaN NaN 44.53185 -130.19382 14.99373 -22.28327 -176.16779 -86.91730
15998 2.67489 NaN NaN NaN 152.41933 -79.27844 10.21785 228.81902 -153.08383 -58.51665 NaN NaN NaN 44.55040 -130.18578 14.99483 -22.28317 -176.17845 -86.90585
15999 2.68323 NaN NaN NaN 152.42792 -79.26876 10.20895 228.81601 -153.09555 -58.51488 NaN NaN NaN 44.54080 -130.19131 14.99866 -22.27292 -176.19063 -86.90510
16000 2.69158 NaN NaN NaN 152.43167 -79.27287 10.23511 228.82593 -153.09793 -58.51067 NaN NaN NaN 44.54734 -130.19722 15.00635 -22.27579 -176.20935 -86.89332
16001 2.69993 NaN NaN NaN 152.45485 -79.28725 10.24074 228.81442 -153.10196 -58.48351 NaN NaN NaN 44.54240 -130.21089 15.01307 -22.29302 -176.20097 -86.90626
16002 2.70827 NaN NaN NaN 152.44760 -79.30337 10.23415 228.81812 -153.10915 -58.46527 NaN NaN NaN 44.55688 -130.22470 15.02590 -22.28369 -176.19868 -86.90072
16003 2.71662 NaN NaN NaN 152.44173 -79.31990 10.23341 228.80064 -153.10751 -58.46881 NaN NaN NaN 44.54887 -130.23370 15.03875 -22.27960 -176.20502 -86.89575
16004 2.72497 NaN NaN NaN 152.42747 -79.30193 10.24400 228.81227 -153.10869 -58.47893 NaN NaN NaN 44.54489 -130.21750 15.03075 -22.28014 -176.20815 -86.87885
16005 2.73331 NaN NaN NaN 152.44963 -79.35855 10.29062 228.80034 -153.09715 -58.47100 NaN NaN NaN 44.55501 -130.21808 15.01631 -22.29382 -176.21870 -86.88224
16006 2.74166 NaN NaN NaN 152.44131 -79.33833 10.27669 228.79417 -153.09503 -58.48713 NaN NaN NaN 44.53982 -130.21085 15.01395 -22.29432 -176.22723 -86.86653
16007 2.75000 NaN NaN NaN 152.45306 -79.37366 10.28971 228.78571 -153.09883 -58.48281 NaN NaN NaN 44.54224 -130.21449 15.01117 -22.30428 -176.23740 -86.87605
16008 2.75835 NaN NaN NaN 152.43628 -79.34392 10.25596 228.81519 -153.11662 -58.49247 NaN NaN NaN 44.55915 -130.21495 14.99827 -22.27233 -176.23384 -86.87074
16009 2.76670 NaN NaN NaN 152.44894 -79.35766 10.27668 228.81203 -153.11142 -58.51591 NaN NaN NaN 44.56411 -130.20966 15.00638 -22.26691 -176.22000 -86.89285
16010 2.77504 NaN NaN NaN 152.43462 -79.31500 10.24839 228.80971 -153.11676 -58.47207 NaN NaN NaN 44.56584 -130.19949 15.00159 -22.27358 -176.23419 -86.87762
16011 2.78339 NaN NaN NaN 152.43036 -79.29768 10.22210 228.80238 -153.11195 -58.48729 NaN NaN NaN 44.55855 -130.20270 14.99376 -22.27978 -176.24391 -86.88425
16012 2.79174 NaN NaN NaN 152.43483 -79.28037 10.20590 228.80022 -153.10794 -58.48619 NaN NaN NaN 44.55248 -130.19363 14.99147 -22.28698 -176.26256 -86.86700
16013 2.80008 NaN NaN NaN 152.44763 -79.28039 10.19925 228.80650 -153.11000 -58.49175 NaN NaN NaN 44.55976 -130.21523 14.99854 -22.28087 -176.27184 -86.87719
16014 2.80843 NaN NaN NaN 152.44327 -79.26759 10.19565 228.80748 -153.12355 -58.48424 NaN NaN NaN 44.55661 -130.21809 14.99516 -22.26955 -176.28381 -86.87354
16015 2.81678 NaN NaN NaN 152.44295 -79.28286 10.22550 228.81468 -153.13156 -58.47576 NaN NaN NaN 44.55402 -130.22095 15.00162 -22.28021 -176.27954 -86.88908
16016 2.82512 NaN NaN NaN 152.43417 -79.27866 10.18845 228.80995 -153.14351 -58.46915 NaN NaN NaN 44.55373 -130.20387 14.99454 -22.27869 -176.30302 -86.88627
16017 2.83347 NaN NaN NaN 152.43898 -79.28407 10.18991 228.80893 -153.13177 -58.48580 NaN NaN NaN 44.56821 -130.21469 14.99314 -22.27771 -176.29988 -86.89622
16018 2.84182 NaN NaN NaN 152.44283 -79.27523 10.18134 228.81238 -153.14774 -58.48209 NaN NaN NaN 44.56464 -130.20755 14.99216 -22.25942 -176.31007 -86.88341
16019 2.85016 NaN NaN NaN 152.44661 -79.27958 10.18138 228.80754 -153.14560 -58.46756 NaN NaN NaN 44.57562 -130.22121 14.99459 -22.27050 -176.33965 -86.88089
16020 2.85851 NaN NaN NaN 152.45694 -79.27734 10.19406 228.81052 -153.15575 -58.48266 NaN NaN NaN 44.58061 -130.21495 14.99195 -22.25926 -176.35292 -86.87445
16021 2.86686 NaN NaN NaN 152.45062 -79.29234 10.20263 228.80092 -153.13457 -58.50700 NaN NaN NaN 44.56668 -130.21599 14.98245 -22.26040 -176.35565 -86.88828
16022 2.87520 NaN NaN NaN 152.44548 -79.29179 10.18757 228.81746 -153.14876 -58.50584 NaN NaN NaN 44.57597 -130.22838 14.97926 -22.26236 -176.34958 -86.88091
16023 2.88355 NaN NaN NaN 152.44540 -79.26875 10.17360 228.81548 -153.12839 -58.52420 NaN NaN NaN 44.58793 -130.24715 14.98476 -22.25664 -176.33597 -86.88896
16024 2.89190 NaN NaN NaN 152.45859 -79.26923 10.17344 228.81493 -153.13902 -58.52062 NaN NaN NaN 44.59044 -130.23820 14.97715 -22.24740 -176.33302 -86.89106
16025 2.90024 NaN NaN NaN 152.45805 -79.28664 10.18551 228.81931 -153.14128 -58.52116 NaN NaN NaN 44.60513 -130.24634 14.97643 -22.25902 -176.33708 -86.89426
16026 2.90859 NaN NaN NaN 152.44585 -79.26861 10.18392 228.81523 -153.15602 -58.50151 NaN NaN NaN 44.59460 -130.23647 14.98669 -22.26167 -176.32986 -86.88604
16027 2.91694 NaN NaN NaN 152.44289 -79.25486 10.16557 228.81798 -153.14879 -58.51109 NaN NaN NaN 44.60517 -130.24738 14.99322 -22.25019 -176.32962 -86.89128
16028 2.92528 NaN NaN NaN 152.46231 -79.24503 10.17042 228.82181 -153.16109 -58.50773 NaN NaN NaN 44.59545 -130.20930 14.98329 -22.24292 -176.31766 -86.87746
16029 2.93363 NaN NaN NaN 152.46378 -79.24295 10.18599 228.82526 -153.14948 -58.50793 NaN NaN NaN 44.60926 -130.22827 14.96980 -22.24333 -176.31960 -86.88012
16030 2.94198 NaN NaN NaN 152.47546 -79.23524 10.18466 228.81291 -153.13666 -58.51278 NaN NaN NaN 44.60083 -130.20474 14.97285 -22.23081 -176.30042 -86.86569
16031 2.95032 NaN NaN NaN 152.47484 -79.23663 10.18454 228.81482 -153.13721 -58.50526 NaN NaN NaN 44.61805 -130.23058 14.98015 -22.25470 -176.31783 -86.87598
16032 2.95867 NaN NaN NaN 152.46649 -79.23196 10.18827 228.81844 -153.13457 -58.48479 NaN NaN NaN 44.62132 -130.21280 14.98889 -22.24722 -176.31552 -86.87546
16033 2.96702 NaN NaN NaN 152.47348 -79.23931 10.18276 228.81462 -153.13152 -58.50615 NaN NaN NaN 44.62222 -130.20493 14.99825 -22.25441 -176.30496 -86.87621
16034 2.97536 NaN NaN NaN 152.47809 -79.22854 10.17035 228.81184 -153.14400 -58.49955 NaN NaN NaN 44.60627 -130.19055 14.99064 -22.25465 -176.29414 -86.86706
16035 2.98371 NaN NaN NaN 152.47523 -79.22413 10.17492 228.81671 -153.13200 -58.50925 NaN NaN NaN 44.60770 -130.19354 14.97462 -22.25181 -176.28574 -86.87402
16036 2.99206 NaN NaN NaN 152.49582 -79.19928 10.17075 228.82474 -153.13152 -58.49957 NaN NaN NaN 44.60223 -130.16980 14.97932 -22.23686 -176.28348 -86.87090
16037 3.00040 NaN NaN NaN 152.48912 -79.21022 10.16996 228.82208 -153.12772 -58.49530 NaN NaN NaN 44.61238 -130.18610 14.97734 -22.23101 -176.27832 -86.87813
16038 3.00875 NaN NaN NaN 152.50487 -79.19904 10.16248 228.83728 -153.14586 -58.47243 NaN NaN NaN 44.61695 -130.18405 14.97522 -22.21986 -176.27077 -86.88452
16039 3.01709 NaN NaN NaN 152.50133 -79.20150 10.15904 228.82896 -153.15602 -58.48723 NaN NaN NaN 44.63588 -130.20763 14.98058 -22.23720 -176.28662 -86.88521
16040 3.02544 NaN NaN NaN 152.50987 -79.18636 10.16219 228.83859 -153.15337 -58.51153 NaN NaN NaN 44.65220 -130.19611 14.97737 -22.22178 -176.28032 -86.88782
16041 3.03379 NaN NaN NaN 152.49751 -79.18682 10.14021 228.83806 -153.13934 -58.52532 NaN NaN NaN 44.66068 -130.22531 14.97303 -22.22039 -176.27147 -86.88846
16042 3.04213 NaN NaN NaN 152.51955 -79.18307 10.14992 228.84108 -153.14102 -58.50677 NaN NaN NaN 44.65846 -130.21878 14.97065 -22.22036 -176.27878 -86.88227
16043 3.05048 NaN NaN NaN 152.50003 -79.18709 10.14269 228.84236 -153.13342 -58.50758 NaN NaN NaN 44.65261 -130.23763 14.97854 -22.22001 -176.27795 -86.88959
16044 3.05883 NaN NaN NaN 152.52676 -79.16856 10.16498 228.84569 -153.13811 -58.51649 NaN NaN NaN 44.66584 -130.22736 14.97907 -22.21514 -176.27519 -86.88992
16045 3.06717 NaN NaN NaN 152.50713 -79.18179 10.13358 228.84752 -153.14644 -58.51762 NaN NaN NaN 44.67850 -130.23607 14.97839 -22.21372 -176.28624 -86.90015
16046 3.07552 NaN NaN NaN 152.51971 -79.15950 10.14253 228.85463 -153.16220 -58.49059 NaN NaN NaN 44.67555 -130.22556 14.95219 -22.19280 -176.28926 -86.89645
16047 3.08387 NaN NaN NaN 152.51300 -79.17550 10.12701 228.84457 -153.15578 -58.49949 NaN NaN NaN 44.67043 -130.23750 14.96566 -22.20478 -176.28574 -86.89252
16048 3.09221 NaN NaN NaN 152.52693 -79.16946 10.12193 228.85736 -153.16621 -58.50062 NaN NaN NaN 44.67316 -130.24176 14.96769 -22.20317 -176.29166 -86.89187
16049 3.10056 NaN NaN NaN 152.51392 -79.18515 10.12602 228.85861 -153.15762 -58.51126 NaN NaN NaN 44.67959 -130.24217 14.98039 -22.22079 -176.29756 -86.89472
16050 3.10891 NaN NaN NaN 152.51595 -79.18208 10.13159 228.85083 -153.14095 -58.49398 NaN NaN NaN 44.66923 -130.23169 14.96466 -22.20590 -176.29814 -86.89861
16051 3.11725 NaN NaN NaN 152.51111 -79.18274 10.12353 228.84679 -153.14879 -58.50623 NaN NaN NaN 44.66624 -130.24432 14.97333 -22.21468 -176.31070 -86.88918
16052 3.12560 NaN NaN NaN 152.53287 -79.17470 10.14900 228.85345 -153.15768 -58.47211 NaN NaN NaN 44.67527 -130.23901 14.97327 -22.20480 -176.30820 -86.88872
16053 3.13395 NaN NaN NaN 152.50896 -79.18930 10.13327 228.83736 -153.14618 -58.50755 NaN NaN NaN 44.66736 -130.24243 14.95912 -22.21484 -176.30194 -86.89165
16054 3.14229 NaN NaN NaN 152.52072 -79.17422 10.15201 228.84244 -153.16965 -58.48711 NaN NaN NaN 44.66216 -130.23138 14.95165 -22.22591 -176.31253 -86.87668
16055 3.15064 NaN NaN NaN 152.50322 -79.19424 10.12650 228.83374 -153.15221 -58.51856 NaN NaN NaN 44.66536 -130.22697 14.97064 -22.22946 -176.31874 -86.87194
16056 3.15899 NaN NaN NaN 152.51375 -79.18021 10.14897 228.83374 -153.14987 -58.51053 NaN NaN NaN 44.67039 -130.20938 14.97186 -22.21160 -176.31590 -86.87325
16057 3.16733 NaN NaN NaN 152.49255 -79.20538 10.13434 228.84148 -153.15434 -58.51707 NaN NaN NaN 44.66867 -130.22621 14.97493 -22.21478 -176.32170 -86.88011
16058 3.17568 NaN NaN NaN 152.49429 -79.20723 10.13124 228.83791 -153.15575 -58.50452 NaN NaN NaN 44.65571 -130.21904 14.97191 -22.22409 -176.31134 -86.87349
16059 3.18403 NaN NaN NaN 152.48973 -79.20868 10.13651 228.84027 -153.15199 -58.51127 NaN NaN NaN 44.66145 -130.21913 14.97865 -22.23301 -176.34036 -86.87595
16060 3.19237 NaN NaN NaN 152.50981 -79.21741 10.14777 228.84297 -153.15886 -58.50945 NaN NaN NaN 44.66033 -130.21869 14.97430 -22.22099 -176.34840 -86.85935
16061 3.20072 NaN NaN NaN 152.48648 -79.21919 10.15731 228.82738 -153.14415 -58.50646 NaN NaN NaN 44.65008 -130.24321 14.97486 -22.23313 -176.35977 -86.86865
16062 3.20907 NaN NaN NaN 152.48386 -79.20119 10.15108 228.81924 -153.16264 -58.49054 NaN NaN NaN 44.64635 -130.22943 14.95497 -22.24298 -176.35867 -86.86194
16063 3.21741 NaN NaN NaN 152.49092 -79.22441 10.14712 228.80861 -153.14868 -58.52170 NaN NaN NaN 44.63686 -130.22881 14.97074 -22.24922 -176.36163 -86.87315
16064 3.22576 NaN NaN NaN 152.48605 -79.21430 10.15267 228.80771 -153.14867 -58.48415 NaN NaN NaN 44.64193 -130.24492 14.97091 -22.25316 -176.36942 -86.86028
16065 3.23411 NaN NaN NaN 152.47763 -79.22762 10.14808 228.80936 -153.12695 -58.47644 NaN NaN NaN 44.64075 -130.23711 14.96450 -22.26077 -176.37939 -86.86768
16066 3.24245 NaN NaN NaN 152.47391 -79.23952 10.16317 228.81149 -153.14656 -58.47987 NaN NaN NaN 44.61694 -130.23721 14.93841 -22.27599 -176.36830 -86.87114
16067 3.25080 NaN NaN NaN 152.46002 -79.23439 10.17386 228.80061 -153.15073 -58.47353 NaN NaN NaN 44.62936 -130.23174 14.94968 -22.26408 -176.36659 -86.87147
16068 3.25914 NaN NaN NaN 152.47328 -79.24933 10.18284 228.79884 -153.15346 -58.48092 NaN NaN NaN 44.60910 -130.22098 14.92674 -22.24992 -176.36690 -86.87968
16069 3.26749 NaN NaN NaN 152.46672 -79.24456 10.18243 228.78867 -153.13573 -58.47253 NaN NaN NaN 44.61903 -130.21083 14.95411 -22.26284 -176.36336 -86.88804
16070 3.27584 NaN NaN NaN 152.47911 -79.23064 10.18211 228.80415 -153.14670 -58.46936 NaN NaN NaN 44.61660 -130.20969 14.93214 -22.27285 -176.35330 -86.87210
16071 3.28418 NaN NaN NaN 152.45738 -79.20132 10.17964 228.79152 -153.13391 -58.45103 NaN NaN NaN 44.61363 -130.22588 14.95967 -22.27238 -176.36864 -86.88252
16072 3.29253 NaN NaN NaN 152.48944 -79.20319 10.15449 228.81319 -153.16733 -58.43203 NaN NaN NaN 44.62139 -130.22160 14.94182 -22.26608 -176.36246 -86.87609
16073 3.30088 NaN NaN NaN 152.48677 -79.17682 10.15193 228.79630 -153.15784 -58.42716 NaN NaN NaN 44.62673 -130.22832 14.95826 -22.26236 -176.36324 -86.87196
16074 3.30922 NaN NaN NaN 152.48688 -79.14265 10.16236 228.79938 -153.16484 -58.40532 NaN NaN NaN 44.63567 -130.20953 14.93623 -22.26012 -176.35344 -86.87772
16075 3.31757 NaN NaN NaN 152.46123 -79.13138 10.12440 228.77859 -153.13512 -58.41542 NaN NaN NaN 44.62696 -130.20544 14.93809 -22.25000 -176.33296 -86.88490
16076 3.32592 NaN NaN NaN 152.46506 -79.10646 10.14349 228.79886 -153.14595 -58.40801 NaN NaN NaN 44.63659 -130.20256 14.93593 -22.24441 -176.31483 -86.88032
16077 3.33426 NaN NaN NaN 152.45775 -79.09548 10.12188 228.79918 -153.12564 -58.41286 NaN NaN NaN 44.63887 -130.21626 14.96231 -22.26052 -176.34584 -86.89158
16078 3.34261 NaN NaN NaN 152.48334 -79.09418 10.14585 228.78938 -153.13263 -58.40093 NaN NaN NaN 44.63272 -130.21307 14.95743 -22.26249 -176.34654 -86.87659
16079 3.35096 NaN NaN NaN 152.48605 -79.10487 10.12393 228.79500 -153.13377 -58.39896 NaN NaN NaN 44.62069 -130.20465 14.96190 -22.25674 -176.34125 -86.87455
16080 3.35930 NaN NaN NaN 152.50594 -79.11878 10.15335 228.79199 -153.13759 -58.39473 NaN NaN NaN 44.61119 -130.18625 14.96356 -22.24586 -176.32622 -86.85947
16081 3.36765 NaN NaN NaN 152.48973 -79.12161 10.15993 228.79460 -153.13477 -58.36601 NaN NaN NaN 44.61501 -130.19417 14.95818 -22.24759 -176.33145 -86.86607
16082 3.37600 NaN NaN NaN 152.48407 -79.11824 10.17795 228.79538 -153.13237 -58.37602 NaN NaN NaN 44.60993 -130.17203 14.96466 -22.25093 -176.32945 -86.86466
16083 3.38434 NaN NaN NaN 152.48093 -79.09196 10.17865 228.79234 -153.12431 -58.36049 NaN NaN NaN 44.60388 -130.17278 14.96167 -22.26346 -176.33505 -86.87025
16084 3.39269 NaN NaN NaN 152.50439 -79.09114 10.18972 228.78310 -153.10568 -58.38167 NaN NaN NaN 44.61365 -130.16690 14.96964 -22.25876 -176.31741 -86.86275
16085 3.40104 NaN NaN NaN 152.48822 -79.08542 10.17824 228.76773 -153.09558 -58.39182 NaN NaN NaN 44.61071 -130.17184 14.96782 -22.26360 -176.31947 -86.87213
16086 3.40938 NaN NaN NaN 152.49405 -79.07759 10.19825 228.77213 -153.10023 -58.37825 NaN NaN NaN 44.61982 -130.16473 14.95650 -22.25335 -176.31328 -86.87007
16087 3.41773 NaN NaN NaN 152.48666 -79.08432 10.18812 228.77907 -153.09554 -58.36568 NaN NaN NaN 44.59977 -130.17033 14.94687 -22.25909 -176.30811 -86.87700
16088 3.42608 NaN NaN NaN 152.48558 -79.08046 10.18064 228.77673 -153.09717 -58.35133 NaN NaN NaN 44.58932 -130.13661 14.92457 -22.25588 -176.30624 -86.87553
16089 3.43442 NaN NaN NaN 152.48138 -79.08339 10.19970 228.77768 -153.09471 -58.38155 NaN NaN NaN 44.59717 -130.13454 14.93349 -22.27063 -176.30441 -86.88113
16090 3.44277 NaN NaN NaN 152.49135 -79.07342 10.19261 228.78358 -153.10071 -58.37781 NaN NaN NaN 44.60095 -130.13913 14.94411 -22.25751 -176.28369 -86.85981
16091 3.45112 NaN NaN NaN 152.48686 -79.07340 10.17991 228.78706 -153.09337 -58.38213 NaN NaN NaN 44.61558 -130.15256 14.94790 -22.26335 -176.28561 -86.87220
16092 3.45946 NaN NaN NaN 152.49713 -79.05658 10.19951 228.77875 -153.08362 -58.38280 NaN NaN NaN 44.58548 -130.12064 14.92923 -22.26181 -176.29208 -86.87788
16093 3.46781 NaN NaN NaN 152.47359 -79.06370 10.17127 228.76999 -153.07439 -58.37716 NaN NaN NaN 44.59262 -130.13039 14.93636 -22.26612 -176.29500 -86.87930
16094 3.47616 NaN NaN NaN 152.46471 -79.04609 10.17289 228.77835 -153.07651 -58.36361 NaN NaN NaN 44.58605 -130.13466 14.94544 -22.26144 -176.30112 -86.86996
16095 3.48450 NaN NaN NaN 152.45789 -79.05161 10.15727 228.78127 -153.08904 -58.38094 NaN NaN NaN 44.58501 -130.12473 14.92180 -22.27084 -176.31152 -86.88023
16096 3.49285 NaN NaN NaN 152.47752 -79.05589 10.16776 228.79260 -153.07784 -58.37564 NaN NaN NaN 44.58441 -130.12808 14.91144 -22.27386 -176.32352 -86.88250
16097 3.50120 NaN NaN NaN 152.47116 -79.06750 10.14330 228.79065 -153.08617 -58.38306 NaN NaN NaN 44.59378 -130.12595 14.90466 -22.27534 -176.29837 -86.88931
16098 3.50954 NaN NaN NaN 152.48643 -79.08928 10.15063 228.77574 -153.08655 -58.35993 NaN NaN NaN 44.57071 -130.11586 14.89585 -22.26530 -176.29495 -86.88771
16099 3.51789 NaN NaN NaN 152.46602 -79.08678 10.16230 228.77406 -153.08701 -58.38117 NaN NaN NaN 44.56899 -130.11493 14.89423 -22.26053 -176.30344 -86.89915
16100 3.52623 NaN NaN NaN 152.48058 -79.09522 10.17344 228.77251 -153.08568 -58.36857 NaN NaN NaN 44.56451 -130.12906 14.86769 -22.25164 -176.31767 -86.90166
16101 3.53458 NaN NaN NaN 152.46573 -79.08428 10.15446 228.78493 -153.09145 -58.39232 NaN NaN NaN 44.59611 -130.13568 14.88480 -22.25235 -176.32524 -86.91333
16102 3.54293 NaN NaN NaN 152.47011 -79.10558 10.17480 228.78751 -153.09476 -58.39051 NaN NaN NaN 44.59855 -130.15886 14.86447 -22.24957 -176.33386 -86.90137
16103 3.55127 NaN NaN NaN 152.47263 -79.10931 10.18347 228.77629 -153.10416 -58.37952 NaN NaN NaN 44.59110 -130.16328 14.88113 -22.26122 -176.31569 -86.90542
16104 3.55962 NaN NaN NaN 152.46745 -79.11420 10.17899 228.77869 -153.10863 -58.38171 NaN NaN NaN 44.59193 -130.19028 14.84796 -22.26085 -176.29967 -86.90913
16105 3.56797 NaN NaN NaN 152.46024 -79.12087 10.18120 228.78668 -153.11414 -58.39397 NaN NaN NaN 44.60545 -130.18901 14.87441 -22.26370 -176.29480 -86.91736
16106 3.57631 NaN NaN NaN 152.46739 -79.17081 10.19010 228.78229 -153.09999 -58.40527 NaN NaN NaN 44.59745 -130.18961 14.84123 -22.26155 -176.29099 -86.92424
16107 3.58466 NaN NaN NaN 152.45963 -79.18154 10.19602 228.78516 -153.09998 -58.40818 NaN NaN NaN 44.58948 -130.17937 14.83376 -22.27184 -176.27666 -86.92185
16108 3.59301 NaN NaN NaN 152.45265 -79.19362 10.20430 228.78497 -153.07616 -58.41745 NaN NaN NaN 44.60080 -130.19704 14.82509 -22.28431 -176.27013 -86.92455
16109 3.60135 NaN NaN NaN 152.44672 -79.21056 10.21684 228.78485 -153.07835 -58.42342 NaN NaN NaN 44.58525 -130.19562 14.80737 -22.27394 -176.26239 -86.93663
16110 3.60970 NaN NaN NaN 152.46014 -79.22206 10.24259 228.78897 -153.09030 -58.41241 NaN NaN NaN 44.58937 -130.19724 14.82204 -22.27226 -176.25397 -86.93518
16111 3.61805 NaN NaN NaN 152.45313 -79.27318 10.26567 228.78587 -153.10025 -58.41434 NaN NaN NaN 44.57620 -130.17534 14.83330 -22.29355 -176.24933 -86.94913
16112 3.62639 NaN NaN NaN 152.45573 -79.28094 10.27382 228.78848 -153.09558 -58.41232 NaN NaN NaN 44.58664 -130.17517 14.81206 -22.29478 -176.24409 -86.94605
16113 3.63474 NaN NaN NaN 152.45877 -79.30508 10.30852 228.78842 -153.10199 -58.43093 NaN NaN NaN 44.57943 -130.17818 14.80826 -22.30822 -176.25053 -86.95246
16114 3.64309 NaN NaN NaN 152.45389 -79.31026 10.30567 228.78859 -153.09755 -58.43338 NaN NaN NaN 44.57226 -130.18993 14.80408 -22.30715 -176.22882 -86.94688
16115 3.65143 NaN NaN NaN 152.45398 -79.35025 10.35169 228.79240 -153.10028 -58.45596 NaN NaN NaN 44.56430 -130.20103 14.80247 -22.31005 -176.22714 -86.95432
16116 3.65978 NaN NaN NaN 152.47162 -79.36679 10.39166 228.80156 -153.09653 -58.46627 NaN NaN NaN 44.56045 -130.19972 14.79519 -22.31698 -176.19876 -86.96191
16117 3.66813 NaN NaN NaN 152.48326 -79.43832 10.41666 228.79094 -153.10777 -58.45752 NaN NaN NaN 44.57228 -130.22054 14.80978 -22.31569 -176.20477 -86.97028
16118 3.67647 NaN NaN NaN 152.49855 -79.46191 10.41861 228.80045 -153.11096 -58.47734 NaN NaN NaN 44.57147 -130.20726 14.78599 -22.31334 -176.20612 -86.97375
16119 3.68482 NaN NaN NaN 152.48155 -79.50070 10.45694 228.79985 -153.10818 -58.47189 NaN NaN NaN 44.58424 -130.23267 14.78900 -22.31333 -176.20932 -86.98625
16120 3.69317 NaN NaN NaN 152.49680 -79.50800 10.46160 228.82227 -153.12141 -58.47548 NaN NaN NaN 44.59616 -130.22392 14.75981 -22.31133 -176.20058 -86.99358
16121 3.70151 NaN NaN NaN 152.49347 -79.53615 10.47943 228.83276 -153.13399 -58.46025 NaN NaN NaN 44.62141 -130.28075 14.74660 -22.30448 -176.20560 -87.03835
16122 3.70986 NaN NaN NaN 152.47791 -79.55051 10.49918 228.84612 -153.16064 -58.46728 NaN NaN NaN 44.63081 -130.29201 14.71728 -22.31962 -176.19771 -87.08946
16123 3.71821 NaN NaN NaN 152.46307 -79.56249 10.50214 228.85327 -153.16104 -58.45078 NaN NaN NaN 44.65195 -130.32359 14.67143 -22.29815 -176.20084 -87.09568
16124 3.72655 NaN NaN NaN 152.47472 -79.57934 10.50374 228.87178 -153.16202 -58.47177 NaN NaN NaN 44.66163 -130.32442 14.63769 -22.27745 -176.19145 -87.09738
16125 3.73490 NaN NaN NaN 152.48116 -79.61284 10.52283 228.88477 -153.18018 -58.50231 NaN NaN NaN 44.68253 -130.31895 14.62963 -22.28117 -176.19038 -87.10579
16126 3.74325 NaN NaN NaN 152.48889 -79.64300 10.53921 228.88184 -153.17747 -58.48313 NaN NaN NaN 44.67921 -130.32333 14.60657 -22.28781 -176.19109 -87.13962
16127 3.75159 NaN NaN NaN 152.47516 -79.65225 10.53647 228.87979 -153.18434 -58.46798 NaN NaN NaN 44.68787 -130.37067 14.60142 -22.28230 -176.17802 -87.16445
16128 3.75994 NaN NaN NaN 152.47603 -79.67050 10.52064 228.88330 -153.18462 -58.46766 NaN NaN NaN 44.69436 -130.40764 14.59809 -22.27385 -176.17715 -87.22590
16129 3.76828 NaN NaN NaN 152.48174 -79.66810 10.53484 228.88185 -153.19211 -58.44569 NaN NaN NaN 44.69267 -130.44041 14.59092 -22.28318 -176.20792 -87.23239
16130 3.77663 NaN NaN NaN 152.50586 -79.65103 10.55037 228.89455 -153.21718 -58.42769 NaN NaN NaN 44.70178 -130.47321 14.59198 -22.27094 -176.23311 -87.24697
16131 3.78498 NaN NaN NaN 152.49474 -79.65099 10.56292 228.88208 -153.22896 -58.39008 NaN NaN NaN 44.70044 -130.50818 14.60495 -22.27625 -176.25302 -87.25603
16132 3.79332 NaN NaN NaN 152.50726 -79.62708 10.56581 228.87935 -153.24492 -58.33130 NaN NaN NaN 44.70356 -130.51720 14.58610 -22.24933 -176.25523 -87.26595
16133 3.80167 NaN NaN NaN 152.51976 -79.57465 10.55080 228.87483 -153.25876 -58.27828 NaN NaN NaN 44.70189 -130.52960 14.57943 -22.24363 -176.26044 -87.27654
16134 3.81002 NaN NaN NaN 152.53937 -79.46456 10.49272 228.85875 -153.23706 -58.24754 NaN NaN NaN 44.71379 -130.52859 14.52189 -22.24376 -176.24400 -87.29043
16135 3.81836 NaN NaN NaN 152.53807 -79.33420 10.44666 228.84087 -153.22559 -58.16505 NaN NaN NaN 44.72882 -130.54295 14.50291 -22.26040 -176.23303 -87.30385
16136 3.82671 NaN NaN NaN 152.51923 -79.20051 10.43570 228.82167 -153.22429 -58.09526 NaN NaN NaN 44.73103 -130.54915 14.50302 -22.24196 -176.25450 -87.31122
