Frame# Time LH1 LH2 LH3 RH1 RH2 RH3
X54 Y54 Z54 X55 Y55 Z55 X56 Y56 Z56 X57 Y57 Z57 X58 Y58 Z58 X59 Y59 Z59
1438 0.00625 NaN NaN NaN 173.23091 -112.94925 -16.59849 266.08084 -156.64011 -90.69006 NaN NaN NaN 70.43304 -132.33929 -34.67815 -19.12296 -146.71889 -128.41820
1439 0.01460 NaN NaN NaN 173.24272 -112.97743 -16.59911 266.08328 -156.64420 -90.68359 NaN NaN NaN 70.43913 -132.35223 -34.68245 -19.11804 -146.73241 -128.43666
1440 0.02294 NaN NaN NaN 173.24403 -112.97890 -16.59476 266.06686 -156.65059 -90.69169 NaN NaN NaN 70.45648 -132.36626 -34.68539 -19.14528 -146.73473 -128.43953
1441 0.03128 NaN NaN NaN 173.24850 -113.00671 -16.59486 266.08362 -156.65495 -90.67796 NaN NaN NaN 70.44576 -132.38644 -34.68700 -19.11922 -146.72862 -128.42720
1442 0.03962 NaN NaN NaN 173.23625 -112.97618 -16.57712 266.06659 -156.65955 -90.67651 NaN NaN NaN 70.45870 -132.42415 -34.68887 -19.10342 -146.73869 -128.43181
1443 0.04796 NaN NaN NaN 173.21396 -112.95708 -16.61105 266.07318 -156.66684 -90.65914 NaN NaN NaN 70.45692 -132.44398 -34.69146 -19.10440 -146.72932 -128.42603
1444 0.05630 NaN NaN NaN 173.20445 -112.94138 -16.62049 266.06567 -156.65492 -90.66597 NaN NaN NaN 70.48235 -132.43871 -34.71228 -19.09146 -146.76721 -128.43600
1445 0.06465 NaN NaN NaN 173.18909 -112.92937 -16.64516 266.06662 -156.65329 -90.66832 NaN NaN NaN 70.47088 -132.44897 -34.72187 -19.09611 -146.74504 -128.42383
1446 0.07299 NaN NaN NaN 173.19531 -112.93868 -16.64338 266.05582 -156.63316 -90.65245 NaN NaN NaN 70.47290 -132.45851 -34.72602 -19.09643 -146.73613 -128.45181
1447 0.08133 NaN NaN NaN 173.18996 -112.91663 -16.65362 266.06165 -156.63225 -90.66314 NaN NaN NaN 70.49351 -132.44841 -34.72802 -19.12892 -146.71103 -128.43922
1448 0.08967 NaN NaN NaN 173.18759 -112.92760 -16.64600 266.05835 -156.60384 -90.65900 NaN NaN NaN 70.50993 -132.45874 -34.73050 -19.12419 -146.69519 -128.44691
1449 0.09801 NaN NaN NaN 173.19771 -112.90807 -16.64497 266.08011 -156.60829 -90.66261 NaN NaN NaN 70.51172 -132.45316 -34.73779 -19.10799 -146.70967 -128.43611
1450 0.10636 NaN NaN NaN 173.19595 -112.92140 -16.64522 266.08658 -156.58397 -90.66117 NaN NaN NaN 70.50663 -132.45370 -34.73246 -19.12276 -146.71651 -128.44574
1451 0.11470 NaN NaN NaN 173.20779 -112.91454 -16.64152 266.09875 -156.58704 -90.67443 NaN NaN NaN 70.51210 -132.45779 -34.72855 -19.14113 -146.71771 -128.43115
1452 0.12304 NaN NaN NaN 173.21819 -112.91067 -16.65084 266.09869 -156.57622 -90.65790 NaN NaN NaN 70.52214 -132.45694 -34.72026 -19.10835 -146.71466 -128.43748
1453 0.13138 NaN NaN NaN 173.22351 -112.89986 -16.65171 266.10199 -156.59525 -90.65550 NaN NaN NaN 70.52942 -132.45724 -34.72523 -19.08506 -146.71527 -128.43753
1454 0.13972 NaN NaN NaN 173.20628 -112.89799 -16.62752 266.10339 -156.58327 -90.64997 NaN NaN NaN 70.51690 -132.44983 -34.72545 -19.08124 -146.71364 -128.43689
1455 0.14806 NaN NaN NaN 173.21164 -112.89966 -16.63634 266.09601 -156.59645 -90.65365 NaN NaN NaN 70.51809 -132.42747 -34.73608 -19.07577 -146.69638 -128.43834
1456 0.15641 NaN NaN NaN 173.23317 -112.89836 -16.62759 266.10693 -156.55423 -90.65171 NaN NaN NaN 70.52634 -132.43581 -34.72797 -19.07734 -146.70978 -128.43961
1457 0.16475 NaN NaN NaN 173.22812 -112.89017 -16.63631 266.10687 -156.57718 -90.66790 NaN NaN NaN 70.54066 -132.43370 -34.74107 -19.08675 -146.70016 -128.43845
1458 0.17309 NaN NaN NaN 173.22150 -112.87445 -16.62945 266.10464 -156.56400 -90.64656 NaN NaN NaN 70.54166 -132.42558 -34.73233 -19.08746 -146.68842 -128.44012
1459 0.18143 NaN NaN NaN 173.22122 -112.86618 -16.63951 266.08548 -156.57095 -90.62724 NaN NaN NaN 70.52895 -132.41946 -34.73300 -19.09120 -146.67781 -128.44128
1460 0.18977 NaN NaN NaN 173.21281 -112.87583 -16.62605 266.08734 -156.54976 -90.62112 NaN NaN NaN 70.53025 -132.43489 -34.72228 -19.07508 -146.67401 -128.44223
1461 0.19812 NaN NaN NaN 173.20346 -112.85542 -16.62164 266.09448 -156.55647 -90.63873 NaN NaN NaN 70.55110 -132.42346 -34.73489 -19.07902 -146.65929 -128.45154
1462 0.20646 NaN NaN NaN 173.19708 -112.86800 -16.60934 266.07550 -156.56146 -90.62286 NaN NaN NaN 70.56017 -132.41869 -34.73873 -19.06373 -146.68204 -128.44611
1463 0.21480 NaN NaN NaN 173.19809 -112.84200 -16.60630 266.08408 -156.54649 -90.61034 NaN NaN NaN 70.55962 -132.41371 -34.73506 -19.07393 -146.67566 -128.43994
1464 0.22314 NaN NaN NaN 173.21143 -112.84012 -16.59833 266.07782 -156.56757 -90.59733 NaN NaN NaN 70.55209 -132.40700 -34.73830 -19.05696 -146.69778 -128.43248
1465 0.23148 NaN NaN NaN 173.20076 -112.83337 -16.60139 266.07492 -156.54121 -90.58712 NaN NaN NaN 70.56378 -132.39763 -34.73548 -19.05869 -146.67612 -128.44460
1466 0.23982 NaN NaN NaN 173.19757 -112.84625 -16.60330 266.07474 -156.53210 -90.59102 NaN NaN NaN 70.57296 -132.40741 -34.73766 -19.04271 -146.68794 -128.43268
1467 0.24817 NaN NaN NaN 173.19528 -112.83504 -16.60108 266.07147 -156.51813 -90.58118 NaN NaN NaN 70.56458 -132.40472 -34.74378 -19.05450 -146.67348 -128.43161
1468 0.25651 NaN NaN NaN 173.20699 -112.82064 -16.59233 266.06595 -156.55589 -90.57851 NaN NaN NaN 70.56445 -132.39565 -34.75131 -19.06786 -146.65970 -128.44655
1469 0.26485 NaN NaN NaN 173.20987 -112.80886 -16.59694 266.07053 -156.56082 -90.56824 NaN NaN NaN 70.56767 -132.39629 -34.74968 -19.07460 -146.66107 -128.44386
1470 0.27319 NaN NaN NaN 173.20731 -112.81583 -16.59550 266.07828 -156.60068 -90.54892 NaN NaN NaN 70.56989 -132.38995 -34.73915 -19.05406 -146.68782 -128.44603
1471 0.28153 NaN NaN NaN 173.19514 -112.78901 -16.59240 266.08081 -156.56450 -90.56240 NaN NaN NaN 70.56429 -132.39661 -34.74397 -19.06373 -146.67839 -128.44440
1472 0.28988 NaN NaN NaN 173.18684 -112.80262 -16.60097 266.07034 -156.57439 -90.55104 NaN NaN NaN 70.56249 -132.39970 -34.75439 -19.04979 -146.68617 -128.44167
1473 0.29822 NaN NaN NaN 173.20525 -112.77831 -16.59572 266.06638 -156.55110 -90.54365 NaN NaN NaN 70.57583 -132.40027 -34.75558 -19.04465 -146.71400 -128.45073
1474 0.30656 NaN NaN NaN 173.20639 -112.79842 -16.58407 266.07077 -156.57089 -90.54465 NaN NaN NaN 70.58582 -132.39900 -34.75239 -19.04315 -146.70073 -128.44658
1475 0.31490 NaN NaN NaN 173.21085 -112.79726 -16.57660 266.07095 -156.55278 -90.54131 NaN NaN NaN 70.57951 -132.40533 -34.75414 -19.05181 -146.69685 -128.46828
1476 0.32324 NaN NaN NaN 173.22035 -112.81229 -16.57869 266.06204 -156.58572 -90.52411 NaN NaN NaN 70.58593 -132.41380 -34.76169 -19.05455 -146.67487 -128.46249
1477 0.33158 NaN NaN NaN 173.20810 -112.80929 -16.58335 266.05634 -156.59464 -90.52676 NaN NaN NaN 70.57852 -132.40771 -34.75744 -19.06107 -146.65863 -128.45699
1478 0.33993 NaN NaN NaN 173.19124 -112.82738 -16.56769 266.05933 -156.61259 -90.51757 NaN NaN NaN 70.58878 -132.40324 -34.75229 -19.04844 -146.68912 -128.45116
1479 0.34827 NaN NaN NaN 173.19826 -112.81727 -16.56076 266.06042 -156.59982 -90.51458 NaN NaN NaN 70.58169 -132.41682 -34.75023 -19.05294 -146.69160 -128.45433
1480 0.35661 NaN NaN NaN 173.18925 -112.81155 -16.55124 266.05652 -156.62631 -90.50301 NaN NaN NaN 70.57935 -132.42113 -34.74983 -19.04541 -146.70932 -128.44998
1481 0.36495 NaN NaN NaN 173.18245 -112.80953 -16.56638 266.03961 -156.58881 -90.52134 NaN NaN NaN 70.57688 -132.41890 -34.75093 -19.05138 -146.69130 -128.45226
1482 0.37329 NaN NaN NaN 173.17256 -112.82671 -16.57626 266.02744 -156.62572 -90.51551 NaN NaN NaN 70.58159 -132.43181 -34.75388 -19.05761 -146.69110 -128.45665
1483 0.38163 NaN NaN NaN 173.18938 -112.82087 -16.57129 266.03256 -156.60901 -90.52039 NaN NaN NaN 70.58096 -132.42986 -34.76529 -19.05559 -146.68373 -128.45903
1484 0.38998 NaN NaN NaN 173.19012 -112.83393 -16.56145 266.04166 -156.63289 -90.50794 NaN NaN NaN 70.56319 -132.41057 -34.75660 -19.05847 -146.68108 -128.45639
1485 0.39832 NaN NaN NaN 173.19124 -112.82710 -16.56591 266.05341 -156.62906 -90.50534 NaN NaN NaN 70.57786 -132.41997 -34.76565 -19.05556 -146.69600 -128.47766
1486 0.40666 NaN NaN NaN 173.18433 -112.84221 -16.57283 266.04874 -156.63432 -90.48988 NaN NaN NaN 70.58987 -132.42937 -34.75670 -19.03942 -146.70340 -128.48001
1487 0.41500 NaN NaN NaN 173.19608 -112.82668 -16.56526 266.04846 -156.61638 -90.50191 NaN NaN NaN 70.58957 -132.41989 -34.76136 -19.03354 -146.70769 -128.46167
1488 0.42334 NaN NaN NaN 173.19147 -112.82571 -16.56830 266.05069 -156.63525 -90.49454 NaN NaN NaN 70.60316 -132.41817 -34.77616 -19.04009 -146.68912 -128.45804
1489 0.43169 NaN NaN NaN 173.19037 -112.80650 -16.57740 266.04901 -156.61044 -90.50882 NaN NaN NaN 70.59700 -132.40903 -34.77535 -19.03417 -146.71187 -128.45149
1490 0.44003 NaN NaN NaN 173.16789 -112.81267 -16.56273 266.03772 -156.62201 -90.50039 NaN NaN NaN 70.60047 -132.43492 -34.76969 -19.05002 -146.72177 -128.45554
1491 0.44837 NaN NaN NaN 173.16737 -112.80622 -16.56802 266.02701 -156.62407 -90.50021 NaN NaN NaN 70.59237 -132.44044 -34.76023 -19.04454 -146.71132 -128.47270
1492 0.45671 NaN NaN NaN 173.15985 -112.81294 -16.57017 266.03165 -156.63228 -90.49399 NaN NaN NaN 70.58743 -132.46199 -34.75590 -19.04477 -146.71999 -128.45149
1493 0.46505 NaN NaN NaN 173.18677 -112.81502 -16.56697 266.04028 -156.62180 -90.50208 NaN NaN NaN 70.60480 -132.46243 -34.77347 -19.05160 -146.71141 -128.45335
1494 0.47339 NaN NaN NaN 173.17433 -112.82643 -16.55939 266.03754 -156.62360 -90.49966 NaN NaN NaN 70.59771 -132.47362 -34.75745 -19.03815 -146.71686 -128.47002
1495 0.48174 NaN NaN NaN 173.18661 -112.83126 -16.56279 266.05252 -156.61806 -90.50159 NaN NaN NaN 70.58681 -132.46922 -34.76889 -19.05043 -146.69772 -128.45247
1496 0.49008 NaN NaN NaN 173.17627 -112.83550 -16.55253 266.04352 -156.63042 -90.48640 NaN NaN NaN 70.59295 -132.47609 -34.76096 -19.05647 -146.71339 -128.45235
1497 0.49842 NaN NaN NaN 173.18234 -112.83981 -16.55054 266.04813 -156.62970 -90.49695 NaN NaN NaN 70.59367 -132.46068 -34.76617 -19.04839 -146.71188 -128.44337
1498 0.50676 NaN NaN NaN 173.18924 -112.82980 -16.53927 266.04480 -156.63994 -90.49767 NaN NaN NaN 70.59143 -132.47116 -34.75275 -19.05976 -146.71054 -128.44034
1499 0.51510 NaN NaN NaN 173.18962 -112.80497 -16.53743 266.02393 -156.62825 -90.50558 NaN NaN NaN 70.58934 -132.46638 -34.75905 -19.08194 -146.70244 -128.44566
1500 0.52345 NaN NaN NaN 173.19220 -112.80217 -16.53238 266.00931 -156.64716 -90.50404 NaN NaN NaN 70.59625 -132.46121 -34.76557 -19.05912 -146.71599 -128.46732
1501 0.53179 NaN NaN NaN 173.18694 -112.80643 -16.54722 266.03287 -156.63048 -90.49339 NaN NaN NaN 70.58870 -132.46303 -34.77002 -19.04929 -146.71881 -128.45697
1502 0.54013 NaN NaN NaN 173.18446 -112.80201 -16.53165 266.04477 -156.64420 -90.48409 NaN NaN NaN 70.58286 -132.47450 -34.76525 -19.04387 -146.73222 -128.44922
1503 0.54847 NaN NaN NaN 173.19252 -112.77910 -16.52645 266.03580 -156.63908 -90.49029 NaN NaN NaN 70.57344 -132.47278 -34.74828 -19.04891 -146.72900 -128.46974
1504 0.55681 NaN NaN NaN 173.17955 -112.79807 -16.53990 266.02551 -156.64258 -90.49770 NaN NaN NaN 70.58090 -132.47455 -34.74322 -19.06167 -146.70876 -128.44424
1505 0.56515 NaN NaN NaN 173.18346 -112.79319 -16.53340 266.02740 -156.64551 -90.49181 NaN NaN NaN 70.57713 -132.46040 -34.74892 -19.06600 -146.70027 -128.44206
1506 0.57350 NaN NaN NaN 173.17778 -112.79336 -16.53034 266.01328 -156.64369 -90.50858 NaN NaN NaN 70.57861 -132.46976 -34.75840 -19.06820 -146.69885 -128.44243
1507 0.58184 NaN NaN NaN 173.18436 -112.79288 -16.52769 266.03748 -156.63435 -90.49982 NaN NaN NaN 70.58852 -132.45889 -34.75866 -19.06383 -146.70918 -128.42746
1508 0.59018 NaN NaN NaN 173.18665 -112.79408 -16.52775 266.03769 -156.63745 -90.49000 NaN NaN NaN 70.60381 -132.44997 -34.75119 -19.04270 -146.72881 -128.42210
1509 0.59852 NaN NaN NaN 173.18536 -112.79320 -16.52988 266.03464 -156.61255 -90.50514 NaN NaN NaN 70.60038 -132.44145 -34.75240 -19.05279 -146.72154 -128.42914
1510 0.60686 NaN NaN NaN 173.18542 -112.81498 -16.54451 266.00992 -156.63564 -90.50735 NaN NaN NaN 70.60600 -132.45236 -34.75305 -19.04617 -146.71265 -128.43364
1511 0.61520 NaN NaN NaN 173.18443 -112.83525 -16.55160 266.03110 -156.62065 -90.51060 NaN NaN NaN 70.60130 -132.43304 -34.75329 -19.04605 -146.70114 -128.43144
1512 0.62355 NaN NaN NaN 173.17516 -112.83031 -16.55214 266.03006 -156.61470 -90.50777 NaN NaN NaN 70.60503 -132.43201 -34.75784 -19.05198 -146.69398 -128.43895
1513 0.63189 NaN NaN NaN 173.18581 -112.82106 -16.56039 266.03387 -156.59840 -90.51411 NaN NaN NaN 70.59933 -132.42209 -34.76022 -19.04636 -146.68581 -128.43968
1514 0.64023 NaN NaN NaN 173.17534 -112.81264 -16.55949 266.02756 -156.59100 -90.51283 NaN NaN NaN 70.60700 -132.42392 -34.75331 -19.04437 -146.69064 -128.43985
1515 0.64857 NaN NaN NaN 173.17014 -112.80113 -16.57223 266.03140 -156.57582 -90.53080 NaN NaN NaN 70.60226 -132.40366 -34.75583 -19.05139 -146.67607 -128.44043
1516 0.65691 NaN NaN NaN 173.15724 -112.80975 -16.57360 266.02081 -156.60565 -90.51598 NaN NaN NaN 70.60855 -132.40567 -34.75452 -19.05729 -146.68274 -128.44310
1517 0.66526 NaN NaN NaN 173.17049 -112.79588 -16.57908 266.02951 -156.58559 -90.52153 NaN NaN NaN 70.60443 -132.39528 -34.75599 -19.04566 -146.67491 -128.45357
1518 0.67360 NaN NaN NaN 173.16533 -112.81953 -16.57008 266.02335 -156.58820 -90.52790 NaN NaN NaN 70.60567 -132.38368 -34.75690 -19.05185 -146.67865 -128.44347
1519 0.68194 NaN NaN NaN 173.16319 -112.80522 -16.57381 266.02283 -156.56357 -90.52930 NaN NaN NaN 70.59144 -132.38460 -34.75550 -19.02907 -146.69861 -128.44815
1520 0.69028 NaN NaN NaN 173.15669 -112.81155 -16.56782 266.02637 -156.58823 -90.52499 NaN NaN NaN 70.59769 -132.38676 -34.75229 -19.02646 -146.71158 -128.42648
1521 0.69862 NaN NaN NaN 173.16347 -112.80739 -16.57418 266.03058 -156.57408 -90.52283 NaN NaN NaN 70.60354 -132.38641 -34.75354 -19.04205 -146.69946 -128.42792
1522 0.70696 NaN NaN NaN 173.14845 -112.82115 -16.56766 266.02567 -156.59503 -90.52100 NaN NaN NaN 70.60736 -132.37433 -34.75298 -19.04708 -146.69025 -128.42706
1523 0.71531 NaN NaN NaN 173.15681 -112.80843 -16.57336 266.00790 -156.58998 -90.52499 NaN NaN NaN 70.61031 -132.37596 -34.75816 -19.05236 -146.67293 -128.42909
1524 0.72365 NaN NaN NaN 173.14644 -112.81468 -16.56040 266.00494 -156.59912 -90.53277 NaN NaN NaN 70.60191 -132.37659 -34.76517 -19.04275 -146.67712 -128.44478
1525 0.73199 NaN NaN NaN 173.14807 -112.81233 -16.57007 266.00928 -156.59270 -90.52783 NaN NaN NaN 70.60834 -132.39648 -34.75816 -19.05137 -146.65584 -128.43803
1526 0.74033 NaN NaN NaN 173.14359 -112.82619 -16.56993 265.99680 -156.61441 -90.52303 NaN NaN NaN 70.61134 -132.38245 -34.75196 -19.04445 -146.68326 -128.44455
1527 0.74867 NaN NaN NaN 173.15584 -112.82821 -16.56625 265.98453 -156.62627 -90.53154 NaN NaN NaN 70.61072 -132.38748 -34.76255 -19.04803 -146.68576 -128.44109
1528 0.75702 NaN NaN NaN 173.15088 -112.82784 -16.55398 265.98828 -156.60651 -90.53594 NaN NaN NaN 70.60674 -132.38579 -34.77526 -19.05239 -146.69801 -128.44418
1529 0.76536 NaN NaN NaN 173.15358 -112.82460 -16.56685 265.99692 -156.59195 -90.52602 NaN NaN NaN 70.58661 -132.39661 -34.76529 -19.05390 -146.67235 -128.44298
1530 0.77370 NaN NaN NaN 173.13802 -112.82714 -16.56656 266.01587 -156.60367 -90.52589 NaN NaN NaN 70.58736 -132.39185 -34.76682 -19.05891 -146.66801 -128.45139
1531 0.78204 NaN NaN NaN 173.13947 -112.84303 -16.58145 266.01190 -156.59221 -90.52944 NaN NaN NaN 70.58649 -132.38239 -34.76847 -19.07069 -146.65134 -128.45052
1532 0.79038 NaN NaN NaN 173.13354 -112.83172 -16.56559 266.00037 -156.60765 -90.52313 NaN NaN NaN 70.59369 -132.39745 -34.76617 -19.07250 -146.64995 -128.45461
1533 0.79872 NaN NaN NaN 173.13480 -112.83111 -16.57696 266.01617 -156.59125 -90.53280 NaN NaN NaN 70.59042 -132.40884 -34.76513 -19.06859 -146.65027 -128.46211
1534 0.80707 NaN NaN NaN 173.14729 -112.83303 -16.57020 266.00272 -156.62180 -90.53983 NaN NaN NaN 70.59950 -132.41425 -34.76244 -19.05706 -146.66612 -128.45079
1535 0.81541 NaN NaN NaN 173.13844 -112.82153 -16.57850 266.00540 -156.61929 -90.53007 NaN NaN NaN 70.59578 -132.40204 -34.76095 -19.04880 -146.66628 -128.44035
1536 0.82375 NaN NaN NaN 173.13533 -112.81371 -16.56929 265.99872 -156.64647 -90.52827 NaN NaN NaN 70.59588 -132.41008 -34.76520 -19.06229 -146.68361 -128.44405
1537 0.83209 NaN NaN NaN 173.13922 -112.83720 -16.57370 265.99991 -156.62878 -90.52783 NaN NaN NaN 70.60735 -132.40569 -34.77047 -19.06828 -146.68622 -128.44124
1538 0.84043 NaN NaN NaN 173.13719 -112.84931 -16.57373 265.99640 -156.62430 -90.53690 NaN NaN NaN 70.60938 -132.41975 -34.76974 -19.06468 -146.70828 -128.44980
1539 0.84877 NaN NaN NaN 173.14127 -112.85767 -16.57773 266.00339 -156.62242 -90.53677 NaN NaN NaN 70.60450 -132.43042 -34.77253 -19.03940 -146.70801 -128.44867
1540 0.85712 NaN NaN NaN 173.15579 -112.85211 -16.57635 266.00452 -156.62456 -90.53107 NaN NaN NaN 70.60810 -132.45164 -34.76543 -19.04164 -146.70490 -128.44852
1541 0.86546 NaN NaN NaN 173.15253 -112.85006 -16.57092 265.99945 -156.61601 -90.53328 NaN NaN NaN 70.60117 -132.44542 -34.76583 -19.04505 -146.70482 -128.45201
1542 0.87380 NaN NaN NaN 173.15631 -112.85314 -16.56543 265.99182 -156.66910 -90.52200 NaN NaN NaN 70.58917 -132.45267 -34.76237 -19.04342 -146.70213 -128.44878
1543 0.88214 NaN NaN NaN 173.15439 -112.85607 -16.56969 266.00513 -156.65071 -90.52076 NaN NaN NaN 70.58820 -132.43306 -34.77152 -19.04852 -146.70511 -128.43794
1544 0.89048 NaN NaN NaN 173.16220 -112.85114 -16.56537 266.00464 -156.66718 -90.52647 NaN NaN NaN 70.61067 -132.44122 -34.77356 -19.05319 -146.72401 -128.44731
1545 0.89883 NaN NaN NaN 173.16368 -112.86432 -16.55965 265.98944 -156.66156 -90.51597 NaN NaN NaN 70.61144 -132.46278 -34.76691 -19.04074 -146.71561 -128.45705
1546 0.90717 NaN NaN NaN 173.16354 -112.85297 -16.56117 265.98959 -156.69850 -90.51472 NaN NaN NaN 70.61457 -132.47130 -34.76730 -19.03188 -146.70663 -128.45226
1547 0.91551 NaN NaN NaN 173.16176 -112.85876 -16.55268 266.00458 -156.69640 -90.49995 NaN NaN NaN 70.61671 -132.48090 -34.77042 -19.03181 -146.70689 -128.47763
1548 0.92385 NaN NaN NaN 173.16119 -112.85278 -16.55511 266.01450 -156.69749 -90.49706 NaN NaN NaN 70.62103 -132.49301 -34.77626 -19.01787 -146.71051 -128.47023
1549 0.93219 NaN NaN NaN 173.16862 -112.85697 -16.54889 266.02487 -156.68620 -90.49887 NaN NaN NaN 70.62963 -132.48860 -34.78028 -19.02100 -146.72067 -128.47455
1550 0.94053 NaN NaN NaN 173.17656 -112.84138 -16.53277 266.01053 -156.69865 -90.50883 NaN NaN NaN 70.62955 -132.50221 -34.78191 -19.00713 -146.75426 -128.44345
1551 0.94888 NaN NaN NaN 173.18344 -112.85416 -16.55275 266.02124 -156.68765 -90.49242 NaN NaN NaN 70.64430 -132.49765 -34.77846 -19.01113 -146.74745 -128.44357
1552 0.95722 NaN NaN NaN 173.18242 -112.83453 -16.53909 266.02396 -156.69925 -90.48437 NaN NaN NaN 70.63648 -132.50163 -34.78906 -19.01817 -146.74887 -128.44022
1553 0.96556 NaN NaN NaN 173.19247 -112.83253 -16.54024 266.03485 -156.67851 -90.48680 NaN NaN NaN 70.63371 -132.50899 -34.78467 -19.03897 -146.73117 -128.45438
1554 0.97390 NaN NaN NaN 173.19347 -112.81815 -16.52509 266.03876 -156.67474 -90.48173 NaN NaN NaN 70.63973 -132.53072 -34.78925 -19.01046 -146.73405 -128.48116
1555 0.98224 NaN NaN NaN 173.19334 -112.83172 -16.53637 266.04547 -156.68781 -90.48849 NaN NaN NaN 70.64901 -132.53969 -34.78085 -19.00295 -146.75641 -128.47072
1556 0.99059 NaN NaN NaN 173.18796 -112.84191 -16.53038 266.02679 -156.69444 -90.48348 NaN NaN NaN 70.65199 -132.54865 -34.79470 -19.01652 -146.73225 -128.45454
1557 0.99893 NaN NaN NaN 173.19359 -112.85007 -16.52386 266.02481 -156.69571 -90.48947 NaN NaN NaN 70.65286 -132.53621 -34.78698 -19.02448 -146.72443 -128.45786
1558 1.00727 NaN NaN NaN 173.19385 -112.83810 -16.51671 266.03882 -156.69788 -90.48692 NaN NaN NaN 70.63884 -132.53780 -34.78754 -19.03461 -146.72714 -128.47859
1559 1.01561 NaN NaN NaN 173.16885 -112.84464 -16.53451 266.03345 -156.70164 -90.48144 NaN NaN NaN 70.63617 -132.53397 -34.78479 -19.02684 -146.72595 -128.49963
1560 1.02395 NaN NaN NaN 173.17867 -112.82719 -16.53124 266.02106 -156.69397 -90.49077 NaN NaN NaN 70.64625 -132.51659 -34.79953 -19.02535 -146.73241 -128.46764
1561 1.03229 NaN NaN NaN 173.19579 -112.84254 -16.53380 266.02847 -156.69632 -90.48229 NaN NaN NaN 70.65567 -132.52602 -34.79350 -19.02074 -146.72411 -128.45569
1562 1.04064 NaN NaN NaN 173.19266 -112.83231 -16.52201 266.03030 -156.69696 -90.48045 NaN NaN NaN 70.66465 -132.52553 -34.80219 -19.01383 -146.72368 -128.45673
1563 1.04898 NaN NaN NaN 173.20386 -112.84532 -16.52468 266.03796 -156.69792 -90.48557 NaN NaN NaN 70.65202 -132.52272 -34.79830 -19.02251 -146.72194 -128.46214
1564 1.05732 NaN NaN NaN 173.20357 -112.84840 -16.52268 266.02051 -156.71309 -90.48219 NaN NaN NaN 70.65330 -132.51936 -34.80096 -19.03196 -146.72731 -128.46970
1565 1.06566 NaN NaN NaN 173.19200 -112.85245 -16.53897 266.01962 -156.71230 -90.48544 NaN NaN NaN 70.64420 -132.51665 -34.79934 -19.02627 -146.72813 -128.46681
1566 1.07400 NaN NaN NaN 173.17513 -112.84588 -16.53335 266.01727 -156.71962 -90.49285 NaN NaN NaN 70.65162 -132.50989 -34.79744 -19.00955 -146.73038 -128.45111
1567 1.08235 NaN NaN NaN 173.17543 -112.85582 -16.53126 266.01758 -156.71161 -90.49783 NaN NaN NaN 70.64487 -132.50543 -34.79028 -19.01871 -146.72711 -128.45988
1568 1.09069 NaN NaN NaN 173.19373 -112.85165 -16.54099 266.01599 -156.70433 -90.49129 NaN NaN NaN 70.64382 -132.48541 -34.79838 -19.01963 -146.72804 -128.47986
1569 1.09903 NaN NaN NaN 173.18251 -112.84563 -16.53248 266.01093 -156.69051 -90.49448 NaN NaN NaN 70.63242 -132.48618 -34.79074 -19.02965 -146.72708 -128.46007
1570 1.10737 NaN NaN NaN 173.16096 -112.84884 -16.55188 265.99924 -156.68808 -90.49977 NaN NaN NaN 70.64643 -132.48633 -34.80595 -19.02599 -146.73871 -128.46991
1571 1.11571 NaN NaN NaN 173.15710 -112.85913 -16.54973 265.99564 -156.67113 -90.50909 NaN NaN NaN 70.64243 -132.46561 -34.79930 -19.03377 -146.73370 -128.44814
1572 1.12405 NaN NaN NaN 173.15822 -112.85252 -16.56028 265.99750 -156.69312 -90.51756 NaN NaN NaN 70.65057 -132.45796 -34.80035 -19.03580 -146.72046 -128.46130
1573 1.13240 NaN NaN NaN 173.15996 -112.84451 -16.55760 265.99426 -156.65643 -90.52494 NaN NaN NaN 70.64266 -132.45340 -34.78767 -19.02757 -146.71416 -128.46544
1574 1.14074 NaN NaN NaN 173.15480 -112.83899 -16.55891 265.98761 -156.66489 -90.52804 NaN NaN NaN 70.64729 -132.44746 -34.81142 -19.02164 -146.72789 -128.46024
1575 1.14908 NaN NaN NaN 173.15967 -112.83607 -16.56919 266.00024 -156.64574 -90.52074 NaN NaN NaN 70.64872 -132.43402 -34.80369 -19.02810 -146.71516 -128.46512
1576 1.15742 NaN NaN NaN 173.14799 -112.82767 -16.56494 266.00385 -156.66074 -90.51876 NaN NaN NaN 70.66291 -132.44160 -34.80869 -19.02327 -146.70341 -128.48122
1577 1.16576 NaN NaN NaN 173.14706 -112.82116 -16.56898 265.99075 -156.65968 -90.52438 NaN NaN NaN 70.64872 -132.41936 -34.80167 -19.03702 -146.69708 -128.48325
1578 1.17410 NaN NaN NaN 173.13722 -112.83361 -16.57057 265.97781 -156.66014 -90.52610 NaN NaN NaN 70.64000 -132.43408 -34.81287 -19.04065 -146.70630 -128.48288
1579 1.18245 NaN NaN NaN 173.12956 -112.83573 -16.56546 265.98526 -156.64392 -90.53139 NaN NaN NaN 70.62904 -132.43365 -34.81339 -19.02921 -146.70340 -128.49231
1580 1.19079 NaN NaN NaN 173.13849 -112.84417 -16.56470 265.97366 -156.64796 -90.53999 NaN NaN NaN 70.63217 -132.45187 -34.80852 -19.02802 -146.70705 -128.45432
1581 1.19913 NaN NaN NaN 173.14262 -112.81811 -16.57436 265.97830 -156.63094 -90.54030 NaN NaN NaN 70.63354 -132.42961 -34.79980 -19.03131 -146.70634 -128.46417
1582 1.20747 NaN NaN NaN 173.13258 -112.81649 -16.57457 265.97061 -156.63919 -90.54155 NaN NaN NaN 70.63356 -132.42891 -34.80994 -19.05180 -146.70584 -128.49094
1583 1.21581 NaN NaN NaN 173.12585 -112.79974 -16.58578 265.97220 -156.62924 -90.54625 NaN NaN NaN 70.62819 -132.42792 -34.81010 -19.06990 -146.69133 -128.47815
1584 1.22416 NaN NaN NaN 173.13789 -112.80699 -16.58607 265.96146 -156.64227 -90.55389 NaN NaN NaN 70.63216 -132.41272 -34.82056 -19.10609 -146.69098 -128.46628
1585 1.23250 NaN NaN NaN 173.13484 -112.81248 -16.58105 265.97113 -156.61694 -90.55420 NaN NaN NaN 70.61913 -132.39824 -34.80815 -19.07963 -146.68111 -128.46373
1586 1.24084 NaN NaN NaN 173.13542 -112.82013 -16.57727 265.94449 -156.63324 -90.56194 NaN NaN NaN 70.63631 -132.40154 -34.81308 -19.10260 -146.69180 -128.46901
1587 1.24918 NaN NaN NaN 173.13568 -112.80177 -16.58860 265.94751 -156.62793 -90.55292 NaN NaN NaN 70.63353 -132.38786 -34.81150 -19.06360 -146.68217 -128.47429
1588 1.25752 NaN NaN NaN 173.13208 -112.79366 -16.58021 265.95593 -156.62752 -90.55470 NaN NaN NaN 70.64394 -132.39291 -34.81580 -19.05678 -146.68582 -128.49411
1589 1.26586 NaN NaN NaN 173.12814 -112.78626 -16.59911 265.96127 -156.62869 -90.55003 NaN NaN NaN 70.63712 -132.38008 -34.80838 -19.05190 -146.68919 -128.47064
1590 1.27421 NaN NaN NaN 173.11908 -112.79645 -16.59251 265.95383 -156.61586 -90.55795 NaN NaN NaN 70.63829 -132.38051 -34.81800 -19.06201 -146.69946 -128.45657
1591 1.28255 NaN NaN NaN 173.11636 -112.78607 -16.59595 265.95142 -156.60004 -90.55841 NaN NaN NaN 70.62902 -132.37657 -34.81693 -19.05760 -146.71689 -128.46457
1592 1.29089 NaN NaN NaN 173.10892 -112.79377 -16.59297 265.95023 -156.60042 -90.56497 NaN NaN NaN 70.62731 -132.38605 -34.82373 -19.05854 -146.73001 -128.44316
1593 1.29923 NaN NaN NaN 173.11868 -112.78274 -16.59924 265.95346 -156.59398 -90.56001 NaN NaN NaN 70.63513 -132.38075 -34.81289 -19.05880 -146.70760 -128.44217
1594 1.30757 NaN NaN NaN 173.12776 -112.80481 -16.60216 265.95303 -156.58832 -90.56181 NaN NaN NaN 70.65084 -132.39029 -34.81965 -19.04493 -146.69899 -128.47009
1595 1.31592 NaN NaN NaN 173.13116 -112.78265 -16.60620 265.95612 -156.59216 -90.55971 NaN NaN NaN 70.64242 -132.39235 -34.81069 -19.05508 -146.67523 -128.46815
1596 1.32426 NaN NaN NaN 173.12471 -112.78329 -16.60744 265.94232 -156.59543 -90.56570 NaN NaN NaN 70.64764 -132.38690 -34.81753 -19.07294 -146.68428 -128.46014
1597 1.33260 NaN NaN NaN 173.12759 -112.77635 -16.60539 265.95157 -156.60408 -90.55859 NaN NaN NaN 70.64075 -132.37909 -34.81868 -19.06401 -146.68785 -128.44934
1598 1.34094 NaN NaN NaN 173.12535 -112.79573 -16.61912 265.96460 -156.60078 -90.56898 NaN NaN NaN 70.64528 -132.36845 -34.81791 -19.05893 -146.71611 -128.44397
1599 1.34928 NaN NaN NaN 173.13214 -112.78740 -16.63653 265.97583 -156.58818 -90.55917 NaN NaN NaN 70.63973 -132.36143 -34.82452 -19.04402 -146.71082 -128.47012
1600 1.35762 NaN NaN NaN 173.12274 -112.79356 -16.64382 265.96524 -156.59024 -90.56752 NaN NaN NaN 70.65923 -132.38486 -34.82564 -19.06050 -146.70274 -128.45969
1601 1.36597 NaN NaN NaN 173.11646 -112.77615 -16.64369 265.96677 -156.59267 -90.56711 NaN NaN NaN 70.64802 -132.36388 -34.82418 -19.04740 -146.71661 -128.46855
1602 1.37431 NaN NaN NaN 173.10204 -112.76589 -16.64654 265.95963 -156.57867 -90.57345 NaN NaN NaN 70.65733 -132.37479 -34.82557 -19.05981 -146.69447 -128.46024
1603 1.38265 NaN NaN NaN 173.11717 -112.76580 -16.63915 265.94431 -156.58517 -90.57475 NaN NaN NaN 70.66452 -132.37173 -34.81523 -19.06559 -146.69748 -128.45502
1604 1.39099 NaN NaN NaN 173.10118 -112.78069 -16.63608 265.94882 -156.59848 -90.57027 NaN NaN NaN 70.67081 -132.36098 -34.82351 -19.05813 -146.69618 -128.46135
1605 1.39933 NaN NaN NaN 173.11052 -112.77142 -16.64680 265.94955 -156.60883 -90.55725 NaN NaN NaN 70.66640 -132.35498 -34.82790 -19.05716 -146.69220 -128.45728
1606 1.40767 NaN NaN NaN 173.10454 -112.77763 -16.64670 265.95703 -156.59978 -90.57162 NaN NaN NaN 70.65687 -132.33971 -34.82090 -19.05933 -146.70956 -128.44783
1607 1.41602 NaN NaN NaN 173.11606 -112.78122 -16.63360 265.94635 -156.58856 -90.56588 NaN NaN NaN 70.64114 -132.34814 -34.80969 -19.05368 -146.70779 -128.45190
1608 1.42436 NaN NaN NaN 173.10768 -112.78838 -16.62054 265.94342 -156.59715 -90.56602 NaN NaN NaN 70.64014 -132.36015 -34.81664 -19.06523 -146.68869 -128.44855
1609 1.43270 NaN NaN NaN 173.11641 -112.78261 -16.62270 265.93304 -156.59987 -90.58167 NaN NaN NaN 70.62189 -132.36255 -34.81157 -19.06984 -146.68915 -128.44539
1610 1.44104 NaN NaN NaN 173.10011 -112.78378 -16.62108 265.92758 -156.59473 -90.57413 NaN NaN NaN 70.63312 -132.36086 -34.80745 -19.07732 -146.71211 -128.45041
1611 1.44938 NaN NaN NaN 173.08684 -112.79166 -16.62238 265.91440 -156.60204 -90.56013 NaN NaN NaN 70.61403 -132.33917 -34.81087 -19.07248 -146.71167 -128.44470
1612 1.45773 NaN NaN NaN 173.09557 -112.79535 -16.62119 265.92496 -156.59288 -90.56675 NaN NaN NaN 70.62421 -132.34529 -34.81119 -19.10042 -146.72061 -128.44437
1613 1.46607 NaN NaN NaN 173.09727 -112.79626 -16.60620 265.91791 -156.60497 -90.55825 NaN NaN NaN 70.62029 -132.35037 -34.81666 -19.07763 -146.70947 -128.44577
1614 1.47441 NaN NaN NaN 173.09560 -112.79804 -16.61049 265.91360 -156.59578 -90.57276 NaN NaN NaN 70.62789 -132.36232 -34.82014 -19.10189 -146.70596 -128.44850
1615 1.48275 NaN NaN NaN 173.08582 -112.80658 -16.59912 265.90161 -156.61444 -90.56587 NaN NaN NaN 70.62065 -132.35489 -34.81615 -19.08501 -146.68840 -128.45337
1616 1.49109 NaN NaN NaN 173.08965 -112.79738 -16.59852 265.90482 -156.60521 -90.56737 NaN NaN NaN 70.62231 -132.35829 -34.82539 -19.10272 -146.67940 -128.46060
1617 1.49943 NaN NaN NaN 173.08768 -112.80663 -16.60426 265.90933 -156.60027 -90.56019 NaN NaN NaN 70.61793 -132.35884 -34.81903 -19.07047 -146.69019 -128.47505
1618 1.50778 NaN NaN NaN 173.09695 -112.80983 -16.60199 265.92355 -156.60515 -90.56422 NaN NaN NaN 70.62482 -132.36441 -34.82224 -19.10062 -146.68910 -128.46457
1619 1.51612 NaN NaN NaN 173.09760 -112.80333 -16.59236 265.91641 -156.60349 -90.56617 NaN NaN NaN 70.62428 -132.36374 -34.81827 -19.10881 -146.67931 -128.45251
1620 1.52446 NaN NaN NaN 173.10231 -112.81078 -16.60032 265.91095 -156.59683 -90.57541 NaN NaN NaN 70.62048 -132.35699 -34.82541 -19.09173 -146.70100 -128.45665
1621 1.53280 NaN NaN NaN 173.10764 -112.81281 -16.60539 265.90375 -156.61885 -90.56728 NaN NaN NaN 70.61186 -132.36746 -34.82037 -19.06102 -146.69855 -128.47678
1622 1.54114 NaN NaN NaN 173.11588 -112.83115 -16.60465 265.91788 -156.61328 -90.56801 NaN NaN NaN 70.62452 -132.38618 -34.81764 -19.09778 -146.72003 -128.44817
1623 1.54949 NaN NaN NaN 173.09576 -112.82735 -16.61521 265.90778 -156.63635 -90.58902 NaN NaN NaN 70.62503 -132.39949 -34.81269 -19.10006 -146.73296 -128.45648
1624 1.55783 NaN NaN NaN 173.10399 -112.83363 -16.61434 265.93112 -156.65488 -90.57104 NaN NaN NaN 70.63306 -132.40868 -34.81747 -19.08521 -146.70610 -128.45891
1625 1.56617 NaN NaN NaN 173.09262 -112.82448 -16.60761 265.92337 -156.65720 -90.55709 NaN NaN NaN 70.63887 -132.41141 -34.80234 -19.08945 -146.70035 -128.44473
1626 1.57451 NaN NaN NaN 173.10786 -112.82592 -16.60389 265.93750 -156.64732 -90.55843 NaN NaN NaN 70.63797 -132.40297 -34.81578 -19.09958 -146.71846 -128.43658
1627 1.58285 NaN NaN NaN 173.11160 -112.82380 -16.60368 265.92807 -156.66577 -90.55147 NaN NaN NaN 70.62980 -132.40099 -34.81321 -19.09929 -146.69868 -128.45087
1628 1.59119 NaN NaN NaN 173.11311 -112.82627 -16.60164 265.92719 -156.65050 -90.55542 NaN NaN NaN 70.63859 -132.40627 -34.81848 -19.06997 -146.70868 -128.45584
1629 1.59954 NaN NaN NaN 173.11569 -112.85345 -16.59540 265.92902 -156.67371 -90.55038 NaN NaN NaN 70.62760 -132.41289 -34.80769 -19.09187 -146.71223 -128.45848
1630 1.60788 NaN NaN NaN 173.11955 -112.86254 -16.58911 265.94095 -156.66985 -90.55657 NaN NaN NaN 70.63698 -132.42976 -34.81210 -19.07310 -146.70808 -128.48123
1631 1.61622 NaN NaN NaN 173.12288 -112.86447 -16.58074 265.93109 -156.70110 -90.57684 NaN NaN NaN 70.62850 -132.44136 -34.80797 -19.04395 -146.73578 -128.47626
1632 1.62456 NaN NaN NaN 173.12918 -112.85283 -16.57627 265.94513 -156.68074 -90.55582 NaN NaN NaN 70.64188 -132.47336 -34.81326 -19.06011 -146.74586 -128.46472
1633 1.63290 NaN NaN NaN 173.13470 -112.85944 -16.57946 265.94287 -156.68256 -90.54787 NaN NaN NaN 70.63705 -132.46236 -34.80952 -19.04923 -146.77206 -128.45322
1634 1.64124 NaN NaN NaN 173.13339 -112.85003 -16.57956 265.95370 -156.68596 -90.54026 NaN NaN NaN 70.63746 -132.47154 -34.80709 -19.09757 -146.76022 -128.44339
1635 1.64959 NaN NaN NaN 173.12868 -112.87686 -16.58064 265.93033 -156.69395 -90.54205 NaN NaN NaN 70.63212 -132.46159 -34.80265 -19.07388 -146.73628 -128.47380
1636 1.65793 NaN NaN NaN 173.15042 -112.85548 -16.56807 265.94852 -156.71341 -90.55180 NaN NaN NaN 70.64093 -132.46887 -34.80895 -19.04552 -146.75471 -128.47537
1637 1.66627 NaN NaN NaN 173.15364 -112.86612 -16.56187 265.95032 -156.71762 -90.53786 NaN NaN NaN 70.63624 -132.47655 -34.80219 -19.03612 -146.74570 -128.45081
1638 1.67461 NaN NaN NaN 173.15260 -112.85945 -16.56458 265.96106 -156.70337 -90.53265 NaN NaN NaN 70.63983 -132.48460 -34.81785 -19.04564 -146.75438 -128.46651
1639 1.68295 NaN NaN NaN 173.15918 -112.87105 -16.56724 265.95145 -156.71384 -90.52974 NaN NaN NaN 70.62571 -132.48364 -34.82213 -19.06033 -146.74989 -128.44986
1640 1.69130 NaN NaN NaN 173.13997 -112.84613 -16.55971 265.96030 -156.71092 -90.53088 NaN NaN NaN 70.62705 -132.47871 -34.81883 -19.05035 -146.76303 -128.45563
1641 1.69964 NaN NaN NaN 173.15077 -112.84388 -16.56960 265.96402 -156.71317 -90.53311 NaN NaN NaN 70.64206 -132.49878 -34.80883 -19.05705 -146.75121 -128.45302
1642 1.70798 NaN NaN NaN 173.15370 -112.84473 -16.56065 265.96674 -156.71950 -90.52870 NaN NaN NaN 70.64842 -132.47935 -34.81373 -19.09332 -146.75627 -128.44473
1643 1.71632 NaN NaN NaN 173.14429 -112.84959 -16.55902 265.95096 -156.71834 -90.52852 NaN NaN NaN 70.64034 -132.48752 -34.81401 -19.10170 -146.75046 -128.46442
1644 1.72466 NaN NaN NaN 173.13835 -112.84966 -16.55542 265.95724 -156.71918 -90.52699 NaN NaN NaN 70.63925 -132.48315 -34.81186 -19.08581 -146.75009 -128.45369
1645 1.73300 NaN NaN NaN 173.14578 -112.85915 -16.56104 265.95328 -156.71196 -90.53140 NaN NaN NaN 70.63066 -132.48602 -34.80413 -19.05678 -146.74628 -128.45520
1646 1.74135 NaN NaN NaN 173.14198 -112.85367 -16.56070 265.95700 -156.70251 -90.52872 NaN NaN NaN 70.63028 -132.48184 -34.80769 -19.08157 -146.75298 -128.45938
1647 1.74969 NaN NaN NaN 173.14519 -112.85149 -16.56341 265.94949 -156.71155 -90.52915 NaN NaN NaN 70.63708 -132.48557 -34.80922 -19.05746 -146.74692 -128.47366
1648 1.75803 NaN NaN NaN 173.14279 -112.85770 -16.56497 265.95862 -156.71266 -90.52596 NaN NaN NaN 70.64133 -132.47993 -34.81815 -19.04516 -146.75755 -128.47437
1649 1.76637 NaN NaN NaN 173.15973 -112.85967 -16.56252 265.94867 -156.71632 -90.52858 NaN NaN NaN 70.64504 -132.47403 -34.81684 -19.03780 -146.75441 -128.45255
1650 1.77471 NaN NaN NaN 173.15900 -112.86101 -16.56296 265.95383 -156.72932 -90.53184 NaN NaN NaN 70.64186 -132.47040 -34.81519 -19.03701 -146.75531 -128.46947
1651 1.78306 NaN NaN NaN 173.15517 -112.86723 -16.56553 265.94540 -156.71515 -90.52761 NaN NaN NaN 70.63549 -132.47316 -34.81394 -19.08242 -146.74185 -128.45210
1652 1.79140 NaN NaN NaN 173.14888 -112.85194 -16.55950 265.95956 -156.70557 -90.53596 NaN NaN NaN 70.64186 -132.46315 -34.81783 -19.07898 -146.71294 -128.51494
1653 1.79974 NaN NaN NaN 173.15016 -112.83879 -16.56817 265.95306 -156.70413 -90.53964 NaN NaN NaN 70.62855 -132.45628 -34.81890 -19.08793 -146.71642 -128.47899
1654 1.80808 NaN NaN NaN 173.14180 -112.82430 -16.56157 265.96652 -156.69861 -90.53944 NaN NaN NaN 70.64119 -132.46271 -34.82061 -19.07146 -146.70918 -128.47185
1655 1.81642 NaN NaN NaN 173.12984 -112.83868 -16.56741 265.95810 -156.68738 -90.52893 NaN NaN NaN 70.63406 -132.43178 -34.80658 -19.08059 -146.72801 -128.46988
1656 1.82476 NaN NaN NaN 173.13095 -112.82134 -16.55997 265.94937 -156.68419 -90.53883 NaN NaN NaN 70.63099 -132.43837 -34.80340 -19.06500 -146.72488 -128.46701
1657 1.83311 NaN NaN NaN 173.12973 -112.84309 -16.55443 265.94205 -156.67552 -90.53586 NaN NaN NaN 70.61560 -132.41634 -34.80731 -19.06294 -146.70993 -128.45869
1658 1.84145 NaN NaN NaN 173.13121 -112.84309 -16.56691 265.95758 -156.68234 -90.53394 NaN NaN NaN 70.62936 -132.42393 -34.81030 -19.05754 -146.70955 -128.47897
1659 1.84979 NaN NaN NaN 173.13583 -112.83783 -16.56654 265.94330 -156.67421 -90.53610 NaN NaN NaN 70.61877 -132.40836 -34.80376 -19.06202 -146.69597 -128.46153
1660 1.85813 NaN NaN NaN 173.14134 -112.83160 -16.56716 265.95767 -156.67607 -90.54362 NaN NaN NaN 70.63634 -132.42511 -34.81695 -19.06986 -146.69049 -128.45441
1661 1.86647 NaN NaN NaN 173.14592 -112.83158 -16.56723 265.95834 -156.65405 -90.53329 NaN NaN NaN 70.62922 -132.40379 -34.81233 -19.06450 -146.68729 -128.44949
1662 1.87482 NaN NaN NaN 173.14636 -112.82836 -16.56794 265.96408 -156.65678 -90.53934 NaN NaN NaN 70.64250 -132.41499 -34.81116 -19.08810 -146.71378 -128.44637
1663 1.88316 NaN NaN NaN 173.13417 -112.83465 -16.55581 265.96320 -156.63271 -90.54526 NaN NaN NaN 70.63367 -132.39987 -34.80724 -19.05943 -146.73090 -128.46701
1664 1.89150 NaN NaN NaN 173.13602 -112.84000 -16.57062 265.96429 -156.64864 -90.54132 NaN NaN NaN 70.64066 -132.41420 -34.80463 -19.05281 -146.72285 -128.45477
1665 1.89984 NaN NaN NaN 173.13297 -112.81825 -16.56775 265.94736 -156.63159 -90.53850 NaN NaN NaN 70.62913 -132.41585 -34.80239 -19.05138 -146.69850 -128.45763
1666 1.90818 NaN NaN NaN 173.13309 -112.80231 -16.55958 265.96405 -156.62924 -90.53850 NaN NaN NaN 70.62898 -132.41068 -34.81117 -19.06117 -146.71156 -128.44922
1667 1.91652 NaN NaN NaN 173.14151 -112.80467 -16.55754 265.95984 -156.64278 -90.54443 NaN NaN NaN 70.61411 -132.41545 -34.81179 -19.06315 -146.70787 -128.45238
1668 1.92487 NaN NaN NaN 173.13394 -112.80162 -16.55829 265.95447 -156.64940 -90.53666 NaN NaN NaN 70.61402 -132.41208 -34.81364 -19.07951 -146.70866 -128.45103
1669 1.93321 NaN NaN NaN 173.12503 -112.79328 -16.56374 265.97150 -156.64844 -90.52476 NaN NaN NaN 70.61610 -132.39978 -34.80874 -19.07156 -146.69887 -128.45238
1670 1.94155 NaN NaN NaN 173.13609 -112.81612 -16.55682 265.95554 -156.64293 -90.52956 NaN NaN NaN 70.62804 -132.40408 -34.81128 -19.10037 -146.71651 -128.44952
1671 1.94989 NaN NaN NaN 173.15952 -112.82572 -16.56076 265.95914 -156.64468 -90.53645 NaN NaN NaN 70.61543 -132.40114 -34.80773 -19.07656 -146.72673 -128.46100
1672 1.95823 NaN NaN NaN 173.14594 -112.82145 -16.54912 265.96759 -156.65787 -90.53236 NaN NaN NaN 70.62029 -132.41063 -34.80940 -19.06465 -146.72243 -128.46979
1673 1.96657 NaN NaN NaN 173.14951 -112.81992 -16.55264 265.96622 -156.64885 -90.52898 NaN NaN NaN 70.62553 -132.40723 -34.79436 -19.09157 -146.69717 -128.45963
1674 1.97492 NaN NaN NaN 173.14774 -112.83003 -16.55110 265.96658 -156.66422 -90.52750 NaN NaN NaN 70.63062 -132.40958 -34.80532 -19.08213 -146.69994 -128.44577
1675 1.98326 NaN NaN NaN 173.16093 -112.82900 -16.54643 265.95810 -156.66638 -90.51900 NaN NaN NaN 70.62186 -132.41115 -34.80421 -19.07184 -146.71194 -128.44220
1676 1.99160 NaN NaN NaN 173.15710 -112.82142 -16.54645 265.96457 -156.67365 -90.52509 NaN NaN NaN 70.62051 -132.41919 -34.79997 -19.06215 -146.72290 -128.44728
1677 1.99994 NaN NaN NaN 173.16298 -112.81145 -16.55559 265.97974 -156.64774 -90.53844 NaN NaN NaN 70.61694 -132.42131 -34.79058 -19.06655 -146.73805 -128.45074
1678 2.00828 NaN NaN NaN 173.15350 -112.80506 -16.54478 265.96674 -156.65471 -90.53466 NaN NaN NaN 70.62944 -132.41962 -34.80098 -19.06343 -146.74121 -128.44736
1679 2.01663 NaN NaN NaN 173.15475 -112.80322 -16.53709 265.98074 -156.62865 -90.53224 NaN NaN NaN 70.62251 -132.42479 -34.79895 -19.07099 -146.72855 -128.44112
1680 2.02497 NaN NaN NaN 173.15504 -112.81852 -16.54301 265.96677 -156.65904 -90.52656 NaN NaN NaN 70.62720 -132.43451 -34.78565 -19.08288 -146.71275 -128.44308
1681 2.03331 NaN NaN NaN 173.15759 -112.82573 -16.55099 265.98599 -156.64188 -90.52006 NaN NaN NaN 70.63099 -132.42351 -34.79283 -19.07112 -146.68335 -128.44559
1682 2.04165 NaN NaN NaN 173.16048 -112.82359 -16.53522 265.99277 -156.67218 -90.51965 NaN NaN NaN 70.64919 -132.42059 -34.80887 -19.07098 -146.69600 -128.44629
1683 2.04999 NaN NaN NaN 173.15895 -112.81892 -16.54393 265.99332 -156.65776 -90.52847 NaN NaN NaN 70.63139 -132.41615 -34.80443 -19.05945 -146.72508 -128.45764
1684 2.05833 NaN NaN NaN 173.15979 -112.81901 -16.55688 265.98865 -156.66542 -90.52911 NaN NaN NaN 70.64108 -132.41174 -34.80109 -19.05929 -146.74309 -128.44331
1685 2.06668 NaN NaN NaN 173.16727 -112.83791 -16.55788 265.99350 -156.65709 -90.52961 NaN NaN NaN 70.63789 -132.41547 -34.80021 -19.06161 -146.76308 -128.44083
1686 2.07502 NaN NaN NaN 173.15498 -112.83673 -16.55591 265.98645 -156.64348 -90.53527 NaN NaN NaN 70.64095 -132.44504 -34.80173 -19.05876 -146.74602 -128.43828
1687 2.08336 NaN NaN NaN 173.16074 -112.84852 -16.55767 265.98471 -156.63229 -90.54070 NaN NaN NaN 70.63326 -132.43787 -34.79870 -19.05764 -146.72287 -128.43336
1688 2.09170 NaN NaN NaN 173.16647 -112.83626 -16.55320 265.99567 -156.64270 -90.53012 NaN NaN NaN 70.65079 -132.44812 -34.79753 -19.05988 -146.71710 -128.43478
1689 2.10004 NaN NaN NaN 173.16473 -112.84102 -16.55098 265.98868 -156.63913 -90.53212 NaN NaN NaN 70.63272 -132.43149 -34.79517 -19.06278 -146.70549 -128.46150
1690 2.10839 NaN NaN NaN 173.16673 -112.84587 -16.56031 265.97781 -156.66982 -90.53392 NaN NaN NaN 70.63708 -132.41316 -34.80062 -19.06406 -146.72276 -128.45236
1691 2.11673 NaN NaN NaN 173.16632 -112.83540 -16.55910 265.98639 -156.65823 -90.52840 NaN NaN NaN 70.63186 -132.41524 -34.79730 -19.07363 -146.72957 -128.46550
1692 2.12507 NaN NaN NaN 173.15866 -112.83443 -16.55645 265.98703 -156.66885 -90.52017 NaN NaN NaN 70.63708 -132.41940 -34.80230 -19.07178 -146.72961 -128.43704
1693 2.13341 NaN NaN NaN 173.15898 -112.82755 -16.56111 265.97153 -156.67598 -90.51924 NaN NaN NaN 70.62337 -132.41946 -34.79297 -19.07253 -146.72510 -128.42673
1694 2.14175 NaN NaN NaN 173.15253 -112.83752 -16.56270 265.97430 -156.68832 -90.52510 NaN NaN NaN 70.62125 -132.43443 -34.78498 -19.08569 -146.73116 -128.43921
1695 2.15009 NaN NaN NaN 173.15570 -112.83633 -16.55899 265.98553 -156.66130 -90.52206 NaN NaN NaN 70.61256 -132.43669 -34.79276 -19.07180 -146.75349 -128.45772
1696 2.15844 NaN NaN NaN 173.15169 -112.84681 -16.54822 265.98730 -156.66933 -90.51547 NaN NaN NaN 70.62381 -132.42955 -34.80345 -19.08185 -146.73105 -128.45053
1697 2.16678 NaN NaN NaN 173.15440 -112.83173 -16.53729 265.97202 -156.66928 -90.51988 NaN NaN NaN 70.61774 -132.42363 -34.79816 -19.06244 -146.72844 -128.43961
1698 2.17512 NaN NaN NaN 173.15021 -112.83128 -16.54188 265.96075 -156.67810 -90.52650 NaN NaN NaN 70.61324 -132.44154 -34.78981 -19.07272 -146.73189 -128.44077
1699 2.18346 NaN NaN NaN 173.13177 -112.82804 -16.52920 265.95929 -156.67818 -90.52500 NaN NaN NaN 70.60409 -132.43134 -34.79339 -19.06651 -146.74281 -128.44298
1700 2.19180 NaN NaN NaN 173.14215 -112.83874 -16.53490 265.96039 -156.69330 -90.53120 NaN NaN NaN 70.61462 -132.42760 -34.79374 -19.08615 -146.73210 -128.44730
1701 2.20014 NaN NaN NaN 173.14879 -112.84102 -16.54072 265.96466 -156.69174 -90.52205 NaN NaN NaN 70.62144 -132.42384 -34.80278 -19.05200 -146.73157 -128.46138
1702 2.20849 NaN NaN NaN 173.14000 -112.83366 -16.53951 265.96768 -156.69476 -90.51666 NaN NaN NaN 70.63071 -132.42221 -34.81176 -19.06602 -146.73190 -128.45311
1703 2.21683 NaN NaN NaN 173.14778 -112.85850 -16.54045 265.95053 -156.69136 -90.52314 NaN NaN NaN 70.61913 -132.43889 -34.80125 -19.09524 -146.71585 -128.44919
1704 2.22517 NaN NaN NaN 173.14990 -112.84792 -16.52686 265.95563 -156.70731 -90.52363 NaN NaN NaN 70.61256 -132.44482 -34.80227 -19.08065 -146.71651 -128.46977
1705 2.23351 NaN NaN NaN 173.13942 -112.85723 -16.53278 265.95740 -156.69460 -90.51167 NaN NaN NaN 70.61964 -132.43796 -34.79537 -19.07701 -146.70796 -128.45380
1706 2.24185 NaN NaN NaN 173.14597 -112.84647 -16.54219 265.96548 -156.68695 -90.52355 NaN NaN NaN 70.63433 -132.43987 -34.81086 -19.07135 -146.73694 -128.43851
1707 2.25020 NaN NaN NaN 173.13435 -112.83838 -16.55070 265.96274 -156.68269 -90.53465 NaN NaN NaN 70.62079 -132.43095 -34.80954 -19.08599 -146.73074 -128.44641
1708 2.25854 NaN NaN NaN 173.14026 -112.83833 -16.54267 265.97067 -156.68951 -90.52570 NaN NaN NaN 70.63464 -132.41745 -34.81324 -19.07735 -146.73624 -128.44720
1709 2.26688 NaN NaN NaN 173.15062 -112.85373 -16.54071 265.96103 -156.69350 -90.52079 NaN NaN NaN 70.62530 -132.42232 -34.80389 -19.10216 -146.69414 -128.46039
1710 2.27522 NaN NaN NaN 173.14804 -112.84782 -16.54825 265.96957 -156.69415 -90.51624 NaN NaN NaN 70.63778 -132.40883 -34.80695 -19.09184 -146.68103 -128.46025
1711 2.28356 NaN NaN NaN 173.15753 -112.85320 -16.55103 265.96033 -156.70557 -90.52328 NaN NaN NaN 70.63995 -132.40976 -34.80757 -19.07434 -146.68208 -128.46863
1712 2.29190 NaN NaN NaN 173.15469 -112.84573 -16.54732 265.97809 -156.69885 -90.52617 NaN NaN NaN 70.64243 -132.41737 -34.81178 -19.07698 -146.71072 -128.45770
1713 2.30025 NaN NaN NaN 173.14877 -112.85920 -16.55226 265.98489 -156.66803 -90.53046 NaN NaN NaN 70.63182 -132.42290 -34.81072 -19.05917 -146.73056 -128.47458
1714 2.30859 NaN NaN NaN 173.16159 -112.84708 -16.54394 265.98926 -156.65921 -90.52276 NaN NaN NaN 70.64003 -132.43129 -34.80419 -19.04507 -146.75406 -128.44470
1715 2.31693 NaN NaN NaN 173.17198 -112.84808 -16.54383 265.97360 -156.64810 -90.52627 NaN NaN NaN 70.62554 -132.43723 -34.78994 -19.07430 -146.73334 -128.43431
1716 2.32527 NaN NaN NaN 173.17007 -112.83394 -16.54978 265.97119 -156.68362 -90.51281 NaN NaN NaN 70.62837 -132.43344 -34.80486 -19.07543 -146.72981 -128.43947
1717 2.33361 NaN NaN NaN 173.16095 -112.84063 -16.54348 265.96606 -156.73570 -90.50811 NaN NaN NaN 70.62754 -132.43291 -34.80448 -19.07204 -146.70415 -128.44975
1718 2.34196 NaN NaN NaN 173.17415 -112.84522 -16.54780 265.98709 -156.72704 -90.50332 NaN NaN NaN 70.63428 -132.43683 -34.80527 -19.05206 -146.71765 -128.46671
1719 2.35030 NaN NaN NaN 173.18158 -112.84468 -16.52331 265.98386 -156.72508 -90.50143 NaN NaN NaN 70.62291 -132.44447 -34.79994 -19.05751 -146.71973 -128.45966
1720 2.35864 NaN NaN NaN 173.18211 -112.81647 -16.51892 265.99268 -156.71773 -90.49608 NaN NaN NaN 70.63744 -132.45807 -34.80085 -19.04955 -146.72978 -128.45045
1721 2.36698 NaN NaN NaN 173.17657 -112.82236 -16.53221 265.99402 -156.70288 -90.49015 NaN NaN NaN 70.62282 -132.44002 -34.79076 -19.05154 -146.71558 -128.44806
1722 2.37532 NaN NaN NaN 173.18094 -112.82843 -16.54374 265.98175 -156.69347 -90.50634 NaN NaN NaN 70.63735 -132.44725 -34.80394 -19.06460 -146.72659 -128.44730
1723 2.38366 NaN NaN NaN 173.18483 -112.82127 -16.53004 265.97714 -156.70221 -90.49319 NaN NaN NaN 70.64259 -132.46835 -34.79538 -19.04169 -146.74800 -128.46576
1724 2.39201 NaN NaN NaN 173.17818 -112.81846 -16.52419 265.99249 -156.70880 -90.49585 NaN NaN NaN 70.65450 -132.45662 -34.80507 -19.04587 -146.75945 -128.44742
1725 2.40035 NaN NaN NaN 173.17635 -112.80957 -16.52598 266.00345 -156.72028 -90.47999 NaN NaN NaN 70.63940 -132.45784 -34.81031 -19.03480 -146.73636 -128.44221
1726 2.40869 NaN NaN NaN 173.19005 -112.83255 -16.53779 266.00690 -156.72495 -90.48615 NaN NaN NaN 70.64602 -132.45502 -34.81532 -19.06130 -146.72929 -128.44911
1727 2.41703 NaN NaN NaN 173.18732 -112.82753 -16.52763 266.00507 -156.71336 -90.48705 NaN NaN NaN 70.64558 -132.46983 -34.79897 -19.04450 -146.71091 -128.47667
1728 2.42537 NaN NaN NaN 173.17137 -112.81525 -16.51468 266.00003 -156.72346 -90.48854 NaN NaN NaN 70.65130 -132.46504 -34.80253 -19.05563 -146.71581 -128.46432
1729 2.43371 NaN NaN NaN 173.18465 -112.82381 -16.51584 266.00809 -156.71931 -90.48374 NaN NaN NaN 70.64411 -132.46814 -34.80045 -19.03873 -146.75168 -128.48389
1730 2.44206 NaN NaN NaN 173.18245 -112.82477 -16.52038 265.99673 -156.71135 -90.48186 NaN NaN NaN 70.64582 -132.47372 -34.81033 -19.03719 -146.76643 -128.45848
1731 2.45040 NaN NaN NaN 173.17488 -112.84553 -16.52611 265.98001 -156.73093 -90.47942 NaN NaN NaN 70.64124 -132.48106 -34.80409 -19.04814 -146.74257 -128.45683
1732 2.45874 NaN NaN NaN 173.18018 -112.84153 -16.52974 265.98035 -156.73195 -90.48632 NaN NaN NaN 70.63871 -132.47838 -34.81269 -19.05569 -146.74350 -128.44991
1733 2.46708 NaN NaN NaN 173.17961 -112.84761 -16.52005 265.97894 -156.73079 -90.48812 NaN NaN NaN 70.64400 -132.47865 -34.81263 -19.04253 -146.72639 -128.46890
1734 2.47542 NaN NaN NaN 173.17198 -112.84658 -16.51602 265.98624 -156.71951 -90.49699 NaN NaN NaN 70.63850 -132.46869 -34.81355 -19.04477 -146.71616 -128.48814
1735 2.48377 NaN NaN NaN 173.16739 -112.84404 -16.51573 265.99631 -156.72842 -90.49110 NaN NaN NaN 70.64380 -132.48965 -34.81357 -19.04072 -146.71269 -128.47127
1736 2.49211 NaN NaN NaN 173.17645 -112.83231 -16.51822 265.99020 -156.73332 -90.48178 NaN NaN NaN 70.65110 -132.48254 -34.81298 -19.06566 -146.70435 -128.50676
1737 2.50045 NaN NaN NaN 173.17766 -112.82850 -16.51194 265.97778 -156.73276 -90.47999 NaN NaN NaN 70.64561 -132.49055 -34.80532 -19.04120 -146.73766 -128.47556
1738 2.50879 NaN NaN NaN 173.16142 -112.82227 -16.52429 265.97403 -156.73805 -90.48486 NaN NaN NaN 70.64682 -132.47009 -34.81308 -19.05376 -146.75613 -128.47264
1739 2.51713 NaN NaN NaN 173.15268 -112.85210 -16.53753 265.97833 -156.74612 -90.48890 NaN NaN NaN 70.63400 -132.46625 -34.79985 -19.04521 -146.74654 -128.47174
1740 2.52547 NaN NaN NaN 173.14203 -112.85841 -16.53837 265.97104 -156.74113 -90.49194 NaN NaN NaN 70.64002 -132.46068 -34.80390 -19.05499 -146.74907 -128.44055
1741 2.53382 NaN NaN NaN 173.15546 -112.87704 -16.54027 265.96967 -156.75409 -90.48634 NaN NaN NaN 70.63371 -132.44830 -34.80567 -19.05844 -146.74086 -128.44708
1742 2.54216 NaN NaN NaN 173.15546 -112.86106 -16.53958 265.98413 -156.73817 -90.49165 NaN NaN NaN 70.65235 -132.45390 -34.81208 -19.09567 -146.74338 -128.44496
1743 2.55050 NaN NaN NaN 173.16548 -112.85990 -16.54342 265.98273 -156.70882 -90.49919 NaN NaN NaN 70.63640 -132.45671 -34.81282 -19.06653 -146.73650 -128.43971
1744 2.55884 NaN NaN NaN 173.16965 -112.84618 -16.54396 265.99182 -156.70747 -90.50010 NaN NaN NaN 70.64290 -132.45668 -34.80859 -19.06434 -146.73499 -128.44499
1745 2.56718 NaN NaN NaN 173.17004 -112.85203 -16.54569 265.98141 -156.69350 -90.51117 NaN NaN NaN 70.63822 -132.43916 -34.80058 -19.07761 -146.74577 -128.45526
1746 2.57553 NaN NaN NaN 173.15656 -112.83363 -16.55047 265.98026 -156.69110 -90.51893 NaN NaN NaN 70.64600 -132.44145 -34.80517 -19.04895 -146.74792 -128.43672
1747 2.58387 NaN NaN NaN 173.15869 -112.83440 -16.54720 265.98853 -156.67517 -90.50520 NaN NaN NaN 70.63807 -132.42665 -34.80946 -19.04214 -146.75082 -128.45599
1748 2.59221 NaN NaN NaN 173.16841 -112.83602 -16.54708 265.98712 -156.68623 -90.50620 NaN NaN NaN 70.64267 -132.41989 -34.81656 -19.03267 -146.73279 -128.46675
1749 2.60055 NaN NaN NaN 173.17992 -112.83753 -16.54351 265.99765 -156.67915 -90.50445 NaN NaN NaN 70.63400 -132.41043 -34.81140 -19.04337 -146.71722 -128.45218
1750 2.60889 NaN NaN NaN 173.15639 -112.83549 -16.54428 265.99551 -156.68636 -90.49412 NaN NaN NaN 70.64330 -132.44160 -34.80959 -19.05161 -146.73044 -128.46593
1751 2.61723 NaN NaN NaN 173.16171 -112.83269 -16.54650 265.98752 -156.68999 -90.48952 NaN NaN NaN 70.64255 -132.43427 -34.81028 -19.05546 -146.74153 -128.46883
1752 2.62558 NaN NaN NaN 173.15321 -112.82724 -16.54756 265.99536 -156.70564 -90.49156 NaN NaN NaN 70.63745 -132.42496 -34.81780 -19.05950 -146.72842 -128.44820
1753 2.63392 NaN NaN NaN 173.16310 -112.83051 -16.53966 265.99973 -156.68391 -90.50092 NaN NaN NaN 70.62653 -132.43323 -34.80692 -19.05437 -146.72122 -128.45033
1754 2.64226 NaN NaN NaN 173.16034 -112.82196 -16.54085 265.98935 -156.69443 -90.50583 NaN NaN NaN 70.63443 -132.42216 -34.81063 -19.05716 -146.72998 -128.46797
1755 2.65060 NaN NaN NaN 173.16081 -112.83205 -16.54227 265.98599 -156.67992 -90.49890 NaN NaN NaN 70.62676 -132.41174 -34.81142 -19.06481 -146.73152 -128.46724
1756 2.65894 NaN NaN NaN 173.16367 -112.82104 -16.52934 265.97989 -156.69019 -90.49749 NaN NaN NaN 70.63773 -132.40868 -34.81618 -19.06206 -146.73158 -128.43605
1757 2.66728 NaN NaN NaN 173.16951 -112.82524 -16.53909 265.98346 -156.67763 -90.49973 NaN NaN NaN 70.63247 -132.40686 -34.80486 -19.05975 -146.72089 -128.43745
1758 2.67563 NaN NaN NaN 173.15620 -112.81446 -16.54280 265.97949 -156.68279 -90.50281 NaN NaN NaN 70.63425 -132.39227 -34.81103 -19.05459 -146.73116 -128.42529
1759 2.68397 NaN NaN NaN 173.16902 -112.79743 -16.51967 265.97446 -156.68228 -90.49337 NaN NaN NaN 70.63080 -132.39354 -34.80566 -19.06672 -146.72443 -128.43390
1760 2.69231 NaN NaN NaN 173.16258 -112.79159 -16.52421 265.97482 -156.68938 -90.50219 NaN NaN NaN 70.62592 -132.38977 -34.79557 -19.06705 -146.72964 -128.44308
1761 2.70065 NaN NaN NaN 173.17084 -112.78357 -16.51621 265.98706 -156.66473 -90.49755 NaN NaN NaN 70.61419 -132.38509 -34.80014 -19.05581 -146.72520 -128.44016
1762 2.70899 NaN NaN NaN 173.15492 -112.78779 -16.53680 265.98370 -156.68230 -90.50880 NaN NaN NaN 70.62939 -132.39392 -34.80785 -19.06458 -146.72954 -128.43701
1763 2.71734 NaN NaN NaN 173.16563 -112.79330 -16.52230 265.98874 -156.66234 -90.50548 NaN NaN NaN 70.61883 -132.38412 -34.79439 -19.06921 -146.70088 -128.43463
1764 2.72568 NaN NaN NaN 173.16818 -112.80447 -16.53664 265.97391 -156.66232 -90.51856 NaN NaN NaN 70.63194 -132.39458 -34.79425 -19.07101 -146.69862 -128.44058
1765 2.73402 NaN NaN NaN 173.16833 -112.80991 -16.55060 265.98740 -156.65135 -90.52348 NaN NaN NaN 70.63699 -132.39249 -34.79832 -19.07462 -146.70102 -128.45068
1766 2.74236 NaN NaN NaN 173.17410 -112.81955 -16.54950 265.99249 -156.66969 -90.53122 NaN NaN NaN 70.64193 -132.39734 -34.80111 -19.07091 -146.70476 -128.43849
1767 2.75070 NaN NaN NaN 173.17915 -112.83089 -16.53878 265.99362 -156.66299 -90.51966 NaN NaN NaN 70.63496 -132.38840 -34.80012 -19.06181 -146.71440 -128.44946
1768 2.75904 NaN NaN NaN 173.17320 -112.82689 -16.54128 265.99783 -156.68315 -90.51192 NaN NaN NaN 70.64022 -132.39452 -34.81181 -19.04712 -146.72878 -128.42221
1769 2.76739 NaN NaN NaN 173.18225 -112.83969 -16.55460 265.99359 -156.67043 -90.52145 NaN NaN NaN 70.63782 -132.39859 -34.80741 -19.03814 -146.73738 -128.42482
1770 2.77573 NaN NaN NaN 173.17570 -112.83697 -16.55368 266.00259 -156.67305 -90.52465 NaN NaN NaN 70.65483 -132.41089 -34.80828 -19.04816 -146.74789 -128.42001
1771 2.78407 NaN NaN NaN 173.18057 -112.83070 -16.56739 266.00812 -156.65714 -90.53081 NaN NaN NaN 70.65352 -132.41391 -34.79842 -19.05022 -146.73686 -128.41766
1772 2.79241 NaN NaN NaN 173.16374 -112.82111 -16.55689 266.00491 -156.67448 -90.51813 NaN NaN NaN 70.65643 -132.41356 -34.80508 -19.05469 -146.72600 -128.43201
1773 2.80075 NaN NaN NaN 173.17018 -112.83260 -16.55670 265.99908 -156.68181 -90.52839 NaN NaN NaN 70.64242 -132.38626 -34.81137 -19.05681 -146.73021 -128.44829
1774 2.80910 NaN NaN NaN 173.15543 -112.83190 -16.55494 265.99582 -156.67812 -90.51517 NaN NaN NaN 70.63963 -132.39587 -34.80772 -19.05906 -146.70235 -128.43724
1775 2.81744 NaN NaN NaN 173.16595 -112.82692 -16.55578 266.00113 -156.65825 -90.51208 NaN NaN NaN 70.63482 -132.38730 -34.79884 -19.06546 -146.70723 -128.42824
1776 2.82578 NaN NaN NaN 173.15663 -112.81931 -16.55569 266.00116 -156.64926 -90.51757 NaN NaN NaN 70.63800 -132.38794 -34.80125 -19.07347 -146.72719 -128.43723
1777 2.83412 NaN NaN NaN 173.15947 -112.82960 -16.55291 265.99249 -156.64949 -90.52799 NaN NaN NaN 70.63169 -132.37959 -34.79938 -19.06123 -146.73547 -128.41870
1778 2.84246 NaN NaN NaN 173.17688 -112.82887 -16.54924 265.99048 -156.65938 -90.52697 NaN NaN NaN 70.63055 -132.37737 -34.79234 -19.05322 -146.75438 -128.42589
1779 2.85080 NaN NaN NaN 173.17828 -112.84259 -16.55899 265.98801 -156.64697 -90.52096 NaN NaN NaN 70.63218 -132.39470 -34.78933 -19.05988 -146.75604 -128.41957
1780 2.85915 NaN NaN NaN 173.16245 -112.85258 -16.55190 265.98300 -156.67313 -90.51524 NaN NaN NaN 70.63911 -132.40526 -34.78890 -19.05470 -146.76550 -128.42329
1781 2.86749 NaN NaN NaN 173.15686 -112.84724 -16.56237 265.98242 -156.65392 -90.53109 NaN NaN NaN 70.62547 -132.40138 -34.79336 -19.06357 -146.75787 -128.42613
1782 2.87583 NaN NaN NaN 173.15195 -112.82899 -16.55841 265.97852 -156.67110 -90.51973 NaN NaN NaN 70.62086 -132.40187 -34.79632 -19.08057 -146.74440 -128.43283
1783 2.88417 NaN NaN NaN 173.13864 -112.82816 -16.55218 265.97711 -156.64891 -90.53089 NaN NaN NaN 70.62093 -132.39703 -34.80244 -19.07322 -146.74203 -128.42303
1784 2.89251 NaN NaN NaN 173.13422 -112.82785 -16.55465 265.96823 -156.68211 -90.53343 NaN NaN NaN 70.63411 -132.41560 -34.81147 -19.08541 -146.74062 -128.42851
1785 2.90086 NaN NaN NaN 173.13356 -112.85194 -16.55790 265.95459 -156.66872 -90.52589 NaN NaN NaN 70.63285 -132.39865 -34.80719 -19.07748 -146.74109 -128.42937
1786 2.90920 NaN NaN NaN 173.13640 -112.85515 -16.56248 265.97256 -156.67140 -90.52225 NaN NaN NaN 70.63508 -132.41888 -34.81139 -19.07751 -146.73083 -128.42915
1787 2.91754 NaN NaN NaN 173.13858 -112.85384 -16.56149 265.95270 -156.68747 -90.52734 NaN NaN NaN 70.63013 -132.40326 -34.80307 -19.07521 -146.72429 -128.43481
1788 2.92588 NaN NaN NaN 173.14018 -112.84895 -16.56603 265.95898 -156.68883 -90.53488 NaN NaN NaN 70.62768 -132.40192 -34.80440 -19.09088 -146.71480 -128.44083
1789 2.93422 NaN NaN NaN 173.14870 -112.83675 -16.55512 265.95715 -156.67682 -90.53834 NaN NaN NaN 70.62956 -132.40520 -34.80109 -19.07624 -146.70143 -128.46806
1790 2.94256 NaN NaN NaN 173.14796 -112.84180 -16.56527 265.95050 -156.69061 -90.55204 NaN NaN NaN 70.63183 -132.39220 -34.80879 -19.08406 -146.71059 -128.45700
1791 2.95091 NaN NaN NaN 173.14078 -112.85462 -16.57123 265.94272 -156.68510 -90.54743 NaN NaN NaN 70.61909 -132.38518 -34.80080 -19.09735 -146.70773 -128.43004
1792 2.95925 NaN NaN NaN 173.13258 -112.83501 -16.57210 265.94864 -156.67827 -90.53836 NaN NaN NaN 70.62665 -132.38033 -34.80481 -19.12055 -146.71686 -128.43237
1793 2.96759 NaN NaN NaN 173.14029 -112.82756 -16.57978 265.94739 -156.66467 -90.53639 NaN NaN NaN 70.63332 -132.38312 -34.79988 -19.09821 -146.70296 -128.43822
1794 2.97593 NaN NaN NaN 173.13458 -112.82883 -16.58311 265.94473 -156.65562 -90.55597 NaN NaN NaN 70.63630 -132.38109 -34.80587 -19.09276 -146.71341 -128.44420
1795 2.98427 NaN NaN NaN 173.12521 -112.83961 -16.58666 265.94244 -156.63725 -90.54616 NaN NaN NaN 70.64014 -132.38817 -34.80228 -19.08977 -146.69780 -128.43448
1796 2.99261 NaN NaN NaN 173.14055 -112.84300 -16.58575 265.94699 -156.63196 -90.55926 NaN NaN NaN 70.63844 -132.37453 -34.80379 -19.09173 -146.71942 -128.42984
1797 3.00096 NaN NaN NaN 173.13927 -112.80928 -16.60341 265.95969 -156.61807 -90.55081 NaN NaN NaN 70.63224 -132.36749 -34.80786 -19.09081 -146.71898 -128.42673
1798 3.00930 NaN NaN NaN 173.12288 -112.81286 -16.60151 265.94614 -156.60861 -90.55973 NaN NaN NaN 70.63986 -132.34703 -34.80828 -19.08035 -146.70895 -128.42706
1799 3.01764 NaN NaN NaN 173.13004 -112.78819 -16.61787 265.93143 -156.59799 -90.56707 NaN NaN NaN 70.63095 -132.34813 -34.80637 -19.09273 -146.70578 -128.44037
1800 3.02598 NaN NaN NaN 173.12053 -112.78800 -16.60463 265.92361 -156.60881 -90.56875 NaN NaN NaN 70.62818 -132.34438 -34.82032 -19.09302 -146.69943 -128.42270
1801 3.03432 NaN NaN NaN 173.12706 -112.79221 -16.60913 265.94626 -156.63002 -90.55382 NaN NaN NaN 70.62366 -132.33415 -34.81002 -19.10780 -146.70979 -128.41621
1802 3.04267 NaN NaN NaN 173.13638 -112.81320 -16.59721 265.96161 -156.64534 -90.55457 NaN NaN NaN 70.62704 -132.34525 -34.80455 -19.09739 -146.73457 -128.43170
1803 3.05101 NaN NaN NaN 173.14209 -112.79647 -16.59191 265.96875 -156.62769 -90.54288 NaN NaN NaN 70.61607 -132.35089 -34.79972 -19.07570 -146.75046 -128.42371
1804 3.05935 NaN NaN NaN 173.14053 -112.79420 -16.58513 265.96225 -156.62740 -90.55956 NaN NaN NaN 70.62215 -132.36119 -34.80163 -19.07904 -146.73845 -128.41884
1805 3.06769 NaN NaN NaN 173.13593 -112.78567 -16.59317 265.96115 -156.60910 -90.55791 NaN NaN NaN 70.61695 -132.36208 -34.79965 -19.06557 -146.74194 -128.41190
1806 3.07603 NaN NaN NaN 173.13712 -112.80051 -16.59036 265.96387 -156.61142 -90.55462 NaN NaN NaN 70.62976 -132.36035 -34.80278 -19.07322 -146.74959 -128.42436
1807 3.08437 NaN NaN NaN 173.15182 -112.77879 -16.58733 265.97574 -156.60756 -90.55056 NaN NaN NaN 70.62943 -132.35846 -34.79737 -19.08164 -146.73746 -128.43642
1808 3.09272 NaN NaN NaN 173.14990 -112.78541 -16.57288 265.96994 -156.63210 -90.54672 NaN NaN NaN 70.63053 -132.34459 -34.80542 -19.08898 -146.72905 -128.44182
1809 3.10106 NaN NaN NaN 173.15558 -112.79006 -16.58428 265.97614 -156.63835 -90.54402 NaN NaN NaN 70.63602 -132.34555 -34.80763 -19.08955 -146.72214 -128.43414
1810 3.10940 NaN NaN NaN 173.14507 -112.78612 -16.57854 265.96768 -156.65242 -90.54366 NaN NaN NaN 70.63649 -132.33348 -34.81564 -19.08757 -146.72617 -128.43823
1811 3.11774 NaN NaN NaN 173.15971 -112.78316 -16.58413 265.96014 -156.64526 -90.54351 NaN NaN NaN 70.62112 -132.33116 -34.80963 -19.08932 -146.72824 -128.42822
1812 3.12608 NaN NaN NaN 173.13684 -112.77620 -16.57788 265.96191 -156.65454 -90.54693 NaN NaN NaN 70.62585 -132.33305 -34.81894 -19.08866 -146.73007 -128.43196
