Frame# Time LH1 LH2 LH3 RH1 RH2 RH3
X54 Y54 Z54 X55 Y55 Z55 X56 Y56 Z56 X57 Y57 Z57 X58 Y58 Z58 X59 Y59 Z59
41921 0.00124 NaN NaN NaN 162.26964 -98.84054 -26.20522 263.73550 -174.52647 -26.78304 NaN NaN NaN 13.75941 -138.99979 20.21880 -66.00449 -174.95967 -76.26724
41922 0.00957 NaN NaN NaN 162.25183 -98.81729 -26.19493 263.71561 -174.48941 -26.77003 NaN NaN NaN 13.73065 -138.93832 20.25473 -66.00684 -174.91629 -76.27161
41923 0.01790 NaN NaN NaN 162.24832 -98.77359 -26.16512 263.69534 -174.47079 -26.78405 NaN NaN NaN 13.70695 -138.90308 20.25423 -66.01102 -174.87463 -76.26705
41924 0.02623 NaN NaN NaN 162.23688 -98.77785 -26.14004 263.67615 -174.47113 -26.76661 NaN NaN NaN 13.68324 -138.87798 20.28041 -65.99641 -174.85374 -76.29021
41925 0.03456 NaN NaN NaN 162.21477 -98.77428 -26.13284 263.67572 -174.47768 -26.71839 NaN NaN NaN 13.67387 -138.84718 20.28562 -65.97129 -174.82294 -76.28214
41926 0.04289 NaN NaN NaN 162.20372 -98.78429 -26.11344 263.66525 -174.48412 -26.74363 NaN NaN NaN 13.66962 -138.85225 20.29854 -65.98215 -174.81157 -76.27808
41927 0.05122 NaN NaN NaN 162.19879 -98.79030 -26.12050 263.65891 -174.48456 -26.79475 NaN NaN NaN 13.66504 -138.86050 20.32094 -65.99802 -174.80969 -76.24848
41928 0.05956 NaN NaN NaN 162.19090 -98.81516 -26.12504 263.65482 -174.50264 -26.79841 NaN NaN NaN 13.66845 -138.88138 20.34172 -66.00735 -174.83434 -76.24645
41929 0.06789 NaN NaN NaN 162.18124 -98.82055 -26.14285 263.64758 -174.51085 -26.81446 NaN NaN NaN 13.67084 -138.91559 20.33878 -65.99704 -174.88284 -76.22742
41930 0.07622 NaN NaN NaN 162.14644 -98.83807 -26.16212 263.61908 -174.52948 -26.80835 NaN NaN NaN 13.65719 -138.95599 20.34735 -66.01314 -174.93747 -76.21745
41931 0.08455 NaN NaN NaN 162.14830 -98.83360 -26.19980 263.58188 -174.55739 -26.78673 NaN NaN NaN 13.66211 -139.01242 20.34561 -66.00778 -174.97791 -76.20807
41932 0.09288 NaN NaN NaN 162.10532 -98.87962 -26.25737 263.56006 -174.58514 -26.75435 NaN NaN NaN 13.66969 -139.06197 20.35085 -66.02731 -175.00615 -76.23205
41933 0.10121 NaN NaN NaN 162.07727 -98.92033 -26.28775 263.54761 -174.62845 -26.74209 NaN NaN NaN 13.66454 -139.11693 20.34274 -66.04735 -175.03954 -76.24070
41934 0.10954 NaN NaN NaN 162.06909 -98.96372 -26.32894 263.53278 -174.68929 -26.72093 NaN NaN NaN 13.68188 -139.19930 20.33580 -66.04085 -175.06693 -76.26146
41935 0.11787 NaN NaN NaN 162.06822 -99.02003 -26.37852 263.52411 -174.75363 -26.74021 NaN NaN NaN 13.70889 -139.26646 20.29809 -66.01696 -175.10158 -76.26923
41936 0.12621 NaN NaN NaN 162.03880 -99.08501 -26.43888 263.55139 -174.77438 -26.73099 NaN NaN NaN 13.73171 -139.31169 20.29801 -66.00063 -175.13606 -76.26524
41937 0.13454 NaN NaN NaN 162.02307 -99.14348 -26.50774 263.54471 -174.82909 -26.76534 NaN NaN NaN 13.77759 -139.36391 20.28031 -65.98119 -175.19881 -76.27368
41938 0.14287 NaN NaN NaN 161.99477 -99.19426 -26.58316 263.53674 -174.85655 -26.80038 NaN NaN NaN 13.80203 -139.42642 20.28971 -65.97624 -175.24422 -76.28086
41939 0.15120 NaN NaN NaN 161.98552 -99.24100 -26.66663 263.52789 -174.89629 -26.81093 NaN NaN NaN 13.83833 -139.47742 20.26275 -65.95480 -175.30544 -76.24942
41940 0.15953 NaN NaN NaN 161.95937 -99.28918 -26.69512 263.53070 -174.91847 -26.81259 NaN NaN NaN 13.86989 -139.51215 20.26424 -65.95141 -175.31488 -76.24003
41941 0.16786 NaN NaN NaN 161.93797 -99.39402 -26.81298 263.50775 -174.92633 -26.80501 NaN NaN NaN 13.88814 -139.52975 20.24671 -65.93872 -175.34938 -76.22328
41942 0.17619 NaN NaN NaN 161.90118 -99.45621 -26.87820 263.48544 -174.92587 -26.79487 NaN NaN NaN 13.92886 -139.53069 20.26617 -65.91656 -175.37578 -76.18613
41943 0.18452 NaN NaN NaN 161.92574 -99.43440 -26.91304 263.48700 -174.91370 -26.75638 NaN NaN NaN 13.95579 -139.50600 20.29018 -65.89996 -175.40962 -76.13586
41944 0.19286 NaN NaN NaN 161.90829 -99.40940 -26.93303 263.46707 -174.87547 -26.72511 NaN NaN NaN 13.99268 -139.51906 20.31914 -65.89695 -175.43739 -76.11002
41945 0.20119 NaN NaN NaN 161.91103 -99.35604 -26.96211 263.44351 -174.84018 -26.72286 NaN NaN NaN 14.02460 -139.49568 20.36706 -65.85983 -175.44504 -76.05187
41946 0.20952 NaN NaN NaN 161.90680 -99.30751 -26.97594 263.43933 -174.77231 -26.66748 NaN NaN NaN 14.01926 -139.47519 20.39002 -65.83963 -175.43872 -76.03668
41947 0.21785 NaN NaN NaN 161.92049 -99.27467 -26.98168 263.44894 -174.73170 -26.60036 NaN NaN NaN 14.00923 -139.44624 20.41871 -65.82718 -175.38646 -76.03407
41948 0.22618 NaN NaN NaN 161.91835 -99.25813 -26.95446 263.47125 -174.70308 -26.57892 NaN NaN NaN 14.01431 -139.40720 20.45055 -65.80424 -175.34833 -76.00935
41949 0.23451 NaN NaN NaN 161.93190 -99.21541 -26.92564 263.50677 -174.66716 -26.58438 NaN NaN NaN 14.00442 -139.32355 20.45308 -65.77171 -175.26881 -75.97441
41950 0.24284 NaN NaN NaN 161.91245 -99.14835 -26.88480 263.55063 -174.57202 -26.64791 NaN NaN NaN 13.99701 -139.21881 20.45061 -65.76511 -175.18065 -75.95367
41951 0.25117 NaN NaN NaN 161.93396 -99.08346 -26.86418 263.55563 -174.50830 -26.64645 NaN NaN NaN 13.98276 -139.11696 20.45697 -65.76917 -175.07918 -75.95950
41952 0.25951 NaN NaN NaN 161.96175 -98.91735 -26.77450 263.57269 -174.39938 -26.71188 NaN NaN NaN 13.97851 -139.02129 20.45657 -65.75584 -174.92299 -75.98882
41953 0.26784 NaN NaN NaN 161.96809 -98.78407 -26.70139 263.59860 -174.32106 -26.71668 NaN NaN NaN 13.95669 -138.87885 20.46926 -65.74941 -174.81572 -75.98565
41954 0.27617 NaN NaN NaN 161.94832 -98.70226 -26.63375 263.56613 -174.21300 -26.78102 NaN NaN NaN 13.95121 -138.69936 20.47025 -65.73743 -174.69173 -75.98053
41955 0.28450 NaN NaN NaN 161.93855 -98.60805 -26.55836 263.53586 -174.11163 -26.78639 NaN NaN NaN 13.93207 -138.53886 20.46670 -65.70681 -174.55971 -75.96146
41956 0.29283 NaN NaN NaN 161.92010 -98.50482 -26.48882 263.49417 -174.04085 -26.80375 NaN NaN NaN 13.95385 -138.38358 20.48570 -65.66837 -174.45779 -75.91940
41957 0.30116 NaN NaN NaN 161.88074 -98.43855 -26.40261 263.44312 -173.96278 -26.74385 NaN NaN NaN 13.96114 -138.20163 20.57052 -65.64850 -174.32513 -75.92652
41958 0.30949 NaN NaN NaN 161.84236 -98.37247 -26.35261 263.39548 -173.94673 -26.66893 NaN NaN NaN 13.93921 -138.07587 20.65356 -65.63343 -174.22601 -75.91800
41959 0.31783 NaN NaN NaN 161.79509 -98.30347 -26.27019 263.33017 -173.93608 -26.61769 NaN NaN NaN 13.92435 -137.96915 20.68571 -65.60473 -174.12358 -75.94622
41960 0.32616 NaN NaN NaN 161.73311 -98.30354 -26.25244 263.25781 -173.93835 -26.56023 NaN NaN NaN 13.88332 -137.86090 20.71341 -65.59518 -174.02568 -75.95166
41961 0.33449 NaN NaN NaN 161.69911 -98.33195 -26.23802 263.21646 -173.96104 -26.52032 NaN NaN NaN 13.81082 -137.73392 20.72735 -65.60648 -173.95345 -75.96025
41962 0.34282 NaN NaN NaN 161.68127 -98.37626 -26.22377 263.20090 -173.99249 -26.46307 NaN NaN NaN 13.75704 -137.69022 20.76369 -65.62585 -173.90443 -75.94333
41963 0.35115 NaN NaN NaN 161.61853 -98.48521 -26.19557 263.19327 -174.04422 -26.45029 NaN NaN NaN 13.70336 -137.68745 20.79326 -65.67477 -173.92076 -75.94169
41964 0.35948 NaN NaN NaN 161.58589 -98.58009 -26.15041 263.18048 -174.13211 -26.45360 NaN NaN NaN 13.63772 -137.77551 20.81293 -65.70113 -173.96043 -75.95244
41965 0.36781 NaN NaN NaN 161.54121 -98.68308 -26.11905 263.13641 -174.22307 -26.47922 NaN NaN NaN 13.56277 -137.90753 20.82601 -65.72129 -174.00851 -75.97098
41966 0.37614 NaN NaN NaN 161.50778 -98.84464 -26.12973 263.08502 -174.34073 -26.49217 NaN NaN NaN 13.49694 -138.07941 20.83366 -65.76447 -174.05467 -76.04426
41967 0.38448 NaN NaN NaN 161.46007 -99.02502 -26.09571 263.06689 -174.44678 -26.49560 NaN NaN NaN 13.41066 -138.26790 20.81536 -65.80590 -174.10773 -76.11826
41968 0.39281 NaN NaN NaN 161.42062 -99.15981 -26.06461 263.07028 -174.57118 -26.50284 NaN NaN NaN 13.33301 -138.45093 20.83019 -65.83016 -174.17992 -76.21197
41969 0.40114 NaN NaN NaN 161.43034 -99.23902 -26.01646 263.06104 -174.68291 -26.53217 NaN NaN NaN 13.22652 -138.64998 20.83885 -65.87810 -174.26871 -76.32436
41970 0.40947 NaN NaN NaN 161.40646 -99.38184 -25.96486 263.04764 -174.78307 -26.54918 NaN NaN NaN 13.16106 -138.84846 20.84497 -65.90628 -174.35966 -76.40727
41971 0.41780 NaN NaN NaN 161.40741 -99.51600 -25.92283 263.04324 -174.93184 -26.55279 NaN NaN NaN 13.05158 -139.07933 20.87026 -65.92270 -174.44453 -76.43108
41972 0.42613 NaN NaN NaN 161.39111 -99.62541 -25.88108 263.02628 -175.05371 -26.59535 NaN NaN NaN 12.93931 -139.26842 20.92308 -65.92290 -174.55721 -76.47658
41973 0.43446 NaN NaN NaN 161.36891 -99.75337 -25.85410 263.02704 -175.15314 -26.56952 NaN NaN NaN 12.87089 -139.47055 20.98409 -65.91661 -174.63348 -76.50363
41974 0.44279 NaN NaN NaN 161.31970 -99.91102 -25.82986 263.01254 -175.25009 -26.51220 NaN NaN NaN 12.77940 -139.63589 21.08139 -65.88661 -174.72197 -76.52946
41975 0.45113 NaN NaN NaN 161.31036 -100.02007 -25.79671 262.99585 -175.34969 -26.50224 NaN NaN NaN 12.67973 -139.79994 21.19858 -65.84237 -174.79704 -76.54034
41976 0.45946 NaN NaN NaN 161.32646 -100.07833 -25.74943 262.95728 -175.46199 -26.48866 NaN NaN NaN 12.56332 -139.94492 21.34918 -65.78358 -174.88882 -76.56705
41977 0.46779 NaN NaN NaN 161.31195 -100.10794 -25.65257 262.95120 -175.56728 -26.50802 NaN NaN NaN 12.46657 -140.09393 21.51364 -65.74320 -174.95924 -76.56402
41978 0.47612 NaN NaN NaN 161.29828 -100.16806 -25.58676 262.94003 -175.68207 -26.55285 NaN NaN NaN 12.36953 -140.24326 21.64201 -65.71857 -175.02426 -76.60033
41979 0.48445 NaN NaN NaN 161.28851 -100.29221 -25.50284 262.93625 -175.77222 -26.60390 NaN NaN NaN 12.21652 -140.42180 21.78618 -65.70823 -175.08440 -76.60807
41980 0.49278 NaN NaN NaN 161.27361 -100.44305 -25.44195 262.95950 -175.87088 -26.62566 NaN NaN NaN 12.06014 -140.60762 21.87252 -65.71191 -175.14645 -76.60599
41981 0.50111 NaN NaN NaN 161.28204 -100.58278 -25.35813 262.99448 -175.94685 -26.66964 NaN NaN NaN 11.93956 -140.76657 21.97644 -65.72191 -175.21381 -76.59143
41982 0.50945 NaN NaN NaN 161.28577 -100.73598 -25.30871 263.02222 -176.01961 -26.72580 NaN NaN NaN 11.80126 -140.95883 22.13671 -65.75422 -175.30440 -76.58587
41983 0.51778 NaN NaN NaN 161.29922 -100.82501 -25.24925 263.03311 -176.06932 -26.75694 NaN NaN NaN 11.67861 -141.11505 22.25147 -65.78374 -175.37294 -76.59071
41984 0.52611 NaN NaN NaN 161.27882 -100.89093 -25.23064 263.05566 -176.11134 -26.76602 NaN NaN NaN 11.55424 -141.29446 22.35037 -65.81397 -175.44514 -76.61211
41985 0.53444 NaN NaN NaN 161.27409 -100.86697 -25.21496 263.07193 -176.12054 -26.76563 NaN NaN NaN 11.47271 -141.45734 22.39338 -65.81769 -175.47147 -76.64294
41986 0.54277 NaN NaN NaN 161.25165 -100.88307 -25.21982 263.09183 -176.09538 -26.76303 NaN NaN NaN 11.41447 -141.53703 22.42726 -65.81629 -175.51469 -76.68403
41987 0.55110 NaN NaN NaN 161.25717 -100.85633 -25.18599 263.12027 -176.04311 -26.76013 NaN NaN NaN 11.32511 -141.59309 22.46915 -65.81177 -175.53319 -76.73357
41988 0.55943 NaN NaN NaN 161.26826 -100.83279 -25.17158 263.14221 -175.96793 -26.76550 NaN NaN NaN 11.26013 -141.68660 22.51059 -65.79802 -175.51685 -76.75822
41989 0.56776 NaN NaN NaN 161.28708 -100.79149 -25.16743 263.15533 -175.90526 -26.77218 NaN NaN NaN 11.23326 -141.72958 22.54012 -65.77592 -175.47824 -76.81026
41990 0.57610 NaN NaN NaN 161.33315 -100.71522 -25.17082 263.21368 -175.81920 -26.79625 NaN NaN NaN 11.21537 -141.75603 22.55894 -65.76689 -175.40549 -76.81734
41991 0.58443 NaN NaN NaN 161.38271 -100.60885 -25.16168 263.27908 -175.70471 -26.83972 NaN NaN NaN 11.21106 -141.73978 22.57957 -65.75240 -175.33076 -76.81126
41992 0.59276 NaN NaN NaN 161.43816 -100.48002 -25.17575 263.33704 -175.58812 -26.87918 NaN NaN NaN 11.20210 -141.72351 22.59907 -65.72243 -175.22993 -76.82918
41993 0.60109 NaN NaN NaN 161.46338 -100.36590 -25.20099 263.39227 -175.45753 -26.89035 NaN NaN NaN 11.17594 -141.68617 22.60801 -65.69148 -175.14627 -76.88963
41994 0.60942 NaN NaN NaN 161.49153 -100.27197 -25.20583 263.40436 -175.33192 -26.89661 NaN NaN NaN 11.11997 -141.66869 22.62429 -65.65794 -175.07162 -76.96440
41995 0.61775 NaN NaN NaN 161.47948 -100.18570 -25.21962 263.42023 -175.23265 -26.88567 NaN NaN NaN 11.08953 -141.65363 22.62386 -65.61962 -174.97456 -77.04294
41996 0.62608 NaN NaN NaN 161.49864 -100.07655 -25.26351 263.44193 -175.10611 -26.86215 NaN NaN NaN 11.09802 -141.63724 22.59675 -65.57589 -174.78331 -77.14189
41997 0.63441 NaN NaN NaN 161.48044 -99.97238 -25.36270 263.47168 -174.99097 -26.85796 NaN NaN NaN 11.09525 -141.58585 22.54777 -65.52849 -174.62178 -77.25446
41998 0.64275 NaN NaN NaN 161.45305 -99.86637 -25.46263 263.50253 -174.84122 -26.86900 NaN NaN NaN 11.14460 -141.53224 22.51312 -65.46743 -174.47981 -77.39977
41999 0.65108 NaN NaN NaN 161.43727 -99.75882 -25.56813 263.51678 -174.67680 -26.90381 NaN NaN NaN 11.18397 -141.46494 22.46726 -65.40920 -174.32074 -77.51853
42000 0.65941 NaN NaN NaN 161.37346 -99.81836 -25.72218 263.52841 -174.52783 -26.92746 NaN NaN NaN 11.24255 -141.39626 22.38788 -65.36320 -174.12535 -77.61103
42001 0.66774 NaN NaN NaN 161.33337 -99.76842 -25.86192 263.55515 -174.44325 -26.94190 NaN NaN NaN 11.30267 -141.30739 22.30248 -65.31657 -173.96356 -77.70671
42002 0.67607 NaN NaN NaN 161.29790 -99.72444 -25.96881 263.55942 -174.35419 -26.92998 NaN NaN NaN 11.35600 -141.27873 22.22105 -65.24459 -173.91249 -77.79215
42003 0.68440 NaN NaN NaN 161.25357 -99.73503 -26.12444 263.55304 -174.28973 -26.87247 NaN NaN NaN 11.44965 -141.23030 22.08475 -65.20034 -173.78098 -77.88110
42004 0.69273 NaN NaN NaN 161.17500 -99.76981 -26.28600 263.51584 -174.20775 -26.84393 NaN NaN NaN 11.57342 -141.12741 21.99981 -65.14663 -173.74141 -77.89722
42005 0.70107 NaN NaN NaN 161.03908 -99.78674 -26.43452 263.48087 -174.13829 -26.75755 NaN NaN NaN 11.67869 -141.04567 21.93866 -65.10128 -173.65947 -77.90757
42006 0.70940 NaN NaN NaN 160.93553 -99.82030 -26.50288 263.43637 -174.06920 -26.70267 NaN NaN NaN 11.77884 -140.95303 21.88310 -65.02038 -173.58116 -77.89647
42007 0.71773 NaN NaN NaN 160.85669 -99.80170 -26.64079 263.41101 -174.02074 -26.69079 NaN NaN NaN 11.90977 -140.83083 21.83836 -64.94264 -173.60316 -77.88695
42008 0.72606 NaN NaN NaN 160.79321 -99.76048 -26.75319 263.35025 -173.97556 -26.66965 NaN NaN NaN 11.99598 -140.74609 21.82559 -64.94122 -173.56268 -77.84251
42009 0.73439 NaN NaN NaN 160.68413 -99.76805 -26.88488 263.31180 -173.87515 -26.66740 NaN NaN NaN 12.04449 -140.72260 21.84370 -64.92051 -173.59419 -77.78748
42010 0.74272 NaN NaN NaN 160.62442 -99.73402 -26.99379 263.28967 -173.78284 -26.65966 NaN NaN NaN 12.05290 -140.69643 21.85904 -64.95556 -173.56317 -77.71915
42011 0.75105 NaN NaN NaN 160.59125 -99.64520 -27.10023 263.27798 -173.64386 -26.66181 NaN NaN NaN 12.07836 -140.65129 21.89480 -64.98454 -173.57089 -77.64526
42012 0.75938 NaN NaN NaN 160.55510 -99.52119 -27.22053 263.25809 -173.49591 -26.60527 NaN NaN NaN 12.08100 -140.59909 21.99338 -64.99982 -173.57397 -77.56502
42013 0.76772 NaN NaN NaN 160.49240 -99.37704 -27.24949 263.22202 -173.33429 -26.49941 NaN NaN NaN 12.08949 -140.55614 22.09840 -64.98409 -173.60056 -77.41704
42014 0.77605 NaN NaN NaN 160.45439 -99.29789 -27.42285 263.18118 -173.19888 -26.39781 NaN NaN NaN 12.03890 -140.46519 22.18068 -64.99494 -173.58960 -77.35233
42015 0.78438 NaN NaN NaN 160.40767 -99.12497 -27.48227 263.18491 -173.06998 -26.31854 NaN NaN NaN 11.97264 -140.37077 22.23061 -65.03996 -173.51292 -77.24954
42016 0.79271 NaN NaN NaN 160.34477 -98.98884 -27.51563 263.17731 -172.91344 -26.29873 NaN NaN NaN 11.91395 -140.29266 22.29320 -65.09920 -173.42393 -77.16344
42017 0.80104 NaN NaN NaN 160.31740 -98.88122 -27.52766 263.16397 -172.76257 -26.28036 NaN NaN NaN 11.85144 -140.20053 22.33010 -65.14350 -173.31908 -77.12215
42018 0.80937 NaN NaN NaN 160.29111 -98.82243 -27.54676 263.14536 -172.61656 -26.26933 NaN NaN NaN 11.82131 -140.09357 22.37058 -65.17751 -173.22478 -77.11871
42019 0.81770 NaN NaN NaN 160.24942 -98.73965 -27.58377 263.13205 -172.46553 -26.24627 NaN NaN NaN 11.78858 -139.94925 22.34738 -65.25932 -173.02332 -77.14024
42020 0.82603 NaN NaN NaN 160.16554 -98.73917 -27.69172 263.12582 -172.34225 -26.24795 NaN NaN NaN 11.78369 -139.79053 22.30775 -65.28964 -172.87181 -77.15562
42021 0.83437 NaN NaN NaN 160.08224 -98.68626 -27.81502 263.11749 -172.17307 -26.27350 NaN NaN NaN 11.83344 -139.60037 22.24328 -65.26657 -172.79410 -77.10205
42022 0.84270 NaN NaN NaN 160.00812 -98.61941 -27.92917 263.11304 -172.01878 -26.31020 NaN NaN NaN 11.89226 -139.40892 22.19601 -65.24657 -172.75323 -77.06522
42023 0.85103 NaN NaN NaN 159.92651 -98.51489 -28.05257 263.09164 -171.86403 -26.32194 NaN NaN NaN 11.96271 -139.20552 22.09085 -65.25566 -172.67122 -77.03992
42024 0.85936 NaN NaN NaN 159.85977 -98.43918 -28.16665 263.05057 -171.70969 -26.32659 NaN NaN NaN 12.00631 -139.01845 22.03034 -65.29104 -172.56769 -77.02363
42025 0.86769 NaN NaN NaN 159.80663 -98.30341 -28.28785 263.01694 -171.55405 -26.34983 NaN NaN NaN 12.07263 -138.83299 21.95940 -65.33649 -172.48146 -77.01068
42026 0.87602 NaN NaN NaN 159.76001 -98.24028 -28.38131 262.98611 -171.45215 -26.35370 NaN NaN NaN 12.14808 -138.68733 21.90658 -65.34734 -172.41982 -76.97893
42027 0.88435 NaN NaN NaN 159.72624 -98.17565 -28.43987 262.96796 -171.36720 -26.32977 NaN NaN NaN 12.24751 -138.51277 21.81099 -65.35789 -172.36858 -76.95474
42028 0.89268 NaN NaN NaN 159.67903 -98.17375 -28.44300 262.93759 -171.29878 -26.30952 NaN NaN NaN 12.31376 -138.38997 21.79344 -65.36317 -172.35014 -76.91522
42029 0.90102 NaN NaN NaN 159.68210 -98.13083 -28.38439 262.91287 -171.21642 -26.28036 NaN NaN NaN 12.35095 -138.28442 21.78252 -65.38420 -172.32492 -76.87302
42030 0.90935 NaN NaN NaN 159.67361 -98.09652 -28.27263 262.90079 -171.18199 -26.21487 NaN NaN NaN 12.38172 -138.22681 21.83667 -65.40510 -172.34554 -76.80716
42031 0.91768 NaN NaN NaN 159.64655 -98.03607 -28.04050 262.88443 -171.20633 -26.13367 NaN NaN NaN 12.42846 -138.17909 21.86230 -65.39719 -172.45917 -76.68758
42032 0.92601 NaN NaN NaN 159.64595 -98.01500 -27.63418 262.89514 -171.22530 -25.98028 NaN NaN NaN 12.47253 -138.13194 21.89344 -65.43960 -172.52888 -76.51089
42033 0.93434 NaN NaN NaN 159.64928 -98.03394 -27.18093 262.89682 -171.21255 -25.80173 NaN NaN NaN 12.53950 -138.11565 21.93641 -65.45627 -172.64526 -76.32922
42034 0.94267 NaN NaN NaN 159.65167 -98.05298 -26.76487 262.86838 -171.23962 -25.57696 NaN NaN NaN 12.58105 -138.10254 21.97431 -65.52245 -172.76958 -76.09409
42035 0.95100 NaN NaN NaN 159.66663 -98.02952 -26.34384 262.83560 -171.28917 -25.38643 NaN NaN NaN 12.61314 -138.08601 22.05183 -65.63999 -172.95685 -75.89968
42036 0.95934 NaN NaN NaN 159.63177 -97.94433 -25.93107 262.78018 -171.30321 -25.16179 NaN NaN NaN 12.62549 -138.13110 22.15479 -65.74741 -173.14919 -75.73994
42037 0.96767 NaN NaN NaN 159.54137 -97.94897 -25.59712 262.71957 -171.32549 -24.97005 NaN NaN NaN 12.61437 -138.19093 22.25070 -65.85966 -173.33012 -75.58317
42038 0.97600 NaN NaN NaN 159.41411 -98.04778 -25.22149 262.59485 -171.30928 -24.72216 NaN NaN NaN 12.55318 -138.30669 22.33295 -66.00169 -173.49220 -75.40086
42039 0.98433 NaN NaN NaN 159.35738 -97.84437 -24.93673 262.45889 -171.28439 -24.45776 NaN NaN NaN 12.49226 -138.41479 22.42551 -66.14791 -173.67690 -75.20214
42040 0.99266 NaN NaN NaN 159.30321 -97.66307 -24.77990 262.29935 -171.26790 -24.19674 NaN NaN NaN 12.39348 -138.54871 22.51962 -66.25729 -173.80621 -75.01208
42041 1.00099 NaN NaN NaN 159.15372 -97.54353 -24.66903 262.11600 -171.23111 -23.97571 NaN NaN NaN 12.28654 -138.71289 22.59947 -66.36631 -173.97391 -74.89700
42042 1.00932 NaN NaN NaN 158.96155 -97.37854 -24.55897 261.91089 -171.11330 -23.72173 NaN NaN NaN 12.17151 -138.90637 22.68295 -66.49711 -174.11855 -74.79585
42043 1.01765 NaN NaN NaN 158.73047 -97.31425 -24.47384 261.63553 -170.95627 -23.46274 NaN NaN NaN 12.08699 -139.05457 22.73412 -66.61611 -174.20543 -74.74494
42044 1.02599 NaN NaN NaN 158.48068 -97.08387 -24.42439 261.37936 -170.74718 -23.24231 NaN NaN NaN 12.01038 -139.16298 22.70372 -66.72205 -174.30089 -74.68446
42045 1.03432 NaN NaN NaN 158.22093 -96.80723 -24.43677 261.10147 -170.52303 -23.02142 NaN NaN NaN 11.99037 -139.29611 22.68154 -66.81631 -174.38634 -74.68391
42046 1.04265 NaN NaN NaN 157.86124 -96.46764 -24.52398 260.73056 -170.19859 -22.76190 NaN NaN NaN 11.99392 -139.40706 22.63777 -66.90152 -174.44342 -74.68237
42047 1.05098 NaN NaN NaN 157.58076 -96.03389 -24.63583 260.34335 -169.84213 -22.58451 NaN NaN NaN 12.05008 -139.44418 22.58729 -66.97758 -174.48561 -74.63573
42048 1.05931 NaN NaN NaN 157.26779 -95.54520 -24.78490 259.95667 -169.49181 -22.46929 NaN NaN NaN 12.10864 -139.44577 22.50349 -67.07667 -174.51004 -74.51667
42049 1.06764 NaN NaN NaN 156.94177 -95.04361 -24.95715 259.54694 -169.06795 -22.29841 NaN NaN NaN 12.22248 -139.36916 22.44715 -67.15283 -174.58678 -74.40331
42050 1.07597 NaN NaN NaN 156.62108 -94.51106 -25.19066 259.15408 -168.67017 -22.15688 NaN NaN NaN 12.34684 -139.29196 22.38689 -67.24747 -174.68359 -74.27957
42051 1.08430 NaN NaN NaN 156.34589 -93.93317 -25.44097 258.73947 -168.27124 -21.99896 NaN NaN NaN 12.44938 -139.22353 22.35994 -67.35271 -174.77473 -74.12515
42052 1.09264 NaN NaN NaN 156.14125 -93.27984 -25.75265 258.34442 -167.83981 -21.84927 NaN NaN NaN 12.54761 -139.16615 22.35008 -67.40852 -174.85623 -73.93306
42053 1.10097 NaN NaN NaN 155.94865 -92.61677 -26.07981 257.95303 -167.41101 -21.74592 NaN NaN NaN 12.62101 -139.03746 22.33751 -67.48280 -174.99513 -73.72780
42054 1.10930 NaN NaN NaN 155.79774 -92.03727 -26.35968 257.65091 -167.02177 -21.70667 NaN NaN NaN 12.73510 -138.91743 22.35917 -67.52490 -175.08983 -73.48517
42055 1.11763 NaN NaN NaN 155.70505 -91.46710 -26.70067 257.43417 -166.65337 -21.73856 NaN NaN NaN 12.80206 -138.78439 22.41923 -67.56011 -175.19678 -73.26171
42056 1.12596 NaN NaN NaN 155.64862 -90.98363 -26.97929 257.23245 -166.33353 -21.71153 NaN NaN NaN 12.84692 -138.73190 22.48911 -67.57877 -175.30380 -73.11090
42057 1.13429 NaN NaN NaN 155.62210 -90.58553 -27.25865 257.07767 -166.08806 -21.73737 NaN NaN NaN 12.86520 -138.67766 22.56866 -67.58760 -175.36902 -72.97751
42058 1.14262 NaN NaN NaN 155.66029 -90.19920 -27.48589 257.00851 -165.83148 -21.81138 NaN NaN NaN 12.85140 -138.67293 22.66932 -67.60736 -175.39305 -72.84980
42059 1.15096 NaN NaN NaN 155.77322 -89.94223 -27.75624 256.99506 -165.62587 -21.90334 NaN NaN NaN 12.82307 -138.62720 22.83167 -67.60435 -175.41147 -72.70925
42060 1.15929 NaN NaN NaN 155.82159 -89.73748 -28.06342 257.03207 -165.49850 -22.04180 NaN NaN NaN 12.79871 -138.54373 22.95385 -67.62122 -175.43388 -72.60327
42061 1.16762 NaN NaN NaN 155.93517 -89.54657 -28.30298 257.12543 -165.39594 -22.26729 NaN NaN NaN 12.76547 -138.46931 23.04039 -67.63139 -175.43527 -72.47169
42062 1.17595 NaN NaN NaN 156.02885 -89.46916 -28.43057 257.24911 -165.29581 -22.63100 NaN NaN NaN 12.70763 -138.43213 23.12992 -67.63882 -175.44885 -72.36338
42063 1.18428 NaN NaN NaN 156.14339 -89.43578 -28.52354 257.38889 -165.20148 -22.99112 NaN NaN NaN 12.65397 -138.36497 23.22022 -67.68079 -175.41292 -72.30914
42064 1.19261 NaN NaN NaN 156.25298 -89.44424 -28.62261 257.54007 -165.16432 -23.42009 NaN NaN NaN 12.56371 -138.29091 23.31053 -67.70302 -175.36302 -72.29837
42065 1.20094 NaN NaN NaN 156.36282 -89.43605 -28.75974 257.69580 -165.06477 -23.89096 NaN NaN NaN 12.48915 -138.24089 23.35366 -67.73660 -175.23192 -72.32597
42066 1.20927 NaN NaN NaN 156.43469 -89.38007 -28.98489 257.80316 -164.94348 -24.23879 NaN NaN NaN 12.38695 -138.18224 23.36577 -67.78191 -175.07129 -72.35348
42067 1.21761 NaN NaN NaN 156.43297 -89.32304 -29.23641 257.84402 -164.82674 -24.57216 NaN NaN NaN 12.31696 -138.09552 23.36476 -67.83473 -174.93097 -72.38254
42068 1.22594 NaN NaN NaN 156.41588 -89.20000 -29.52648 257.89041 -164.68707 -24.87376 NaN NaN NaN 12.26938 -137.94597 23.38323 -67.86776 -174.79279 -72.40286
42069 1.23427 NaN NaN NaN 156.42497 -89.02287 -29.80393 257.92798 -164.49007 -25.14186 NaN NaN NaN 12.25086 -137.79236 23.35329 -67.90883 -174.67198 -72.41114
42070 1.24260 NaN NaN NaN 156.43321 -88.83420 -30.01565 257.96466 -164.31429 -25.37138 NaN NaN NaN 12.32734 -137.58130 23.28901 -67.96931 -174.52757 -72.36092
42071 1.25093 NaN NaN NaN 156.43437 -88.70255 -30.21499 257.97662 -164.15385 -25.54604 NaN NaN NaN 12.50708 -137.27917 23.13967 -68.03938 -174.36082 -72.29297
42072 1.25926 NaN NaN NaN 156.45636 -88.60278 -30.34534 258.00803 -163.99985 -25.67278 NaN NaN NaN 12.71789 -136.94028 22.98286 -68.08501 -174.22975 -72.11416
42073 1.26759 NaN NaN NaN 156.45836 -88.57722 -30.36609 258.07529 -163.88313 -25.77347 NaN NaN NaN 12.94699 -136.60782 22.79384 -68.10339 -174.15820 -71.92143
42074 1.27592 NaN NaN NaN 156.49976 -88.55291 -30.35126 258.13977 -163.83029 -25.84893 NaN NaN NaN 13.16846 -136.22273 22.62131 -68.10377 -174.13284 -71.69360
42075 1.28426 NaN NaN NaN 156.52971 -88.53706 -30.26619 258.21536 -163.77954 -25.91273 NaN NaN NaN 13.45331 -135.87267 22.53889 -68.08540 -174.17667 -71.40662
42076 1.29259 NaN NaN NaN 156.62650 -88.49123 -30.12443 258.29855 -163.73878 -26.00556 NaN NaN NaN 13.72409 -135.52736 22.51633 -68.09097 -174.19064 -71.17639
42077 1.30092 NaN NaN NaN 156.73183 -88.44675 -29.96567 258.37314 -163.75717 -26.08120 NaN NaN NaN 13.92192 -135.24588 22.50248 -68.09686 -174.21956 -70.88284
42078 1.30925 NaN NaN NaN 156.81374 -88.41994 -29.84920 258.43259 -163.80786 -26.12910 NaN NaN NaN 14.01299 -135.04175 22.56222 -68.10025 -174.24893 -70.62411
42079 1.31758 NaN NaN NaN 156.89603 -88.43581 -29.79003 258.48331 -163.85532 -26.20977 NaN NaN NaN 14.10119 -134.93398 22.72224 -68.14163 -174.36057 -70.34337
42080 1.32591 NaN NaN NaN 156.96228 -88.45789 -29.74876 258.50870 -163.93599 -26.30002 NaN NaN NaN 14.12877 -134.86278 22.86004 -68.21314 -174.51920 -70.10873
42081 1.33424 NaN NaN NaN 157.01317 -88.49889 -29.70672 258.51532 -163.99782 -26.42242 NaN NaN NaN 14.10869 -134.88658 22.97195 -68.34090 -174.69934 -69.84190
42082 1.34258 NaN NaN NaN 157.07364 -88.56526 -29.69952 258.55966 -164.10545 -26.53308 NaN NaN NaN 14.08741 -134.98396 23.08870 -68.45599 -174.89828 -69.55936
42083 1.35091 NaN NaN NaN 157.11314 -88.65766 -29.69772 258.57333 -164.21432 -26.66124 NaN NaN NaN 14.01295 -135.09377 23.19840 -68.61918 -175.14832 -69.26110
42084 1.35924 NaN NaN NaN 157.15938 -88.77523 -29.69055 258.59027 -164.36719 -26.77279 NaN NaN NaN 13.92694 -135.24661 23.38174 -68.78821 -175.42267 -68.93993
42085 1.36757 NaN NaN NaN 157.19757 -88.88786 -29.70156 258.59006 -164.54419 -26.89543 NaN NaN NaN 13.85974 -135.46854 23.50179 -68.97383 -175.73473 -68.69373
42086 1.37590 NaN NaN NaN 157.22894 -88.97697 -29.70624 258.58331 -164.72623 -26.98967 NaN NaN NaN 13.83755 -135.69278 23.58044 -69.15976 -176.06082 -68.44007
42087 1.38423 NaN NaN NaN 157.23967 -89.08777 -29.71527 258.57690 -164.87492 -27.04394 NaN NaN NaN 13.85601 -135.89612 23.62252 -69.34291 -176.39500 -68.17294
42088 1.39256 NaN NaN NaN 157.25478 -89.24618 -29.75297 258.54230 -165.03876 -27.07857 NaN NaN NaN 13.94680 -136.06798 23.63570 -69.43990 -176.71898 -67.97043
42089 1.40089 NaN NaN NaN 157.22127 -89.37042 -29.81158 258.46100 -165.18243 -27.09217 NaN NaN NaN 14.06126 -136.17355 23.62950 -69.56094 -177.10806 -67.69913
42090 1.40923 NaN NaN NaN 157.18686 -89.45559 -29.91860 258.39917 -165.29868 -27.06366 NaN NaN NaN 14.28765 -136.22038 23.57527 -69.60239 -177.39908 -67.39973
42091 1.41756 NaN NaN NaN 157.12576 -89.52979 -30.09072 258.31180 -165.41234 -27.00621 NaN NaN NaN 14.60380 -136.17714 23.39251 -69.61987 -177.74358 -67.07912
42092 1.42589 NaN NaN NaN 157.08566 -89.54029 -30.20676 258.23657 -165.51883 -26.91823 NaN NaN NaN 15.00734 -136.06166 23.09635 -69.61269 -178.02681 -66.80589
42093 1.43422 NaN NaN NaN 156.99414 -89.64523 -30.33814 258.14240 -165.57912 -26.83606 NaN NaN NaN 15.49029 -135.92284 22.78779 -69.54623 -178.30240 -66.53276
42094 1.44255 NaN NaN NaN 156.93387 -89.74030 -30.42500 258.06354 -165.70291 -26.78322 NaN NaN NaN 15.94901 -135.75554 22.53508 -69.45800 -178.57941 -66.22514
42095 1.45088 NaN NaN NaN 156.88940 -89.84075 -30.47074 257.99088 -165.79172 -26.75509 NaN NaN NaN 16.40419 -135.59052 22.33767 -69.26624 -178.81168 -65.97444
42096 1.45921 NaN NaN NaN 156.86040 -89.96863 -30.51158 257.97180 -165.89514 -26.72860 NaN NaN NaN 16.78800 -135.46703 22.18966 -69.05206 -179.00108 -65.80511
42097 1.46754 NaN NaN NaN 156.82199 -90.11436 -30.49746 257.94540 -165.99728 -26.71973 NaN NaN NaN 17.18009 -135.38611 22.03149 -68.80616 -179.17551 -65.65154
42098 1.47588 NaN NaN NaN 156.75661 -90.24615 -30.53361 257.92017 -166.07663 -26.68926 NaN NaN NaN 17.58751 -135.30551 21.87048 -68.58900 -179.32542 -65.50441
42099 1.48421 NaN NaN NaN 156.70786 -90.32032 -30.53183 257.90015 -166.14917 -26.66728 NaN NaN NaN 17.93550 -135.18707 21.75179 -68.40933 -179.43185 -65.40279
42100 1.49254 NaN NaN NaN 156.68047 -90.37610 -30.52331 257.86307 -166.20201 -26.63855 NaN NaN NaN 18.22957 -135.12231 21.61468 -68.21680 -179.58894 -65.26772
42101 1.50087 NaN NaN NaN 156.63853 -90.38076 -30.53374 257.80267 -166.23405 -26.62614 NaN NaN NaN 18.47915 -135.05522 21.51349 -68.04520 -179.72346 -65.19041
42102 1.50920 NaN NaN NaN 156.56334 -90.38654 -30.56584 257.75720 -166.24391 -26.61284 NaN NaN NaN 18.67920 -134.96094 21.42482 -67.90049 -179.84607 -65.06099
42103 1.51753 NaN NaN NaN 156.46996 -90.38770 -30.63729 257.66730 -166.24399 -26.58752 NaN NaN NaN 18.89029 -134.90936 21.36151 -67.83819 -179.89240 -64.97069
42104 1.52586 NaN NaN NaN 156.37112 -90.36890 -30.75371 257.57016 -166.22401 -26.56646 NaN NaN NaN 19.05912 -134.85248 21.30036 -67.83248 -179.89696 -64.92532
42105 1.53419 NaN NaN NaN 156.22058 -90.35831 -30.91549 257.45831 -166.15451 -26.53980 NaN NaN NaN 19.15233 -134.79552 21.24112 -67.83941 -179.89563 -64.86298
42106 1.54253 NaN NaN NaN 156.11168 -90.33199 -31.01980 257.32346 -166.09506 -26.48607 NaN NaN NaN 19.21084 -134.74060 21.20638 -67.85024 -179.89999 -64.78513
42107 1.55086 NaN NaN NaN 155.98602 -90.29234 -31.11886 257.17691 -166.00342 -26.44662 NaN NaN NaN 19.23025 -134.65889 21.17780 -67.90846 -179.89180 -64.67049
42108 1.55919 NaN NaN NaN 155.81868 -90.15908 -31.23337 257.02295 -165.93102 -26.36024 NaN NaN NaN 19.24745 -134.53545 21.17125 -67.90668 -180.15593 -64.41878
42109 1.56752 NaN NaN NaN 155.66487 -90.07030 -31.33689 256.84076 -165.80838 -26.32804 NaN NaN NaN 19.26134 -134.36258 21.15486 -67.95970 -180.26865 -64.24599
42110 1.57585 NaN NaN NaN 155.52872 -89.95193 -31.45914 256.60730 -165.70433 -26.26221 NaN NaN NaN 19.26587 -134.23134 21.13536 -68.04489 -180.27841 -64.03580
42111 1.58418 NaN NaN NaN 155.34084 -89.71506 -31.59373 256.34305 -165.57840 -26.15094 NaN NaN NaN 19.26908 -134.08247 21.11540 -68.23691 -180.00754 -63.95560
42112 1.59251 NaN NaN NaN 155.11690 -89.47308 -31.80180 255.99655 -165.46309 -25.95991 NaN NaN NaN 19.32456 -133.89517 21.08474 -68.40227 -179.75343 -63.83100
42113 1.60085 NaN NaN NaN 154.89407 -89.10256 -31.99529 255.54257 -165.34303 -25.76270 NaN NaN NaN 19.37604 -133.65453 21.05232 -68.44311 -179.78941 -63.55294
42114 1.60918 NaN NaN NaN 154.63123 -88.63604 -32.38109 255.01697 -165.15315 -25.57699 NaN NaN NaN 19.47679 -133.33813 20.98770 -68.49999 -179.80632 -63.24302
42115 1.61751 NaN NaN NaN 154.32025 -88.10617 -32.77700 254.43275 -164.94667 -25.29290 NaN NaN NaN 19.58952 -133.00195 20.86476 -68.59245 -179.83823 -62.90984
42116 1.62584 NaN NaN NaN 153.97198 -87.52470 -33.22899 253.74855 -164.68132 -24.93111 NaN NaN NaN 19.76644 -132.60139 20.74031 -68.71494 -179.78857 -62.52125
42117 1.63417 NaN NaN NaN 153.63954 -86.89225 -33.61883 253.05367 -164.43694 -24.51813 NaN NaN NaN 19.98543 -132.15109 20.60259 -68.84334 -179.67650 -62.12637
42118 1.64250 NaN NaN NaN 153.34906 -86.24950 -33.96053 252.32590 -164.20190 -24.14842 NaN NaN NaN 20.20650 -131.67169 20.48963 -68.94746 -179.58087 -61.73223
42119 1.65083 NaN NaN NaN 153.04054 -85.66178 -34.34298 251.63249 -164.01036 -23.81241 NaN NaN NaN 20.45681 -131.14691 20.31018 -69.00990 -179.46945 -61.32218
42120 1.65916 NaN NaN NaN 152.75082 -85.02876 -34.68420 250.95779 -163.78300 -23.49232 NaN NaN NaN 20.73723 -130.60927 20.08328 -68.98055 -179.42239 -60.80129
42121 1.66750 NaN NaN NaN 152.45012 -84.41476 -34.95435 250.25075 -163.60152 -23.20798 NaN NaN NaN 21.04462 -130.09514 19.91241 -68.97627 -179.35161 -60.39396
42122 1.67583 NaN NaN NaN 152.17456 -83.79527 -35.19984 249.57521 -163.37534 -23.01327 NaN NaN NaN 21.35737 -129.61530 19.80363 -68.87272 -179.18094 -60.02042
42123 1.68416 NaN NaN NaN 151.95444 -83.24356 -35.43466 248.93114 -163.14066 -22.84179 NaN NaN NaN 21.68561 -129.15027 19.75731 -68.72987 -178.92838 -59.71904
42124 1.69249 NaN NaN NaN 151.65353 -82.66090 -35.78426 248.31265 -162.89024 -22.70578 NaN NaN NaN 21.98950 -128.65413 19.73063 -68.53091 -178.72348 -59.50166
42125 1.70082 NaN NaN NaN 151.37711 -82.21059 -36.07666 247.74573 -162.66409 -22.58599 NaN NaN NaN 22.30217 -128.17924 19.72517 -68.35202 -178.51161 -59.33336
42126 1.70915 NaN NaN NaN 151.08417 -81.83308 -36.56117 247.27959 -162.46811 -22.45311 NaN NaN NaN 22.62034 -127.72495 19.69632 -68.09217 -178.27090 -59.12823
42127 1.71748 NaN NaN NaN 150.86697 -81.51656 -36.85552 246.92824 -162.26559 -22.42701 NaN NaN NaN 22.93658 -127.27090 19.66726 -67.81409 -178.01537 -58.89226
42128 1.72581 NaN NaN NaN 150.81363 -81.19814 -36.99875 246.64687 -162.15564 -22.40246 NaN NaN NaN 23.25349 -126.79327 19.55782 -67.57190 -177.86076 -58.73461
42129 1.73415 NaN NaN NaN 150.80737 -80.93075 -37.08472 246.44907 -162.04068 -22.40579 NaN NaN NaN 23.58590 -126.34633 19.43716 -67.29426 -177.73433 -58.56213
42130 1.74248 NaN NaN NaN 150.74985 -80.86991 -37.21081 246.33459 -161.96382 -22.46259 NaN NaN NaN 23.96142 -125.86855 19.27495 -67.01508 -177.60638 -58.35480
42131 1.75081 NaN NaN NaN 150.68263 -80.91094 -37.18271 246.34445 -161.89987 -22.61807 NaN NaN NaN 24.36371 -125.39301 19.10251 -66.76061 -177.48024 -58.10802
42132 1.75914 NaN NaN NaN 150.62173 -80.95582 -37.25129 246.43330 -161.83318 -22.86321 NaN NaN NaN 24.75728 -124.88345 18.93084 -66.51329 -177.37837 -57.92505
42133 1.76747 NaN NaN NaN 150.57326 -80.96496 -37.33474 246.55316 -161.79408 -23.16231 NaN NaN NaN 25.07804 -124.45858 18.76261 -66.28793 -177.33136 -57.74854
42134 1.77580 NaN NaN NaN 150.52965 -81.01332 -37.39183 246.65662 -161.75481 -23.49139 NaN NaN NaN 25.40499 -124.09995 18.57552 -66.07522 -177.33347 -57.60365
42135 1.78413 NaN NaN NaN 150.44966 -81.02267 -37.55587 246.72466 -161.65562 -23.80253 NaN NaN NaN 25.74710 -123.80994 18.37930 -65.84485 -177.31854 -57.47046
42136 1.79247 NaN NaN NaN 150.42297 -80.98112 -37.67077 246.80263 -161.52759 -24.05730 NaN NaN NaN 26.04059 -123.56621 18.21077 -65.66651 -177.30888 -57.37464
42137 1.80080 NaN NaN NaN 150.38307 -80.96028 -37.79866 246.87744 -161.36661 -24.33416 NaN NaN NaN 26.30737 -123.36809 17.99082 -65.50195 -177.32083 -57.29686
42138 1.80913 NaN NaN NaN 150.35272 -80.94724 -37.91473 246.96544 -161.27774 -24.61833 NaN NaN NaN 26.50793 -123.22319 17.73290 -65.38761 -177.38548 -57.17920
42139 1.81746 NaN NaN NaN 150.25589 -81.05626 -38.01460 247.10591 -161.17900 -24.83064 NaN NaN NaN 26.68933 -123.07021 17.50280 -65.33366 -177.46808 -57.09453
42140 1.82579 NaN NaN NaN 150.18834 -81.16423 -38.06225 247.21658 -161.06535 -25.03780 NaN NaN NaN 26.85504 -122.98356 17.27125 -65.31307 -177.57616 -57.03881
42141 1.83412 NaN NaN NaN 150.22659 -81.18052 -37.98806 247.38091 -160.93753 -25.24329 NaN NaN NaN 26.97375 -122.92908 17.04434 -65.34320 -177.72699 -56.98625
42142 1.84245 NaN NaN NaN 150.26004 -81.24648 -37.89374 247.55771 -160.85454 -25.40427 NaN NaN NaN 27.04546 -122.92374 16.83719 -65.42464 -177.84421 -56.92673
42143 1.85078 NaN NaN NaN 150.28896 -81.29578 -37.80628 247.77785 -160.79932 -25.60458 NaN NaN NaN 27.07815 -122.91798 16.65042 -65.49191 -177.95970 -56.89470
42144 1.85912 NaN NaN NaN 150.35085 -81.41901 -37.65547 248.01558 -160.80260 -25.75553 NaN NaN NaN 27.07657 -122.97591 16.48318 -65.57329 -178.05353 -56.87739
42145 1.86745 NaN NaN NaN 150.46402 -81.67821 -37.40223 248.27206 -160.83160 -25.92697 NaN NaN NaN 27.07013 -123.03381 16.31292 -65.66882 -178.11349 -56.88262
42146 1.87578 NaN NaN NaN 150.57242 -81.87814 -37.19450 248.54623 -160.82767 -26.06658 NaN NaN NaN 27.07220 -123.11359 16.21287 -65.75151 -178.15451 -56.90279
42147 1.88411 NaN NaN NaN 150.73703 -82.07619 -37.02139 248.81500 -160.91347 -26.20032 NaN NaN NaN 27.10497 -123.13090 16.07921 -65.84718 -178.21802 -56.87511
42148 1.89244 NaN NaN NaN 150.88577 -82.24334 -36.99386 249.07431 -161.00029 -26.34230 NaN NaN NaN 27.15381 -123.13120 15.99121 -65.90541 -178.27702 -56.84752
42149 1.90077 NaN NaN NaN 151.09846 -82.44058 -36.75690 249.33394 -161.15256 -26.45520 NaN NaN NaN 27.19584 -123.12397 15.82215 -65.92757 -178.35582 -56.80277
42150 1.90910 NaN NaN NaN 151.29161 -82.61705 -36.56241 249.60268 -161.33337 -26.51961 NaN NaN NaN 27.24273 -123.03688 15.68005 -65.92700 -178.40840 -56.77412
42151 1.91743 NaN NaN NaN 151.52638 -82.81574 -36.37887 249.85367 -161.53242 -26.55352 NaN NaN NaN 27.35667 -122.93861 15.55488 -65.87516 -178.45123 -56.71202
42152 1.92577 NaN NaN NaN 151.78212 -83.02577 -36.22400 250.13000 -161.76463 -26.58103 NaN NaN NaN 27.49473 -122.83980 15.47217 -65.79943 -178.47440 -56.64598
42153 1.93410 NaN NaN NaN 151.99902 -83.20657 -36.02623 250.33539 -161.94675 -26.65265 NaN NaN NaN 27.65732 -122.69065 15.35899 -65.70114 -178.49147 -56.56806
42154 1.94243 NaN NaN NaN 152.24396 -83.35133 -35.82421 250.57570 -162.11780 -26.70912 NaN NaN NaN 27.85930 -122.54279 15.21267 -65.59485 -178.51080 -56.46797
42155 1.95076 NaN NaN NaN 152.49217 -83.47380 -35.63964 250.81180 -162.34328 -26.75864 NaN NaN NaN 28.04533 -122.38798 15.06761 -65.46410 -178.48994 -56.37271
42156 1.95909 NaN NaN NaN 152.73228 -83.54051 -35.43977 251.03786 -162.55588 -26.89271 NaN NaN NaN 28.25790 -122.17186 14.95592 -65.31725 -178.49620 -56.25203
42157 1.96742 NaN NaN NaN 152.97891 -83.60760 -35.26779 251.20160 -162.71312 -26.93890 NaN NaN NaN 28.45492 -121.94256 14.82495 -65.16695 -178.49896 -56.17158
42158 1.97575 NaN NaN NaN 153.18755 -83.71024 -35.10625 251.35600 -162.85695 -26.97516 NaN NaN NaN 28.67024 -121.74181 14.72216 -65.01215 -178.50345 -55.98803
42159 1.98409 NaN NaN NaN 153.34538 -83.77890 -34.94557 251.51469 -162.97177 -27.00237 NaN NaN NaN 28.87400 -121.58323 14.63807 -64.87189 -178.54459 -55.83109
42160 1.99242 NaN NaN NaN 153.55971 -83.80949 -34.72682 251.64482 -163.11588 -27.06304 NaN NaN NaN 29.10196 -121.40070 14.52826 -64.70470 -178.63240 -55.69654
42161 2.00075 NaN NaN NaN 153.71648 -83.82292 -34.56915 251.76953 -163.21640 -27.13704 NaN NaN NaN 29.28276 -121.18720 14.43771 -64.55708 -178.65173 -55.61137
42162 2.00908 NaN NaN NaN 153.81572 -83.89011 -34.43481 251.87186 -163.28703 -27.17929 NaN NaN NaN 29.40869 -120.99067 14.32280 -64.44061 -178.63127 -55.53039
42163 2.01741 NaN NaN NaN 153.89990 -83.97533 -34.30568 251.97949 -163.39598 -27.19433 NaN NaN NaN 29.60183 -120.81119 14.19286 -64.31586 -178.60168 -55.44798
42164 2.02574 NaN NaN NaN 154.00839 -84.04375 -34.16045 252.05887 -163.47241 -27.21827 NaN NaN NaN 29.76927 -120.66180 14.06506 -64.18907 -178.58936 -55.37000
42165 2.03407 NaN NaN NaN 154.07025 -84.14494 -33.98534 252.15154 -163.55338 -27.19161 NaN NaN NaN 29.89409 -120.53870 14.00420 -64.06263 -178.62866 -55.30336
42166 2.04240 NaN NaN NaN 154.15604 -84.22314 -33.82007 252.24254 -163.63615 -27.25191 NaN NaN NaN 30.01911 -120.47315 13.91801 -63.96109 -178.66373 -55.25106
42167 2.05074 NaN NaN NaN 154.21371 -84.31561 -33.71484 252.33099 -163.70087 -27.27402 NaN NaN NaN 30.12738 -120.36552 13.84694 -63.88127 -178.70650 -55.21332
42168 2.05907 NaN NaN NaN 154.26231 -84.38760 -33.63269 252.43153 -163.78763 -27.34731 NaN NaN NaN 30.24739 -120.31541 13.81194 -63.79766 -178.71979 -55.20010
42169 2.06740 NaN NaN NaN 154.33446 -84.44206 -33.53988 252.50258 -163.81017 -27.39063 NaN NaN NaN 30.32132 -120.23689 13.69229 -63.72617 -178.70427 -55.18687
42170 2.07573 NaN NaN NaN 154.35593 -84.51425 -33.49860 252.58995 -163.83794 -27.47406 NaN NaN NaN 30.41827 -120.20741 13.59497 -63.67623 -178.70183 -55.19860
42171 2.08406 NaN NaN NaN 154.41232 -84.56947 -33.46709 252.64270 -163.87344 -27.53790 NaN NaN NaN 30.53147 -120.17917 13.48679 -63.65741 -178.69637 -55.21441
42172 2.09239 NaN NaN NaN 154.45958 -84.61178 -33.46700 252.68907 -163.92477 -27.59668 NaN NaN NaN 30.62718 -120.17018 13.40419 -63.62155 -178.71280 -55.22587
42173 2.10072 NaN NaN NaN 154.46487 -84.66398 -33.45589 252.72379 -163.94006 -27.61928 NaN NaN NaN 30.65903 -120.16098 13.34370 -63.56483 -178.73347 -55.20551
42174 2.10905 NaN NaN NaN 154.47238 -84.67675 -33.50011 252.74191 -163.96770 -27.64897 NaN NaN NaN 30.75602 -120.11027 13.26534 -63.51881 -178.77116 -55.19756
42175 2.11739 NaN NaN NaN 154.45659 -84.67905 -33.52804 252.75980 -163.96721 -27.65835 NaN NaN NaN 30.80201 -120.06709 13.18651 -63.47600 -178.79060 -55.15892
42176 2.12572 NaN NaN NaN 154.40945 -84.72280 -33.57875 252.75330 -163.95744 -27.65638 NaN NaN NaN 30.90487 -120.05266 13.10488 -63.45263 -178.80385 -55.13034
42177 2.13405 NaN NaN NaN 154.40860 -84.73477 -33.56383 252.74684 -163.95802 -27.63424 NaN NaN NaN 30.95049 -120.02975 13.05237 -63.42564 -178.81323 -55.06885
42178 2.14238 NaN NaN NaN 154.41229 -84.76962 -33.55747 252.72833 -163.96338 -27.62663 NaN NaN NaN 30.97538 -120.01839 13.01219 -63.39663 -178.83849 -55.05066
42179 2.15071 NaN NaN NaN 154.40784 -84.78419 -33.53523 252.71979 -163.98671 -27.61061 NaN NaN NaN 31.01455 -119.98528 12.92984 -63.39318 -178.84171 -55.01019
42180 2.15904 NaN NaN NaN 154.37801 -84.80954 -33.54324 252.70410 -163.99664 -27.60104 NaN NaN NaN 31.07588 -119.89852 12.84400 -63.37272 -178.83838 -54.96270
42181 2.16737 NaN NaN NaN 154.33615 -84.83874 -33.50557 252.67424 -164.02095 -27.58818 NaN NaN NaN 31.12894 -119.78986 12.77554 -63.35667 -178.82974 -54.84933
42182 2.17570 NaN NaN NaN 154.29707 -84.87189 -33.49240 252.64507 -164.04176 -27.58109 NaN NaN NaN 31.16209 -119.71542 12.74217 -63.34710 -178.85561 -54.78902
42183 2.18404 NaN NaN NaN 154.27922 -84.89588 -33.47147 252.61633 -164.06647 -27.58332 NaN NaN NaN 31.18300 -119.66060 12.71921 -63.33121 -178.82988 -54.74116
42184 2.19237 NaN NaN NaN 154.24329 -84.89823 -33.47816 252.60350 -164.09564 -27.58934 NaN NaN NaN 31.19104 -119.62766 12.71030 -63.32852 -178.82741 -54.72260
42185 2.20070 NaN NaN NaN 154.21515 -84.91679 -33.41853 252.55989 -164.12024 -27.61146 NaN NaN NaN 31.20437 -119.58164 12.69524 -63.35003 -178.81958 -54.69083
42186 2.20903 NaN NaN NaN 154.15947 -84.91875 -33.42396 252.51659 -164.15063 -27.59062 NaN NaN NaN 31.20257 -119.53466 12.67162 -63.35586 -178.83398 -54.67128
42187 2.21736 NaN NaN NaN 154.14795 -84.95010 -33.38687 252.48819 -164.16403 -27.58703 NaN NaN NaN 31.20049 -119.48135 12.65308 -63.35757 -178.83331 -54.62836
42188 2.22569 NaN NaN NaN 154.12360 -84.93679 -33.44086 252.46378 -164.17723 -27.56083 NaN NaN NaN 31.19115 -119.41884 12.61724 -63.35705 -178.84538 -54.58625
42189 2.23402 NaN NaN NaN 154.08377 -84.93401 -33.43030 252.43443 -164.16463 -27.55371 NaN NaN NaN 31.19743 -119.35806 12.59329 -63.37379 -178.84676 -54.55942
42190 2.24236 NaN NaN NaN 154.01567 -84.99123 -33.46086 252.41870 -164.15056 -27.53907 NaN NaN NaN 31.18334 -119.30270 12.57313 -63.38597 -178.83698 -54.55299
42191 2.25069 NaN NaN NaN 153.97414 -84.99937 -33.45697 252.38393 -164.15768 -27.52488 NaN NaN NaN 31.20308 -119.24162 12.55175 -63.40757 -178.81772 -54.51287
42192 2.25902 NaN NaN NaN 153.93697 -84.99313 -33.47495 252.36136 -164.14780 -27.50282 NaN NaN NaN 31.19486 -119.15056 12.54770 -63.40574 -178.79575 -54.47184
42193 2.26735 NaN NaN NaN 153.91772 -84.95610 -33.44939 252.31757 -164.11604 -27.48539 NaN NaN NaN 31.19202 -119.03036 12.56185 -63.41497 -178.78419 -54.43000
42194 2.27568 NaN NaN NaN 153.85577 -84.92641 -33.46536 252.26614 -164.06921 -27.47330 NaN NaN NaN 31.21597 -118.92192 12.52193 -63.39167 -178.77095 -54.38945
42195 2.28401 NaN NaN NaN 153.82089 -84.87818 -33.47358 252.23154 -164.02049 -27.46336 NaN NaN NaN 31.21544 -118.84800 12.47352 -63.42337 -178.74263 -54.34998
42196 2.29234 NaN NaN NaN 153.78783 -84.85622 -33.47554 252.19273 -163.99136 -27.43767 NaN NaN NaN 31.21219 -118.74276 12.47374 -63.42268 -178.68562 -54.27765
42197 2.30067 NaN NaN NaN 153.77589 -84.78027 -33.48082 252.16696 -163.95992 -27.43135 NaN NaN NaN 31.24545 -118.66608 12.47617 -63.41897 -178.66141 -54.23843
42198 2.30901 NaN NaN NaN 153.73109 -84.74220 -33.48211 252.13310 -163.93069 -27.41593 NaN NaN NaN 31.23491 -118.60928 12.48411 -63.43163 -178.63309 -54.20576
42199 2.31734 NaN NaN NaN 153.68256 -84.66085 -33.49186 252.09319 -163.87357 -27.40463 NaN NaN NaN 31.23653 -118.57297 12.49316 -63.46268 -178.61055 -54.15536
42200 2.32567 NaN NaN NaN 153.63591 -84.60593 -33.49789 252.06126 -163.81755 -27.40565 NaN NaN NaN 31.22766 -118.50278 12.46955 -63.46594 -178.56403 -54.11797
42201 2.33400 NaN NaN NaN 153.60922 -84.57327 -33.47112 252.01822 -163.75815 -27.39268 NaN NaN NaN 31.21137 -118.40578 12.43459 -63.48818 -178.52519 -54.06859
42202 2.34233 NaN NaN NaN 153.58295 -84.52765 -33.50883 251.98396 -163.73494 -27.41049 NaN NaN NaN 31.21675 -118.31484 12.44261 -63.49234 -178.48666 -54.02188
42203 2.35066 NaN NaN NaN 153.55524 -84.49754 -33.50865 251.95094 -163.70815 -27.39659 NaN NaN NaN 31.21654 -118.22458 12.43333 -63.50593 -178.46495 -53.94744
42204 2.35899 NaN NaN NaN 153.52312 -84.48024 -33.52087 251.92039 -163.68767 -27.41621 NaN NaN NaN 31.22724 -118.12251 12.43443 -63.50453 -178.44608 -53.86846
42205 2.36732 NaN NaN NaN 153.50768 -84.45221 -33.54521 251.89011 -163.63559 -27.39792 NaN NaN NaN 31.22791 -118.04225 12.41960 -63.49545 -178.42113 -53.80936
42206 2.37566 NaN NaN NaN 153.50027 -84.41019 -33.55487 251.88179 -163.61717 -27.39253 NaN NaN NaN 31.23783 -118.01215 12.42061 -63.48767 -178.39648 -53.74636
42207 2.38399 NaN NaN NaN 153.48442 -84.37559 -33.54677 251.85268 -163.60179 -27.39915 NaN NaN NaN 31.23733 -117.96638 12.42151 -63.47885 -178.38234 -53.72202
42208 2.39232 NaN NaN NaN 153.46318 -84.33691 -33.55515 251.85646 -163.58394 -27.39703 NaN NaN NaN 31.23984 -117.91775 12.41286 -63.46602 -178.34258 -53.71193
42209 2.40065 NaN NaN NaN 153.45258 -84.32240 -33.53356 251.83136 -163.56981 -27.39079 NaN NaN NaN 31.25001 -117.83888 12.40031 -63.44225 -178.31924 -53.68525
42210 2.40898 NaN NaN NaN 153.47398 -84.31759 -33.53548 251.83217 -163.56090 -27.37748 NaN NaN NaN 31.28545 -117.76521 12.37036 -63.44538 -178.28419 -53.66883
42211 2.41731 NaN NaN NaN 153.48973 -84.34192 -33.53986 251.83339 -163.55219 -27.35922 NaN NaN NaN 31.32619 -117.67763 12.34544 -63.42223 -178.26466 -53.62930
42212 2.42564 NaN NaN NaN 153.49379 -84.31597 -33.53319 251.84843 -163.54781 -27.35685 NaN NaN NaN 31.35947 -117.62323 12.33584 -63.40522 -178.22536 -53.57932
42213 2.43398 NaN NaN NaN 153.49182 -84.31364 -33.54171 251.84961 -163.54710 -27.35036 NaN NaN NaN 31.38261 -117.58297 12.31724 -63.39048 -178.20474 -53.55984
42214 2.44231 NaN NaN NaN 153.51465 -84.30422 -33.55915 251.87540 -163.56206 -27.34974 NaN NaN NaN 31.41817 -117.54903 12.28605 -63.36122 -178.17560 -53.54253
42215 2.45064 NaN NaN NaN 153.52142 -84.30598 -33.54696 251.88297 -163.54063 -27.34027 NaN NaN NaN 31.48225 -117.51523 12.22682 -63.33837 -178.17415 -53.52036
42216 2.45897 NaN NaN NaN 153.55434 -84.34177 -33.53634 251.90437 -163.56349 -27.35429 NaN NaN NaN 31.53592 -117.46499 12.20061 -63.27784 -178.15366 -53.50600
42217 2.46730 NaN NaN NaN 153.57968 -84.35521 -33.54084 251.91771 -163.55206 -27.34131 NaN NaN NaN 31.64545 -117.36565 12.14972 -63.20325 -178.14774 -53.49747
42218 2.47563 NaN NaN NaN 153.57452 -84.38531 -33.55326 251.93462 -163.57542 -27.34196 NaN NaN NaN 31.74793 -117.32413 12.12186 -63.14500 -178.12785 -53.49436
42219 2.48396 NaN NaN NaN 153.60608 -84.36633 -33.56129 251.97716 -163.59038 -27.32952 NaN NaN NaN 31.80533 -117.27338 12.06913 -63.08946 -178.12279 -53.46858
42220 2.49229 NaN NaN NaN 153.60066 -84.37909 -33.55399 252.01314 -163.61217 -27.32498 NaN NaN NaN 31.85029 -117.23260 11.99247 -63.01151 -178.12973 -53.46843
42221 2.50063 NaN NaN NaN 153.61630 -84.41413 -33.55247 252.02594 -163.61551 -27.32458 NaN NaN NaN 31.91629 -117.19811 11.94968 -62.96562 -178.14412 -53.44448
42222 2.50896 NaN NaN NaN 153.63780 -84.49184 -33.53720 252.05180 -163.63809 -27.32964 NaN NaN NaN 31.97808 -117.18827 11.90859 -62.91403 -178.17308 -53.42986
42223 2.51729 NaN NaN NaN 153.67914 -84.54089 -33.51949 252.08582 -163.65378 -27.34270 NaN NaN NaN 32.05536 -117.20967 11.88574 -62.86783 -178.19707 -53.43568
42224 2.52562 NaN NaN NaN 153.71362 -84.59865 -33.51075 252.14009 -163.71373 -27.36060 NaN NaN NaN 32.14172 -117.22021 11.83459 -62.83651 -178.20183 -53.43103
42225 2.53395 NaN NaN NaN 153.73990 -84.61340 -33.49852 252.18242 -163.73415 -27.37780 NaN NaN NaN 32.19559 -117.22134 11.79835 -62.79351 -178.21715 -53.43240
42226 2.54228 NaN NaN NaN 153.76614 -84.65540 -33.49483 252.20975 -163.75568 -27.39217 NaN NaN NaN 32.24657 -117.22141 11.77801 -62.74945 -178.23889 -53.44083
42227 2.55061 NaN NaN NaN 153.80457 -84.70289 -33.47621 252.24454 -163.80402 -27.38976 NaN NaN NaN 32.26339 -117.21152 11.75331 -62.72694 -178.27081 -53.45310
42228 2.55894 NaN NaN NaN 153.85942 -84.70284 -33.49248 252.26479 -163.85361 -27.39272 NaN NaN NaN 32.30657 -117.21792 11.72132 -62.69931 -178.29996 -53.46343
42229 2.56728 NaN NaN NaN 153.89453 -84.70064 -33.50351 252.28815 -163.89467 -27.41236 NaN NaN NaN 32.32648 -117.22698 11.69203 -62.68589 -178.33887 -53.47194
42230 2.57561 NaN NaN NaN 153.90578 -84.72622 -33.49936 252.32759 -163.92438 -27.42428 NaN NaN NaN 32.37307 -117.26221 11.68301 -62.65579 -178.33495 -53.48495
42231 2.58394 NaN NaN NaN 153.95044 -84.74334 -33.49850 252.35295 -163.93852 -27.45814 NaN NaN NaN 32.40478 -117.30090 11.67389 -62.63483 -178.34656 -53.51190
42232 2.59227 NaN NaN NaN 154.00812 -84.78228 -33.47409 252.37268 -163.94751 -27.47769 NaN NaN NaN 32.44393 -117.32725 11.65879 -62.60748 -178.34833 -53.53307
42233 2.60060 NaN NaN NaN 154.04834 -84.78003 -33.48637 252.38652 -163.97490 -27.49076 NaN NaN NaN 32.45872 -117.34327 11.65349 -62.58463 -178.37801 -53.53519
42234 2.60893 NaN NaN NaN 154.07817 -84.80868 -33.50365 252.41325 -164.01955 -27.50453 NaN NaN NaN 32.48166 -117.36765 11.63083 -62.56030 -178.37263 -53.56087
42235 2.61726 NaN NaN NaN 154.08762 -84.81432 -33.48416 252.41667 -164.02902 -27.51906 NaN NaN NaN 32.49865 -117.38591 11.61787 -62.55660 -178.40265 -53.57990
42236 2.62560 NaN NaN NaN 154.09105 -84.80410 -33.48444 252.43843 -164.07341 -27.51849 NaN NaN NaN 32.51963 -117.40041 11.59059 -62.52331 -178.41623 -53.60030
42237 2.63393 NaN NaN NaN 154.09834 -84.83176 -33.47679 252.46548 -164.07721 -27.53324 NaN NaN NaN 32.51974 -117.41589 11.57338 -62.52959 -178.44756 -53.59404
42238 2.64226 NaN NaN NaN 154.12787 -84.83679 -33.48024 252.48007 -164.10794 -27.55187 NaN NaN NaN 32.53483 -117.41743 11.55986 -62.51412 -178.46088 -53.60388
42239 2.65059 NaN NaN NaN 154.14021 -84.85754 -33.42989 252.49046 -164.11603 -27.57489 NaN NaN NaN 32.54056 -117.43874 11.55317 -62.51104 -178.46356 -53.59752
42240 2.65892 NaN NaN NaN 154.16367 -84.85101 -33.45528 252.51384 -164.15526 -27.60206 NaN NaN NaN 32.55389 -117.42075 11.54428 -62.49996 -178.46332 -53.60545
42241 2.66725 NaN NaN NaN 154.16068 -84.87331 -33.41413 252.53419 -164.17728 -27.63569 NaN NaN NaN 32.55920 -117.42653 11.53589 -62.51907 -178.45358 -53.62032
42242 2.67558 NaN NaN NaN 154.17216 -84.88938 -33.39884 252.55582 -164.17952 -27.64447 NaN NaN NaN 32.57722 -117.43212 11.52619 -62.49540 -178.44519 -53.61477
42243 2.68391 NaN NaN NaN 154.18005 -84.93506 -33.35913 252.54501 -164.19328 -27.66674 NaN NaN NaN 32.58445 -117.43901 11.52360 -62.50542 -178.44395 -53.62584
42244 2.69225 NaN NaN NaN 154.17247 -84.98356 -33.36369 252.56801 -164.18431 -27.66310 NaN NaN NaN 32.60213 -117.43961 11.51416 -62.49176 -178.45700 -53.62785
42245 2.70058 NaN NaN NaN 154.18196 -84.95170 -33.34898 252.56435 -164.18373 -27.67038 NaN NaN NaN 32.60937 -117.42274 11.50570 -62.49863 -178.44652 -53.62701
42246 2.70891 NaN NaN NaN 154.18983 -84.95541 -33.35127 252.58881 -164.18088 -27.67589 NaN NaN NaN 32.63144 -117.40437 11.47909 -62.48101 -178.43665 -53.62849
42247 2.71724 NaN NaN NaN 154.20622 -84.89799 -33.32427 252.58595 -164.17683 -27.68685 NaN NaN NaN 32.64721 -117.36670 11.44895 -62.47165 -178.42400 -53.62745
42248 2.72557 NaN NaN NaN 154.24194 -84.86091 -33.32342 252.59441 -164.18030 -27.68750 NaN NaN NaN 32.64328 -117.33121 11.43845 -62.46728 -178.38889 -53.63154
42249 2.73390 NaN NaN NaN 154.23689 -84.83891 -33.30922 252.59071 -164.15775 -27.70164 NaN NaN NaN 32.65292 -117.31901 11.46084 -62.46856 -178.37848 -53.63596
42250 2.74223 NaN NaN NaN 154.22734 -84.84049 -33.30647 252.59612 -164.14389 -27.69323 NaN NaN NaN 32.63829 -117.30586 11.43688 -62.46030 -178.34448 -53.63212
42251 2.75056 NaN NaN NaN 154.22385 -84.85059 -33.29288 252.59790 -164.13489 -27.70552 NaN NaN NaN 32.66777 -117.32218 11.45180 -62.46460 -178.33890 -53.63099
42252 2.75890 NaN NaN NaN 154.24391 -84.85532 -33.30357 252.61180 -164.11325 -27.70572 NaN NaN NaN 32.68233 -117.29016 11.43513 -62.45520 -178.31836 -53.62989
42253 2.76723 NaN NaN NaN 154.23164 -84.85013 -33.29928 252.62009 -164.11650 -27.70270 NaN NaN NaN 32.69588 -117.27321 11.43283 -62.44405 -178.29111 -53.62902
42254 2.77556 NaN NaN NaN 154.22618 -84.83654 -33.29319 252.61389 -164.10240 -27.70192 NaN NaN NaN 32.69809 -117.24912 11.42009 -62.45090 -178.28894 -53.61237
42255 2.78389 NaN NaN NaN 154.20668 -84.81786 -33.28984 252.60126 -164.09094 -27.69221 NaN NaN NaN 32.68948 -117.20665 11.40108 -62.44995 -178.27849 -53.61542
42256 2.79222 NaN NaN NaN 154.21161 -84.80516 -33.29326 252.62009 -164.06207 -27.69885 NaN NaN NaN 32.68533 -117.19485 11.40309 -62.46183 -178.25609 -53.61665
42257 2.80055 NaN NaN NaN 154.20804 -84.78940 -33.30141 252.60310 -164.03093 -27.69549 NaN NaN NaN 32.69091 -117.17691 11.39182 -62.45582 -178.23047 -53.63101
42258 2.80888 NaN NaN NaN 154.20891 -84.76604 -33.29315 252.59851 -164.02644 -27.70806 NaN NaN NaN 32.69159 -117.15382 11.37642 -62.43954 -178.20195 -53.61964
42259 2.81721 NaN NaN NaN 154.19402 -84.76363 -33.31260 252.59315 -164.01909 -27.70388 NaN NaN NaN 32.68574 -117.12856 11.39831 -62.44239 -178.20052 -53.62033
42260 2.82555 NaN NaN NaN 154.19330 -84.76740 -33.29221 252.59456 -164.02797 -27.70254 NaN NaN NaN 32.68380 -117.11252 11.36471 -62.44735 -178.19241 -53.60545
42261 2.83388 NaN NaN NaN 154.19461 -84.77969 -33.30235 252.58167 -164.01518 -27.69274 NaN NaN NaN 32.68914 -117.07418 11.34715 -62.44299 -178.19009 -53.59295
42262 2.84221 NaN NaN NaN 154.19460 -84.78493 -33.29011 252.58908 -164.01518 -27.69871 NaN NaN NaN 32.67703 -117.05299 11.34277 -62.44344 -178.18378 -53.58175
42263 2.85054 NaN NaN NaN 154.18436 -84.78480 -33.29158 252.56906 -164.01588 -27.70675 NaN NaN NaN 32.67242 -117.02116 11.33584 -62.44851 -178.17853 -53.57722
42264 2.85887 NaN NaN NaN 154.18053 -84.78609 -33.28420 252.56496 -164.01790 -27.70834 NaN NaN NaN 32.67239 -117.02350 11.33178 -62.44881 -178.17801 -53.57967
42265 2.86720 NaN NaN NaN 154.15833 -84.78669 -33.29087 252.56245 -164.00629 -27.70824 NaN NaN NaN 32.67128 -117.04167 11.35348 -62.45531 -178.17744 -53.59220
42266 2.87553 NaN NaN NaN 154.16246 -84.76327 -33.27322 252.55469 -164.00240 -27.66041 NaN NaN NaN 32.67430 -117.05220 11.34550 -62.46087 -178.18700 -53.57419
42267 2.88387 NaN NaN NaN 154.14743 -84.75755 -33.26061 252.54997 -163.99255 -27.66768 NaN NaN NaN 32.67167 -117.05567 11.34918 -62.46377 -178.19565 -53.57960
42268 2.89220 NaN NaN NaN 154.12863 -84.75758 -33.25718 252.53673 -163.98158 -27.64202 NaN NaN NaN 32.66134 -117.05293 11.33451 -62.46222 -178.20667 -53.57042
42269 2.90053 NaN NaN NaN 154.12770 -84.77238 -33.26862 252.53615 -163.97339 -27.63735 NaN NaN NaN 32.65038 -117.04109 11.36526 -62.47614 -178.19087 -53.58169
42270 2.90886 NaN NaN NaN 154.10052 -84.81194 -33.27518 252.53026 -163.99004 -27.63490 NaN NaN NaN 32.64597 -117.04532 11.33839 -62.47569 -178.20457 -53.57965
42271 2.91719 NaN NaN NaN 154.07339 -84.83463 -33.27058 252.51886 -164.00220 -27.62903 NaN NaN NaN 32.65735 -117.04919 11.33437 -62.47866 -178.20526 -53.58495
42272 2.92552 NaN NaN NaN 154.04276 -84.84835 -33.25906 252.52145 -164.00925 -27.61739 NaN NaN NaN 32.65999 -117.06584 11.33103 -62.46811 -178.21690 -53.57050
42273 2.93385 NaN NaN NaN 154.03278 -84.83802 -33.27093 252.50488 -164.00769 -27.62151 NaN NaN NaN 32.65691 -117.06122 11.35336 -62.47871 -178.23801 -53.57178
42274 2.94218 NaN NaN NaN 154.03798 -84.83823 -33.27369 252.50447 -164.04164 -27.61621 NaN NaN NaN 32.65324 -117.06973 11.33830 -62.48224 -178.25688 -53.55468
42275 2.95052 NaN NaN NaN 154.03264 -84.85268 -33.26400 252.48666 -164.02852 -27.63320 NaN NaN NaN 32.65751 -117.07544 11.36438 -62.48301 -178.27473 -53.55788
