Frame# Time LH1 LH2 LH3 RH1 RH2 RH3
X54 Y54 Z54 X55 Y55 Z55 X56 Y56 Z56 X57 Y57 Z57 X58 Y58 Z58 X59 Y59 Z59
18723 0.00071 NaN NaN NaN 149.73544 -78.05090 -24.67744 240.07185 -166.62230 -30.08797 NaN NaN NaN 52.99464 -150.09563 3.14309 -40.27374 -196.50304 -75.22272
18724 0.00905 NaN NaN NaN 149.74902 -78.02962 -24.67506 240.06752 -166.62495 -30.06982 NaN NaN NaN 53.19236 -149.96280 3.11777 -40.18380 -196.46106 -75.04434
18725 0.01740 NaN NaN NaN 149.77351 -78.00742 -24.67483 240.09940 -166.61301 -30.06449 NaN NaN NaN 53.40965 -149.78625 3.07420 -40.11359 -196.42671 -74.82385
18726 0.02575 NaN NaN NaN 149.80602 -77.98473 -24.65766 240.10857 -166.60689 -30.03399 NaN NaN NaN 53.62860 -149.57581 3.02247 -39.99946 -196.42523 -74.58891
18727 0.03409 NaN NaN NaN 149.82385 -77.97639 -24.66175 240.11038 -166.58826 -30.02369 NaN NaN NaN 53.90511 -149.33574 2.97731 -39.94159 -196.42709 -74.29382
18728 0.04244 NaN NaN NaN 149.83508 -77.95858 -24.65384 240.11874 -166.55133 -30.02416 NaN NaN NaN 54.10061 -149.11525 2.92388 -39.85778 -196.45621 -74.03177
18729 0.05078 NaN NaN NaN 149.85526 -77.94574 -24.64588 240.13727 -166.53511 -30.02201 NaN NaN NaN 54.29380 -148.87672 2.84638 -39.78756 -196.48927 -73.74332
18730 0.05913 NaN NaN NaN 149.86530 -77.92805 -24.64518 240.15515 -166.52150 -29.99881 NaN NaN NaN 54.49450 -148.65691 2.81263 -39.72351 -196.50000 -73.52720
18731 0.06748 NaN NaN NaN 149.88136 -77.93460 -24.63895 240.18629 -166.51579 -29.99525 NaN NaN NaN 54.63289 -148.42830 2.78432 -39.68950 -196.44853 -73.30546
18732 0.07582 NaN NaN NaN 149.92183 -77.89785 -24.62974 240.19810 -166.49719 -29.97863 NaN NaN NaN 54.80092 -148.23384 2.74826 -39.66335 -196.44995 -73.13744
18733 0.08417 NaN NaN NaN 149.96384 -77.87344 -24.62002 240.21219 -166.47101 -30.00050 NaN NaN NaN 54.92205 -148.11432 2.72035 -39.63322 -196.42015 -72.98940
18734 0.09252 NaN NaN NaN 149.98007 -77.83848 -24.62833 240.20735 -166.43338 -30.00619 NaN NaN NaN 54.99144 -147.99300 2.71456 -39.59431 -196.36409 -72.85553
18735 0.10086 NaN NaN NaN 150.00040 -77.81173 -24.62631 240.21390 -166.41055 -30.02967 NaN NaN NaN 55.05326 -147.90346 2.70381 -39.58747 -196.34294 -72.72624
18736 0.10921 NaN NaN NaN 150.00882 -77.75803 -24.63492 240.22002 -166.36311 -30.02006 NaN NaN NaN 55.11407 -147.78482 2.68499 -39.58218 -196.31345 -72.62744
18737 0.11756 NaN NaN NaN 150.02103 -77.71641 -24.66688 240.24582 -166.35387 -30.06437 NaN NaN NaN 55.17582 -147.73112 2.68700 -39.58751 -196.27370 -72.55798
18738 0.12590 NaN NaN NaN 150.02928 -77.68541 -24.69211 240.26979 -166.33061 -30.09375 NaN NaN NaN 55.19765 -147.70572 2.69741 -39.57464 -196.24626 -72.50546
18739 0.13425 NaN NaN NaN 149.94623 -77.78105 -24.77827 240.28880 -166.31807 -30.11491 NaN NaN NaN 55.20736 -147.69231 2.71672 -39.57611 -196.22878 -72.47378
18740 0.14260 NaN NaN NaN 150.06584 -77.71423 -24.75349 240.28342 -166.29675 -30.11800 NaN NaN NaN 55.20599 -147.68773 2.73575 -39.57818 -196.19151 -72.44446
18741 0.15094 NaN NaN NaN 150.10019 -77.64389 -24.76308 240.27786 -166.29680 -30.12882 NaN NaN NaN 55.20366 -147.71425 2.79699 -39.59857 -196.17538 -72.41999
18742 0.15929 NaN NaN NaN 150.10966 -77.58501 -24.77549 240.29274 -166.29506 -30.13176 NaN NaN NaN 55.18828 -147.74094 2.84252 -39.60988 -196.15417 -72.42958
18743 0.16764 NaN NaN NaN 150.13322 -77.54282 -24.80416 240.30965 -166.29538 -30.14192 NaN NaN NaN 55.17781 -147.75349 2.84247 -39.60772 -196.13907 -72.46099
18744 0.17598 NaN NaN NaN 150.13185 -77.54739 -24.82020 240.33124 -166.29205 -30.15703 NaN NaN NaN 55.16854 -147.77292 2.83975 -39.59948 -196.11818 -72.54122
18745 0.18433 NaN NaN NaN 150.13890 -77.55019 -24.82941 240.33528 -166.26671 -30.17005 NaN NaN NaN 55.14448 -147.80988 2.82240 -39.65265 -196.08363 -72.63348
18746 0.19268 NaN NaN NaN 150.13956 -77.56532 -24.85115 240.35007 -166.25385 -30.17615 NaN NaN NaN 55.05416 -147.85910 2.78208 -39.69118 -196.05038 -72.73258
18747 0.20102 NaN NaN NaN 150.14151 -77.56525 -24.84208 240.36438 -166.24452 -30.20925 NaN NaN NaN 54.96395 -147.90320 2.75396 -39.70722 -196.00792 -72.88779
18748 0.20937 NaN NaN NaN 150.16074 -77.57706 -24.89909 240.39287 -166.24872 -30.22080 NaN NaN NaN 54.85920 -147.91182 2.73912 -39.74253 -195.98000 -73.04121
18749 0.21772 NaN NaN NaN 150.15388 -77.56362 -24.94559 240.39442 -166.23860 -30.23516 NaN NaN NaN 54.72646 -148.00603 2.73818 -39.80279 -195.87912 -73.24870
18750 0.22606 NaN NaN NaN 150.15488 -77.59396 -24.99735 240.41069 -166.25880 -30.24391 NaN NaN NaN 54.56263 -148.07893 2.74500 -39.85181 -195.72519 -73.49557
18751 0.23441 NaN NaN NaN 150.14346 -77.64899 -25.04086 240.42726 -166.26505 -30.28918 NaN NaN NaN 54.37277 -148.18250 2.78848 -39.94291 -195.57257 -73.77684
18752 0.24276 NaN NaN NaN 150.16782 -77.71114 -25.06684 240.44942 -166.28108 -30.35833 NaN NaN NaN 54.11614 -148.25768 2.82792 -40.03672 -195.43335 -74.03661
18753 0.25110 NaN NaN NaN 150.16458 -77.80071 -25.12923 240.48212 -166.27222 -30.42740 NaN NaN NaN 53.86890 -148.36017 2.88630 -40.15436 -195.30511 -74.33944
18754 0.25945 NaN NaN NaN 150.20522 -77.86197 -25.21067 240.54645 -166.27489 -30.52029 NaN NaN NaN 53.55928 -148.49231 2.95266 -40.26074 -195.17162 -74.68744
18755 0.26780 NaN NaN NaN 150.19864 -77.88873 -25.32524 240.61375 -166.31931 -30.62030 NaN NaN NaN 53.20892 -148.61731 3.02893 -40.40725 -194.94052 -75.04368
18756 0.27614 NaN NaN NaN 150.26944 -77.88635 -25.38238 240.65266 -166.40117 -30.71105 NaN NaN NaN 52.85941 -148.79160 3.18416 -40.56992 -194.69174 -75.35935
18757 0.28449 NaN NaN NaN 150.27272 -77.95088 -25.45342 240.71062 -166.50281 -30.88112 NaN NaN NaN 52.44202 -148.95786 3.33953 -40.75650 -194.44160 -75.73497
18758 0.29283 NaN NaN NaN 150.25934 -78.12984 -25.45730 240.80132 -166.56848 -31.13791 NaN NaN NaN 52.01713 -149.16420 3.49836 -40.91566 -194.20795 -76.09808
18759 0.30118 NaN NaN NaN 150.28253 -78.30177 -25.51143 240.86314 -166.59264 -31.32309 NaN NaN NaN 51.58222 -149.35814 3.71428 -41.11055 -194.01173 -76.38222
18760 0.30953 NaN NaN NaN 150.31682 -78.48163 -25.57967 240.92279 -166.61748 -31.45588 NaN NaN NaN 51.14893 -149.55830 3.93087 -41.35246 -193.84474 -76.63133
18761 0.31787 NaN NaN NaN 150.32491 -78.57555 -25.64338 240.99390 -166.61896 -31.54213 NaN NaN NaN 50.66000 -149.75529 4.18288 -41.60673 -193.68286 -76.83120
18762 0.32622 NaN NaN NaN 150.30861 -78.65363 -25.69489 241.03242 -166.64001 -31.58873 NaN NaN NaN 50.15314 -150.02827 4.48340 -41.89631 -193.54549 -77.02056
18763 0.33457 NaN NaN NaN 150.24400 -78.62943 -25.78345 241.04132 -166.64719 -31.66231 NaN NaN NaN 49.54470 -150.40440 4.80295 -42.24584 -193.40080 -77.28568
18764 0.34291 NaN NaN NaN 150.13464 -78.62181 -25.93719 241.01831 -166.61620 -31.72584 NaN NaN NaN 48.87341 -150.87183 5.17259 -42.65343 -193.23741 -77.52664
18765 0.35126 NaN NaN NaN 150.02979 -78.64352 -26.11830 241.00920 -166.49701 -31.71790 NaN NaN NaN 48.15823 -151.42064 5.61313 -43.10626 -193.10352 -77.72718
18766 0.35961 NaN NaN NaN 149.99820 -78.56678 -26.35731 240.99309 -166.36385 -31.72334 NaN NaN NaN 47.48252 -152.01837 6.01127 -43.57047 -193.00272 -77.86406
18767 0.36795 NaN NaN NaN 149.84531 -78.57948 -26.45527 240.98642 -166.23448 -31.71384 NaN NaN NaN 46.79593 -152.59697 6.36287 -44.08057 -192.89859 -77.99004
18768 0.37630 NaN NaN NaN 149.65895 -78.65081 -26.60291 240.95091 -166.11555 -31.70405 NaN NaN NaN 46.12015 -153.14716 6.73322 -44.63446 -192.85208 -78.03498
18769 0.38465 NaN NaN NaN 149.56673 -78.64455 -26.79700 240.92455 -166.01849 -31.68596 NaN NaN NaN 45.39810 -153.71399 7.08285 -45.27736 -192.85022 -78.03131
18770 0.39299 NaN NaN NaN 149.50957 -78.62994 -26.97830 240.94370 -165.96333 -31.67884 NaN NaN NaN 44.62140 -154.35812 7.44971 -45.90936 -192.89156 -78.18451
18771 0.40134 NaN NaN NaN 149.43884 -78.69355 -27.12017 241.01082 -165.92401 -31.69397 NaN NaN NaN 43.77966 -155.12134 7.82493 -46.50835 -192.90820 -78.38605
18772 0.40969 NaN NaN NaN 149.39120 -78.81381 -27.15706 241.12752 -165.93547 -31.70655 NaN NaN NaN 42.88225 -155.97888 8.16984 -47.16031 -192.91585 -78.59691
18773 0.41803 NaN NaN NaN 149.38345 -78.98193 -27.13706 241.22534 -165.93913 -31.71528 NaN NaN NaN 41.99923 -156.85654 8.48251 -47.89705 -192.96146 -78.79003
18774 0.42638 NaN NaN NaN 149.37579 -79.13170 -27.08912 241.35139 -165.95105 -31.71304 NaN NaN NaN 41.09560 -157.79581 8.74901 -48.68256 -192.97623 -79.04471
18775 0.43473 NaN NaN NaN 149.33842 -79.35548 -27.02497 241.54402 -165.97046 -31.74378 NaN NaN NaN 40.12087 -158.73993 8.99939 -49.44781 -193.03076 -79.36073
18776 0.44307 NaN NaN NaN 149.34399 -79.59339 -26.98946 241.73015 -165.98244 -31.75775 NaN NaN NaN 39.08108 -159.77245 9.26351 -50.16357 -193.06923 -79.87228
18777 0.45142 NaN NaN NaN 149.37407 -79.88404 -26.93130 241.91599 -166.04396 -31.76824 NaN NaN NaN 37.97697 -160.94826 9.53920 -50.86802 -193.10626 -80.35910
18778 0.45977 NaN NaN NaN 149.39101 -80.17068 -26.81175 242.15018 -166.12117 -31.82701 NaN NaN NaN 36.86657 -162.14124 9.83510 -51.54979 -193.06346 -80.97472
18779 0.46811 NaN NaN NaN 149.40527 -80.44316 -26.66928 242.42159 -166.14737 -31.88116 NaN NaN NaN 35.69526 -163.31679 10.17564 -52.15062 -192.97424 -81.56142
18780 0.47646 NaN NaN NaN 149.42783 -80.72549 -26.50878 242.63721 -166.19266 -31.94316 NaN NaN NaN 34.48797 -164.50616 10.58456 -52.70875 -192.93820 -82.15139
18781 0.48481 NaN NaN NaN 149.45210 -80.97551 -26.34763 242.87259 -166.19260 -31.94772 NaN NaN NaN 33.22018 -165.70825 11.10815 -53.21482 -192.98924 -82.67300
18782 0.49315 NaN NaN NaN 149.49876 -81.14527 -26.26677 243.09982 -166.18745 -31.93324 NaN NaN NaN 31.87955 -166.89812 11.67383 -53.53878 -192.73059 -83.41010
18783 0.50150 NaN NaN NaN 149.49583 -81.35816 -26.12548 243.34453 -166.17529 -31.93824 NaN NaN NaN 30.47242 -168.06628 12.28208 -53.70763 -192.34966 -84.31655
18784 0.50985 NaN NaN NaN 149.50984 -81.62005 -25.91239 243.59972 -166.15198 -31.96859 NaN NaN NaN 29.03285 -169.12276 13.00369 -53.78084 -191.85973 -85.18551
18785 0.51819 NaN NaN NaN 149.51344 -81.92882 -25.65036 243.87529 -166.19373 -32.01396 NaN NaN NaN 27.59584 -170.14336 13.75312 -53.68951 -191.28914 -86.03008
18786 0.52654 NaN NaN NaN 149.52982 -82.25847 -25.33846 244.13394 -166.18867 -32.07597 NaN NaN NaN 26.20923 -171.05809 14.42430 -53.55445 -190.78835 -86.83129
18787 0.53489 NaN NaN NaN 149.52487 -82.58214 -25.03905 244.41031 -166.18221 -32.14394 NaN NaN NaN 24.89641 -171.87984 15.12877 -53.29733 -190.27126 -87.59052
18788 0.54323 NaN NaN NaN 149.55727 -82.90837 -24.82889 244.68504 -166.17635 -32.19836 NaN NaN NaN 23.69490 -172.54054 15.78149 -53.00415 -189.83614 -88.22115
18789 0.55158 NaN NaN NaN 149.52031 -83.16679 -24.72739 244.87430 -166.13426 -32.20626 NaN NaN NaN 22.61143 -173.02597 16.39240 -52.72211 -189.41553 -88.77617
18790 0.55992 NaN NaN NaN 149.47717 -83.42046 -24.68352 245.10831 -166.08328 -32.15860 NaN NaN NaN 21.62245 -173.39296 16.89464 -52.40997 -189.01688 -89.29997
18791 0.56827 NaN NaN NaN 149.47000 -83.61665 -24.67290 245.32979 -165.98146 -32.14538 NaN NaN NaN 20.76224 -173.59921 17.42843 -52.11449 -188.64119 -89.65628
18792 0.57662 NaN NaN NaN 149.43718 -83.83817 -24.64770 245.59573 -165.89615 -32.14293 NaN NaN NaN 19.99929 -173.65721 17.84250 -51.81337 -188.32172 -89.94227
18793 0.58496 NaN NaN NaN 149.35132 -84.18108 -24.61131 245.86737 -165.79793 -32.13532 NaN NaN NaN 19.32063 -173.66550 18.25867 -51.51193 -188.04503 -90.18435
18794 0.59331 NaN NaN NaN 149.35388 -84.47013 -24.56996 246.18834 -165.73177 -32.11522 NaN NaN NaN 18.76507 -173.59302 18.66710 -51.19943 -187.73177 -90.40974
18795 0.60166 NaN NaN NaN 149.33952 -84.81930 -24.51348 246.49017 -165.68703 -32.10594 NaN NaN NaN 18.31069 -173.40956 19.02482 -50.85146 -187.47116 -90.58080
18796 0.61000 NaN NaN NaN 149.35629 -85.25249 -24.36092 246.85950 -165.66884 -32.09947 NaN NaN NaN 17.97077 -173.16872 19.34044 -50.47926 -187.23233 -90.72955
18797 0.61835 NaN NaN NaN 149.39699 -85.77036 -24.14558 247.29210 -165.67865 -32.16383 NaN NaN NaN 17.80056 -172.81183 19.60667 -50.11967 -187.01270 -90.81357
18798 0.62670 NaN NaN NaN 149.52277 -86.30202 -23.83967 247.77681 -165.76254 -32.23839 NaN NaN NaN 17.75642 -172.43321 19.81026 -49.75496 -186.90463 -90.79918
18799 0.63504 NaN NaN NaN 149.65298 -86.88606 -23.42386 248.28853 -165.84595 -32.40497 NaN NaN NaN 17.83976 -172.00127 19.90720 -49.41706 -186.82414 -90.73909
18800 0.64339 NaN NaN NaN 149.78033 -87.61243 -22.95862 248.85638 -165.99745 -32.53604 NaN NaN NaN 18.00491 -171.55249 19.96862 -49.09777 -186.73380 -90.67941
18801 0.65174 NaN NaN NaN 150.00119 -88.36865 -22.46079 249.39737 -166.18588 -32.69743 NaN NaN NaN 18.23248 -171.13060 20.03218 -48.77778 -186.63454 -90.59883
18802 0.66008 NaN NaN NaN 150.15993 -89.15659 -21.89161 249.97580 -166.36827 -32.92381 NaN NaN NaN 18.62043 -170.70515 20.06557 -48.42507 -186.48112 -90.53327
18803 0.66843 NaN NaN NaN 150.31134 -89.90637 -21.33982 250.54222 -166.52635 -33.15287 NaN NaN NaN 19.04054 -170.23480 20.02222 -48.07005 -186.30566 -90.51235
18804 0.67678 NaN NaN NaN 150.45163 -90.56133 -20.90415 251.05544 -166.69075 -33.27698 NaN NaN NaN 19.52024 -169.73651 19.95251 -47.66807 -186.08394 -90.51195
18805 0.68512 NaN NaN NaN 150.62822 -91.14557 -20.56046 251.50414 -166.83351 -33.42342 NaN NaN NaN 20.06882 -169.13664 19.81194 -47.24237 -185.77390 -90.53511
18806 0.69347 NaN NaN NaN 150.69882 -91.77538 -20.21765 251.93916 -166.99045 -33.54335 NaN NaN NaN 20.66509 -168.62230 19.65732 -46.99448 -185.56480 -90.43642
18807 0.70182 NaN NaN NaN 150.76639 -92.31115 -19.86894 252.29031 -167.12842 -33.64142 NaN NaN NaN 21.31709 -168.09666 19.42208 -47.02695 -185.61295 -90.17519
18808 0.71016 NaN NaN NaN 150.89456 -92.87178 -19.60479 252.57547 -167.24036 -33.69687 NaN NaN NaN 22.07029 -167.55493 19.09001 -47.24559 -185.87120 -89.74776
18809 0.71851 NaN NaN NaN 150.98770 -93.37315 -19.38959 252.86719 -167.33208 -33.75936 NaN NaN NaN 22.97911 -166.93272 18.67812 -47.60614 -186.33640 -89.19092
18810 0.72686 NaN NaN NaN 151.01714 -93.89349 -19.18051 253.08698 -167.39861 -33.80131 NaN NaN NaN 23.99805 -166.25751 18.26420 -48.09598 -187.06735 -88.32127
18811 0.73520 NaN NaN NaN 151.07736 -94.32951 -18.99785 253.24232 -167.46684 -33.83012 NaN NaN NaN 25.03247 -165.58752 17.77574 -48.60766 -187.76430 -87.47028
18812 0.74355 NaN NaN NaN 151.06757 -94.66635 -18.93809 253.34586 -167.47449 -33.84873 NaN NaN NaN 26.07327 -164.86882 17.29961 -49.08316 -188.40392 -86.57980
18813 0.75190 NaN NaN NaN 151.02588 -94.79895 -18.97732 253.44623 -167.45084 -33.80125 NaN NaN NaN 27.14559 -164.10980 16.77283 -49.52866 -188.98007 -85.74285
18814 0.76024 NaN NaN NaN 150.96243 -94.86531 -19.04810 253.51167 -167.41470 -33.77033 NaN NaN NaN 28.21005 -163.34836 16.18403 -49.94062 -189.44798 -84.92135
18815 0.76859 NaN NaN NaN 150.84019 -94.86687 -19.15467 253.51440 -167.33241 -33.73101 NaN NaN NaN 29.38678 -162.53088 15.60096 -50.32576 -189.90010 -83.98790
18816 0.77694 NaN NaN NaN 150.71075 -94.84843 -19.31242 253.46013 -167.20514 -33.70612 NaN NaN NaN 30.54125 -161.65959 14.89268 -50.73759 -190.36958 -82.95356
18817 0.78528 NaN NaN NaN 150.59355 -94.78995 -19.49975 253.37213 -167.07506 -33.62155 NaN NaN NaN 31.76373 -160.78514 14.26225 -51.19453 -190.86272 -81.80811
18818 0.79363 NaN NaN NaN 150.49223 -94.61783 -19.79760 253.26746 -166.94514 -33.52919 NaN NaN NaN 32.88914 -159.87883 13.47942 -51.69974 -191.41733 -80.62390
18819 0.80197 NaN NaN NaN 150.34280 -94.37280 -20.13354 253.15875 -166.83206 -33.45671 NaN NaN NaN 33.95624 -159.15933 12.83706 -52.22857 -191.94977 -79.39126
18820 0.81032 NaN NaN NaN 150.18640 -94.09536 -20.42785 253.02869 -166.68320 -33.33126 NaN NaN NaN 34.87203 -158.35417 12.25036 -52.69681 -192.43672 -78.21305
18821 0.81867 NaN NaN NaN 150.01170 -93.86696 -20.63987 252.90491 -166.52115 -33.23481 NaN NaN NaN 35.67406 -157.72614 11.76733 -53.07319 -192.88249 -77.14153
18822 0.82701 NaN NaN NaN 149.87807 -93.74559 -20.78443 252.79446 -166.36563 -33.14838 NaN NaN NaN 36.43482 -157.07652 11.32840 -53.38370 -193.17807 -76.12579
18823 0.83536 NaN NaN NaN 149.77443 -93.69950 -20.93203 252.74600 -166.20990 -33.10761 NaN NaN NaN 37.07506 -156.34633 10.87744 -53.59108 -193.46437 -75.18804
18824 0.84371 NaN NaN NaN 149.69043 -93.66253 -21.03263 252.71939 -166.10867 -33.07979 NaN NaN NaN 37.81915 -155.71701 10.40882 -53.80598 -193.62285 -74.26198
18825 0.85205 NaN NaN NaN 149.62605 -93.63293 -21.07416 252.68530 -166.01215 -33.06189 NaN NaN NaN 38.61866 -154.92905 9.88499 -54.06005 -193.75894 -73.24666
18826 0.86040 NaN NaN NaN 149.56726 -93.66093 -21.00876 252.66985 -165.94174 -33.06383 NaN NaN NaN 39.47456 -154.14531 9.15877 -54.38241 -193.96021 -72.12574
18827 0.86875 NaN NaN NaN 149.58118 -93.59368 -20.96846 252.68263 -165.88324 -33.06484 NaN NaN NaN 40.39064 -153.39404 8.52331 -54.75170 -194.22340 -70.86754
18828 0.87709 NaN NaN NaN 149.57062 -93.58270 -20.84607 252.69855 -165.79912 -33.08028 NaN NaN NaN 41.31915 -152.58028 7.68062 -55.22311 -194.55344 -69.50727
18829 0.88544 NaN NaN NaN 149.51700 -93.58770 -20.73523 252.72604 -165.72316 -33.10469 NaN NaN NaN 42.15318 -151.62376 6.73025 -55.73534 -194.94965 -68.04369
18830 0.89379 NaN NaN NaN 149.48666 -93.60760 -20.59332 252.77209 -165.64417 -33.11439 NaN NaN NaN 42.93817 -150.68230 5.73187 -56.25471 -195.32671 -66.54188
18831 0.90213 NaN NaN NaN 149.48102 -93.62395 -20.47332 252.84718 -165.58179 -33.14704 NaN NaN NaN 43.70149 -149.79095 4.69591 -56.72328 -195.63588 -65.14288
18832 0.91048 NaN NaN NaN 149.52786 -93.72684 -20.23321 252.95143 -165.56709 -33.20024 NaN NaN NaN 44.43924 -148.96729 3.66123 -57.17202 -195.78947 -63.82055
18833 0.91883 NaN NaN NaN 149.57234 -93.87186 -19.91371 253.06973 -165.55571 -33.29300 NaN NaN NaN 45.27232 -148.19547 2.56045 -57.55131 -195.93701 -62.45755
18834 0.92717 NaN NaN NaN 149.68007 -94.06854 -19.53341 253.21346 -165.54524 -33.36115 NaN NaN NaN 46.11576 -147.40910 1.23929 -57.97228 -196.02284 -60.96201
18835 0.93552 NaN NaN NaN 149.79413 -94.17429 -19.24879 253.35452 -165.52202 -33.43291 NaN NaN NaN 46.99886 -146.65370 -0.17579 -58.43661 -196.14626 -59.41594
18836 0.94387 NaN NaN NaN 149.90697 -94.27622 -18.91330 253.52310 -165.53030 -33.53465 NaN NaN NaN 47.83810 -145.91078 -1.63700 -58.87420 -196.32072 -57.76503
18837 0.95221 NaN NaN NaN 150.04041 -94.49651 -18.60648 253.64972 -165.50153 -33.75983 NaN NaN NaN 48.55457 -145.25735 -2.98677 -59.25668 -196.51924 -56.20146
18838 0.96056 NaN NaN NaN 150.18750 -94.72134 -18.34375 253.77733 -165.46609 -33.89724 NaN NaN NaN 49.17997 -144.74734 -4.24937 -59.57204 -196.63133 -54.75986
18839 0.96891 NaN NaN NaN 150.27687 -94.96127 -18.04508 253.85461 -165.39221 -33.98897 NaN NaN NaN 49.63253 -144.18521 -5.41633 -59.84419 -196.73450 -53.54295
18840 0.97725 NaN NaN NaN 150.35861 -95.04643 -17.88655 253.94745 -165.32158 -33.99822 NaN NaN NaN 50.02990 -143.73007 -6.39208 -60.06979 -196.78511 -52.51072
18841 0.98560 NaN NaN NaN 150.41670 -95.00130 -17.84578 253.99757 -165.25238 -33.99797 NaN NaN NaN 50.38161 -143.29984 -7.52747 -60.26124 -196.87595 -51.51808
18842 0.99395 NaN NaN NaN 150.33144 -94.71838 -17.92473 254.02242 -165.17661 -33.93914 NaN NaN NaN 50.82951 -142.92531 -8.56567 -60.38882 -196.93073 -50.48919
18843 1.00229 NaN NaN NaN 150.26672 -94.45555 -17.92451 254.00732 -165.11720 -33.89953 NaN NaN NaN 51.26892 -142.57127 -9.58291 -60.43687 -197.04790 -49.58507
18844 1.01064 NaN NaN NaN 150.20847 -94.23495 -17.92900 253.94839 -165.05293 -33.84561 NaN NaN NaN 51.69941 -142.19943 -10.55093 -60.47634 -197.16295 -48.78204
18845 1.01899 NaN NaN NaN 150.13742 -94.06859 -17.93469 253.86035 -164.96600 -33.73218 NaN NaN NaN 52.10556 -141.78880 -11.40035 -60.51674 -197.32104 -47.82183
18846 1.02733 NaN NaN NaN 150.07825 -93.98708 -17.94892 253.79887 -164.88647 -33.67695 NaN NaN NaN 52.53654 -141.39697 -12.18687 -60.44261 -197.35060 -47.07870
18847 1.03568 NaN NaN NaN 150.02029 -93.94447 -17.98976 253.71559 -164.80945 -33.66742 NaN NaN NaN 52.88760 -141.01103 -13.09231 -60.41804 -197.36232 -46.14063
18848 1.04403 NaN NaN NaN 150.00742 -93.87968 -18.07660 253.65047 -164.74742 -33.68677 NaN NaN NaN 53.26369 -140.63867 -13.93585 -60.30234 -197.37003 -45.23199
18849 1.05237 NaN NaN NaN 149.93982 -93.82829 -18.20026 253.58414 -164.70041 -33.70890 NaN NaN NaN 53.69411 -140.24799 -14.84686 -60.12027 -197.34428 -44.50190
18850 1.06072 NaN NaN NaN 149.84309 -93.70457 -18.26472 253.51978 -164.67590 -33.72531 NaN NaN NaN 54.06012 -139.71169 -15.74190 -59.98336 -197.39755 -43.53462
18851 1.06906 NaN NaN NaN 149.79114 -93.66151 -18.31216 253.46657 -164.66318 -33.74712 NaN NaN NaN 54.42304 -139.22487 -16.66745 -59.79646 -197.44229 -42.66045
18852 1.07741 NaN NaN NaN 149.72911 -93.68227 -18.33644 253.43463 -164.66080 -33.76524 NaN NaN NaN 54.82933 -138.83641 -17.44501 -59.51665 -197.42773 -41.87840
18853 1.08576 NaN NaN NaN 149.70210 -93.70317 -18.40431 253.43047 -164.68100 -33.77802 NaN NaN NaN 55.21071 -138.48080 -18.35082 -59.28650 -197.38962 -41.18838
18854 1.09410 NaN NaN NaN 149.67274 -93.73259 -18.48132 253.42461 -164.67380 -33.76992 NaN NaN NaN 55.56116 -138.10866 -19.14635 -59.09436 -197.34744 -40.39768
18855 1.10245 NaN NaN NaN 149.67879 -93.74336 -18.51102 253.41814 -164.70122 -33.77901 NaN NaN NaN 55.95573 -137.78708 -19.79848 -58.88903 -197.39685 -39.65997
18856 1.11080 NaN NaN NaN 149.69756 -93.75126 -18.51585 253.42101 -164.71335 -33.79282 NaN NaN NaN 56.29221 -137.41104 -20.52804 -58.59221 -197.36343 -39.07467
18857 1.11914 NaN NaN NaN 149.69064 -93.77853 -18.45584 253.44771 -164.74301 -33.80040 NaN NaN NaN 56.60289 -137.18771 -21.14522 -58.28794 -197.35625 -38.60189
18858 1.12749 NaN NaN NaN 149.73650 -93.77063 -18.45602 253.47879 -164.76686 -33.81601 NaN NaN NaN 56.95039 -136.87331 -21.80497 -58.01113 -197.33594 -38.11227
18859 1.13584 NaN NaN NaN 149.81192 -93.77626 -18.41781 253.51712 -164.78918 -33.82978 NaN NaN NaN 57.32359 -136.63359 -22.47071 -57.70093 -197.31839 -37.59824
18860 1.14418 NaN NaN NaN 149.90994 -93.80376 -18.35875 253.56569 -164.83157 -33.86218 NaN NaN NaN 57.68237 -136.37144 -23.07309 -57.42633 -197.27858 -37.11276
18861 1.15253 NaN NaN NaN 149.95953 -93.83212 -18.30888 253.64751 -164.86909 -33.90374 NaN NaN NaN 57.98392 -136.07111 -23.86263 -57.15794 -197.34535 -36.65949
18862 1.16088 NaN NaN NaN 150.04616 -93.88493 -18.21905 253.71317 -164.93550 -33.95049 NaN NaN NaN 58.32483 -135.88477 -24.39687 -56.92784 -197.36121 -36.25488
18863 1.16922 NaN NaN NaN 150.11966 -93.92857 -18.16517 253.76819 -164.99797 -34.00335 NaN NaN NaN 58.60804 -135.64536 -25.08904 -56.59557 -197.34642 -35.80530
18864 1.17757 NaN NaN NaN 150.19962 -93.99454 -18.18205 253.81541 -165.04994 -34.07847 NaN NaN NaN 58.87111 -135.35023 -25.94411 -56.32205 -197.28403 -35.39821
18865 1.18592 NaN NaN NaN 150.26236 -94.07700 -18.16371 253.87296 -165.10023 -34.12447 NaN NaN NaN 59.11111 -135.13803 -26.79586 -56.00491 -197.19151 -34.90662
18866 1.19426 NaN NaN NaN 150.32043 -94.11086 -18.19145 253.91730 -165.13095 -34.17777 NaN NaN NaN 59.36730 -135.03561 -27.39297 -55.73627 -197.19307 -34.44548
18867 1.20261 NaN NaN NaN 150.38469 -94.15516 -18.21933 253.97040 -165.17207 -34.21741 NaN NaN NaN 59.63694 -135.01404 -28.04338 -55.43077 -197.08870 -33.84677
18868 1.21096 NaN NaN NaN 150.44101 -94.16562 -18.28177 254.00218 -165.17818 -34.28595 NaN NaN NaN 59.82998 -134.90535 -28.85249 -55.23872 -197.10367 -33.33143
18869 1.21930 NaN NaN NaN 150.46573 -94.19246 -18.33798 254.01840 -165.16914 -34.32959 NaN NaN NaN 60.02996 -134.89098 -29.59375 -55.06114 -197.06012 -32.69191
18870 1.22765 NaN NaN NaN 150.46091 -94.29131 -18.37807 254.03741 -165.21173 -34.36464 NaN NaN NaN 60.23314 -135.02936 -30.33402 -54.96022 -197.04912 -32.05365
18871 1.23600 NaN NaN NaN 150.50203 -94.28567 -18.44622 254.05251 -165.26198 -34.39025 NaN NaN NaN 60.57883 -135.27780 -31.23626 -54.85253 -197.05536 -31.38875
18872 1.24434 NaN NaN NaN 150.50546 -94.33606 -18.48296 254.07582 -165.30536 -34.41016 NaN NaN NaN 60.76511 -135.50967 -31.98710 -54.84360 -197.10304 -30.84933
18873 1.25269 NaN NaN NaN 150.51387 -94.40219 -18.42649 254.11137 -165.34828 -34.44812 NaN NaN NaN 60.95728 -135.68706 -32.57503 -54.82995 -197.12482 -30.24563
18874 1.26104 NaN NaN NaN 150.53227 -94.42899 -18.38911 254.13449 -165.39275 -34.50395 NaN NaN NaN 60.96963 -135.84514 -33.17516 -54.85032 -197.13744 -29.74782
18875 1.26938 NaN NaN NaN 150.53998 -94.53006 -18.27749 254.15605 -165.40637 -34.57485 NaN NaN NaN 61.02510 -135.99313 -33.71415 -54.79442 -197.04639 -29.30645
18876 1.27773 NaN NaN NaN 150.57109 -94.61771 -18.13337 254.19429 -165.46053 -34.60309 NaN NaN NaN 61.05769 -136.16483 -34.40897 -54.73104 -196.99992 -28.84227
18877 1.28608 NaN NaN NaN 150.63663 -94.68959 -17.96366 254.26266 -165.55260 -34.67633 NaN NaN NaN 61.08579 -136.30516 -35.03921 -54.76678 -196.96901 -28.46801
18878 1.29442 NaN NaN NaN 150.73219 -94.75207 -17.79645 254.32306 -165.62798 -34.76460 NaN NaN NaN 61.12906 -136.38190 -35.75462 -54.76387 -196.89001 -28.18320
18879 1.30277 NaN NaN NaN 150.84851 -94.81192 -17.62977 254.35727 -165.66216 -34.83218 NaN NaN NaN 61.19047 -136.47188 -36.38770 -54.71326 -196.84714 -27.86534
18880 1.31111 NaN NaN NaN 150.91959 -94.88740 -17.51756 254.38564 -165.64299 -34.95398 NaN NaN NaN 61.21358 -136.50287 -37.09463 -54.59434 -196.73943 -27.59154
18881 1.31946 NaN NaN NaN 150.97182 -94.91119 -17.43679 254.44682 -165.61652 -35.08010 NaN NaN NaN 61.30001 -136.52783 -37.77260 -54.48538 -196.66351 -27.29006
18882 1.32781 NaN NaN NaN 151.02753 -94.90684 -17.34647 254.52240 -165.60542 -35.19515 NaN NaN NaN 61.44012 -136.46585 -38.39812 -54.28297 -196.50980 -26.99279
18883 1.33615 NaN NaN NaN 151.10338 -94.89542 -17.28205 254.56224 -165.59238 -35.28999 NaN NaN NaN 61.58672 -136.34303 -39.04109 -54.11785 -196.39223 -26.78578
18884 1.34450 NaN NaN NaN 151.19673 -94.84780 -17.17213 254.57907 -165.56534 -35.38436 NaN NaN NaN 61.78593 -136.18225 -39.52079 -53.81460 -196.24568 -26.67769
18885 1.35285 NaN NaN NaN 151.25540 -94.89421 -17.02596 254.60939 -165.57828 -35.50455 NaN NaN NaN 61.96864 -135.98273 -40.19950 -53.52244 -196.06210 -26.59718
18886 1.36119 NaN NaN NaN 151.35222 -94.90198 -16.81777 254.66287 -165.56909 -35.63172 NaN NaN NaN 62.20710 -135.74104 -40.72488 -53.18419 -195.94305 -26.49202
18887 1.36954 NaN NaN NaN 151.48627 -94.90013 -16.56950 254.71753 -165.56516 -35.81282 NaN NaN NaN 62.51417 -135.44643 -41.23438 -52.74195 -195.74937 -26.32734
18888 1.37789 NaN NaN NaN 151.62527 -94.90164 -16.30165 254.79276 -165.56454 -36.04427 NaN NaN NaN 62.84014 -135.13263 -41.72805 -52.26691 -195.48553 -26.27439
18889 1.38623 NaN NaN NaN 151.75891 -94.96237 -15.94393 254.90195 -165.57521 -36.28370 NaN NaN NaN 63.17297 -134.85828 -42.20163 -51.77212 -195.23517 -26.28600
18890 1.39458 NaN NaN NaN 151.96190 -95.10294 -15.51924 255.04922 -165.61365 -36.48011 NaN NaN NaN 63.53823 -134.45686 -42.66149 -51.28395 -195.00566 -26.34443
18891 1.40293 NaN NaN NaN 152.20738 -95.20796 -15.08383 255.22186 -165.70264 -36.73035 NaN NaN NaN 63.87407 -134.09445 -43.02989 -50.75537 -194.71355 -26.39555
18892 1.41127 NaN NaN NaN 152.52414 -95.43480 -14.59269 255.38448 -165.80006 -37.03104 NaN NaN NaN 64.09525 -133.75407 -43.82903 -50.18407 -194.40956 -26.48828
18893 1.41962 NaN NaN NaN 152.77516 -95.66336 -14.16526 255.56403 -165.90236 -37.29177 NaN NaN NaN 64.23914 -133.60083 -44.80981 -49.66014 -194.18391 -26.51250
18894 1.42797 NaN NaN NaN 153.02003 -95.90372 -13.80457 255.71667 -166.05942 -37.51178 NaN NaN NaN 64.57880 -133.23843 -45.37664 -49.12635 -194.00577 -26.55598
18895 1.43631 NaN NaN NaN 153.31592 -96.08511 -13.39412 255.89122 -166.16765 -37.75940 NaN NaN NaN 65.09791 -132.81276 -45.79222 -48.54988 -193.75677 -26.59709
18896 1.44466 NaN NaN NaN 153.54042 -96.28716 -13.04383 256.05771 -166.21643 -38.02043 NaN NaN NaN 65.63027 -132.35048 -46.07031 -47.99252 -193.55153 -26.66644
18897 1.45301 NaN NaN NaN 153.70325 -96.39207 -12.80928 256.17883 -166.28239 -38.23324 NaN NaN NaN 66.01658 -131.85075 -46.46706 -47.45284 -193.34641 -26.70551
18898 1.46135 NaN NaN NaN 153.88449 -96.50103 -12.61331 256.29700 -166.35632 -38.34852 NaN NaN NaN 66.40237 -131.46178 -46.92640 -46.95921 -193.16750 -26.74684
18899 1.46970 NaN NaN NaN 154.01344 -96.55576 -12.42371 256.35904 -166.38301 -38.64127 NaN NaN NaN 66.72748 -130.99968 -47.21914 -46.43926 -192.98438 -26.80000
18900 1.47805 NaN NaN NaN 154.20369 -96.61277 -12.15426 256.40146 -166.40334 -38.83540 NaN NaN NaN 67.04080 -130.56407 -47.44392 -45.96262 -192.80409 -26.86514
18901 1.48639 NaN NaN NaN 154.34421 -96.74983 -11.82527 256.47830 -166.50211 -38.90313 NaN NaN NaN 67.40237 -130.09486 -47.60331 -45.51477 -192.64171 -26.93087
18902 1.49474 NaN NaN NaN 154.47025 -96.84878 -11.48455 256.55313 -166.62810 -39.02631 NaN NaN NaN 67.74725 -129.64510 -47.72264 -45.03185 -192.50488 -27.01516
18903 1.50309 NaN NaN NaN 154.74590 -97.02811 -11.15150 256.64752 -166.77208 -39.36966 NaN NaN NaN 68.04609 -129.27095 -47.87330 -44.59842 -192.38680 -27.07421
18904 1.51143 NaN NaN NaN 155.06366 -97.24429 -10.66883 256.77899 -167.03271 -39.82534 NaN NaN NaN 68.32499 -128.94423 -47.94989 -44.22966 -192.21361 -27.19178
18905 1.51978 NaN NaN NaN 155.44705 -97.57972 -10.13021 256.94601 -167.30011 -40.46914 NaN NaN NaN 68.60764 -128.63008 -48.07338 -43.91146 -192.09283 -27.35088
18906 1.52813 NaN NaN NaN 155.91374 -98.02043 -9.47119 256.99295 -167.39874 -41.31869 NaN NaN NaN 68.94959 -128.33237 -47.76217 -43.70041 -191.98967 -27.59538
18907 1.53647 NaN NaN NaN 156.44438 -98.49001 -8.79829 257.29916 -167.82431 -42.04289 NaN NaN NaN 68.96430 -128.23242 -47.70927 -43.47110 -191.89536 -27.84207
18908 1.54482 NaN NaN NaN 157.03535 -99.05933 -8.06210 257.55420 -168.27463 -42.80879 NaN NaN NaN 69.05767 -128.23436 -47.57825 -43.26130 -191.80768 -28.03143
18909 1.55317 NaN NaN NaN 157.70842 -99.55357 -7.28926 257.80383 -168.69121 -43.57634 NaN NaN NaN 69.21037 -128.41266 -47.55470 -43.11685 -191.73483 -28.23213
18910 1.56151 NaN NaN NaN 158.45425 -100.15528 -6.44028 258.07175 -169.11754 -44.42989 NaN NaN NaN 69.38506 -128.38220 -47.54866 -42.98972 -191.65079 -28.40217
18911 1.56986 NaN NaN NaN 159.29509 -100.83692 -5.51886 258.22876 -169.35612 -45.35584 NaN NaN NaN 69.62507 -128.35881 -47.46309 -42.88575 -191.57372 -28.59532
18912 1.57820 NaN NaN NaN 160.18382 -101.52757 -4.53458 258.39966 -169.55902 -46.31075 NaN NaN NaN 69.78888 -128.23859 -47.36672 -42.82555 -191.51379 -28.79348
18913 1.58655 NaN NaN NaN 161.15068 -102.21769 -3.38515 258.64099 -169.88158 -47.21150 NaN NaN NaN 69.84991 -128.08348 -47.29044 -42.73068 -191.47060 -28.89900
18914 1.59490 NaN NaN NaN 162.26436 -103.01781 -2.05715 258.94528 -170.31813 -48.13339 NaN NaN NaN 69.76047 -127.91267 -47.24479 -42.60794 -191.42854 -28.96181
18915 1.60324 NaN NaN NaN 163.49994 -103.89002 -0.53907 259.29681 -170.81149 -49.10554 NaN NaN NaN 69.47983 -127.94338 -47.13910 -42.54658 -191.38383 -29.04464
18916 1.61159 NaN NaN NaN 164.82944 -104.87502 1.06581 259.59543 -171.30005 -50.10273 NaN NaN NaN 69.02844 -128.24120 -46.96477 -42.49145 -191.38135 -29.15754
18917 1.61994 NaN NaN NaN 166.23820 -105.93379 2.82486 259.90860 -171.75951 -51.15361 NaN NaN NaN 68.37263 -128.91289 -46.88664 -42.42454 -191.38310 -29.27668
18918 1.62828 NaN NaN NaN 167.72865 -107.17932 4.68816 260.18933 -172.18817 -52.33246 NaN NaN NaN NaN NaN NaN -42.34773 -191.36183 -29.39053
18919 1.63663 NaN NaN NaN 169.33188 -108.50649 6.62413 260.42163 -172.52411 -53.55926 NaN NaN NaN NaN NaN NaN -42.24571 -191.33255 -29.51970
18920 1.64498 NaN NaN NaN 170.95595 -109.92454 8.47792 260.60892 -172.80144 -54.91699 NaN NaN NaN NaN NaN NaN -42.14040 -191.26341 -29.58412
18921 1.65332 NaN NaN NaN 172.69769 -111.56182 10.27522 260.76358 -173.00266 -56.28613 NaN NaN NaN NaN NaN NaN -42.09989 -191.26970 -29.66790
18922 1.66167 NaN NaN NaN 174.35918 -113.23087 11.88082 260.89050 -173.18289 -57.63634 NaN NaN NaN NaN NaN NaN -41.98556 -191.30263 -29.77564
18923 1.67002 NaN NaN NaN 175.86385 -114.68121 13.28941 261.01587 -173.43698 -59.08933 NaN NaN NaN NaN NaN NaN -41.88318 -191.33977 -29.91984
18924 1.67836 NaN NaN NaN 177.30145 -116.12970 14.56297 261.08630 -173.83601 -60.47905 NaN NaN NaN NaN NaN NaN -41.69447 -191.32903 -30.04912
18925 1.68671 NaN NaN NaN 178.78937 -117.60210 15.78142 261.24054 -174.17010 -61.83710 NaN NaN NaN NaN NaN NaN -41.49889 -191.33562 -30.10625
18926 1.69506 NaN NaN NaN 180.33289 -119.12204 16.91945 261.39481 -174.42987 -63.07124 NaN NaN NaN NaN NaN NaN -41.31746 -191.32671 -30.05282
18927 1.70340 NaN NaN NaN 181.99414 -120.79630 18.17307 261.58893 -174.59660 -64.34190 NaN NaN NaN NaN NaN NaN -40.96523 -191.28032 -30.06673
18928 1.71175 NaN NaN NaN 183.79294 -122.63292 19.52353 261.76877 -174.74080 -65.59206 NaN NaN NaN NaN NaN NaN -40.66770 -191.23956 -30.07301
18929 1.72010 NaN NaN NaN 185.70010 -124.62820 20.90635 261.94083 -174.83804 -66.86009 NaN NaN NaN NaN NaN NaN -40.29372 -191.14049 -29.99110
18930 1.72844 NaN NaN NaN 187.78452 -126.78152 22.25197 262.09335 -174.97401 -68.10432 NaN NaN NaN NaN NaN NaN -39.83509 -191.03380 -29.85330
18931 1.73679 NaN NaN NaN 189.95978 -128.98090 23.53438 262.24496 -175.07918 -69.28918 NaN NaN NaN NaN NaN NaN -39.33795 -190.93887 -29.80639
18932 1.74514 NaN NaN NaN 192.04761 -131.12895 24.70690 262.40088 -175.21280 -70.46793 NaN NaN NaN NaN NaN NaN -38.84213 -190.81937 -29.73448
18933 1.75348 NaN NaN NaN 193.73256 -132.95581 25.58337 262.77463 -175.36955 -71.26518 NaN NaN NaN NaN NaN NaN -38.31017 -190.63506 -29.71171
18934 1.76183 NaN NaN NaN 195.01135 -134.39276 26.11847 263.18967 -175.53462 -71.93774 NaN NaN NaN NaN NaN NaN -37.68664 -190.43065 -29.72013
18935 1.77018 NaN NaN NaN 196.12172 -135.50877 26.64208 263.57358 -175.68750 -72.35940 NaN NaN NaN NaN NaN NaN -37.10954 -190.19513 -29.72868
18936 1.77852 NaN NaN NaN 197.17192 -136.44133 27.10354 263.84946 -175.85869 -72.73453 NaN NaN NaN NaN NaN NaN -36.53729 -189.95099 -29.74232
18937 1.78687 NaN NaN NaN 198.12039 -137.19217 27.51482 264.09952 -176.03847 -72.96242 NaN NaN NaN NaN NaN NaN -35.95848 -189.70576 -29.72664
18938 1.79522 NaN NaN NaN 198.96277 -137.85104 27.87521 264.31253 -176.14352 -73.22884 NaN NaN NaN NaN NaN NaN -35.34781 -189.47250 -29.68888
18939 1.80356 NaN NaN NaN 199.77126 -138.42413 28.26416 264.46664 -176.27357 -73.39126 NaN NaN NaN NaN NaN NaN -34.76147 -189.24516 -29.65202
18940 1.81191 NaN NaN NaN 200.53633 -138.94145 28.69491 264.58667 -176.36050 -73.61592 NaN NaN NaN NaN NaN NaN -34.17274 -188.97827 -29.51887
18941 1.82025 NaN NaN NaN 201.33759 -139.49419 29.16822 264.70959 -176.36150 -73.79940 NaN NaN NaN NaN NaN NaN -33.57986 -188.71489 -29.39214
18942 1.82860 NaN NaN NaN 202.13188 -140.03743 29.54055 264.80005 -176.41231 -73.97136 NaN NaN NaN NaN NaN NaN -32.93066 -188.42914 -29.25520
18943 1.83695 NaN NaN NaN 202.89656 -140.58527 29.90091 264.86813 -176.42256 -74.21523 NaN NaN NaN NaN NaN NaN -32.40317 -188.19865 -29.21922
18944 1.84529 NaN NaN NaN 203.63104 -141.17589 30.24092 264.98322 -176.44189 -74.37744 NaN NaN NaN NaN NaN NaN -31.87354 -188.00726 -29.20127
18945 1.85364 NaN NaN NaN 204.33302 -141.83922 30.53815 265.13037 -176.51047 -74.63174 NaN NaN NaN NaN NaN NaN -31.29129 -187.75256 -29.23230
18946 1.86199 NaN NaN NaN 205.05151 -142.60135 30.79738 265.32770 -176.61273 -74.85872 NaN NaN NaN NaN NaN NaN -30.74877 -187.46477 -29.30266
18947 1.87033 NaN NaN NaN 205.75929 -143.40503 31.01939 265.52713 -176.69708 -75.07378 NaN NaN NaN NaN NaN NaN -30.21751 -187.19830 -29.41852
18948 1.87868 NaN NaN NaN 206.42159 -144.18199 31.18242 265.70502 -176.78249 -75.40257 NaN NaN NaN NaN NaN NaN -29.76608 -186.91982 -29.50048
18949 1.88703 NaN NaN NaN 207.01933 -144.87984 31.28440 265.93689 -176.88457 -75.74861 NaN NaN NaN NaN NaN NaN -29.37284 -186.71049 -29.76015
18950 1.89537 NaN NaN NaN 207.55304 -145.49687 31.40210 266.15320 -177.02640 -75.92335 NaN NaN NaN NaN NaN NaN -29.05035 -186.59338 -30.02410
18951 1.90372 NaN NaN NaN 207.91832 -145.93889 31.43945 266.37045 -177.12904 -76.03741 NaN NaN NaN NaN NaN NaN -28.80068 -186.45200 -30.25143
18952 1.91207 NaN NaN NaN 208.25256 -146.30681 31.48969 266.52490 -177.24118 -76.09296 NaN NaN NaN NaN NaN NaN -28.59756 -186.41144 -30.49558
18953 1.92041 NaN NaN NaN 208.55688 -146.64984 31.58197 266.63629 -177.29869 -76.16496 NaN NaN NaN NaN NaN NaN -28.47811 -186.38988 -30.76225
18954 1.92876 NaN NaN NaN 208.83803 -146.98158 31.67210 266.69983 -177.35132 -76.33459 NaN NaN NaN NaN NaN NaN -28.40972 -186.37970 -30.92289
18955 1.93711 NaN NaN NaN 209.06439 -147.26596 31.78195 266.77203 -177.35255 -76.44238 NaN NaN NaN NaN NaN NaN -28.34352 -186.37451 -31.08275
18956 1.94545 NaN NaN NaN 209.32507 -147.57555 31.92456 266.86206 -177.48761 -76.36164 NaN NaN NaN NaN NaN NaN -28.26624 -186.36960 -31.19592
18957 1.95380 NaN NaN NaN 209.51852 -147.84451 32.01495 266.90506 -177.51869 -76.44982 NaN NaN NaN NaN NaN NaN -28.23720 -186.39478 -31.21302
18958 1.96215 NaN NaN NaN 209.67969 -148.17712 32.11511 266.95584 -177.51640 -76.50797 NaN NaN NaN NaN NaN NaN -28.26354 -186.42656 -31.22804
18959 1.97049 NaN NaN NaN 209.79359 -148.47295 32.17345 266.98364 -177.50665 -76.55846 NaN NaN NaN NaN NaN NaN -28.27869 -186.46109 -31.22943
18960 1.97884 NaN NaN NaN 209.85423 -148.73122 32.22825 267.04068 -177.55324 -76.62862 NaN NaN NaN NaN NaN NaN -28.29890 -186.49020 -31.25330
18961 1.98719 NaN NaN NaN 209.86508 -148.96259 32.18658 267.10770 -177.59221 -76.63655 NaN NaN NaN NaN NaN NaN -28.31310 -186.52454 -31.26528
18962 1.99553 NaN NaN NaN 209.77966 -149.12094 32.11023 267.14676 -177.61572 -76.64202 NaN NaN NaN NaN NaN NaN -28.34911 -186.57364 -31.22617
18963 2.00388 NaN NaN NaN 209.61778 -149.16628 32.03734 267.17780 -177.67603 -76.62157 NaN NaN NaN NaN NaN NaN -28.34876 -186.62337 -31.29518
18964 2.01223 NaN NaN NaN 209.42657 -149.18123 31.92826 267.18759 -177.70335 -76.61673 NaN NaN NaN NaN NaN NaN -28.37567 -186.67154 -31.33269
18965 2.02057 NaN NaN NaN 209.22769 -149.18559 31.83489 267.20239 -177.73613 -76.61746 NaN NaN NaN NaN NaN NaN -28.36237 -186.67755 -31.41588
18966 2.02892 NaN NaN NaN 209.10306 -149.23605 31.74605 267.22269 -177.75110 -76.61678 NaN NaN NaN NaN NaN NaN -28.32977 -186.69569 -31.47506
18967 2.03727 NaN NaN NaN 208.95631 -149.32892 31.70677 267.23618 -177.74881 -76.60232 NaN NaN NaN NaN NaN NaN -28.23976 -186.61945 -31.49129
18968 2.04561 NaN NaN NaN 208.84329 -149.45721 31.66447 267.26715 -177.75638 -76.60860 NaN NaN NaN NaN NaN NaN -28.14765 -186.59343 -31.52739
18969 2.05396 NaN NaN NaN 208.70818 -149.60522 31.62580 267.29364 -177.76904 -76.60341 NaN NaN NaN NaN NaN NaN -28.05300 -186.55299 -31.61177
18970 2.06231 NaN NaN NaN 208.57150 -149.70773 31.57903 267.30963 -177.75708 -76.60456 NaN NaN NaN NaN NaN NaN -27.98451 -186.49910 -31.67908
18971 2.07065 NaN NaN NaN 208.43707 -149.82159 31.51943 267.33105 -177.77007 -76.57810 NaN NaN NaN NaN NaN NaN -27.91771 -186.49918 -31.74145
18972 2.07900 NaN NaN NaN 208.30019 -149.94055 31.47611 267.36230 -177.76738 -76.56802 NaN NaN NaN NaN NaN NaN -27.82375 -186.43478 -31.78469
18973 2.08734 NaN NaN NaN 208.15587 -150.06923 31.38240 267.40857 -177.76120 -76.60634 NaN NaN NaN NaN NaN NaN -27.75447 -186.36192 -31.89841
18974 2.09569 NaN NaN NaN 208.05255 -150.24284 31.31874 267.46393 -177.79681 -76.61391 NaN NaN NaN NaN NaN NaN -27.65182 -186.24866 -31.95472
18975 2.10404 NaN NaN NaN 208.02234 -150.40565 31.27953 267.50397 -177.84311 -76.61902 NaN NaN NaN NaN NaN NaN -27.60762 -186.19275 -31.98786
18976 2.11238 NaN NaN NaN 208.03348 -150.60550 31.29796 267.56366 -177.88309 -76.60249 NaN NaN NaN NaN NaN NaN -27.56431 -186.13275 -31.98334
18977 2.12073 NaN NaN NaN 208.05537 -150.81836 31.31686 267.62006 -177.96309 -76.56327 NaN NaN NaN NaN NaN NaN -27.52284 -186.08040 -31.99625
18978 2.12908 NaN NaN NaN 208.09819 -151.07007 31.35221 267.66727 -178.04819 -76.56673 NaN NaN NaN NaN NaN NaN -27.49144 -185.99684 -31.93339
18979 2.13742 NaN NaN NaN 208.09087 -151.30112 31.38261 267.72021 -178.07883 -76.57664 NaN NaN NaN NaN NaN NaN -27.46142 -185.88786 -31.90275
18980 2.14577 NaN NaN NaN 208.04764 -151.47267 31.38749 267.77615 -178.07675 -76.59903 NaN NaN NaN NaN NaN NaN -27.46495 -185.78601 -31.89874
18981 2.15412 NaN NaN NaN 207.99208 -151.58426 31.39156 267.82910 -178.06047 -76.60080 NaN NaN NaN NaN NaN NaN -27.47171 -185.72887 -31.91649
18982 2.16246 NaN NaN NaN 207.92558 -151.64494 31.36145 267.85031 -178.05753 -76.57914 NaN NaN NaN NaN NaN NaN -27.49106 -185.68771 -31.93113
18983 2.17081 NaN NaN NaN 207.79466 -151.66835 31.33896 267.87793 -178.05464 -76.55063 NaN NaN NaN NaN NaN NaN -27.51288 -185.65752 -31.93274
18984 2.17916 NaN NaN NaN 207.58000 -151.64050 31.27166 267.90427 -178.05807 -76.48630 NaN NaN NaN NaN NaN NaN -27.53496 -185.63968 -31.93815
18985 2.18750 NaN NaN NaN 207.27313 -151.53665 31.12554 267.92325 -178.03792 -76.41350 NaN NaN NaN NaN NaN NaN -27.56391 -185.64540 -31.94870
18986 2.19585 NaN NaN NaN 206.88637 -151.38037 30.94097 267.95013 -177.99925 -76.32090 NaN NaN NaN NaN NaN NaN -27.60948 -185.61882 -31.97174
18987 2.20420 NaN NaN NaN 206.39333 -151.17216 30.76483 267.97672 -177.93410 -76.10186 NaN NaN NaN NaN NaN NaN -27.70488 -185.65628 -31.97656
18988 2.21254 NaN NaN NaN 205.87650 -150.86189 30.57216 268.01645 -177.90880 -75.94357 NaN NaN NaN NaN NaN NaN -27.81756 -185.68364 -31.98306
18989 2.22089 NaN NaN NaN 205.24364 -150.45897 30.29366 268.03568 -177.83929 -75.76353 NaN NaN NaN NaN NaN NaN -27.93959 -185.69295 -32.02168
18990 2.22924 NaN NaN NaN 204.54036 -150.09048 29.98521 268.03860 -177.79460 -75.57498 NaN NaN NaN NaN NaN NaN -28.01498 -185.72221 -31.98293
18991 2.23758 NaN NaN NaN 203.71912 -149.62958 29.56923 268.09305 -177.74805 -75.31197 NaN NaN NaN NaN NaN NaN -28.06367 -185.73689 -31.96477
18992 2.24593 NaN NaN NaN 202.82617 -149.10481 29.17145 268.12482 -177.71410 -75.07205 NaN NaN NaN NaN NaN NaN -28.15461 -185.77716 -31.89773
18993 2.25428 NaN NaN NaN 201.87564 -148.41711 28.71931 268.14450 -177.60634 -74.83290 NaN NaN NaN NaN NaN NaN -28.30546 -185.85992 -31.88307
18994 2.26262 NaN NaN NaN 200.88879 -147.66666 28.21906 268.08090 -177.54868 -74.48887 NaN NaN NaN NaN NaN NaN -28.41321 -185.91182 -31.79484
18995 2.27097 NaN NaN NaN 199.90709 -146.78244 27.82343 267.86505 -177.49142 -74.15818 NaN NaN NaN NaN NaN NaN -28.48283 -185.94748 -31.73214
18996 2.27932 NaN NaN NaN 198.95573 -145.80267 27.48380 267.52982 -177.41132 -73.92062 NaN NaN NaN NaN NaN NaN -28.51372 -185.97791 -31.63101
18997 2.28766 NaN NaN NaN 197.97816 -144.76201 27.13164 267.07248 -177.24400 -73.59061 NaN NaN NaN NaN NaN NaN -28.54807 -185.99828 -31.56350
18998 2.29601 NaN NaN NaN 197.04477 -143.76265 26.80061 266.67551 -177.15608 -73.27277 NaN NaN NaN NaN NaN NaN -28.57254 -185.97340 -31.52410
18999 2.30436 NaN NaN NaN 196.17232 -142.77324 26.53715 266.18826 -177.05716 -72.94897 NaN NaN NaN NaN NaN NaN -28.65432 -185.97078 -31.47665
19000 2.31270 NaN NaN NaN 195.47832 -141.87527 26.34913 265.76260 -176.99078 -72.53842 NaN NaN NaN NaN NaN NaN -28.70280 -185.98239 -31.44653
19001 2.32105 NaN NaN NaN 194.95375 -141.18375 26.23702 265.50394 -177.01468 -72.20013 NaN NaN NaN NaN NaN NaN -28.74149 -186.01012 -31.44934
19002 2.32939 NaN NaN NaN 194.61829 -140.66423 26.18203 265.27625 -177.00029 -72.05719 NaN NaN NaN NaN NaN NaN -28.72165 -186.00833 -31.44427
19003 2.33774 NaN NaN NaN 194.45334 -140.32716 26.15561 265.16681 -176.93007 -72.03542 NaN NaN NaN NaN NaN NaN -28.71619 -185.97270 -31.46617
19004 2.34609 NaN NaN NaN 194.44603 -140.19530 26.13252 265.12549 -176.88358 -71.99015 NaN NaN NaN NaN NaN NaN -28.66705 -185.93541 -31.47967
19005 2.35443 NaN NaN NaN 194.55359 -140.18333 26.14147 265.11417 -176.85405 -72.09643 NaN NaN NaN NaN NaN NaN -28.63941 -185.90146 -31.48977
19006 2.36278 NaN NaN NaN 194.85332 -140.32025 26.21831 265.11475 -176.86378 -72.26579 NaN NaN NaN NaN NaN NaN -28.57240 -185.89578 -31.45545
19007 2.37113 NaN NaN NaN 195.21434 -140.49800 26.36119 265.09781 -176.84904 -72.51605 NaN NaN NaN NaN NaN NaN -28.46743 -185.88638 -31.40742
19008 2.37947 NaN NaN NaN 195.66542 -140.75058 26.52552 265.09393 -176.89424 -72.66597 NaN NaN NaN NaN NaN NaN -28.29951 -185.86717 -31.33643
19009 2.38782 NaN NaN NaN 196.08624 -140.97429 26.72277 265.08362 -176.91545 -72.85336 NaN NaN NaN NaN NaN NaN -28.16493 -185.83852 -31.26314
19010 2.39617 NaN NaN NaN 196.46054 -141.26022 26.86168 265.09497 -176.95166 -73.06506 NaN NaN NaN NaN NaN NaN -27.94419 -185.77986 -31.22162
19011 2.40451 NaN NaN NaN 196.82297 -141.57248 27.03597 265.05267 -177.09676 -73.26477 NaN NaN NaN NaN NaN NaN -27.61651 -185.69435 -31.26161
19012 2.41286 NaN NaN NaN 197.15483 -141.81845 27.19555 264.99347 -177.18593 -73.38075 NaN NaN NaN NaN NaN NaN -27.24827 -185.58060 -31.23570
19013 2.42121 NaN NaN NaN 197.48018 -142.03241 27.33908 265.00180 -177.23904 -73.48586 NaN NaN NaN NaN NaN NaN -26.85046 -185.42972 -31.36604
19014 2.42955 NaN NaN NaN 197.86972 -142.21925 27.50615 265.00409 -177.28479 -73.64106 NaN NaN NaN NaN NaN NaN -26.44476 -185.31470 -31.54506
19015 2.43790 NaN NaN NaN 198.30748 -142.35205 27.67576 264.99612 -177.33319 -73.80906 NaN NaN NaN NaN NaN NaN -26.07358 -185.16602 -31.73077
19016 2.44625 NaN NaN NaN 198.81046 -142.56892 27.89504 265.01700 -177.35553 -73.96002 NaN NaN NaN 77.09183 -115.94790 -56.79612 -25.70868 -185.02884 -31.90137
19017 2.45459 NaN NaN NaN 199.41695 -142.83046 28.16296 265.04019 -177.38193 -74.07369 NaN NaN NaN 77.81597 -115.08213 -57.18869 -25.35040 -184.93614 -32.17362
19018 2.46294 NaN NaN NaN 200.06190 -143.10681 28.47426 265.03394 -177.39151 -74.19567 NaN NaN NaN 77.54195 -115.82232 -56.79342 -24.98894 -184.81036 -32.46447
19019 2.47129 NaN NaN NaN 200.78584 -143.33356 28.90766 265.02789 -177.39766 -74.34959 NaN NaN NaN 77.77725 -115.64868 -56.82787 -24.64845 -184.72704 -32.69709
19020 2.47963 NaN NaN NaN 201.48926 -143.58176 29.32747 264.98901 -177.35524 -74.53340 NaN NaN NaN 78.91982 -114.03467 -57.95832 -24.36615 -184.63805 -32.88547
19021 2.48798 NaN NaN NaN 202.22250 -143.82181 29.74758 264.99643 -177.30443 -74.66078 NaN NaN NaN 78.88539 -114.15405 -58.03519 -24.15978 -184.60516 -33.03714
19022 2.49633 NaN NaN NaN 202.89929 -144.07408 30.10339 264.99182 -177.24670 -74.73827 NaN NaN NaN 79.17506 -113.55309 -58.37093 -23.93240 -184.60753 -33.25661
19023 2.50467 NaN NaN NaN 203.55569 -144.31906 30.43749 265.05945 -177.19702 -74.81792 NaN NaN NaN 79.48439 -113.08729 -58.77921 -23.71791 -184.59361 -33.44373
19024 2.51302 NaN NaN NaN 204.25406 -144.65337 30.77761 265.14053 -177.17714 -74.96830 NaN NaN NaN 79.79224 -112.90143 -59.18621 -23.52674 -184.62077 -33.63051
19025 2.52137 NaN NaN NaN 205.01253 -145.05168 31.07018 265.23215 -177.19374 -75.18958 NaN NaN NaN 80.09739 -112.64581 -59.71888 -23.44268 -184.66515 -33.81272
19026 2.52971 NaN NaN NaN 205.75070 -145.53056 31.33299 265.33578 -177.19638 -75.41115 NaN NaN NaN 80.24596 -112.32684 -60.16174 -23.40766 -184.80438 -33.88181
19027 2.53806 NaN NaN NaN 206.47029 -146.04672 31.50348 265.53897 -177.25957 -75.67310 NaN NaN NaN 80.46680 -112.23495 -60.44983 -23.35483 -184.91643 -34.03843
19028 2.54641 NaN NaN NaN 207.15863 -146.58867 31.65217 265.82834 -177.48952 -75.75485 NaN NaN NaN 80.55955 -111.98297 -60.70834 -23.29176 -185.01607 -34.22796
19029 2.55475 NaN NaN NaN 207.78633 -147.11572 31.77729 266.05481 -177.57870 -75.94617 NaN NaN NaN 80.61092 -112.03503 -60.86402 -23.21275 -185.05251 -34.37872
19030 2.56310 NaN NaN NaN 208.42711 -147.66693 31.86194 266.28171 -177.76910 -76.22311 NaN NaN NaN 80.60378 -112.22127 -60.98048 -23.14861 -185.10666 -34.54090
19031 2.57145 NaN NaN NaN 208.97702 -148.16481 31.93683 266.46109 -177.88515 -76.48843 NaN NaN NaN 80.59617 -112.48327 -61.25759 -23.18267 -185.16209 -34.63807
19032 2.57979 NaN NaN NaN 209.48999 -148.60146 32.02821 266.60361 -178.01512 -76.62219 NaN NaN NaN 80.52634 -112.80104 -61.41187 -23.16337 -185.19003 -34.73599
19033 2.58814 NaN NaN NaN 209.91037 -148.98718 32.12198 266.76962 -178.19722 -76.67785 NaN NaN NaN 80.37399 -113.10571 -61.43826 -23.12815 -185.24911 -34.80036
19034 2.59648 NaN NaN NaN 210.23232 -149.28009 32.14297 266.96405 -178.38008 -76.76118 NaN NaN NaN 80.20909 -113.36916 -61.36992 -23.07264 -185.29857 -34.83435
19035 2.60483 NaN NaN NaN 210.46390 -149.56824 32.13682 267.13608 -178.58456 -76.80650 NaN NaN NaN 80.05726 -113.67478 -61.28333 -22.99612 -185.31416 -34.85477
19036 2.61318 NaN NaN NaN 210.73230 -149.87114 32.16611 267.30368 -178.76729 -76.93070 NaN NaN NaN 79.91731 -113.97180 -61.16193 -22.92839 -185.29114 -34.85095
19037 2.62152 NaN NaN NaN 210.95251 -150.15466 32.18523 267.45676 -178.90567 -77.04603 NaN NaN NaN 79.80415 -114.23711 -61.04337 -22.86978 -185.23129 -34.83501
19038 2.62987 NaN NaN NaN 211.13220 -150.46834 32.22555 267.57678 -178.91837 -77.12314 NaN NaN NaN 79.73869 -114.45846 -60.95811 -22.79866 -185.18068 -34.80553
19039 2.63822 NaN NaN NaN 211.32265 -150.75172 32.23447 267.65228 -178.88947 -77.23744 NaN NaN NaN 79.60715 -114.53223 -60.91248 -22.73892 -185.13440 -34.76297
19040 2.64656 NaN NaN NaN 211.49921 -151.06767 32.27099 267.67969 -178.69159 -77.34680 NaN NaN NaN 79.58208 -114.50869 -60.89240 -22.67708 -185.11630 -34.63517
19041 2.65491 NaN NaN NaN 211.68959 -151.41760 32.27179 267.75415 -178.42639 -77.51834 NaN NaN NaN 79.62014 -114.40100 -60.93147 -22.62807 -185.10332 -34.56371
19042 2.66326 NaN NaN NaN 211.86566 -151.79420 32.28874 267.84756 -178.15906 -77.69917 NaN NaN NaN 79.71838 -114.22677 -60.94979 -22.57981 -185.01019 -34.54916
19043 2.67160 NaN NaN NaN 212.07050 -152.19083 32.36357 267.95047 -178.02754 -77.77368 NaN NaN NaN 79.81248 -114.03646 -61.02201 -22.56621 -184.92729 -34.56512
19044 2.67995 NaN NaN NaN 212.22813 -152.55695 32.44193 268.04916 -178.02521 -77.78870 NaN NaN NaN 79.93380 -113.79406 -61.08288 -22.57806 -184.82623 -34.58601
19045 2.68830 NaN NaN NaN 212.25476 -152.85674 32.52773 268.14362 -178.10718 -77.75003 NaN NaN NaN 80.07770 -113.66823 -61.13998 -22.61504 -184.72075 -34.61834
19046 2.69664 NaN NaN NaN 212.23187 -153.09041 32.58650 268.25735 -178.26572 -77.64334 NaN NaN NaN 80.12861 -113.50072 -61.21948 -22.67138 -184.62671 -34.62982
19047 2.70499 NaN NaN NaN 212.13383 -153.29350 32.62355 268.37286 -178.42036 -77.49240 NaN NaN NaN 80.10025 -113.22560 -61.25477 -22.79757 -184.55293 -34.69147
19048 2.71334 NaN NaN NaN 212.03851 -153.42062 32.63261 268.46725 -178.52054 -77.35912 NaN NaN NaN 80.09673 -113.10052 -61.30867 -22.91576 -184.46889 -34.80669
19049 2.72168 NaN NaN NaN 211.96767 -153.55074 32.67517 268.53247 -178.55792 -77.30459 NaN NaN NaN 80.09382 -112.99934 -61.36926 -23.12234 -184.43272 -34.90265
19050 2.73003 NaN NaN NaN 211.87645 -153.67921 32.72149 268.57941 -178.53146 -77.22854 NaN NaN NaN 80.06213 -112.79697 -61.43463 -23.32887 -184.53758 -34.96563
19051 2.73838 NaN NaN NaN 211.81487 -153.80113 32.76113 268.63385 -178.50182 -77.10966 NaN NaN NaN 80.07567 -112.79478 -61.48811 -23.45173 -184.52074 -35.10271
19052 2.74672 NaN NaN NaN 211.78329 -153.96509 32.83841 268.65817 -178.47902 -77.03084 NaN NaN NaN 80.03393 -112.83832 -61.50465 -23.56621 -184.49301 -35.29898
19053 2.75507 NaN NaN NaN 211.79987 -154.19220 32.92459 268.66718 -178.44710 -76.99916 NaN NaN NaN 79.87101 -112.83342 -61.59342 -23.67765 -184.53938 -35.54374
19054 2.76342 NaN NaN NaN 211.87506 -154.48735 33.03223 268.66055 -178.44376 -77.00367 NaN NaN NaN 79.76028 -112.88225 -61.71914 -23.75551 -184.56973 -35.68077
19055 2.77176 NaN NaN NaN 212.03026 -154.88005 33.15224 268.68448 -178.43271 -77.02495 NaN NaN NaN 79.64378 -112.92344 -61.84505 -23.84104 -184.58846 -35.81344
19056 2.78011 NaN NaN NaN 212.17351 -155.35989 33.27631 268.71527 -178.42555 -77.07340 NaN NaN NaN 79.59747 -113.17583 -61.91225 -23.89365 -184.61667 -35.92226
19057 2.78846 NaN NaN NaN 212.31920 -155.89299 33.31678 268.80121 -178.33875 -77.21310 NaN NaN NaN 79.52917 -113.37007 -61.88459 -23.96074 -184.65405 -36.00544
19058 2.79680 NaN NaN NaN 212.41058 -156.44817 33.33109 268.94781 -178.29753 -77.29277 NaN NaN NaN 79.39510 -113.46410 -61.82977 -23.99170 -184.70654 -36.07222
19059 2.80515 NaN NaN NaN 212.37431 -156.89723 33.27376 269.15781 -178.25751 -77.36249 NaN NaN NaN 79.33509 -113.73148 -61.70863 -24.02571 -184.73260 -36.13646
19060 2.81350 NaN NaN NaN 212.22458 -157.19759 33.11769 269.34979 -178.34685 -77.36284 NaN NaN NaN 79.24483 -113.75278 -61.57431 -24.03788 -184.73865 -36.20335
19061 2.82184 NaN NaN NaN 211.93399 -157.32991 32.86265 269.47540 -178.43983 -77.34190 NaN NaN NaN 79.13937 -113.85294 -61.33495 -24.08234 -184.71375 -36.15544
19062 2.83019 NaN NaN NaN 211.50948 -157.30223 32.52966 269.52176 -178.44249 -77.32432 NaN NaN NaN 79.03101 -113.91158 -61.11105 -24.10855 -184.68736 -36.15260
19063 2.83853 NaN NaN NaN 211.03195 -157.05719 32.28541 269.58551 -178.46396 -77.26196 NaN NaN NaN 78.97314 -113.96576 -60.92142 -24.15348 -184.64436 -36.06720
19064 2.84688 NaN NaN NaN 210.52835 -156.72247 32.10886 269.60074 -178.46063 -77.12494 NaN NaN NaN 78.94798 -114.14932 -60.79584 -24.19654 -184.62132 -36.00280
19065 2.85523 NaN NaN NaN 210.02650 -156.32417 31.97479 269.63293 -178.42964 -76.97591 NaN NaN NaN 78.84637 -114.22804 -60.66731 -24.26174 -184.56590 -35.92493
19066 2.86357 NaN NaN NaN 209.50484 -155.96138 31.82976 269.63791 -178.39041 -76.85114 NaN NaN NaN 78.70260 -114.30876 -60.55653 -24.29542 -184.51237 -35.87542
19067 2.87192 NaN NaN NaN 209.00415 -155.61389 31.66899 269.63361 -178.34381 -76.66763 NaN NaN NaN 78.58959 -114.49709 -60.51448 -24.34051 -184.47122 -35.86624
19068 2.88027 NaN NaN NaN 208.56102 -155.30055 31.57667 269.59796 -178.30365 -76.45500 NaN NaN NaN 78.44230 -114.60756 -60.42660 -24.40271 -184.38196 -35.84646
19069 2.88861 NaN NaN NaN 208.11734 -155.00914 31.48675 269.58725 -178.21645 -76.28446 NaN NaN NaN 78.27854 -114.72148 -60.34617 -24.44582 -184.31175 -35.85039
19070 2.89696 NaN NaN NaN 207.61531 -154.70000 31.32083 269.57251 -178.11819 -76.07733 NaN NaN NaN 78.16889 -114.84687 -60.27303 -24.49942 -184.23384 -35.83493
19071 2.90531 NaN NaN NaN 207.05882 -154.35480 31.12600 269.58771 -178.09398 -75.86893 NaN NaN NaN 78.07116 -114.88358 -60.15723 -24.63029 -184.18024 -35.87719
19072 2.91365 NaN NaN NaN 206.49684 -153.96622 30.93523 269.58688 -178.09869 -75.70926 NaN NaN NaN 77.99289 -114.91625 -60.06657 -24.80178 -184.15498 -35.93232
19073 2.92200 NaN NaN NaN 206.01863 -153.52592 30.75920 269.59778 -178.07404 -75.58252 NaN NaN NaN 77.89370 -114.94261 -59.96748 -24.98135 -184.12749 -35.95777
19074 2.93035 NaN NaN NaN 205.53938 -153.08623 30.56767 269.54297 -178.02415 -75.36874 NaN NaN NaN 77.80712 -114.94586 -59.76401 -25.11851 -184.08640 -35.99995
19075 2.93869 NaN NaN NaN 204.95044 -152.60156 30.32801 269.41904 -177.88530 -75.22632 NaN NaN NaN 77.74216 -114.73000 -59.55359 -25.30260 -184.08035 -35.99106
19076 2.94704 NaN NaN NaN 204.21902 -152.01857 29.99760 269.28754 -177.76099 -75.09869 NaN NaN NaN 77.71774 -114.56811 -59.34709 -25.45741 -184.10254 -35.95630
19077 2.95539 NaN NaN NaN 203.31415 -151.28859 29.58691 269.13510 -177.57047 -74.96507 NaN NaN NaN 77.67300 -114.40968 -59.13438 -25.63143 -184.15526 -35.90174
19078 2.96373 NaN NaN NaN 202.27350 -150.32381 29.15804 268.96469 -177.47705 -74.72874 NaN NaN NaN 77.70348 -114.33394 -58.93069 -25.80902 -184.19301 -35.80300
19079 2.97208 NaN NaN NaN 201.10876 -149.10806 28.59165 268.66763 -177.34825 -74.37257 NaN NaN NaN 77.73579 -114.32880 -58.78243 -25.99931 -184.30132 -35.73525
19080 2.98043 NaN NaN NaN 199.89519 -147.60785 28.16248 268.20834 -177.26367 -73.98241 NaN NaN NaN 77.71011 -114.39811 -58.74592 -26.28913 -184.42920 -35.61959
19081 2.98877 NaN NaN NaN 198.71593 -145.95502 27.79747 267.58615 -177.04941 -73.48564 NaN NaN NaN 77.66830 -114.63037 -58.70409 -26.51523 -184.55592 -35.50457
19082 2.99712 NaN NaN NaN 197.66142 -144.38960 27.50329 266.97684 -176.85962 -73.03226 NaN NaN NaN 77.51060 -114.98458 -58.70725 -26.65691 -184.68048 -35.39552
19083 3.00547 NaN NaN NaN 196.71394 -142.97202 27.24326 266.48471 -176.68474 -72.56391 NaN NaN NaN 77.18382 -115.18197 -58.81973 -26.86512 -184.84895 -35.29740
19084 3.01381 NaN NaN NaN 195.96143 -141.90236 27.00929 266.11890 -176.60747 -72.21609 NaN NaN NaN 76.89423 -115.44897 -58.85167 -27.05107 -184.99541 -35.19592
19085 3.02216 NaN NaN NaN 195.55864 -141.17221 26.91422 265.81598 -176.48540 -71.99115 NaN NaN NaN 76.66171 -115.89289 -58.74148 -27.22307 -185.14473 -35.15641
19086 3.03051 NaN NaN NaN 195.45213 -140.80423 26.92734 265.61612 -176.38435 -71.91376 NaN NaN NaN 76.42227 -116.32414 -58.55300 -27.41876 -185.29991 -35.11158
19087 3.03885 NaN NaN NaN 195.57860 -140.73903 27.03548 265.51279 -176.32413 -71.98203 NaN NaN NaN 76.21300 -116.81319 -58.20585 -27.57631 -185.44318 -35.06844
19088 3.04720 NaN NaN NaN 195.87968 -140.84851 27.18409 265.50089 -176.30202 -72.16999 NaN NaN NaN 75.96678 -117.15556 -58.07903 -27.63469 -185.56529 -35.03379
19089 3.05555 NaN NaN NaN 196.39296 -141.16368 27.36687 265.52869 -176.23506 -72.40900 NaN NaN NaN 75.72491 -117.56175 -57.82573 -27.66014 -185.63045 -35.01196
19090 3.06389 NaN NaN NaN 196.99904 -141.64970 27.63589 265.57104 -176.23903 -72.71432 NaN NaN NaN 75.54939 -117.90672 -57.69104 -27.70643 -185.72989 -34.96021
19091 3.07224 NaN NaN NaN 197.64749 -142.22403 27.89457 265.65454 -176.24553 -73.02558 NaN NaN NaN 75.41746 -118.23102 -57.63633 -27.69089 -185.81256 -34.92700
19092 3.08059 NaN NaN NaN 198.31580 -142.87845 28.12157 265.74985 -176.28201 -73.31226 NaN NaN NaN 75.38813 -118.74148 -57.86138 -27.61440 -185.84898 -34.86540
19093 3.08893 NaN NaN NaN 198.98262 -143.49902 28.44095 265.84006 -176.40775 -73.56782 NaN NaN NaN 75.33974 -119.09751 -58.02752 -27.44352 -185.89124 -34.86544
19094 3.09728 NaN NaN NaN 199.67061 -144.14554 28.71801 265.95038 -176.48959 -73.82150 NaN NaN NaN 75.27212 -119.32024 -58.18880 -27.17403 -185.91530 -34.90629
19095 3.10562 NaN NaN NaN 200.28212 -144.71310 28.94598 266.07578 -176.65642 -74.01861 NaN NaN NaN 75.28111 -119.32642 -58.45496 -26.88123 -185.90572 -35.01241
19096 3.11397 NaN NaN NaN 200.86842 -145.16173 29.09595 266.20810 -176.73981 -74.24486 NaN NaN NaN 75.43216 -119.20763 -58.74944 -26.52191 -185.81598 -35.13082
19097 3.12232 NaN NaN NaN 201.38377 -145.44353 29.23165 266.30121 -176.86584 -74.45088 NaN NaN NaN 75.67732 -118.91329 -59.00564 -26.15248 -185.74034 -35.29829
19098 3.13066 NaN NaN NaN 201.86888 -145.63422 29.36068 266.36588 -176.91139 -74.65549 NaN NaN NaN 76.04826 -118.36283 -59.23781 -25.75184 -185.62309 -35.52618
19099 3.13901 NaN NaN NaN 202.23402 -145.77386 29.42323 266.47903 -176.94844 -74.77875 NaN NaN NaN 76.58961 -117.80773 -59.48145 -25.39384 -185.56339 -35.74603
19100 3.14736 NaN NaN NaN 202.55432 -145.84941 29.45745 266.63080 -176.97980 -74.87785 NaN NaN NaN 77.25199 -117.10979 -59.75843 -25.04566 -185.47951 -35.87411
19101 3.15570 NaN NaN NaN 202.88361 -145.90869 29.48148 266.76593 -176.98183 -74.93665 NaN NaN NaN 77.85802 -116.27797 -60.09297 -24.72529 -185.32458 -35.94054
19102 3.16405 NaN NaN NaN 203.12926 -145.94810 29.43377 266.87543 -176.97412 -75.04364 NaN NaN NaN 78.48589 -115.34940 -60.44126 -24.45294 -185.20560 -35.99619
19103 3.17240 NaN NaN NaN 203.39590 -145.96303 29.36672 266.93234 -176.98933 -75.21521 NaN NaN NaN 79.13382 -114.43782 -60.79228 -24.21086 -185.12677 -35.98054
19104 3.18074 NaN NaN NaN 203.59717 -145.90326 29.30195 266.96899 -176.98004 -75.39410 NaN NaN NaN 79.74471 -113.52054 -61.13818 -24.01936 -185.04289 -35.98003
19105 3.18909 NaN NaN NaN 203.73302 -145.73698 29.25655 266.97720 -176.96617 -75.49508 NaN NaN NaN 80.25806 -112.67653 -61.46154 -23.88399 -185.00189 -35.93702
19106 3.19744 NaN NaN NaN 203.83047 -145.50522 29.25335 266.94751 -176.93753 -75.53559 NaN NaN NaN 80.69311 -111.90687 -61.78781 -23.79750 -185.01328 -35.90530
19107 3.20578 NaN NaN NaN 203.95428 -145.24524 29.30979 266.90939 -176.89307 -75.54720 NaN NaN NaN 81.11507 -111.39883 -62.09970 -23.72915 -185.02676 -35.87987
19108 3.21413 NaN NaN NaN 204.10208 -145.03766 29.40008 266.87668 -176.88226 -75.49731 NaN NaN NaN 81.38377 -111.00591 -62.45475 -23.63533 -185.04764 -35.88406
19109 3.22248 NaN NaN NaN 204.26309 -144.90976 29.56089 266.88593 -176.90604 -75.39391 NaN NaN NaN 81.46634 -110.88919 -62.72945 -23.56034 -185.03734 -35.90805
19110 3.23082 NaN NaN NaN 204.39496 -144.86641 29.73145 266.87302 -176.89044 -75.25094 NaN NaN NaN 81.49580 -110.87935 -62.94619 -23.50317 -185.01053 -35.95747
19111 3.23917 NaN NaN NaN 204.50850 -144.82121 29.85205 266.88333 -176.86293 -75.19072 NaN NaN NaN 81.38019 -111.08233 -62.99897 -23.45094 -184.97853 -35.97816
19112 3.24752 NaN NaN NaN 204.57826 -144.77063 29.89082 266.88876 -176.82901 -75.17612 NaN NaN NaN 81.22758 -111.41654 -62.94692 -23.40841 -184.97661 -35.96232
19113 3.25586 NaN NaN NaN 204.57208 -144.76509 29.90684 266.88513 -176.73311 -75.18440 NaN NaN NaN 80.95134 -111.89235 -62.75072 -23.37433 -184.94333 -35.93581
19114 3.26421 NaN NaN NaN 204.54729 -144.76285 29.88329 266.89453 -176.68863 -75.20390 NaN NaN NaN 80.62975 -112.42950 -62.49223 -23.33109 -184.91458 -35.87996
19115 3.27256 NaN NaN NaN 204.51358 -144.81473 29.87930 266.90933 -176.65921 -75.22321 NaN NaN NaN 80.23940 -113.06576 -62.21621 -23.28754 -184.87515 -35.80453
19116 3.28090 NaN NaN NaN 204.53925 -144.90309 29.88144 266.92465 -176.66180 -75.23581 NaN NaN NaN 79.76852 -113.69800 -61.94763 -23.28737 -184.82278 -35.77845
19117 3.28925 NaN NaN NaN 204.57159 -145.08742 29.92205 266.93604 -176.66953 -75.25069 NaN NaN NaN 79.39300 -114.21637 -61.90001 -23.32881 -184.73599 -35.83143
19118 3.29760 NaN NaN NaN 204.69675 -145.42169 30.00864 266.97144 -176.72981 -75.29581 NaN NaN NaN 78.97488 -114.69653 -61.87605 -23.32149 -184.59259 -35.86493
19119 3.30594 NaN NaN NaN 204.91486 -145.87311 30.16431 267.05658 -176.78668 -75.35215 NaN NaN NaN 78.59190 -115.00707 -61.83367 -23.36998 -184.46756 -35.86874
19120 3.31429 NaN NaN NaN 205.20224 -146.46074 30.31462 267.24170 -176.85292 -75.40596 NaN NaN NaN 78.33768 -115.15346 -61.78072 -23.45451 -184.35956 -35.93685
19121 3.32264 NaN NaN NaN 205.47527 -147.12048 30.45470 267.45038 -176.91402 -75.45709 NaN NaN NaN 78.15144 -115.12688 -61.49310 -23.53633 -184.18752 -36.06411
19122 3.33098 NaN NaN NaN 205.63809 -147.84604 30.54543 267.69601 -177.04327 -75.46313 NaN NaN NaN 78.10669 -114.80518 -61.23475 -23.66588 -184.05531 -36.26074
19123 3.33933 NaN NaN NaN 205.66937 -148.43333 30.55527 267.91110 -177.14841 -75.46546 NaN NaN NaN 78.15562 -114.46208 -60.90100 -23.82848 -183.91882 -36.51928
19124 3.34767 NaN NaN NaN 205.61186 -148.93448 30.49285 268.15820 -177.22066 -75.48190 NaN NaN NaN 78.35356 -114.02399 -60.59476 -24.00307 -183.86676 -36.81539
19125 3.35602 NaN NaN NaN 205.42029 -149.36906 30.35933 268.32858 -177.30782 -75.44599 NaN NaN NaN 78.64789 -113.73798 -60.33699 -24.30338 -183.86469 -37.15439
19126 3.36437 NaN NaN NaN 205.04485 -149.58574 30.14847 268.43234 -177.35994 -75.42257 NaN NaN NaN 78.95069 -113.19561 -59.99311 -24.58144 -183.84016 -37.53711
19127 3.37271 NaN NaN NaN 204.50652 -149.62154 29.84674 268.49863 -177.37737 -75.38316 NaN NaN NaN 79.26044 -112.66335 -59.55574 -24.90524 -183.90294 -37.99311
19128 3.38106 NaN NaN NaN 203.76605 -149.50081 29.43501 268.52771 -177.35176 -75.33463 NaN NaN NaN 79.63042 -112.17583 -59.05830 -25.22174 -183.92424 -38.49755
19129 3.38941 NaN NaN NaN 202.85060 -149.14847 28.98969 268.56107 -177.31093 -75.20092 NaN NaN NaN 79.89384 -111.58360 -58.60687 -25.55843 -184.04971 -39.08024
19130 3.39775 NaN NaN NaN 201.81876 -148.62218 28.34818 268.57037 -177.22664 -74.99611 NaN NaN NaN 80.11903 -110.94798 -58.08656 -25.95098 -184.24010 -39.71369
19131 3.40610 NaN NaN NaN 200.67873 -147.92049 27.73862 268.55371 -177.13516 -74.72903 NaN NaN NaN 80.36533 -110.56254 -57.45757 -26.36386 -184.47054 -40.30285
19132 3.41445 NaN NaN NaN 199.47501 -147.03413 27.10264 268.41931 -177.08403 -74.36263 NaN NaN NaN 80.49225 -110.05119 -56.87996 -26.69068 -184.63799 -40.73653
19133 3.42279 NaN NaN NaN 198.31625 -145.92877 26.61804 268.11047 -177.09401 -74.02876 NaN NaN NaN 80.11029 -110.35465 -56.04152 -27.01171 -184.88097 -41.05361
19134 3.43114 NaN NaN NaN 197.14323 -144.63817 26.18786 267.62656 -177.11913 -73.46682 NaN NaN NaN 79.72118 -110.76256 -55.20013 -27.28568 -185.09413 -41.28108
19135 3.43949 NaN NaN NaN 195.94269 -143.28111 25.75535 267.18826 -177.18488 -72.96314 NaN NaN NaN 79.36000 -111.35686 -54.30379 -27.56915 -185.33554 -41.50077
19136 3.44783 NaN NaN NaN 194.69536 -141.85603 25.26589 266.78125 -177.23329 -72.27394 NaN NaN NaN 78.98643 -112.06033 -53.53181 -27.84621 -185.57838 -41.64774
19137 3.45618 NaN NaN NaN 193.50792 -140.42889 24.83781 266.33554 -177.27596 -71.65205 NaN NaN NaN 78.62679 -112.64865 -52.45927 -28.16436 -185.86732 -41.91111
19138 3.46453 NaN NaN NaN 192.32651 -138.96402 24.32866 265.89163 -177.19055 -70.98155 NaN NaN NaN 78.29280 -112.89433 -51.09417 -28.45114 -186.17648 -42.32727
19139 3.47287 NaN NaN NaN 191.13223 -137.55945 23.76468 265.58005 -177.05475 -70.31088 NaN NaN NaN 78.09280 -112.92381 -49.45312 -28.64882 -186.50290 -42.94722
19140 3.48122 NaN NaN NaN 189.96803 -136.17552 23.12735 265.36432 -176.87653 -69.66296 NaN NaN NaN 77.89769 -112.66205 -47.48674 -28.89140 -186.80051 -43.91102
19141 3.48957 NaN NaN NaN 188.91188 -134.80858 22.47482 265.08188 -176.68559 -69.18060 NaN NaN NaN 77.80286 -112.20310 -45.16718 -29.14242 -187.05737 -45.19685
19142 3.49791 NaN NaN NaN 188.04683 -133.54547 21.91236 264.83582 -176.53510 -68.82394 NaN NaN NaN 77.55711 -112.02489 -42.21017 -29.30870 -187.18114 -46.79765
19143 3.50626 NaN NaN NaN 187.40724 -132.41896 21.33809 264.58774 -176.46504 -68.60827 NaN NaN NaN 77.24698 -112.08762 -39.16752 -29.41892 -187.19397 -48.66664
19144 3.51461 NaN NaN NaN 186.87668 -131.43091 20.86032 264.35980 -176.40445 -68.38467 NaN NaN NaN 76.94081 -112.33492 -35.89454 -29.35102 -187.07555 -50.71394
19145 3.52295 NaN NaN NaN 186.48706 -130.52962 20.42189 264.15073 -176.35312 -68.11653 NaN NaN NaN 76.45681 -112.69983 -32.36652 -29.14721 -186.82518 -52.88705
19146 3.53130 NaN NaN NaN 186.07341 -129.59789 19.93920 263.96350 -176.31714 -67.94021 NaN NaN NaN 75.70322 -113.14361 -28.44330 -28.93141 -186.49834 -55.12327
19147 3.53965 NaN NaN NaN 185.72635 -128.73164 19.50021 263.83270 -176.36717 -67.76895 NaN NaN NaN 74.98954 -113.59121 -24.68170 -28.63059 -186.04147 -57.33692
19148 3.54799 NaN NaN NaN 185.45430 -127.87656 19.13530 263.71881 -176.38115 -67.50432 NaN NaN NaN 74.10903 -113.89996 -20.97999 -28.27105 -185.53610 -59.49062
19149 3.55634 NaN NaN NaN 185.27742 -127.17430 18.91517 263.61569 -176.45760 -67.23524 NaN NaN NaN 73.04030 -114.35313 -17.34447 -27.84070 -184.98830 -61.55811
19150 3.56469 NaN NaN NaN 185.18954 -126.60252 18.73923 263.55527 -176.51842 -67.01094 NaN NaN NaN 71.77810 -114.95065 -13.82263 -27.35379 -184.40068 -63.35548
19151 3.57303 NaN NaN NaN 185.10497 -126.14548 18.61554 263.52124 -176.58449 -66.84037 NaN NaN NaN 70.39416 -115.63879 -10.57762 -26.84563 -183.83484 -65.00664
19152 3.58138 NaN NaN NaN 185.03642 -125.67941 18.48028 263.46487 -176.63620 -66.65132 NaN NaN NaN 69.00666 -116.25154 -7.63086 -26.33767 -183.31148 -66.34327
19153 3.58973 NaN NaN NaN 184.92262 -125.17240 18.28965 263.40958 -176.62041 -66.50456 NaN NaN NaN 67.68703 -116.72069 -4.97310 -25.91515 -182.81195 -67.43536
19154 3.59807 NaN NaN NaN 184.83661 -124.67510 18.12251 263.34308 -176.60153 -66.32679 NaN NaN NaN 66.48267 -117.04007 -2.70416 -25.52481 -182.41411 -68.18491
19155 3.60642 NaN NaN NaN 184.83301 -124.22569 18.03280 263.27545 -176.56291 -66.25733 NaN NaN NaN 65.43230 -117.09734 -0.97350 -25.21441 -182.07637 -68.72493
19156 3.61476 NaN NaN NaN 184.92139 -123.79985 18.00875 263.22070 -176.55424 -66.24944 NaN NaN NaN 64.57566 -116.98685 0.38920 -24.96353 -181.83879 -68.94907
19157 3.62311 NaN NaN NaN 185.05299 -123.41664 17.82128 263.20856 -176.47375 -66.23450 NaN NaN NaN 63.81338 -116.82907 1.57035 -24.78904 -181.66003 -68.98188
19158 3.63146 NaN NaN NaN 185.21167 -123.04193 17.73071 263.25507 -176.41869 -66.24478 NaN NaN NaN 63.08685 -116.65845 2.60653 -24.65454 -181.55705 -68.98235
19159 3.63980 NaN NaN NaN 185.43642 -122.70255 17.68653 263.28345 -176.33453 -66.26674 NaN NaN NaN 62.32206 -116.56733 3.65516 -24.56091 -181.45654 -69.03368
19160 3.64815 NaN NaN NaN 185.71039 -122.48203 17.71345 263.35776 -176.26424 -66.30250 NaN NaN NaN 61.49659 -116.63481 4.69571 -24.47267 -181.31715 -69.22220
19161 3.65650 NaN NaN NaN 186.02133 -122.23318 17.76072 263.43439 -176.18495 -66.34719 NaN NaN NaN 60.65518 -116.85104 5.85171 -24.44390 -181.11308 -69.53974
19162 3.66484 NaN NaN NaN 186.29431 -121.94268 17.78485 263.52982 -176.13687 -66.32894 NaN NaN NaN 59.77806 -117.23715 6.93420 -24.43019 -180.89656 -69.93819
19163 3.67319 NaN NaN NaN 186.48039 -121.70022 17.85994 263.59714 -176.10168 -66.26892 NaN NaN NaN 58.93871 -117.74316 8.00359 -24.41553 -180.63353 -70.35867
19164 3.68154 NaN NaN NaN 186.59921 -121.44813 17.85030 263.66711 -176.08734 -66.13266 NaN NaN NaN 58.04608 -118.30510 8.95763 -24.42583 -180.37447 -70.82802
19165 3.68988 NaN NaN NaN 186.59818 -121.19001 17.79685 263.71326 -176.08769 -66.03212 NaN NaN NaN 57.22490 -118.90417 9.91284 -24.51056 -180.14151 -71.33915
19166 3.69823 NaN NaN NaN 186.54445 -120.87788 17.74047 263.68906 -176.10037 -65.91022 NaN NaN NaN 56.42948 -119.54155 10.65075 -24.61975 -180.00024 -71.84839
19167 3.70658 NaN NaN NaN 186.50121 -120.59695 17.79076 263.59875 -176.05905 -65.78720 NaN NaN NaN 55.68081 -120.14322 11.05418 -24.87005 -179.85126 -72.38922
19168 3.71492 NaN NaN NaN 186.41982 -120.38819 17.84425 263.44354 -176.01295 -65.66325 NaN NaN NaN 54.94130 -120.78477 11.29922 -25.17752 -179.79948 -72.90887
19169 3.72327 NaN NaN NaN 186.33688 -120.29801 17.84474 263.33606 -175.95029 -65.50996 NaN NaN NaN 54.21237 -121.39006 11.57667 -25.53822 -179.78383 -73.48792
19170 3.73162 NaN NaN NaN 186.20122 -120.21377 17.79669 263.23395 -175.88057 -65.35670 NaN NaN NaN 53.53484 -122.04845 11.84984 -25.90918 -179.84792 -74.01353
19171 3.73996 NaN NaN NaN 186.08940 -120.09064 17.72537 263.17294 -175.85535 -65.24210 NaN NaN NaN 52.88404 -122.78873 12.04427 -26.30067 -179.90814 -74.44400
19172 3.74831 NaN NaN NaN 185.96330 -119.96041 17.55741 263.15161 -175.86324 -65.17356 NaN NaN NaN 52.29674 -123.54543 12.18524 -26.71063 -180.06262 -74.90314
19173 3.75666 NaN NaN NaN 185.82846 -119.83600 17.41268 263.12814 -175.94200 -65.18286 NaN NaN NaN 51.77629 -124.25826 12.26106 -27.09706 -180.20522 -75.26092
19174 3.76500 NaN NaN NaN 185.68605 -119.74154 17.28985 263.09018 -176.06387 -65.12739 NaN NaN NaN 51.26746 -124.97993 12.45457 -27.51726 -180.37775 -75.58871
19175 3.77335 NaN NaN NaN 185.44005 -119.55883 17.04414 263.02448 -176.20532 -64.99299 NaN NaN NaN 50.82421 -125.65147 12.61070 -27.84561 -180.54202 -75.93914
19176 3.78170 NaN NaN NaN 184.92587 -119.20105 16.74869 262.97055 -176.35307 -64.62740 NaN NaN NaN 50.44543 -126.15902 12.66101 -28.12081 -180.71570 -76.25221
19177 3.79004 NaN NaN NaN 184.27386 -118.66296 16.26045 262.88327 -176.49884 -64.21278 NaN NaN NaN 50.26866 -126.49118 12.44546 -28.38105 -180.88979 -76.37875
19178 3.79839 NaN NaN NaN 183.66292 -118.11816 15.73281 262.77588 -176.64838 -63.74100 NaN NaN NaN 50.33450 -126.60706 12.05634 -28.62389 -181.16028 -76.27961
19179 3.80674 NaN NaN NaN 183.09665 -117.60429 15.24030 262.66235 -176.79263 -63.25795 NaN NaN NaN 50.70114 -126.33141 11.50934 -28.84657 -181.52664 -75.88201
19180 3.81508 NaN NaN NaN 182.56393 -117.08404 14.88533 262.53195 -176.92165 -62.79647 NaN NaN NaN 51.35777 -125.72005 10.74348 -29.02879 -181.95309 -75.19284
19181 3.82343 NaN NaN NaN 181.96786 -116.54787 14.39444 262.37341 -176.95457 -62.30436 NaN NaN NaN 52.14986 -124.84109 9.83672 -29.22564 -182.45358 -74.26588
19182 3.83178 NaN NaN NaN 181.26794 -115.90015 13.89786 262.18250 -177.01697 -61.69051 NaN NaN NaN 52.97932 -123.83327 8.82967 -29.36139 -182.97797 -73.28088
19183 3.84012 NaN NaN NaN 180.49223 -115.00664 13.27334 261.93359 -177.01657 -61.04229 NaN NaN NaN 53.71774 -122.84537 8.04010 -29.39072 -183.41527 -72.38228
19184 3.84847 NaN NaN NaN 179.63240 -114.01603 12.56299 261.72198 -176.93285 -60.31479 NaN NaN NaN 54.27742 -122.15249 7.46763 -29.33899 -183.62358 -71.83895
19185 3.85681 NaN NaN NaN 178.82483 -112.97392 11.75459 261.52313 -176.78830 -59.60665 NaN NaN NaN 54.52358 -121.84348 7.33240 -29.19759 -183.55963 -71.74416
19186 3.86516 NaN NaN NaN 178.08919 -111.94877 11.05378 261.27512 -176.66638 -58.96383 NaN NaN NaN 54.54808 -121.88891 7.56873 -28.99701 -183.31996 -71.97231
19187 3.87351 NaN NaN NaN 177.54460 -111.12517 10.49172 261.08679 -176.58377 -58.56237 NaN NaN NaN 54.43072 -122.08913 7.79183 -28.81108 -182.99500 -72.24190
19188 3.88185 NaN NaN NaN 177.14847 -110.54420 10.08683 260.94870 -176.40439 -58.21295 NaN NaN NaN 54.39784 -122.23643 8.00080 -28.65120 -182.74281 -72.39497
19189 3.89020 NaN NaN NaN 176.88718 -110.17288 9.83783 260.84946 -176.20360 -57.97667 NaN NaN NaN 54.49850 -122.19909 8.01362 -28.55359 -182.61723 -72.42544
19190 3.89855 NaN NaN NaN 176.69698 -109.92711 9.68800 260.77991 -176.05110 -57.80038 NaN NaN NaN 54.45511 -122.21889 8.09556 -28.48517 -182.52385 -72.43771
19191 3.90689 NaN NaN NaN 176.54367 -109.75329 9.56431 260.77048 -175.99086 -57.57952 NaN NaN NaN 54.45091 -122.16560 8.06859 -28.46013 -182.41426 -72.58222
19192 3.91524 NaN NaN NaN 176.43448 -109.68172 9.41624 260.81216 -176.05174 -57.44954 NaN NaN NaN 54.47109 -122.11974 8.02463 -28.39180 -182.27362 -72.75320
19193 3.92359 NaN NaN NaN 176.36926 -109.66148 9.26597 260.88510 -176.11122 -57.37381 NaN NaN NaN 54.55731 -121.99413 7.87204 -28.25153 -182.10004 -72.96319
19194 3.93193 NaN NaN NaN 176.30328 -109.59889 9.00025 260.94885 -176.15073 -57.34734 NaN NaN NaN 54.68277 -121.81358 7.65324 -28.09092 -181.89790 -73.09023
19195 3.94028 NaN NaN NaN 176.16251 -109.45672 8.73206 260.96466 -176.13152 -57.24078 NaN NaN NaN 54.85560 -121.55286 7.34734 -27.89457 -181.79890 -73.16689
19196 3.94863 NaN NaN NaN 175.94131 -109.19701 8.39435 260.98694 -176.00174 -56.99548 NaN NaN NaN 55.13473 -121.26751 7.12902 -27.73598 -181.75162 -73.19240
19197 3.95697 NaN NaN NaN 175.70566 -108.83173 8.00580 261.00620 -175.93298 -56.78204 NaN NaN NaN 55.41951 -120.93011 6.87311 -27.59483 -181.71776 -73.10787
19198 3.96532 NaN NaN NaN 175.54890 -108.44794 7.69545 260.98453 -175.86568 -56.53236 NaN NaN NaN 55.72582 -120.62717 6.61635 -27.46461 -181.79704 -72.98721
19199 3.97367 NaN NaN NaN 175.43199 -108.16302 7.61064 260.94431 -175.82210 -56.35725 NaN NaN NaN 56.01690 -120.28165 6.25829 -27.46251 -181.94817 -72.69504
19200 3.98201 NaN NaN NaN 175.33398 -108.01398 7.68031 260.88474 -175.85454 -56.17967 NaN NaN NaN 56.43000 -119.79491 5.77432 -27.49578 -182.17410 -72.11086
19201 3.99036 NaN NaN NaN 175.21332 -108.00751 7.74493 260.82141 -175.83794 -56.05315 NaN NaN NaN 57.15520 -118.93416 5.08831 -27.55634 -182.52176 -70.90870
19202 3.99871 NaN NaN NaN 175.05461 -108.06086 7.66398 260.73187 -175.86736 -55.92983 NaN NaN NaN 58.10056 -117.85723 4.15975 -27.65185 -183.03046 -69.48979
19203 4.00705 NaN NaN NaN 174.84233 -108.00522 7.43666 260.62640 -175.85799 -55.75994 NaN NaN NaN 58.99979 -116.71337 3.16949 -27.65632 -183.51538 -68.06261
19204 4.01540 NaN NaN NaN 174.47559 -107.75918 6.95751 260.53589 -175.83640 -55.57626 NaN NaN NaN 59.77809 -115.66019 2.20374 -27.57753 -183.83795 -66.92366
19205 4.02375 NaN NaN NaN 174.07420 -107.29213 6.36019 260.44037 -175.80910 -55.35011 NaN NaN NaN 60.37833 -114.87086 1.45906 -27.51058 -184.00169 -66.28976
19206 4.03209 NaN NaN NaN 173.60927 -106.74680 5.64723 260.34409 -175.75307 -55.00940 NaN NaN NaN 60.76052 -114.42399 0.78634 -27.43041 -183.96524 -66.13783
19207 4.04044 NaN NaN NaN 173.20821 -106.12200 5.05190 260.26685 -175.67133 -54.53179 NaN NaN NaN 61.04297 -114.25224 0.26570 -27.34527 -183.78844 -66.26974
19208 4.04879 NaN NaN NaN 172.76785 -105.50665 4.48868 260.22577 -175.62268 -54.02453 NaN NaN NaN 61.25801 -114.21806 -0.22397 -27.32468 -183.58540 -66.59103
19209 4.05713 NaN NaN NaN 172.36127 -104.94584 4.06728 260.13052 -175.56320 -53.44896 NaN NaN NaN 61.53206 -114.27512 -0.67949 -27.30132 -183.39854 -66.93462
19210 4.06548 NaN NaN NaN 171.88760 -104.43478 3.64500 259.98804 -175.42262 -52.85592 NaN NaN NaN 61.78241 -114.30141 -1.22107 -27.26126 -183.27824 -67.16693
19211 4.07383 NaN NaN NaN 171.39035 -103.91991 3.24165 259.82349 -175.31648 -52.22194 NaN NaN NaN 62.12164 -114.31493 -1.77180 -27.26908 -183.24608 -67.27375
19212 4.08217 NaN NaN NaN 170.86087 -103.43850 2.85087 259.63120 -175.19548 -51.66970 NaN NaN NaN 62.46624 -114.24382 -2.37958 -27.31596 -183.26341 -67.29527
19213 4.09052 NaN NaN NaN 170.45265 -103.10313 2.54591 259.50775 -175.08192 -51.14701 NaN NaN NaN 62.77013 -114.22346 -2.95980 -27.32148 -183.20575 -67.49760
19214 4.09887 NaN NaN NaN 170.03348 -102.89610 2.25168 259.39713 -174.99379 -50.77045 NaN NaN NaN 63.02344 -114.30530 -3.58781 -27.37018 -183.13045 -67.75334
19215 4.10721 NaN NaN NaN 169.69528 -102.67647 1.83945 259.33847 -174.89694 -50.54369 NaN NaN NaN 63.19950 -114.42902 -4.12565 -27.52353 -183.04459 -68.07840
19216 4.11556 NaN NaN NaN 169.39069 -102.60366 1.53751 259.34167 -174.79405 -50.47415 NaN NaN NaN 63.19103 -114.64985 -4.57973 -27.77561 -182.90617 -68.53179
19217 4.12390 NaN NaN NaN 169.19852 -102.71869 1.28404 259.39603 -174.73302 -50.54502 NaN NaN NaN 63.17334 -115.02734 -4.73325 -27.97446 -182.74471 -69.10469
19218 4.13225 NaN NaN NaN 169.08153 -102.98545 1.11251 259.46521 -174.72078 -50.77033 NaN NaN NaN 62.98547 -115.57062 -4.80742 -28.17710 -182.67743 -69.85276
19219 4.14060 NaN NaN NaN 168.97066 -103.34062 1.01778 259.52744 -174.82646 -50.99633 NaN NaN NaN 62.76742 -116.12311 -4.86271 -28.33737 -182.54025 -70.65213
19220 4.14894 NaN NaN NaN 168.86275 -103.71591 0.94676 259.56146 -174.91133 -51.14370 NaN NaN NaN 62.52704 -116.61835 -4.88810 -28.47810 -182.44908 -71.28742
19221 4.15729 NaN NaN NaN 168.76256 -104.11317 0.92224 259.58160 -175.01738 -51.24151 NaN NaN NaN 62.52055 -116.91185 -4.91056 -28.56110 -182.34023 -71.74017
19222 4.16564 NaN NaN NaN 168.61230 -104.39070 0.88486 259.58203 -175.12531 -51.29408 NaN NaN NaN 62.64115 -117.01541 -5.05532 -28.57849 -182.29111 -72.01974
19223 4.17398 NaN NaN NaN 168.47937 -104.61749 0.89925 259.53842 -175.18158 -51.30071 NaN NaN NaN 62.78711 -117.05951 -5.35978 -28.55352 -182.27858 -72.13426
19224 4.18233 NaN NaN NaN 168.32654 -104.78142 0.91137 259.46835 -175.27238 -51.22982 NaN NaN NaN 63.04567 -117.00878 -5.68023 -28.46736 -182.26146 -72.16901
19225 4.19068 NaN NaN NaN 168.16269 -104.88699 0.96820 259.36053 -175.33809 -51.09085 NaN NaN NaN 63.44951 -116.78436 -6.02862 -28.34437 -182.23639 -72.09864
19226 4.19902 NaN NaN NaN 168.00551 -104.89170 0.99673 259.27286 -175.42239 -50.94300 NaN NaN NaN 63.75211 -116.55077 -6.39087 -28.16556 -182.16980 -72.03255
19227 4.20737 NaN NaN NaN 167.80667 -104.94202 1.02763 259.16397 -175.46909 -50.76574 NaN NaN NaN 64.12096 -116.27863 -6.73621 -27.95774 -182.06679 -72.01488
19228 4.21572 NaN NaN NaN 167.64552 -104.92851 1.04770 259.08060 -175.50746 -50.61914 NaN NaN NaN 64.45699 -116.03956 -7.07049 -27.78378 -181.90753 -72.02022
19229 4.22406 NaN NaN NaN 167.50887 -104.92456 1.10541 258.98773 -175.47047 -50.47084 NaN NaN NaN 64.78078 -115.82513 -7.35904 -27.58016 -181.71576 -72.11465
19230 4.23241 NaN NaN NaN 167.38133 -104.91739 1.12429 258.91190 -175.46440 -50.35428 NaN NaN NaN 65.08205 -115.61353 -7.64086 -27.31775 -181.50430 -72.24548
19231 4.24076 NaN NaN NaN 167.25482 -104.91122 1.11778 258.83792 -175.47404 -50.26208 NaN NaN NaN 65.36979 -115.44261 -7.86916 -27.06283 -181.28641 -72.39703
19232 4.24910 NaN NaN NaN 167.09091 -104.91293 1.07572 258.75488 -175.48122 -50.18973 NaN NaN NaN 65.65234 -115.26872 -8.10263 -26.80737 -181.12604 -72.52805
19233 4.25745 NaN NaN NaN 166.93127 -104.90965 1.02483 258.68423 -175.43669 -50.11977 NaN NaN NaN 65.98800 -115.07305 -8.31592 -26.56053 -180.98804 -72.67429
19234 4.26580 NaN NaN NaN 166.74031 -104.93912 0.93184 258.65500 -175.44568 -50.02649 NaN NaN NaN 66.28201 -114.99113 -8.53992 -26.27889 -180.81305 -72.94197
19235 4.27414 NaN NaN NaN 166.57603 -104.95026 0.83191 258.59692 -175.43307 -49.94687 NaN NaN NaN 66.57001 -114.88538 -8.74613 -26.01953 -180.58154 -73.30215
19236 4.28249 NaN NaN NaN 166.41115 -105.00236 0.72127 258.56573 -175.40437 -49.84107 NaN NaN NaN 66.81212 -114.80982 -8.91011 -25.75943 -180.31041 -73.64793
19237 4.29084 NaN NaN NaN 166.27704 -105.01893 0.64886 258.49982 -175.43040 -49.69776 NaN NaN NaN 67.02499 -114.77599 -9.11202 -25.52901 -180.04791 -73.98922
19238 4.29918 NaN NaN NaN 166.14864 -105.07928 0.59211 258.44598 -175.46938 -49.61827 NaN NaN NaN 67.21414 -114.76304 -9.32693 -25.33608 -179.86214 -74.29405
19239 4.30753 NaN NaN NaN 166.01839 -105.13880 0.51841 258.41699 -175.52205 -49.53318 NaN NaN NaN 67.44135 -114.75763 -9.50238 -25.17754 -179.68225 -74.54104
19240 4.31588 NaN NaN NaN 165.90643 -105.21104 0.46339 258.41412 -175.55698 -49.45840 NaN NaN NaN 67.60381 -114.78433 -9.71844 -25.09390 -179.61426 -74.67535
19241 4.32422 NaN NaN NaN 165.76277 -105.28056 0.39417 258.38657 -175.58952 -49.42558 NaN NaN NaN 67.75304 -114.78764 -9.91343 -25.07111 -179.62061 -74.72717
19242 4.33257 NaN NaN NaN 165.66054 -105.30391 0.30436 258.32343 -175.64423 -49.34540 NaN NaN NaN 67.84100 -114.82393 -10.02328 -25.08607 -179.71686 -74.69850
19243 4.34092 NaN NaN NaN 165.54010 -105.32343 0.26750 258.24200 -175.69138 -49.28910 NaN NaN NaN 67.88548 -114.91570 -10.08153 -25.17412 -179.84523 -74.59081
19244 4.34926 NaN NaN NaN 165.41028 -105.33020 0.25486 258.17029 -175.71974 -49.23969 NaN NaN NaN 67.88352 -115.02077 -10.16401 -25.30478 -179.98183 -74.42901
19245 4.35761 NaN NaN NaN 165.28798 -105.29673 0.22709 258.09189 -175.72154 -49.19099 NaN NaN NaN 67.84365 -115.18626 -10.23609 -25.46710 -180.15596 -74.19215
19246 4.36596 NaN NaN NaN 165.18350 -105.28316 0.18710 258.02893 -175.70978 -49.11764 NaN NaN NaN 67.84959 -115.33716 -10.25622 -25.66451 -180.39580 -73.90820
19247 4.37430 NaN NaN NaN 165.07426 -105.27849 0.15401 257.95938 -175.67793 -49.09715 NaN NaN NaN 67.82153 -115.46133 -10.27431 -25.93127 -180.66530 -73.54680
19248 4.38265 NaN NaN NaN 164.93346 -105.30062 0.12504 257.88788 -175.68817 -49.06327 NaN NaN NaN 67.80480 -115.54422 -10.37314 -26.22549 -180.91412 -73.00465
19249 4.39099 NaN NaN NaN 164.81721 -105.31633 0.10534 257.80478 -175.65126 -49.01810 NaN NaN NaN 67.81496 -115.55836 -10.46424 -26.51568 -181.16922 -72.35413
19250 4.39934 NaN NaN NaN 164.70750 -105.33384 0.06597 257.72845 -175.65369 -48.97001 NaN NaN NaN 67.86185 -115.52905 -10.66304 -26.75805 -181.45074 -71.66991
19251 4.40769 NaN NaN NaN 164.58997 -105.32650 0.01316 257.65375 -175.63890 -48.92714 NaN NaN NaN 67.97908 -115.42764 -10.91080 -27.05165 -181.73221 -70.87151
19252 4.41603 NaN NaN NaN 164.50948 -105.29151 -0.08348 257.60562 -175.62561 -48.87238 NaN NaN NaN 68.18408 -115.23427 -11.17176 -27.29238 -182.01657 -69.97595
19253 4.42438 NaN NaN NaN 164.45261 -105.22324 -0.17713 257.57089 -175.65057 -48.84599 NaN NaN NaN 68.44646 -114.97167 -11.47620 -27.49664 -182.26738 -69.02048
19254 4.43273 NaN NaN NaN 164.36597 -105.16513 -0.25736 257.52115 -175.65923 -48.78046 NaN NaN NaN 68.69530 -114.63721 -11.87538 -27.61517 -182.54570 -68.21765
19255 4.44107 NaN NaN NaN 164.24893 -105.07372 -0.37546 257.47552 -175.65930 -48.73980 NaN NaN NaN 68.95888 -114.31539 -12.26917 -27.69378 -182.67104 -67.32222
19256 4.44942 NaN NaN NaN 164.12727 -104.99892 -0.52823 257.43027 -175.64084 -48.68497 NaN NaN NaN 69.28631 -113.94856 -12.67716 -27.74839 -182.81383 -66.36285
19257 4.45777 NaN NaN NaN 164.04897 -104.90950 -0.65791 257.36029 -175.64282 -48.57342 NaN NaN NaN 69.64143 -113.51738 -13.11754 -27.76761 -182.91165 -65.40192
19258 4.46611 NaN NaN NaN 163.91402 -104.77480 -0.86044 257.30566 -175.60098 -48.49929 NaN NaN NaN 70.10715 -113.11081 -13.69238 -27.74884 -182.95084 -64.46642
19259 4.47446 NaN NaN NaN 163.82001 -104.61215 -1.01710 257.26721 -175.56754 -48.43454 NaN NaN NaN 70.64246 -112.61991 -14.51025 -27.69150 -182.89063 -63.61914
19260 4.48281 NaN NaN NaN 163.71774 -104.44170 -1.14915 257.20361 -175.49316 -48.34948 NaN NaN NaN 71.26672 -112.07182 -15.52364 -27.68966 -182.82640 -62.78587
19261 4.49115 NaN NaN NaN 163.59602 -104.33388 -1.26359 257.08853 -175.44025 -48.22969 NaN NaN NaN 71.84426 -111.50623 -16.72038 -27.61918 -182.78882 -61.93497
