Frame# Time LH1 LH2 LH3 RH1 RH2 RH3
X54 Y54 Z54 X55 Y55 Z55 X56 Y56 Z56 X57 Y57 Z57 X58 Y58 Z58 X59 Y59 Z59
22054 0.00164 NaN NaN NaN 147.74359 -83.26630 -34.42434 249.26979 -157.95096 -31.38152 NaN NaN NaN 15.37505 -167.45186 34.67710 16.94366 -149.86322 -94.03667
22055 0.00999 NaN NaN NaN 147.81841 -83.31216 -34.39717 249.32239 -157.96187 -31.37913 NaN NaN NaN 15.53950 -167.29474 34.89749 17.06704 -149.87720 -93.64411
22056 0.01833 NaN NaN NaN 147.78386 -83.32442 -34.48032 249.37048 -157.97047 -31.38358 NaN NaN NaN 15.69613 -167.16888 35.13445 17.15222 -149.97664 -93.40118
22057 0.02668 NaN NaN NaN 147.84875 -83.33315 -34.33925 249.40871 -157.93744 -31.44230 NaN NaN NaN 15.80160 -167.04704 35.31382 17.34865 -149.97464 -93.23117
22058 0.03503 NaN NaN NaN 147.89580 -83.35262 -34.26866 249.46283 -157.91124 -31.43891 NaN NaN NaN 15.91346 -166.89873 35.47150 17.51252 -149.91316 -93.35609
22059 0.04337 NaN NaN NaN 147.92427 -83.39671 -34.19076 249.48099 -157.86836 -31.50123 NaN NaN NaN 16.03834 -166.69218 35.65401 17.55445 -149.91641 -93.31208
22060 0.05172 NaN NaN NaN 147.90012 -83.46070 -34.32380 249.51077 -157.86772 -31.55774 NaN NaN NaN 16.20023 -166.52838 35.85936 17.68024 -149.90373 -93.19727
22061 0.06006 NaN NaN NaN 147.96344 -83.46658 -34.29055 249.53838 -157.82076 -31.61444 NaN NaN NaN 16.34764 -166.34866 36.03578 17.66311 -150.01996 -92.94543
22062 0.06841 NaN NaN NaN 148.02690 -83.53860 -34.24372 249.56749 -157.82916 -31.66932 NaN NaN NaN 16.45952 -166.19507 36.18005 17.65695 -150.10724 -92.77688
22063 0.07676 NaN NaN NaN 148.08002 -83.51305 -34.30269 249.54877 -157.79289 -31.69401 NaN NaN NaN 16.54814 -166.03145 36.29395 17.65727 -150.20386 -92.55858
22064 0.08510 NaN NaN NaN 147.93468 -83.43571 -34.40428 249.54765 -157.78139 -31.72127 NaN NaN NaN 16.63625 -165.84779 36.38654 17.65649 -150.26750 -92.47670
22065 0.09345 NaN NaN NaN 148.03378 -83.34672 -34.44282 249.52797 -157.77107 -31.75146 NaN NaN NaN 16.71007 -165.66560 36.52222 17.71627 -150.30826 -92.42635
22066 0.10180 NaN NaN NaN 148.03302 -83.31389 -34.44993 249.52505 -157.78403 -31.78254 NaN NaN NaN 16.74889 -165.51598 36.66087 17.77931 -150.30151 -92.42984
22067 0.11014 NaN NaN NaN 148.03934 -83.26407 -34.46374 249.51408 -157.78308 -31.79067 NaN NaN NaN 16.79815 -165.39594 36.79093 17.81172 -150.30893 -92.40133
22068 0.11849 NaN NaN NaN 147.91580 -83.29493 -34.62458 249.48906 -157.76175 -31.82470 NaN NaN NaN 16.81906 -165.28419 36.89702 17.88723 -150.17221 -92.22375
22069 0.12684 NaN NaN NaN 147.76724 -83.17032 -34.91008 249.47639 -157.76025 -31.84157 NaN NaN NaN 16.80157 -165.23705 36.98829 17.85406 -150.09933 -92.09288
22070 0.13518 NaN NaN NaN 147.62730 -83.01431 -35.10731 249.47113 -157.75255 -31.86129 NaN NaN NaN 16.76396 -165.21928 37.07665 17.82090 -150.10341 -92.05906
22071 0.14353 NaN NaN NaN 147.55682 -82.83133 -35.24124 249.46780 -157.74483 -31.86604 NaN NaN NaN 16.70484 -165.19708 37.15956 17.72944 -150.17943 -91.96432
22072 0.15188 NaN NaN NaN 147.50229 -82.67093 -35.28508 249.44960 -157.74095 -31.87033 NaN NaN NaN 16.60746 -165.20984 37.21091 17.61287 -150.22093 -91.72643
22073 0.16022 NaN NaN NaN 147.42862 -82.55651 -35.31212 249.43901 -157.70230 -31.88675 NaN NaN NaN 16.49330 -165.25171 37.25020 17.49666 -150.30527 -91.66204
22074 0.16857 NaN NaN NaN 147.39883 -82.52501 -35.33049 249.43822 -157.68008 -31.89016 NaN NaN NaN 16.41121 -165.33473 37.27427 17.34795 -150.37332 -91.57937
22075 0.17692 NaN NaN NaN 147.47791 -82.49857 -35.35426 249.43945 -157.65662 -31.88690 NaN NaN NaN 16.32882 -165.38979 37.28018 17.16442 -150.45447 -91.60782
22076 0.18526 NaN NaN NaN 147.48706 -82.59457 -35.31522 249.44984 -157.64308 -31.87013 NaN NaN NaN 16.28001 -165.45276 37.26829 16.97742 -150.50130 -91.64082
22077 0.19361 NaN NaN NaN 147.56895 -82.64049 -35.28120 249.46307 -157.64012 -31.85053 NaN NaN NaN 16.25118 -165.48712 37.23199 16.85263 -150.45833 -91.72074
22078 0.20196 NaN NaN NaN 147.55101 -82.73920 -35.11030 249.46364 -157.62222 -31.83685 NaN NaN NaN 16.25716 -165.51172 37.20233 16.70324 -150.42365 -91.78727
22079 0.21030 NaN NaN NaN 147.55276 -82.86952 -35.03001 249.47269 -157.62482 -31.84424 NaN NaN NaN 16.23753 -165.52792 37.12576 16.61587 -150.40742 -91.82706
22080 0.21865 NaN NaN NaN 147.55310 -82.96405 -35.01031 249.46721 -157.61699 -31.86433 NaN NaN NaN 16.21360 -165.60904 37.01405 16.57091 -150.33646 -91.84965
22081 0.22700 NaN NaN NaN 147.56294 -83.06129 -34.98713 249.47513 -157.62387 -31.90145 NaN NaN NaN 16.19557 -165.68527 36.90418 16.47743 -150.33652 -92.03352
22082 0.23534 NaN NaN NaN 147.56183 -83.06440 -35.04480 249.45258 -157.65184 -31.93726 NaN NaN NaN 16.21149 -165.71217 36.82521 16.49322 -150.23067 -92.25896
22083 0.24369 NaN NaN NaN 147.76190 -83.23836 -34.90141 249.43497 -157.66417 -31.96741 NaN NaN NaN 16.31517 -165.68878 36.68307 16.50742 -150.17020 -92.42691
22084 0.25204 NaN NaN NaN 147.82916 -83.35990 -34.86284 249.42085 -157.69803 -32.01533 NaN NaN NaN 16.46112 -165.60056 36.57416 16.53931 -150.04689 -92.49869
22085 0.26038 NaN NaN NaN 147.81357 -83.47475 -34.89713 249.40146 -157.70702 -32.07413 NaN NaN NaN 16.65171 -165.50021 36.51477 16.65209 -149.86658 -92.40220
22086 0.26873 NaN NaN NaN 147.71606 -83.54012 -35.02501 249.36720 -157.71239 -32.09288 NaN NaN NaN 16.85852 -165.39740 36.44873 16.83012 -149.59795 -92.37405
22087 0.27708 NaN NaN NaN 147.69417 -83.46049 -35.01544 249.33122 -157.72223 -32.12471 NaN NaN NaN 17.05775 -165.26819 36.43401 17.03363 -149.37274 -92.35671
22088 0.28542 NaN NaN NaN 147.64592 -83.34474 -35.04074 249.28416 -157.75336 -32.17295 NaN NaN NaN 17.33989 -165.12181 36.42970 17.22327 -149.20119 -92.55117
22089 0.29377 NaN NaN NaN 147.58867 -83.20920 -35.12949 249.24507 -157.82117 -32.18398 NaN NaN NaN 17.66543 -164.91673 36.43647 17.39164 -149.00214 -92.61045
22090 0.30211 NaN NaN NaN 147.53868 -83.20390 -35.16555 249.19928 -157.88870 -32.16664 NaN NaN NaN 17.98131 -164.69716 36.45579 17.57988 -148.78889 -92.63002
22091 0.31046 NaN NaN NaN 147.50789 -83.20783 -35.20367 249.18855 -157.94363 -32.16254 NaN NaN NaN 18.30146 -164.47023 36.50642 17.65524 -148.67041 -92.55711
22092 0.31881 NaN NaN NaN 147.49881 -83.23579 -35.22333 249.17859 -158.00308 -32.16007 NaN NaN NaN 18.59667 -164.24757 36.54335 17.83183 -148.57932 -92.49303
22093 0.32715 NaN NaN NaN 147.48505 -83.28368 -35.22825 249.17291 -158.02385 -32.15634 NaN NaN NaN 18.88917 -164.06885 36.54533 17.98329 -148.47595 -92.45174
22094 0.33550 NaN NaN NaN 147.50200 -83.33145 -35.22079 249.17743 -158.05830 -32.15348 NaN NaN NaN 19.16152 -163.91408 36.55979 18.02219 -148.49129 -92.35279
22095 0.34385 NaN NaN NaN 147.55009 -83.38510 -35.14045 249.18648 -158.07347 -32.16003 NaN NaN NaN 19.33681 -163.77838 36.58050 18.12135 -148.47064 -92.22384
22096 0.35219 NaN NaN NaN 147.57397 -83.42495 -35.11939 249.17867 -158.07576 -32.16708 NaN NaN NaN 19.56948 -163.63435 36.65931 18.19438 -148.51414 -92.06873
22097 0.36054 NaN NaN NaN 147.57056 -83.44040 -35.18699 249.18698 -158.07487 -32.20288 NaN NaN NaN 19.76370 -163.48921 36.75295 18.34464 -148.40637 -92.15256
22098 0.36889 NaN NaN NaN 147.52354 -83.45249 -35.22794 249.18961 -158.08992 -32.24301 NaN NaN NaN 19.98424 -163.36620 36.87179 18.56614 -148.21231 -92.17941
22099 0.37723 NaN NaN NaN 147.49939 -83.49733 -35.26315 249.19647 -158.09111 -32.27303 NaN NaN NaN 20.14782 -163.25475 36.97603 18.91257 -147.91536 -92.14415
22100 0.38558 NaN NaN NaN 147.46172 -83.64448 -35.37378 249.20483 -158.11316 -32.31045 NaN NaN NaN 20.25648 -163.16989 37.04007 19.07571 -147.76646 -92.04876
22101 0.39393 NaN NaN NaN 147.49757 -83.74021 -35.40681 249.20111 -158.11821 -32.31094 NaN NaN NaN 20.37368 -163.11467 37.18495 19.27910 -147.57053 -91.90273
22102 0.40227 NaN NaN NaN 147.50545 -83.80542 -35.40363 249.21211 -158.16438 -32.34362 NaN NaN NaN 20.47800 -163.09500 37.36823 19.40498 -147.52008 -91.75562
22103 0.41062 NaN NaN NaN 147.52003 -83.93486 -35.42449 249.21056 -158.19395 -32.37187 NaN NaN NaN 20.57385 -163.08095 37.47141 19.49672 -147.53267 -91.64847
22104 0.41897 NaN NaN NaN 147.50972 -83.99541 -35.47375 249.21550 -158.25114 -32.38707 NaN NaN NaN 20.70086 -163.05493 37.56017 19.60557 -147.56752 -91.50986
22105 0.42731 NaN NaN NaN 147.52643 -84.03362 -35.49198 249.19608 -158.28801 -32.36953 NaN NaN NaN 20.78729 -163.01054 37.66645 19.76151 -147.59238 -91.41534
22106 0.43566 NaN NaN NaN 147.53354 -84.00653 -35.48426 249.19911 -158.35840 -32.34068 NaN NaN NaN 20.83215 -162.99258 37.74252 19.97108 -147.53807 -91.32753
22107 0.44401 NaN NaN NaN 147.52449 -83.98771 -35.47876 249.19630 -158.41910 -32.29433 NaN NaN NaN 20.89048 -162.98502 37.77541 20.14738 -147.49911 -91.27951
22108 0.45235 NaN NaN NaN 147.53835 -83.96134 -35.47550 249.19072 -158.45441 -32.26585 NaN NaN NaN 20.95072 -162.98497 37.80565 20.36687 -147.38130 -91.25271
22109 0.46070 NaN NaN NaN 147.55692 -84.00880 -35.46838 249.19127 -158.43217 -32.22392 NaN NaN NaN 21.04003 -162.98509 37.82850 20.50517 -147.28989 -91.19592
22110 0.46905 NaN NaN NaN 147.55452 -84.06469 -35.45631 249.20924 -158.42163 -32.19579 NaN NaN NaN 21.12441 -162.99748 37.85117 20.63698 -147.31502 -91.17389
22111 0.47739 NaN NaN NaN 147.58284 -84.12555 -35.38626 249.21397 -158.39015 -32.16254 NaN NaN NaN 21.20139 -163.03758 37.85313 20.74237 -147.38791 -91.16943
22112 0.48574 NaN NaN NaN 147.57416 -84.16445 -35.44875 249.24319 -158.39406 -32.15678 NaN NaN NaN 21.22526 -163.08650 37.83036 20.88781 -147.42278 -91.16444
22113 0.49409 NaN NaN NaN 147.56821 -83.97410 -35.36908 249.25630 -158.40468 -32.12680 NaN NaN NaN 21.21509 -163.17645 37.78894 20.92835 -147.51282 -91.21972
22114 0.50243 NaN NaN NaN 147.56146 -83.84219 -35.31226 249.26746 -158.42320 -32.14198 NaN NaN NaN 21.19190 -163.33609 37.70010 20.72636 -147.91315 -91.20450
22115 0.51078 NaN NaN NaN 147.52747 -83.76096 -35.29292 249.28008 -158.42888 -32.16077 NaN NaN NaN 21.15236 -163.48630 37.55225 20.84160 -147.97267 -91.20395
22116 0.51913 NaN NaN NaN 147.56311 -83.86417 -35.29840 249.29552 -158.42805 -32.19030 NaN NaN NaN 21.10624 -163.58031 37.41873 20.86585 -148.02710 -91.20502
22117 0.52747 NaN NaN NaN 147.57935 -84.02271 -35.30329 249.31435 -158.43794 -32.24195 NaN NaN NaN 21.11466 -163.65623 37.25376 20.99645 -147.94514 -91.42181
22118 0.53582 NaN NaN NaN 147.60199 -84.16481 -35.28163 249.32120 -158.46378 -32.28036 NaN NaN NaN 21.12325 -163.70667 37.11889 21.23132 -147.67122 -91.76215
22119 0.54417 NaN NaN NaN 147.63669 -84.29766 -35.23830 249.33517 -158.48712 -32.33678 NaN NaN NaN 21.16665 -163.80675 36.98772 21.45195 -147.35239 -91.97144
22120 0.55251 NaN NaN NaN 147.59877 -84.71338 -35.05401 249.33635 -158.51282 -32.37267 NaN NaN NaN 21.25565 -163.84009 36.85450 21.61080 -147.15302 -92.05556
22121 0.56086 NaN NaN NaN 147.67732 -84.36211 -35.11432 249.33710 -158.51669 -32.38416 NaN NaN NaN 21.35923 -163.78177 36.81433 21.77873 -147.00891 -92.07696
22122 0.56920 NaN NaN NaN 147.64342 -84.06591 -35.15211 249.31964 -158.49673 -32.39462 NaN NaN NaN 21.51199 -163.69499 36.78211 21.86359 -147.01318 -92.02969
22123 0.57755 NaN NaN NaN 147.58267 -83.84955 -35.23271 249.34456 -158.52782 -32.37889 NaN NaN NaN 21.71354 -163.58592 36.78748 22.04737 -147.00690 -91.91154
22124 0.58590 NaN NaN NaN 147.53287 -83.69697 -35.31836 249.34346 -158.49727 -32.38318 NaN NaN NaN 21.94814 -163.42113 36.84084 22.16766 -147.02591 -91.80730
22125 0.59424 NaN NaN NaN 147.52858 -83.66946 -35.35145 249.34839 -158.48270 -32.39083 NaN NaN NaN 22.18855 -163.23953 36.94260 22.35310 -146.94502 -91.73668
22126 0.60259 NaN NaN NaN 147.57724 -83.70235 -35.31878 249.35435 -158.49039 -32.40990 NaN NaN NaN 22.43125 -163.03856 37.01582 22.64935 -146.67056 -91.77729
22127 0.61094 NaN NaN NaN 147.59695 -83.79410 -35.31839 249.36900 -158.48236 -32.41058 NaN NaN NaN 22.66018 -162.82407 37.11781 22.97494 -146.35747 -91.78854
22128 0.61928 NaN NaN NaN 147.63809 -84.02130 -35.40052 249.36853 -158.47737 -32.40095 NaN NaN NaN 22.89522 -162.61172 37.26261 23.29310 -146.06985 -91.78486
22129 0.62763 NaN NaN NaN 147.68250 -83.97838 -35.48652 249.38350 -158.49255 -32.39348 NaN NaN NaN 23.17539 -162.42876 37.41487 23.61124 -145.87720 -91.65992
22130 0.63598 NaN NaN NaN 147.67015 -83.94312 -35.50956 249.39642 -158.49919 -32.38412 NaN NaN NaN 23.40296 -162.20155 37.56459 23.95398 -145.62439 -91.38637
22131 0.64432 NaN NaN NaN 147.64388 -83.80466 -35.55741 249.40675 -158.50290 -32.39050 NaN NaN NaN 23.61134 -161.98370 37.70654 24.20025 -145.45648 -91.25803
22132 0.65267 NaN NaN NaN 147.64691 -83.85815 -35.59705 249.40384 -158.48938 -32.40657 NaN NaN NaN 23.76577 -161.80966 37.81256 24.45918 -145.31152 -91.18423
22133 0.66102 NaN NaN NaN 147.66579 -83.78655 -35.52728 249.41187 -158.46080 -32.41471 NaN NaN NaN 23.89040 -161.72310 37.88958 24.76065 -145.14291 -91.10798
22134 0.66936 NaN NaN NaN 147.62750 -83.84074 -35.63232 249.42404 -158.44388 -32.44171 NaN NaN NaN 23.96535 -161.69612 37.97365 24.95115 -144.95169 -91.06606
22135 0.67771 NaN NaN NaN 147.63045 -83.71826 -35.61119 249.45328 -158.42052 -32.43554 NaN NaN NaN 23.97854 -161.74178 38.06206 24.97115 -144.96565 -90.95533
22136 0.68606 NaN NaN NaN 147.67207 -83.88615 -35.56004 249.45773 -158.40515 -32.44884 NaN NaN NaN 23.86240 -161.86919 38.14790 24.97829 -145.00433 -90.89900
22137 0.69440 NaN NaN NaN 147.71664 -83.98595 -35.52110 249.47786 -158.37801 -32.43506 NaN NaN NaN 23.71330 -162.04434 38.22233 24.92442 -145.21400 -90.85320
22138 0.70275 NaN NaN NaN 147.77261 -84.19181 -35.43338 249.50139 -158.36118 -32.42400 NaN NaN NaN 23.48647 -162.30801 38.30281 24.90162 -145.31566 -90.81272
22139 0.71110 NaN NaN NaN 147.83073 -84.06976 -35.31470 249.51302 -158.35477 -32.41996 NaN NaN NaN 23.25132 -162.61345 38.37222 24.76181 -145.48619 -90.78710
22140 0.71944 NaN NaN NaN 147.77588 -83.96957 -35.35521 249.53957 -158.34183 -32.36860 NaN NaN NaN 23.00197 -162.87785 38.37933 24.70601 -145.54330 -90.80325
22141 0.72779 NaN NaN NaN 147.79013 -83.90518 -35.24076 249.55803 -158.32289 -32.32862 NaN NaN NaN 22.77197 -163.13750 38.32831 24.64005 -145.66356 -90.75342
22142 0.73614 NaN NaN NaN 147.76692 -83.89881 -35.14938 249.52469 -158.35828 -32.30896 NaN NaN NaN 22.56788 -163.34300 38.27615 24.39925 -146.14375 -90.52008
22143 0.74448 NaN NaN NaN 147.72833 -83.91422 -35.18721 249.53429 -158.35506 -32.26626 NaN NaN NaN 22.36846 -163.56947 38.14702 24.24149 -146.59125 -90.44182
22144 0.75283 NaN NaN NaN 147.71021 -84.09023 -35.23958 249.52271 -158.35057 -32.23828 NaN NaN NaN 22.19159 -163.77631 38.05145 24.28883 -146.74808 -90.55431
22145 0.76118 NaN NaN NaN 147.69263 -84.20576 -35.23635 249.50975 -158.30318 -32.23101 NaN NaN NaN 22.07361 -163.95700 38.01035 24.40072 -146.71571 -90.65150
22146 0.76952 NaN NaN NaN 147.70476 -84.33274 -35.06278 249.49571 -158.24402 -32.26226 NaN NaN NaN 22.00740 -164.08260 38.00900 24.72730 -146.35661 -90.85351
22147 0.77787 NaN NaN NaN 147.71828 -84.49673 -35.02525 249.49913 -158.19716 -32.27151 NaN NaN NaN 22.01733 -164.11075 38.04518 24.93097 -145.89967 -91.05357
22148 0.78622 NaN NaN NaN 147.76714 -84.56487 -34.91736 249.53008 -158.21234 -32.33608 NaN NaN NaN 22.04526 -164.08461 38.09819 25.11826 -145.52213 -91.17106
22149 0.79456 NaN NaN NaN 147.75764 -84.70673 -34.85011 249.58186 -158.19370 -32.37466 NaN NaN NaN 22.06203 -164.03296 38.17484 25.21795 -145.41100 -91.17997
22150 0.80291 NaN NaN NaN 147.80579 -84.72990 -34.81940 249.65633 -158.18176 -32.39720 NaN NaN NaN 22.08150 -163.93814 38.32769 25.33642 -145.46268 -90.99017
22151 0.81125 NaN NaN NaN 147.69800 -84.60925 -35.12981 249.74524 -158.13498 -32.42867 NaN NaN NaN 22.11586 -163.79056 38.51478 25.23003 -145.88264 -90.57135
22152 0.81960 NaN NaN NaN 147.75043 -84.21385 -35.03304 249.82755 -158.06493 -32.46116 NaN NaN NaN 22.18767 -163.67180 38.69423 25.32100 -146.18927 -90.36319
22153 0.82795 NaN NaN NaN 147.61238 -83.97352 -35.35541 249.92682 -158.03310 -32.48709 NaN NaN NaN 22.28439 -163.57608 38.88614 25.41796 -146.37471 -90.15538
22154 0.83629 NaN NaN NaN 147.56306 -83.74259 -35.31118 249.99577 -157.99382 -32.51558 NaN NaN NaN 22.32119 -163.47549 39.05363 25.48159 -146.44028 -89.94994
22155 0.84464 NaN NaN NaN 147.49585 -83.54033 -35.43852 250.08548 -157.96049 -32.53058 NaN NaN NaN 22.32353 -163.31842 39.23833 25.60830 -146.31369 -89.67132
22156 0.85299 NaN NaN NaN 147.51027 -83.45148 -35.49216 250.19231 -157.90742 -32.53312 NaN NaN NaN 22.34715 -163.07925 39.53518 25.63876 -146.26767 -89.52777
22157 0.86133 NaN NaN NaN 147.54457 -83.48291 -35.65274 250.30330 -157.86272 -32.51446 NaN NaN NaN 22.38790 -162.86957 39.77169 25.61692 -146.27849 -89.35522
22158 0.86968 NaN NaN NaN 147.59593 -83.56630 -35.75006 250.34669 -157.82724 -32.47852 NaN NaN NaN 22.46400 -162.69235 40.00904 25.57197 -146.29430 -89.17181
22159 0.87803 NaN NaN NaN 147.67761 -83.56900 -35.64148 250.38356 -157.79228 -32.44896 NaN NaN NaN 22.48197 -162.51740 40.24084 25.52479 -146.39140 -88.90495
22160 0.88637 NaN NaN NaN 147.75397 -83.73727 -35.65941 250.40028 -157.79224 -32.40530 NaN NaN NaN 22.49974 -162.36731 40.48574 25.41674 -146.51076 -88.66427
22161 0.89472 NaN NaN NaN 147.81346 -83.88867 -35.62437 250.39511 -157.79929 -32.36873 NaN NaN NaN 22.50215 -162.25719 40.72135 25.35910 -146.62695 -88.49156
22162 0.90307 NaN NaN NaN 147.83260 -83.83673 -35.55968 250.37804 -157.81750 -32.32168 NaN NaN NaN 22.55650 -162.19244 40.92904 25.28037 -146.56763 -88.32861
22163 0.91141 NaN NaN NaN 147.78726 -83.79181 -35.55947 250.32335 -157.81570 -32.27021 NaN NaN NaN 22.61138 -162.14294 41.06053 25.13450 -146.60725 -88.17366
22164 0.91976 NaN NaN NaN 147.71510 -83.86986 -35.68357 250.24530 -157.79691 -32.21918 NaN NaN NaN 22.65668 -162.10252 41.17187 25.01529 -146.65019 -88.06467
22165 0.92811 NaN NaN NaN 147.61308 -83.84815 -35.76608 250.13249 -157.79059 -32.09660 NaN NaN NaN 22.67255 -162.12077 41.22723 24.87899 -146.70670 -87.95346
22166 0.93645 NaN NaN NaN 147.55736 -83.85426 -35.80556 250.03993 -157.86258 -32.04935 NaN NaN NaN 22.70646 -162.12263 41.22356 24.77523 -146.82747 -87.93056
22167 0.94480 NaN NaN NaN 147.48277 -83.83707 -35.82918 249.94092 -157.91696 -32.06284 NaN NaN NaN 22.81347 -162.12189 41.20206 24.61480 -146.94841 -87.91003
22168 0.95315 NaN NaN NaN 147.39525 -83.78039 -35.85905 249.83290 -157.99785 -32.08411 NaN NaN NaN 22.93585 -162.12360 41.15879 24.46009 -147.21652 -87.98335
22169 0.96149 NaN NaN NaN 147.25995 -83.69620 -35.87973 249.72072 -158.05952 -32.10777 NaN NaN NaN 23.05783 -162.16876 41.00819 24.27307 -147.50108 -88.04348
22170 0.96984 NaN NaN NaN 147.06642 -83.74610 -35.90470 249.61076 -158.09982 -32.10893 NaN NaN NaN 23.20757 -162.27763 40.87061 24.20595 -147.63570 -88.03062
22171 0.97819 NaN NaN NaN 146.93587 -83.78894 -35.93955 249.49063 -158.15508 -32.15028 NaN NaN NaN 23.41382 -162.35440 40.66911 24.16971 -147.77690 -88.06504
22172 0.98653 NaN NaN NaN 147.02090 -84.02434 -35.74353 249.39754 -158.19942 -32.21780 NaN NaN NaN 23.66714 -162.34471 40.52525 24.21977 -147.78194 -88.27508
22173 0.99488 NaN NaN NaN 146.87909 -84.15422 -35.83241 249.31479 -158.23186 -32.29636 NaN NaN NaN 24.01335 -162.27542 40.32601 24.46575 -147.46655 -88.54404
22174 1.00323 NaN NaN NaN 147.03062 -84.61057 -35.55769 249.29796 -158.28505 -32.39959 NaN NaN NaN 24.38042 -162.18190 40.20882 24.88083 -146.88472 -88.85952
22175 1.01157 NaN NaN NaN 147.14641 -85.00307 -35.36519 249.28822 -158.30199 -32.48786 NaN NaN NaN 24.74776 -162.03601 40.12649 25.21661 -146.45435 -89.03192
22176 1.01992 NaN NaN NaN 147.19261 -85.27995 -35.30378 249.28218 -158.31203 -32.56721 NaN NaN NaN 25.12726 -161.82074 40.12299 25.62788 -145.92775 -89.19384
22177 1.02827 NaN NaN NaN 147.21255 -85.44334 -35.27058 249.30624 -158.32597 -32.63486 NaN NaN NaN 25.49759 -161.61598 40.17117 25.97220 -145.49979 -89.24811
22178 1.03661 NaN NaN NaN 147.23251 -85.54612 -35.23605 249.34352 -158.32335 -32.74714 NaN NaN NaN 25.86460 -161.34737 40.25122 26.35999 -145.11998 -89.24733
22179 1.04496 NaN NaN NaN 147.23897 -85.53854 -35.22572 249.42569 -158.28700 -32.85867 NaN NaN NaN 26.20764 -161.05396 40.41120 26.61526 -145.05206 -89.16529
22180 1.05331 NaN NaN NaN 147.26308 -85.49699 -35.22709 249.48814 -158.25584 -32.93701 NaN NaN NaN 26.51169 -160.79355 40.59652 26.91209 -145.05275 -88.82882
22181 1.06165 NaN NaN NaN 147.23924 -85.36929 -35.32842 249.56322 -158.23534 -32.92374 NaN NaN NaN 26.83633 -160.60413 40.84047 27.12791 -145.21620 -88.28744
22182 1.07000 NaN NaN NaN 147.08632 -85.10612 -35.59293 249.59264 -158.24416 -32.87512 NaN NaN NaN 27.15361 -160.36679 41.14658 27.51582 -145.05714 -87.93536
22183 1.07834 NaN NaN NaN 146.98637 -84.74515 -35.77247 249.66426 -158.29512 -32.76338 NaN NaN NaN 27.48606 -160.11272 41.39642 27.84207 -144.86534 -87.69308
22184 1.08669 NaN NaN NaN 147.08243 -84.68056 -35.60695 249.73712 -158.33093 -32.69229 NaN NaN NaN 27.75900 -159.80823 41.56020 28.18570 -144.51215 -87.39153
22185 1.09504 NaN NaN NaN 146.99442 -84.31349 -35.63060 249.83034 -158.39409 -32.63943 NaN NaN NaN 28.00579 -159.51811 41.77523 28.56127 -144.11305 -87.27007
22186 1.10338 NaN NaN NaN 146.95729 -84.21863 -35.63094 249.89085 -158.43112 -32.59888 NaN NaN NaN 28.21104 -159.23067 41.98979 28.92015 -143.74304 -87.12206
22187 1.11173 NaN NaN NaN 147.07571 -84.30972 -35.52534 249.91109 -158.42940 -32.56197 NaN NaN NaN 28.43013 -159.02327 42.19070 29.18041 -143.45222 -86.96352
22188 1.12008 NaN NaN NaN 147.02684 -84.34646 -35.58657 249.90506 -158.40450 -32.55523 NaN NaN NaN 28.57062 -158.87874 42.31269 29.36242 -143.16933 -86.77458
22189 1.12842 NaN NaN NaN 147.05315 -84.37238 -35.62106 249.88658 -158.37350 -32.54428 NaN NaN NaN 28.64462 -158.74355 42.36652 29.49076 -143.04007 -86.65624
22190 1.13677 NaN NaN NaN 147.06581 -84.51559 -35.67762 249.87448 -158.33147 -32.53320 NaN NaN NaN 28.67934 -158.71019 42.39909 29.56473 -143.00400 -86.63467
22191 1.14512 NaN NaN NaN 147.08144 -84.46820 -35.62975 249.86198 -158.31996 -32.53308 NaN NaN NaN 28.63058 -158.71349 42.40973 29.58122 -143.03529 -86.63617
22192 1.15346 NaN NaN NaN 147.09251 -84.53018 -35.68768 249.86247 -158.29330 -32.51273 NaN NaN NaN 28.53750 -158.81561 42.40940 29.59595 -143.06273 -86.64798
22193 1.16181 NaN NaN NaN 147.12222 -84.51193 -35.69803 249.88106 -158.28661 -32.48236 NaN NaN NaN 28.38650 -159.01584 42.36077 29.53489 -143.14345 -86.66207
22194 1.17016 NaN NaN NaN 147.14203 -84.47942 -35.70917 249.92122 -158.27391 -32.47361 NaN NaN NaN 28.16220 -159.29756 42.28886 29.43776 -143.24687 -86.73060
22195 1.17850 NaN NaN NaN 147.20398 -84.47162 -35.69305 249.97809 -158.30640 -32.42809 NaN NaN NaN 27.87002 -159.66206 42.02493 29.25738 -143.46552 -86.96239
22196 1.18685 NaN NaN NaN 147.26527 -84.39101 -35.55159 250.05763 -158.32878 -32.41013 NaN NaN NaN 27.54048 -160.13632 41.72869 29.07375 -143.67514 -87.22585
22197 1.19520 NaN NaN NaN 147.32489 -84.37992 -35.44246 250.17516 -158.36523 -32.41484 NaN NaN NaN 27.25476 -160.60069 41.44333 28.94689 -143.84343 -87.49025
22198 1.20354 NaN NaN NaN 147.35147 -84.50678 -35.48732 250.27159 -158.38599 -32.44715 NaN NaN NaN 26.96767 -161.05121 41.07359 28.83083 -143.94772 -87.73084
22199 1.21189 NaN NaN NaN 147.40018 -84.54224 -35.37244 250.36783 -158.38416 -32.48102 NaN NaN NaN 26.70887 -161.41844 40.72921 28.71587 -144.06860 -88.05504
22200 1.22024 NaN NaN NaN 147.46388 -84.72704 -35.44250 250.41045 -158.36395 -32.54817 NaN NaN NaN 26.49147 -161.68744 40.47676 28.47824 -144.29979 -88.42212
22201 1.22858 NaN NaN NaN 147.51620 -84.85464 -35.46214 250.42201 -158.32454 -32.62210 NaN NaN NaN 26.36624 -161.85420 40.24003 28.08420 -144.76450 -88.57597
22202 1.23693 NaN NaN NaN 147.58368 -84.91750 -35.46031 250.44838 -158.26735 -32.70496 NaN NaN NaN 26.25228 -162.01387 40.10939 27.89179 -145.04820 -88.81190
22203 1.24528 NaN NaN NaN 147.63029 -84.93751 -35.43031 250.47734 -158.23511 -32.76501 NaN NaN NaN 26.17789 -162.11826 40.07433 27.70121 -145.33469 -88.95528
22204 1.25362 NaN NaN NaN 147.65790 -84.72044 -35.37610 250.47093 -158.17607 -32.86628 NaN NaN NaN 26.08363 -162.19820 40.07100 27.45162 -145.73305 -89.01391
22205 1.26197 NaN NaN NaN 147.72221 -84.66716 -35.23951 250.46704 -158.14529 -32.85659 NaN NaN NaN 25.93373 -162.30237 40.12664 27.24191 -146.00615 -88.82294
22206 1.27032 NaN NaN NaN 147.64903 -84.50909 -35.32030 250.44122 -158.11101 -32.87790 NaN NaN NaN 25.71086 -162.44635 40.21131 27.16338 -146.24419 -88.66342
22207 1.27866 NaN NaN NaN 147.56714 -84.36742 -35.38686 250.42253 -158.09981 -32.78199 NaN NaN NaN 25.42514 -162.55797 40.35841 27.13677 -146.45934 -88.43102
22208 1.28701 NaN NaN NaN 147.71951 -84.36494 -35.29154 250.39464 -158.09724 -32.72337 NaN NaN NaN 25.19368 -162.66919 40.64383 27.11629 -146.53679 -88.20107
22209 1.29536 NaN NaN NaN 147.60321 -84.23508 -35.39928 250.34059 -158.10114 -32.65068 NaN NaN NaN 24.94300 -162.73883 40.92414 27.07581 -146.72968 -87.94402
22210 1.30370 NaN NaN NaN 147.51530 -84.15938 -35.46743 250.27901 -158.08940 -32.58622 NaN NaN NaN 24.73122 -162.76733 41.26456 26.95267 -146.99133 -87.70811
22211 1.31205 NaN NaN NaN 147.41876 -84.01653 -35.49231 250.21715 -158.05571 -32.50846 NaN NaN NaN 24.55096 -162.79556 41.58680 26.76862 -147.32246 -87.47549
22212 1.32039 NaN NaN NaN 147.33328 -84.02071 -35.56939 250.14371 -158.05432 -32.43226 NaN NaN NaN 24.38671 -162.73807 41.96258 26.61509 -147.64819 -87.11023
22213 1.32874 NaN NaN NaN 147.32794 -84.02685 -35.60342 250.05513 -158.05382 -32.38931 NaN NaN NaN 24.23951 -162.65977 42.34058 26.49412 -147.91911 -86.77242
22214 1.33709 NaN NaN NaN 147.34558 -84.03560 -35.53876 249.99849 -158.09041 -32.33839 NaN NaN NaN 24.05909 -162.68274 42.67346 26.41481 -148.15103 -86.46616
22215 1.34543 NaN NaN NaN 147.36238 -84.06126 -35.47359 249.94594 -158.11450 -32.30146 NaN NaN NaN 23.92347 -162.70082 42.93320 26.29146 -148.42523 -86.27380
22216 1.35378 NaN NaN NaN 147.38954 -84.09617 -35.35302 249.91736 -158.15512 -32.26828 NaN NaN NaN 23.83484 -162.79889 43.22124 26.33029 -148.55229 -85.93299
22217 1.36213 NaN NaN NaN 147.38403 -84.11211 -35.24426 249.86076 -158.19324 -32.30310 NaN NaN NaN 23.98877 -162.76300 43.53944 26.65592 -148.50308 -85.57613
22218 1.37047 NaN NaN NaN 147.37102 -84.19115 -35.25902 249.71672 -158.24347 -32.34295 NaN NaN NaN 24.31709 -162.43690 43.98841 26.80999 -148.48154 -85.31531
22219 1.37882 NaN NaN NaN 147.25134 -84.17261 -35.33093 249.51387 -158.25616 -32.39907 NaN NaN NaN 24.77392 -161.96698 44.42153 26.43251 -148.85912 -85.24065
22220 1.38717 NaN NaN NaN 147.16949 -84.13775 -35.40813 249.34984 -158.19948 -32.38359 NaN NaN NaN 25.01026 -161.78485 44.58345 26.22567 -149.25677 -85.11325
22221 1.39551 NaN NaN NaN 147.11711 -84.06385 -35.44086 249.32962 -158.10193 -32.29937 NaN NaN NaN 24.83782 -161.96565 44.58698 26.27009 -149.47354 -84.92172
22222 1.40386 NaN NaN NaN 147.09642 -83.98991 -35.42933 249.40907 -158.06877 -32.25840 NaN NaN NaN 24.73894 -162.16808 44.68843 26.24885 -149.72462 -84.67448
22223 1.41221 NaN NaN NaN 147.14613 -83.90841 -35.25999 249.50810 -158.13335 -32.22533 NaN NaN NaN 24.94213 -162.10338 44.88419 25.85989 -150.01291 -84.52940
22224 1.42055 NaN NaN NaN 147.19377 -83.85803 -35.08338 249.60542 -158.24474 -32.20676 NaN NaN NaN 25.37548 -161.85782 45.19817 25.23896 -150.61430 -84.34206
22225 1.42890 NaN NaN NaN 147.21269 -83.88484 -34.88878 249.68170 -158.29680 -32.16902 NaN NaN NaN 25.88106 -161.44281 45.55428 24.55481 -151.23586 -84.15021
22226 1.43725 NaN NaN NaN 147.18393 -83.97768 -34.79485 249.74638 -158.34135 -32.13742 NaN NaN NaN 26.49656 -160.84116 45.88620 23.82021 -151.94475 -83.90689
22227 1.44559 NaN NaN NaN 147.25339 -84.09566 -34.69141 249.79616 -158.36656 -32.15268 NaN NaN NaN 27.25324 -160.00232 46.25928 23.08749 -152.71895 -83.59578
22228 1.45394 NaN NaN NaN 147.32903 -84.13038 -34.44458 249.86043 -158.41499 -32.20412 NaN NaN NaN 28.21316 -158.89314 46.60622 22.19136 -153.53539 -83.27137
22229 1.46229 NaN NaN NaN 147.31744 -84.26572 -34.22567 249.94435 -158.47621 -32.25039 NaN NaN NaN 29.29076 -157.56241 47.00247 21.24511 -154.41592 -82.85520
22230 1.47063 NaN NaN NaN 147.32487 -84.55861 -34.11975 250.07919 -158.59018 -32.28378 NaN NaN NaN 30.41219 -156.07903 47.32076 20.16481 -155.39781 -82.45738
22231 1.47898 NaN NaN NaN 147.42296 -84.80370 -34.00340 250.16721 -158.67386 -32.30372 NaN NaN NaN 31.49696 -154.56586 47.69413 19.03502 -156.45103 -81.83412
22232 1.48733 NaN NaN NaN 147.48036 -85.09136 -33.86912 250.21904 -158.74982 -32.29918 NaN NaN NaN 32.51163 -153.04861 48.02439 17.92839 -157.48189 -81.27680
22233 1.49567 NaN NaN NaN 147.56226 -85.26395 -33.73023 250.24916 -158.80518 -32.28968 NaN NaN NaN 33.28897 -151.69014 48.29156 16.91582 -158.45407 -80.68108
22234 1.50402 NaN NaN NaN 147.72704 -85.85886 -33.37722 250.32243 -158.87663 -32.25245 NaN NaN NaN 33.75976 -150.63095 48.55700 16.11363 -159.24110 -80.08656
22235 1.51237 NaN NaN NaN 147.90674 -86.40875 -33.03943 250.40211 -158.90762 -32.26457 NaN NaN NaN 33.93329 -149.84050 48.85662 15.41893 -159.84671 -79.58857
22236 1.52071 NaN NaN NaN 148.06503 -85.81808 -33.11672 250.45958 -158.89574 -32.30758 NaN NaN NaN 33.96561 -149.21208 49.20775 14.84413 -160.31416 -79.03166
22237 1.52906 NaN NaN NaN 147.99081 -85.40118 -33.16025 250.49139 -158.85268 -32.34235 NaN NaN NaN 33.82458 -148.76125 49.51960 14.26597 -160.68219 -78.63145
22238 1.53741 NaN NaN NaN 147.82608 -85.51124 -33.14739 250.54413 -158.78453 -32.37423 NaN NaN NaN 33.39754 -148.53946 49.87722 13.73372 -161.15758 -78.19996
22239 1.54575 NaN NaN NaN 147.80894 -85.67142 -33.07900 250.61960 -158.75664 -32.41717 NaN NaN NaN 32.66605 -148.55975 50.35135 13.26517 -161.44971 -77.86714
22240 1.55410 NaN NaN NaN 147.87746 -85.08373 -33.15956 250.73460 -158.74765 -32.49622 NaN NaN NaN 31.87875 -148.67751 50.88955 12.67016 -161.89603 -77.42018
22241 1.56245 NaN NaN NaN 147.94998 -84.82936 -33.09565 250.83786 -158.73901 -32.57836 NaN NaN NaN 31.13955 -148.78355 51.31760 11.86466 -162.35326 -76.97301
22242 1.57079 NaN NaN NaN 147.93425 -84.63873 -32.91020 250.99174 -158.79170 -32.75943 NaN NaN NaN 30.41671 -148.84058 51.83403 10.96322 -163.01334 -76.45449
22243 1.57914 NaN NaN NaN 147.90462 -85.12144 -32.62576 251.17911 -158.82005 -32.94686 NaN NaN NaN 29.59787 -148.89554 52.29551 9.93444 -163.78438 -75.85193
22244 1.58748 NaN NaN NaN 148.09805 -85.52463 -32.32567 251.34146 -158.85655 -33.13494 NaN NaN NaN 28.74485 -148.95688 52.80292 8.89026 -164.69093 -75.08607
22245 1.59583 NaN NaN NaN 148.29140 -85.48988 -32.07778 251.49701 -158.89006 -33.33044 NaN NaN NaN 28.00261 -148.94856 53.30528 7.71188 -165.68106 -74.38557
22246 1.60418 NaN NaN NaN 148.54033 -85.63757 -31.57290 251.67546 -158.92920 -33.49934 NaN NaN NaN 27.39913 -148.82515 53.74287 6.36458 -166.69341 -73.58664
22247 1.61252 NaN NaN NaN 148.77977 -86.63098 -30.75876 251.85538 -158.94234 -33.76248 NaN NaN NaN 26.93095 -148.55981 54.20580 4.89222 -167.71811 -72.70946
22248 1.62087 NaN NaN NaN 149.26450 -86.76614 -30.23787 252.05463 -159.02495 -34.11009 NaN NaN NaN 26.62858 -148.11763 54.66347 3.26964 -168.83131 -71.81374
22249 1.62922 NaN NaN NaN 149.59763 -87.04772 -29.53297 252.28702 -159.14163 -34.48465 NaN NaN NaN 26.47223 -147.54732 55.05257 1.56704 -170.02435 -70.90659
22250 1.63756 NaN NaN NaN 149.83162 -87.25903 -28.84813 252.57303 -159.27829 -34.87443 NaN NaN NaN 26.45990 -146.74602 55.34457 -0.18796 -171.22551 -69.85999
22251 1.64591 NaN NaN NaN 149.89961 -87.33767 -28.11964 252.92500 -159.42114 -35.32546 NaN NaN NaN 26.60179 -145.83920 55.56546 -2.07922 -172.39192 -68.81272
22252 1.65426 NaN NaN NaN 150.09839 -88.36435 -27.21897 253.27913 -159.61481 -35.78099 NaN NaN NaN 26.86978 -144.83159 55.73402 -4.03473 -173.53871 -67.70140
22253 1.66260 NaN NaN NaN 150.46869 -88.40907 -26.43220 253.66591 -159.80571 -36.25547 NaN NaN NaN 27.24698 -143.68149 55.74093 -6.02109 -174.69446 -66.51669
22254 1.67095 NaN NaN NaN 150.77713 -88.64075 -25.49161 254.04665 -160.04877 -36.75991 NaN NaN NaN 27.72952 -142.43872 55.66042 -8.06249 -175.85187 -65.19172
22255 1.67930 NaN NaN NaN 151.06407 -88.87060 -24.56292 254.44847 -160.27182 -37.30226 NaN NaN NaN 28.35328 -141.10066 55.46627 -10.12004 -176.98682 -63.81126
22256 1.68764 NaN NaN NaN 151.39272 -89.28181 -23.54674 254.88474 -160.52612 -37.90527 NaN NaN NaN 29.10804 -139.65578 55.17345 -12.19404 -178.08966 -62.34885
22257 1.69599 NaN NaN NaN 151.78702 -89.85281 -22.44136 255.32634 -160.71623 -38.49783 NaN NaN NaN 29.97457 -138.07721 54.82808 -14.26896 -179.14745 -60.72806
22258 1.70434 NaN NaN NaN 152.29988 -90.56879 -21.20728 255.79071 -160.96477 -39.11309 NaN NaN NaN 31.01955 -136.42903 54.28608 -16.37178 -180.18216 -58.97836
22259 1.71268 NaN NaN NaN 152.92656 -91.50343 -20.00809 256.23215 -161.24580 -39.73996 NaN NaN NaN 32.20568 -134.71678 53.71263 -18.46010 -181.18222 -57.11317
22260 1.72103 NaN NaN NaN 153.64096 -92.53208 -18.95724 256.67731 -161.50554 -40.37517 NaN NaN NaN 33.52896 -132.93440 52.94635 -20.43859 -182.16107 -55.12940
22261 1.72938 NaN NaN NaN 154.13599 -93.13647 -18.03384 257.09998 -161.73152 -40.98092 NaN NaN NaN 34.85034 -131.09195 51.96145 -22.35091 -183.11537 -53.05247
22262 1.73772 NaN NaN NaN 154.45256 -93.41436 -17.05202 257.50943 -161.98177 -41.60144 NaN NaN NaN 36.24014 -129.21635 50.91444 -24.12931 -184.02145 -50.93526
22263 1.74607 NaN NaN NaN 154.83572 -93.66216 -16.03574 257.90488 -162.17906 -42.15306 NaN NaN NaN 37.79312 -127.44917 49.79374 -25.77165 -184.74324 -48.73315
22264 1.75442 NaN NaN NaN 155.28304 -93.99091 -15.17539 258.28210 -162.39612 -42.63670 NaN NaN NaN 39.40134 -125.72330 48.64097 -27.27716 -185.46870 -46.47461
22265 1.76276 NaN NaN NaN 155.77197 -94.50750 -14.35411 258.61346 -162.57886 -43.10226 NaN NaN NaN 40.90075 -124.00138 47.09839 -28.66031 -186.09914 -44.06535
22266 1.77111 NaN NaN NaN 156.24413 -95.04020 -13.53528 258.91931 -162.70869 -43.47452 NaN NaN NaN 42.54265 -122.18642 45.49955 -29.91106 -186.70851 -41.63274
22267 1.77946 NaN NaN NaN 156.68349 -95.66266 -12.82331 259.21198 -162.86240 -43.80315 NaN NaN NaN 44.47266 -120.32956 43.88255 -31.01746 -187.32663 -39.14967
22268 1.78780 NaN NaN NaN 157.06636 -96.18446 -12.21394 259.51483 -163.03314 -44.14099 NaN NaN NaN 46.19448 -118.60259 41.97223 -32.06343 -187.86829 -36.57989
22269 1.79615 NaN NaN NaN 157.39764 -96.62441 -11.72849 259.75653 -163.20827 -44.43995 NaN NaN NaN 47.86237 -116.95290 39.80656 -32.97908 -188.37952 -33.99781
22270 1.80450 NaN NaN NaN 157.64076 -97.05276 -11.32321 259.94925 -163.27867 -44.63703 NaN NaN NaN 49.52196 -115.37968 37.48466 -33.78166 -188.82333 -31.23599
22271 1.81284 NaN NaN NaN 157.85010 -97.33816 -10.97426 260.09058 -163.39432 -44.78918 NaN NaN NaN 51.23484 -113.86455 35.07170 -34.45796 -189.24237 -28.51162
22272 1.82119 NaN NaN NaN 158.01321 -97.55827 -10.78636 260.26544 -163.50159 -44.99161 NaN NaN NaN 52.95884 -112.41317 32.61379 -34.94942 -189.56204 -25.80186
22273 1.82953 NaN NaN NaN 158.07875 -97.71861 -10.70805 260.39316 -163.59262 -45.08985 NaN NaN NaN 54.62210 -111.03007 30.00584 -35.27839 -189.82487 -23.06847
22274 1.83788 NaN NaN NaN 158.10667 -97.83958 -10.72364 260.47672 -163.65831 -45.11986 NaN NaN NaN 56.34888 -109.74034 27.21520 -35.42543 -190.02626 -20.41349
22275 1.84623 NaN NaN NaN 158.11172 -97.90613 -10.77939 260.52335 -163.65991 -45.10185 NaN NaN NaN 57.94910 -108.55647 24.46142 -35.44686 -190.08446 -17.79630
22276 1.85457 NaN NaN NaN 158.03682 -97.89115 -10.90433 260.55060 -163.67729 -45.02716 NaN NaN NaN 59.42410 -107.47227 21.61646 -35.26746 -190.04993 -15.36844
22277 1.86292 NaN NaN NaN 157.91820 -97.88949 -11.14753 260.54437 -163.65791 -44.84171 NaN NaN NaN 60.72793 -106.51888 18.78774 -34.94569 -189.95560 -13.11579
22278 1.87127 NaN NaN NaN 157.73990 -97.88715 -11.40872 260.53223 -163.60249 -44.64289 NaN NaN NaN 62.05078 -105.69021 16.10346 -34.47423 -189.83563 -11.34842
22279 1.87961 NaN NaN NaN 157.50819 -97.75311 -11.76142 260.46320 -163.58916 -44.38542 NaN NaN NaN 63.30703 -104.96150 13.59676 -33.81404 -189.65981 -9.82342
22280 1.88796 NaN NaN NaN 157.25539 -97.59177 -12.08347 260.38266 -163.59354 -44.08536 NaN NaN NaN 64.61037 -104.30402 11.39169 -33.08120 -189.43141 -8.62382
22281 1.89631 NaN NaN NaN 156.95853 -97.48138 -12.49102 260.28513 -163.52342 -43.71722 NaN NaN NaN 65.88136 -103.38481 9.14568 -32.25089 -189.10025 -7.62939
22282 1.90465 NaN NaN NaN 156.85605 -97.50292 -13.09828 260.09500 -163.43369 -43.33332 NaN NaN NaN 67.00605 -102.80016 7.05719 -31.32141 -188.69861 -6.84290
22283 1.91300 NaN NaN NaN 156.42682 -97.31001 -13.49862 259.90350 -163.35007 -42.94032 NaN NaN NaN 68.24397 -102.20903 4.99668 -30.28975 -188.29689 -6.37120
22284 1.92135 NaN NaN NaN 155.94278 -96.93863 -13.98404 259.70227 -163.28308 -42.56778 NaN NaN NaN 69.02442 -101.85174 2.88692 -29.18054 -187.98662 -5.97234
22285 1.92969 NaN NaN NaN 155.47668 -96.49181 -14.48298 259.48108 -163.20351 -42.20882 NaN NaN NaN 69.74970 -101.51804 0.84604 -28.06377 -187.77817 -5.81417
22286 1.93804 NaN NaN NaN 154.96506 -96.10858 -14.80781 259.26520 -163.15643 -41.91275 NaN NaN NaN 70.55225 -101.04534 -1.14226 -26.94388 -187.64343 -5.83840
22287 1.94639 NaN NaN NaN 154.58138 -95.72958 -14.96950 259.10034 -163.14879 -41.63134 NaN NaN NaN 71.49147 -100.56421 -3.05146 -25.82414 -187.60106 -6.03939
22288 1.95473 NaN NaN NaN 154.41692 -95.67945 -15.39542 258.93936 -163.08211 -41.39983 NaN NaN NaN 72.44338 -100.15321 -5.12872 -24.79177 -187.55594 -6.33642
22289 1.96308 NaN NaN NaN 154.23831 -95.68118 -15.57156 258.77921 -163.00171 -41.18083 NaN NaN NaN 73.31199 -99.69823 -6.85661 -23.82381 -187.52325 -6.61867
22290 1.97143 NaN NaN NaN 154.10706 -95.82433 -15.78114 258.61990 -162.98872 -40.91108 NaN NaN NaN 74.11366 -99.49691 -8.89273 -22.83956 -187.47215 -6.78392
22291 1.97977 NaN NaN NaN 153.86279 -95.95329 -16.11634 258.48358 -162.94011 -40.62571 NaN NaN NaN 74.86142 -99.07146 -10.73725 -21.88752 -187.34831 -6.87801
22292 1.98812 NaN NaN NaN 153.66318 -95.92146 -16.58816 258.34689 -162.90599 -40.32326 NaN NaN NaN 75.36310 -98.86766 -12.71192 -20.95091 -187.30444 -6.89867
22293 1.99647 NaN NaN NaN 153.44635 -95.78197 -17.06579 258.21759 -162.87424 -40.07957 NaN NaN NaN 75.81013 -98.73951 -14.86861 -19.98655 -187.29045 -6.98866
22294 2.00481 NaN NaN NaN 153.33936 -95.63808 -17.41438 258.14511 -162.82433 -39.80867 NaN NaN NaN 76.41769 -98.65990 -16.78296 -19.06276 -187.30315 -7.22374
22295 2.01316 NaN NaN NaN 153.26517 -95.34797 -17.57760 258.14398 -162.84644 -39.55810 NaN NaN NaN 76.86100 -98.44821 -18.43295 -18.14756 -187.45560 -7.82079
22296 2.02151 NaN NaN NaN 153.18405 -95.22173 -18.09392 258.18167 -162.79315 -39.35153 NaN NaN NaN 77.22470 -98.14877 -19.50740 -17.35190 -187.67931 -8.95711
22297 2.02985 NaN NaN NaN 153.24237 -95.01556 -18.60210 258.23575 -162.77184 -39.28595 NaN NaN NaN 77.30437 -97.63226 -19.79127 -16.69400 -187.89435 -10.28547
22298 2.03820 NaN NaN NaN 153.33585 -94.63532 -19.08224 258.34775 -162.79657 -39.05265 NaN NaN NaN 77.51708 -97.39377 -19.87626 -16.17399 -187.98631 -11.23596
22299 2.04655 NaN NaN NaN 153.52470 -94.21355 -19.50133 258.40323 -162.57158 -38.71576 NaN NaN NaN 77.80387 -97.26186 -20.00925 -15.68558 -187.99005 -11.67556
22300 2.05489 NaN NaN NaN 153.72487 -93.83139 -19.76558 258.45535 -162.35159 -38.33640 NaN NaN NaN 78.05321 -97.13959 -20.30153 -15.21860 -187.89467 -11.82019
22301 2.06324 NaN NaN NaN 153.86093 -93.56457 -19.89110 258.56482 -162.19566 -37.98102 NaN NaN NaN 78.27734 -97.12766 -20.36865 -14.91687 -187.98775 -11.80852
