Frame# Time LH1 LH2 LH3 RH1 RH2 RH3
X54 Y54 Z54 X55 Y55 Z55 X56 Y56 Z56 X57 Y57 Z57 X58 Y58 Z58 X59 Y59 Z59
46467 0.00532 NaN NaN NaN 233.78088 -153.46359 36.18792 295.38937 -183.52187 -69.96777 NaN NaN NaN 39.52869 -103.14732 -1.08691 -56.98534 -180.72722 -42.12140
46468 0.01365 NaN NaN NaN 233.75732 -153.42963 36.17254 295.37729 -183.50897 -69.96916 NaN NaN NaN 39.51358 -103.16927 -1.08216 -56.99990 -180.72218 -42.10056
46469 0.02198 NaN NaN NaN 233.73689 -153.42719 36.17772 295.35907 -183.47041 -69.99471 NaN NaN NaN 39.50450 -103.19397 -1.10297 -57.03603 -180.74448 -42.08973
46470 0.03031 NaN NaN NaN 233.74103 -153.42928 36.19143 295.34610 -183.44569 -70.01473 NaN NaN NaN 39.48191 -103.23817 -1.09679 -57.09959 -180.77255 -42.05836
46471 0.03865 NaN NaN NaN 233.74911 -153.43047 36.20131 295.32675 -183.42891 -70.02795 NaN NaN NaN 39.48014 -103.28246 -1.11218 -57.15567 -180.77872 -42.03691
46472 0.04698 NaN NaN NaN 233.75899 -153.42650 36.20313 295.32175 -183.41631 -70.03319 NaN NaN NaN 39.46883 -103.30697 -1.13036 -57.19553 -180.78334 -42.02705
46473 0.05531 NaN NaN NaN 233.74557 -153.41205 36.20708 295.31503 -183.39957 -70.04519 NaN NaN NaN 39.47792 -103.31815 -1.17248 -57.22845 -180.83325 -42.00291
46474 0.06364 NaN NaN NaN 233.72824 -153.42683 36.19016 295.30484 -183.38814 -70.04484 NaN NaN NaN 39.46339 -103.34341 -1.21211 -57.24925 -180.86205 -41.99310
46475 0.07197 NaN NaN NaN 233.70903 -153.43544 36.18914 295.29263 -183.42331 -70.03474 NaN NaN NaN 39.46750 -103.36917 -1.23576 -57.26590 -180.92844 -41.98783
46476 0.08030 NaN NaN NaN 233.66882 -153.43257 36.17442 295.26163 -183.40555 -70.03564 NaN NaN NaN 39.47283 -103.40394 -1.25029 -57.30005 -181.00505 -41.96353
46477 0.08863 NaN NaN NaN 233.64584 -153.42882 36.16780 295.23642 -183.40898 -70.03402 NaN NaN NaN 39.46747 -103.44711 -1.27210 -57.31197 -181.05490 -41.94593
46478 0.09696 NaN NaN NaN 233.62758 -153.40099 36.15915 295.22256 -183.37044 -70.03854 NaN NaN NaN 39.44734 -103.47166 -1.30297 -57.32664 -181.11232 -41.93680
46479 0.10530 NaN NaN NaN 233.61287 -153.41098 36.16070 295.21097 -183.38004 -70.03403 NaN NaN NaN 39.45526 -103.47739 -1.31162 -57.32561 -181.14314 -41.92820
46480 0.11363 NaN NaN NaN 233.59790 -153.39352 36.18304 295.21057 -183.36649 -70.02827 NaN NaN NaN 39.50009 -103.52361 -1.35238 -57.30425 -181.14618 -41.92081
46481 0.12196 NaN NaN NaN 233.59019 -153.38565 36.16881 295.21753 -183.37445 -70.01952 NaN NaN NaN 39.53050 -103.58251 -1.36554 -57.28930 -181.15475 -41.88015
46482 0.13029 NaN NaN NaN 233.59125 -153.38420 36.18456 295.21289 -183.36963 -70.01740 NaN NaN NaN 39.59618 -103.61342 -1.41815 -57.28315 -181.16669 -41.86770
46483 0.13862 NaN NaN NaN 233.59691 -153.39780 36.18361 295.21140 -183.38451 -70.02483 NaN NaN NaN 39.63770 -103.63236 -1.45854 -57.25853 -181.17485 -41.86084
46484 0.14695 NaN NaN NaN 233.56978 -153.40880 36.18610 295.19400 -183.38292 -70.02542 NaN NaN NaN 39.70009 -103.58667 -1.47258 -57.23600 -181.14243 -41.84412
46485 0.15528 NaN NaN NaN 233.54471 -153.41078 36.16233 295.18869 -183.38515 -70.02586 NaN NaN NaN 39.74585 -103.54895 -1.49859 -57.20004 -181.11798 -41.83770
46486 0.16362 NaN NaN NaN 233.48338 -153.40707 36.13589 295.16919 -183.37456 -70.02077 NaN NaN NaN 39.82912 -103.52879 -1.61112 -57.17222 -181.08492 -41.78603
46487 0.17195 NaN NaN NaN 233.39929 -153.37569 36.10212 295.15030 -183.33301 -70.03725 NaN NaN NaN 39.89442 -103.51183 -1.67162 -57.12483 -181.07619 -41.78295
46488 0.18028 NaN NaN NaN 233.32867 -153.31612 36.03153 295.13232 -183.32426 -70.03635 NaN NaN NaN 39.93798 -103.50681 -1.70131 -57.08770 -181.05061 -41.75668
46489 0.18861 NaN NaN NaN 233.21584 -153.18074 35.99012 295.11450 -183.32961 -70.01713 NaN NaN NaN 39.95577 -103.54189 -1.70003 -57.05717 -181.03197 -41.77930
46490 0.19694 NaN NaN NaN 233.09677 -153.11215 35.92512 295.07184 -183.34167 -69.96177 NaN NaN NaN 39.99223 -103.58273 -1.72021 -57.03069 -181.02049 -41.78120
46491 0.20527 NaN NaN NaN 233.00616 -153.05331 35.91577 295.02151 -183.35190 -69.91012 NaN NaN NaN 40.01154 -103.61184 -1.77842 -57.02801 -181.04948 -41.75763
46492 0.21360 NaN NaN NaN 232.94652 -153.02370 35.89874 294.98593 -183.37053 -69.88782 NaN NaN NaN 40.04743 -103.63223 -1.87527 -57.05708 -181.08951 -41.71415
46493 0.22193 NaN NaN NaN 232.91435 -152.99634 35.90445 294.95322 -183.33206 -69.88789 NaN NaN NaN 40.06583 -103.64342 -1.93117 -57.06220 -181.08397 -41.66468
46494 0.23027 NaN NaN NaN 232.86736 -152.99762 35.89269 294.94220 -183.30981 -69.88456 NaN NaN NaN 40.06876 -103.64186 -1.96740 -57.08489 -181.10052 -41.61613
46495 0.23860 NaN NaN NaN 232.84692 -153.00932 35.90928 294.89777 -183.30782 -69.86411 NaN NaN NaN 40.07767 -103.63862 -1.99617 -57.09555 -181.11058 -41.57432
46496 0.24693 NaN NaN NaN 232.84399 -153.04347 35.92658 294.88074 -183.29953 -69.86489 NaN NaN NaN 40.08836 -103.62550 -2.01992 -57.12088 -181.09892 -41.54485
46497 0.25526 NaN NaN NaN 232.84506 -153.03661 35.98778 294.86365 -183.31415 -69.85423 NaN NaN NaN 40.10306 -103.59868 -2.00771 -57.11784 -181.08354 -41.52795
46498 0.26359 NaN NaN NaN 232.86221 -153.06090 36.02859 294.83603 -183.32417 -69.84996 NaN NaN NaN 40.08945 -103.61791 -2.07914 -57.13041 -181.07271 -41.51464
46499 0.27192 NaN NaN NaN 232.87175 -153.07285 36.06345 294.81894 -183.34531 -69.84465 NaN NaN NaN 40.11628 -103.62840 -2.08668 -57.13982 -181.04935 -41.48064
46500 0.28025 NaN NaN NaN 232.86752 -153.11166 36.07283 294.80225 -183.37627 -69.82964 NaN NaN NaN 40.17021 -103.61761 -2.12273 -57.14520 -181.04933 -41.44772
46501 0.28858 NaN NaN NaN 232.84470 -153.12904 36.09908 294.78909 -183.38013 -69.83208 NaN NaN NaN 40.22575 -103.60699 -2.16418 -57.11308 -181.04945 -41.41514
46502 0.29692 NaN NaN NaN 232.82021 -153.14220 36.09379 294.74850 -183.36316 -69.81977 NaN NaN NaN 40.25227 -103.57400 -2.22049 -57.11054 -181.07144 -41.40048
46503 0.30525 NaN NaN NaN 232.77556 -153.10556 36.11513 294.71603 -183.35973 -69.80135 NaN NaN NaN 40.28607 -103.54471 -2.25935 -57.11271 -181.06267 -41.38741
46504 0.31358 NaN NaN NaN 232.71999 -153.09299 36.09070 294.67523 -183.31296 -69.80913 NaN NaN NaN 40.32103 -103.54314 -2.28556 -57.11064 -181.06392 -41.36202
46505 0.32191 NaN NaN NaN 232.68332 -153.09671 36.11290 294.65054 -183.27553 -69.77758 NaN NaN NaN 40.35452 -103.52666 -2.30262 -57.08435 -181.04428 -41.34127
46506 0.33024 NaN NaN NaN 232.62830 -153.04373 36.10712 294.62592 -183.23576 -69.77808 NaN NaN NaN 40.37820 -103.50523 -2.37048 -57.08722 -181.07344 -41.30457
46507 0.33857 NaN NaN NaN 232.57936 -152.97939 36.11754 294.60492 -183.22488 -69.73664 NaN NaN NaN 40.39386 -103.50093 -2.44501 -57.07897 -181.07083 -41.27060
46508 0.34690 NaN NaN NaN 232.52208 -152.93343 36.16150 294.57916 -183.19344 -69.72308 NaN NaN NaN 40.41911 -103.52238 -2.50916 -57.06482 -181.08032 -41.27984
46509 0.35523 NaN NaN NaN 232.48067 -152.92308 36.16867 294.55322 -183.18071 -69.66354 NaN NaN NaN 40.44474 -103.52134 -2.54768 -57.04036 -181.08582 -41.25779
46510 0.36357 NaN NaN NaN 232.43927 -152.91687 36.17976 294.54285 -183.17577 -69.62079 NaN NaN NaN 40.48743 -103.53729 -2.58172 -57.00913 -181.08879 -41.25324
46511 0.37190 NaN NaN NaN 232.39050 -152.91646 36.18505 294.54010 -183.17043 -69.60675 NaN NaN NaN 40.54516 -103.55399 -2.60079 -56.98118 -181.08202 -41.24528
46512 0.38023 NaN NaN NaN 232.36348 -152.94084 36.18773 294.52985 -183.16742 -69.58413 NaN NaN NaN 40.61670 -103.54031 -2.58156 -56.96801 -181.06927 -41.24368
46513 0.38856 NaN NaN NaN 232.32518 -152.94601 36.18956 294.51596 -183.16289 -69.54373 NaN NaN NaN 40.69077 -103.49285 -2.60309 -56.90866 -181.07425 -41.20612
46514 0.39689 NaN NaN NaN 232.30295 -152.96068 36.19870 294.50790 -183.14519 -69.52814 NaN NaN NaN 40.75745 -103.49065 -2.69126 -56.87871 -181.05231 -41.18682
46515 0.40522 NaN NaN NaN 232.29668 -153.00508 36.19901 294.51721 -183.16167 -69.52156 NaN NaN NaN 40.83595 -103.46210 -2.75568 -56.84351 -181.04132 -41.17450
46516 0.41355 NaN NaN NaN 232.32858 -153.05061 36.21593 294.53094 -183.15518 -69.53436 NaN NaN NaN 40.88119 -103.44769 -2.81080 -56.81746 -181.00310 -41.16785
46517 0.42189 NaN NaN NaN 232.34885 -153.12109 36.23905 294.54395 -183.17339 -69.55495 NaN NaN NaN 40.91142 -103.44383 -2.86465 -56.75966 -180.99977 -41.15641
46518 0.43022 NaN NaN NaN 232.39676 -153.21581 36.26226 294.56610 -183.20261 -69.55637 NaN NaN NaN 40.99147 -103.40869 -2.96418 -56.74286 -180.98207 -41.14206
46519 0.43855 NaN NaN NaN 232.41418 -153.29362 36.28576 294.58203 -183.22484 -69.54392 NaN NaN NaN 41.06566 -103.34401 -3.08114 -56.69773 -180.97395 -41.12665
46520 0.44688 NaN NaN NaN 232.43454 -153.35461 36.29968 294.60727 -183.25803 -69.54400 NaN NaN NaN 41.12357 -103.29201 -3.18741 -56.66130 -181.00453 -41.09334
46521 0.45521 NaN NaN NaN 232.45674 -153.40562 36.30015 294.63754 -183.30379 -69.55795 NaN NaN NaN 41.13572 -103.20224 -3.26402 -56.62860 -180.99754 -41.06428
46522 0.46354 NaN NaN NaN 232.47032 -153.45938 36.30810 294.64484 -183.33057 -69.56325 NaN NaN NaN 41.16256 -103.15871 -3.34605 -56.59060 -180.99825 -41.03680
46523 0.47187 NaN NaN NaN 232.49004 -153.51212 36.31939 294.65347 -183.35799 -69.58458 NaN NaN NaN 41.20585 -103.12531 -3.44698 -56.57511 -180.98740 -41.02592
46524 0.48020 NaN NaN NaN 232.50052 -153.57980 36.31149 294.66202 -183.37074 -69.60210 NaN NaN NaN 41.24198 -103.10844 -3.49425 -56.53674 -180.92473 -41.04937
46525 0.48854 NaN NaN NaN 232.50253 -153.60963 36.32169 294.67749 -183.39453 -69.59052 NaN NaN NaN 41.26200 -103.09221 -3.55219 -56.51992 -180.88478 -41.06506
46526 0.49687 NaN NaN NaN 232.49289 -153.65593 36.30700 294.69519 -183.37062 -69.58231 NaN NaN NaN 41.28476 -103.07502 -3.59974 -56.50063 -180.84026 -41.08047
46527 0.50520 NaN NaN NaN 232.50987 -153.69878 36.30741 294.70996 -183.37444 -69.60331 NaN NaN NaN 41.31993 -103.04295 -3.63453 -56.49610 -180.83682 -41.08222
46528 0.51353 NaN NaN NaN 232.53880 -153.72852 36.31784 294.71518 -183.35471 -69.62331 NaN NaN NaN 41.33343 -103.05286 -3.63205 -56.48986 -180.81808 -41.09432
46529 0.52186 NaN NaN NaN 232.55804 -153.76534 36.32473 294.73416 -183.37007 -69.62891 NaN NaN NaN 41.32209 -103.01254 -3.69327 -56.49170 -180.80569 -41.07821
46530 0.53019 NaN NaN NaN 232.57173 -153.77687 36.32947 294.74152 -183.33565 -69.65755 NaN NaN NaN 41.33254 -103.02016 -3.70028 -56.48041 -180.79401 -41.08846
46531 0.53852 NaN NaN NaN 232.60176 -153.81038 36.33875 294.74252 -183.34953 -69.64336 NaN NaN NaN 41.33102 -102.98055 -3.74237 -56.48973 -180.79613 -41.08095
46532 0.54685 NaN NaN NaN 232.62581 -153.81741 36.35156 294.75610 -183.31024 -69.67817 NaN NaN NaN 41.34938 -102.97335 -3.74015 -56.48891 -180.77626 -41.08175
46533 0.55519 NaN NaN NaN 232.66397 -153.84845 36.36821 294.78494 -183.31038 -69.66203 NaN NaN NaN 41.36370 -102.96765 -3.73996 -56.47514 -180.76311 -41.07718
46534 0.56352 NaN NaN NaN 232.67599 -153.85591 36.37136 294.77972 -183.30258 -69.65932 NaN NaN NaN 41.37573 -102.95527 -3.73484 -56.46497 -180.73706 -41.06784
46535 0.57185 NaN NaN NaN 232.69299 -153.86604 36.38034 294.79782 -183.30458 -69.64178 NaN NaN NaN 41.34085 -102.94439 -3.73334 -56.48341 -180.74338 -41.08257
46536 0.58018 NaN NaN NaN 232.69081 -153.87631 36.37955 294.77396 -183.29707 -69.67153 NaN NaN NaN 41.35061 -102.95833 -3.73907 -56.45959 -180.74585 -41.09593
46537 0.58851 NaN NaN NaN 232.68155 -153.87271 36.38240 294.79199 -183.30449 -69.64877 NaN NaN NaN 41.34837 -102.97500 -3.73701 -56.49276 -180.76231 -41.10639
46538 0.59684 NaN NaN NaN 232.65771 -153.86356 36.38004 294.79562 -183.29594 -69.64759 NaN NaN NaN 41.34501 -102.99096 -3.74715 -56.49651 -180.75035 -41.11711
46539 0.60517 NaN NaN NaN 232.65802 -153.86450 36.39067 294.81000 -183.28687 -69.62832 NaN NaN NaN 41.36401 -102.97108 -3.75612 -56.49030 -180.75566 -41.10953
46540 0.61351 NaN NaN NaN 232.67726 -153.88480 36.39130 294.83591 -183.26350 -69.63908 NaN NaN NaN 41.34477 -102.96859 -3.77821 -56.51844 -180.73514 -41.10249
46541 0.62184 NaN NaN NaN 232.68498 -153.88364 36.41082 294.85092 -183.24530 -69.62825 NaN NaN NaN 41.35266 -102.95438 -3.80190 -56.54547 -180.72697 -41.08760
46542 0.63017 NaN NaN NaN 232.68025 -153.88171 36.39989 294.87482 -183.23502 -69.60828 NaN NaN NaN 41.35261 -102.94496 -3.83239 -56.53866 -180.70045 -41.08643
46543 0.63850 NaN NaN NaN 232.68452 -153.89919 36.41130 294.89014 -183.23218 -69.59139 NaN NaN NaN 41.37165 -102.92140 -3.85916 -56.55099 -180.69994 -41.08806
46544 0.64683 NaN NaN NaN 232.68840 -153.94516 36.41471 294.90381 -183.26573 -69.58270 NaN NaN NaN 41.37197 -102.91154 -3.88414 -56.57523 -180.67746 -41.08612
46545 0.65516 NaN NaN NaN 232.70076 -153.97574 36.42308 294.93149 -183.25781 -69.58435 NaN NaN NaN 41.39022 -102.89335 -3.90551 -56.58950 -180.66460 -41.09039
46546 0.66349 NaN NaN NaN 232.73897 -154.02505 36.42545 294.93921 -183.25549 -69.58760 NaN NaN NaN 41.39128 -102.87041 -3.91330 -56.56334 -180.63901 -41.08871
46547 0.67182 NaN NaN NaN 232.76805 -154.06494 36.44784 294.95984 -183.22716 -69.59137 NaN NaN NaN 41.39722 -102.85026 -3.92893 -56.55723 -180.62283 -41.09154
46548 0.68016 NaN NaN NaN 232.81322 -154.10408 36.46164 294.97299 -183.23488 -69.58562 NaN NaN NaN 41.39813 -102.83251 -3.94141 -56.54818 -180.60027 -41.07386
46549 0.68849 NaN NaN NaN 232.85327 -154.13553 36.47717 294.98801 -183.23041 -69.60986 NaN NaN NaN 41.40166 -102.81800 -3.95918 -56.56909 -180.58241 -41.07987
46550 0.69682 NaN NaN NaN 232.86731 -154.18831 36.48893 294.98334 -183.24075 -69.61646 NaN NaN NaN 41.41546 -102.80183 -3.95811 -56.55942 -180.56494 -41.06844
46551 0.70515 NaN NaN NaN 232.91245 -154.23317 36.51004 294.99811 -183.23027 -69.62174 NaN NaN NaN 41.41404 -102.79498 -3.96083 -56.57518 -180.55008 -41.05298
46552 0.71348 NaN NaN NaN 232.94432 -154.28587 36.51382 295.00955 -183.28117 -69.60990 NaN NaN NaN 41.42139 -102.76594 -3.98176 -56.57040 -180.54880 -41.03443
46553 0.72181 NaN NaN NaN 232.97015 -154.32220 36.52187 295.04147 -183.31445 -69.60558 NaN NaN NaN 41.41014 -102.75225 -3.98328 -56.55919 -180.53975 -41.01786
46554 0.73014 NaN NaN NaN 233.00298 -154.37750 36.53111 295.05014 -183.34052 -69.60651 NaN NaN NaN 41.41375 -102.73917 -3.98643 -56.53924 -180.54439 -41.00675
46555 0.73847 NaN NaN NaN 233.04079 -154.42644 36.53244 295.06754 -183.36826 -69.62056 NaN NaN NaN 41.40739 -102.72074 -3.99329 -56.54425 -180.54228 -40.97318
46556 0.74681 NaN NaN NaN 233.06018 -154.48065 36.52899 295.07263 -183.38377 -69.64374 NaN NaN NaN 41.41352 -102.71627 -4.00207 -56.53637 -180.54572 -40.95045
46557 0.75514 NaN NaN NaN 233.08051 -154.54619 36.52960 295.09552 -183.40268 -69.64849 NaN NaN NaN 41.41440 -102.69545 -4.02443 -56.57161 -180.55072 -40.92787
46558 0.76347 NaN NaN NaN 233.09018 -154.58185 36.52805 295.11832 -183.44122 -69.66465 NaN NaN NaN 41.42345 -102.68092 -4.05391 -56.55474 -180.56870 -40.90591
46559 0.77180 NaN NaN NaN 233.08171 -154.65086 36.54050 295.12970 -183.46906 -69.67464 NaN NaN NaN 41.42357 -102.66972 -4.06839 -56.55276 -180.58459 -40.89397
46560 0.78013 NaN NaN NaN 233.08739 -154.68561 36.50877 295.14856 -183.47835 -69.69694 NaN NaN NaN 41.41536 -102.65731 -4.07194 -56.55533 -180.58208 -40.88046
46561 0.78846 NaN NaN NaN 233.07697 -154.71043 36.49671 295.14413 -183.50468 -69.68272 NaN NaN NaN 41.42142 -102.65836 -4.07994 -56.55104 -180.59015 -40.88715
46562 0.79679 NaN NaN NaN 233.08661 -154.73909 36.47847 295.14517 -183.51183 -69.71863 NaN NaN NaN 41.44177 -102.66817 -4.08875 -56.51492 -180.58862 -40.87772
46563 0.80513 NaN NaN NaN 233.07939 -154.76614 36.47787 295.13922 -183.50743 -69.75189 NaN NaN NaN 41.45182 -102.66711 -4.10482 -56.53320 -180.59129 -40.87244
46564 0.81346 NaN NaN NaN 233.07851 -154.81871 36.48248 295.16483 -183.53922 -69.78202 NaN NaN NaN 41.44098 -102.65966 -4.14272 -56.54107 -180.59033 -40.85932
46565 0.82179 NaN NaN NaN 233.06862 -154.85080 36.48999 295.16693 -183.56783 -69.76271 NaN NaN NaN 41.46337 -102.66230 -4.15058 -56.53279 -180.59402 -40.85997
46566 0.83012 NaN NaN NaN 233.08813 -154.87910 36.48958 295.17627 -183.58247 -69.76248 NaN NaN NaN 41.46426 -102.65465 -4.17799 -56.51498 -180.60573 -40.84566
46567 0.83845 NaN NaN NaN 233.08987 -154.90887 36.49770 295.17813 -183.59488 -69.76080 NaN NaN NaN 41.47073 -102.65146 -4.20738 -56.51525 -180.61717 -40.83253
46568 0.84678 NaN NaN NaN 233.11351 -154.91214 36.49895 295.18903 -183.60907 -69.76162 NaN NaN NaN 41.47572 -102.62656 -4.21956 -56.50731 -180.61945 -40.83088
46569 0.85511 NaN NaN NaN 233.14133 -154.95467 36.51418 295.18832 -183.60973 -69.75661 NaN NaN NaN 41.47147 -102.62297 -4.21799 -56.53150 -180.62871 -40.82256
46570 0.86344 NaN NaN NaN 233.15965 -154.98555 36.51704 295.20276 -183.61664 -69.75999 NaN NaN NaN 41.46831 -102.63017 -4.22608 -56.52751 -180.62244 -40.82722
46571 0.87178 NaN NaN NaN 233.21118 -155.04073 36.52670 295.21442 -183.61980 -69.77242 NaN NaN NaN 41.45632 -102.63235 -4.23042 -56.52205 -180.62743 -40.81304
46572 0.88011 NaN NaN NaN 233.24475 -155.06816 36.53442 295.21970 -183.64139 -69.76613 NaN NaN NaN 41.46988 -102.62138 -4.25186 -56.51939 -180.62144 -40.79772
46573 0.88844 NaN NaN NaN 233.25941 -155.07381 36.55045 295.22913 -183.62337 -69.78262 NaN NaN NaN 41.47344 -102.60950 -4.27036 -56.53642 -180.62712 -40.74977
46574 0.89677 NaN NaN NaN 233.26425 -155.08002 36.54813 295.24411 -183.63521 -69.78746 NaN NaN NaN 41.50146 -102.60893 -4.30723 -56.52400 -180.63634 -40.70570
46575 0.90510 NaN NaN NaN 233.26221 -155.07315 36.54055 295.24969 -183.63951 -69.79373 NaN NaN NaN 41.52055 -102.57545 -4.33678 -56.50472 -180.62793 -40.68961
46576 0.91343 NaN NaN NaN 233.26723 -155.06770 36.53038 295.24625 -183.65201 -69.78497 NaN NaN NaN 41.52200 -102.53722 -4.35901 -56.48757 -180.63951 -40.68948
46577 0.92176 NaN NaN NaN 233.25528 -155.07854 36.53519 295.25583 -183.64836 -69.77953 NaN NaN NaN 41.52615 -102.54154 -4.37130 -56.48230 -180.63493 -40.68749
46578 0.93009 NaN NaN NaN 233.26555 -155.06870 36.52765 295.26315 -183.67477 -69.76836 NaN NaN NaN 41.51969 -102.53217 -4.36944 -56.48456 -180.62260 -40.68342
46579 0.93843 NaN NaN NaN 233.25166 -155.07411 36.53140 295.26965 -183.67276 -69.76971 NaN NaN NaN 41.53050 -102.53111 -4.39132 -56.48834 -180.60210 -40.68214
46580 0.94676 NaN NaN NaN 233.24776 -155.05681 36.52244 295.25909 -183.67654 -69.76643 NaN NaN NaN 41.53415 -102.50318 -4.38513 -56.49857 -180.60321 -40.67092
46581 0.95509 NaN NaN NaN 233.23415 -155.04944 36.52164 295.25940 -183.66168 -69.77264 NaN NaN NaN 41.54129 -102.50629 -4.38707 -56.49954 -180.58420 -40.64618
46582 0.96342 NaN NaN NaN 233.22638 -155.02640 36.51663 295.25479 -183.65717 -69.76995 NaN NaN NaN 41.53533 -102.48698 -4.39208 -56.51854 -180.58740 -40.64671
46583 0.97175 NaN NaN NaN 233.21954 -155.02907 36.53405 295.26239 -183.64015 -69.77311 NaN NaN NaN 41.52808 -102.49414 -4.41810 -56.53487 -180.58881 -40.64735
46584 0.98008 NaN NaN NaN 233.22820 -155.02148 36.53466 295.23889 -183.63382 -69.75491 NaN NaN NaN 41.51341 -102.46803 -4.41733 -56.53329 -180.58745 -40.64693
46585 0.98841 NaN NaN NaN 233.21591 -155.01640 36.52669 295.22885 -183.63231 -69.75851 NaN NaN NaN 41.52197 -102.47777 -4.40619 -56.53707 -180.57870 -40.64132
46586 0.99674 NaN NaN NaN 233.21744 -155.01485 36.52798 295.22903 -183.63774 -69.75890 NaN NaN NaN 41.52238 -102.47673 -4.40972 -56.53683 -180.58540 -40.63752
46587 1.00508 NaN NaN NaN 233.21039 -155.00272 36.52126 295.22086 -183.61726 -69.77166 NaN NaN NaN 41.52137 -102.48933 -4.41995 -56.55032 -180.58070 -40.63369
46588 1.01341 NaN NaN NaN 233.18797 -154.97066 36.50932 295.21021 -183.60345 -69.76923 NaN NaN NaN 41.51171 -102.48882 -4.42144 -56.54873 -180.58997 -40.63638
46589 1.02174 NaN NaN NaN 233.18158 -154.96825 36.51275 295.19946 -183.57809 -69.78442 NaN NaN NaN 41.52573 -102.49443 -4.42938 -56.55225 -180.57162 -40.64347
46590 1.03007 NaN NaN NaN 233.16113 -154.93216 36.49378 295.19534 -183.58423 -69.78196 NaN NaN NaN 41.52676 -102.47009 -4.43647 -56.54971 -180.56792 -40.63961
46591 1.03840 NaN NaN NaN 233.14049 -154.92276 36.49416 295.19925 -183.56853 -69.78561 NaN NaN NaN 41.54044 -102.47854 -4.45150 -56.55278 -180.55595 -40.64075
46592 1.04673 NaN NaN NaN 233.11829 -154.89056 36.48450 295.19510 -183.56830 -69.78004 NaN NaN NaN 41.54934 -102.45951 -4.47214 -56.53952 -180.56030 -40.63931
46593 1.05506 NaN NaN NaN 233.08759 -154.86755 36.47729 295.19391 -183.58522 -69.76498 NaN NaN NaN 41.57725 -102.46481 -4.48553 -56.53303 -180.55946 -40.62311
46594 1.06340 NaN NaN NaN 233.07158 -154.84062 36.47512 295.18857 -183.58371 -69.75909 NaN NaN NaN 41.57211 -102.45901 -4.47931 -56.52566 -180.56561 -40.62596
46595 1.07173 NaN NaN NaN 233.04189 -154.78716 36.46334 295.16953 -183.57623 -69.72163 NaN NaN NaN 41.58441 -102.49698 -4.47044 -56.53120 -180.56619 -40.62207
46596 1.08006 NaN NaN NaN 233.02660 -154.76392 36.45971 295.14560 -183.55624 -69.75822 NaN NaN NaN 41.57943 -102.51758 -4.47460 -56.53763 -180.56549 -40.62864
46597 1.08839 NaN NaN NaN 232.98740 -154.73637 36.45465 295.13300 -183.51682 -69.70177 NaN NaN NaN 41.57213 -102.54153 -4.49701 -56.54523 -180.55670 -40.63139
46598 1.09672 NaN NaN NaN 232.98740 -154.72383 36.46291 295.13965 -183.51492 -69.69612 NaN NaN NaN 41.58381 -102.55134 -4.49432 -56.54561 -180.57156 -40.61286
46599 1.10505 NaN NaN NaN 232.97813 -154.71002 36.45007 295.13141 -183.50583 -69.68072 NaN NaN NaN 41.58815 -102.55982 -4.49996 -56.54360 -180.58214 -40.59651
46600 1.11338 NaN NaN NaN 232.97421 -154.69321 36.44523 295.13266 -183.49088 -69.71266 NaN NaN NaN 41.58762 -102.56097 -4.49517 -56.54181 -180.58803 -40.59179
46601 1.12171 NaN NaN NaN 232.97586 -154.68028 36.45424 295.12308 -183.49040 -69.69367 NaN NaN NaN 41.60213 -102.59420 -4.49101 -56.56369 -180.60406 -40.60265
46602 1.13005 NaN NaN NaN 232.97656 -154.69704 36.45457 295.13281 -183.49094 -69.71857 NaN NaN NaN 41.59162 -102.59688 -4.49588 -56.56244 -180.60519 -40.60592
46603 1.13838 NaN NaN NaN 232.96330 -154.69521 36.45461 295.13391 -183.49889 -69.69444 NaN NaN NaN 41.59215 -102.59967 -4.49412 -56.56981 -180.60558 -40.60257
46604 1.14671 NaN NaN NaN 232.94569 -154.70523 36.45231 295.13000 -183.47008 -69.71684 NaN NaN NaN 41.58623 -102.60529 -4.49961 -56.57488 -180.60254 -40.59373
46605 1.15504 NaN NaN NaN 232.93352 -154.68033 36.43944 295.13434 -183.47130 -69.69126 NaN NaN NaN 41.58236 -102.61650 -4.49462 -56.57689 -180.61372 -40.59228
46606 1.16337 NaN NaN NaN 232.91321 -154.65883 36.42646 295.14169 -183.43193 -69.72501 NaN NaN NaN 41.58897 -102.62277 -4.51320 -56.56549 -180.61134 -40.58524
46607 1.17170 NaN NaN NaN 232.90411 -154.62309 36.41838 295.14169 -183.44191 -69.69262 NaN NaN NaN 41.61552 -102.62814 -4.52552 -56.54827 -180.62602 -40.57315
46608 1.18003 NaN NaN NaN 232.90060 -154.63016 36.42241 295.13208 -183.42168 -69.71198 NaN NaN NaN 41.61882 -102.62228 -4.53489 -56.54341 -180.62888 -40.56314
46609 1.18836 NaN NaN NaN 232.89377 -154.61380 36.41739 295.12744 -183.42561 -69.68800 NaN NaN NaN 41.63094 -102.63889 -4.52462 -56.55276 -180.64828 -40.56777
46610 1.19670 NaN NaN NaN 232.85805 -154.60468 36.40937 295.12634 -183.41010 -69.67689 NaN NaN NaN 41.63051 -102.64455 -4.53526 -56.55586 -180.65839 -40.57133
46611 1.20503 NaN NaN NaN 232.83835 -154.56419 36.40637 295.11893 -183.39398 -69.66298 NaN NaN NaN 41.63824 -102.65610 -4.49988 -56.56004 -180.66209 -40.57014
46612 1.21336 NaN NaN NaN 232.79759 -154.54979 36.39980 295.12137 -183.41028 -69.65073 NaN NaN NaN 41.62828 -102.68359 -4.51226 -56.56082 -180.67249 -40.56957
46613 1.22169 NaN NaN NaN 232.77098 -154.52565 36.38121 295.11951 -183.38904 -69.62241 NaN NaN NaN 41.62717 -102.70142 -4.51630 -56.55902 -180.67877 -40.57283
46614 1.23002 NaN NaN NaN 232.73230 -154.50830 36.36871 295.08911 -183.37297 -69.62397 NaN NaN NaN 41.61448 -102.72495 -4.48748 -56.57692 -180.69493 -40.57518
46615 1.23835 NaN NaN NaN 232.71298 -154.46104 36.32242 295.08563 -183.36674 -69.61308 NaN NaN NaN 41.61307 -102.75925 -4.46433 -56.59575 -180.71851 -40.58027
46616 1.24668 NaN NaN NaN 232.66093 -154.43810 36.30134 295.05469 -183.35466 -69.62155 NaN NaN NaN 41.61015 -102.76204 -4.46397 -56.59713 -180.74095 -40.57707
46617 1.25502 NaN NaN NaN 232.59837 -154.39839 36.27155 295.04489 -183.34096 -69.65044 NaN NaN NaN 41.62283 -102.77682 -4.45281 -56.59534 -180.76263 -40.57797
46618 1.26335 NaN NaN NaN 232.53947 -154.38820 36.22252 295.03613 -183.35654 -69.66505 NaN NaN NaN 41.62735 -102.78731 -4.46267 -56.60606 -180.77516 -40.58006
46619 1.27168 NaN NaN NaN 232.50920 -154.33531 36.18118 295.01178 -183.32535 -69.64612 NaN NaN NaN 41.62793 -102.78393 -4.43698 -56.59912 -180.77776 -40.58350
46620 1.28001 NaN NaN NaN 232.46556 -154.28407 36.12956 294.98480 -183.28983 -69.65767 NaN NaN NaN 41.61448 -102.80473 -4.43426 -56.60383 -180.76579 -40.59140
46621 1.28834 NaN NaN NaN 232.39915 -154.20552 36.10397 294.96600 -183.24904 -69.68424 NaN NaN NaN 41.61470 -102.80272 -4.43414 -56.61618 -180.76886 -40.59782
46622 1.29667 NaN NaN NaN 232.31772 -154.15686 36.03495 294.93591 -183.21407 -69.72353 NaN NaN NaN 41.60492 -102.81593 -4.43266 -56.62347 -180.76076 -40.59567
46623 1.30500 NaN NaN NaN 232.26993 -154.10155 35.98944 294.92261 -183.20389 -69.70562 NaN NaN NaN 41.59717 -102.81563 -4.42930 -56.63881 -180.78383 -40.59431
46624 1.31333 NaN NaN NaN 232.23819 -154.07593 35.97297 294.89890 -183.21642 -69.72913 NaN NaN NaN 41.59464 -102.81616 -4.45367 -56.66266 -180.79134 -40.58611
46625 1.32167 NaN NaN NaN 232.21082 -154.04831 35.96907 294.88638 -183.25607 -69.71866 NaN NaN NaN 41.59819 -102.81848 -4.44114 -56.67313 -180.82353 -40.57833
46626 1.33000 NaN NaN NaN 232.19524 -154.02177 35.95791 294.86725 -183.21977 -69.73413 NaN NaN NaN 41.59627 -102.83033 -4.43292 -56.67352 -180.80495 -40.57298
46627 1.33833 NaN NaN NaN 232.17690 -154.00558 35.95904 294.85846 -183.23389 -69.70070 NaN NaN NaN 41.57653 -102.83499 -4.42408 -56.70358 -180.81828 -40.56617
46628 1.34666 NaN NaN NaN 232.16479 -154.01147 35.96611 294.82050 -183.21921 -69.71593 NaN NaN NaN 41.57842 -102.84176 -4.42780 -56.70201 -180.81085 -40.55801
46629 1.35499 NaN NaN NaN 232.15895 -154.01225 35.96937 294.82504 -183.22403 -69.69477 NaN NaN NaN 41.58162 -102.84391 -4.43626 -56.73117 -180.82480 -40.54383
46630 1.36332 NaN NaN NaN 232.14975 -154.01158 35.97582 294.80630 -183.22043 -69.72102 NaN NaN NaN 41.57673 -102.84301 -4.44216 -56.74564 -180.81267 -40.52211
46631 1.37165 NaN NaN NaN 232.15131 -154.00943 35.97496 294.81790 -183.23175 -69.68897 NaN NaN NaN 41.58091 -102.85434 -4.43744 -56.77246 -180.81982 -40.50095
46632 1.37998 NaN NaN NaN 232.13962 -154.02371 35.97583 294.81195 -183.22594 -69.71435 NaN NaN NaN 41.58117 -102.84828 -4.43446 -56.76607 -180.79613 -40.50577
46633 1.38832 NaN NaN NaN 232.15811 -154.03189 35.99205 294.79590 -183.23950 -69.69724 NaN NaN NaN 41.57286 -102.85509 -4.45593 -56.78219 -180.81274 -40.47990
46634 1.39665 NaN NaN NaN 232.14665 -154.01968 35.97935 294.79404 -183.23154 -69.73544 NaN NaN NaN 41.56980 -102.86282 -4.46497 -56.79165 -180.81125 -40.46757
46635 1.40498 NaN NaN NaN 232.14861 -154.00478 35.96103 294.80743 -183.21353 -69.74282 NaN NaN NaN 41.58539 -102.84303 -4.50976 -56.79588 -180.81053 -40.45708
46636 1.41331 NaN NaN NaN 232.13162 -153.98572 35.95934 294.80984 -183.20070 -69.74569 NaN NaN NaN 41.59873 -102.84240 -4.55921 -56.77726 -180.80946 -40.44965
46637 1.42164 NaN NaN NaN 232.12802 -153.96893 35.94753 294.79538 -183.18817 -69.77203 NaN NaN NaN 41.62016 -102.85135 -4.55215 -56.79306 -180.81348 -40.40745
46638 1.42997 NaN NaN NaN 232.11159 -153.96977 35.93555 294.79446 -183.16833 -69.78758 NaN NaN NaN 41.61147 -102.84261 -4.61647 -56.77140 -180.79588 -40.40967
46639 1.43830 NaN NaN NaN 232.10886 -153.97176 35.92630 294.79453 -183.12631 -69.79129 NaN NaN NaN 41.60447 -102.83968 -4.62790 -56.76401 -180.78465 -40.40120
46640 1.44664 NaN NaN NaN 232.10814 -153.97437 35.91716 294.78888 -183.11809 -69.79893 NaN NaN NaN 41.61175 -102.83102 -4.66920 -56.74883 -180.77461 -40.40756
46641 1.45497 NaN NaN NaN 232.11353 -153.96681 35.92012 294.80179 -183.11243 -69.77770 NaN NaN NaN 41.62139 -102.83853 -4.67692 -56.78479 -180.76723 -40.38967
46642 1.46330 NaN NaN NaN 232.09674 -153.96201 35.92934 294.78671 -183.13184 -69.76770 NaN NaN NaN 41.62070 -102.81445 -4.68711 -56.78812 -180.76228 -40.41057
46643 1.47163 NaN NaN NaN 232.10271 -153.92984 35.93239 294.79266 -183.12132 -69.73167 NaN NaN NaN 41.61252 -102.80763 -4.70558 -56.79601 -180.74538 -40.39767
46644 1.47996 NaN NaN NaN 232.10283 -153.90883 35.93212 294.77808 -183.10934 -69.75204 NaN NaN NaN 41.61731 -102.80283 -4.71855 -56.79246 -180.72560 -40.40151
46645 1.48829 NaN NaN NaN 232.12221 -153.91293 35.93341 294.78958 -183.08154 -69.74767 NaN NaN NaN 41.62433 -102.80038 -4.72351 -56.79239 -180.73517 -40.39609
46646 1.49662 NaN NaN NaN 232.11781 -153.91513 35.93433 294.78751 -183.07634 -69.76450 NaN NaN NaN 41.63609 -102.79513 -4.72171 -56.76802 -180.73230 -40.40968
46647 1.50495 NaN NaN NaN 232.12369 -153.92526 35.93812 294.78659 -183.04234 -69.76252 NaN NaN NaN 41.63237 -102.80841 -4.74022 -56.74304 -180.73918 -40.40688
46648 1.51329 NaN NaN NaN 232.11745 -153.93240 35.94150 294.77798 -183.05443 -69.77398 NaN NaN NaN 41.64417 -102.79786 -4.75332 -56.73635 -180.73940 -40.37751
46649 1.52162 NaN NaN NaN 232.12552 -153.93326 35.94890 294.80099 -183.02950 -69.77773 NaN NaN NaN 41.63708 -102.78931 -4.74984 -56.71007 -180.72394 -40.36284
46650 1.52995 NaN NaN NaN 232.12088 -153.94083 35.94764 294.79602 -183.06268 -69.79298 NaN NaN NaN 41.65963 -102.78743 -4.75113 -56.75425 -180.73421 -40.36201
46651 1.53828 NaN NaN NaN 232.13135 -153.95456 35.93966 294.80692 -183.04132 -69.78074 NaN NaN NaN 41.64948 -102.79481 -4.75271 -56.69945 -180.70950 -40.36438
46652 1.54661 NaN NaN NaN 232.12021 -153.96008 35.94011 294.79675 -183.03200 -69.79167 NaN NaN NaN 41.65754 -102.78922 -4.75050 -56.72057 -180.72240 -40.36559
46653 1.55494 NaN NaN NaN 232.13072 -153.93631 35.94519 294.81567 -183.04066 -69.76366 NaN NaN NaN 41.65733 -102.79094 -4.74365 -56.70807 -180.73448 -40.36058
46654 1.56327 NaN NaN NaN 232.11911 -153.93423 35.94325 294.79260 -183.05098 -69.77418 NaN NaN NaN 41.66216 -102.79305 -4.75257 -56.71492 -180.72739 -40.36172
46655 1.57160 NaN NaN NaN 232.11891 -153.94548 35.94237 294.80807 -183.06685 -69.74712 NaN NaN NaN 41.67055 -102.79477 -4.77418 -56.71693 -180.70210 -40.35221
46656 1.57994 NaN NaN NaN 232.08086 -153.93594 35.92871 294.78879 -183.07085 -69.75627 NaN NaN NaN 41.67656 -102.79285 -4.78344 -56.70448 -180.71175 -40.35417
46657 1.58827 NaN NaN NaN 232.08040 -153.94534 35.92600 294.80649 -183.08047 -69.72710 NaN NaN NaN 41.67344 -102.78664 -4.78891 -56.75222 -180.72424 -40.34974
46658 1.59660 NaN NaN NaN 232.08316 -153.92223 35.93379 294.79321 -183.09447 -69.73336 NaN NaN NaN 41.67761 -102.79221 -4.78840 -56.75671 -180.73451 -40.34176
46659 1.60493 NaN NaN NaN 232.08913 -153.92905 35.93488 294.80179 -183.09021 -69.72842 NaN NaN NaN 41.67998 -102.78459 -4.80690 -56.76292 -180.72568 -40.32930
46660 1.61326 NaN NaN NaN 232.09106 -153.93869 35.93409 294.79105 -183.10963 -69.73553 NaN NaN NaN 41.68785 -102.78555 -4.82725 -56.73227 -180.71626 -40.30094
46661 1.62159 NaN NaN NaN 232.09285 -153.92674 35.93152 294.81003 -183.10918 -69.70541 NaN NaN NaN 41.68945 -102.76041 -4.87429 -56.69868 -180.72200 -40.29694
46662 1.62992 NaN NaN NaN 232.09378 -153.93217 35.92866 294.81085 -183.12067 -69.72089 NaN NaN NaN 41.70847 -102.75721 -4.88386 -56.70818 -180.71455 -40.27591
46663 1.63826 NaN NaN NaN 232.10338 -153.94614 35.92650 294.82654 -183.12936 -69.70073 NaN NaN NaN 41.72771 -102.74717 -4.91579 -56.68805 -180.72693 -40.28078
46664 1.64659 NaN NaN NaN 232.10129 -153.95490 35.92973 294.79166 -183.13860 -69.74216 NaN NaN NaN 41.70119 -102.70559 -4.96342 -56.68495 -180.72694 -40.27361
46665 1.65492 NaN NaN NaN 232.10005 -153.97368 35.93014 294.80499 -183.17293 -69.70055 NaN NaN NaN 41.71767 -102.70961 -5.00814 -56.68424 -180.74179 -40.25710
46666 1.66325 NaN NaN NaN 232.08847 -153.95760 35.93288 294.78543 -183.16885 -69.72366 NaN NaN NaN 41.75323 -102.72906 -4.99685 -56.68306 -180.74207 -40.26079
46667 1.67158 NaN NaN NaN 232.08110 -153.95638 35.92101 294.80121 -183.16815 -69.70765 NaN NaN NaN 41.78331 -102.77657 -5.01736 -56.67749 -180.75417 -40.27069
46668 1.67991 NaN NaN NaN 232.06384 -153.95862 35.91702 294.79605 -183.18974 -69.72590 NaN NaN NaN 41.81055 -102.81252 -5.02718 -56.68624 -180.74733 -40.28275
46669 1.68824 NaN NaN NaN 232.04680 -153.96834 35.90977 294.81104 -183.20720 -69.69071 NaN NaN NaN 41.81965 -102.81390 -5.05438 -56.66784 -180.76942 -40.28714
46670 1.69657 NaN NaN NaN 232.04594 -153.97591 35.91100 294.81104 -183.21768 -69.71700 NaN NaN NaN 41.80015 -102.80976 -5.10897 -56.66141 -180.77982 -40.31948
46671 1.70491 NaN NaN NaN 232.05496 -153.99049 35.90167 294.81128 -183.21402 -69.68840 NaN NaN NaN 41.83331 -102.83466 -5.12822 -56.62914 -180.80774 -40.32655
46672 1.71324 NaN NaN NaN 232.05473 -153.96919 35.91011 294.78784 -183.19730 -69.73170 NaN NaN NaN 41.84885 -102.85251 -5.13835 -56.62899 -180.82210 -40.34251
46673 1.72157 NaN NaN NaN 232.03799 -153.96165 35.90000 294.79642 -183.19226 -69.71559 NaN NaN NaN 41.86961 -102.87730 -5.12249 -56.62851 -180.83406 -40.34335
46674 1.72990 NaN NaN NaN 232.02751 -153.94406 35.89618 294.78949 -183.18091 -69.73377 NaN NaN NaN 41.88214 -102.90791 -5.13161 -56.63200 -180.87045 -40.37159
46675 1.73823 NaN NaN NaN 232.02257 -153.95638 35.88967 294.79794 -183.16078 -69.72015 NaN NaN NaN 41.88514 -102.91991 -5.12268 -56.63965 -180.89139 -40.35675
46676 1.74656 NaN NaN NaN 232.04906 -153.95976 35.88194 294.79849 -183.15286 -69.77145 NaN NaN NaN 41.87370 -102.89309 -5.12298 -56.62571 -180.89742 -40.37313
46677 1.75489 NaN NaN NaN 232.03558 -153.94472 35.87629 294.80148 -183.14908 -69.77147 NaN NaN NaN 41.88817 -102.89864 -5.13096 -56.62214 -180.90247 -40.39582
46678 1.76322 NaN NaN NaN 232.04912 -153.96455 35.89233 294.78912 -183.16733 -69.80869 NaN NaN NaN 41.88470 -102.88720 -5.13730 -56.61805 -180.88718 -40.40275
46679 1.77156 NaN NaN NaN 232.04086 -153.96063 35.88803 294.79532 -183.14069 -69.76553 NaN NaN NaN 41.87731 -102.88632 -5.12936 -56.61284 -180.90323 -40.41296
46680 1.77989 NaN NaN NaN 232.05774 -153.96237 35.89872 294.78305 -183.12263 -69.75943 NaN NaN NaN 41.89441 -102.91484 -5.13015 -56.61647 -180.90814 -40.40043
46681 1.78822 NaN NaN NaN 232.07292 -153.94427 35.89523 294.80457 -183.09518 -69.73884 NaN NaN NaN 41.90781 -102.94483 -5.12559 -56.61166 -180.90230 -40.39786
46682 1.79655 NaN NaN NaN 232.09019 -153.93118 35.89886 294.81232 -183.08479 -69.77860 NaN NaN NaN 41.91455 -102.95129 -5.12480 -56.60532 -180.87399 -40.40586
46683 1.80488 NaN NaN NaN 232.09895 -153.94229 35.90490 294.83594 -183.04037 -69.76700 NaN NaN NaN 41.91458 -102.95143 -5.13059 -56.61046 -180.88680 -40.37523
46684 1.81321 NaN NaN NaN 232.10385 -153.94951 35.92027 294.83145 -183.02809 -69.79011 NaN NaN NaN 41.89330 -102.92395 -5.13563 -56.60688 -180.90948 -40.37061
46685 1.82154 NaN NaN NaN 232.11314 -153.94644 35.91514 294.85025 -183.02496 -69.76540 NaN NaN NaN 41.88500 -102.89278 -5.13145 -56.60756 -180.89659 -40.36768
46686 1.82987 NaN NaN NaN 232.11877 -153.94519 35.91675 294.85196 -183.03331 -69.81078 NaN NaN NaN 41.88271 -102.88348 -5.13427 -56.58270 -180.89548 -40.37488
46687 1.83821 NaN NaN NaN 232.12994 -153.93767 35.91172 294.85168 -182.99989 -69.81437 NaN NaN NaN 41.89577 -102.89835 -5.13206 -56.58387 -180.86943 -40.36629
46688 1.84654 NaN NaN NaN 232.14351 -153.94334 35.91000 294.84418 -182.98878 -69.80149 NaN NaN NaN 41.92071 -102.88570 -5.13528 -56.59528 -180.87796 -40.37624
46689 1.85487 NaN NaN NaN 232.14995 -153.95255 35.91195 294.87073 -183.01236 -69.76199 NaN NaN NaN 41.93921 -102.88232 -5.13629 -56.60182 -180.84474 -40.37899
46690 1.86320 NaN NaN NaN 232.15617 -153.94629 35.90843 294.85837 -183.00533 -69.81728 NaN NaN NaN 41.93192 -102.87730 -5.15160 -56.58314 -180.84373 -40.37780
46691 1.87153 NaN NaN NaN 232.15639 -153.95468 35.89940 294.84454 -183.01097 -69.84969 NaN NaN NaN 41.93791 -102.86568 -5.15292 -56.57122 -180.84256 -40.39462
46692 1.87986 NaN NaN NaN 232.15784 -153.96329 35.89558 294.84094 -183.06395 -69.85965 NaN NaN NaN 41.91172 -102.82736 -5.16379 -56.55026 -180.84575 -40.43122
46693 1.88819 NaN NaN NaN 232.14865 -153.95761 35.89351 294.82843 -183.04002 -69.87730 NaN NaN NaN 41.91541 -102.81251 -5.17142 -56.56112 -180.84097 -40.43993
46694 1.89653 NaN NaN NaN 232.14508 -153.95906 35.89277 294.83130 -183.03442 -69.87354 NaN NaN NaN 41.93262 -102.81197 -5.17180 -56.55307 -180.82930 -40.44574
46695 1.90486 NaN NaN NaN 232.13860 -153.94118 35.88378 294.83243 -183.02588 -69.87874 NaN NaN NaN 41.94323 -102.81883 -5.17509 -56.56159 -180.82983 -40.44788
46696 1.91319 NaN NaN NaN 232.14963 -153.93758 35.88280 294.82019 -183.00745 -69.89085 NaN NaN NaN 41.94532 -102.83761 -5.17172 -56.55505 -180.81616 -40.47612
46697 1.92152 NaN NaN NaN 232.14748 -153.93353 35.88643 294.80411 -183.00403 -69.90312 NaN NaN NaN 41.94338 -102.84209 -5.17313 -56.55702 -180.82222 -40.48388
46698 1.92985 NaN NaN NaN 232.15926 -153.94188 35.90093 294.79739 -183.00694 -69.89123 NaN NaN NaN 41.93494 -102.84106 -5.17747 -56.55380 -180.81847 -40.45723
46699 1.93818 NaN NaN NaN 232.16560 -153.95569 35.90353 294.79544 -183.00777 -69.89678 NaN NaN NaN 41.92803 -102.82603 -5.18228 -56.55898 -180.84067 -40.42810
46700 1.94651 NaN NaN NaN 232.17941 -153.95628 35.89598 294.79968 -183.01878 -69.89925 NaN NaN NaN 41.94227 -102.83578 -5.18639 -56.55519 -180.83960 -40.42625
46701 1.95484 NaN NaN NaN 232.18089 -153.95535 35.90131 294.79486 -183.01630 -69.89201 NaN NaN NaN 41.96092 -102.84315 -5.17899 -56.55022 -180.82338 -40.44421
46702 1.96318 NaN NaN NaN 232.18369 -153.96082 35.90402 294.79315 -183.01642 -69.89960 NaN NaN NaN 41.94457 -102.84522 -5.18682 -56.53728 -180.81342 -40.44523
46703 1.97151 NaN NaN NaN 232.18373 -153.97800 35.90837 294.79529 -183.00900 -69.90258 NaN NaN NaN 41.95106 -102.83892 -5.19133 -56.51812 -180.82487 -40.44014
46704 1.97984 NaN NaN NaN 232.19412 -153.98730 35.90432 294.78738 -183.02502 -69.90531 NaN NaN NaN 41.93927 -102.84888 -5.19198 -56.51905 -180.83633 -40.42300
46705 1.98817 NaN NaN NaN 232.19249 -154.00142 35.89507 294.78448 -183.01619 -69.91757 NaN NaN NaN 41.97265 -102.88052 -5.19984 -56.52460 -180.83971 -40.42661
46706 1.99650 NaN NaN NaN 232.18895 -153.99345 35.89476 294.78214 -183.01628 -69.92276 NaN NaN NaN 41.97375 -102.89349 -5.20528 -56.52692 -180.84766 -40.41524
46707 2.00483 NaN NaN NaN 232.19028 -154.00874 35.88103 294.77698 -183.00923 -69.92959 NaN NaN NaN 41.99025 -102.88168 -5.22958 -56.52830 -180.86725 -40.41188
46708 2.01316 NaN NaN NaN 232.18837 -154.00197 35.88499 294.78162 -183.00629 -69.93140 NaN NaN NaN 42.00387 -102.87240 -5.27015 -56.52124 -180.85762 -40.41613
46709 2.02149 NaN NaN NaN 232.18997 -154.02275 35.86948 294.77689 -183.01006 -69.96002 NaN NaN NaN 41.99905 -102.86204 -5.29289 -56.51597 -180.86810 -40.41571
46710 2.02983 NaN NaN NaN 232.16869 -154.03455 35.87411 294.78412 -183.02715 -69.95464 NaN NaN NaN 41.98083 -102.83227 -5.30564 -56.53894 -180.87190 -40.42180
46711 2.03816 NaN NaN NaN 232.18243 -154.05058 35.86006 294.75296 -183.01399 -69.97713 NaN NaN NaN 41.96862 -102.82394 -5.31150 -56.54576 -180.88863 -40.43297
46712 2.04649 NaN NaN NaN 232.18633 -154.05212 35.85009 294.72928 -182.99834 -70.01998 NaN NaN NaN 41.97213 -102.80705 -5.32771 -56.51902 -180.87105 -40.42916
46713 2.05482 NaN NaN NaN 232.18933 -154.07014 35.83554 294.72104 -182.99294 -70.02191 NaN NaN NaN 41.95538 -102.80579 -5.33843 -56.51275 -180.88597 -40.41078
46714 2.06315 NaN NaN NaN 232.18468 -154.08138 35.83529 294.70496 -182.99088 -70.02995 NaN NaN NaN 41.96270 -102.80256 -5.35010 -56.53205 -180.86581 -40.46094
46715 2.07148 NaN NaN NaN 232.19179 -154.07692 35.84026 294.70377 -183.01581 -70.02316 NaN NaN NaN 41.93703 -102.79956 -5.37949 -56.52186 -180.85066 -40.45953
46716 2.07981 NaN NaN NaN 232.20131 -154.07346 35.86980 294.70078 -183.02802 -70.03933 NaN NaN NaN 41.94117 -102.78323 -5.38066 -56.55073 -180.85442 -40.47206
46717 2.08815 NaN NaN NaN 232.20605 -154.09656 35.85446 294.70609 -183.05122 -70.05166 NaN NaN NaN 41.95674 -102.78761 -5.39493 -56.55025 -180.82922 -40.46625
46718 2.09648 NaN NaN NaN 232.21542 -154.13750 35.84103 294.70569 -183.03500 -70.06921 NaN NaN NaN 41.98854 -102.81072 -5.42137 -56.54788 -180.83513 -40.47979
46719 2.10481 NaN NaN NaN 232.21744 -154.15457 35.85128 294.69702 -183.04593 -70.07117 NaN NaN NaN 41.97791 -102.78429 -5.47272 -56.51514 -180.84201 -40.47416
46720 2.11314 NaN NaN NaN 232.23141 -154.18184 35.85394 294.70938 -183.04070 -70.07103 NaN NaN NaN 42.00844 -102.75401 -5.49559 -56.51728 -180.83743 -40.45752
46721 2.12147 NaN NaN NaN 232.24911 -154.20758 35.86484 294.70804 -183.03157 -70.08540 NaN NaN NaN 42.00778 -102.72609 -5.52099 -56.48511 -180.84410 -40.46368
46722 2.12980 NaN NaN NaN 232.25587 -154.24010 35.86201 294.73688 -183.00948 -70.10748 NaN NaN NaN 42.03617 -102.71778 -5.52638 -56.48933 -180.84636 -40.47831
46723 2.13813 NaN NaN NaN 232.27104 -154.23897 35.85594 294.74628 -183.00887 -70.12795 NaN NaN NaN 42.06290 -102.72723 -5.53707 -56.47546 -180.85904 -40.47268
46724 2.14646 NaN NaN NaN 232.28030 -154.24777 35.83731 294.76248 -182.99059 -70.14911 NaN NaN NaN 42.08916 -102.71673 -5.55799 -56.46190 -180.85576 -40.48453
46725 2.15480 NaN NaN NaN 232.31525 -154.24614 35.83001 294.76047 -182.99188 -70.15948 NaN NaN NaN 42.11312 -102.70838 -5.60145 -56.44430 -180.85924 -40.47915
46726 2.16313 NaN NaN NaN 232.32764 -154.29155 35.82162 294.77167 -182.98642 -70.17061 NaN NaN NaN 42.11700 -102.66241 -5.69940 -56.42741 -180.87003 -40.46428
46727 2.17146 NaN NaN NaN 232.34802 -154.34822 35.82926 294.79947 -183.00734 -70.18077 NaN NaN NaN 42.15718 -102.65593 -5.74377 -56.39982 -180.87526 -40.41705
46728 2.17979 NaN NaN NaN 232.38884 -154.40492 35.84324 294.81741 -183.01144 -70.18812 NaN NaN NaN 42.20395 -102.62800 -5.76948 -56.37566 -180.88168 -40.39851
46729 2.18812 NaN NaN NaN 232.41104 -154.41223 35.84842 294.82208 -183.03087 -70.19064 NaN NaN NaN 42.25164 -102.62990 -5.74239 -56.35479 -180.86296 -40.36301
46730 2.19645 NaN NaN NaN 232.42108 -154.42967 35.84457 294.83789 -183.00212 -70.19061 NaN NaN NaN 42.27683 -102.62578 -5.79154 -56.33084 -180.87415 -40.35288
46731 2.20478 NaN NaN NaN 232.41763 -154.40491 35.84258 294.85983 -183.00867 -70.19377 NaN NaN NaN 42.29831 -102.62187 -5.86967 -56.28185 -180.84724 -40.28935
46732 2.21311 NaN NaN NaN 232.41708 -154.41589 35.81217 294.86374 -183.00624 -70.19164 NaN NaN NaN 42.34137 -102.61332 -5.91335 -56.27429 -180.85303 -40.26138
46733 2.22145 NaN NaN NaN 232.39441 -154.37927 35.80269 294.86542 -182.99550 -70.20138 NaN NaN NaN 42.37772 -102.58286 -5.94969 -56.24754 -180.86423 -40.22065
46734 2.22978 NaN NaN NaN 232.36494 -154.32591 35.76270 294.84744 -182.98064 -70.20583 NaN NaN NaN 42.41686 -102.55779 -5.99906 -56.23265 -180.86591 -40.18150
46735 2.23811 NaN NaN NaN 232.32304 -154.25693 35.75057 294.83716 -182.95375 -70.22311 NaN NaN NaN 42.47203 -102.54111 -5.98252 -56.21511 -180.85640 -40.15147
46736 2.24644 NaN NaN NaN 232.29526 -154.21840 35.70926 294.83841 -182.92630 -70.22278 NaN NaN NaN 42.50827 -102.53221 -6.07314 -56.19988 -180.85782 -40.11068
46737 2.25477 NaN NaN NaN 232.24463 -154.18494 35.67368 294.84827 -182.92683 -70.22672 NaN NaN NaN 42.55844 -102.52356 -6.17797 -56.19843 -180.85016 -40.04620
46738 2.26310 NaN NaN NaN 232.17311 -154.15884 35.63507 294.84573 -182.93916 -70.20756 NaN NaN NaN 42.58421 -102.51517 -6.24605 -56.17534 -180.89111 -39.99264
46739 2.27143 NaN NaN NaN 232.08781 -154.11612 35.60398 294.84021 -182.95212 -70.19444 NaN NaN NaN 42.64954 -102.56360 -6.35422 -56.17719 -180.92360 -39.89494
46740 2.27977 NaN NaN NaN 232.01973 -154.07185 35.56889 294.84131 -182.95840 -70.16196 NaN NaN NaN 42.67918 -102.55619 -6.45865 -56.13728 -180.96536 -39.80983
46741 2.28810 NaN NaN NaN 231.96111 -154.03397 35.53942 294.85794 -182.96004 -70.17003 NaN NaN NaN 42.72911 -102.54370 -6.57115 -56.12574 -180.98137 -39.74497
46742 2.29643 NaN NaN NaN 231.92607 -154.00127 35.50513 294.84756 -182.97054 -70.14989 NaN NaN NaN 42.76049 -102.50416 -6.67931 -56.11886 -180.98058 -39.66082
46743 2.30476 NaN NaN NaN 231.89279 -153.99071 35.48982 294.82437 -182.97496 -70.15294 NaN NaN NaN 42.79209 -102.47157 -6.81429 -56.12823 -180.96263 -39.61946
46744 2.31309 NaN NaN NaN 231.85197 -153.97099 35.45098 294.80634 -182.94827 -70.16299 NaN NaN NaN 42.80345 -102.46050 -6.91178 -56.12115 -180.96214 -39.56359
46745 2.32142 NaN NaN NaN 231.80090 -153.94151 35.44942 294.77594 -182.93073 -70.17052 NaN NaN NaN 42.82179 -102.44919 -7.03737 -56.10624 -180.97310 -39.50762
46746 2.32975 NaN NaN NaN 231.75589 -153.92134 35.41867 294.75003 -182.88144 -70.19855 NaN NaN NaN 42.86393 -102.44456 -7.08809 -56.09448 -181.00233 -39.45538
46747 2.33808 NaN NaN NaN 231.68399 -153.86703 35.42309 294.69684 -182.85190 -70.19340 NaN NaN NaN 42.88888 -102.42738 -7.13918 -56.09111 -181.01376 -39.40014
46748 2.34642 NaN NaN NaN 231.59418 -153.79353 35.38123 294.64713 -182.85338 -70.18417 NaN NaN NaN 42.96616 -102.42265 -7.21149 -56.07319 -181.01709 -39.31842
46749 2.35475 NaN NaN NaN 231.46846 -153.70604 35.36794 294.56110 -182.84970 -70.16933 NaN NaN NaN 43.01099 -102.40783 -7.27162 -56.05695 -181.01369 -39.25470
46750 2.36308 NaN NaN NaN 231.37329 -153.64589 35.32720 294.47485 -182.83121 -70.17197 NaN NaN NaN 43.06949 -102.39031 -7.34545 -56.05531 -181.03081 -39.18726
46751 2.37141 NaN NaN NaN 231.23656 -153.55966 35.30206 294.39841 -182.81284 -70.16614 NaN NaN NaN 43.10120 -102.35980 -7.41263 -56.05267 -181.03302 -39.15800
46752 2.37974 NaN NaN NaN 231.06705 -153.42145 35.22235 294.25244 -182.74055 -70.16810 NaN NaN NaN 43.11145 -102.33732 -7.48752 -56.03535 -181.04515 -39.12827
46753 2.38807 NaN NaN NaN 230.92459 -153.27800 35.16880 294.14456 -182.61963 -70.21175 NaN NaN NaN 43.12202 -102.33869 -7.56241 -56.06266 -181.09283 -39.05497
46754 2.39640 NaN NaN NaN 230.73361 -153.12939 35.08089 294.06110 -182.54716 -70.23773 NaN NaN NaN 43.14883 -102.36465 -7.66031 -56.06675 -181.13991 -38.97844
46755 2.40473 NaN NaN NaN 230.50734 -152.92514 34.99517 293.99310 -182.48973 -70.21001 NaN NaN NaN 43.17152 -102.38860 -7.82050 -56.06921 -181.15434 -38.90659
46756 2.41307 NaN NaN NaN 230.21141 -152.71378 34.87925 293.91318 -182.46344 -70.13815 NaN NaN NaN 43.19995 -102.39094 -7.93558 -56.10670 -181.18068 -38.78135
46757 2.42140 NaN NaN NaN 229.94040 -152.46796 34.74555 293.80359 -182.41614 -70.09914 NaN NaN NaN 43.23643 -102.40394 -8.03124 -56.17606 -181.23529 -38.59011
46758 2.42973 NaN NaN NaN 229.67049 -152.18150 34.61979 293.70761 -182.26994 -70.08304 NaN NaN NaN 43.25397 -102.39963 -8.17245 -56.24619 -181.28949 -38.38996
46759 2.43806 NaN NaN NaN 229.41913 -151.90236 34.51812 293.59244 -182.14169 -70.09282 NaN NaN NaN 43.20744 -102.38566 -8.33383 -56.32104 -181.30139 -38.21774
46760 2.44639 NaN NaN NaN 229.17758 -151.62228 34.41917 293.49805 -181.99391 -70.06271 NaN NaN NaN 43.19439 -102.39404 -8.48326 -56.39159 -181.34550 -38.07406
46761 2.45472 NaN NaN NaN 228.92888 -151.39029 34.30930 293.39838 -181.92969 -70.01150 NaN NaN NaN 43.19687 -102.40697 -8.63326 -56.46054 -181.39056 -37.90800
46762 2.46305 NaN NaN NaN 228.68549 -151.13907 34.23189 293.31497 -181.87285 -69.93755 NaN NaN NaN 43.19796 -102.40103 -8.80932 -56.54361 -181.44383 -37.75693
46763 2.47138 NaN NaN NaN 228.43280 -150.89595 34.16443 293.21387 -181.86290 -69.84595 NaN NaN NaN 43.19513 -102.43772 -8.96232 -56.58394 -181.51036 -37.57430
46764 2.47972 NaN NaN NaN 228.20108 -150.65202 34.08144 293.11057 -181.80363 -69.80184 NaN NaN NaN 43.21371 -102.44850 -9.07322 -56.61549 -181.55551 -37.41427
46765 2.48805 NaN NaN NaN 228.02219 -150.44319 33.98857 292.96732 -181.66295 -69.82421 NaN NaN NaN 43.23317 -102.42420 -9.20062 -56.64819 -181.58784 -37.17621
46766 2.49638 NaN NaN NaN 227.88757 -150.27704 33.91240 292.83185 -181.57747 -69.87595 NaN NaN NaN 43.29173 -102.37386 -9.34418 -56.68969 -181.59982 -36.98591
46767 2.50471 NaN NaN NaN 227.75226 -150.15569 33.85322 292.70178 -181.46323 -69.93797 NaN NaN NaN 43.36399 -102.37663 -9.52755 -56.68198 -181.62793 -36.78089
46768 2.51304 NaN NaN NaN 227.64659 -150.03351 33.81550 292.56656 -181.29933 -70.03307 NaN NaN NaN 43.38643 -102.31693 -9.69162 -56.66685 -181.61929 -36.57419
46769 2.52137 NaN NaN NaN 227.53250 -149.93445 33.76554 292.45233 -181.14064 -70.11212 NaN NaN NaN 43.43004 -102.24854 -9.92840 -56.64569 -181.66393 -36.37434
46770 2.52970 NaN NaN NaN 227.39090 -149.83389 33.71930 292.34280 -181.09181 -70.16779 NaN NaN NaN 43.49468 -102.19656 -10.03820 -56.64927 -181.69527 -36.26525
46771 2.53804 NaN NaN NaN 227.24959 -149.71100 33.63715 292.19299 -181.05714 -70.19598 NaN NaN NaN 43.57825 -102.16898 -10.17287 -56.59300 -181.72739 -36.09098
46772 2.54637 NaN NaN NaN 227.19681 -149.61102 33.57805 292.07693 -181.02402 -70.24260 NaN NaN NaN 43.67042 -102.19279 -10.27762 -56.54734 -181.76985 -35.97862
46773 2.55470 NaN NaN NaN 227.20717 -149.57259 33.56604 291.94583 -180.94421 -70.33830 NaN NaN NaN 43.74078 -102.21181 -10.34392 -56.51189 -181.79720 -35.90072
46774 2.56303 NaN NaN NaN 227.23097 -149.58606 33.57275 291.84671 -180.86758 -70.42716 NaN NaN NaN 43.78337 -102.21082 -10.44101 -56.51653 -181.79886 -35.80727
46775 2.57136 NaN NaN NaN 227.25064 -149.63707 33.59554 291.76819 -180.80544 -70.51885 NaN NaN NaN 43.81365 -102.20175 -10.52348 -56.50797 -181.80011 -35.77560
46776 2.57969 NaN NaN NaN 227.30199 -149.66571 33.63947 291.71625 -180.76105 -70.57774 NaN NaN NaN 43.86645 -102.19511 -10.58692 -56.48373 -181.81825 -35.73111
46777 2.58802 NaN NaN NaN 227.32777 -149.68582 33.65054 291.67993 -180.73051 -70.61870 NaN NaN NaN 43.90613 -102.18905 -10.63766 -56.48557 -181.81497 -35.61485
46778 2.59635 NaN NaN NaN 227.36885 -149.71391 33.68742 291.65329 -180.71407 -70.61749 NaN NaN NaN 43.95601 -102.21718 -10.83388 -56.49777 -181.79340 -35.42933
46779 2.60469 NaN NaN NaN 227.37503 -149.70436 33.67638 291.62607 -180.71896 -70.61664 NaN NaN NaN 43.97914 -102.16415 -11.05630 -56.47071 -181.80341 -35.20301
