Frame# Time LH1 LH2 LH3 RH1 RH2 RH3
X54 Y54 Z54 X55 Y55 Z55 X56 Y56 Z56 X57 Y57 Z57 X58 Y58 Z58 X59 Y59 Z59
33112 0.00082 NaN NaN NaN 179.86388 -136.44322 8.61163 272.21277 -194.51443 -55.38060 NaN NaN NaN 48.09313 -168.77428 6.71649 -42.40703 -209.38910 -77.94492
33113 0.00916 NaN NaN NaN 179.77562 -136.35413 8.56604 272.17133 -194.46248 -55.28548 NaN NaN NaN 48.06470 -168.79910 6.73050 -42.43118 -209.35136 -77.98695
33114 0.01749 NaN NaN NaN 179.70779 -136.23605 8.51439 272.14114 -194.44267 -55.19540 NaN NaN NaN 48.01779 -168.83504 6.73277 -42.43835 -209.33034 -78.03014
33115 0.02582 NaN NaN NaN 179.61841 -136.13715 8.45757 272.13516 -194.43919 -55.12449 NaN NaN NaN 47.99912 -168.85590 6.71810 -42.46542 -209.31573 -78.05647
33116 0.03415 NaN NaN NaN 179.51233 -136.04022 8.39638 272.11707 -194.43291 -55.03169 NaN NaN NaN 47.99769 -168.84212 6.69076 -42.48926 -209.29041 -78.08343
33117 0.04248 NaN NaN NaN 179.41730 -135.94582 8.31105 272.12030 -194.41890 -54.96083 NaN NaN NaN 48.02272 -168.83575 6.66647 -42.51082 -209.26929 -78.12568
33118 0.05081 NaN NaN NaN 179.34190 -135.83481 8.16939 272.09998 -194.38347 -54.84832 NaN NaN NaN 48.03836 -168.83429 6.63707 -42.51847 -209.20630 -78.16177
33119 0.05914 NaN NaN NaN 179.29353 -135.75497 8.06765 272.07773 -194.32562 -54.77151 NaN NaN NaN 48.06483 -168.81674 6.58637 -42.52958 -209.18617 -78.17143
33120 0.06747 NaN NaN NaN 179.20528 -135.70010 7.95552 272.04681 -194.33194 -54.67478 NaN NaN NaN 48.08362 -168.80896 6.55862 -42.52179 -209.16356 -78.17376
33121 0.07581 NaN NaN NaN 179.07365 -135.63222 7.87244 271.99948 -194.33704 -54.57458 NaN NaN NaN 48.10452 -168.83794 6.50973 -42.55172 -209.18445 -78.17526
33122 0.08414 NaN NaN NaN 178.93700 -135.50697 7.74015 271.97217 -194.36649 -54.47536 NaN NaN NaN 48.11013 -168.85153 6.51561 -42.55156 -209.20270 -78.16889
33123 0.09247 NaN NaN NaN 178.85237 -135.41164 7.66313 271.95352 -194.36081 -54.37433 NaN NaN NaN 48.11968 -168.88643 6.51326 -42.56341 -209.22787 -78.14314
33124 0.10080 NaN NaN NaN 178.79771 -135.29547 7.59522 271.92886 -194.37027 -54.27207 NaN NaN NaN 48.11557 -168.91206 6.51091 -42.56797 -209.23050 -78.13786
33125 0.10913 NaN NaN NaN 178.71352 -135.27194 7.54294 271.92752 -194.35649 -54.17801 NaN NaN NaN 48.11267 -168.95277 6.53284 -42.58877 -209.23875 -78.12308
33126 0.11746 NaN NaN NaN 178.63506 -135.26761 7.49641 271.91351 -194.36710 -54.09937 NaN NaN NaN 48.09650 -169.00156 6.56164 -42.60711 -209.26964 -78.10193
33127 0.12579 NaN NaN NaN 178.56805 -135.21179 7.45672 271.90497 -194.37802 -54.02256 NaN NaN NaN 48.09407 -169.03113 6.57828 -42.61357 -209.30016 -78.09611
33128 0.13413 NaN NaN NaN 178.52728 -135.19229 7.42331 271.92462 -194.41386 -53.97734 NaN NaN NaN 48.08931 -169.08727 6.58868 -42.61028 -209.32608 -78.09278
33129 0.14246 NaN NaN NaN 178.48402 -135.17184 7.37108 271.93542 -194.44958 -53.93500 NaN NaN NaN 48.07660 -169.14288 6.58098 -42.64759 -209.34871 -78.08970
33130 0.15079 NaN NaN NaN 178.42726 -135.17557 7.27938 271.94073 -194.48099 -53.90973 NaN NaN NaN 48.07167 -169.21945 6.57100 -42.67457 -209.37056 -78.07438
33131 0.15912 NaN NaN NaN 178.38565 -135.16797 7.18553 271.93451 -194.52843 -53.86568 NaN NaN NaN 48.06500 -169.27246 6.55283 -42.70153 -209.40855 -78.05344
33132 0.16745 NaN NaN NaN 178.32915 -135.16209 7.08477 271.92728 -194.56244 -53.78685 NaN NaN NaN 48.08539 -169.32375 6.54245 -42.72729 -209.46512 -78.03714
33133 0.17578 NaN NaN NaN 178.26094 -135.16476 6.97513 271.93616 -194.60316 -53.73511 NaN NaN NaN 48.10726 -169.33994 6.51157 -42.73742 -209.50526 -78.01194
33134 0.18411 NaN NaN NaN 178.17592 -135.14270 6.89027 271.92596 -194.62697 -53.69469 NaN NaN NaN 48.12015 -169.35585 6.48444 -42.75989 -209.54353 -78.00419
33135 0.19244 NaN NaN NaN 178.09642 -135.12363 6.79169 271.90625 -194.64542 -53.63243 NaN NaN NaN 48.14505 -169.39423 6.46399 -42.77510 -209.59137 -77.93744
33136 0.20078 NaN NaN NaN 178.00047 -135.06499 6.72839 271.86487 -194.63754 -53.56775 NaN NaN NaN 48.16920 -169.42081 6.44397 -42.79039 -209.62901 -77.91972
33137 0.20911 NaN NaN NaN 177.92113 -135.02661 6.62602 271.82990 -194.64604 -53.50150 NaN NaN NaN 48.21512 -169.44156 6.42048 -42.81419 -209.64250 -77.88748
33138 0.21744 NaN NaN NaN 177.84575 -134.98656 6.52998 271.80606 -194.68382 -53.44588 NaN NaN NaN 48.28472 -169.45828 6.38622 -42.85754 -209.66725 -77.84497
33139 0.22577 NaN NaN NaN 177.79993 -134.94429 6.49579 271.80200 -194.70793 -53.39542 NaN NaN NaN 48.36030 -169.43646 6.35358 -42.89056 -209.66415 -77.79938
33140 0.23410 NaN NaN NaN 177.74773 -134.92007 6.47371 271.79733 -194.70941 -53.34264 NaN NaN NaN 48.40285 -169.38950 6.27382 -42.94503 -209.71445 -77.71576
33141 0.24243 NaN NaN NaN 177.69421 -134.93616 6.44245 271.78714 -194.72894 -53.29688 NaN NaN NaN 48.47099 -169.32034 6.19948 -42.99255 -209.75027 -77.63040
33142 0.25076 NaN NaN NaN 177.65359 -134.95001 6.42726 271.76999 -194.71225 -53.26767 NaN NaN NaN 48.53913 -169.24159 6.13906 -43.05676 -209.80284 -77.45274
33143 0.25909 NaN NaN NaN 177.64510 -134.91147 6.42683 271.77924 -194.71323 -53.22137 NaN NaN NaN 48.60158 -169.17296 6.02843 -43.13542 -209.83006 -77.26395
33144 0.26743 NaN NaN NaN 177.62172 -134.90276 6.43852 271.77698 -194.68211 -53.20572 NaN NaN NaN 48.68016 -169.07021 5.87616 -43.22335 -209.82509 -77.09660
33145 0.27576 NaN NaN NaN 177.60997 -134.89424 6.44732 271.77957 -194.69737 -53.17570 NaN NaN NaN 48.81856 -168.94374 5.74218 -43.33440 -209.84512 -76.90937
33146 0.28409 NaN NaN NaN 177.58850 -134.90942 6.44577 271.75668 -194.69550 -53.15269 NaN NaN NaN 48.92015 -168.84125 5.59909 -43.44286 -209.92781 -76.72768
33147 0.29242 NaN NaN NaN 177.54808 -134.89655 6.45431 271.74292 -194.71494 -53.11425 NaN NaN NaN 49.05916 -168.66780 5.42698 -43.51785 -209.96432 -76.56385
33148 0.30075 NaN NaN NaN 177.50720 -134.88695 6.43588 271.73392 -194.69847 -53.10751 NaN NaN NaN 49.19851 -168.50945 5.28944 -43.59354 -209.96474 -76.47771
33149 0.30908 NaN NaN NaN 177.46480 -134.82373 6.40182 271.71259 -194.69093 -53.06610 NaN NaN NaN 49.31581 -168.35132 5.16457 -43.63085 -209.95175 -76.37411
33150 0.31741 NaN NaN NaN 177.41600 -134.77766 6.37100 271.71194 -194.66811 -52.99159 NaN NaN NaN 49.40577 -168.21759 5.08949 -43.62184 -209.89105 -76.26609
33151 0.32575 NaN NaN NaN 177.34380 -134.72687 6.34441 271.67731 -194.62154 -52.91289 NaN NaN NaN 49.47644 -168.10037 4.99663 -43.59534 -209.85170 -76.20127
33152 0.33408 NaN NaN NaN 177.24144 -134.66638 6.24691 271.65750 -194.59554 -52.79540 NaN NaN NaN 49.50644 -167.99590 4.94485 -43.57591 -209.84451 -76.22277
33153 0.34241 NaN NaN NaN 177.14601 -134.54831 6.14217 271.65909 -194.57686 -52.63208 NaN NaN NaN 49.51464 -167.93633 4.92184 -43.55256 -209.75053 -76.26850
33154 0.35074 NaN NaN NaN 177.01064 -134.36774 6.06391 271.61887 -194.53558 -52.50855 NaN NaN NaN 49.52818 -167.92088 4.92247 -43.53273 -209.72235 -76.32101
33155 0.35907 NaN NaN NaN 176.88316 -134.20955 5.98029 271.56531 -194.49150 -52.35153 NaN NaN NaN 49.53121 -167.90633 4.92108 -43.52296 -209.68216 -76.36398
33156 0.36740 NaN NaN NaN 176.78735 -134.04204 5.91633 271.53406 -194.45934 -52.19368 NaN NaN NaN 49.54392 -167.87363 4.88688 -43.46475 -209.59583 -76.43559
33157 0.37573 NaN NaN NaN 176.70520 -133.88449 5.86036 271.49774 -194.40102 -52.01908 NaN NaN NaN 49.62738 -167.79755 4.84531 -43.43591 -209.53502 -76.48170
33158 0.38406 NaN NaN NaN 176.62547 -133.72198 5.77753 271.46301 -194.35269 -51.85769 NaN NaN NaN 49.69092 -167.72789 4.80149 -43.40872 -209.44165 -76.52476
33159 0.39240 NaN NaN NaN 176.50896 -133.58421 5.73308 271.43527 -194.35336 -51.67984 NaN NaN NaN 49.74433 -167.63768 4.72830 -43.35570 -209.38736 -76.54895
33160 0.40073 NaN NaN NaN 176.41147 -133.44388 5.70336 271.42334 -194.30333 -51.50114 NaN NaN NaN 49.82472 -167.53781 4.65723 -43.30565 -209.37000 -76.53178
33161 0.40906 NaN NaN NaN 176.34181 -133.35571 5.64945 271.40027 -194.29631 -51.31532 NaN NaN NaN 49.90949 -167.43706 4.57320 -43.28555 -209.33229 -76.50529
33162 0.41739 NaN NaN NaN 176.26949 -133.27422 5.62438 271.35614 -194.30682 -51.20485 NaN NaN NaN 49.95533 -167.34296 4.48007 -43.25304 -209.35840 -76.46941
33163 0.42572 NaN NaN NaN 176.18718 -133.20403 5.58384 271.31046 -194.32481 -51.09110 NaN NaN NaN 49.99317 -167.27817 4.43272 -43.24762 -209.37561 -76.41356
33164 0.43405 NaN NaN NaN 176.12595 -133.15500 5.53053 271.29883 -194.31432 -50.98384 NaN NaN NaN 50.02849 -167.24068 4.35400 -43.25471 -209.41765 -76.33357
33165 0.44238 NaN NaN NaN 176.02818 -133.10918 5.48683 271.29544 -194.35339 -50.86264 NaN NaN NaN 50.07206 -167.21449 4.30309 -43.28029 -209.46408 -76.22121
33166 0.45071 NaN NaN NaN 175.92303 -133.03485 5.42581 271.25519 -194.37076 -50.74774 NaN NaN NaN 50.11131 -167.18642 4.25956 -43.34530 -209.49504 -76.08968
33167 0.45905 NaN NaN NaN 175.82881 -132.95628 5.34720 271.23654 -194.44833 -50.55658 NaN NaN NaN 50.18182 -167.15282 4.21495 -43.44165 -209.55040 -75.94667
33168 0.46738 NaN NaN NaN 175.72690 -132.84312 5.25236 271.21008 -194.54819 -50.41750 NaN NaN NaN 50.23621 -167.08562 4.15961 -43.57151 -209.58475 -75.77391
33169 0.47571 NaN NaN NaN 175.62152 -132.76672 5.18803 271.18549 -194.61009 -50.32789 NaN NaN NaN 50.29276 -167.03635 4.07113 -43.69095 -209.65523 -75.61745
33170 0.48404 NaN NaN NaN 175.54160 -132.73416 5.12582 271.13629 -194.63264 -50.17898 NaN NaN NaN 50.35025 -167.00012 3.99202 -43.79076 -209.78355 -75.41978
33171 0.49237 NaN NaN NaN 175.45575 -132.67166 5.06563 271.08817 -194.62831 -50.03861 NaN NaN NaN 50.39566 -166.94516 3.92962 -43.91232 -209.94904 -75.21363
33172 0.50070 NaN NaN NaN 175.38898 -132.61827 5.04868 271.06497 -194.65276 -49.93696 NaN NaN NaN 50.46547 -166.83089 3.81206 -43.98141 -210.09854 -74.96666
33173 0.50903 NaN NaN NaN 175.31850 -132.58911 5.01460 271.03183 -194.67610 -49.80899 NaN NaN NaN 50.56786 -166.73444 3.67394 -44.08535 -210.24818 -74.76344
33174 0.51737 NaN NaN NaN 175.24112 -132.53046 5.00638 271.00839 -194.70332 -49.72738 NaN NaN NaN 50.68207 -166.63637 3.55663 -44.15886 -210.36331 -74.59238
33175 0.52570 NaN NaN NaN 175.18445 -132.51881 4.98368 270.98798 -194.73207 -49.66383 NaN NaN NaN 50.78047 -166.54301 3.45349 -44.20650 -210.47731 -74.42478
33176 0.53403 NaN NaN NaN 175.15503 -132.50482 4.99888 270.96390 -194.75502 -49.61072 NaN NaN NaN 50.84672 -166.47353 3.31277 -44.25366 -210.57663 -74.25320
33177 0.54236 NaN NaN NaN 175.10872 -132.51437 5.01217 270.94940 -194.76411 -49.57463 NaN NaN NaN 50.92545 -166.42444 3.17238 -44.27598 -210.65955 -74.13270
33178 0.55069 NaN NaN NaN 175.09708 -132.55466 5.03342 270.93195 -194.77182 -49.57156 NaN NaN NaN 51.00071 -166.34244 3.02501 -44.33244 -210.77641 -73.97798
33179 0.55902 NaN NaN NaN 175.09393 -132.58060 5.05953 270.92050 -194.79228 -49.55901 NaN NaN NaN 51.13150 -166.25031 2.89753 -44.35472 -210.84113 -73.77518
33180 0.56735 NaN NaN NaN 175.11320 -132.62004 5.09095 270.92657 -194.82681 -49.55027 NaN NaN NaN 51.26912 -166.12900 2.76035 -44.37770 -210.92044 -73.61803
33181 0.57568 NaN NaN NaN 175.13217 -132.71208 5.14697 270.92841 -194.86797 -49.57062 NaN NaN NaN 51.37024 -166.01779 2.67929 -44.38170 -210.98456 -73.51244
33182 0.58402 NaN NaN NaN 175.17865 -132.77393 5.18312 270.92639 -194.90123 -49.58062 NaN NaN NaN 51.45593 -165.93221 2.61698 -44.36366 -211.05060 -73.43362
33183 0.59235 NaN NaN NaN 175.22955 -132.91678 5.25672 270.93164 -194.93925 -49.59527 NaN NaN NaN 51.52195 -165.87727 2.58726 -44.33902 -211.07545 -73.40581
33184 0.60068 NaN NaN NaN 175.25169 -133.00691 5.29412 270.95865 -194.97208 -49.62643 NaN NaN NaN 51.56122 -165.85405 2.56942 -44.31992 -211.12692 -73.36677
33185 0.60901 NaN NaN NaN 175.27786 -133.03828 5.32569 270.97260 -194.99074 -49.65092 NaN NaN NaN 51.57787 -165.84952 2.55208 -44.31299 -211.15155 -73.34128
33186 0.61734 NaN NaN NaN 175.30318 -133.08464 5.34992 270.98685 -195.00287 -49.69182 NaN NaN NaN 51.59048 -165.84608 2.54315 -44.32149 -211.18338 -73.28279
33187 0.62567 NaN NaN NaN 175.33168 -133.12921 5.39696 270.98828 -195.03001 -49.71966 NaN NaN NaN 51.60415 -165.82404 2.54077 -44.32181 -211.21384 -73.22225
33188 0.63400 NaN NaN NaN 175.34387 -133.14928 5.44482 270.97989 -195.05017 -49.73815 NaN NaN NaN 51.60489 -165.80901 2.55960 -44.32995 -211.27209 -73.19200
33189 0.64233 NaN NaN NaN 175.36768 -133.17523 5.47572 270.96875 -195.05489 -49.76575 NaN NaN NaN 51.59567 -165.80174 2.56358 -44.33241 -211.30013 -73.17725
33190 0.65067 NaN NaN NaN 175.37238 -133.17708 5.50729 270.96277 -195.07367 -49.77501 NaN NaN NaN 51.56973 -165.80708 2.59400 -44.33294 -211.33769 -73.15909
33191 0.65900 NaN NaN NaN 175.37747 -133.19385 5.52483 270.96835 -195.07004 -49.79964 NaN NaN NaN 51.53540 -165.82869 2.60678 -44.32970 -211.33705 -73.15871
33192 0.66733 NaN NaN NaN 175.38936 -133.18343 5.55571 270.95096 -195.07339 -49.79033 NaN NaN NaN 51.49834 -165.83232 2.62428 -44.33225 -211.35501 -73.15372
33193 0.67566 NaN NaN NaN 175.39061 -133.18964 5.57898 270.93103 -195.05466 -49.80641 NaN NaN NaN 51.47948 -165.82845 2.63692 -44.36498 -211.38069 -73.13550
33194 0.68399 NaN NaN NaN 175.36887 -133.17703 5.59556 270.91586 -195.04994 -49.80722 NaN NaN NaN 51.47627 -165.80934 2.64723 -44.37449 -211.38933 -73.11674
33195 0.69232 NaN NaN NaN 175.35957 -133.23039 5.65268 270.89984 -195.04095 -49.81541 NaN NaN NaN 51.46391 -165.80391 2.65614 -44.39239 -211.43250 -73.08292
33196 0.70065 NaN NaN NaN 175.37158 -133.21443 5.65103 270.89127 -195.03734 -49.80357 NaN NaN NaN 51.46442 -165.80106 2.64656 -44.39486 -211.44569 -73.01805
33197 0.70898 NaN NaN NaN 175.35040 -133.22894 5.70402 270.89923 -195.02097 -49.81234 NaN NaN NaN 51.46905 -165.80231 2.62990 -44.39579 -211.46179 -72.99342
33198 0.71732 NaN NaN NaN 175.34634 -133.17613 5.66862 270.89636 -195.00012 -49.80312 NaN NaN NaN 51.47828 -165.78998 2.61506 -44.40252 -211.45168 -72.98597
33199 0.72565 NaN NaN NaN 175.32338 -133.19572 5.70870 270.88644 -194.98465 -49.80753 NaN NaN NaN 51.49395 -165.74892 2.58992 -44.41963 -211.44432 -72.97691
33200 0.73398 NaN NaN NaN 175.33965 -133.14503 5.67717 270.88321 -194.97552 -49.80919 NaN NaN NaN 51.53590 -165.68697 2.56255 -44.42640 -211.41025 -72.95873
33201 0.74231 NaN NaN NaN 175.33385 -133.16701 5.70155 270.88507 -194.97075 -49.82335 NaN NaN NaN 51.59521 -165.61859 2.51854 -44.42665 -211.37465 -72.90596
33202 0.75064 NaN NaN NaN 175.35522 -133.12863 5.71025 270.90128 -194.96767 -49.79609 NaN NaN NaN 51.65494 -165.56410 2.45924 -44.41528 -211.35155 -72.87952
33203 0.75897 NaN NaN NaN 175.34419 -133.15123 5.72326 270.89734 -194.96298 -49.79960 NaN NaN NaN 51.71460 -165.45271 2.39076 -44.40285 -211.34729 -72.84180
33204 0.76730 NaN NaN NaN 175.35748 -133.12503 5.72572 270.89621 -194.94341 -49.80222 NaN NaN NaN 51.74610 -165.33778 2.32140 -44.37608 -211.32959 -72.80903
33205 0.77564 NaN NaN NaN 175.35600 -133.09940 5.71815 270.88266 -194.92114 -49.81614 NaN NaN NaN 51.79334 -165.24040 2.28254 -44.35855 -211.32077 -72.77621
33206 0.78397 NaN NaN NaN 175.35612 -133.08925 5.70149 270.87476 -194.89676 -49.81401 NaN NaN NaN 51.85472 -165.14571 2.21613 -44.33266 -211.30766 -72.67461
33207 0.79230 NaN NaN NaN 175.33630 -133.09435 5.73736 270.88016 -194.88751 -49.82356 NaN NaN NaN 51.91382 -165.09637 2.17831 -44.30752 -211.29872 -72.64543
33208 0.80063 NaN NaN NaN 175.34854 -133.06924 5.72500 270.88455 -194.87021 -49.78717 NaN NaN NaN 51.96700 -165.04735 2.16919 -44.30097 -211.25877 -72.63769
33209 0.80896 NaN NaN NaN 175.33691 -133.07407 5.74291 270.88788 -194.87000 -49.77227 NaN NaN NaN 51.98228 -165.00114 2.16625 -44.28490 -211.24216 -72.63960
33210 0.81729 NaN NaN NaN 175.35345 -133.04369 5.72819 270.87241 -194.83466 -49.75997 NaN NaN NaN 52.01172 -164.95694 2.17433 -44.26630 -211.18915 -72.61582
33211 0.82562 NaN NaN NaN 175.36166 -133.01768 5.73718 270.87735 -194.83437 -49.76037 NaN NaN NaN 52.01628 -164.91808 2.18144 -44.24675 -211.15895 -72.61468
33212 0.83395 NaN NaN NaN 175.37543 -132.99947 5.75586 270.88812 -194.81323 -49.76426 NaN NaN NaN 52.03424 -164.88596 2.18553 -44.24435 -211.11984 -72.58394
33213 0.84229 NaN NaN NaN 175.36914 -133.01904 5.78447 270.89444 -194.79689 -49.75559 NaN NaN NaN 52.05577 -164.85057 2.16593 -44.23546 -211.11501 -72.58347
33214 0.85062 NaN NaN NaN 175.38365 -132.99855 5.79488 270.89972 -194.77324 -49.74998 NaN NaN NaN 52.05887 -164.84334 2.17602 -44.24302 -211.11049 -72.56419
33215 0.85895 NaN NaN NaN 175.40286 -133.02100 5.85099 270.90399 -194.76172 -49.74788 NaN NaN NaN 52.06744 -164.83730 2.16888 -44.23044 -211.09225 -72.55370
33216 0.86728 NaN NaN NaN 175.42253 -132.97852 5.85423 270.91785 -194.75304 -49.74849 NaN NaN NaN 52.06702 -164.84155 2.17734 -44.23716 -211.07950 -72.53176
33217 0.87561 NaN NaN NaN 175.43130 -132.99858 5.87082 270.94070 -194.73914 -49.74480 NaN NaN NaN 52.05508 -164.83002 2.16410 -44.25061 -211.06641 -72.54370
33218 0.88394 NaN NaN NaN 175.44737 -132.95195 5.88888 270.93042 -194.73787 -49.75111 NaN NaN NaN 52.04541 -164.83208 2.15902 -44.27250 -211.05490 -72.54905
33219 0.89227 NaN NaN NaN 175.44229 -132.97095 5.89494 270.94669 -194.72121 -49.75654 NaN NaN NaN 52.05021 -164.83847 2.14573 -44.27451 -211.06433 -72.55602
33220 0.90060 NaN NaN NaN 175.44571 -132.93994 5.87876 270.93076 -194.72464 -49.74213 NaN NaN NaN 52.05043 -164.85211 2.13558 -44.29052 -211.07364 -72.57315
33221 0.90894 NaN NaN NaN 175.43736 -132.98007 5.87813 270.95197 -194.72279 -49.74638 NaN NaN NaN 52.04626 -164.86153 2.13314 -44.27825 -211.05246 -72.57749
33222 0.91727 NaN NaN NaN 175.44339 -132.94475 5.89405 270.93948 -194.71320 -49.75142 NaN NaN NaN 52.05637 -164.85567 2.08509 -44.30700 -211.04855 -72.60110
33223 0.92560 NaN NaN NaN 175.45142 -132.99866 5.89508 270.96582 -194.71260 -49.75710 NaN NaN NaN 52.07457 -164.85088 2.06200 -44.31298 -211.06281 -72.62529
33224 0.93393 NaN NaN NaN 175.46777 -132.96684 5.89885 270.96323 -194.72060 -49.76689 NaN NaN NaN 52.07005 -164.84636 2.03741 -44.29417 -211.07141 -72.61578
33225 0.94226 NaN NaN NaN 175.46809 -133.00690 5.90908 270.97791 -194.72536 -49.76661 NaN NaN NaN 52.08390 -164.85948 2.00496 -44.28391 -211.05797 -72.61694
33226 0.95059 NaN NaN NaN 175.48683 -132.98561 5.90685 270.96399 -194.74783 -49.76097 NaN NaN NaN 52.09955 -164.85718 2.01591 -44.26122 -211.08221 -72.60904
33227 0.95892 NaN NaN NaN 175.48134 -133.04654 5.90383 270.98169 -194.75224 -49.76173 NaN NaN NaN 52.12884 -164.87163 1.99024 -44.25410 -211.08269 -72.63001
33228 0.96726 NaN NaN NaN 175.50813 -133.03958 5.91135 270.98215 -194.79184 -49.76350 NaN NaN NaN 52.13777 -164.86508 1.95761 -44.26318 -211.09360 -72.61018
33229 0.97559 NaN NaN NaN 175.49423 -133.09264 5.92711 271.00320 -194.79681 -49.76543 NaN NaN NaN 52.16761 -164.86652 1.93289 -44.25732 -211.11751 -72.62866
33230 0.98392 NaN NaN NaN 175.51265 -133.07938 5.91959 270.99557 -194.82852 -49.77213 NaN NaN NaN 52.18855 -164.88692 1.90648 -44.25288 -211.13646 -72.62888
33231 0.99225 NaN NaN NaN 175.52432 -133.08887 5.93069 271.00650 -194.85709 -49.78380 NaN NaN NaN 52.19511 -164.91226 1.87734 -44.24871 -211.15820 -72.63609
33232 1.00058 NaN NaN NaN 175.52446 -133.11403 5.94775 271.00415 -194.89241 -49.78777 NaN NaN NaN 52.18281 -164.91969 1.88056 -44.25868 -211.18787 -72.61893
33233 1.00891 NaN NaN NaN 175.52574 -133.13258 5.94781 271.00122 -194.92361 -49.78716 NaN NaN NaN 52.18893 -164.93825 1.88646 -44.25905 -211.23000 -72.62518
33234 1.01724 NaN NaN NaN 175.53398 -133.20224 5.95276 270.99411 -194.94984 -49.82033 NaN NaN NaN 52.18031 -164.94461 1.90494 -44.26094 -211.25554 -72.60941
33235 1.02557 NaN NaN NaN 175.57530 -133.30594 5.98228 270.98920 -194.97176 -49.85221 NaN NaN NaN 52.15808 -164.98694 1.90880 -44.26858 -211.27313 -72.61839
33236 1.03391 NaN NaN NaN 175.61742 -133.36987 6.00521 270.98727 -195.00722 -49.88287 NaN NaN NaN 52.14999 -165.00887 1.90924 -44.27360 -211.30000 -72.62486
33237 1.04224 NaN NaN NaN 175.62695 -133.41864 6.03118 270.98987 -195.03458 -49.89500 NaN NaN NaN 52.15024 -165.06032 1.93868 -44.28453 -211.32819 -72.61975
33238 1.05057 NaN NaN NaN 175.65938 -133.44843 6.03673 270.99670 -195.05472 -49.91489 NaN NaN NaN 52.12615 -165.09741 1.96697 -44.27816 -211.32404 -72.58262
33239 1.05890 NaN NaN NaN 175.65961 -133.49890 6.05163 270.99088 -195.08971 -49.94064 NaN NaN NaN 52.11975 -165.13828 1.98522 -44.30650 -211.36108 -72.59863
33240 1.06723 NaN NaN NaN 175.68353 -133.54039 6.06940 270.97162 -195.13213 -49.98333 NaN NaN NaN 52.09499 -165.14357 1.99568 -44.30635 -211.38319 -72.57412
33241 1.07556 NaN NaN NaN 175.70204 -133.57855 6.08506 270.98297 -195.14816 -49.98926 NaN NaN NaN 52.09354 -165.17853 2.01055 -44.31718 -211.41716 -72.58064
33242 1.08389 NaN NaN NaN 175.71902 -133.61726 6.09765 270.99268 -195.15833 -50.01501 NaN NaN NaN 52.08728 -165.19411 2.02057 -44.31549 -211.43719 -72.57593
33243 1.09222 NaN NaN NaN 175.73012 -133.65591 6.14122 271.02151 -195.18985 -50.04355 NaN NaN NaN 52.07258 -165.23218 2.03156 -44.33955 -211.45953 -72.57278
33244 1.10056 NaN NaN NaN 175.75777 -133.66295 6.18704 271.02399 -195.21342 -50.07090 NaN NaN NaN 52.05699 -165.27080 2.04962 -44.34671 -211.48901 -72.57082
33245 1.10889 NaN NaN NaN 175.77675 -133.72118 6.19916 271.03171 -195.22501 -50.09224 NaN NaN NaN 52.03559 -165.31873 2.07550 -44.36411 -211.51149 -72.56665
33246 1.11722 NaN NaN NaN 175.79436 -133.75371 6.22342 271.03979 -195.23756 -50.10087 NaN NaN NaN 52.00084 -165.33524 2.08733 -44.36730 -211.53775 -72.54893
33247 1.12555 NaN NaN NaN 175.80243 -133.82143 6.26520 271.04379 -195.24394 -50.12236 NaN NaN NaN 51.96856 -165.34859 2.10557 -44.36835 -211.57430 -72.54408
33248 1.13388 NaN NaN NaN 175.83485 -133.81636 6.28172 271.04251 -195.25537 -50.15388 NaN NaN NaN 51.96906 -165.37946 2.12055 -44.37014 -211.60260 -72.51665
33249 1.14221 NaN NaN NaN 175.84068 -133.85919 6.32408 271.05478 -195.25322 -50.19532 NaN NaN NaN 51.94720 -165.39087 2.12502 -44.39479 -211.62642 -72.51305
33250 1.15054 NaN NaN NaN 175.84895 -133.91090 6.35500 271.04031 -195.26140 -50.19801 NaN NaN NaN 51.93619 -165.44374 2.12233 -44.42858 -211.64767 -72.50854
33251 1.15888 NaN NaN NaN 175.89941 -133.97389 6.38811 271.04532 -195.26012 -50.21211 NaN NaN NaN 51.92146 -165.45920 2.13584 -44.45424 -211.67250 -72.53740
33252 1.16721 NaN NaN NaN 175.94078 -134.02409 6.41389 271.04126 -195.27217 -50.23442 NaN NaN NaN 51.88948 -165.49660 2.14748 -44.44558 -211.67822 -72.55814
33253 1.17554 NaN NaN NaN 175.97878 -134.06447 6.45162 271.05014 -195.28757 -50.25175 NaN NaN NaN 51.86869 -165.51804 2.16172 -44.45356 -211.68399 -72.58326
33254 1.18387 NaN NaN NaN 176.00539 -134.08997 6.46723 271.07587 -195.31665 -50.29727 NaN NaN NaN 51.84555 -165.54538 2.18290 -44.46428 -211.69228 -72.59235
33255 1.19220 NaN NaN NaN 176.02054 -134.13470 6.50474 271.08801 -195.35547 -50.33142 NaN NaN NaN 51.82117 -165.59073 2.20951 -44.47511 -211.71376 -72.62455
33256 1.20053 NaN NaN NaN 176.05142 -134.16341 6.53539 271.09140 -195.37135 -50.34324 NaN NaN NaN 51.80723 -165.61464 2.21053 -44.47893 -211.71786 -72.65520
33257 1.20886 NaN NaN NaN 176.09886 -134.19423 6.56387 271.11072 -195.38141 -50.36701 NaN NaN NaN 51.80128 -165.61394 2.22325 -44.48310 -211.71658 -72.67410
33258 1.21719 NaN NaN NaN 176.14987 -134.21075 6.59039 271.13513 -195.40843 -50.38713 NaN NaN NaN 51.81485 -165.62111 2.23273 -44.46165 -211.70639 -72.65994
33259 1.22553 NaN NaN NaN 176.19237 -134.23488 6.64378 271.16049 -195.41864 -50.40771 NaN NaN NaN 51.82729 -165.59375 2.23396 -44.45981 -211.70773 -72.60139
33260 1.23386 NaN NaN NaN 176.20825 -134.26534 6.69339 271.14896 -195.43767 -50.43770 NaN NaN NaN 51.82991 -165.58473 2.24041 -44.45723 -211.70033 -72.59553
33261 1.24219 NaN NaN NaN 176.23499 -134.26920 6.71977 271.15903 -195.44531 -50.46993 NaN NaN NaN 51.80957 -165.58417 2.24684 -44.46577 -211.69669 -72.60506
33262 1.25052 NaN NaN NaN 176.25500 -134.29770 6.77208 271.15765 -195.44298 -50.50072 NaN NaN NaN 51.80107 -165.57054 2.27811 -44.45956 -211.68039 -72.59592
33263 1.25885 NaN NaN NaN 176.27373 -134.31760 6.80165 271.17929 -195.42328 -50.49133 NaN NaN NaN 51.78559 -165.59821 2.31266 -44.47479 -211.68747 -72.58634
33264 1.26718 NaN NaN NaN 176.27039 -134.33047 6.82434 271.16943 -195.42667 -50.49498 NaN NaN NaN 51.77131 -165.61081 2.32416 -44.50197 -211.66757 -72.57349
33265 1.27551 NaN NaN NaN 176.27660 -134.34000 6.83711 271.18002 -195.42421 -50.48913 NaN NaN NaN 51.75763 -165.62703 2.34130 -44.51624 -211.67996 -72.56351
33266 1.28384 NaN NaN NaN 176.29028 -134.30161 6.81886 271.18536 -195.42177 -50.51199 NaN NaN NaN 51.72530 -165.65140 2.36363 -44.53557 -211.66556 -72.56419
33267 1.29218 NaN NaN NaN 176.29372 -134.31828 6.84252 271.17245 -195.39195 -50.52847 NaN NaN NaN 51.69942 -165.68015 2.37213 -44.54870 -211.67728 -72.56184
33268 1.30051 NaN NaN NaN 176.29883 -134.29103 6.83323 271.17566 -195.39561 -50.51876 NaN NaN NaN 51.66381 -165.68823 2.39146 -44.58468 -211.67613 -72.55774
33269 1.30884 NaN NaN NaN 176.28522 -134.29869 6.86824 271.17081 -195.37271 -50.50549 NaN NaN NaN 51.65707 -165.69702 2.40611 -44.61601 -211.69032 -72.54861
33270 1.31717 NaN NaN NaN 176.27435 -134.31436 6.87843 271.17065 -195.37355 -50.51793 NaN NaN NaN 51.64648 -165.73112 2.43173 -44.63046 -211.71773 -72.54528
33271 1.32550 NaN NaN NaN 176.29066 -134.31943 6.88131 271.17178 -195.35970 -50.50783 NaN NaN NaN 51.63686 -165.75497 2.41861 -44.65074 -211.71370 -72.54527
33272 1.33383 NaN NaN NaN 176.29596 -134.31665 6.88176 271.16757 -195.37834 -50.52519 NaN NaN NaN 51.62449 -165.76492 2.43764 -44.66183 -211.73486 -72.53890
33273 1.34216 NaN NaN NaN 176.29649 -134.31863 6.88341 271.16931 -195.36429 -50.53816 NaN NaN NaN 51.59709 -165.77213 2.42428 -44.67595 -211.72577 -72.54329
33274 1.35049 NaN NaN NaN 176.30791 -134.30371 6.89651 271.18195 -195.36229 -50.53548 NaN NaN NaN 51.57037 -165.77988 2.44207 -44.71824 -211.70410 -72.55199
33275 1.35883 NaN NaN NaN 176.30302 -134.29636 6.90831 271.19125 -195.37086 -50.52134 NaN NaN NaN 51.54377 -165.77771 2.45516 -44.73656 -211.69598 -72.56487
33276 1.36716 NaN NaN NaN 176.30812 -134.30699 6.91763 271.19489 -195.39348 -50.51616 NaN NaN NaN 51.53651 -165.80576 2.45246 -44.73315 -211.71078 -72.56676
33277 1.37549 NaN NaN NaN 176.32086 -134.32214 6.94136 271.19839 -195.38908 -50.52872 NaN NaN NaN 51.53577 -165.82278 2.45261 -44.71821 -211.72198 -72.57874
33278 1.38382 NaN NaN NaN 176.33926 -134.33539 6.96578 271.20551 -195.37697 -50.54365 NaN NaN NaN 51.53701 -165.83083 2.45977 -44.72277 -211.71783 -72.57315
33279 1.39215 NaN NaN NaN 176.34517 -134.36292 6.97639 271.21063 -195.37543 -50.54660 NaN NaN NaN 51.53920 -165.83371 2.46620 -44.72409 -211.70753 -72.57715
33280 1.40048 NaN NaN NaN 176.36267 -134.36765 7.00241 271.22043 -195.39096 -50.55554 NaN NaN NaN 51.50300 -165.83215 2.46156 -44.73096 -211.71471 -72.58410
33281 1.40881 NaN NaN NaN 176.39763 -134.38263 7.00172 271.24152 -195.38289 -50.54464 NaN NaN NaN 51.50666 -165.83371 2.43552 -44.72524 -211.73282 -72.59454
33282 1.41715 NaN NaN NaN 176.39276 -134.38490 7.02444 271.22769 -195.40079 -50.54163 NaN NaN NaN 51.48762 -165.85347 2.45532 -44.72302 -211.74527 -72.59222
33283 1.42548 NaN NaN NaN 176.41415 -134.38000 7.03138 271.23676 -195.40286 -50.53513 NaN NaN NaN 51.50256 -165.86041 2.43687 -44.71796 -211.75598 -72.60706
33284 1.43381 NaN NaN NaN 176.41583 -134.38455 7.04118 271.24365 -195.43417 -50.53885 NaN NaN NaN 51.51572 -165.88092 2.42586 -44.71517 -211.77570 -72.64560
33285 1.44214 NaN NaN NaN 176.43648 -134.39697 7.03763 271.24753 -195.42593 -50.53539 NaN NaN NaN 51.52399 -165.88994 2.41830 -44.70481 -211.78252 -72.68887
33286 1.45047 NaN NaN NaN 176.42944 -134.41811 7.03627 271.26126 -195.43544 -50.54076 NaN NaN NaN 51.52737 -165.89369 2.40530 -44.69386 -211.79254 -72.68844
33287 1.45880 NaN NaN NaN 176.46526 -134.43434 7.05629 271.25604 -195.42686 -50.54578 NaN NaN NaN 51.55883 -165.88716 2.38069 -44.69078 -211.77760 -72.70540
33288 1.46713 NaN NaN NaN 176.44148 -134.43414 7.04719 271.25412 -195.43127 -50.55146 NaN NaN NaN 51.56998 -165.87521 2.35280 -44.68522 -211.78052 -72.72243
33289 1.47546 NaN NaN NaN 176.46797 -134.46684 7.05296 271.27081 -195.44016 -50.56933 NaN NaN NaN 51.59237 -165.86673 2.32515 -44.66836 -211.78517 -72.73829
33290 1.48380 NaN NaN NaN 176.47743 -134.49501 7.04518 271.30847 -195.45918 -50.57625 NaN NaN NaN 51.60124 -165.86523 2.30570 -44.67046 -211.77472 -72.75881
33291 1.49213 NaN NaN NaN 176.49814 -134.51180 7.04336 271.30576 -195.47517 -50.56892 NaN NaN NaN 51.62283 -165.86974 2.28506 -44.67257 -211.78200 -72.78304
33292 1.50046 NaN NaN NaN 176.51640 -134.53267 7.04545 271.29135 -195.49051 -50.56712 NaN NaN NaN 51.61852 -165.86766 2.28520 -44.65648 -211.78117 -72.79277
33293 1.50879 NaN NaN NaN 176.50679 -134.52995 7.04688 271.30173 -195.48886 -50.56739 NaN NaN NaN 51.62731 -165.87494 2.26648 -44.64989 -211.77357 -72.81295
33294 1.51712 NaN NaN NaN 176.51733 -134.55431 7.05129 271.31409 -195.50319 -50.57537 NaN NaN NaN 51.63326 -165.86833 2.24820 -44.64373 -211.76938 -72.80927
33295 1.52545 NaN NaN NaN 176.53461 -134.56030 7.05808 271.32660 -195.51361 -50.57350 NaN NaN NaN 51.65100 -165.87154 2.21701 -44.64922 -211.77238 -72.83282
33296 1.53378 NaN NaN NaN 176.54117 -134.57709 7.05859 271.32574 -195.53429 -50.56459 NaN NaN NaN 51.65467 -165.86037 2.20733 -44.65387 -211.74889 -72.83011
33297 1.54211 NaN NaN NaN 176.52643 -134.57338 7.06489 271.33908 -195.53436 -50.57583 NaN NaN NaN 51.64785 -165.85915 2.17422 -44.64951 -211.74184 -72.85493
33298 1.55045 NaN NaN NaN 176.54367 -134.58864 7.08086 271.33249 -195.52315 -50.58850 NaN NaN NaN 51.64591 -165.83606 2.16297 -44.62951 -211.72998 -72.87388
33299 1.55878 NaN NaN NaN 176.56219 -134.58394 7.09334 271.33945 -195.51335 -50.59679 NaN NaN NaN 51.64046 -165.83157 2.14980 -44.63234 -211.72701 -72.90147
33300 1.56711 NaN NaN NaN 176.57379 -134.58910 7.09094 271.33026 -195.52180 -50.60134 NaN NaN NaN 51.65580 -165.83453 2.13581 -44.62995 -211.71094 -72.91810
33301 1.57544 NaN NaN NaN 176.56534 -134.59877 7.10097 271.34274 -195.51631 -50.61367 NaN NaN NaN 51.67455 -165.84737 2.13815 -44.63214 -211.70847 -72.93520
33302 1.58377 NaN NaN NaN 176.55597 -134.61600 7.10451 271.33676 -195.52498 -50.61530 NaN NaN NaN 51.68177 -165.85236 2.13284 -44.59967 -211.70090 -72.92966
33303 1.59210 NaN NaN NaN 176.59198 -134.61935 7.11517 271.33496 -195.51918 -50.60833 NaN NaN NaN 51.69111 -165.86772 2.10889 -44.61185 -211.69388 -72.93930
33304 1.60043 NaN NaN NaN 176.60501 -134.60620 7.12968 271.35641 -195.51044 -50.60484 NaN NaN NaN 51.68680 -165.86247 2.08448 -44.61463 -211.69524 -72.95876
33305 1.60877 NaN NaN NaN 176.61041 -134.59459 7.12316 271.36325 -195.52472 -50.61904 NaN NaN NaN 51.68681 -165.83836 2.05870 -44.61257 -211.67607 -72.97870
33306 1.61710 NaN NaN NaN 176.63516 -134.61679 7.14360 271.37207 -195.51923 -50.63020 NaN NaN NaN 51.68493 -165.83629 2.03111 -44.60344 -211.66698 -73.01508
33307 1.62543 NaN NaN NaN 176.64954 -134.63219 7.15449 271.36813 -195.51305 -50.63746 NaN NaN NaN 51.68620 -165.83199 2.03158 -44.60600 -211.66208 -73.02263
33308 1.63376 NaN NaN NaN 176.65410 -134.64885 7.15715 271.37170 -195.50888 -50.64360 NaN NaN NaN 51.68416 -165.83595 2.03107 -44.59310 -211.66310 -73.05135
33309 1.64209 NaN NaN NaN 176.66109 -134.65683 7.16739 271.38452 -195.50900 -50.65971 NaN NaN NaN 51.68815 -165.84592 2.03732 -44.59351 -211.65681 -73.04695
33310 1.65042 NaN NaN NaN 176.67085 -134.66148 7.19434 271.39963 -195.53188 -50.67347 NaN NaN NaN 51.68375 -165.84822 2.03602 -44.58904 -211.63622 -73.05022
33311 1.65875 NaN NaN NaN 176.68077 -134.68199 7.21658 271.39780 -195.52612 -50.67312 NaN NaN NaN 51.69026 -165.84085 2.04253 -44.59977 -211.64398 -73.03409
33312 1.66708 NaN NaN NaN 176.69530 -134.69397 7.24029 271.40991 -195.52518 -50.68341 NaN NaN NaN 51.69045 -165.81570 2.05387 -44.59541 -211.62390 -73.05357
33313 1.67542 NaN NaN NaN 176.70430 -134.69643 7.22438 271.42166 -195.50882 -50.68811 NaN NaN NaN 51.69718 -165.81235 2.03163 -44.58826 -211.60402 -73.08112
33314 1.68375 NaN NaN NaN 176.70590 -134.70668 7.22378 271.42218 -195.49440 -50.69421 NaN NaN NaN 51.68601 -165.80556 2.02742 -44.56079 -211.58493 -73.08620
33315 1.69208 NaN NaN NaN 176.69728 -134.69374 7.24185 271.41275 -195.49480 -50.69746 NaN NaN NaN 51.67947 -165.80414 2.02377 -44.55336 -211.57201 -73.08736
33316 1.70041 NaN NaN NaN 176.70338 -134.69838 7.24959 271.42294 -195.50961 -50.70016 NaN NaN NaN 51.67656 -165.80232 2.03345 -44.56146 -211.57315 -73.09626
33317 1.70874 NaN NaN NaN 176.72520 -134.66782 7.23556 271.42398 -195.50824 -50.71136 NaN NaN NaN 51.67348 -165.81213 2.02951 -44.56123 -211.54601 -73.11620
33318 1.71707 NaN NaN NaN 176.73933 -134.68109 7.26967 271.42618 -195.51656 -50.70855 NaN NaN NaN 51.68117 -165.79861 2.02479 -44.54464 -211.52945 -73.12228
33319 1.72540 NaN NaN NaN 176.74100 -134.71376 7.28657 271.42657 -195.49455 -50.72763 NaN NaN NaN 51.69310 -165.80975 2.00766 -44.55261 -211.52246 -73.13480
33320 1.73373 NaN NaN NaN 176.76280 -134.69987 7.28436 271.43390 -195.48933 -50.74662 NaN NaN NaN 51.68563 -165.80484 2.00964 -44.55446 -211.50020 -73.15172
33321 1.74207 NaN NaN NaN 176.77946 -134.70657 7.29292 271.44528 -195.47931 -50.75406 NaN NaN NaN 51.68063 -165.81926 2.00170 -44.56718 -211.48050 -73.18631
33322 1.75040 NaN NaN NaN 176.77470 -134.71605 7.31281 271.44122 -195.48967 -50.75573 NaN NaN NaN 51.66085 -165.82880 2.00603 -44.56605 -211.46585 -73.21421
33323 1.75873 NaN NaN NaN 176.78835 -134.70973 7.30089 271.42841 -195.49634 -50.77113 NaN NaN NaN 51.66488 -165.82327 2.01070 -44.57214 -211.44096 -73.23341
33324 1.76706 NaN NaN NaN 176.78711 -134.71735 7.30407 271.44144 -195.49641 -50.77155 NaN NaN NaN 51.65168 -165.81857 2.01592 -44.57254 -211.43373 -73.23334
33325 1.77539 NaN NaN NaN 176.79918 -134.70644 7.30266 271.44559 -195.48578 -50.78093 NaN NaN NaN 51.65079 -165.82712 2.01244 -44.57518 -211.43875 -73.23698
33326 1.78372 NaN NaN NaN 176.80443 -134.71652 7.31532 271.45267 -195.48019 -50.79102 NaN NaN NaN 51.63821 -165.82819 1.99631 -44.56847 -211.44365 -73.24332
33327 1.79205 NaN NaN NaN 176.83276 -134.73004 7.31795 271.44659 -195.47766 -50.80180 NaN NaN NaN 51.65118 -165.85278 2.00156 -44.57652 -211.43919 -73.26065
33328 1.80039 NaN NaN NaN 176.83357 -134.72275 7.33648 271.44150 -195.47806 -50.80360 NaN NaN NaN 51.62605 -165.83783 1.99607 -44.57993 -211.42221 -73.28886
33329 1.80872 NaN NaN NaN 176.83206 -134.73218 7.34309 271.45529 -195.49985 -50.80307 NaN NaN NaN 51.62650 -165.84804 1.99746 -44.59446 -211.42264 -73.30128
33330 1.81705 NaN NaN NaN 176.84192 -134.74939 7.35962 271.44534 -195.50618 -50.79664 NaN NaN NaN 51.61084 -165.83926 1.97445 -44.59922 -211.43521 -73.30676
33331 1.82538 NaN NaN NaN 176.85457 -134.77414 7.35746 271.45700 -195.52347 -50.81704 NaN NaN NaN 51.61895 -165.86533 1.98092 -44.62674 -211.42229 -73.32988
33332 1.83371 NaN NaN NaN 176.86475 -134.79709 7.37683 271.45313 -195.51196 -50.81309 NaN NaN NaN 51.59983 -165.86104 1.99119 -44.59973 -211.41583 -73.34550
33333 1.84204 NaN NaN NaN 176.86101 -134.77869 7.36724 271.45230 -195.51756 -50.82534 NaN NaN NaN 51.59041 -165.88550 1.98688 -44.60503 -211.41139 -73.36018
33334 1.85037 NaN NaN NaN 176.85858 -134.77176 7.37878 271.44458 -195.51715 -50.81830 NaN NaN NaN 51.55941 -165.89502 1.98938 -44.61140 -211.39349 -73.37891
33335 1.85870 NaN NaN NaN 176.86342 -134.78102 7.36943 271.45013 -195.53288 -50.81556 NaN NaN NaN 51.55551 -165.93105 1.99332 -44.62965 -211.41231 -73.38033
33336 1.86704 NaN NaN NaN 176.87170 -134.79044 7.38485 271.44479 -195.54024 -50.81982 NaN NaN NaN 51.52893 -165.95029 1.98950 -44.63336 -211.41605 -73.39599
33337 1.87537 NaN NaN NaN 176.86320 -134.80342 7.36885 271.45474 -195.56166 -50.82113 NaN NaN NaN 51.51498 -165.99138 1.98373 -44.63933 -211.43193 -73.39900
33338 1.88370 NaN NaN NaN 176.87657 -134.82629 7.40417 271.45663 -195.56636 -50.82006 NaN NaN NaN 51.49128 -165.98262 1.95882 -44.65204 -211.43304 -73.41205
33339 1.89203 NaN NaN NaN 176.88019 -134.84164 7.39394 271.47565 -195.59724 -50.83294 NaN NaN NaN 51.49465 -166.00345 1.97215 -44.67316 -211.43253 -73.41994
33340 1.90036 NaN NaN NaN 176.90277 -134.87029 7.41630 271.48032 -195.59608 -50.84946 NaN NaN NaN 51.50080 -166.02524 1.96908 -44.66472 -211.43423 -73.43017
33341 1.90869 NaN NaN NaN 176.90337 -134.89932 7.40362 271.48328 -195.60275 -50.85896 NaN NaN NaN 51.49540 -166.03642 1.93761 -44.67911 -211.45306 -73.43266
33342 1.91702 NaN NaN NaN 176.91403 -134.90297 7.40352 271.49130 -195.61024 -50.86821 NaN NaN NaN 51.47680 -166.05331 1.93604 -44.69157 -211.48428 -73.44077
33343 1.92535 NaN NaN NaN 176.91994 -134.91266 7.41919 271.48944 -195.62309 -50.86832 NaN NaN NaN 51.47044 -166.07637 1.93278 -44.69737 -211.50056 -73.43848
33344 1.93369 NaN NaN NaN 176.93851 -134.92776 7.43106 271.50195 -195.64157 -50.87305 NaN NaN NaN 51.46753 -166.10516 1.94967 -44.69659 -211.50525 -73.45633
33345 1.94202 NaN NaN NaN 176.95232 -134.94531 7.44689 271.51251 -195.65794 -50.87599 NaN NaN NaN 51.48890 -166.12627 1.95669 -44.69303 -211.51434 -73.42544
33346 1.95035 NaN NaN NaN 176.97572 -134.99895 7.47766 271.51584 -195.66490 -50.87958 NaN NaN NaN 51.48158 -166.14482 1.96378 -44.71627 -211.52536 -73.39602
33347 1.95868 NaN NaN NaN 176.98155 -135.02380 7.49809 271.52353 -195.67842 -50.89083 NaN NaN NaN 51.49229 -166.13576 1.96683 -44.74383 -211.54099 -73.36513
33348 1.96701 NaN NaN NaN 177.00365 -135.04163 7.51196 271.52591 -195.68263 -50.87618 NaN NaN NaN 51.46344 -166.15533 1.97262 -44.74383 -211.58517 -73.33556
33349 1.97534 NaN NaN NaN 177.00330 -135.06703 7.52320 271.53345 -195.69661 -50.89913 NaN NaN NaN 51.47350 -166.16774 1.98617 -44.77322 -211.60719 -73.31441
33350 1.98367 NaN NaN NaN 177.00668 -135.06311 7.53409 271.51816 -195.68828 -50.88311 NaN NaN NaN 51.47244 -166.17798 2.01126 -44.76117 -211.63745 -73.29681
33351 1.99201 NaN NaN NaN 177.00311 -135.06738 7.53190 271.52060 -195.68170 -50.88451 NaN NaN NaN 51.48213 -166.16219 2.00692 -44.76669 -211.67241 -73.29388
33352 2.00034 NaN NaN NaN 177.00894 -135.06975 7.53927 271.51987 -195.67154 -50.87498 NaN NaN NaN 51.46876 -166.18840 2.02266 -44.75770 -211.67320 -73.29263
33353 2.00867 NaN NaN NaN 177.00832 -135.08113 7.55119 271.53833 -195.67802 -50.88080 NaN NaN NaN 51.46512 -166.21925 2.04731 -44.76561 -211.67490 -73.29453
33354 2.01700 NaN NaN NaN 177.02864 -135.07626 7.55399 271.54242 -195.67520 -50.86845 NaN NaN NaN 51.44416 -166.22369 2.06315 -44.77239 -211.67303 -73.28040
33355 2.02533 NaN NaN NaN 177.03951 -135.08330 7.55799 271.55969 -195.70570 -50.89247 NaN NaN NaN 51.46108 -166.23773 2.06631 -44.79951 -211.69060 -73.26659
33356 2.03366 NaN NaN NaN 177.04407 -135.08450 7.56565 271.55560 -195.69380 -50.88327 NaN NaN NaN 51.45672 -166.23775 2.06813 -44.81187 -211.71065 -73.24061
33357 2.04199 NaN NaN NaN 177.05609 -135.10574 7.57878 271.56958 -195.69237 -50.90052 NaN NaN NaN 51.43962 -166.23836 2.06958 -44.82257 -211.71666 -73.24538
33358 2.05032 NaN NaN NaN 177.07167 -135.08627 7.57624 271.57471 -195.67824 -50.89875 NaN NaN NaN 51.42434 -166.23990 2.12672 -44.83220 -211.72032 -73.23795
33359 2.05866 NaN NaN NaN 177.09219 -135.10678 7.60282 271.58115 -195.68042 -50.91353 NaN NaN NaN 51.40762 -166.25883 2.15733 -44.84121 -211.71025 -73.23413
33360 2.06699 NaN NaN NaN 177.11148 -135.09090 7.61260 271.59811 -195.67709 -50.93123 NaN NaN NaN 51.39588 -166.26088 2.19674 -44.83979 -211.70036 -73.22217
33361 2.07532 NaN NaN NaN 177.11768 -135.08395 7.62852 271.60352 -195.67793 -50.92255 NaN NaN NaN 51.39837 -166.25652 2.20343 -44.84627 -211.70715 -73.21215
33362 2.08365 NaN NaN NaN 177.10963 -135.08521 7.64052 271.59192 -195.66469 -50.90863 NaN NaN NaN 51.38503 -166.25894 2.21021 -44.85160 -211.72734 -73.19176
33363 2.09198 NaN NaN NaN 177.11438 -135.08904 7.65502 271.59769 -195.65883 -50.91405 NaN NaN NaN 51.38098 -166.27272 2.20768 -44.85575 -211.74194 -73.16927
33364 2.10031 NaN NaN NaN 177.12706 -135.08044 7.66256 271.59045 -195.64487 -50.91240 NaN NaN NaN 51.35822 -166.24852 2.22132 -44.87062 -211.74097 -73.14624
33365 2.10864 NaN NaN NaN 177.12708 -135.07938 7.66068 271.60257 -195.63704 -50.92059 NaN NaN NaN 51.36549 -166.24310 2.23458 -44.89442 -211.74577 -73.11860
33366 2.11697 NaN NaN NaN 177.13051 -135.07303 7.66146 271.60040 -195.62137 -50.91891 NaN NaN NaN 51.33773 -166.23489 2.24797 -44.91481 -211.75136 -73.08151
33367 2.12531 NaN NaN NaN 177.13516 -135.06529 7.66830 271.59366 -195.62335 -50.92756 NaN NaN NaN 51.32347 -166.24940 2.25334 -44.92465 -211.75890 -73.07139
