Frame# Time LH1 LH2 LH3 RH1 RH2 RH3
X54 Y54 Z54 X55 Y55 Z55 X56 Y56 Z56 X57 Y57 Z57 X58 Y58 Z58 X59 Y59 Z59
18449 0.00628 NaN NaN NaN 150.92520 -77.21202 -23.62810 241.21194 -165.80449 -27.00300 NaN NaN NaN 39.63686 -161.44284 9.06478 -41.31729 -193.04446 -87.99179
18450 0.01463 NaN NaN NaN 150.91455 -77.18663 -23.65153 241.17270 -165.79636 -27.03448 NaN NaN NaN 39.75304 -161.41811 9.02011 -41.28696 -193.05708 -88.01356
18451 0.02297 NaN NaN NaN 150.92519 -77.16996 -23.67862 241.15814 -165.81956 -27.09814 NaN NaN NaN 39.87367 -161.35168 8.97701 -41.26052 -193.02161 -87.98976
18452 0.03132 NaN NaN NaN 150.94569 -77.07882 -23.67180 241.15581 -165.83043 -27.14388 NaN NaN NaN 39.99860 -161.23833 8.87759 -41.25018 -192.99826 -87.95763
18453 0.03966 NaN NaN NaN 150.95625 -77.02705 -23.70198 241.12598 -165.82506 -27.26237 NaN NaN NaN 40.24821 -161.07016 8.75947 -41.20058 -192.94302 -87.89794
18454 0.04801 NaN NaN NaN 150.95674 -77.03169 -23.73037 241.09265 -165.84312 -27.29890 NaN NaN NaN 40.50201 -160.83989 8.61989 -41.13368 -192.91556 -87.80865
18455 0.05636 NaN NaN NaN 150.93214 -77.04733 -23.74085 241.05974 -165.87228 -27.42883 NaN NaN NaN 40.78403 -160.58043 8.45613 -41.05392 -192.94405 -87.73475
18456 0.06470 NaN NaN NaN 150.89568 -77.08658 -23.75752 241.06631 -165.91580 -27.51454 NaN NaN NaN 41.02552 -160.35735 8.23908 -40.95101 -192.93829 -87.69891
18457 0.07305 NaN NaN NaN 150.88133 -77.12975 -23.76198 241.03587 -165.94695 -27.59637 NaN NaN NaN 41.23604 -160.18008 8.04769 -40.88884 -192.92506 -87.66721
18458 0.08140 NaN NaN NaN 150.84705 -77.16103 -23.82154 240.99957 -165.95895 -27.68479 NaN NaN NaN 41.45514 -160.04704 7.93315 -40.81922 -192.89755 -87.65312
18459 0.08974 NaN NaN NaN 150.81470 -77.12215 -23.87247 240.94655 -165.97069 -27.76543 NaN NaN NaN 41.65189 -159.95343 7.82966 -40.74224 -192.88745 -87.63451
18460 0.09809 NaN NaN NaN 150.77206 -77.12733 -23.91809 240.89456 -165.99721 -27.89146 NaN NaN NaN 41.82172 -159.87280 7.77271 -40.67434 -192.86478 -87.61984
18461 0.10644 NaN NaN NaN 150.73540 -77.12749 -23.94486 240.84758 -166.00340 -27.97810 NaN NaN NaN 41.94350 -159.78983 7.70856 -40.65028 -192.89473 -87.59346
18462 0.11478 NaN NaN NaN 150.67358 -77.21466 -23.95030 240.78767 -166.02646 -28.05675 NaN NaN NaN 42.01855 -159.75601 7.66585 -40.62832 -192.90599 -87.56973
18463 0.12313 NaN NaN NaN 150.61081 -77.27660 -23.97123 240.73755 -166.02953 -28.12376 NaN NaN NaN 42.12016 -159.73686 7.60101 -40.64242 -192.92191 -87.49998
18464 0.13148 NaN NaN NaN 150.57162 -77.33965 -24.02193 240.69450 -166.02235 -28.23717 NaN NaN NaN 42.20139 -159.69031 7.54858 -40.66445 -192.93727 -87.44820
18465 0.13982 NaN NaN NaN 150.50652 -77.32578 -24.08498 240.63670 -166.01160 -28.31795 NaN NaN NaN 42.26558 -159.63240 7.49221 -40.66949 -192.95950 -87.40369
18466 0.14817 NaN NaN NaN 150.43294 -77.31209 -24.10739 240.55818 -165.99931 -28.35281 NaN NaN NaN 42.30526 -159.60619 7.46121 -40.69734 -192.98488 -87.37442
18467 0.15652 NaN NaN NaN 150.34924 -77.33213 -24.13921 240.49222 -166.02899 -28.44157 NaN NaN NaN 42.34370 -159.59164 7.42576 -40.73537 -193.02361 -87.34587
18468 0.16486 NaN NaN NaN 150.30058 -77.38278 -24.17407 240.43837 -166.06726 -28.59485 NaN NaN NaN 42.40371 -159.56146 7.37140 -40.74847 -193.05898 -87.30306
18469 0.17321 NaN NaN NaN 150.25284 -77.37225 -24.18154 240.40825 -166.10963 -28.68398 NaN NaN NaN 42.49949 -159.49834 7.30737 -40.77514 -193.08704 -87.25210
18470 0.18156 NaN NaN NaN 150.22978 -77.41980 -24.20938 240.37659 -166.18552 -28.72889 NaN NaN NaN 42.61723 -159.41263 7.23664 -40.78877 -193.13681 -87.19103
18471 0.18990 NaN NaN NaN 150.22031 -77.42687 -24.23590 240.30354 -166.24426 -28.78321 NaN NaN NaN 42.75174 -159.27699 7.12352 -40.76983 -193.16092 -87.09305
18472 0.19825 NaN NaN NaN 150.21509 -77.42283 -24.25379 240.26294 -166.29279 -28.86185 NaN NaN NaN 42.94859 -159.11754 7.02347 -40.76917 -193.16905 -86.98927
18473 0.20660 NaN NaN NaN 150.20166 -77.42652 -24.25291 240.20566 -166.31953 -28.90886 NaN NaN NaN 43.10724 -158.92000 6.85060 -40.76293 -193.19792 -86.87304
18474 0.21494 NaN NaN NaN 150.19119 -77.40482 -24.26455 240.16832 -166.32364 -28.94491 NaN NaN NaN 43.31109 -158.72545 6.73647 -40.73778 -193.23506 -86.74987
18475 0.22329 NaN NaN NaN 150.12723 -77.45154 -24.26056 240.11848 -166.31802 -28.97264 NaN NaN NaN 43.51200 -158.56691 6.66629 -40.70248 -193.27658 -86.62017
18476 0.23164 NaN NaN NaN 150.12947 -77.39735 -24.28591 240.09694 -166.32390 -28.98660 NaN NaN NaN 43.70761 -158.41705 6.59689 -40.67937 -193.26109 -86.40165
18477 0.23998 NaN NaN NaN 150.06682 -77.40056 -24.30751 240.04684 -166.31686 -28.99347 NaN NaN NaN 43.87821 -158.28357 6.53461 -40.65194 -193.27220 -86.21611
18478 0.24833 NaN NaN NaN 150.02499 -77.41231 -24.32293 240.00352 -166.30264 -29.00325 NaN NaN NaN 44.06806 -158.12927 6.46681 -40.64981 -193.29607 -86.11598
18479 0.25668 NaN NaN NaN 150.06682 -77.26292 -24.38009 239.94510 -166.27980 -29.03948 NaN NaN NaN 44.26102 -157.99873 6.40895 -40.62274 -193.35159 -85.97153
18480 0.26502 NaN NaN NaN 150.07147 -77.16211 -24.37273 239.88992 -166.25482 -29.06651 NaN NaN NaN 44.45732 -157.81293 6.33712 -40.60830 -193.39827 -85.79775
18481 0.27337 NaN NaN NaN 149.99986 -77.16916 -24.41892 239.83871 -166.20430 -29.08077 NaN NaN NaN 44.67249 -157.58968 6.26873 -40.59704 -193.46207 -85.63940
18482 0.28171 NaN NaN NaN 149.96527 -77.15308 -24.41050 239.79620 -166.19551 -29.08078 NaN NaN NaN 44.87155 -157.33833 6.17647 -40.58502 -193.49879 -85.46999
18483 0.29006 NaN NaN NaN 149.88141 -77.21872 -24.40118 239.73589 -166.17107 -29.08872 NaN NaN NaN 45.09696 -157.08788 6.07591 -40.55205 -193.53612 -85.24605
18484 0.29841 NaN NaN NaN 149.82777 -77.25409 -24.37202 239.69603 -166.18613 -29.07513 NaN NaN NaN 45.36752 -156.81799 5.94557 -40.53509 -193.55359 -85.06088
18485 0.30675 NaN NaN NaN 149.78387 -77.28999 -24.37174 239.67490 -166.19484 -29.11349 NaN NaN NaN 45.65779 -156.51428 5.82146 -40.50135 -193.55748 -84.80993
18486 0.31510 NaN NaN NaN 149.79085 -77.19393 -24.40079 239.65018 -166.20392 -29.10378 NaN NaN NaN 45.96666 -156.19911 5.61442 -40.48293 -193.63306 -84.57637
18487 0.32345 NaN NaN NaN 149.80727 -77.10381 -24.40046 239.61916 -166.20988 -29.14147 NaN NaN NaN 46.22285 -155.91011 5.48354 -40.41382 -193.70631 -84.32565
18488 0.33179 NaN NaN NaN 149.77271 -77.12406 -24.38663 239.58215 -166.21840 -29.14561 NaN NaN NaN 46.47825 -155.63994 5.39080 -40.37680 -193.73741 -84.11811
18489 0.34014 NaN NaN NaN 149.75826 -77.06191 -24.41959 239.55550 -166.21800 -29.19842 NaN NaN NaN 46.66109 -155.39731 5.29822 -40.34388 -193.72458 -83.97186
18490 0.34849 NaN NaN NaN 149.73235 -77.04105 -24.46248 239.54074 -166.22691 -29.20601 NaN NaN NaN 46.84846 -155.21085 5.17469 -40.29547 -193.75481 -83.83871
18491 0.35683 NaN NaN NaN 149.71246 -77.04018 -24.53143 239.51855 -166.20947 -29.23704 NaN NaN NaN 46.98499 -155.10071 5.07275 -40.29343 -193.76224 -83.76895
18492 0.36518 NaN NaN NaN 149.71289 -77.02181 -24.53231 239.51978 -166.19945 -29.25150 NaN NaN NaN 47.11156 -154.97575 4.98692 -40.27911 -193.79630 -83.71353
18493 0.37353 NaN NaN NaN 149.70750 -77.01083 -24.55324 239.53072 -166.18137 -29.27246 NaN NaN NaN 47.16878 -154.87901 4.89586 -40.26960 -193.77547 -83.71388
18494 0.38187 NaN NaN NaN 149.69794 -76.99892 -24.55081 239.51808 -166.16376 -29.29003 NaN NaN NaN 47.18906 -154.77924 4.80310 -40.24929 -193.72154 -83.77035
18495 0.39022 NaN NaN NaN 149.65198 -77.00483 -24.59626 239.49893 -166.14626 -29.29322 NaN NaN NaN 47.19477 -154.69025 4.69523 -40.24645 -193.65335 -83.83589
18496 0.39857 NaN NaN NaN 149.65131 -77.01646 -24.58140 239.48691 -166.12799 -29.30467 NaN NaN NaN 47.19241 -154.64435 4.60935 -40.23077 -193.55128 -83.96735
18497 0.40691 NaN NaN NaN 149.63341 -77.00983 -24.60120 239.49379 -166.10982 -29.30456 NaN NaN NaN 47.15012 -154.60075 4.48173 -40.25741 -193.43459 -84.11196
18498 0.41526 NaN NaN NaN 149.64642 -76.98715 -24.60775 239.49117 -166.09090 -29.31128 NaN NaN NaN 47.11467 -154.56348 4.34897 -40.28974 -193.36378 -84.25504
18499 0.42361 NaN NaN NaN 149.63118 -76.99710 -24.62965 239.49104 -166.05821 -29.33685 NaN NaN NaN 47.08121 -154.46321 4.17737 -40.27512 -193.29883 -84.43356
18500 0.43195 NaN NaN NaN 149.69354 -76.97778 -24.62343 239.50841 -166.05927 -29.33282 NaN NaN NaN 47.05285 -154.33153 4.00770 -40.29634 -193.20007 -84.63574
18501 0.44030 NaN NaN NaN 149.72740 -76.94263 -24.64461 239.51956 -166.05927 -29.34777 NaN NaN NaN 47.04507 -154.18394 3.82803 -40.28845 -193.06734 -84.84572
18502 0.44865 NaN NaN NaN 149.73892 -76.92385 -24.65863 239.53091 -166.06949 -29.35935 NaN NaN NaN 47.02270 -154.09154 3.70836 -40.27598 -192.93034 -85.02095
18503 0.45699 NaN NaN NaN 149.73975 -76.92752 -24.69387 239.54213 -166.06917 -29.37261 NaN NaN NaN 47.01771 -154.03842 3.61739 -40.25178 -192.82028 -85.12738
18504 0.46534 NaN NaN NaN 149.76176 -76.94227 -24.70936 239.55794 -166.06761 -29.37494 NaN NaN NaN 47.03529 -153.93709 3.54102 -40.24820 -192.73602 -85.17401
18505 0.47369 NaN NaN NaN 149.75996 -76.95092 -24.72303 239.59023 -166.06148 -29.39587 NaN NaN NaN 47.06108 -153.84285 3.48230 -40.25433 -192.68152 -85.23260
18506 0.48203 NaN NaN NaN 149.79706 -76.97768 -24.73569 239.60524 -166.06174 -29.41331 NaN NaN NaN 47.08751 -153.73709 3.43682 -40.27503 -192.63799 -85.24330
18507 0.49038 NaN NaN NaN 149.79872 -77.00761 -24.75033 239.64345 -166.06259 -29.42895 NaN NaN NaN 47.11269 -153.63257 3.40096 -40.29522 -192.55566 -85.24091
18508 0.49873 NaN NaN NaN 149.81409 -77.00830 -24.75038 239.68349 -166.06882 -29.43413 NaN NaN NaN 47.12164 -153.55560 3.39562 -40.30825 -192.49101 -85.24030
18509 0.50707 NaN NaN NaN 149.81436 -77.02769 -24.76115 239.71846 -166.06886 -29.45886 NaN NaN NaN 47.12691 -153.48196 3.39577 -40.31576 -192.42000 -85.21659
18510 0.51542 NaN NaN NaN 149.84352 -77.05012 -24.78164 239.74583 -166.07458 -29.48016 NaN NaN NaN 47.12516 -153.45724 3.39907 -40.30515 -192.40225 -85.16694
18511 0.52377 NaN NaN NaN 149.86038 -77.07973 -24.79620 239.76283 -166.09550 -29.51341 NaN NaN NaN 47.13115 -153.39255 3.44347 -40.30726 -192.41057 -85.10559
18512 0.53211 NaN NaN NaN 149.87804 -77.11938 -24.79734 239.76640 -166.10187 -29.50930 NaN NaN NaN 47.15095 -153.30461 3.49557 -40.33059 -192.41379 -85.00973
18513 0.54046 NaN NaN NaN 149.87976 -77.13261 -24.79058 239.78078 -166.12698 -29.52443 NaN NaN NaN 47.16245 -153.21565 3.52157 -40.33343 -192.44508 -84.86462
18514 0.54880 NaN NaN NaN 149.89441 -77.14531 -24.78871 239.78929 -166.14432 -29.51861 NaN NaN NaN 47.16224 -153.20340 3.56293 -40.35837 -192.48813 -84.73170
18515 0.55715 NaN NaN NaN 149.88264 -77.13594 -24.79247 239.77927 -166.14833 -29.51666 NaN NaN NaN 47.13591 -153.22385 3.59686 -40.39615 -192.53793 -84.61454
18516 0.56550 NaN NaN NaN 149.88872 -77.15763 -24.80567 239.77492 -166.14235 -29.51466 NaN NaN NaN 47.10039 -153.28096 3.66091 -40.45679 -192.60187 -84.55068
18517 0.57384 NaN NaN NaN 149.89305 -77.14193 -24.78899 239.77811 -166.13478 -29.52898 NaN NaN NaN 47.05266 -153.32443 3.69832 -40.51927 -192.62943 -84.45205
18518 0.58219 NaN NaN NaN 149.89378 -77.15465 -24.79873 239.78477 -166.12619 -29.51680 NaN NaN NaN 47.02467 -153.36215 3.74512 -40.59647 -192.69350 -84.36728
18519 0.59054 NaN NaN NaN 149.78648 -77.23230 -24.86226 239.78133 -166.12785 -29.53387 NaN NaN NaN 46.98452 -153.39043 3.78397 -40.66802 -192.77611 -84.30326
18520 0.59888 NaN NaN NaN 149.86299 -77.21209 -24.83290 239.79250 -166.12749 -29.54175 NaN NaN NaN 46.91433 -153.43921 3.85210 -40.74321 -192.85933 -84.25139
18521 0.60723 NaN NaN NaN 149.90939 -77.22036 -24.80164 239.81398 -166.16643 -29.56923 NaN NaN NaN 46.84420 -153.50223 3.85986 -40.82608 -192.93045 -84.18363
18522 0.61558 NaN NaN NaN 149.92581 -77.23758 -24.80278 239.84717 -166.19800 -29.56552 NaN NaN NaN 46.78424 -153.55368 3.90569 -40.95795 -192.99199 -84.10767
18523 0.62392 NaN NaN NaN 149.93628 -77.24869 -24.81235 239.83353 -166.22678 -29.61561 NaN NaN NaN 46.73078 -153.61400 3.92529 -41.07147 -193.03003 -84.04771
18524 0.63227 NaN NaN NaN 149.94022 -77.24301 -24.82863 239.84822 -166.21790 -29.58535 NaN NaN NaN 46.68338 -153.65729 3.94813 -41.17257 -193.08080 -83.98604
18525 0.64062 NaN NaN NaN 149.94165 -77.23521 -24.82299 239.83614 -166.22487 -29.61128 NaN NaN NaN 46.64787 -153.71353 3.95451 -41.28066 -193.16814 -83.92477
18526 0.64896 NaN NaN NaN 149.93585 -77.22519 -24.82372 239.81631 -166.21950 -29.55923 NaN NaN NaN 46.57733 -153.75896 4.00485 -41.33175 -193.20609 -83.84568
18527 0.65731 NaN NaN NaN 149.93402 -77.20495 -24.82366 239.80609 -166.21603 -29.55803 NaN NaN NaN 46.50065 -153.82007 4.03671 -41.39973 -193.27727 -83.82950
18528 0.66566 NaN NaN NaN 149.94083 -77.19604 -24.83031 239.80626 -166.20203 -29.54448 NaN NaN NaN 46.45403 -153.87695 4.06933 -41.45055 -193.29204 -83.75034
18529 0.67400 NaN NaN NaN 149.93579 -77.18665 -24.82593 239.77670 -166.19385 -29.52697 NaN NaN NaN 46.41480 -153.94698 4.08038 -41.51712 -193.38710 -83.71536
18530 0.68235 NaN NaN NaN 149.93355 -77.16363 -24.84935 239.77180 -166.17703 -29.53230 NaN NaN NaN 46.40425 -153.97282 4.09200 -41.57794 -193.42400 -83.63731
18531 0.69070 NaN NaN NaN 149.93625 -77.15613 -24.85618 239.77283 -166.18561 -29.55188 NaN NaN NaN 46.37768 -153.99782 4.07462 -41.61314 -193.49481 -83.56493
18532 0.69904 NaN NaN NaN 149.94470 -77.13732 -24.85209 239.78960 -166.17975 -29.54989 NaN NaN NaN 46.37937 -154.03145 4.07509 -41.67619 -193.55124 -83.52490
18533 0.70739 NaN NaN NaN 149.94327 -77.14354 -24.84333 239.78957 -166.18097 -29.56585 NaN NaN NaN 46.36557 -154.05595 4.08411 -41.72100 -193.59001 -83.49168
18534 0.71574 NaN NaN NaN 149.93002 -77.15108 -24.83403 239.79990 -166.15125 -29.54308 NaN NaN NaN 46.36889 -154.07010 4.08211 -41.79580 -193.62427 -83.40369
18535 0.72408 NaN NaN NaN 149.92923 -77.14871 -24.80527 239.78928 -166.15761 -29.54015 NaN NaN NaN 46.36913 -154.05566 4.07102 -41.88623 -193.69312 -83.32858
18536 0.73243 NaN NaN NaN 149.95728 -77.13818 -24.80368 239.80634 -166.14827 -29.51746 NaN NaN NaN 46.35909 -154.06912 4.07640 -41.92324 -193.76256 -83.28180
18537 0.74078 NaN NaN NaN 149.96402 -77.11376 -24.79402 239.82335 -166.15221 -29.49262 NaN NaN NaN 46.34114 -154.09644 4.08834 -41.96698 -193.83632 -83.23425
18538 0.74912 NaN NaN NaN 149.96449 -77.10634 -24.80866 239.83214 -166.13907 -29.47834 NaN NaN NaN 46.33019 -154.12500 4.12458 -41.99488 -193.88672 -83.18195
18539 0.75747 NaN NaN NaN 149.97382 -77.09182 -24.80563 239.83888 -166.15421 -29.46260 NaN NaN NaN 46.30041 -154.16960 4.12416 -42.02914 -193.94951 -83.15445
18540 0.76582 NaN NaN NaN 149.97868 -77.11073 -24.78795 239.86055 -166.17503 -29.41794 NaN NaN NaN 46.27596 -154.20132 4.12941 -42.06937 -193.97285 -83.14454
18541 0.77416 NaN NaN NaN 149.98308 -77.12464 -24.76094 239.89793 -166.18111 -29.40392 NaN NaN NaN 46.24675 -154.22675 4.11561 -42.08755 -194.00536 -83.14069
18542 0.78251 NaN NaN NaN 149.98758 -77.11472 -24.73853 239.91431 -166.17517 -29.39601 NaN NaN NaN 46.23417 -154.23531 4.10514 -42.11941 -194.02861 -83.13020
18543 0.79086 NaN NaN NaN 150.00424 -77.12488 -24.72010 239.91197 -166.15080 -29.39649 NaN NaN NaN 46.19693 -154.24118 4.09890 -42.14919 -194.03500 -83.15728
18544 0.79920 NaN NaN NaN 150.02670 -77.11979 -24.69685 239.92679 -166.13503 -29.38782 NaN NaN NaN 46.13797 -154.27747 4.07737 -42.16971 -194.04199 -83.19521
18545 0.80755 NaN NaN NaN 150.03365 -77.11232 -24.69304 239.93970 -166.10484 -29.38837 NaN NaN NaN 46.11740 -154.32124 4.06388 -42.19385 -194.02946 -83.21916
18546 0.81589 NaN NaN NaN 150.05066 -77.10133 -24.68055 239.97627 -166.10092 -29.35013 NaN NaN NaN 46.11558 -154.33365 4.05280 -42.18624 -194.03687 -83.21748
18547 0.82424 NaN NaN NaN 150.05664 -77.07381 -24.66442 239.98537 -166.09608 -29.35748 NaN NaN NaN 46.12234 -154.35757 4.04941 -42.21419 -194.05368 -83.20690
18548 0.83259 NaN NaN NaN 150.06416 -77.04382 -24.68208 240.00781 -166.07640 -29.33989 NaN NaN NaN 46.13357 -154.34521 4.04529 -42.19790 -194.05565 -83.21042
18549 0.84093 NaN NaN NaN 150.07655 -77.01332 -24.69505 239.99945 -166.04214 -29.31804 NaN NaN NaN 46.12216 -154.36523 4.05025 -42.21461 -194.05391 -83.20210
18550 0.84928 NaN NaN NaN 150.06918 -77.00467 -24.69156 240.01277 -166.02170 -29.29399 NaN NaN NaN 46.13763 -154.36511 4.05987 -42.19292 -194.05653 -83.19917
18551 0.85763 NaN NaN NaN 150.09492 -76.97262 -24.67747 240.01465 -166.01411 -29.28832 NaN NaN NaN 46.13958 -154.36140 4.07319 -42.18296 -194.04951 -83.18053
18552 0.86597 NaN NaN NaN 150.09813 -76.94997 -24.67521 240.02237 -166.01390 -29.25499 NaN NaN NaN 46.14063 -154.34100 4.06215 -42.19492 -194.05644 -83.14760
18553 0.87432 NaN NaN NaN 150.10532 -76.93574 -24.67312 240.03841 -165.98389 -29.22455 NaN NaN NaN 46.13837 -154.32762 4.11060 -42.21557 -194.07811 -83.11602
18554 0.88267 NaN NaN NaN 150.10083 -76.92480 -24.67911 240.04726 -165.94302 -29.18855 NaN NaN NaN 46.13751 -154.34122 4.15537 -42.22035 -194.08121 -83.10482
18555 0.89101 NaN NaN NaN 150.09470 -76.93571 -24.65988 240.05797 -165.91907 -29.17933 NaN NaN NaN 46.12231 -154.34990 4.17054 -42.25153 -194.06337 -83.07695
18556 0.89936 NaN NaN NaN 150.05185 -76.97645 -24.64956 240.08499 -165.91382 -29.16473 NaN NaN NaN 46.10976 -154.34807 4.17393 -42.27926 -194.05893 -83.07818
18557 0.90771 NaN NaN NaN 150.12167 -76.95826 -24.61951 240.09839 -165.92905 -29.15637 NaN NaN NaN 46.09522 -154.33656 4.17338 -42.32692 -194.04555 -83.01781
18558 0.91605 NaN NaN NaN 150.09674 -77.02527 -24.59166 240.11263 -165.93521 -29.14169 NaN NaN NaN 46.07656 -154.27782 4.15673 -42.38794 -194.07187 -82.93880
18559 0.92440 NaN NaN NaN 150.15027 -76.98505 -24.57579 240.13081 -165.93912 -29.14077 NaN NaN NaN 46.06050 -154.24020 4.15313 -42.42041 -194.09845 -82.88957
18560 0.93275 NaN NaN NaN 150.18156 -76.98056 -24.55783 240.14943 -165.94147 -29.14905 NaN NaN NaN 46.02370 -154.22244 4.16109 -42.45258 -194.09926 -82.88754
18561 0.94109 NaN NaN NaN 150.19109 -76.96590 -24.55665 240.16486 -165.91957 -29.15372 NaN NaN NaN 45.97680 -154.23436 4.18638 -42.47911 -194.09709 -82.88419
18562 0.94944 NaN NaN NaN 150.17862 -76.97060 -24.54762 240.17058 -165.92204 -29.15184 NaN NaN NaN 45.94117 -154.23624 4.18778 -42.52618 -194.09894 -82.86549
18563 0.95779 NaN NaN NaN 150.18428 -76.98125 -24.52374 240.18419 -165.91658 -29.14384 NaN NaN NaN 45.90892 -154.23747 4.18941 -42.57225 -194.09558 -82.85545
18564 0.96613 NaN NaN NaN 150.18143 -77.02607 -24.48210 240.20792 -165.90982 -29.14292 NaN NaN NaN 45.86562 -154.21881 4.19159 -42.60958 -194.10152 -82.83096
18565 0.97448 NaN NaN NaN 150.18753 -77.02314 -24.46660 240.22441 -165.88609 -29.14229 NaN NaN NaN 45.82913 -154.20338 4.19811 -42.65311 -194.11237 -82.83241
18566 0.98283 NaN NaN NaN 150.17621 -77.03497 -24.41473 240.26062 -165.89868 -29.13354 NaN NaN NaN 45.79749 -154.20097 4.19845 -42.69200 -194.08679 -82.83533
18567 0.99117 NaN NaN NaN 150.19473 -77.00142 -24.40847 240.27045 -165.89168 -29.12235 NaN NaN NaN 45.75982 -154.17729 4.19369 -42.76484 -194.06676 -82.82809
18568 0.99952 NaN NaN NaN 150.17969 -77.08031 -24.36957 240.27979 -165.86455 -29.10880 NaN NaN NaN 45.76424 -154.16577 4.18065 -42.80852 -194.03986 -82.80888
18569 1.00787 NaN NaN NaN 150.22087 -77.04716 -24.39117 240.31570 -165.84903 -29.13820 NaN NaN NaN 45.73592 -154.15015 4.16770 -42.85183 -194.04753 -82.78870
18570 1.01621 NaN NaN NaN 150.20174 -77.11661 -24.36452 240.34459 -165.84700 -29.11747 NaN NaN NaN 45.75041 -154.14046 4.15291 -42.90249 -194.07233 -82.75691
18571 1.02456 NaN NaN NaN 150.19722 -77.14133 -24.33313 240.37103 -165.82547 -29.11234 NaN NaN NaN 45.75317 -154.13593 4.13675 -42.93177 -194.10657 -82.70948
18572 1.03291 NaN NaN NaN 150.16214 -77.22800 -24.30692 240.39319 -165.80472 -29.09980 NaN NaN NaN 45.78415 -154.08563 4.10349 -42.94803 -194.13580 -82.66676
18573 1.04125 NaN NaN NaN 150.20094 -77.16771 -24.27970 240.40288 -165.78833 -29.10513 NaN NaN NaN 45.81756 -154.05409 4.05557 -42.93850 -194.15154 -82.63669
18574 1.04960 NaN NaN NaN 150.24899 -77.13197 -24.26006 240.44391 -165.79402 -29.10198 NaN NaN NaN 45.86835 -153.99123 3.98555 -42.91979 -194.16193 -82.61959
18575 1.05794 NaN NaN NaN 150.27238 -77.12144 -24.26705 240.45872 -165.78946 -29.10734 NaN NaN NaN 45.94470 -153.94058 3.92780 -42.90139 -194.19794 -82.60224
18576 1.06629 NaN NaN NaN 150.27982 -77.11855 -24.25501 240.48103 -165.79341 -29.07925 NaN NaN NaN 46.05824 -153.88155 3.85773 -42.86150 -194.26698 -82.54185
18577 1.07464 NaN NaN NaN 150.27396 -77.12933 -24.23989 240.49106 -165.78766 -29.08533 NaN NaN NaN 46.21547 -153.85970 3.81724 -42.82282 -194.33316 -82.50474
18578 1.08298 NaN NaN NaN 150.31929 -77.02990 -24.28709 240.49878 -165.78215 -29.08306 NaN NaN NaN 46.34463 -153.86787 3.78348 -42.77021 -194.38968 -82.45810
18579 1.09133 NaN NaN NaN 150.30302 -77.04913 -24.23220 240.48544 -165.76891 -29.09279 NaN NaN NaN 46.44273 -153.87633 3.73963 -42.69258 -194.45859 -82.43101
18580 1.09968 NaN NaN NaN 150.27805 -77.07698 -24.22344 240.49272 -165.77594 -29.07215 NaN NaN NaN 46.56203 -153.87491 3.71745 -42.59122 -194.50668 -82.39986
18581 1.10802 NaN NaN NaN 150.29436 -76.98864 -24.25019 240.47319 -165.76489 -29.08560 NaN NaN NaN 46.71367 -153.87508 3.66711 -42.47024 -194.54254 -82.34937
18582 1.11637 NaN NaN NaN 150.26947 -77.03746 -24.23623 240.47968 -165.75684 -29.04529 NaN NaN NaN 46.90803 -153.86824 3.61374 -42.35664 -194.58003 -82.33052
18583 1.12472 NaN NaN NaN 150.28149 -76.97131 -24.26105 240.44803 -165.73801 -29.07871 NaN NaN NaN 47.17184 -153.77550 3.56233 -42.20860 -194.63786 -82.22224
18584 1.13306 NaN NaN NaN 150.25130 -77.05227 -24.25312 240.44669 -165.74503 -29.07110 NaN NaN NaN 47.41550 -153.72005 3.45542 -42.01788 -194.69730 -82.14515
18585 1.14141 NaN NaN NaN 150.26622 -76.99219 -24.27741 240.42741 -165.73724 -29.09139 NaN NaN NaN 47.66228 -153.63911 3.33628 -41.86571 -194.73924 -82.10060
18586 1.14976 NaN NaN NaN 150.23056 -77.06678 -24.24565 240.42726 -165.75166 -29.09807 NaN NaN NaN 47.91752 -153.56273 3.17250 -41.71113 -194.76202 -82.09690
18587 1.15810 NaN NaN NaN 150.20354 -77.11815 -24.23740 240.42873 -165.76276 -29.12740 NaN NaN NaN 48.16723 -153.47728 3.07835 -41.58468 -194.80443 -82.06458
18588 1.16645 NaN NaN NaN 150.24265 -77.05499 -24.30558 240.43906 -165.78145 -29.17368 NaN NaN NaN 48.42816 -153.39674 2.94981 -41.44526 -194.85803 -81.92914
18589 1.17480 NaN NaN NaN 150.21597 -77.14085 -24.28923 240.43738 -165.81844 -29.22486 NaN NaN NaN 48.68497 -153.27882 2.85089 -41.31529 -194.92726 -81.79875
18590 1.18314 NaN NaN NaN 150.23907 -77.10333 -24.34425 240.43875 -165.84746 -29.25379 NaN NaN NaN 48.93128 -153.18727 2.76358 -41.22812 -195.01796 -81.65346
18591 1.19149 NaN NaN NaN 150.19734 -77.12148 -24.36294 240.42186 -165.84131 -29.29620 NaN NaN NaN 49.14247 -153.09698 2.73441 -41.15056 -195.11716 -81.41636
18592 1.19984 NaN NaN NaN 150.22318 -77.09501 -24.38035 240.39186 -165.85991 -29.32200 NaN NaN NaN 49.37432 -153.00591 2.74931 -41.07303 -195.21513 -81.20689
18593 1.20818 NaN NaN NaN 150.20779 -77.06946 -24.40131 240.36481 -165.86646 -29.34266 NaN NaN NaN 49.55888 -152.93135 2.72138 -41.02550 -195.34073 -80.96567
18594 1.21653 NaN NaN NaN 150.19269 -77.07492 -24.41407 240.36037 -165.88788 -29.34094 NaN NaN NaN 49.73893 -152.89452 2.72241 -40.98130 -195.45883 -80.73168
18595 1.22488 NaN NaN NaN 150.18713 -77.07651 -24.43606 240.33038 -165.93344 -29.35843 NaN NaN NaN 49.84970 -152.85059 2.69481 -40.94096 -195.55269 -80.53516
18596 1.23322 NaN NaN NaN 150.19133 -77.13685 -24.43736 240.30751 -165.98535 -29.37577 NaN NaN NaN 49.93786 -152.78647 2.69042 -40.92782 -195.64349 -80.39072
18597 1.24157 NaN NaN NaN 150.16362 -77.19738 -24.43754 240.28807 -166.04111 -29.39453 NaN NaN NaN 50.02657 -152.76404 2.66017 -40.93858 -195.73715 -80.27802
18598 1.24992 NaN NaN NaN 150.15662 -77.25481 -24.44087 240.29330 -166.09933 -29.41746 NaN NaN NaN 50.10350 -152.74136 2.63489 -40.97760 -195.82178 -80.15726
18599 1.25826 NaN NaN NaN 150.15100 -77.34863 -24.43201 240.29181 -166.11923 -29.44465 NaN NaN NaN 50.21269 -152.71671 2.57775 -41.00054 -195.92323 -80.01294
18600 1.26661 NaN NaN NaN 150.15785 -77.40897 -24.43217 240.28999 -166.16508 -29.48374 NaN NaN NaN 50.30525 -152.65140 2.53600 -40.98284 -195.98802 -79.89398
18601 1.27496 NaN NaN NaN 150.10619 -77.50742 -24.45286 240.28065 -166.21509 -29.53494 NaN NaN NaN 50.37380 -152.60262 2.50020 -41.00312 -196.03029 -79.77348
18602 1.28330 NaN NaN NaN 150.13080 -77.52165 -24.45749 240.24763 -166.28754 -29.56612 NaN NaN NaN 50.43442 -152.56107 2.47653 -41.01357 -196.05400 -79.61375
18603 1.29165 NaN NaN NaN 150.11855 -77.54327 -24.44947 240.23116 -166.30696 -29.63447 NaN NaN NaN 50.51395 -152.53517 2.46612 -41.02592 -196.08313 -79.49847
18604 1.30000 NaN NaN NaN 150.12390 -77.56771 -24.44047 240.23096 -166.35280 -29.61550 NaN NaN NaN 50.60712 -152.47411 2.46315 -41.00412 -196.11482 -79.34779
18605 1.30834 NaN NaN NaN 150.10468 -77.57326 -24.44984 240.20677 -166.36621 -29.66317 NaN NaN NaN 50.73359 -152.42117 2.46007 -40.99519 -196.15068 -79.23566
18606 1.31669 NaN NaN NaN 150.08830 -77.61081 -24.45612 240.22191 -166.36000 -29.61715 NaN NaN NaN 50.79619 -152.35010 2.45497 -40.95839 -196.19101 -79.14214
18607 1.32503 NaN NaN NaN 150.05998 -77.60463 -24.45807 240.21411 -166.34851 -29.66094 NaN NaN NaN 50.85678 -152.25996 2.49238 -40.94356 -196.20123 -79.00101
18608 1.33338 NaN NaN NaN 150.08638 -77.59937 -24.45498 240.24274 -166.34181 -29.60986 NaN NaN NaN 50.91680 -152.21613 2.50673 -40.91153 -196.19804 -78.87730
18609 1.34173 NaN NaN NaN 150.10451 -77.56329 -24.45942 240.23788 -166.33302 -29.64619 NaN NaN NaN 50.99700 -152.13445 2.53631 -40.90981 -196.19395 -78.77822
18610 1.35007 NaN NaN NaN 150.12839 -77.55865 -24.42761 240.26483 -166.34448 -29.60376 NaN NaN NaN 51.06020 -152.08940 2.56788 -40.88290 -196.20139 -78.68855
18611 1.35842 NaN NaN NaN 150.14008 -77.55660 -24.41666 240.28233 -166.32930 -29.61244 NaN NaN NaN 51.11512 -152.05023 2.61007 -40.86096 -196.21704 -78.55976
18612 1.36677 NaN NaN NaN 150.13921 -77.60109 -24.37767 240.30087 -166.31886 -29.57960 NaN NaN NaN 51.15594 -151.99048 2.64391 -40.82814 -196.26216 -78.43563
18613 1.37511 NaN NaN NaN 150.10791 -77.65071 -24.36610 240.30159 -166.32677 -29.58167 NaN NaN NaN 51.21246 -151.94801 2.65443 -40.83973 -196.29942 -78.33477
18614 1.38346 NaN NaN NaN 150.11296 -77.68138 -24.35753 240.31056 -166.31964 -29.57912 NaN NaN NaN 51.28534 -151.91795 2.68732 -40.80782 -196.33154 -78.25252
18615 1.39181 NaN NaN NaN 150.10788 -77.67233 -24.37088 240.29745 -166.30101 -29.62531 NaN NaN NaN 51.33406 -151.89182 2.70710 -40.78785 -196.36345 -78.15844
18616 1.40015 NaN NaN NaN 150.13538 -77.64434 -24.36997 240.30634 -166.28854 -29.61161 NaN NaN NaN 51.35838 -151.85054 2.72862 -40.78900 -196.36935 -78.05932
18617 1.40850 NaN NaN NaN 150.16652 -77.60934 -24.39284 240.29288 -166.30965 -29.65091 NaN NaN NaN 51.40906 -151.81795 2.75097 -40.77282 -196.38867 -77.96029
18618 1.41685 NaN NaN NaN 150.15210 -77.59324 -24.41936 240.30290 -166.31638 -29.62551 NaN NaN NaN 51.45109 -151.78452 2.77677 -40.77773 -196.40425 -77.87182
18619 1.42519 NaN NaN NaN 150.10306 -77.60700 -24.45210 240.30124 -166.33685 -29.72546 NaN NaN NaN 51.50011 -151.76126 2.76776 -40.77345 -196.41331 -77.79554
18620 1.43354 NaN NaN NaN 150.09335 -77.64557 -24.44506 240.31837 -166.32991 -29.72504 NaN NaN NaN 51.54405 -151.74239 2.79473 -40.77386 -196.40985 -77.75639
18621 1.44189 NaN NaN NaN 150.07014 -77.67671 -24.45064 240.31729 -166.33939 -29.79218 NaN NaN NaN 51.59324 -151.75179 2.80432 -40.76286 -196.40689 -77.73666
18622 1.45023 NaN NaN NaN 150.05679 -77.70603 -24.47274 240.32378 -166.33363 -29.83175 NaN NaN NaN 51.61174 -151.74577 2.83525 -40.76660 -196.39728 -77.69222
18623 1.45858 NaN NaN NaN 150.05142 -77.72535 -24.49016 240.31219 -166.34979 -29.84725 NaN NaN NaN 51.64799 -151.73959 2.84167 -40.74557 -196.40836 -77.62975
18624 1.46693 NaN NaN NaN 150.05139 -77.72662 -24.49444 240.32381 -166.34755 -29.85567 NaN NaN NaN 51.68891 -151.70503 2.83769 -40.71648 -196.39478 -77.50256
18625 1.47527 NaN NaN NaN 150.09003 -77.70834 -24.52180 240.32831 -166.36223 -29.85895 NaN NaN NaN 51.73635 -151.65518 2.88548 -40.69657 -196.42334 -77.37836
18626 1.48362 NaN NaN NaN 150.09410 -77.69199 -24.52999 240.33057 -166.36247 -29.86139 NaN NaN NaN 51.78080 -151.60075 2.91640 -40.67392 -196.46893 -77.26307
18627 1.49197 NaN NaN NaN 150.08231 -77.67910 -24.53983 240.32199 -166.37456 -29.86757 NaN NaN NaN 51.79362 -151.57544 2.94844 -40.66767 -196.46471 -77.19754
18628 1.50031 NaN NaN NaN 150.07385 -77.68023 -24.54555 240.32558 -166.37222 -29.86224 NaN NaN NaN 51.85069 -151.54587 3.00071 -40.67595 -196.45789 -77.12299
18629 1.50866 NaN NaN NaN 150.06709 -77.67077 -24.55168 240.31725 -166.36691 -29.86210 NaN NaN NaN 51.92839 -151.53693 3.07710 -40.68456 -196.46817 -77.03403
18630 1.51701 NaN NaN NaN 150.06871 -77.68008 -24.54845 240.30789 -166.37137 -29.85175 NaN NaN NaN 51.97195 -151.49126 3.13354 -40.70311 -196.52837 -76.91488
18631 1.52535 NaN NaN NaN 150.05672 -77.67119 -24.54452 240.29277 -166.35930 -29.84546 NaN NaN NaN 51.99406 -151.45673 3.16758 -40.71629 -196.58116 -76.76252
18632 1.53370 NaN NaN NaN 149.98886 -77.73934 -24.54632 240.28409 -166.37199 -29.84914 NaN NaN NaN 52.00734 -151.41776 3.21884 -40.70045 -196.61501 -76.58953
18633 1.54205 NaN NaN NaN 149.95772 -77.77988 -24.54336 240.26901 -166.37177 -29.85649 NaN NaN NaN 52.01230 -151.39047 3.25216 -40.69386 -196.63010 -76.43077
18634 1.55039 NaN NaN NaN 150.00500 -77.74595 -24.53978 240.26581 -166.36205 -29.84845 NaN NaN NaN 52.02535 -151.33316 3.27822 -40.70028 -196.62956 -76.32362
18635 1.55874 NaN NaN NaN 149.95653 -77.75930 -24.54313 240.25735 -166.38437 -29.83838 NaN NaN NaN 52.05268 -151.28548 3.27982 -40.72896 -196.60094 -76.26700
18636 1.56708 NaN NaN NaN 149.98477 -77.73669 -24.52651 240.26001 -166.39810 -29.84712 NaN NaN NaN 52.03940 -151.21709 3.25279 -40.71440 -196.55853 -76.30448
18637 1.57543 NaN NaN NaN 150.00108 -77.76074 -24.53195 240.27420 -166.41603 -29.86675 NaN NaN NaN 52.02061 -151.14827 3.16585 -40.72679 -196.50540 -76.39732
18638 1.58378 NaN NaN NaN 149.99899 -77.80208 -24.51023 240.27306 -166.43825 -29.87605 NaN NaN NaN 52.01252 -151.07262 3.10301 -40.73146 -196.43884 -76.52634
18639 1.59212 NaN NaN NaN 149.99248 -77.86745 -24.50858 240.28645 -166.46812 -29.89456 NaN NaN NaN 51.98895 -150.99205 3.02219 -40.74009 -196.33865 -76.66570
18640 1.60047 NaN NaN NaN 149.92026 -78.03522 -24.44369 240.30334 -166.49910 -29.93082 NaN NaN NaN 51.95220 -150.87753 2.90927 -40.76861 -196.22792 -76.80836
18641 1.60882 NaN NaN NaN 149.85974 -78.14719 -24.41965 240.31194 -166.52957 -29.98585 NaN NaN NaN 51.91519 -150.76756 2.76119 -40.80934 -196.12369 -76.96329
18642 1.61716 NaN NaN NaN 149.86543 -78.22691 -24.44404 240.31392 -166.56075 -30.03487 NaN NaN NaN 51.86790 -150.64581 2.68510 -40.84673 -196.02498 -77.00896
18643 1.62551 NaN NaN NaN 149.90460 -78.20627 -24.46149 240.32225 -166.57745 -30.06281 NaN NaN NaN 51.83561 -150.52466 2.60552 -40.89366 -195.96024 -77.03581
18644 1.63386 NaN NaN NaN 149.88147 -78.21363 -24.47620 240.31937 -166.56522 -30.09460 NaN NaN NaN 51.82160 -150.44307 2.59176 -40.91480 -195.92743 -76.99272
18645 1.64220 NaN NaN NaN 149.88368 -78.20837 -24.50303 240.30684 -166.56308 -30.10062 NaN NaN NaN 51.80052 -150.37660 2.59360 -40.96292 -195.90431 -76.98253
18646 1.65055 NaN NaN NaN 149.92871 -78.16587 -24.50567 240.31377 -166.55872 -30.11243 NaN NaN NaN 51.77778 -150.33165 2.62495 -40.97178 -195.91101 -76.90444
18647 1.65890 NaN NaN NaN 149.93622 -78.13047 -24.51691 240.31192 -166.57047 -30.11397 NaN NaN NaN 51.74098 -150.31453 2.68153 -41.02195 -195.93762 -76.80965
18648 1.66724 NaN NaN NaN 149.88199 -78.17346 -24.50859 240.31020 -166.57037 -30.10814 NaN NaN NaN 51.70107 -150.33212 2.73048 -41.08448 -195.96306 -76.76091
18649 1.67559 NaN NaN NaN 149.90776 -78.14947 -24.51971 240.30931 -166.57713 -30.10031 NaN NaN NaN 51.64619 -150.36369 2.80467 -41.13810 -195.96086 -76.71359
18650 1.68394 NaN NaN NaN 149.92192 -78.14986 -24.52631 240.31554 -166.58720 -30.09824 NaN NaN NaN 51.57781 -150.40034 2.83297 -41.15987 -195.96519 -76.68565
18651 1.69228 NaN NaN NaN 149.92854 -78.14561 -24.53343 240.31012 -166.58173 -30.10832 NaN NaN NaN 51.53782 -150.42502 2.84426 -41.21259 -195.98308 -76.67713
18652 1.70063 NaN NaN NaN 149.91428 -78.13235 -24.53380 240.30875 -166.58798 -30.10790 NaN NaN NaN 51.51759 -150.45981 2.84189 -41.24404 -196.01134 -76.69744
18653 1.70898 NaN NaN NaN 149.91193 -78.13519 -24.53854 240.32076 -166.58476 -30.11758 NaN NaN NaN 51.48782 -150.50443 2.84587 -41.26968 -196.06439 -76.70354
18654 1.71732 NaN NaN NaN 149.91464 -78.15321 -24.54934 240.31053 -166.59677 -30.11825 NaN NaN NaN 51.47462 -150.53566 2.83600 -41.28767 -196.10141 -76.71228
18655 1.72567 NaN NaN NaN 149.90935 -78.17703 -24.55000 240.32024 -166.59647 -30.11933 NaN NaN NaN 51.46479 -150.59055 2.84584 -41.31061 -196.15053 -76.71543
18656 1.73402 NaN NaN NaN 149.93971 -78.20261 -24.54583 240.33273 -166.60736 -30.13016 NaN NaN NaN 51.47459 -150.60335 2.84433 -41.31692 -196.17540 -76.71095
18657 1.74236 NaN NaN NaN 149.92262 -78.20609 -24.55618 240.32875 -166.59961 -30.12749 NaN NaN NaN 51.46639 -150.61302 2.80169 -41.33099 -196.20226 -76.69702
18658 1.75071 NaN NaN NaN 149.91261 -78.20485 -24.58025 240.32474 -166.61592 -30.13220 NaN NaN NaN 51.47512 -150.62872 2.78190 -41.34267 -196.22099 -76.66322
18659 1.75906 NaN NaN NaN 149.90903 -78.19719 -24.60642 240.31656 -166.62428 -30.13502 NaN NaN NaN 51.49185 -150.63217 2.76833 -41.34212 -196.26724 -76.61935
18660 1.76740 NaN NaN NaN 149.91859 -78.21678 -24.62255 240.31407 -166.61082 -30.14823 NaN NaN NaN 51.48802 -150.63557 2.76844 -41.35119 -196.29449 -76.54963
18661 1.77575 NaN NaN NaN 149.92062 -78.21070 -24.62027 240.32251 -166.60191 -30.15094 NaN NaN NaN 51.49387 -150.64511 2.77458 -41.35646 -196.31073 -76.50253
18662 1.78410 NaN NaN NaN 149.91669 -78.21686 -24.61855 240.31841 -166.62218 -30.13837 NaN NaN NaN 51.50907 -150.65727 2.78754 -41.35805 -196.35356 -76.46010
18663 1.79244 NaN NaN NaN 149.91977 -78.22095 -24.61610 240.30901 -166.61975 -30.13769 NaN NaN NaN 51.50416 -150.67535 2.82529 -41.39742 -196.38876 -76.41287
18664 1.80079 NaN NaN NaN 149.90884 -78.22160 -24.62728 240.29936 -166.62762 -30.13259 NaN NaN NaN 51.50466 -150.68785 2.82944 -41.40958 -196.40463 -76.36475
18665 1.80914 NaN NaN NaN 149.91100 -78.21381 -24.62849 240.31335 -166.64548 -30.11825 NaN NaN NaN 51.48925 -150.69109 2.84655 -41.42742 -196.41682 -76.31528
18666 1.81748 NaN NaN NaN 149.90730 -78.21397 -24.63135 240.30565 -166.65639 -30.10628 NaN NaN NaN 51.50512 -150.71735 2.86153 -41.43481 -196.44286 -76.29229
18667 1.82583 NaN NaN NaN 149.92490 -78.21984 -24.62459 240.30791 -166.64812 -30.11040 NaN NaN NaN 51.49264 -150.73769 2.87678 -41.45469 -196.45297 -76.26270
18668 1.83417 NaN NaN NaN 149.91638 -78.22623 -24.61938 240.29726 -166.66417 -30.10678 NaN NaN NaN 51.48632 -150.74831 2.87963 -41.45413 -196.48215 -76.24030
18669 1.84252 NaN NaN NaN 149.90219 -78.22110 -24.61196 240.29262 -166.66628 -30.10300 NaN NaN NaN 51.46245 -150.73540 2.87424 -41.47136 -196.49690 -76.21752
18670 1.85087 NaN NaN NaN 149.91406 -78.22050 -24.61651 240.28687 -166.66422 -30.10322 NaN NaN NaN 51.46822 -150.75674 2.86899 -41.47592 -196.52362 -76.20367
18671 1.85921 NaN NaN NaN 149.91078 -78.23199 -24.62465 240.28844 -166.67340 -30.10984 NaN NaN NaN 51.46679 -150.75803 2.86315 -41.48206 -196.55446 -76.17958
18672 1.86756 NaN NaN NaN 149.89729 -78.23832 -24.62043 240.27664 -166.66493 -30.11600 NaN NaN NaN 51.45930 -150.75989 2.85412 -41.50845 -196.56680 -76.15486
18673 1.87591 NaN NaN NaN 149.89386 -78.25714 -24.60898 240.27707 -166.66754 -30.12066 NaN NaN NaN 51.44768 -150.76886 2.86109 -41.54493 -196.59178 -76.15191
18674 1.88425 NaN NaN NaN 149.89893 -78.24957 -24.62016 240.26846 -166.66168 -30.12312 NaN NaN NaN 51.44452 -150.77748 2.83924 -41.55239 -196.58319 -76.16293
18675 1.89260 NaN NaN NaN 149.90236 -78.23654 -24.61944 240.25893 -166.65465 -30.12332 NaN NaN NaN 51.43132 -150.75548 2.79255 -41.56614 -196.57556 -76.17267
18676 1.90095 NaN NaN NaN 149.92140 -78.22095 -24.63392 240.26936 -166.68912 -30.13239 NaN NaN NaN 51.45143 -150.77170 2.75754 -41.57499 -196.59189 -76.20449
18677 1.90929 NaN NaN NaN 149.92305 -78.21552 -24.64119 240.28613 -166.68948 -30.13523 NaN NaN NaN 51.42906 -150.74130 2.74106 -41.58533 -196.59618 -76.24281
18678 1.91764 NaN NaN NaN 149.91908 -78.24454 -24.64504 240.27367 -166.70511 -30.12842 NaN NaN NaN 51.41318 -150.74535 2.72049 -41.60213 -196.58032 -76.28366
18679 1.92599 NaN NaN NaN 149.93550 -78.25368 -24.64811 240.28352 -166.72276 -30.13444 NaN NaN NaN 51.38958 -150.74693 2.69402 -41.60984 -196.56639 -76.34278
18680 1.93433 NaN NaN NaN 149.93813 -78.27758 -24.64767 240.27496 -166.71637 -30.13700 NaN NaN NaN 51.35336 -150.73441 2.64962 -41.62649 -196.54089 -76.44376
18681 1.94268 NaN NaN NaN 149.93808 -78.27749 -24.64382 240.30234 -166.71776 -30.13713 NaN NaN NaN 51.31741 -150.73090 2.61767 -41.66434 -196.49899 -76.57391
18682 1.95103 NaN NaN NaN 149.94820 -78.27579 -24.66027 240.30139 -166.70552 -30.14530 NaN NaN NaN 51.30076 -150.73624 2.58953 -41.70737 -196.46411 -76.66171
18683 1.95937 NaN NaN NaN 149.94839 -78.27081 -24.67495 240.32135 -166.71797 -30.15107 NaN NaN NaN 51.25961 -150.70596 2.54479 -41.73127 -196.42487 -76.73331
18684 1.96772 NaN NaN NaN 149.95219 -78.27209 -24.68959 240.31354 -166.71693 -30.15904 NaN NaN NaN 51.24214 -150.67241 2.49200 -41.74270 -196.39432 -76.79967
18685 1.97607 NaN NaN NaN 149.94197 -78.26665 -24.69980 240.30846 -166.71219 -30.16961 NaN NaN NaN 51.21629 -150.63002 2.42789 -41.74384 -196.36276 -76.82819
