Frame# Time LH1 LH2 LH3 RH1 RH2 RH3
X54 Y54 Z54 X55 Y55 Z55 X56 Y56 Z56 X57 Y57 Z57 X58 Y58 Z58 X59 Y59 Z59
29398 0.00018 NaN NaN NaN 201.71794 -100.84872 6.65268 294.27322 -166.66940 -49.24546 NaN NaN NaN 87.84576 -109.49224 -13.63178 5.67417 -189.43904 -76.05264
29399 0.00852 NaN NaN NaN 201.72464 -100.83986 6.61765 294.26340 -166.71945 -49.23085 NaN NaN NaN 87.84082 -109.51214 -13.62904 5.66289 -189.43513 -76.05289
29400 0.01687 NaN NaN NaN 201.72188 -100.81140 6.57781 294.23807 -166.76746 -49.20084 NaN NaN NaN 87.84911 -109.50342 -13.63756 5.63807 -189.45778 -76.09314
29401 0.02522 NaN NaN NaN 201.71739 -100.82954 6.61593 294.23819 -166.81999 -49.19318 NaN NaN NaN 87.82579 -109.49630 -13.64522 5.62141 -189.44691 -76.09619
29402 0.03356 NaN NaN NaN 201.69176 -100.84041 6.59804 294.25275 -166.74643 -49.22856 NaN NaN NaN 87.81380 -109.53037 -13.64988 5.61511 -189.45972 -76.13079
29403 0.04191 NaN NaN NaN 201.69290 -100.86035 6.60333 294.25055 -166.76575 -49.21308 NaN NaN NaN 87.79443 -109.56206 -13.65202 5.61140 -189.46786 -76.14127
29404 0.05026 NaN NaN NaN 201.68768 -100.88795 6.63086 294.26013 -166.68387 -49.25652 NaN NaN NaN 87.80259 -109.56454 -13.65341 5.60828 -189.48260 -76.12455
29405 0.05860 NaN NaN NaN 201.67323 -100.88523 6.59667 294.23993 -166.74182 -49.22956 NaN NaN NaN 87.81235 -109.58746 -13.66029 5.59600 -189.47675 -76.12264
29406 0.06695 NaN NaN NaN 201.66447 -100.89335 6.58933 294.25079 -166.68192 -49.25594 NaN NaN NaN 87.80196 -109.57861 -13.67661 5.58792 -189.49261 -76.13867
29407 0.07530 NaN NaN NaN 201.66212 -100.90974 6.56351 294.22504 -166.76601 -49.21963 NaN NaN NaN 87.80209 -109.57684 -13.67919 5.57615 -189.50778 -76.13406
29408 0.08364 NaN NaN NaN 201.66310 -100.89679 6.56880 294.22794 -166.72989 -49.25219 NaN NaN NaN 87.80392 -109.57474 -13.67471 5.57433 -189.50883 -76.11661
29409 0.09199 NaN NaN NaN 201.65297 -100.91736 6.55830 294.21710 -166.77882 -49.23663 NaN NaN NaN 87.79823 -109.59287 -13.67254 5.57658 -189.50859 -76.10271
29410 0.10034 NaN NaN NaN 201.63754 -100.94407 6.59517 294.22903 -166.73416 -49.25962 NaN NaN NaN 87.76984 -109.61378 -13.67281 5.57032 -189.51741 -76.12628
29411 0.10868 NaN NaN NaN 201.65074 -100.98918 6.57814 294.23590 -166.71945 -49.26312 NaN NaN NaN 87.77168 -109.62329 -13.66553 5.56608 -189.52286 -76.12242
29412 0.11703 NaN NaN NaN 201.65517 -101.02114 6.58175 294.23038 -166.72267 -49.26981 NaN NaN NaN 87.78017 -109.63416 -13.68867 5.56775 -189.52199 -76.14767
29413 0.12538 NaN NaN NaN 201.66328 -101.02109 6.55873 294.22482 -166.76077 -49.26392 NaN NaN NaN 87.81436 -109.61867 -13.68830 5.54757 -189.51758 -76.16186
29414 0.13372 NaN NaN NaN 201.65771 -101.01836 6.56736 294.21954 -166.81136 -49.24628 NaN NaN NaN 87.82784 -109.63671 -13.68661 5.54557 -189.53305 -76.17150
29415 0.14207 NaN NaN NaN 201.66238 -101.02449 6.56043 294.22943 -166.85583 -49.22838 NaN NaN NaN 87.81734 -109.65675 -13.68938 5.56491 -189.54831 -76.20489
29416 0.15042 NaN NaN NaN 201.65112 -101.02809 6.55447 294.22879 -166.91583 -49.23217 NaN NaN NaN 87.81075 -109.66602 -13.69668 5.57737 -189.56447 -76.23281
29417 0.15876 NaN NaN NaN 201.67860 -101.03384 6.54396 294.23688 -166.96202 -49.20383 NaN NaN NaN 87.82558 -109.68851 -13.69670 5.57599 -189.56630 -76.23635
29418 0.16711 NaN NaN NaN 201.64893 -101.04713 6.53936 294.21973 -166.98676 -49.21460 NaN NaN NaN 87.82607 -109.69139 -13.72983 5.57992 -189.57327 -76.24547
29419 0.17546 NaN NaN NaN 201.68520 -101.04203 6.53707 294.23917 -166.97153 -49.19685 NaN NaN NaN 87.82653 -109.69829 -13.73804 5.56596 -189.55280 -76.25626
29420 0.18380 NaN NaN NaN 201.67226 -101.06200 6.53135 294.23917 -166.92584 -49.22756 NaN NaN NaN 87.82205 -109.70609 -13.74487 5.58436 -189.55475 -76.26833
29421 0.19215 NaN NaN NaN 201.68091 -101.04779 6.53457 294.24930 -166.88287 -49.22765 NaN NaN NaN 87.83143 -109.71944 -13.75277 5.57289 -189.55888 -76.28774
29422 0.20050 NaN NaN NaN 201.66676 -101.05108 6.52832 294.24969 -166.83992 -49.26683 NaN NaN NaN 87.83219 -109.71979 -13.76190 5.59184 -189.57950 -76.28304
29423 0.20884 NaN NaN NaN 201.66943 -101.02618 6.52025 294.25885 -166.78423 -49.27228 NaN NaN NaN 87.84444 -109.72529 -13.75166 5.57705 -189.59065 -76.29336
29424 0.21719 NaN NaN NaN 201.63690 -101.03390 6.52292 294.26129 -166.79642 -49.24611 NaN NaN NaN 87.84021 -109.72089 -13.77982 5.58480 -189.60219 -76.28922
29425 0.22553 NaN NaN NaN 201.64034 -101.02180 6.52067 294.27039 -166.79364 -49.24311 NaN NaN NaN 87.83664 -109.72379 -13.78437 5.57296 -189.59230 -76.29610
29426 0.23388 NaN NaN NaN 201.64452 -101.02027 6.51142 294.25269 -166.84218 -49.22383 NaN NaN NaN 87.83737 -109.72454 -13.78966 5.58263 -189.59413 -76.28520
29427 0.24223 NaN NaN NaN 201.63481 -101.01576 6.50741 294.24112 -166.85287 -49.20530 NaN NaN NaN 87.85269 -109.72812 -13.78257 5.57775 -189.60722 -76.29310
29428 0.25057 NaN NaN NaN 201.62062 -101.00647 6.51316 294.23883 -166.87321 -49.19795 NaN NaN NaN 87.85224 -109.72643 -13.77160 5.57009 -189.59753 -76.29840
29429 0.25892 NaN NaN NaN 201.62506 -101.00252 6.49901 294.24234 -166.85919 -49.19813 NaN NaN NaN 87.83006 -109.72803 -13.77923 5.55333 -189.58444 -76.29489
29430 0.26727 NaN NaN NaN 201.62997 -100.95811 6.48155 294.24097 -166.85286 -49.19657 NaN NaN NaN 87.82494 -109.71937 -13.78615 5.54378 -189.56732 -76.29388
29431 0.27561 NaN NaN NaN 201.63353 -100.93065 6.46797 294.24069 -166.80417 -49.21358 NaN NaN NaN 87.82769 -109.70171 -13.77857 5.53603 -189.55795 -76.30606
29432 0.28396 NaN NaN NaN 201.61592 -100.94675 6.48304 294.24210 -166.76028 -49.21259 NaN NaN NaN 87.82528 -109.69907 -13.78962 5.52705 -189.54353 -76.30395
29433 0.29231 NaN NaN NaN 201.59195 -100.94686 6.48720 294.23557 -166.77057 -49.20884 NaN NaN NaN 87.81622 -109.69358 -13.78909 5.51289 -189.52489 -76.30601
29434 0.30065 NaN NaN NaN 201.59358 -100.95631 6.50141 294.20831 -166.83501 -49.15618 NaN NaN NaN 87.80961 -109.69009 -13.79872 5.51957 -189.52046 -76.30496
29435 0.30900 NaN NaN NaN 201.59294 -100.93578 6.48801 294.20056 -166.87242 -49.15863 NaN NaN NaN 87.79371 -109.68069 -13.80646 5.51472 -189.50301 -76.31222
29436 0.31735 NaN NaN NaN 201.58211 -100.91423 6.49371 294.18546 -166.85402 -49.14574 NaN NaN NaN 87.79028 -109.67439 -13.80317 5.51784 -189.49101 -76.30834
29437 0.32569 NaN NaN NaN 201.56868 -100.89801 6.48378 294.20102 -166.82704 -49.16681 NaN NaN NaN 87.79162 -109.65361 -13.79459 5.51170 -189.48370 -76.30578
29438 0.33404 NaN NaN NaN 201.56282 -100.88227 6.48520 294.20319 -166.66826 -49.20380 NaN NaN NaN 87.78131 -109.66434 -13.80391 5.49724 -189.48099 -76.30309
29439 0.34239 NaN NaN NaN 201.56273 -100.88566 6.48086 294.21396 -166.62242 -49.23080 NaN NaN NaN 87.77402 -109.64792 -13.80453 5.48035 -189.46992 -76.30402
29440 0.35073 NaN NaN NaN 201.56400 -100.88416 6.47876 294.22107 -166.56352 -49.22509 NaN NaN NaN 87.76641 -109.64410 -13.79840 5.47131 -189.45927 -76.31788
29441 0.35908 NaN NaN NaN 201.56474 -100.85938 6.47439 294.21277 -166.58882 -49.22497 NaN NaN NaN 87.76501 -109.63602 -13.80273 5.46459 -189.44225 -76.33553
29442 0.36743 NaN NaN NaN 201.54578 -100.85027 6.48651 294.20621 -166.58868 -49.21468 NaN NaN NaN 87.74654 -109.64664 -13.80848 5.46111 -189.44720 -76.34916
29443 0.37577 NaN NaN NaN 201.54691 -100.83365 6.46587 294.17996 -166.64340 -49.19963 NaN NaN NaN 87.74374 -109.65656 -13.81306 5.46646 -189.44232 -76.34323
29444 0.38412 NaN NaN NaN 201.54309 -100.84042 6.47014 294.19507 -166.62408 -49.19929 NaN NaN NaN 87.73273 -109.64700 -13.82469 5.45093 -189.43924 -76.33393
29445 0.39247 NaN NaN NaN 201.55251 -100.83832 6.47295 294.19058 -166.62904 -49.19080 NaN NaN NaN 87.74384 -109.64294 -13.82422 5.44624 -189.43736 -76.32693
29446 0.40081 NaN NaN NaN 201.54752 -100.85083 6.47278 294.19446 -166.61783 -49.19768 NaN NaN NaN 87.74522 -109.64620 -13.81766 5.45281 -189.43668 -76.32906
29447 0.40916 NaN NaN NaN 201.55263 -100.86933 6.48128 294.17941 -166.63390 -49.20975 NaN NaN NaN 87.72453 -109.65163 -13.79427 5.45074 -189.44484 -76.32661
29448 0.41751 NaN NaN NaN 201.55502 -100.88690 6.47597 294.20483 -166.63313 -49.20398 NaN NaN NaN 87.72668 -109.65127 -13.81140 5.45611 -189.45738 -76.32898
29449 0.42585 NaN NaN NaN 201.56168 -100.90078 6.47211 294.19934 -166.65201 -49.21150 NaN NaN NaN 87.71835 -109.66997 -13.80822 5.44726 -189.47176 -76.32597
29450 0.43420 NaN NaN NaN 201.54773 -100.90119 6.47577 294.20340 -166.61545 -49.20457 NaN NaN NaN 87.71046 -109.67193 -13.79489 5.44613 -189.47997 -76.31955
29451 0.44255 NaN NaN NaN 201.54431 -100.89938 6.46895 294.19821 -166.66200 -49.21064 NaN NaN NaN 87.71820 -109.67464 -13.79963 5.43609 -189.47414 -76.32858
29452 0.45089 NaN NaN NaN 201.54565 -100.89417 6.47529 294.18723 -166.66475 -49.19959 NaN NaN NaN 87.72594 -109.68243 -13.81532 5.45646 -189.48700 -76.32940
29453 0.45924 NaN NaN NaN 201.54785 -100.90284 6.46450 294.19138 -166.70995 -49.20095 NaN NaN NaN 87.72666 -109.68967 -13.79330 5.44715 -189.48917 -76.32627
29454 0.46759 NaN NaN NaN 201.54971 -100.89983 6.45528 294.19061 -166.66966 -49.20066 NaN NaN NaN 87.73542 -109.69368 -13.81232 5.45129 -189.51042 -76.33057
29455 0.47593 NaN NaN NaN 201.54056 -100.90759 6.45140 294.19363 -166.71738 -49.19595 NaN NaN NaN 87.72216 -109.70417 -13.82282 5.45535 -189.51663 -76.33407
29456 0.48428 NaN NaN NaN 201.52467 -100.89885 6.43142 294.20776 -166.65981 -49.20036 NaN NaN NaN 87.72873 -109.69257 -13.84075 5.44175 -189.51648 -76.35503
29457 0.49262 NaN NaN NaN 201.52908 -100.91344 6.43991 294.20541 -166.72581 -49.20048 NaN NaN NaN 87.71778 -109.72950 -13.83953 5.43103 -189.51347 -76.36727
29458 0.50097 NaN NaN NaN 201.53371 -100.92649 6.42769 294.20718 -166.67520 -49.21099 NaN NaN NaN 87.73168 -109.73779 -13.85721 5.41805 -189.54074 -76.36840
29459 0.50932 NaN NaN NaN 201.53221 -100.94002 6.43599 294.21878 -166.73230 -49.21204 NaN NaN NaN 87.72099 -109.75771 -13.85592 5.41306 -189.56157 -76.36301
29460 0.51766 NaN NaN NaN 201.53870 -100.95523 6.43000 294.19543 -166.80472 -49.17381 NaN NaN NaN 87.73350 -109.76291 -13.86382 5.42654 -189.57471 -76.36479
29461 0.52601 NaN NaN NaN 201.54079 -100.96049 6.43819 294.19025 -166.86908 -49.16288 NaN NaN NaN 87.70592 -109.79124 -13.85363 5.41609 -189.59134 -76.36599
29462 0.53436 NaN NaN NaN 201.53734 -100.96664 6.43624 294.18661 -166.92023 -49.13032 NaN NaN NaN 87.72081 -109.79189 -13.85754 5.42844 -189.60033 -76.36741
29463 0.54270 NaN NaN NaN 201.53961 -100.98518 6.43656 294.18668 -166.95026 -49.13919 NaN NaN NaN 87.72855 -109.82324 -13.86873 5.40503 -189.60516 -76.38240
29464 0.55105 NaN NaN NaN 201.54689 -100.98770 6.43958 294.19183 -166.94525 -49.13835 NaN NaN NaN 87.73934 -109.81757 -13.85569 5.40785 -189.61133 -76.37945
29465 0.55940 NaN NaN NaN 201.55501 -101.01241 6.44340 294.19556 -166.93375 -49.15160 NaN NaN NaN 87.72625 -109.83272 -13.86280 5.40585 -189.62276 -76.38928
29466 0.56774 NaN NaN NaN 201.55597 -101.02031 6.45394 294.20181 -166.93411 -49.14172 NaN NaN NaN 87.76089 -109.85282 -13.84574 5.42542 -189.65076 -76.39341
29467 0.57609 NaN NaN NaN 201.56746 -101.04710 6.45420 294.21048 -166.93417 -49.15087 NaN NaN NaN 87.76290 -109.88298 -13.85475 5.41557 -189.64731 -76.39672
29468 0.58444 NaN NaN NaN 201.57118 -101.05867 6.44992 294.20270 -166.93694 -49.16196 NaN NaN NaN 87.78099 -109.88654 -13.85880 5.42644 -189.65401 -76.40572
29469 0.59278 NaN NaN NaN 201.56523 -101.08069 6.44072 294.21381 -166.93954 -49.16145 NaN NaN NaN 87.78108 -109.89098 -13.89425 5.41306 -189.65353 -76.40464
29470 0.60113 NaN NaN NaN 201.56934 -101.06474 6.43991 294.22150 -166.94292 -49.16059 NaN NaN NaN 87.77971 -109.89447 -13.87440 5.42961 -189.67111 -76.41655
29471 0.60948 NaN NaN NaN 201.57906 -101.06081 6.43718 294.22272 -166.93269 -49.17028 NaN NaN NaN 87.76939 -109.91422 -13.89655 5.42345 -189.67534 -76.41228
29472 0.61782 NaN NaN NaN 201.56842 -101.03037 6.43207 294.22681 -166.92644 -49.16603 NaN NaN NaN 87.76983 -109.89928 -13.91459 5.42792 -189.67094 -76.41722
29473 0.62617 NaN NaN NaN 201.57874 -101.03978 6.40201 294.23288 -166.92903 -49.17094 NaN NaN NaN 87.78399 -109.90508 -13.91324 5.41638 -189.66541 -76.42141
29474 0.63452 NaN NaN NaN 201.57037 -101.04349 6.42215 294.22070 -166.96758 -49.15767 NaN NaN NaN 87.78192 -109.91524 -13.91501 5.42384 -189.66135 -76.42920
29475 0.64286 NaN NaN NaN 201.58264 -101.06349 6.41827 294.22867 -166.98383 -49.15168 NaN NaN NaN 87.76842 -109.90446 -13.91470 5.41891 -189.66219 -76.42492
29476 0.65121 NaN NaN NaN 201.57440 -101.05563 6.43004 294.21613 -166.97972 -49.15174 NaN NaN NaN 87.76649 -109.88685 -13.92532 5.42479 -189.65515 -76.42791
29477 0.65956 NaN NaN NaN 201.58238 -101.06081 6.41604 294.23212 -166.96147 -49.15984 NaN NaN NaN 87.78886 -109.86903 -13.91571 5.42825 -189.65068 -76.42584
29478 0.66790 NaN NaN NaN 201.57440 -101.03179 6.41364 294.22766 -166.95204 -49.15119 NaN NaN NaN 87.78816 -109.85829 -13.91841 5.43701 -189.66383 -76.42432
29479 0.67625 NaN NaN NaN 201.58678 -101.04250 6.40320 294.21387 -166.94943 -49.15761 NaN NaN NaN 87.78388 -109.86292 -13.92107 5.44100 -189.65207 -76.41912
29480 0.68460 NaN NaN NaN 201.58096 -101.02503 6.40766 294.22882 -166.93999 -49.14999 NaN NaN NaN 87.77813 -109.86362 -13.88519 5.44011 -189.65160 -76.41550
29481 0.69294 NaN NaN NaN 201.59036 -101.00438 6.39202 294.24341 -166.90599 -49.16562 NaN NaN NaN 87.77371 -109.87566 -13.91388 5.42977 -189.65390 -76.40596
29482 0.70129 NaN NaN NaN 201.56889 -100.99380 6.40728 294.26660 -166.81001 -49.20232 NaN NaN NaN 87.76665 -109.86708 -13.92012 5.42377 -189.66454 -76.40719
29483 0.70964 NaN NaN NaN 201.57990 -100.97655 6.39386 294.24020 -166.80429 -49.19860 NaN NaN NaN 87.77101 -109.86860 -13.92536 5.40800 -189.65041 -76.40132
29484 0.71798 NaN NaN NaN 201.55916 -100.96077 6.40512 294.22540 -166.82141 -49.16039 NaN NaN NaN 87.76174 -109.85336 -13.92753 5.42138 -189.62952 -76.41399
29485 0.72633 NaN NaN NaN 201.55656 -100.96905 6.39097 294.23593 -166.79616 -49.19465 NaN NaN NaN 87.75013 -109.84060 -13.94148 5.40111 -189.62424 -76.39335
29486 0.73468 NaN NaN NaN 201.54681 -100.96696 6.40559 294.23251 -166.75201 -49.18221 NaN NaN NaN 87.73473 -109.81752 -13.95089 5.40507 -189.61234 -76.39116
29487 0.74302 NaN NaN NaN 201.54234 -100.95790 6.39092 294.19897 -166.80859 -49.16227 NaN NaN NaN 87.72026 -109.80605 -13.94999 5.38091 -189.61633 -76.39276
29488 0.75137 NaN NaN NaN 201.53023 -100.94097 6.38601 294.21817 -166.76936 -49.15258 NaN NaN NaN 87.72630 -109.79356 -13.89365 5.37991 -189.60606 -76.39687
29489 0.75971 NaN NaN NaN 201.51331 -100.93964 6.37755 294.19769 -166.82156 -49.14061 NaN NaN NaN 87.72181 -109.80649 -13.93429 5.38426 -189.59090 -76.37881
29490 0.76806 NaN NaN NaN 201.51106 -100.94395 6.37543 294.19901 -166.74944 -49.15237 NaN NaN NaN 87.71406 -109.79678 -13.94833 5.37586 -189.59885 -76.40112
29491 0.77641 NaN NaN NaN 201.49419 -100.94464 6.38399 294.19150 -166.82257 -49.11482 NaN NaN NaN 87.72527 -109.81336 -13.93262 5.36037 -189.60396 -76.40604
29492 0.78475 NaN NaN NaN 201.50888 -100.92963 6.38085 294.18503 -166.83376 -49.10117 NaN NaN NaN 87.70497 -109.78329 -13.88597 5.36622 -189.58963 -76.40433
29493 0.79310 NaN NaN NaN 201.51131 -100.90921 6.37243 294.18576 -166.88643 -49.08813 NaN NaN NaN 87.68357 -109.78421 -13.91424 5.35765 -189.57713 -76.39383
29494 0.80145 NaN NaN NaN 201.51431 -100.91364 6.35720 294.16486 -166.89258 -49.08626 NaN NaN NaN 87.68394 -109.78233 -13.94870 5.36061 -189.58264 -76.38335
29495 0.80979 NaN NaN NaN 201.48355 -100.89727 6.36424 294.17178 -166.91583 -49.07370 NaN NaN NaN 87.69161 -109.82068 -13.93079 5.34233 -189.58842 -76.38820
29496 0.81814 NaN NaN NaN 201.49228 -100.88968 6.37417 294.17099 -166.81082 -49.11280 NaN NaN NaN 87.68080 -109.80402 -13.92774 5.34115 -189.58720 -76.38995
29497 0.82649 NaN NaN NaN 201.48428 -100.89251 6.37042 294.15735 -166.84071 -49.10489 NaN NaN NaN 87.66917 -109.81929 -13.94688 5.30516 -189.60574 -76.38774
29498 0.83483 NaN NaN NaN 201.48631 -100.90298 6.37277 294.19519 -166.73747 -49.13975 NaN NaN NaN 87.66904 -109.80126 -13.94893 5.32308 -189.62120 -76.37803
29499 0.84318 NaN NaN NaN 201.48335 -100.91538 6.36162 294.16714 -166.80470 -49.11508 NaN NaN NaN 87.67914 -109.81238 -13.95700 5.32559 -189.61755 -76.38662
29500 0.85153 NaN NaN NaN 201.48415 -100.91516 6.36365 294.18488 -166.76315 -49.11907 NaN NaN NaN 87.71194 -109.81277 -13.91712 5.31632 -189.62804 -76.39235
29501 0.85987 NaN NaN NaN 201.47830 -100.92298 6.36228 294.17087 -166.82857 -49.11404 NaN NaN NaN 87.68750 -109.83133 -13.94076 5.31717 -189.61670 -76.39870
29502 0.86822 NaN NaN NaN 201.50281 -100.94598 6.37018 294.18735 -166.80595 -49.11352 NaN NaN NaN 87.68072 -109.84394 -13.96146 5.33159 -189.62282 -76.38919
29503 0.87657 NaN NaN NaN 201.49858 -100.95657 6.37082 294.21204 -166.77966 -49.14511 NaN NaN NaN 87.69319 -109.85807 -13.94884 5.32389 -189.63341 -76.39471
29504 0.88491 NaN NaN NaN 201.51299 -100.96285 6.37371 294.21329 -166.72398 -49.16690 NaN NaN NaN 87.70708 -109.84669 -13.94192 5.34015 -189.63632 -76.40706
29505 0.89326 NaN NaN NaN 201.50349 -100.96017 6.36551 294.19827 -166.79980 -49.13877 NaN NaN NaN 87.72080 -109.86728 -13.93633 5.33913 -189.62982 -76.40427
29506 0.90161 NaN NaN NaN 201.50449 -100.96310 6.36427 294.21255 -166.79324 -49.13312 NaN NaN NaN 87.73705 -109.85542 -13.93913 5.34950 -189.64159 -76.40411
29507 0.90995 NaN NaN NaN 201.51361 -100.97029 6.36555 294.19376 -166.89346 -49.11089 NaN NaN NaN 87.72147 -109.84525 -13.97154 5.34124 -189.64854 -76.39220
29508 0.91830 NaN NaN NaN 201.52948 -100.96751 6.36301 294.18607 -166.95241 -49.06933 NaN NaN NaN 87.72472 -109.86121 -13.95604 5.33353 -189.65886 -76.39191
29509 0.92665 NaN NaN NaN 201.52118 -100.97263 6.35736 294.16986 -167.02058 -49.05251 NaN NaN NaN 87.71580 -109.88280 -13.93923 5.34163 -189.65622 -76.39161
29510 0.93499 NaN NaN NaN 201.51668 -100.98144 6.36336 294.16739 -167.05464 -49.02535 NaN NaN NaN 87.71946 -109.89832 -13.93389 5.34352 -189.67590 -76.39317
29511 0.94334 NaN NaN NaN 201.50693 -100.97589 6.36985 294.15659 -167.07152 -49.04795 NaN NaN NaN 87.70952 -109.90275 -13.92897 5.32352 -189.67366 -76.38408
29512 0.95169 NaN NaN NaN 201.51506 -100.98312 6.37857 294.16180 -167.02345 -49.03628 NaN NaN NaN 87.72191 -109.89571 -13.92319 5.32130 -189.69760 -76.37444
29513 0.96003 NaN NaN NaN 201.50645 -100.98473 6.37887 294.18240 -167.00249 -49.05749 NaN NaN NaN 87.70999 -109.89809 -13.92639 5.31706 -189.70265 -76.36692
29514 0.96838 NaN NaN NaN 201.51094 -100.98967 6.37907 294.18463 -166.95673 -49.05979 NaN NaN NaN 87.70782 -109.92354 -13.92030 5.31811 -189.71063 -76.37211
29515 0.97673 NaN NaN NaN 201.51190 -100.98736 6.36765 294.18185 -166.95067 -49.05666 NaN NaN NaN 87.70316 -109.96699 -13.90594 5.29845 -189.71822 -76.37226
29516 0.98507 NaN NaN NaN 201.49788 -100.98842 6.37350 294.20499 -166.95712 -49.05101 NaN NaN NaN 87.68497 -109.95653 -13.90971 5.28413 -189.72304 -76.37104
29517 0.99342 NaN NaN NaN 201.50032 -100.98302 6.37047 294.18146 -166.95831 -49.04084 NaN NaN NaN 87.69839 -109.97381 -13.92010 5.28728 -189.72896 -76.37251
29518 1.00176 NaN NaN NaN 201.50153 -101.00765 6.37172 294.16693 -166.96152 -49.04267 NaN NaN NaN 87.70012 -109.96679 -13.92820 5.29507 -189.73991 -76.37195
29519 1.01011 NaN NaN NaN 201.49899 -100.99199 6.35914 294.17596 -166.99326 -49.03828 NaN NaN NaN 87.69856 -109.97535 -13.92267 5.27292 -189.73799 -76.37564
29520 1.01846 NaN NaN NaN 201.49876 -100.98940 6.37069 294.17145 -166.97528 -49.03433 NaN NaN NaN 87.70235 -109.95643 -13.93011 5.26499 -189.73064 -76.38569
29521 1.02680 NaN NaN NaN 201.48344 -100.96439 6.36703 294.16736 -166.99934 -49.03640 NaN NaN NaN 87.70508 -109.94382 -13.93143 5.25396 -189.72636 -76.37357
29522 1.03515 NaN NaN NaN 201.49104 -100.98112 6.36572 294.16940 -166.97369 -49.03742 NaN NaN NaN 87.69893 -109.96569 -13.94499 5.24894 -189.72948 -76.37130
29523 1.04350 NaN NaN NaN 201.47357 -100.96490 6.36844 294.17557 -166.96043 -49.04694 NaN NaN NaN 87.69735 -109.96020 -13.93946 5.23579 -189.72716 -76.39368
29524 1.05184 NaN NaN NaN 201.48396 -100.98153 6.36903 294.18085 -166.95229 -49.05336 NaN NaN NaN 87.66616 -109.95965 -13.95530 5.23536 -189.74315 -76.37545
29525 1.06019 NaN NaN NaN 201.47699 -100.97248 6.36716 294.17230 -166.95946 -49.04898 NaN NaN NaN 87.67563 -109.95937 -13.93849 5.24500 -189.74414 -76.36587
29526 1.06854 NaN NaN NaN 201.48918 -100.97417 6.36750 294.16739 -166.92430 -49.05764 NaN NaN NaN 87.67006 -109.96384 -13.93727 5.24903 -189.75250 -76.36274
29527 1.07688 NaN NaN NaN 201.48604 -100.95436 6.36642 294.15891 -166.93367 -49.07811 NaN NaN NaN 87.66885 -109.97381 -13.92814 5.23567 -189.76025 -76.36482
29528 1.08523 NaN NaN NaN 201.49091 -100.96159 6.37116 294.15808 -166.92203 -49.07371 NaN NaN NaN 87.67040 -109.97402 -13.94046 5.22405 -189.75420 -76.37395
29529 1.09358 NaN NaN NaN 201.48976 -100.96286 6.37550 294.17184 -166.92662 -49.07842 NaN NaN NaN 87.67172 -109.97248 -13.91991 5.21302 -189.74173 -76.37537
29530 1.10192 NaN NaN NaN 201.49962 -100.98347 6.38517 294.19046 -166.87199 -49.09613 NaN NaN NaN 87.67427 -109.97047 -13.92059 5.22554 -189.74817 -76.38217
29531 1.11027 NaN NaN NaN 201.50162 -100.98022 6.39922 294.18991 -166.91748 -49.10225 NaN NaN NaN 87.65453 -109.98067 -13.91471 5.21797 -189.74377 -76.37637
29532 1.11862 NaN NaN NaN 201.51367 -100.98721 6.39968 294.20270 -166.84167 -49.11387 NaN NaN NaN 87.65753 -109.99302 -13.93821 5.22554 -189.74728 -76.38669
29533 1.12696 NaN NaN NaN 201.51207 -101.00105 6.41067 294.19043 -166.87820 -49.14058 NaN NaN NaN 87.62804 -110.00056 -13.92690 5.21528 -189.74211 -76.41025
29534 1.13531 NaN NaN NaN 201.52136 -101.00221 6.41265 294.20975 -166.81729 -49.14241 NaN NaN NaN 87.64376 -109.99379 -13.95221 5.22278 -189.74432 -76.39852
29535 1.14366 NaN NaN NaN 201.52252 -100.99622 6.40151 294.20120 -166.85249 -49.14877 NaN NaN NaN 87.62920 -109.99591 -13.93300 5.21081 -189.74022 -76.40018
29536 1.15200 NaN NaN NaN 201.52831 -100.98625 6.40113 294.22644 -166.78185 -49.16253 NaN NaN NaN 87.63853 -109.96788 -13.95801 5.22210 -189.74800 -76.37991
29537 1.16035 NaN NaN NaN 201.53055 -100.98139 6.40646 294.21927 -166.76100 -49.19554 NaN NaN NaN 87.63760 -109.98254 -13.93638 5.21092 -189.74872 -76.38019
29538 1.16870 NaN NaN NaN 201.52432 -100.97768 6.40006 294.22794 -166.71576 -49.19917 NaN NaN NaN 87.65836 -109.97894 -13.95879 5.21408 -189.75793 -76.37624
29539 1.17704 NaN NaN NaN 201.53609 -100.97102 6.39739 294.24182 -166.70255 -49.22488 NaN NaN NaN 87.64713 -109.98496 -13.92773 5.21951 -189.75095 -76.37209
29540 1.18539 NaN NaN NaN 201.54391 -100.98530 6.41489 294.23944 -166.70840 -49.20943 NaN NaN NaN 87.65328 -109.99998 -13.94485 5.23449 -189.76022 -76.37756
29541 1.19374 NaN NaN NaN 201.56111 -100.99381 6.39915 294.24677 -166.72981 -49.21799 NaN NaN NaN 87.65221 -109.99451 -13.92773 5.22165 -189.74982 -76.39697
29542 1.20208 NaN NaN NaN 201.54262 -101.00576 6.41462 294.24863 -166.73596 -49.20996 NaN NaN NaN 87.65266 -109.98926 -13.97452 5.21176 -189.76720 -76.38792
29543 1.21043 NaN NaN NaN 201.54683 -101.01826 6.40536 294.26077 -166.75351 -49.22468 NaN NaN NaN 87.63756 -109.99606 -13.93772 5.20209 -189.77156 -76.37779
29544 1.21878 NaN NaN NaN 201.53702 -101.00517 6.41035 294.26059 -166.74295 -49.21225 NaN NaN NaN 87.65041 -110.00124 -13.94595 5.19424 -189.78917 -76.38712
29545 1.22712 NaN NaN NaN 201.56244 -101.01706 6.39834 294.27179 -166.76045 -49.22499 NaN NaN NaN 87.65759 -110.01016 -13.93659 5.20474 -189.78769 -76.37287
29546 1.23547 NaN NaN NaN 201.56075 -101.01385 6.40251 294.26703 -166.75209 -49.21969 NaN NaN NaN 87.65602 -110.04980 -13.94381 5.22029 -189.81540 -76.36191
29547 1.24382 NaN NaN NaN 201.57834 -101.04716 6.40308 294.26794 -166.76707 -49.22017 NaN NaN NaN 87.64069 -110.05099 -13.92972 5.22700 -189.81691 -76.35708
29548 1.25216 NaN NaN NaN 201.56256 -101.04394 6.42421 294.26376 -166.76247 -49.22163 NaN NaN NaN 87.64999 -110.08153 -13.94588 5.21505 -189.82440 -76.34892
29549 1.26051 NaN NaN NaN 201.58786 -101.06791 6.41790 294.27106 -166.77541 -49.22477 NaN NaN NaN 87.66573 -110.08655 -13.92709 5.21522 -189.82207 -76.36064
29550 1.26885 NaN NaN NaN 201.57298 -101.07160 6.43196 294.27661 -166.78009 -49.21931 NaN NaN NaN 87.65434 -110.10098 -13.93939 5.20949 -189.82805 -76.35955
29551 1.27720 NaN NaN NaN 201.58752 -101.10181 6.42325 294.27527 -166.76871 -49.22925 NaN NaN NaN 87.66822 -110.09373 -13.96000 5.19196 -189.82462 -76.35847
29552 1.28555 NaN NaN NaN 201.58092 -101.07308 6.43136 294.26718 -166.78934 -49.22630 NaN NaN NaN 87.67020 -110.09340 -13.95277 5.20296 -189.83244 -76.36253
29553 1.29389 NaN NaN NaN 201.58383 -101.09232 6.41340 294.28766 -166.80682 -49.22989 NaN NaN NaN 87.67613 -110.10247 -13.95588 5.22904 -189.82782 -76.37109
29554 1.30224 NaN NaN NaN 201.57700 -101.08994 6.41607 294.29584 -166.81172 -49.22690 NaN NaN NaN 87.68217 -110.12738 -13.95596 5.22760 -189.81850 -76.37537
29555 1.31059 NaN NaN NaN 201.58531 -101.09911 6.41992 294.27963 -166.86830 -49.22391 NaN NaN NaN 87.68897 -110.13675 -13.95884 5.21913 -189.82527 -76.37112
29556 1.31893 NaN NaN NaN 201.58957 -101.09641 6.43226 294.28793 -166.86049 -49.23399 NaN NaN NaN 87.69005 -110.14310 -13.96943 5.21213 -189.83795 -76.37252
29557 1.32728 NaN NaN NaN 201.59941 -101.11243 6.43721 294.28711 -166.83890 -49.24596 NaN NaN NaN 87.67851 -110.14566 -13.95940 5.20267 -189.84114 -76.37514
29558 1.33563 NaN NaN NaN 201.59143 -101.11094 6.43269 294.29572 -166.83702 -49.24870 NaN NaN NaN 87.67152 -110.15244 -13.97891 5.21485 -189.83261 -76.38335
29559 1.34397 NaN NaN NaN 201.61284 -101.09994 6.41898 294.31003 -166.81981 -49.26268 NaN NaN NaN 87.67849 -110.18118 -13.95841 5.23025 -189.84244 -76.38345
29560 1.35232 NaN NaN NaN 201.61003 -101.10233 6.44213 294.29404 -166.80904 -49.25415 NaN NaN NaN 87.68858 -110.18379 -13.96368 5.22349 -189.83325 -76.38865
29561 1.36067 NaN NaN NaN 201.61118 -101.11817 6.43947 294.28799 -166.80949 -49.26309 NaN NaN NaN 87.66195 -110.17920 -13.96340 5.21142 -189.82101 -76.42001
29562 1.36901 NaN NaN NaN 201.60858 -101.11753 6.45230 294.29379 -166.84625 -49.25133 NaN NaN NaN 87.66971 -110.18236 -13.98703 5.21657 -189.81613 -76.43218
29563 1.37736 NaN NaN NaN 201.60603 -101.10881 6.43760 294.29868 -166.83293 -49.24541 NaN NaN NaN 87.67181 -110.18975 -13.97287 5.23015 -189.81473 -76.43452
29564 1.38571 NaN NaN NaN 201.60895 -101.10310 6.44050 294.29642 -166.84177 -49.24478 NaN NaN NaN 87.66309 -110.18770 -13.99813 5.22798 -189.80754 -76.45121
29565 1.39405 NaN NaN NaN 201.61295 -101.09621 6.44171 294.30630 -166.84033 -49.24372 NaN NaN NaN 87.67746 -110.21122 -13.96683 5.22394 -189.81538 -76.44588
29566 1.40240 NaN NaN NaN 201.61440 -101.10175 6.44152 294.30069 -166.82137 -49.24294 NaN NaN NaN 87.69939 -110.19682 -13.98369 5.23610 -189.82416 -76.43183
29567 1.41075 NaN NaN NaN 201.62396 -101.12073 6.43482 294.30783 -166.83582 -49.24475 NaN NaN NaN 87.70316 -110.21472 -13.97360 5.23451 -189.82054 -76.43108
29568 1.41909 NaN NaN NaN 201.63055 -101.11948 6.45043 294.29898 -166.83612 -49.25222 NaN NaN NaN 87.69365 -110.20535 -14.00359 5.21534 -189.81311 -76.45573
29569 1.42744 NaN NaN NaN 201.62598 -101.10500 6.43882 294.29245 -166.82642 -49.25160 NaN NaN NaN 87.67594 -110.20795 -13.98067 5.21990 -189.80385 -76.45000
29570 1.43579 NaN NaN NaN 201.61131 -101.10048 6.43653 294.29428 -166.82506 -49.25606 NaN NaN NaN 87.68414 -110.20464 -13.99297 5.22700 -189.80684 -76.42782
29571 1.44413 NaN NaN NaN 201.61386 -101.08893 6.43453 294.28302 -166.91931 -49.19487 NaN NaN NaN 87.68723 -110.19490 -13.96600 5.22324 -189.79829 -76.43507
29572 1.45248 NaN NaN NaN 201.61514 -101.08149 6.44037 294.28690 -166.87660 -49.22011 NaN NaN NaN 87.68876 -110.17749 -13.99246 5.21477 -189.79987 -76.42007
29573 1.46083 NaN NaN NaN 201.61655 -101.09062 6.44227 294.29221 -166.81943 -49.23764 NaN NaN NaN 87.68576 -110.17033 -13.96807 5.21272 -189.79970 -76.43262
29574 1.46917 NaN NaN NaN 201.60457 -101.09404 6.45779 294.28967 -166.79991 -49.25189 NaN NaN NaN 87.66576 -110.14993 -13.98774 5.21965 -189.81174 -76.40063
29575 1.47752 NaN NaN NaN 201.60966 -101.09370 6.44875 294.28088 -166.77615 -49.25659 NaN NaN NaN 87.67157 -110.11423 -13.97654 5.20768 -189.81894 -76.39726
29576 1.48587 NaN NaN NaN 201.58981 -101.09004 6.46791 294.28265 -166.77007 -49.25456 NaN NaN NaN 87.63799 -110.08997 -13.95794 5.20369 -189.81778 -76.38557
29577 1.49421 NaN NaN NaN 201.58792 -101.08977 6.45877 294.28348 -166.75951 -49.25106 NaN NaN NaN 87.66307 -110.09781 -13.96161 5.19224 -189.81281 -76.39754
29578 1.50256 NaN NaN NaN 201.58473 -101.08080 6.46314 294.28180 -166.78537 -49.23771 NaN NaN NaN 87.66657 -110.10985 -13.98483 5.18169 -189.80989 -76.40920
29579 1.51090 NaN NaN NaN 201.60324 -101.08279 6.44911 294.29248 -166.77075 -49.24302 NaN NaN NaN 87.66448 -110.09238 -13.99075 5.19654 -189.81555 -76.38772
29580 1.51925 NaN NaN NaN 201.59035 -101.07771 6.45594 294.27692 -166.77473 -49.24722 NaN NaN NaN 87.64348 -110.09682 -14.00158 5.19265 -189.82378 -76.38057
29581 1.52760 NaN NaN NaN 201.59436 -101.07507 6.45316 294.27585 -166.76886 -49.24533 NaN NaN NaN 87.65356 -110.09473 -13.98775 5.18818 -189.82774 -76.38544
29582 1.53594 NaN NaN NaN 201.57980 -101.07720 6.46297 294.26883 -166.77223 -49.24502 NaN NaN NaN 87.63373 -110.10567 -14.00962 5.17838 -189.83675 -76.37227
29583 1.54429 NaN NaN NaN 201.57840 -101.08382 6.45583 294.27094 -166.77049 -49.24847 NaN NaN NaN 87.60865 -110.11958 -13.99055 5.15605 -189.83145 -76.39545
29584 1.55264 NaN NaN NaN 201.57507 -101.07786 6.45015 294.25681 -166.77258 -49.25325 NaN NaN NaN 87.60437 -110.13247 -14.00668 5.14241 -189.82884 -76.40665
29585 1.56098 NaN NaN NaN 201.57234 -101.07415 6.44408 294.25806 -166.78532 -49.24525 NaN NaN NaN 87.60747 -110.14626 -14.00310 5.14934 -189.84720 -76.40161
29586 1.56933 NaN NaN NaN 201.56842 -101.07793 6.45092 294.26193 -166.79008 -49.25481 NaN NaN NaN 87.63773 -110.16027 -14.00826 5.16262 -189.85635 -76.39205
29587 1.57768 NaN NaN NaN 201.58589 -101.08327 6.45628 294.26431 -166.78165 -49.25267 NaN NaN NaN 87.63165 -110.15079 -13.98243 5.17459 -189.86212 -76.40785
29588 1.58602 NaN NaN NaN 201.58452 -101.09668 6.47272 294.25687 -166.77815 -49.25567 NaN NaN NaN 87.63622 -110.17809 -14.00495 5.16491 -189.85388 -76.42870
29589 1.59437 NaN NaN NaN 201.58896 -101.10286 6.46265 294.27023 -166.79544 -49.26337 NaN NaN NaN 87.63672 -110.16664 -13.98721 5.16888 -189.84203 -76.43153
29590 1.60272 NaN NaN NaN 201.59840 -101.09609 6.46074 294.26898 -166.82100 -49.26004 NaN NaN NaN 87.62907 -110.17598 -14.00771 5.17467 -189.82343 -76.42301
29591 1.61106 NaN NaN NaN 201.60632 -101.10455 6.44807 294.27994 -166.83629 -49.26019 NaN NaN NaN 87.63808 -110.18539 -14.00002 5.18428 -189.81070 -76.45644
29592 1.61941 NaN NaN NaN 201.60576 -101.11473 6.45913 294.28082 -166.84044 -49.25643 NaN NaN NaN 87.63638 -110.18746 -14.01434 5.20127 -189.80621 -76.45219
29593 1.62776 NaN NaN NaN 201.61342 -101.11752 6.44970 294.28864 -166.81357 -49.26277 NaN NaN NaN 87.65507 -110.20490 -14.00380 5.19316 -189.81549 -76.46128
29594 1.63610 NaN NaN NaN 201.60985 -101.11886 6.46224 294.28827 -166.82195 -49.26456 NaN NaN NaN 87.66360 -110.17850 -14.01355 5.20043 -189.81802 -76.46009
29595 1.64445 NaN NaN NaN 201.61305 -101.11109 6.44582 294.29324 -166.80333 -49.26342 NaN NaN NaN 87.66312 -110.20094 -13.99763 5.19205 -189.83665 -76.45046
29596 1.65280 NaN NaN NaN 201.62207 -101.10609 6.45575 294.28165 -166.80476 -49.26536 NaN NaN NaN 87.66438 -110.19802 -14.00788 5.18431 -189.84448 -76.41953
29597 1.66114 NaN NaN NaN 201.62115 -101.10138 6.44213 294.29245 -166.82050 -49.25774 NaN NaN NaN 87.66567 -110.22918 -13.96884 5.19061 -189.86598 -76.41322
29598 1.66949 NaN NaN NaN 201.60957 -101.11771 6.46621 294.28867 -166.83833 -49.25180 NaN NaN NaN 87.65686 -110.24777 -13.98561 5.18196 -189.88632 -76.41297
29599 1.67784 NaN NaN NaN 201.62239 -101.13692 6.44643 294.31021 -166.85345 -49.24358 NaN NaN NaN 87.66068 -110.26875 -13.95254 5.17465 -189.90431 -76.39985
29600 1.68618 NaN NaN NaN 201.62794 -101.14637 6.46464 294.29370 -166.87161 -49.24894 NaN NaN NaN 87.66217 -110.26553 -13.98218 5.18691 -189.91505 -76.37036
29601 1.69453 NaN NaN NaN 201.62051 -101.15807 6.46269 294.30179 -166.85858 -49.24463 NaN NaN NaN 87.66161 -110.23917 -13.96830 5.19705 -189.91695 -76.35461
29602 1.70288 NaN NaN NaN 201.61089 -101.14627 6.47593 294.29306 -166.85196 -49.24329 NaN NaN NaN 87.66441 -110.23167 -13.98498 5.18882 -189.93800 -76.35471
29603 1.71122 NaN NaN NaN 201.61592 -101.13747 6.45570 294.30844 -166.85336 -49.24500 NaN NaN NaN 87.65789 -110.24694 -13.94986 5.17623 -189.93260 -76.37543
29604 1.71957 NaN NaN NaN 201.62032 -101.10071 6.44535 294.29999 -166.86101 -49.25303 NaN NaN NaN 87.66235 -110.24462 -13.97527 5.18454 -189.93884 -76.36561
29605 1.72792 NaN NaN NaN 201.60722 -101.11971 6.46028 294.28900 -166.92314 -49.21621 NaN NaN NaN 87.66151 -110.25690 -13.94986 5.17362 -189.93149 -76.37338
29606 1.73626 NaN NaN NaN 201.59717 -101.13845 6.47803 294.28741 -166.88895 -49.22196 NaN NaN NaN 87.66666 -110.26290 -13.96645 5.18877 -189.93979 -76.35073
29607 1.74461 NaN NaN NaN 201.60925 -101.15848 6.47215 294.31107 -166.88245 -49.23795 NaN NaN NaN 87.64728 -110.25038 -13.95528 5.18045 -189.94234 -76.34853
29608 1.75296 NaN NaN NaN 201.61060 -101.15002 6.47838 294.29517 -166.86406 -49.24628 NaN NaN NaN 87.64129 -110.26244 -13.97888 5.16379 -189.93521 -76.38213
29609 1.76130 NaN NaN NaN 201.60565 -101.15292 6.46935 294.28049 -166.89441 -49.22823 NaN NaN NaN 87.65688 -110.26802 -13.94826 5.16583 -189.92618 -76.38895
29610 1.76965 NaN NaN NaN 201.59613 -101.14081 6.47604 294.28986 -166.85999 -49.24371 NaN NaN NaN 87.65927 -110.25191 -13.98425 5.17520 -189.92421 -76.39690
29611 1.77799 NaN NaN NaN 201.61000 -101.15067 6.47196 294.29935 -166.83705 -49.25158 NaN NaN NaN 87.65568 -110.23942 -13.96626 5.18156 -189.91756 -76.39220
29612 1.78634 NaN NaN NaN 201.61049 -101.13828 6.47495 294.28168 -166.82098 -49.26050 NaN NaN NaN 87.65086 -110.22560 -13.99676 5.18499 -189.91153 -76.40576
29613 1.79469 NaN NaN NaN 201.61960 -101.15201 6.45938 294.28857 -166.81859 -49.26674 NaN NaN NaN 87.65653 -110.24030 -13.95858 5.17150 -189.91081 -76.40030
29614 1.80303 NaN NaN NaN 201.61179 -101.16086 6.47695 294.29218 -166.82303 -49.26215 NaN NaN NaN 87.65233 -110.24644 -13.98543 5.17313 -189.90862 -76.40949
29615 1.81138 NaN NaN NaN 201.60350 -101.14972 6.47024 294.28815 -166.82111 -49.26278 NaN NaN NaN 87.65412 -110.24526 -13.96721 5.16901 -189.91264 -76.40002
29616 1.81973 NaN NaN NaN 201.59970 -101.14036 6.47855 294.28091 -166.83852 -49.29047 NaN NaN NaN 87.63946 -110.24683 -13.99376 5.17523 -189.91457 -76.40671
29617 1.82807 NaN NaN NaN 201.60516 -101.14885 6.49074 294.27505 -166.83752 -49.27378 NaN NaN NaN 87.64069 -110.24106 -13.97160 5.14479 -189.91086 -76.41982
29618 1.83642 NaN NaN NaN 201.60255 -101.14236 6.49021 294.27301 -166.82849 -49.28877 NaN NaN NaN 87.63058 -110.24879 -13.98254 5.15291 -189.92711 -76.41698
29619 1.84477 NaN NaN NaN 201.61275 -101.14944 6.48951 294.28485 -166.82239 -49.26917 NaN NaN NaN 87.64108 -110.25251 -13.96810 5.16315 -189.90671 -76.43064
29620 1.85311 NaN NaN NaN 201.60983 -101.14812 6.49194 294.27911 -166.83389 -49.26376 NaN NaN NaN 87.63451 -110.23874 -13.99720 5.17424 -189.90132 -76.45065
29621 1.86146 NaN NaN NaN 201.61481 -101.15286 6.48371 294.27625 -166.83530 -49.25571 NaN NaN NaN 87.63609 -110.23116 -13.97653 5.16392 -189.90160 -76.44746
29622 1.86981 NaN NaN NaN 201.62759 -101.11418 6.48364 294.28400 -166.85612 -49.25726 NaN NaN NaN 87.62746 -110.21896 -13.99433 5.18654 -189.91548 -76.44283
29623 1.87815 NaN NaN NaN 201.62732 -101.12358 6.48594 294.25021 -166.95721 -49.21722 NaN NaN NaN 87.62594 -110.22660 -13.97083 5.17244 -189.90820 -76.42573
29624 1.88650 NaN NaN NaN 201.60828 -101.12621 6.48681 294.26529 -166.92245 -49.23230 NaN NaN NaN 87.62717 -110.21434 -14.00279 5.18298 -189.90549 -76.43734
29625 1.89485 NaN NaN NaN 201.60376 -101.13091 6.49135 294.23550 -166.98180 -49.19688 NaN NaN NaN 87.62368 -110.21210 -13.97387 5.18565 -189.89497 -76.41734
29626 1.90319 NaN NaN NaN 201.60629 -101.13515 6.49603 294.25940 -166.91151 -49.23246 NaN NaN NaN 87.61475 -110.20323 -14.00432 5.18139 -189.89030 -76.43881
29627 1.91154 NaN NaN NaN 201.60890 -101.13783 6.48117 294.28537 -166.83937 -49.26791 NaN NaN NaN 87.62804 -110.21283 -13.97519 5.18227 -189.88513 -76.43754
29628 1.91989 NaN NaN NaN 201.59477 -101.12070 6.47928 294.28806 -166.80847 -49.27504 NaN NaN NaN 87.62450 -110.19942 -14.00482 5.18085 -189.87854 -76.41955
29629 1.92823 NaN NaN NaN 201.59854 -101.10309 6.46447 294.26801 -166.86659 -49.23616 NaN NaN NaN 87.63942 -110.21304 -13.97077 5.16484 -189.88065 -76.42811
29630 1.93658 NaN NaN NaN 201.59029 -101.09927 6.46830 294.27490 -166.83806 -49.25260 NaN NaN NaN 87.64017 -110.18974 -13.99639 5.15653 -189.88390 -76.43279
29631 1.94493 NaN NaN NaN 201.60175 -101.09862 6.44900 294.25278 -166.91977 -49.20604 NaN NaN NaN 87.63354 -110.19233 -13.97191 5.14915 -189.88441 -76.42675
29632 1.95327 NaN NaN NaN 201.59113 -101.08636 6.45920 294.26254 -166.86061 -49.23205 NaN NaN NaN 87.63941 -110.18498 -14.00277 5.16612 -189.87732 -76.42987
29633 1.96162 NaN NaN NaN 201.59639 -101.09393 6.45037 294.27499 -166.81117 -49.25224 NaN NaN NaN 87.64119 -110.18372 -13.97909 5.17319 -189.87946 -76.43252
29634 1.96997 NaN NaN NaN 201.59224 -101.09524 6.46102 294.27155 -166.77209 -49.26744 NaN NaN NaN 87.62692 -110.19553 -14.00826 5.16362 -189.88377 -76.43340
29635 1.97831 NaN NaN NaN 201.58812 -101.10225 6.45768 294.27606 -166.76701 -49.27490 NaN NaN NaN 87.62630 -110.20999 -13.98507 5.17013 -189.87447 -76.43992
29636 1.98666 NaN NaN NaN 201.58162 -101.10549 6.47240 294.27930 -166.76865 -49.26292 NaN NaN NaN 87.62483 -110.20735 -14.01220 5.16445 -189.87825 -76.44884
29637 1.99501 NaN NaN NaN 201.58977 -101.11105 6.47239 294.27844 -166.78424 -49.26232 NaN NaN NaN 87.63807 -110.20594 -14.00534 5.17496 -189.87195 -76.44321
29638 2.00335 NaN NaN NaN 201.59027 -101.11117 6.48226 294.29440 -166.81848 -49.25894 NaN NaN NaN 87.64988 -110.21585 -14.01994 5.18400 -189.86597 -76.45306
29639 2.01170 NaN NaN NaN 201.60339 -101.11629 6.45860 294.28751 -166.82332 -49.25904 NaN NaN NaN 87.63870 -110.23192 -14.01831 5.17849 -189.85397 -76.46784
29640 2.02004 NaN NaN NaN 201.60849 -101.12309 6.47518 294.28992 -166.82541 -49.25500 NaN NaN NaN 87.64074 -110.25171 -14.04981 5.20540 -189.86018 -76.49673
29641 2.02839 NaN NaN NaN 201.60970 -101.12080 6.45395 294.26868 -166.89496 -49.22110 NaN NaN NaN 87.65266 -110.23734 -14.04149 5.21196 -189.86111 -76.49660
29642 2.03674 NaN NaN NaN 201.61479 -101.12202 6.46151 294.27689 -166.88583 -49.23643 NaN NaN NaN 87.66198 -110.23022 -14.02806 5.22060 -189.87054 -76.50666
29643 2.04508 NaN NaN NaN 201.61957 -101.13136 6.44378 294.30444 -166.84512 -49.25965 NaN NaN NaN 87.67521 -110.23395 -14.03822 5.22215 -189.87384 -76.51689
29644 2.05343 NaN NaN NaN 201.61397 -101.14758 6.45582 294.30228 -166.84209 -49.29059 NaN NaN NaN 87.67455 -110.24877 -14.08244 5.22755 -189.87770 -76.51888
29645 2.06178 NaN NaN NaN 201.62993 -101.15825 6.45138 294.31216 -166.81802 -49.28925 NaN NaN NaN 87.67861 -110.25806 -14.06184 5.23796 -189.88408 -76.53820
29646 2.07012 NaN NaN NaN 201.64990 -101.16158 6.43567 294.30933 -166.81952 -49.30504 NaN NaN NaN 87.68694 -110.28947 -14.07738 5.24862 -189.91631 -76.56295
29647 2.07847 NaN NaN NaN 201.64775 -101.15249 6.43500 294.32230 -166.84573 -49.27653 NaN NaN NaN 87.70145 -110.30705 -14.08679 5.25375 -189.90367 -76.55446
29648 2.08682 NaN NaN NaN 201.64444 -101.14952 6.44903 294.31598 -166.86127 -49.29075 NaN NaN NaN 87.68118 -110.30268 -14.11671 5.26877 -189.91432 -76.55325
29649 2.09516 NaN NaN NaN 201.62674 -101.16039 6.45348 294.28729 -166.97997 -49.21399 NaN NaN NaN 87.70555 -110.29267 -14.11254 5.25156 -189.90620 -76.54832
29650 2.10351 NaN NaN NaN 201.63557 -101.17105 6.43680 294.30338 -166.94429 -49.25798 NaN NaN NaN 87.72224 -110.29866 -14.08681 5.27209 -189.90128 -76.55016
29651 2.11186 NaN NaN NaN 201.64140 -101.17179 6.42002 294.33652 -166.90950 -49.25983 NaN NaN NaN 87.73267 -110.29102 -14.11431 5.28198 -189.90617 -76.56088
29652 2.12020 NaN NaN NaN 201.63904 -101.17174 6.41409 294.31766 -166.85765 -49.29879 NaN NaN NaN 87.71313 -110.26269 -14.12858 5.28304 -189.91180 -76.59268
29653 2.12855 NaN NaN NaN 201.61906 -101.16544 6.40927 294.31335 -166.82919 -49.28736 NaN NaN NaN 87.70467 -110.26005 -14.15608 5.28410 -189.93681 -76.60226
29654 2.13690 NaN NaN NaN 201.60754 -101.16425 6.40484 294.30389 -166.81953 -49.27736 NaN NaN NaN 87.70663 -110.26718 -14.16614 5.27985 -189.94168 -76.62151
29655 2.14524 NaN NaN NaN 201.60941 -101.15384 6.39938 294.31058 -166.85828 -49.26829 NaN NaN NaN 87.73032 -110.25995 -14.16799 5.28393 -189.92146 -76.62122
29656 2.15359 NaN NaN NaN 201.60851 -101.13670 6.38674 294.29736 -166.86278 -49.25542 NaN NaN NaN 87.73058 -110.26263 -14.16877 5.27755 -189.91302 -76.62097
29657 2.16194 NaN NaN NaN 201.60077 -101.14638 6.38741 294.30658 -166.84807 -49.26031 NaN NaN NaN 87.73421 -110.26189 -14.14557 5.26833 -189.88881 -76.63768
29658 2.17028 NaN NaN NaN 201.57742 -101.14523 6.38830 294.30295 -166.87004 -49.25912 NaN NaN NaN 87.71625 -110.25880 -14.15680 5.28609 -189.88268 -76.63113
29659 2.17863 NaN NaN NaN 201.58047 -101.14658 6.37961 294.29886 -166.84079 -49.25561 NaN NaN NaN 87.72192 -110.23707 -14.17251 5.27687 -189.85457 -76.60445
29660 2.18698 NaN NaN NaN 201.57504 -101.12063 6.37652 294.29926 -166.84999 -49.25254 NaN NaN NaN 87.70789 -110.21927 -14.18074 5.28304 -189.85117 -76.63871
29661 2.19532 NaN NaN NaN 201.56955 -101.12811 6.36808 294.28970 -166.80891 -49.24689 NaN NaN NaN 87.71819 -110.21114 -14.17623 5.27448 -189.82904 -76.63288
29662 2.20367 NaN NaN NaN 201.54651 -101.10492 6.37989 294.28146 -166.80383 -49.24261 NaN NaN NaN 87.70819 -110.21445 -14.18147 5.25692 -189.82883 -76.63985
29663 2.21202 NaN NaN NaN 201.55020 -101.10804 6.36221 294.26352 -166.78900 -49.23165 NaN NaN NaN 87.72421 -110.22344 -14.15532 5.26001 -189.83728 -76.62601
29664 2.22036 NaN NaN NaN 201.53180 -101.09480 6.35050 294.25952 -166.80519 -49.22807 NaN NaN NaN 87.70574 -110.18071 -14.17055 5.26910 -189.82217 -76.65458
29665 2.22871 NaN NaN NaN 201.54550 -101.02478 6.31321 294.26938 -166.79251 -49.22271 NaN NaN NaN 87.70926 -110.18750 -14.18078 5.26820 -189.80455 -76.64934
29666 2.23706 NaN NaN NaN 201.51981 -101.02501 6.32347 294.27972 -166.76788 -49.20243 NaN NaN NaN 87.69658 -110.19537 -14.19271 5.26432 -189.80534 -76.68006
29667 2.24540 NaN NaN NaN 201.50545 -101.02802 6.32414 294.27811 -166.78391 -49.20964 NaN NaN NaN 87.70104 -110.20249 -14.19097 5.27594 -189.80003 -76.67449
29668 2.25375 NaN NaN NaN 201.52332 -101.00857 6.30621 294.25983 -166.77739 -49.20678 NaN NaN NaN 87.70832 -110.18763 -14.19684 5.26730 -189.79802 -76.69851
29669 2.26210 NaN NaN NaN 201.52960 -100.97363 6.27129 294.25491 -166.79556 -49.20813 NaN NaN NaN 87.71771 -110.17702 -14.19359 5.27572 -189.80734 -76.69450
29670 2.27044 NaN NaN NaN 201.50661 -100.98775 6.29458 294.22403 -166.85590 -49.13418 NaN NaN NaN 87.71944 -110.17110 -14.20624 5.27796 -189.81653 -76.70365
29671 2.27879 NaN NaN NaN 201.48560 -101.02499 6.28792 294.20956 -166.86676 -49.15130 NaN NaN NaN 87.70445 -110.18425 -14.20305 5.26356 -189.84062 -76.69199
29672 2.28713 NaN NaN NaN 201.45366 -100.99847 6.27753 294.19302 -166.90842 -49.09785 NaN NaN NaN 87.70983 -110.19404 -14.19305 5.27088 -189.84537 -76.67911
