Frame# Time LH1 LH2 LH3 RH1 RH2 RH3
X54 Y54 Z54 X55 Y55 Z55 X56 Y56 Z56 X57 Y57 Z57 X58 Y58 Z58 X59 Y59 Z59
33891 0.00091 NaN NaN NaN 149.75647 -105.01589 -31.66082 253.23578 -175.51593 -15.85097 NaN NaN NaN 5.31950 -195.75876 30.08922 -45.31573 -209.62444 -89.19999
33892 0.00924 NaN NaN NaN 149.76178 -104.99232 -31.69498 253.26024 -175.51814 -15.87039 NaN NaN NaN 5.48245 -195.75296 29.99070 -44.58115 -209.18976 -89.66226
33893 0.01757 NaN NaN NaN 149.76186 -104.88284 -31.71779 253.29900 -175.51314 -15.88017 NaN NaN NaN 5.63123 -195.73859 29.84296 -43.86644 -208.72348 -90.12187
33894 0.02590 NaN NaN NaN 149.81331 -104.81036 -31.69450 253.34641 -175.53700 -15.90773 NaN NaN NaN 5.83205 -195.70425 29.67381 -43.20783 -208.36339 -90.48221
33895 0.03423 NaN NaN NaN 149.83176 -104.76206 -31.69907 253.36703 -175.53784 -15.91892 NaN NaN NaN 6.02386 -195.63956 29.52118 -42.60335 -207.95827 -90.84147
33896 0.04256 NaN NaN NaN 149.84496 -104.74126 -31.66300 253.38898 -175.54121 -15.89768 NaN NaN NaN 6.25125 -195.53899 29.40159 -41.97711 -207.60866 -91.18478
33897 0.05089 NaN NaN NaN 149.84581 -104.80101 -31.64308 253.37909 -175.55043 -15.86807 NaN NaN NaN 6.43559 -195.42012 29.24484 -41.34789 -207.20201 -91.48672
33898 0.05923 NaN NaN NaN 149.83636 -104.85485 -31.63226 253.35945 -175.54028 -15.80157 NaN NaN NaN 6.61750 -195.28859 29.13574 -40.64870 -206.78864 -91.76408
33899 0.06756 NaN NaN NaN 149.80490 -104.91164 -31.62416 253.34787 -175.55934 -15.72653 NaN NaN NaN 6.81830 -195.15955 29.08173 -39.95010 -206.33064 -92.04240
33900 0.07589 NaN NaN NaN 149.80035 -104.86394 -31.55403 253.30374 -175.56320 -15.63659 NaN NaN NaN 6.96716 -195.04555 29.03184 -39.23287 -205.87634 -92.35842
33901 0.08422 NaN NaN NaN 149.80115 -104.90250 -31.46630 253.27467 -175.52971 -15.57561 NaN NaN NaN 7.11468 -194.94949 28.95584 -38.54764 -205.37024 -92.74583
33902 0.09255 NaN NaN NaN 149.80699 -104.90212 -31.46506 253.25835 -175.52206 -15.54228 NaN NaN NaN 7.33212 -194.81110 28.84648 -37.86189 -204.89844 -93.08751
33903 0.10088 NaN NaN NaN 149.79082 -104.89880 -31.46386 253.23396 -175.49638 -15.54146 NaN NaN NaN 7.59034 -194.61522 28.71078 -37.14328 -204.36996 -93.38834
33904 0.10921 NaN NaN NaN 149.80482 -104.89578 -31.50006 253.23312 -175.50301 -15.53415 NaN NaN NaN 7.91277 -194.37990 28.52545 -36.47678 -203.88733 -93.67220
33905 0.11754 NaN NaN NaN 149.79572 -104.89958 -31.52127 253.23645 -175.53973 -15.54749 NaN NaN NaN 8.22405 -194.14989 28.32645 -35.85957 -203.42766 -93.95232
33906 0.12588 NaN NaN NaN 149.81097 -104.89088 -31.55626 253.26122 -175.56264 -15.57401 NaN NaN NaN 8.57398 -193.91719 28.15045 -35.27357 -202.97256 -94.25543
33907 0.13421 NaN NaN NaN 149.83850 -104.91600 -31.54120 253.28813 -175.61023 -15.58613 NaN NaN NaN 8.92992 -193.66394 27.99498 -34.71644 -202.48346 -94.53474
33908 0.14254 NaN NaN NaN 149.88887 -104.95465 -31.51266 253.32565 -175.67328 -15.60759 NaN NaN NaN 9.32102 -193.35466 27.80830 -34.25928 -202.05655 -94.76595
33909 0.15087 NaN NaN NaN 149.91318 -104.99759 -31.39753 253.38277 -175.75478 -15.61330 NaN NaN NaN 9.71451 -192.96054 27.58274 -33.88797 -201.69711 -94.95069
33910 0.15920 NaN NaN NaN 149.92712 -105.01200 -31.29838 253.40817 -175.80231 -15.60858 NaN NaN NaN 10.11624 -192.60173 27.38162 -33.63818 -201.41121 -95.12264
33911 0.16753 NaN NaN NaN 149.97620 -105.08814 -31.27052 253.43686 -175.84424 -15.58446 NaN NaN NaN 10.46267 -192.25044 27.21135 -33.50404 -201.26450 -95.20834
33912 0.17586 NaN NaN NaN 150.00757 -105.14051 -31.23954 253.48035 -175.84157 -15.56601 NaN NaN NaN 10.69182 -191.95338 27.10057 -33.50629 -201.24191 -95.23938
33913 0.18419 NaN NaN NaN 150.02602 -105.13599 -31.23817 253.48355 -175.82867 -15.51770 NaN NaN NaN 10.89442 -191.71173 27.00578 -33.64842 -201.31073 -95.16660
33914 0.19253 NaN NaN NaN 150.02385 -105.08775 -31.20193 253.50241 -175.77107 -15.48630 NaN NaN NaN 11.01090 -191.47310 27.06820 -33.97322 -201.54553 -94.91125
33915 0.20086 NaN NaN NaN 150.02426 -105.03483 -31.16642 253.52026 -175.70270 -15.41084 NaN NaN NaN 11.02487 -191.25824 27.15859 -34.36243 -201.75957 -94.57825
33916 0.20919 NaN NaN NaN 150.03696 -105.02429 -31.11790 253.53268 -175.65306 -15.34147 NaN NaN NaN 10.95758 -191.07849 27.31075 -34.86382 -202.13626 -94.15191
33917 0.21752 NaN NaN NaN 150.05295 -105.03529 -31.07971 253.52483 -175.60518 -15.28836 NaN NaN NaN 10.79472 -191.01639 27.57955 -35.39784 -202.51595 -93.78817
33918 0.22585 NaN NaN NaN 150.06017 -105.04724 -31.04154 253.54268 -175.62334 -15.26140 NaN NaN NaN 10.48464 -191.04126 27.79459 -35.92527 -202.86810 -93.44384
33919 0.23418 NaN NaN NaN 149.99182 -105.07806 -31.02062 253.57126 -175.65422 -15.25342 NaN NaN NaN 10.08684 -191.11543 28.06635 -36.37617 -203.14926 -93.14508
33920 0.24251 NaN NaN NaN 150.00650 -105.10110 -30.91406 253.60600 -175.70943 -15.25350 NaN NaN NaN 9.67993 -191.21545 28.24297 -36.76717 -203.32841 -92.94990
33921 0.25085 NaN NaN NaN 150.04366 -105.16059 -30.82917 253.63916 -175.75330 -15.23926 NaN NaN NaN 9.23209 -191.35933 28.38236 -37.07748 -203.44443 -92.87411
33922 0.25918 NaN NaN NaN 150.08090 -105.22868 -30.77169 253.66470 -175.78778 -15.22765 NaN NaN NaN 8.86957 -191.54784 28.43739 -37.35753 -203.50575 -92.81786
33923 0.26751 NaN NaN NaN 150.08620 -105.22520 -30.81082 253.69241 -175.80260 -15.19478 NaN NaN NaN 8.62164 -191.69637 28.48985 -37.71319 -203.59004 -92.72746
33924 0.27584 NaN NaN NaN 150.11047 -105.17567 -30.76990 253.68843 -175.80692 -15.17637 NaN NaN NaN 8.58460 -191.71541 28.49934 -38.22234 -203.80199 -92.52423
33925 0.28417 NaN NaN NaN 150.09203 -105.17513 -30.78367 253.69063 -175.76422 -15.12891 NaN NaN NaN 8.74981 -191.60457 28.48063 -38.89152 -204.16609 -92.21523
33926 0.29250 NaN NaN NaN 150.05608 -105.11780 -30.83265 253.66125 -175.68883 -15.05541 NaN NaN NaN 9.12737 -191.34413 28.45820 -39.59608 -204.56773 -91.81120
33927 0.30083 NaN NaN NaN 150.01930 -105.13594 -30.86270 253.60698 -175.64349 -15.00343 NaN NaN NaN 9.59558 -191.01958 28.41453 -40.24950 -205.07335 -91.25012
33928 0.30916 NaN NaN NaN 150.00294 -105.09021 -30.92627 253.53397 -175.58180 -14.97903 NaN NaN NaN 10.13559 -190.65192 28.37426 -40.81829 -205.58734 -90.71367
33929 0.31750 NaN NaN NaN 150.01616 -104.92416 -30.96666 253.45691 -175.51726 -14.93139 NaN NaN NaN 10.79895 -190.26187 28.23687 -41.23327 -206.06326 -90.21474
33930 0.32583 NaN NaN NaN 150.02788 -104.72260 -31.04164 253.37189 -175.41986 -14.84485 NaN NaN NaN 11.45532 -189.91963 28.04339 -41.53428 -206.42958 -89.88047
33931 0.33416 NaN NaN NaN 150.01097 -104.56937 -31.19243 253.27762 -175.35596 -14.75082 NaN NaN NaN 11.78323 -189.68834 27.91745 -41.59617 -206.67732 -89.78231
33932 0.34249 NaN NaN NaN 149.96573 -104.48350 -31.28639 253.18871 -175.32034 -14.63415 NaN NaN NaN 11.73807 -189.73514 27.87080 -41.39003 -206.67348 -89.95629
33933 0.35082 NaN NaN NaN 149.90753 -104.43410 -31.45376 253.09726 -175.28758 -14.53775 NaN NaN NaN 11.53344 -190.01215 27.88104 -40.96920 -206.45734 -90.33672
33934 0.35915 NaN NaN NaN 149.86023 -104.41281 -31.56587 253.05130 -175.29066 -14.44278 NaN NaN NaN 11.33993 -190.28534 27.89284 -40.48896 -206.13536 -90.71306
33935 0.36748 NaN NaN NaN 149.77768 -104.49543 -31.67636 252.96553 -175.29301 -14.36150 NaN NaN NaN 11.29668 -190.45532 27.90473 -40.05120 -205.78979 -90.98930
33936 0.37581 NaN NaN NaN 149.73975 -104.54505 -31.81418 252.89330 -175.29829 -14.24681 NaN NaN NaN 11.34148 -190.52238 27.84402 -39.65410 -205.57785 -91.23626
33937 0.38415 NaN NaN NaN 149.73599 -104.61084 -31.82078 252.85204 -175.29784 -14.15227 NaN NaN NaN 11.44393 -190.56274 27.70304 -39.22104 -205.34334 -91.50077
33938 0.39248 NaN NaN NaN 149.78236 -104.71308 -31.78011 252.89900 -175.32286 -14.04334 NaN NaN NaN 11.55999 -190.63446 27.58735 -38.73818 -205.16086 -91.82386
33939 0.40081 NaN NaN NaN 149.87128 -104.73524 -31.68686 252.97380 -175.36725 -13.93130 NaN NaN NaN 11.69007 -190.74042 27.45560 -38.27995 -204.95680 -92.10947
33940 0.40914 NaN NaN NaN 150.04797 -104.65104 -31.48256 253.11880 -175.42027 -13.76586 NaN NaN NaN 11.87117 -190.77832 27.30624 -37.85453 -204.74525 -92.33021
33941 0.41747 NaN NaN NaN 150.21341 -104.62755 -31.29872 253.27486 -175.48042 -13.55511 NaN NaN NaN 12.08869 -190.84184 27.20915 -37.38457 -204.50861 -92.53531
33942 0.42580 NaN NaN NaN 150.40181 -104.73991 -31.02414 253.49515 -175.57532 -13.32573 NaN NaN NaN 12.29640 -190.91321 27.15600 -36.96886 -204.26186 -92.75076
33943 0.43413 NaN NaN NaN 150.58693 -104.84895 -30.58453 253.73582 -175.77780 -13.03588 NaN NaN NaN 12.48227 -191.02678 27.08397 -36.49125 -204.03296 -92.99290
33944 0.44247 NaN NaN NaN 150.79178 -105.03737 -30.01066 254.03766 -175.97981 -12.66430 NaN NaN NaN 12.58855 -191.17398 27.05084 -35.98710 -203.69836 -93.23786
33945 0.45080 NaN NaN NaN 151.09888 -105.23824 -29.15891 254.38335 -176.21902 -12.17191 NaN NaN NaN 12.55838 -191.37585 27.03833 -35.36840 -203.35893 -93.55415
33946 0.45913 NaN NaN NaN 151.44714 -105.42904 -28.11281 254.85159 -176.41414 -11.49263 NaN NaN NaN 12.43772 -191.61890 27.03106 -34.68542 -202.95638 -93.94720
33947 0.46746 NaN NaN NaN 151.94975 -105.48394 -26.64839 255.36163 -176.50865 -10.36867 NaN NaN NaN 12.14281 -191.88809 27.02754 -33.92305 -202.49567 -94.45110
33948 0.47579 NaN NaN NaN 152.48083 -105.42244 -24.89531 255.92421 -176.46570 -8.71204 NaN NaN NaN 11.72371 -192.21098 27.00411 -33.08706 -201.86130 -95.02174
33949 0.48412 NaN NaN NaN 153.08200 -105.25632 -22.68947 256.56137 -176.31215 -6.44846 NaN NaN NaN 11.14475 -192.63493 26.91183 -32.16674 -201.18964 -95.70112
33950 0.49245 NaN NaN NaN 153.79315 -105.04774 -19.85434 257.32825 -176.03300 -3.58860 NaN NaN NaN 10.41131 -193.07385 26.83989 -31.19529 -200.45799 -96.48625
33951 0.50078 NaN NaN NaN 154.77156 -104.66110 -16.11564 258.28427 -175.70444 -0.36630 NaN NaN NaN 9.54835 -193.53648 26.76997 -30.14854 -199.69075 -97.22224
33952 0.50912 NaN NaN NaN 155.81100 -104.43871 -11.67160 259.53525 -175.39423 3.18529 NaN NaN NaN 8.69680 -193.94833 26.77641 -29.05063 -198.88315 -97.87580
33953 0.51745 NaN NaN NaN 157.07324 -104.45171 -6.37840 261.17758 -175.17015 6.87785 NaN NaN NaN 7.81895 -194.37700 26.85605 -27.91929 -198.00400 -98.41816
33954 0.52578 NaN NaN NaN 158.65121 -104.49734 -0.15788 263.04550 -175.02345 10.71781 NaN NaN NaN 6.86703 -194.75354 26.99779 -26.85346 -197.21129 -98.84371
33955 0.53411 NaN NaN NaN 160.28801 -104.69069 6.55109 265.06903 -174.88118 14.72521 NaN NaN NaN 5.89161 -195.04634 27.26016 -25.82845 -196.29793 -99.08507
33956 0.54244 NaN NaN NaN 162.17737 -104.71149 13.54893 267.19058 -174.71614 19.03918 NaN NaN NaN 4.98359 -195.14236 27.55934 -25.08327 -195.67218 -99.28724
33957 0.55077 NaN NaN NaN 164.26909 -104.37810 20.69622 269.40237 -174.48201 23.59968 NaN NaN NaN 4.31322 -195.08441 27.88422 -24.64067 -195.18805 -99.28297
33958 0.55910 NaN NaN NaN 166.47475 -103.95965 28.01888 271.69717 -174.04274 28.36959 NaN NaN NaN 3.80780 -194.93489 28.20824 -24.50602 -194.87799 -99.01650
33959 0.56743 NaN NaN NaN 168.86911 -103.22097 35.41641 274.01758 -173.50824 33.28412 NaN NaN NaN 3.40795 -194.88007 28.44599 -24.61917 -194.78265 -98.78650
33960 0.57577 NaN NaN NaN 171.14639 -102.70934 42.59963 276.39954 -172.82175 38.40332 NaN NaN NaN 2.88044 -194.89189 28.61738 -24.82162 -194.61404 -98.67385
33961 0.58410 NaN NaN NaN 173.37932 -102.13532 49.65379 278.80414 -172.06302 43.68955 NaN NaN NaN 2.25034 -195.02565 28.67820 -25.07323 -194.43274 -98.67043
33962 0.59243 NaN NaN NaN 175.67809 -101.48502 56.64058 281.13641 -171.21944 48.99568 NaN NaN NaN 1.58479 -195.23203 28.64007 -25.41243 -194.20302 -98.75266
33963 0.60076 NaN NaN NaN 178.06087 -100.86273 63.49035 283.42618 -170.42216 54.26914 NaN NaN NaN 1.06704 -195.42404 28.56909 -25.90016 -194.00920 -98.86013
33964 0.60909 NaN NaN NaN 180.37114 -100.05769 70.09576 285.67804 -169.59004 59.51731 NaN NaN NaN 0.76225 -195.39980 28.45853 -26.48948 -193.95882 -98.87737
33965 0.61742 NaN NaN NaN 182.51825 -99.21617 76.54010 287.87616 -168.75186 64.69454 NaN NaN NaN 0.53117 -195.59531 28.48297 -27.15407 -193.93805 -98.84257
33966 0.62575 NaN NaN NaN 184.58304 -98.43072 82.96735 289.99155 -167.83615 69.68217 NaN NaN NaN 0.51381 -195.60582 28.41144 -27.77774 -193.98532 -98.73065
33967 0.63409 NaN NaN NaN 186.92546 -97.88274 88.70893 292.03937 -166.95970 74.56942 NaN NaN NaN 0.61141 -195.64832 28.36762 -28.42715 -194.08432 -98.61986
33968 0.64242 NaN NaN NaN 189.11716 -97.18864 94.10821 293.98599 -166.14983 79.24199 NaN NaN NaN 0.84407 -195.74136 28.31013 -29.03903 -194.26826 -98.49955
33969 0.65075 NaN NaN NaN 191.26715 -96.46494 99.68236 295.87433 -165.71083 83.56664 NaN NaN NaN 1.18890 -195.82631 28.25174 -29.63371 -194.51154 -98.37072
33970 0.65908 NaN NaN NaN 193.12279 -95.84775 104.86104 297.63770 -165.25615 87.59955 NaN NaN NaN 1.56230 -195.97173 28.14912 -30.10429 -194.69530 -98.29064
33971 0.66741 NaN NaN NaN 194.95775 -95.29668 109.39852 299.26108 -164.79346 91.30873 NaN NaN NaN 1.99909 -196.16142 27.97386 -30.44397 -194.77478 -98.20548
33972 0.67574 NaN NaN NaN 196.73334 -94.87086 113.90710 300.77493 -164.41240 94.61185 NaN NaN NaN 2.45589 -196.31421 27.78606 -30.66042 -194.86038 -98.22281
33973 0.68407 NaN NaN NaN 198.52472 -94.66727 118.37569 302.20947 -164.28366 97.50632 NaN NaN NaN 2.91503 -196.49414 27.56683 -30.75182 -194.85492 -98.31528
33974 0.69240 NaN NaN NaN 200.34006 -94.52012 122.12159 303.53946 -164.28963 100.01481 NaN NaN NaN 3.38303 -196.66739 27.28506 -30.74987 -194.76704 -98.42577
33975 0.70074 NaN NaN NaN 201.98262 -94.44778 125.44968 304.74524 -164.46082 102.21550 NaN NaN NaN 3.82673 -196.83455 26.97200 -30.62228 -194.65540 -98.66902
33976 0.70907 NaN NaN NaN 203.50348 -94.52566 128.33580 305.85049 -164.80179 103.99240 NaN NaN NaN 4.24728 -196.97583 26.67916 -30.43738 -194.55006 -98.97073
33977 0.71740 NaN NaN NaN 204.94276 -94.64713 130.67647 306.83826 -165.29376 105.37251 NaN NaN NaN 4.68484 -197.08145 26.46006 -30.20465 -194.50063 -99.27550
33978 0.72573 NaN NaN NaN 206.22539 -95.01798 133.00122 307.69009 -165.89752 106.40778 NaN NaN NaN 5.15130 -197.09503 26.19742 -29.91314 -194.40657 -99.43500
33979 0.73406 NaN NaN NaN 207.47452 -95.55476 134.77414 308.44797 -166.67212 107.04153 NaN NaN NaN 5.67089 -197.02588 26.00501 -29.59348 -194.25935 -99.53942
33980 0.74239 NaN NaN NaN 208.55540 -96.37770 136.32455 309.13464 -167.59244 107.23880 NaN NaN NaN 6.22530 -196.88158 25.83706 -29.24315 -194.18143 -99.65220
33981 0.75072 NaN NaN NaN 209.58664 -97.46608 137.44423 309.73605 -168.83932 107.06229 NaN NaN NaN 6.83061 -196.63206 25.75036 -28.92434 -194.06595 -99.63275
33982 0.75905 NaN NaN NaN 210.59030 -98.72760 138.08531 310.28821 -170.18843 106.42303 NaN NaN NaN 7.48506 -196.31981 25.67773 -28.57569 -193.98291 -99.52668
33983 0.76739 NaN NaN NaN 211.55774 -100.21024 138.29095 310.72983 -171.73712 105.24386 NaN NaN NaN 8.19508 -195.92418 25.65382 -28.25061 -193.97823 -99.43109
33984 0.77572 NaN NaN NaN 212.38211 -102.03641 138.24707 311.10437 -173.35905 103.64941 NaN NaN NaN 8.98289 -195.49846 25.68180 -27.95693 -194.01579 -99.30965
33985 0.78405 NaN NaN NaN 213.07808 -104.06135 137.76823 311.46362 -175.10046 101.59025 NaN NaN NaN 9.84296 -194.95665 25.69688 -27.67885 -194.02092 -99.15365
33986 0.79238 NaN NaN NaN 213.63503 -106.42603 136.80457 311.77191 -176.92320 99.00828 NaN NaN NaN 10.78469 -194.36920 25.64866 -27.38076 -194.10065 -98.96475
33987 0.80071 NaN NaN NaN 214.08815 -109.01342 135.27766 312.02893 -178.79111 96.07887 NaN NaN NaN 11.82325 -193.67007 25.58144 -27.15725 -194.15131 -98.73886
33988 0.80904 NaN NaN NaN 214.35329 -111.87894 133.31908 312.28635 -180.80551 92.49621 NaN NaN NaN 12.92968 -192.90179 25.57653 -26.90807 -194.21463 -98.45235
33989 0.81737 NaN NaN NaN 214.53987 -115.04847 130.78328 312.46399 -182.93185 88.49454 NaN NaN NaN 14.06947 -192.14023 25.48595 -26.70521 -194.27527 -98.26992
33990 0.82570 NaN NaN NaN 214.59712 -118.51876 127.80489 312.65317 -185.13290 83.97192 NaN NaN NaN 15.27550 -191.35089 25.31693 -26.67810 -194.56487 -97.93742
33991 0.83404 NaN NaN NaN 214.44302 -122.30714 124.28429 312.92184 -187.40225 78.95076 NaN NaN NaN 16.44696 -190.57788 25.12149 -26.50123 -194.64465 -97.75085
33992 0.84237 NaN NaN NaN 214.46092 -126.18633 120.34171 313.18640 -189.74480 73.59187 NaN NaN NaN 17.60596 -189.87842 24.86843 -26.34699 -194.59459 -97.66499
33993 0.85070 NaN NaN NaN 214.01740 -130.31827 115.85748 313.51318 -191.94228 67.95975 NaN NaN NaN 18.69201 -189.17453 24.60360 -26.25237 -194.48387 -97.53330
33994 0.85903 NaN NaN NaN 213.20923 -134.35869 110.81546 313.83121 -193.76930 62.17444 NaN NaN NaN 19.72040 -188.54874 24.32604 -26.31446 -194.46587 -97.39360
33995 0.86736 NaN NaN NaN 212.41322 -138.47508 105.18752 314.23230 -195.49855 56.35812 NaN NaN NaN 20.65273 -187.98221 24.06043 -26.45397 -194.61029 -97.23061
33996 0.87569 NaN NaN NaN 211.63390 -142.43323 99.24062 314.64825 -197.04794 50.39046 NaN NaN NaN 21.47570 -187.53273 23.82680 -26.70780 -194.86377 -97.02856
33997 0.88402 NaN NaN NaN 210.88235 -146.30162 93.27216 315.04507 -198.59100 44.24807 NaN NaN NaN 22.24905 -187.21774 23.62147 -27.04452 -195.13652 -96.71632
33998 0.89236 NaN NaN NaN 210.29697 -150.08635 87.19032 315.43869 -200.05522 37.76693 NaN NaN NaN 22.89929 -186.94742 23.43736 -27.40713 -195.46187 -96.43130
33999 0.90069 NaN NaN NaN 209.90291 -153.84406 81.17567 315.84348 -201.51588 31.21908 NaN NaN NaN 23.52371 -186.75597 23.16565 -27.79214 -195.80547 -96.12317
34000 0.90902 NaN NaN NaN 209.82098 -157.58884 75.20325 316.25455 -203.00148 24.33319 NaN NaN NaN 24.07094 -186.45264 23.01706 -28.19502 -196.16289 -95.87173
34001 0.91735 NaN NaN NaN 209.83798 -161.19281 69.08084 316.72162 -204.38989 17.16418 NaN NaN NaN 24.57579 -186.20296 22.86464 -28.63233 -196.45848 -95.63370
34002 0.92568 NaN NaN NaN 210.05334 -164.52170 63.00389 317.39822 -205.83095 10.08485 NaN NaN NaN 25.00583 -185.95502 22.64751 -29.13326 -196.70537 -95.35851
34003 0.93401 NaN NaN NaN 210.37170 -167.50955 56.89950 317.81226 -206.71631 2.80132 NaN NaN NaN 25.49778 -185.68329 22.44597 -29.57751 -196.92705 -94.99532
34004 0.94234 NaN NaN NaN 210.58444 -170.08185 50.71618 318.29736 -207.27299 -4.19204 NaN NaN NaN 26.06678 -185.36108 22.28572 -30.06661 -197.22757 -94.68671
34005 0.95067 NaN NaN NaN 210.67178 -172.19838 44.47562 318.79965 -207.40240 -10.81053 NaN NaN NaN 26.64600 -184.95438 22.10536 -30.59373 -197.53607 -94.30721
34006 0.95901 NaN NaN NaN 210.57896 -173.85236 38.27604 319.25854 -207.17706 -17.10302 NaN NaN NaN 27.25932 -184.50238 21.94438 -31.14002 -197.93852 -93.84689
34007 0.96734 NaN NaN NaN 210.46750 -175.04813 32.15658 319.66583 -206.75789 -23.16658 NaN NaN NaN 27.89178 -183.99632 21.81301 -31.71747 -198.32033 -93.33338
34008 0.97567 NaN NaN NaN 210.30609 -176.00409 26.19025 320.03925 -206.38017 -28.86716 NaN NaN NaN 28.50241 -183.50587 21.65136 -32.20192 -198.64293 -92.75352
34009 0.98400 NaN NaN NaN 210.02591 -176.82645 20.46678 320.20938 -206.24750 -33.57734 NaN NaN NaN 29.05822 -183.04222 21.51548 -32.56705 -198.93256 -92.24975
34010 0.99233 NaN NaN NaN 209.33401 -177.51241 14.82758 320.24432 -206.13495 -37.18711 NaN NaN NaN 29.57372 -182.61960 21.39589 -32.86057 -199.19547 -91.81036
34011 1.00066 NaN NaN NaN 208.29782 -178.05200 9.46726 319.92233 -206.05305 -39.63565 NaN NaN NaN 30.06129 -182.20122 21.26094 -33.16188 -199.42947 -91.40551
34012 1.00899 NaN NaN NaN 207.04723 -178.40784 4.86904 319.52164 -206.01402 -41.21954 NaN NaN NaN 30.56419 -181.81725 21.14411 -33.35468 -199.63423 -91.02006
34013 1.01732 NaN NaN NaN 206.37135 -178.11716 2.40375 319.04398 -206.12080 -41.94016 NaN NaN NaN 31.11144 -181.39201 21.00942 -33.47394 -199.83969 -90.66337
34014 1.02566 NaN NaN NaN 205.86484 -177.73244 1.57170 318.59137 -206.16966 -42.15922 NaN NaN NaN 31.70846 -180.96231 20.81790 -33.59970 -200.09779 -90.32300
34015 1.03399 NaN NaN NaN 205.66077 -177.64653 1.96796 318.31491 -206.24402 -42.02068 NaN NaN NaN 32.32383 -180.50923 20.59430 -33.73096 -200.38239 -89.90772
34016 1.04232 NaN NaN NaN 205.81042 -177.75291 3.29795 318.22437 -206.11664 -41.76899 NaN NaN NaN 33.01355 -180.02968 20.37218 -33.83382 -200.68712 -89.50347
34017 1.05065 NaN NaN NaN 206.30566 -177.98875 5.24463 318.42828 -206.06317 -41.35617 NaN NaN NaN 33.73597 -179.51886 20.15732 -33.97654 -201.05467 -89.12308
34018 1.05898 NaN NaN NaN 206.98062 -178.36969 7.22393 318.49011 -206.01021 -41.07983 NaN NaN NaN 34.49025 -179.03122 19.90389 -34.06363 -201.42462 -88.66493
34019 1.06731 NaN NaN NaN 207.69002 -178.96324 9.00575 318.83957 -206.18266 -40.74836 NaN NaN NaN 35.21880 -178.56125 19.68977 -34.17005 -201.83540 -88.18927
34020 1.07564 NaN NaN NaN 208.32930 -179.56744 10.48028 319.17575 -206.46442 -40.61536 NaN NaN NaN 35.95775 -178.15793 19.50735 -34.23079 -202.27191 -87.67738
34021 1.08398 NaN NaN NaN 208.82236 -180.13974 11.47980 319.43280 -206.91339 -40.29526 NaN NaN NaN 36.72768 -177.74208 19.20544 -34.25956 -202.76401 -87.23200
34022 1.09231 NaN NaN NaN 209.21655 -180.58437 12.00235 319.59415 -207.42313 -39.97783 NaN NaN NaN 37.47789 -177.35851 18.96251 -34.23698 -203.23416 -86.79620
34023 1.10064 NaN NaN NaN 209.58473 -180.97086 12.14637 319.66690 -208.08792 -39.90399 NaN NaN NaN 38.23030 -176.94142 18.67322 -34.18951 -203.70605 -86.37352
34024 1.10897 NaN NaN NaN 209.96729 -181.28609 12.01370 319.98401 -208.27502 -40.01905 NaN NaN NaN 38.93049 -176.54272 18.46126 -34.18845 -204.11707 -85.92398
34025 1.11730 NaN NaN NaN 210.38103 -181.55380 11.68055 320.13904 -208.44797 -40.54710 NaN NaN NaN 39.58998 -176.17413 18.27704 -34.16723 -204.49355 -85.40331
34026 1.12563 NaN NaN NaN 210.78558 -181.72211 11.12408 320.44360 -208.64133 -40.85880 NaN NaN NaN 40.21148 -175.85075 18.08246 -34.21986 -204.89676 -84.93166
34027 1.13396 NaN NaN NaN 211.24039 -181.85739 10.43658 320.45010 -208.90459 -41.51795 NaN NaN NaN 40.77193 -175.60217 17.88642 -34.37874 -205.29428 -84.43296
34028 1.14229 NaN NaN NaN 211.72092 -182.02739 9.76483 320.69391 -209.20610 -41.98794 NaN NaN NaN 41.23377 -175.43761 17.65478 -34.57849 -205.80504 -83.95719
34029 1.15063 NaN NaN NaN 212.30428 -182.29787 9.18736 321.09326 -209.40291 -43.25109 NaN NaN NaN 41.61729 -175.36299 17.48056 -34.82909 -206.27283 -83.47396
34030 1.15896 NaN NaN NaN 213.00020 -182.66640 8.80601 321.26004 -209.42545 -43.93240 NaN NaN NaN 41.90209 -175.29131 17.26830 -35.07450 -206.70871 -83.03030
34031 1.16729 NaN NaN NaN 213.71242 -183.09238 8.64745 321.43039 -209.32190 -44.67207 NaN NaN NaN 42.17596 -175.26213 17.03477 -35.37715 -207.10515 -82.66235
34032 1.17562 NaN NaN NaN 214.35875 -183.49596 8.59059 321.43317 -209.24118 -45.38017 NaN NaN NaN 42.41628 -175.21312 16.85973 -35.68324 -207.47681 -82.34633
34033 1.18395 NaN NaN NaN 214.86465 -183.81931 8.64757 321.57364 -209.00525 -45.89830 NaN NaN NaN 42.66108 -175.14096 16.66559 -36.02328 -207.78931 -82.01930
34034 1.19228 NaN NaN NaN 215.27983 -184.00546 8.83336 321.70288 -208.83672 -46.17562 NaN NaN NaN 42.85512 -175.08076 16.43017 -36.33715 -208.10312 -81.70838
34035 1.20061 NaN NaN NaN 215.55969 -184.07108 9.14389 321.86060 -208.59262 -46.23585 NaN NaN NaN 42.99050 -175.03293 16.17096 -36.66731 -208.41028 -81.45208
34036 1.20894 NaN NaN NaN 215.83356 -184.14206 9.52100 322.00159 -208.33450 -46.29094 NaN NaN NaN 43.16249 -174.99550 15.88356 -36.98098 -208.68463 -81.22327
34037 1.21728 NaN NaN NaN 216.09346 -184.27928 10.01638 322.09024 -208.12172 -46.20229 NaN NaN NaN 43.38218 -174.88091 15.64504 -37.31332 -208.91762 -80.96545
34038 1.22561 NaN NaN NaN 216.43861 -184.47466 10.56496 322.16751 -207.96753 -46.20360 NaN NaN NaN 43.56052 -174.81804 15.42965 -37.62025 -209.14766 -80.64575
34039 1.23394 NaN NaN NaN 216.87701 -184.78114 11.17629 322.52219 -207.72270 -46.41125 NaN NaN NaN 43.75767 -174.71402 15.14247 -37.87995 -209.34366 -80.38626
34040 1.24227 NaN NaN NaN 217.37567 -185.23836 11.73038 322.82684 -207.57156 -46.64696 NaN NaN NaN 43.97134 -174.55827 14.92404 -38.09571 -209.56398 -80.12395
34041 1.25060 NaN NaN NaN 217.91393 -185.69315 12.23837 323.08136 -207.46457 -46.91070 NaN NaN NaN 44.22159 -174.33829 14.70596 -38.26950 -209.71017 -79.83340
34042 1.25893 NaN NaN NaN 218.46051 -186.17049 12.64775 323.33310 -207.39824 -47.19973 NaN NaN NaN 44.53270 -174.11879 14.56885 -38.44062 -209.90523 -79.44688
34043 1.26726 NaN NaN NaN 219.04431 -186.75003 13.03420 323.67343 -207.30614 -47.64138 NaN NaN NaN 44.82375 -173.82286 14.41413 -38.58390 -210.11469 -79.07251
34044 1.27560 NaN NaN NaN 219.67694 -187.42982 13.31369 323.96082 -207.37999 -47.95348 NaN NaN NaN 45.12766 -173.51360 14.25603 -38.69849 -210.31000 -78.63603
34045 1.28393 NaN NaN NaN 220.43457 -188.14435 13.57786 324.40698 -207.53477 -48.30035 NaN NaN NaN 45.40951 -173.19481 14.11344 -38.79913 -210.48207 -78.10501
34046 1.29226 NaN NaN NaN 221.32793 -188.96831 13.86253 324.86313 -207.75241 -48.65207 NaN NaN NaN 45.70108 -172.87929 14.03240 -38.88783 -210.68254 -77.71855
34047 1.30059 NaN NaN NaN 222.32391 -189.88719 14.18224 325.32257 -208.09836 -49.07644 NaN NaN NaN 45.94737 -172.58389 13.91473 -38.96679 -210.89261 -77.28876
34048 1.30892 NaN NaN NaN 223.43614 -190.86806 14.51261 NaN NaN NaN NaN NaN NaN 46.13320 -172.32889 13.82187 -39.07306 -211.13029 -76.88551
34049 1.31725 NaN NaN NaN 224.57593 -191.85556 14.80662 NaN NaN NaN NaN NaN NaN 46.30753 -172.12076 13.76323 -39.17158 -211.34868 -76.46595
34050 1.32558 NaN NaN NaN 225.86398 -192.88959 15.09479 NaN NaN NaN NaN NaN NaN 46.41510 -171.95918 13.75762 -39.31501 -211.58856 -76.05547
34051 1.33391 NaN NaN NaN 227.22971 -193.93681 15.38239 NaN NaN NaN NaN NaN NaN 46.48180 -171.84009 13.78220 -39.47403 -211.81642 -75.72676
34052 1.34225 NaN NaN NaN 228.60858 -194.98804 15.72443 NaN NaN NaN NaN NaN NaN 46.48097 -171.79524 13.80383 -39.64255 -212.04684 -75.43661
34053 1.35058 NaN NaN NaN 229.80690 -195.97014 15.95442 NaN NaN NaN NaN NaN NaN 46.43701 -171.80212 13.85672 -39.83248 -212.23798 -75.16524
34054 1.35891 NaN NaN NaN 230.57198 -196.87273 15.85612 NaN NaN NaN NaN NaN NaN 46.29877 -171.95982 14.02113 -40.02568 -212.48061 -74.96553
34055 1.36724 NaN NaN NaN 231.30959 -197.65871 15.79468 NaN NaN NaN NaN NaN NaN 46.06911 -172.20279 14.16227 -40.26173 -212.69678 -74.79908
34056 1.37557 NaN NaN NaN 232.13330 -198.45465 15.73379 NaN NaN NaN NaN NaN NaN 45.81181 -172.40457 14.30790 -40.52135 -212.94626 -74.57143
34057 1.38390 NaN NaN NaN 232.97792 -199.23355 15.73990 NaN NaN NaN NaN NaN NaN 45.59438 -172.54570 14.41289 -40.81031 -213.22319 -74.34686
34058 1.39223 NaN NaN NaN 233.77777 -199.99289 15.72856 NaN NaN NaN NaN NaN NaN 45.44542 -172.58160 14.46409 -41.11447 -213.46986 -73.98021
34059 1.40056 NaN NaN NaN 234.52698 -200.71280 15.73180 NaN NaN NaN NaN NaN NaN 45.34788 -172.56010 14.48389 -41.40208 -213.76154 -73.63744
34060 1.40890 NaN NaN NaN 235.18077 -201.32620 15.67652 NaN NaN NaN NaN NaN NaN 45.24720 -172.60355 14.50940 -41.68653 -214.03372 -73.33781
34061 1.41723 NaN NaN NaN 235.75320 -201.83527 15.57226 NaN NaN NaN NaN NaN NaN 45.13905 -172.63365 14.52237 -41.92526 -214.23625 -73.12413
34062 1.42556 NaN NaN NaN 236.26170 -202.30276 15.41216 NaN NaN NaN NaN NaN NaN 45.03700 -172.69666 14.56297 -42.12334 -214.43115 -72.93549
34063 1.43389 NaN NaN NaN 236.67026 -202.66811 15.28313 NaN NaN NaN NaN NaN NaN 44.95612 -172.74075 14.58679 -42.29279 -214.63580 -72.76525
34064 1.44222 NaN NaN NaN 236.97394 -202.98749 15.22250 NaN NaN NaN NaN NaN NaN 44.92819 -172.72359 14.54054 -42.45500 -214.81808 -72.59386
34065 1.45055 NaN NaN NaN 237.16557 -203.20840 15.07205 NaN NaN NaN NaN NaN NaN 44.93067 -172.68166 14.49549 -42.60258 -215.03346 -72.40478
34066 1.45888 NaN NaN NaN 237.30005 -203.35973 14.88365 NaN NaN NaN NaN NaN NaN 44.96351 -172.64735 14.44727 -42.65966 -215.20958 -72.21155
34067 1.46721 NaN NaN NaN 237.33888 -203.37206 14.67152 NaN NaN NaN NaN NaN NaN 45.03425 -172.60739 14.40287 -42.69466 -215.35915 -72.03490
34068 1.47555 NaN NaN NaN 237.27538 -203.29416 14.41400 NaN NaN NaN NaN NaN NaN 45.15574 -172.51834 14.34362 -42.72613 -215.49736 -71.85358
34069 1.48388 NaN NaN NaN 237.07628 -203.11401 14.09671 NaN NaN NaN NaN NaN NaN 45.33158 -172.34839 14.25019 -42.69381 -215.62035 -71.67265
34070 1.49221 NaN NaN NaN 236.79758 -202.93054 13.79183 NaN NaN NaN NaN NaN NaN 45.54947 -172.18271 14.08010 -42.65187 -215.76123 -71.48869
34071 1.50054 NaN NaN NaN 236.50781 -202.68159 13.36251 NaN NaN NaN NaN NaN NaN 45.81380 -171.98631 13.88930 -42.56168 -215.85574 -71.28873
34072 1.50887 NaN NaN NaN 236.19008 -202.41855 12.95796 NaN NaN NaN NaN NaN NaN 46.11888 -171.77391 13.66970 -42.45940 -215.95018 -71.12140
34073 1.51720 NaN NaN NaN 235.89566 -202.22707 12.60140 NaN NaN NaN NaN NaN NaN 46.46149 -171.47852 13.49559 -42.29319 -216.02336 -70.95148
34074 1.52553 NaN NaN NaN 235.59621 -202.03899 12.26230 NaN NaN NaN NaN NaN NaN 46.82464 -171.13557 13.30383 -42.15833 -216.13712 -70.73406
34075 1.53387 NaN NaN NaN 235.34959 -201.87801 11.97759 NaN NaN NaN NaN NaN NaN 47.23434 -170.79869 13.03845 -42.01748 -216.19269 -70.47397
34076 1.54220 NaN NaN NaN 235.19415 -201.78416 11.71516 NaN NaN NaN NaN NaN NaN 47.66082 -170.42067 12.74669 -41.87608 -216.25459 -70.23158
34077 1.55053 NaN NaN NaN 235.05475 -201.66214 11.52964 NaN NaN NaN NaN NaN NaN 48.08611 -169.92807 12.35743 -41.71468 -216.32672 -69.95592
34078 1.55886 NaN NaN NaN 234.98683 -201.60522 11.40152 NaN NaN NaN NaN NaN NaN 48.56112 -169.37868 11.99012 -41.58012 -216.38490 -69.63882
34079 1.56719 NaN NaN NaN 234.92204 -201.61876 11.26930 NaN NaN NaN NaN NaN NaN 48.98860 -168.85095 11.64266 -41.44153 -216.43822 -69.32780
34080 1.57552 NaN NaN NaN 234.86430 -201.63550 11.14099 NaN NaN NaN NaN NaN NaN 49.41074 -168.33260 11.30785 -41.30638 -216.43747 -69.05740
34081 1.58385 NaN NaN NaN 234.79330 -201.65427 11.02679 NaN NaN NaN NaN NaN NaN 49.82198 -167.81287 10.91445 -41.17025 -216.46397 -68.77142
34082 1.59218 NaN NaN NaN 234.76889 -201.65341 10.90344 NaN NaN NaN NaN NaN NaN 50.20895 -167.34985 10.58832 -41.01466 -216.45328 -68.54872
34083 1.60052 NaN NaN NaN 234.73334 -201.64172 10.74135 NaN NaN NaN NaN NaN NaN 50.57334 -166.93358 10.30936 -40.87673 -216.38220 -68.34138
34084 1.60885 NaN NaN NaN 234.68408 -201.65994 10.61342 NaN NaN NaN NaN NaN NaN 50.84572 -166.56575 10.05053 -40.77603 -216.33348 -68.20742
34085 1.61718 NaN NaN NaN 234.64714 -201.67343 10.46240 NaN NaN NaN NaN NaN NaN 51.06607 -166.21826 9.85393 -40.67565 -216.28317 -68.09306
34086 1.62551 NaN NaN NaN 234.61549 -201.67950 10.28771 NaN NaN NaN NaN NaN NaN 51.25311 -165.89664 9.65447 -40.62041 -216.19000 -68.02513
34087 1.63384 NaN NaN NaN 234.54814 -201.67224 10.14805 NaN NaN NaN NaN NaN NaN 51.39502 -165.70299 9.51705 -40.55509 -216.05524 -67.98809
34088 1.64217 NaN NaN NaN 234.49188 -201.65251 9.99746 NaN NaN NaN NaN NaN NaN 51.50512 -165.47639 9.40130 -40.50401 -215.94037 -67.95561
34089 1.65050 NaN NaN NaN 234.41098 -201.60159 9.86641 NaN NaN NaN NaN NaN NaN 51.61509 -165.33771 9.31609 -40.45755 -215.85733 -67.89943
34090 1.65883 NaN NaN NaN 234.35562 -201.56560 9.71126 NaN NaN NaN NaN NaN NaN 51.66312 -165.21220 9.23255 -40.44413 -215.79512 -67.86116
34091 1.66717 NaN NaN NaN 234.25415 -201.50148 9.61039 NaN NaN NaN NaN NaN NaN 51.71560 -165.09163 9.14530 -40.45166 -215.74300 -67.86225
34092 1.67550 NaN NaN NaN 234.18742 -201.43265 9.53892 NaN NaN NaN NaN NaN NaN 51.80024 -164.97260 9.03764 -40.47153 -215.68741 -67.82455
34093 1.68383 NaN NaN NaN 234.12842 -201.34485 9.42984 NaN NaN NaN NaN NaN NaN 51.87204 -164.86014 8.94055 -40.50673 -215.60574 -67.82808
34094 1.69216 NaN NaN NaN 234.08522 -201.24481 9.32400 NaN NaN NaN NaN NaN NaN 51.92313 -164.80121 8.86620 -40.51247 -215.54132 -67.81842
34095 1.70049 NaN NaN NaN 234.06416 -201.14557 9.22887 NaN NaN NaN NaN NaN NaN 51.96817 -164.72472 8.79776 -40.54092 -215.46324 -67.82541
34096 1.70882 NaN NaN NaN 234.01518 -201.07744 9.16265 NaN NaN NaN NaN NaN NaN 52.01150 -164.63426 8.68849 -40.52708 -215.41988 -67.81578
34097 1.71715 NaN NaN NaN 233.96822 -200.96933 9.09939 NaN NaN NaN NaN NaN NaN 52.07500 -164.55307 8.58101 -40.54045 -215.38339 -67.80065
34098 1.72549 NaN NaN NaN 233.93123 -200.89465 9.00074 NaN NaN NaN NaN NaN NaN 52.15540 -164.43904 8.46524 -40.55135 -215.34557 -67.76528
34099 1.73382 NaN NaN NaN 233.92316 -200.82979 8.89866 NaN NaN NaN NaN NaN NaN 52.22642 -164.35477 8.36018 -40.55096 -215.29088 -67.75179
34100 1.74215 NaN NaN NaN 233.86981 -200.75548 8.79490 NaN NaN NaN NaN NaN NaN 52.26413 -164.29291 8.27903 -40.54019 -215.29768 -67.72920
34101 1.75048 NaN NaN NaN 233.86908 -200.67366 8.76384 NaN NaN NaN NaN NaN NaN 52.33887 -164.23883 8.21325 -40.52871 -215.25703 -67.70705
34102 1.75881 NaN NaN NaN 233.87178 -200.62123 8.71600 NaN NaN NaN NaN NaN NaN 52.38536 -164.17796 8.15378 -40.50524 -215.22821 -67.69712
34103 1.76714 NaN NaN NaN 233.89520 -200.52612 8.68525 NaN NaN NaN NaN NaN NaN 52.45570 -164.12047 8.09766 -40.50409 -215.20508 -67.69363
34104 1.77547 NaN NaN NaN 233.91156 -200.44983 8.69059 NaN NaN NaN NaN NaN NaN 52.51377 -164.04640 8.05379 -40.49834 -215.17142 -67.67628
34105 1.78380 NaN NaN NaN 233.94290 -200.39044 8.66442 NaN NaN NaN NaN NaN NaN 52.54774 -163.99930 8.01771 -40.48481 -215.16502 -67.66002
34106 1.79214 NaN NaN NaN 233.95752 -200.32654 8.67430 NaN NaN NaN NaN NaN NaN 52.59235 -163.95647 7.98751 -40.45858 -215.14020 -67.64482
34107 1.80047 NaN NaN NaN 233.98691 -200.26834 8.64993 NaN NaN NaN NaN NaN NaN 52.63588 -163.93629 7.97724 -40.45258 -215.14090 -67.66003
34108 1.80880 NaN NaN NaN 234.01250 -200.24658 8.64206 NaN NaN NaN NaN NaN NaN 52.64862 -163.95236 7.96043 -40.44154 -215.12880 -67.66514
34109 1.81713 NaN NaN NaN 234.04129 -200.23396 8.61707 NaN NaN NaN NaN NaN NaN 52.67924 -163.93443 7.91720 -40.42482 -215.14455 -67.68066
34110 1.82546 NaN NaN NaN 234.05699 -200.22943 8.62630 NaN NaN NaN NaN NaN NaN 52.69421 -163.91479 7.87801 -40.38919 -215.15436 -67.67480
34111 1.83379 NaN NaN NaN 234.06740 -200.23636 8.61256 NaN NaN NaN NaN NaN NaN 52.73747 -163.88382 7.84654 -40.36318 -215.19005 -67.68647
34112 1.84212 NaN NaN NaN 234.06985 -200.24301 8.61420 NaN NaN NaN NaN NaN NaN 52.78677 -163.86594 7.81348 -40.33175 -215.23058 -67.68464
34113 1.85045 NaN NaN NaN 234.09203 -200.24715 8.60702 NaN NaN NaN NaN NaN NaN 52.82430 -163.87816 7.76378 -40.31482 -215.27095 -67.69248
34114 1.85879 NaN NaN NaN 234.11597 -200.27136 8.58005 NaN NaN NaN NaN NaN NaN 52.85703 -163.90401 7.74937 -40.26155 -215.30197 -67.66877
34115 1.86712 NaN NaN NaN 234.13644 -200.28050 8.58957 NaN NaN NaN NaN NaN NaN 52.89195 -163.93071 7.72677 -40.23025 -215.33563 -67.68246
34116 1.87545 NaN NaN NaN 234.14745 -200.29875 8.58991 NaN NaN NaN NaN NaN NaN 52.93563 -163.95370 7.68932 -40.17994 -215.36655 -67.70058
34117 1.88378 NaN NaN NaN 234.15845 -200.33231 8.59055 NaN NaN NaN NaN NaN NaN 52.96973 -163.99344 7.62527 -40.16074 -215.39481 -67.72406
34118 1.89211 NaN NaN NaN 234.16594 -200.38950 8.60863 NaN NaN NaN NaN NaN NaN 53.02385 -164.07765 7.58794 -40.14540 -215.42862 -67.73297
34119 1.90044 NaN NaN NaN 234.16957 -200.43773 8.63155 NaN NaN NaN NaN NaN NaN 53.07948 -164.10980 7.55989 -40.13095 -215.45940 -67.72383
34120 1.90877 NaN NaN NaN 234.18794 -200.51025 8.64458 NaN NaN NaN NaN NaN NaN 53.11008 -164.14198 7.53188 -40.09927 -215.54134 -67.73369
34121 1.91711 NaN NaN NaN 234.20850 -200.54405 8.66088 NaN NaN NaN NaN NaN NaN 53.15051 -164.18073 7.52555 -40.08910 -215.61102 -67.69766
34122 1.92544 NaN NaN NaN 234.21181 -200.58488 8.66079 NaN NaN NaN NaN NaN NaN 53.13964 -164.21129 7.49819 -40.09584 -215.69843 -67.68394
34123 1.93377 NaN NaN NaN 234.22391 -200.61253 8.66722 NaN NaN NaN NaN NaN NaN 53.13066 -164.25282 7.50238 -40.11666 -215.72459 -67.68430
34124 1.94210 NaN NaN NaN 234.21478 -200.63600 8.66239 NaN NaN NaN NaN NaN NaN 53.13184 -164.30043 7.50059 -40.11869 -215.74677 -67.70563
34125 1.95043 NaN NaN NaN 234.19032 -200.68074 8.65899 NaN NaN NaN NaN NaN NaN 53.12780 -164.32547 7.49916 -40.13232 -215.77065 -67.69154
34126 1.95876 NaN NaN NaN 234.18640 -200.73572 8.65125 NaN NaN NaN NaN NaN NaN 53.11904 -164.36096 7.50186 -40.15111 -215.87279 -67.66763
34127 1.96709 NaN NaN NaN 234.19345 -200.75656 8.65893 NaN NaN NaN NaN NaN NaN 53.10681 -164.39819 7.48973 -40.16287 -215.94263 -67.62190
34128 1.97542 NaN NaN NaN 234.18050 -200.80286 8.65577 NaN NaN NaN NaN NaN NaN 53.11047 -164.41299 7.48249 -40.16704 -216.00349 -67.56728
34129 1.98376 NaN NaN NaN 234.18091 -200.82166 8.65548 NaN NaN NaN NaN NaN NaN 53.11460 -164.43286 7.50749 -40.17500 -216.03885 -67.56993
34130 1.99209 NaN NaN NaN 234.19099 -200.88733 8.65049 NaN NaN NaN NaN NaN NaN 53.11094 -164.45784 7.49250 -40.16695 -216.09090 -67.56073
34131 2.00042 NaN NaN NaN 234.19693 -200.90105 8.64228 NaN NaN NaN NaN NaN NaN 53.11639 -164.46774 7.46639 -40.17707 -216.13982 -67.54467
34132 2.00875 NaN NaN NaN 234.17139 -200.96371 8.64933 NaN NaN NaN NaN NaN NaN 53.10583 -164.49101 7.46683 -40.17419 -216.17805 -67.51480
34133 2.01708 NaN NaN NaN 234.17805 -200.98660 8.64856 NaN NaN NaN NaN NaN NaN 53.11985 -164.51292 7.44070 -40.15959 -216.21100 -67.50889
34134 2.02541 NaN NaN NaN 234.16771 -201.01106 8.64170 NaN NaN NaN NaN NaN NaN 53.11251 -164.53763 7.45258 -40.16719 -216.25557 -67.49894
34135 2.03374 NaN NaN NaN 234.15161 -201.00653 8.61020 NaN NaN NaN NaN NaN NaN 53.12164 -164.53412 7.43678 -40.18528 -216.28658 -67.48430
34136 2.04207 NaN NaN NaN 234.14615 -200.99727 8.60382 NaN NaN NaN NaN NaN NaN 53.13224 -164.56357 7.47728 -40.18065 -216.31993 -67.46804
34137 2.05041 NaN NaN NaN 234.12602 -200.97336 8.57765 NaN NaN NaN NaN NaN NaN 53.14143 -164.58508 7.46543 -40.17876 -216.32872 -67.47138
34138 2.05874 NaN NaN NaN 234.11421 -200.99220 8.57910 NaN NaN NaN NaN NaN NaN 53.15216 -164.60530 7.47002 -40.15741 -216.35347 -67.46712
34139 2.06707 NaN NaN NaN 234.10880 -200.97804 8.56257 NaN NaN NaN NaN NaN NaN 53.16264 -164.60011 7.44122 -40.14098 -216.35861 -67.45743
34140 2.07540 NaN NaN NaN 234.09279 -200.95560 8.55156 NaN NaN NaN NaN NaN NaN 53.17062 -164.60835 7.44317 -40.11821 -216.36891 -67.45857
34141 2.08373 NaN NaN NaN 234.09363 -200.92751 8.53870 NaN NaN NaN NaN NaN NaN 53.17600 -164.59229 7.42336 -40.11859 -216.33733 -67.46381
34142 2.09206 NaN NaN NaN 234.09673 -200.93213 8.53544 NaN NaN NaN NaN NaN NaN 53.18002 -164.58046 7.45034 -40.10557 -216.34418 -67.46143
34143 2.10039 NaN NaN NaN 234.08121 -200.89857 8.53010 NaN NaN NaN NaN NaN NaN 53.18916 -164.54765 7.44011 -40.10127 -216.30202 -67.45607
34144 2.10872 NaN NaN NaN 234.07315 -200.88562 8.52621 NaN NaN NaN NaN NaN NaN 53.19936 -164.50520 7.45049 -40.10174 -216.28401 -67.44008
34145 2.11706 NaN NaN NaN 234.05930 -200.85147 8.51995 NaN NaN NaN NaN NaN NaN 53.18120 -164.46390 7.45286 -40.10802 -216.23402 -67.43848
34146 2.12539 NaN NaN NaN 234.04425 -200.80753 8.51793 NaN NaN NaN NaN NaN NaN 53.18985 -164.43398 7.47894 -40.11396 -216.19023 -67.43991
34147 2.13372 NaN NaN NaN 234.05479 -200.75764 8.50439 NaN NaN NaN NaN NaN NaN 53.21400 -164.38272 7.49075 -40.11775 -216.14362 -67.42957
34148 2.14205 NaN NaN NaN 234.03629 -200.69185 8.48188 NaN NaN NaN NaN NaN NaN 53.21973 -164.34407 7.49480 -40.09611 -216.13072 -67.38312
34149 2.15038 NaN NaN NaN 234.03564 -200.65256 8.48403 NaN NaN NaN NaN NaN NaN 53.20273 -164.29749 7.49720 -40.10416 -216.11282 -67.36031
34150 2.15871 NaN NaN NaN 234.03148 -200.63004 8.48256 NaN NaN NaN NaN NaN NaN 53.19149 -164.26625 7.51563 -40.09499 -216.08571 -67.35085
34151 2.16704 NaN NaN NaN 234.02299 -200.59883 8.49932 NaN NaN NaN NaN NaN NaN 53.19060 -164.23807 7.51310 -40.11619 -216.04704 -67.34908
34152 2.17538 NaN NaN NaN 234.00684 -200.55893 8.47744 NaN NaN NaN NaN NaN NaN 53.18967 -164.22104 7.51678 -40.11517 -216.00108 -67.35814
34153 2.18371 NaN NaN NaN 233.99619 -200.49829 8.45694 NaN NaN NaN NaN NaN NaN 53.19881 -164.17151 7.52185 -40.12955 -215.96826 -67.35424
34154 2.19204 NaN NaN NaN 233.99648 -200.47614 8.44698 NaN NaN NaN NaN NaN NaN 53.19547 -164.13899 7.52002 -40.13870 -215.94714 -67.33826
34155 2.20037 NaN NaN NaN 233.99403 -200.43349 8.46102 NaN NaN NaN NaN NaN NaN 53.19768 -164.09689 7.52272 -40.14088 -215.91452 -67.34991
34156 2.20870 NaN NaN NaN 233.99289 -200.40573 8.46873 NaN NaN NaN NaN NaN NaN 53.19870 -164.04866 7.49672 -40.14097 -215.87851 -67.34799
34157 2.21703 NaN NaN NaN 234.00063 -200.37427 8.48016 NaN NaN NaN NaN NaN NaN 53.20385 -164.01631 7.48763 -40.15069 -215.85664 -67.34509
34158 2.22536 NaN NaN NaN 234.00188 -200.35472 8.48348 NaN NaN NaN NaN NaN NaN 53.19371 -164.00443 7.48277 -40.14252 -215.83376 -67.33675
34159 2.23369 NaN NaN NaN 234.00816 -200.33488 8.50953 NaN NaN NaN NaN NaN NaN 53.19598 -164.01172 7.47601 -40.15866 -215.81747 -67.36577
34160 2.24203 NaN NaN NaN 234.01328 -200.31422 8.53249 NaN NaN NaN NaN NaN NaN 53.20486 -164.01247 7.46768 -40.16150 -215.81102 -67.37926
34161 2.25036 NaN NaN NaN 234.03069 -200.28966 8.57195 NaN NaN NaN NaN NaN NaN 53.20680 -163.99602 7.45943 -40.16968 -215.78822 -67.39420
34162 2.25869 NaN NaN NaN 234.03305 -200.31697 8.59232 NaN NaN NaN NaN NaN NaN 53.19340 -163.97876 7.41804 -40.17389 -215.77364 -67.40836
34163 2.26702 NaN NaN NaN 234.04700 -200.32971 8.63545 NaN NaN NaN NaN NaN NaN 53.17910 -163.94179 7.37627 -40.18005 -215.75060 -67.42163
34164 2.27535 NaN NaN NaN 234.07030 -200.34183 8.67914 NaN NaN NaN NaN NaN NaN 53.16394 -163.91473 7.32982 -40.16938 -215.74052 -67.46069
34165 2.28368 NaN NaN NaN 234.07262 -200.35536 8.71325 NaN NaN NaN NaN NaN NaN 53.16929 -163.92879 7.28976 -40.17062 -215.72809 -67.49971
34166 2.29201 NaN NaN NaN 234.10320 -200.38951 8.74682 NaN NaN NaN NaN NaN NaN 53.17912 -163.97337 7.24201 -40.17887 -215.70369 -67.56082
34167 2.30034 NaN NaN NaN 234.10820 -200.40356 8.75305 NaN NaN NaN NaN NaN NaN 53.18763 -164.02357 7.18375 -40.17754 -215.69684 -67.61766
34168 2.30868 NaN NaN NaN 234.12091 -200.45107 8.77731 NaN NaN NaN NaN NaN NaN 53.19694 -164.06972 7.14026 -40.16727 -215.67683 -67.65907
34169 2.31701 NaN NaN NaN 234.13335 -200.48396 8.78932 NaN NaN NaN NaN NaN NaN 53.21452 -164.12254 7.10975 -40.15748 -215.64931 -67.74645
34170 2.32534 NaN NaN NaN 234.12299 -200.54153 8.81033 NaN NaN NaN NaN NaN NaN 53.26973 -164.16095 7.08718 -40.14912 -215.61838 -67.79561
34171 2.33367 NaN NaN NaN 234.14095 -200.57072 8.80242 NaN NaN NaN NaN NaN NaN 53.28269 -164.18845 7.06744 -40.13433 -215.57790 -67.84587
34172 2.34200 NaN NaN NaN 234.16588 -200.61003 8.79992 NaN NaN NaN NaN NaN NaN 53.33152 -164.20271 7.02527 -40.12083 -215.57242 -67.88287
34173 2.35033 NaN NaN NaN 234.19043 -200.60306 8.78703 NaN NaN NaN NaN NaN NaN 53.38751 -164.16727 6.97152 -40.10800 -215.58806 -67.92732
34174 2.35866 NaN NaN NaN 234.22464 -200.65710 8.74939 NaN NaN NaN NaN NaN NaN 53.44540 -164.15376 6.93924 -40.07464 -215.55788 -67.94411
34175 2.36700 NaN NaN NaN 234.23308 -200.68153 8.69887 NaN NaN NaN NaN NaN NaN 53.47809 -164.14346 6.91058 -40.04853 -215.52599 -67.98862
34176 2.37533 NaN NaN NaN 234.23453 -200.73146 8.67088 NaN NaN NaN NaN NaN NaN 53.47208 -164.15312 6.88805 -40.02916 -215.51173 -68.03555
34177 2.38366 NaN NaN NaN 234.23561 -200.78166 8.64713 NaN NaN NaN NaN NaN NaN 53.50944 -164.18591 6.87721 -40.00235 -215.52364 -68.08813
34178 2.39199 NaN NaN NaN 234.22324 -200.83003 8.60007 NaN NaN NaN NaN NaN NaN 53.52856 -164.20839 6.87040 -39.97249 -215.54436 -68.09991
34179 2.40032 NaN NaN NaN 234.23192 -200.84047 8.54830 NaN NaN NaN NaN NaN NaN 53.55650 -164.23000 6.87023 -39.96168 -215.54037 -68.14893
34180 2.40865 NaN NaN NaN 234.21333 -200.85614 8.52307 NaN NaN NaN NaN NaN NaN 53.56609 -164.22568 6.86589 -39.95214 -215.52400 -68.14404
34181 2.41698 NaN NaN NaN 234.19899 -200.85837 8.48816 NaN NaN NaN NaN NaN NaN 53.57394 -164.19374 6.88333 -39.94764 -215.48814 -68.15448
34182 2.42531 NaN NaN NaN 234.19772 -200.89134 8.45223 NaN NaN NaN NaN NaN NaN 53.59055 -164.18430 6.87472 -39.92224 -215.47044 -68.17955
34183 2.43365 NaN NaN NaN 234.20630 -200.91820 8.43392 NaN NaN NaN NaN NaN NaN 53.59696 -164.16377 6.86781 -39.90037 -215.44290 -68.20882
34184 2.44198 NaN NaN NaN 234.21173 -200.93539 8.42145 NaN NaN NaN NaN NaN NaN 53.61744 -164.13351 6.85525 -39.86762 -215.40906 -68.20686
34185 2.45031 NaN NaN NaN 234.20270 -200.93282 8.41089 NaN NaN NaN NaN NaN NaN 53.63945 -164.12044 6.84384 -39.86201 -215.37778 -68.21387
34186 2.45864 NaN NaN NaN 234.20831 -200.94711 8.40035 NaN NaN NaN NaN NaN NaN 53.64774 -164.11324 6.83982 -39.83596 -215.38721 -68.18234
34187 2.46697 NaN NaN NaN 234.21436 -200.96524 8.40753 NaN NaN NaN NaN NaN NaN 53.66771 -164.07686 6.83980 -39.83644 -215.36052 -68.16824
34188 2.47530 NaN NaN NaN 234.24965 -200.97113 8.40751 NaN NaN NaN NaN NaN NaN 53.68432 -164.05959 6.83966 -39.80756 -215.36412 -68.11102
34189 2.48363 NaN NaN NaN 234.25635 -200.93600 8.39848 NaN NaN NaN NaN NaN NaN 53.69021 -164.05142 6.84903 -39.80744 -215.34703 -68.12035
34190 2.49196 NaN NaN NaN 234.26424 -200.88733 8.39642 NaN NaN NaN NaN NaN NaN 53.69439 -164.04303 6.87821 -39.78457 -215.33215 -68.10059
34191 2.50030 NaN NaN NaN 234.27174 -200.86423 8.40451 NaN NaN NaN NaN NaN NaN 53.68708 -164.01306 6.89710 -39.79422 -215.29648 -68.11275
34192 2.50863 NaN NaN NaN 234.27242 -200.83096 8.41384 NaN NaN NaN NaN NaN NaN 53.69583 -163.96884 6.90635 -39.77962 -215.27470 -68.09035
34193 2.51696 NaN NaN NaN 234.27176 -200.78838 8.41724 NaN NaN NaN NaN NaN NaN 53.70852 -163.94347 6.91929 -39.76186 -215.22148 -68.07224
34194 2.52529 NaN NaN NaN 234.27313 -200.76547 8.41329 NaN NaN NaN NaN NaN NaN 53.69718 -163.91382 6.91303 -39.74684 -215.18866 -68.06432
34195 2.53362 NaN NaN NaN 234.27652 -200.75415 8.43409 NaN NaN NaN NaN NaN NaN 53.68297 -163.89709 6.91453 -39.75667 -215.16228 -68.05716
34196 2.54195 NaN NaN NaN 234.26564 -200.72818 8.44059 NaN NaN NaN NaN NaN NaN 53.67391 -163.88573 6.92852 -39.76973 -215.12932 -68.04900
34197 2.55028 NaN NaN NaN 234.26360 -200.71437 8.44152 NaN NaN NaN NaN NaN NaN 53.66594 -163.84421 6.93779 -39.77262 -215.07709 -68.05566
34198 2.55862 NaN NaN NaN 234.25615 -200.69525 8.44461 NaN NaN NaN NaN NaN NaN 53.63681 -163.81239 6.96419 -39.77171 -215.03195 -68.05103
34199 2.56695 NaN NaN NaN 234.26421 -200.67358 8.45175 NaN NaN NaN NaN NaN NaN 53.64194 -163.76022 6.98496 -39.77938 -214.98228 -68.04379
34200 2.57528 NaN NaN NaN 234.25060 -200.66528 8.45687 NaN NaN NaN NaN NaN NaN 53.65017 -163.70251 6.99285 -39.79597 -214.93877 -68.03371
34201 2.58361 NaN NaN NaN 234.25984 -200.64285 8.45391 NaN NaN NaN NaN NaN NaN 53.64809 -163.63287 6.98714 -39.79578 -214.89154 -68.02579
34202 2.59194 NaN NaN NaN 234.24899 -200.63292 8.42204 NaN NaN NaN NaN NaN NaN 53.66003 -163.55302 7.03068 -39.79269 -214.82689 -68.00936
34203 2.60027 NaN NaN NaN 234.25525 -200.61835 8.40739 NaN NaN NaN NaN NaN NaN 53.66663 -163.50333 7.04288 -39.80307 -214.76984 -68.00875
34204 2.60860 NaN NaN NaN 234.22487 -200.60011 8.39926 NaN NaN NaN NaN NaN NaN 53.65049 -163.46942 7.05772 -39.79564 -214.72102 -68.00835
34205 2.61693 NaN NaN NaN 234.23541 -200.58557 8.39476 NaN NaN NaN NaN NaN NaN 53.66183 -163.40556 7.06327 -39.79334 -214.67242 -68.01314
34206 2.62527 NaN NaN NaN 234.23679 -200.59868 8.40098 NaN NaN NaN NaN NaN NaN 53.65829 -163.36334 7.08470 -39.76220 -214.61462 -67.99829
34207 2.63360 NaN NaN NaN 234.25366 -200.62140 8.40765 NaN NaN NaN NaN NaN NaN 53.66190 -163.33446 7.08530 -39.74013 -214.57538 -67.99693
34208 2.64193 NaN NaN NaN 234.26617 -200.66515 8.40896 NaN NaN NaN NaN NaN NaN 53.67304 -163.29028 7.08133 -39.69672 -214.52863 -67.98758
34209 2.65026 NaN NaN NaN 234.26689 -200.65707 8.40217 NaN NaN NaN NaN NaN NaN 53.67812 -163.24707 7.12092 -39.68764 -214.49823 -67.99760
34210 2.65859 NaN NaN NaN 234.26363 -200.68329 8.40324 NaN NaN NaN NaN NaN NaN 53.65781 -163.21509 7.12438 -39.65448 -214.46342 -68.00748
34211 2.66692 NaN NaN NaN 234.23640 -200.72606 8.39474 NaN NaN NaN NaN NaN NaN 53.67791 -163.20488 7.13059 -39.65557 -214.45042 -68.02096
34212 2.67525 NaN NaN NaN 234.22481 -200.78365 8.37408 NaN NaN NaN NaN NaN NaN 53.69551 -163.20520 7.16904 -39.62097 -214.41556 -68.03468
34213 2.68358 NaN NaN NaN 234.17612 -200.80061 8.35260 NaN NaN NaN NaN NaN NaN 53.72742 -163.23357 7.24610 -39.56837 -214.36745 -68.06574
34214 2.69192 NaN NaN NaN 234.15237 -200.82764 8.33236 NaN NaN NaN NaN NaN NaN 53.75510 -163.25534 7.31152 -39.51122 -214.30156 -68.13157
34215 2.70025 NaN NaN NaN 234.12067 -200.84738 8.28945 NaN NaN NaN NaN NaN NaN 53.76673 -163.27391 7.37088 -39.44805 -214.23538 -68.20309
34216 2.70858 NaN NaN NaN 234.09869 -200.87282 8.24882 NaN NaN NaN NaN NaN NaN 53.75565 -163.25914 7.39854 -39.40020 -214.18069 -68.28254
34217 2.71691 NaN NaN NaN 234.06693 -200.91026 8.19610 NaN NaN NaN NaN NaN NaN 53.75094 -163.27538 7.40557 -39.36809 -214.13892 -68.38004
34218 2.72524 NaN NaN NaN 234.02995 -200.99355 8.12709 NaN NaN NaN NaN NaN NaN 53.77694 -163.26030 7.41842 -39.32913 -214.07588 -68.45221
34219 2.73357 NaN NaN NaN 234.00922 -201.02597 8.08192 NaN NaN NaN NaN NaN NaN 53.78878 -163.22763 7.44752 -39.28310 -213.98927 -68.54618
34220 2.74190 NaN NaN NaN 233.99593 -201.05371 8.02942 NaN NaN NaN NaN NaN NaN 53.81683 -163.21823 7.45631 -39.22934 -213.88643 -68.62044
34221 2.75023 NaN NaN NaN 233.95004 -201.06026 7.95620 NaN NaN NaN NaN NaN NaN 53.80196 -163.16946 7.44808 -39.19511 -213.76904 -68.68703
34222 2.75857 NaN NaN NaN 233.89505 -201.08162 7.89519 NaN NaN NaN NaN NaN NaN 53.79181 -163.08057 7.42397 -39.19266 -213.67334 -68.71060
34223 2.76690 NaN NaN NaN 233.84955 -201.10751 7.81078 NaN NaN NaN NaN NaN NaN 53.82734 -163.01329 7.39045 -39.18690 -213.61555 -68.70554
34224 2.77523 NaN NaN NaN 233.80385 -201.13815 7.72832 NaN NaN NaN NaN NaN NaN 53.88691 -162.94928 7.35196 -39.17231 -213.56844 -68.68891
34225 2.78356 NaN NaN NaN 233.74989 -201.15697 7.62375 NaN NaN NaN NaN NaN NaN 53.93069 -162.82820 7.31783 -39.20082 -213.51387 -68.64633
34226 2.79189 NaN NaN NaN 233.68834 -201.16338 7.51318 NaN NaN NaN NaN NaN NaN 53.96705 -162.69205 7.28763 -39.20697 -213.47954 -68.57054
34227 2.80022 NaN NaN NaN 233.63620 -201.13232 7.41826 NaN NaN NaN NaN NaN NaN 53.98772 -162.59608 7.27128 -39.21349 -213.43237 -68.49203
34228 2.80855 NaN NaN NaN 233.60213 -201.10590 7.33776 NaN NaN NaN NaN NaN NaN 53.99496 -162.50256 7.24828 -39.21132 -213.40588 -68.39835
34229 2.81689 NaN NaN NaN 233.55699 -201.06979 7.28493 NaN NaN NaN NaN NaN NaN 53.99598 -162.43831 7.23313 -39.23036 -213.37839 -68.33294
34230 2.82522 NaN NaN NaN 233.55151 -201.00780 7.19762 NaN NaN NaN NaN NaN NaN 53.99871 -162.40294 7.22890 -39.21990 -213.39359 -68.28944
34231 2.83355 NaN NaN NaN 233.56567 -200.91742 7.16556 NaN NaN NaN NaN NaN NaN 54.01562 -162.39114 7.23548 -39.20845 -213.41962 -68.27227
34232 2.84188 NaN NaN NaN 233.59517 -200.81093 7.15234 NaN NaN NaN NaN NaN NaN 54.01054 -162.42438 7.25057 -39.19365 -213.47679 -68.25414
34233 2.85021 NaN NaN NaN 233.61540 -200.72737 7.20750 NaN NaN NaN NaN NaN NaN 54.01552 -162.45230 7.27463 -39.16856 -213.55109 -68.24073
34234 2.85854 NaN NaN NaN 233.65483 -200.66974 7.25926 NaN NaN NaN NaN NaN NaN 54.02248 -162.52657 7.30372 -39.14646 -213.64877 -68.21454
34235 2.86687 NaN NaN NaN 233.70731 -200.60980 7.30958 NaN NaN NaN NaN NaN NaN 54.01754 -162.58673 7.29632 -39.18804 -213.75941 -68.14265
34236 2.87520 NaN NaN NaN 233.77197 -200.51361 7.38816 NaN NaN NaN NaN NaN NaN 53.99826 -162.66171 7.30436 -39.23098 -213.90985 -68.08244
34237 2.88354 NaN NaN NaN 233.83647 -200.41046 7.43683 NaN NaN NaN NaN NaN NaN 53.97118 -162.77477 7.32316 -39.26889 -214.03513 -68.01312
34238 2.89187 NaN NaN NaN 233.90759 -200.28667 7.47642 NaN NaN NaN NaN NaN NaN 53.91702 -162.88855 7.34774 -39.28756 -214.18567 -68.00310
34239 2.90020 NaN NaN NaN 233.93962 -200.22505 7.55653 NaN NaN NaN NaN NaN NaN 53.84477 -163.00627 7.35360 -39.34115 -214.32698 -68.01234
34240 2.90853 NaN NaN NaN 233.98853 -200.20392 7.62013 NaN NaN NaN NaN NaN NaN 53.81705 -163.12955 7.35456 -39.36806 -214.45229 -68.00942
34241 2.91686 NaN NaN NaN 234.03653 -200.22438 7.66354 NaN NaN NaN NaN NaN NaN 53.78981 -163.25696 7.33622 -39.41582 -214.55276 -67.98484
34242 2.92519 NaN NaN NaN 234.08690 -200.23123 7.69786 NaN NaN NaN NaN NaN NaN 53.77909 -163.36346 7.29846 -39.44522 -214.67476 -67.98080
34243 2.93352 NaN NaN NaN 234.13315 -200.26166 7.73851 NaN NaN NaN NaN NaN NaN 53.75291 -163.46597 7.20409 -39.47405 -214.75990 -67.97682
34244 2.94185 NaN NaN NaN 234.16859 -200.29173 7.79722 NaN NaN NaN NaN NaN NaN 53.73602 -163.52951 7.17771 -39.47348 -214.83725 -68.01270
34245 2.95019 NaN NaN NaN 234.19516 -200.34618 7.82836 NaN NaN NaN NaN NaN NaN 53.75998 -163.57489 7.16353 -39.50106 -214.87518 -68.03806
34246 2.95852 NaN NaN NaN 234.22708 -200.43022 7.86670 NaN NaN NaN NaN NaN NaN 53.79454 -163.59967 7.12513 -39.49017 -214.90762 -68.06197
34247 2.96685 NaN NaN NaN 234.25314 -200.47734 7.88640 NaN NaN NaN NaN NaN NaN 53.81922 -163.60562 7.10669 -39.49060 -214.92253 -68.07887
34248 2.97518 NaN NaN NaN 234.28015 -200.53755 7.92341 NaN NaN NaN NaN NaN NaN 53.84373 -163.59138 7.08764 -39.47019 -214.94681 -68.07035
34249 2.98351 NaN NaN NaN 234.32814 -200.57977 7.96411 NaN NaN NaN NaN NaN NaN 53.86631 -163.60283 7.07278 -39.47419 -214.97276 -68.05365
34250 2.99184 NaN NaN NaN 234.37459 -200.64267 7.99907 NaN NaN NaN NaN NaN NaN 53.87956 -163.61292 7.06245 -39.46628 -215.00627 -68.04017
34251 3.00017 NaN NaN NaN 234.40805 -200.70456 8.00989 NaN NaN NaN NaN NaN NaN 53.89270 -163.62424 7.02813 -39.48888 -215.01273 -68.02067
34252 3.00851 NaN NaN NaN 234.43286 -200.79060 8.04748 NaN NaN NaN NaN NaN NaN 53.90579 -163.64009 7.03761 -39.49379 -215.02768 -68.01183
34253 3.01684 NaN NaN NaN 234.41339 -200.84381 8.03180 NaN NaN NaN NaN NaN NaN 53.90019 -163.66385 7.00507 -39.54556 -215.06129 -67.98467
34254 3.02517 NaN NaN NaN 234.37250 -200.89348 8.00266 NaN NaN NaN NaN NaN NaN 53.90800 -163.69429 6.98861 -39.55471 -215.11781 -67.97293
34255 3.03350 NaN NaN NaN 234.35953 -200.92514 7.96595 NaN NaN NaN NaN NaN NaN 53.89521 -163.73187 6.95273 -39.58155 -215.16490 -67.95200
34256 3.04183 NaN NaN NaN 234.31265 -200.93562 7.91690 NaN NaN NaN NaN NaN NaN 53.88645 -163.77119 6.91227 -39.60212 -215.22859 -67.94129
34257 3.05016 NaN NaN NaN 234.27480 -200.98997 7.86474 NaN NaN NaN NaN NaN NaN 53.88878 -163.80597 6.88388 -39.63442 -215.26230 -67.93670
34258 3.05849 NaN NaN NaN 234.20929 -201.04869 7.78072 NaN NaN NaN NaN NaN NaN 53.90104 -163.85860 6.86825 -39.66265 -215.30486 -67.91249
34259 3.06682 NaN NaN NaN 234.19644 -201.08299 7.73414 NaN NaN NaN NaN NaN NaN 53.92123 -163.90422 6.83870 -39.69198 -215.31870 -67.93375
34260 3.07516 NaN NaN NaN 234.16476 -201.12326 7.68738 NaN NaN NaN NaN NaN NaN 53.92097 -163.94159 6.80320 -39.72879 -215.37122 -67.91347
34261 3.08349 NaN NaN NaN 234.11719 -201.17216 7.62881 NaN NaN NaN NaN NaN NaN 53.93367 -163.96568 6.78124 -39.75943 -215.41100 -67.94377
34262 3.09182 NaN NaN NaN 234.07979 -201.25821 7.58333 NaN NaN NaN NaN NaN NaN 53.95803 -163.99608 6.72788 -39.78836 -215.44574 -67.95086
34263 3.10015 NaN NaN NaN 234.04047 -201.30536 7.54077 NaN NaN NaN NaN NaN NaN 53.97109 -164.02478 6.63695 -39.82011 -215.44304 -67.95596
34264 3.10848 NaN NaN NaN 234.00957 -201.33258 7.49417 NaN NaN NaN NaN NaN NaN 53.98073 -164.05246 6.58769 -39.81132 -215.45712 -67.95993
34265 3.11681 NaN NaN NaN 233.97417 -201.29987 7.45455 NaN NaN NaN NaN NaN NaN 53.98963 -164.03761 6.53064 -39.80821 -215.43755 -68.00334
34266 3.12514 NaN NaN NaN 233.93318 -201.26447 7.42302 NaN NaN NaN NaN NaN NaN 54.02034 -164.01317 6.50026 -39.80598 -215.41461 -68.02259
34267 3.13347 NaN NaN NaN 233.91364 -201.22690 7.39691 NaN NaN NaN NaN NaN NaN 54.04170 -163.97482 6.46778 -39.82445 -215.37584 -68.04150
34268 3.14181 NaN NaN NaN 233.87761 -201.19347 7.38106 NaN NaN NaN NaN NaN NaN 54.06253 -163.94048 6.43908 -39.83205 -215.35387 -68.03831
34269 3.15014 NaN NaN NaN 233.85614 -201.15431 7.34928 NaN NaN NaN NaN NaN NaN 54.05544 -163.86388 6.38127 -39.83133 -215.31595 -68.06355
34270 3.15847 NaN NaN NaN 233.79762 -201.08496 7.29699 NaN NaN NaN NaN NaN NaN 54.07066 -163.82140 6.35348 -39.81982 -215.24644 -68.07191
34271 3.16680 NaN NaN NaN 233.75526 -201.00166 7.25424 NaN NaN NaN NaN NaN NaN 54.07862 -163.75319 6.32779 -39.81335 -215.16122 -68.05054
34272 3.17513 NaN NaN NaN 233.73280 -200.92792 7.22365 NaN NaN NaN NaN NaN NaN 54.08867 -163.69232 6.32803 -39.80557 -215.10060 -68.02631
34273 3.18346 NaN NaN NaN 233.72290 -200.84435 7.19620 NaN NaN NaN NaN NaN NaN 54.07785 -163.59802 6.32739 -39.82408 -215.05264 -68.01102
34274 3.19179 NaN NaN NaN 233.70676 -200.76646 7.18512 NaN NaN NaN NaN NaN NaN 54.08232 -163.51205 6.34316 -39.81710 -215.01048 -67.99306
34275 3.20013 NaN NaN NaN 233.69818 -200.71429 7.17668 NaN NaN NaN NaN NaN NaN 54.08575 -163.40810 6.35057 -39.81462 -214.94019 -67.98065
34276 3.20846 NaN NaN NaN 233.68336 -200.64896 7.16670 NaN NaN NaN NaN NaN NaN 54.09505 -163.28856 6.36220 -39.81797 -214.86702 -67.95970
34277 3.21679 NaN NaN NaN 233.68948 -200.51813 7.17047 NaN NaN NaN NaN NaN NaN 54.08688 -163.20195 6.37307 -39.82021 -214.81033 -67.93360
34278 3.22512 NaN NaN NaN 233.65460 -200.41995 7.16875 NaN NaN NaN NaN NaN NaN 54.08732 -163.11049 6.39345 -39.80904 -214.76280 -67.88525
34279 3.23345 NaN NaN NaN 233.64360 -200.25960 7.18397 NaN NaN NaN NaN NaN NaN 54.08208 -163.02328 6.40968 -39.80777 -214.70810 -67.83400
34280 3.24178 NaN NaN NaN 233.64377 -200.12982 7.21974 NaN NaN NaN NaN NaN NaN 54.06790 -162.93794 6.41190 -39.81114 -214.66089 -67.78314
34281 3.25011 NaN NaN NaN 233.65726 -200.05846 7.23789 NaN NaN NaN NaN NaN NaN 54.05607 -162.87054 6.40907 -39.82862 -214.61952 -67.74734
34282 3.25844 NaN NaN NaN 233.66005 -200.00806 7.23831 NaN NaN NaN NaN NaN NaN 54.05416 -162.82166 6.43827 -39.84007 -214.61389 -67.72122
34283 3.26678 NaN NaN NaN 233.65869 -199.96684 7.24218 NaN NaN NaN NaN NaN NaN 54.04700 -162.79579 6.45789 -39.85549 -214.57549 -67.67137
34284 3.27511 NaN NaN NaN 233.68446 -199.91644 7.23509 NaN NaN NaN NaN NaN NaN 54.02930 -162.75612 6.47274 -39.86336 -214.55730 -67.64356
34285 3.28344 NaN NaN NaN 233.67238 -199.88551 7.23738 NaN NaN NaN NaN NaN NaN 54.01558 -162.71536 6.47860 -39.87531 -214.57249 -67.63166
34286 3.29177 NaN NaN NaN 233.65398 -199.85283 7.24859 NaN NaN NaN NaN NaN NaN 54.00959 -162.70271 6.49800 -39.90011 -214.58812 -67.61462
34287 3.30010 NaN NaN NaN 233.63052 -199.85643 7.25394 NaN NaN NaN NaN NaN NaN 53.97931 -162.72847 6.51199 -39.91515 -214.60834 -67.60019
34288 3.30843 NaN NaN NaN 233.62540 -199.86858 7.25330 NaN NaN NaN NaN NaN NaN 53.96340 -162.74599 6.53242 -39.94823 -214.63611 -67.58422
34289 3.31676 NaN NaN NaN 233.61963 -199.90601 7.24756 NaN NaN NaN NaN NaN NaN 53.92799 -162.78197 6.54391 -39.95665 -214.67387 -67.56466
34290 3.32509 NaN NaN NaN 233.58412 -199.95578 7.24786 NaN NaN NaN NaN NaN NaN 53.90615 -162.82216 6.54725 -39.96128 -214.72110 -67.55149
34291 3.33343 NaN NaN NaN 233.56656 -199.99960 7.24183 NaN NaN NaN NaN NaN NaN 53.90099 -162.85956 6.53010 -39.97834 -214.77124 -67.54990
34292 3.34176 NaN NaN NaN 233.54756 -200.04359 7.24769 NaN NaN NaN NaN NaN NaN 53.90966 -162.90353 6.52470 -40.00282 -214.83060 -67.55866
34293 3.35009 NaN NaN NaN 233.54402 -200.10695 7.23296 NaN NaN NaN NaN NaN NaN 53.87934 -162.95848 6.52178 -40.01583 -214.88864 -67.55627
34294 3.35842 NaN NaN NaN 233.51677 -200.18329 7.22412 NaN NaN NaN NaN NaN NaN 53.87117 -163.03465 6.52607 -40.03391 -214.94881 -67.54429
34295 3.36675 NaN NaN NaN 233.52762 -200.24124 7.21820 NaN NaN NaN NaN NaN NaN 53.85360 -163.09315 6.50950 -40.05224 -215.00793 -67.53223
34296 3.37508 NaN NaN NaN 233.50288 -200.31976 7.21753 NaN NaN NaN NaN NaN NaN 53.85623 -163.16220 6.49446 -40.07020 -215.06325 -67.52004
34297 3.38341 NaN NaN NaN 233.51701 -200.41460 7.20392 NaN NaN NaN NaN NaN NaN 53.86388 -163.25349 6.49230 -40.07947 -215.10394 -67.52515
34298 3.39174 NaN NaN NaN 233.53220 -200.55707 7.21744 NaN NaN NaN NaN NaN NaN 53.88173 -163.33583 6.48029 -40.09336 -215.14845 -67.53040
34299 3.40008 NaN NaN NaN 233.56279 -200.65286 7.19297 NaN NaN NaN NaN NaN NaN 53.88654 -163.38914 6.46337 -40.10064 -215.19656 -67.55736
34300 3.40841 NaN NaN NaN 233.57881 -200.73584 7.18341 NaN NaN NaN NaN NaN NaN 53.87014 -163.45618 6.44957 -40.11449 -215.25334 -67.57249
34301 3.41674 NaN NaN NaN 233.58833 -200.78761 7.16930 NaN NaN NaN NaN NaN NaN 53.88919 -163.51437 6.42255 -40.11927 -215.33337 -67.58366
34302 3.42507 NaN NaN NaN 233.57970 -200.84128 7.16393 NaN NaN NaN NaN NaN NaN 53.91003 -163.55435 6.41814 -40.11353 -215.40871 -67.59458
34303 3.43340 NaN NaN NaN 233.57983 -200.89085 7.16023 NaN NaN NaN NaN NaN NaN 53.94778 -163.58727 6.40792 -40.09731 -215.46989 -67.61610
34304 3.44173 NaN NaN NaN 233.56993 -200.94044 7.16127 NaN NaN NaN NaN NaN NaN 53.95848 -163.63716 6.39506 -40.07296 -215.50630 -67.61782
34305 3.45006 NaN NaN NaN 233.58067 -200.98433 7.16551 NaN NaN NaN NaN NaN NaN 53.98362 -163.69763 6.36838 -40.05808 -215.52754 -67.65030
34306 3.45840 NaN NaN NaN 233.59286 -201.01213 7.15394 NaN NaN NaN NaN NaN NaN 54.00499 -163.74893 6.34603 -40.03927 -215.55591 -67.65118
34307 3.46673 NaN NaN NaN 233.61586 -201.03642 7.16239 NaN NaN NaN NaN NaN NaN 54.03418 -163.77290 6.30934 -40.00684 -215.56802 -67.67063
34308 3.47506 NaN NaN NaN 233.63515 -201.03296 7.15033 NaN NaN NaN NaN NaN NaN 54.06141 -163.79379 6.28849 -39.98042 -215.56799 -67.69747
34309 3.48339 NaN NaN NaN 233.65401 -201.02644 7.15695 NaN NaN NaN NaN NaN NaN 54.06654 -163.79308 6.26075 -39.96350 -215.59805 -67.70606
34310 3.49172 NaN NaN NaN 233.66907 -201.01508 7.16106 NaN NaN NaN NaN NaN NaN 54.10330 -163.80276 6.22444 -39.94706 -215.59993 -67.70799
34311 3.50005 NaN NaN NaN 233.71429 -200.99695 7.16061 NaN NaN NaN NaN NaN NaN 54.13149 -163.81136 6.23731 -39.89740 -215.60841 -67.70741
34312 3.50838 NaN NaN NaN 233.73445 -200.96799 7.18802 NaN NaN NaN NaN NaN NaN 54.16651 -163.83514 6.22958 -39.83902 -215.62756 -67.73165
34313 3.51671 NaN NaN NaN 233.76501 -200.93088 7.18384 NaN NaN NaN NaN NaN NaN 54.17212 -163.82565 6.22907 -39.81485 -215.60899 -67.74601
34314 3.52505 NaN NaN NaN 233.77855 -200.90964 7.18830 NaN NaN NaN NaN NaN NaN 54.18617 -163.80603 6.21387 -39.80088 -215.59236 -67.76390
34315 3.53338 NaN NaN NaN 233.79402 -200.89297 7.20090 NaN NaN NaN NaN NaN NaN 54.20599 -163.77330 6.20528 -39.78368 -215.58736 -67.77139
34316 3.54171 NaN NaN NaN 233.80229 -200.85440 7.19937 NaN NaN NaN NaN NaN NaN 54.23012 -163.73535 6.19376 -39.76074 -215.57683 -67.79278
34317 3.55004 NaN NaN NaN 233.83054 -200.82684 7.18522 NaN NaN NaN NaN NaN NaN 54.24487 -163.69559 6.18282 -39.73449 -215.55469 -67.79408
34318 3.55837 NaN NaN NaN 233.83305 -200.78548 7.18423 NaN NaN NaN NaN NaN NaN 54.24981 -163.65546 6.16999 -39.72332 -215.50673 -67.80968
34319 3.56670 NaN NaN NaN 233.85210 -200.74141 7.19124 NaN NaN NaN NaN NaN NaN 54.24273 -163.59776 6.16083 -39.71304 -215.42285 -67.80941
34320 3.57503 NaN NaN NaN 233.86551 -200.69766 7.18761 NaN NaN NaN NaN NaN NaN 54.26661 -163.51361 6.14777 -39.71984 -215.31592 -67.81482
34321 3.58336 NaN NaN NaN 233.89227 -200.67635 7.17858 NaN NaN NaN NaN NaN NaN 54.26908 -163.42282 6.13515 -39.72409 -215.22040 -67.84358
34322 3.59170 NaN NaN NaN 233.90013 -200.64194 7.18277 NaN NaN NaN NaN NaN NaN 54.27140 -163.33920 6.12485 -39.72059 -215.14758 -67.84856
34323 3.60003 NaN NaN NaN 233.90910 -200.60413 7.19053 NaN NaN NaN NaN NaN NaN 54.27414 -163.26321 6.12125 -39.74016 -215.06805 -67.82629
34324 3.60836 NaN NaN NaN 233.90463 -200.56259 7.19407 NaN NaN NaN NaN NaN NaN 54.24971 -163.21220 6.10870 -39.74773 -215.00447 -67.80492
34325 3.61669 NaN NaN NaN 233.89670 -200.51234 7.18220 NaN NaN NaN NaN NaN NaN 54.24123 -163.13834 6.10444 -39.74962 -214.94664 -67.81530
34326 3.62502 NaN NaN NaN 233.88408 -200.44572 7.21087 NaN NaN NaN NaN NaN NaN 54.23576 -163.07784 6.12286 -39.77251 -214.85591 -67.82961
34327 3.63335 NaN NaN NaN 233.86974 -200.38625 7.20418 NaN NaN NaN NaN NaN NaN 54.23632 -163.00826 6.12657 -39.80520 -214.74886 -67.84264
34328 3.64168 NaN NaN NaN 233.85814 -200.30418 7.22273 NaN NaN NaN NaN NaN NaN 54.20334 -162.94023 6.11330 -39.84488 -214.65611 -67.84179
34329 3.65002 NaN NaN NaN 233.83975 -200.24492 7.20640 NaN NaN NaN NaN NaN NaN 54.17208 -162.89180 6.09603 -39.87064 -214.59258 -67.85406
34330 3.65835 NaN NaN NaN 233.81111 -200.19478 7.19467 NaN NaN NaN NaN NaN NaN 54.13786 -162.81131 6.12802 -39.89659 -214.54716 -67.82772
34331 3.66668 NaN NaN NaN 233.79822 -200.16550 7.19394 NaN NaN NaN NaN NaN NaN 54.11116 -162.74406 6.15435 -39.93092 -214.47873 -67.82703
34332 3.67501 NaN NaN NaN 233.77202 -200.10155 7.20497 NaN NaN NaN NaN NaN NaN 54.07595 -162.68007 6.13623 -39.97547 -214.41879 -67.82427
34333 3.68334 NaN NaN NaN 233.74698 -200.10423 7.17957 NaN NaN NaN NaN NaN NaN 54.04036 -162.62444 6.11621 -40.01632 -214.33014 -67.84637
34334 3.69167 NaN NaN NaN 233.72610 -200.10501 7.16922 NaN NaN NaN NaN NaN NaN 54.03105 -162.59563 6.12927 -40.06580 -214.29597 -67.84733
34335 3.70000 NaN NaN NaN 233.68344 -200.11188 7.15201 NaN NaN NaN NaN NaN NaN 54.01455 -162.57906 6.11718 -40.09517 -214.26125 -67.85371
34336 3.70833 NaN NaN NaN 233.66808 -200.11548 7.15744 NaN NaN NaN NaN NaN NaN 53.99292 -162.56017 6.10370 -40.12965 -214.23886 -67.85181
34337 3.71667 NaN NaN NaN 233.65556 -200.11598 7.20029 NaN NaN NaN NaN NaN NaN 53.96802 -162.55389 6.13178 -40.15320 -214.22697 -67.86369
34338 3.72500 NaN NaN NaN 233.66302 -200.11581 7.19283 NaN NaN NaN NaN NaN NaN 53.94609 -162.54327 6.14063 -40.16414 -214.23363 -67.86770
34339 3.73333 NaN NaN NaN 233.64104 -200.12617 7.20692 NaN NaN NaN NaN NaN NaN 53.93195 -162.55727 6.12773 -40.17765 -214.22951 -67.86606
34340 3.74166 NaN NaN NaN 233.64194 -200.12497 7.18001 NaN NaN NaN NaN NaN NaN 53.92373 -162.55901 6.12944 -40.19490 -214.24046 -67.86081
34341 3.74999 NaN NaN NaN 233.63866 -200.16380 7.14101 NaN NaN NaN NaN NaN NaN 53.90526 -162.56874 6.12586 -40.21453 -214.26459 -67.86874
34342 3.75832 NaN NaN NaN 233.60820 -200.18076 7.12932 NaN NaN NaN NaN NaN NaN 53.88560 -162.56229 6.12709 -40.21886 -214.28778 -67.87945
34343 3.76665 NaN NaN NaN 233.60753 -200.21251 7.11713 NaN NaN NaN NaN NaN NaN 53.87462 -162.57922 6.12525 -40.22878 -214.28107 -67.88622
34344 3.77498 NaN NaN NaN 233.61618 -200.24062 7.09133 NaN NaN NaN NaN NaN NaN 53.85773 -162.59111 6.12566 -40.23906 -214.28334 -67.87981
34345 3.78332 NaN NaN NaN 233.63214 -200.24539 7.07674 NaN NaN NaN NaN NaN NaN 53.85517 -162.61386 6.12638 -40.23741 -214.27898 -67.87795
34346 3.79165 NaN NaN NaN 233.60173 -200.31116 7.06185 NaN NaN NaN NaN NaN NaN 53.85674 -162.62871 6.13495 -40.23193 -214.28320 -67.88232
34347 3.79998 NaN NaN NaN 233.61385 -200.36078 7.03912 NaN NaN NaN NaN NaN NaN 53.86664 -162.61667 6.13307 -40.22774 -214.29239 -67.87889
34348 3.80831 NaN NaN NaN 233.61203 -200.41849 7.03867 NaN NaN NaN NaN NaN NaN 53.87281 -162.60774 6.11711 -40.22437 -214.31248 -67.87243
34349 3.81664 NaN NaN NaN 233.62206 -200.45520 7.04712 NaN NaN NaN NaN NaN NaN 53.88689 -162.60632 6.10944 -40.20339 -214.32733 -67.86502
34350 3.82497 NaN NaN NaN 233.63042 -200.52127 7.04616 NaN NaN NaN NaN NaN NaN 53.91405 -162.62985 6.10329 -40.19627 -214.33939 -67.85158
34351 3.83330 NaN NaN NaN 233.65187 -200.55188 7.04681 NaN NaN NaN NaN NaN NaN 53.92645 -162.65617 6.11018 -40.18043 -214.35562 -67.85729
34352 3.84164 NaN NaN NaN 233.65950 -200.58005 7.05088 NaN NaN NaN NaN NaN NaN 53.93832 -162.68408 6.10597 -40.16343 -214.36031 -67.86839
34353 3.84997 NaN NaN NaN 233.67918 -200.60138 7.04955 NaN NaN NaN NaN NaN NaN 53.93467 -162.71442 6.08349 -40.14415 -214.38060 -67.90023
34354 3.85830 NaN NaN NaN 233.69557 -200.64983 7.06629 NaN NaN NaN NaN NaN NaN 53.93558 -162.73665 6.09572 -40.14247 -214.40919 -67.89094
34355 3.86663 NaN NaN NaN 233.71614 -200.68758 7.07960 NaN NaN NaN NaN NaN NaN 53.94148 -162.76448 6.07883 -40.15391 -214.41920 -67.90879
34356 3.87496 NaN NaN NaN 233.70856 -200.70723 7.07834 NaN NaN NaN NaN NaN NaN 53.94469 -162.76321 6.06907 -40.14234 -214.45726 -67.88349
34357 3.88329 NaN NaN NaN 233.73032 -200.74886 7.08710 NaN NaN NaN NaN NaN NaN 53.95662 -162.80052 6.05487 -40.13050 -214.47897 -67.91602
34358 3.89162 NaN NaN NaN 233.74651 -200.75510 7.08242 NaN NaN NaN NaN NaN NaN 53.96379 -162.81570 6.06269 -40.11610 -214.52208 -67.91486
34359 3.89995 NaN NaN NaN 233.74330 -200.78085 7.06968 NaN NaN NaN NaN NaN NaN 53.97129 -162.85152 6.05897 -40.11542 -214.53612 -67.90757
34360 3.90829 NaN NaN NaN 233.72534 -200.79388 7.06119 NaN NaN NaN NaN NaN NaN 53.97337 -162.87299 6.04227 -40.11642 -214.55968 -67.90359
34361 3.91662 NaN NaN NaN 233.74359 -200.82570 7.08627 NaN NaN NaN NaN NaN NaN 53.97908 -162.90649 6.02189 -40.11510 -214.59657 -67.90747
34362 3.92495 NaN NaN NaN 233.73288 -200.85698 7.08105 NaN NaN NaN NaN NaN NaN 53.98545 -162.91919 6.02048 -40.10481 -214.62234 -67.88632
34363 3.93328 NaN NaN NaN 233.75160 -200.87331 7.09772 NaN NaN NaN NaN NaN NaN 54.00126 -162.92795 6.01889 -40.10543 -214.64339 -67.89558
34364 3.94161 NaN NaN NaN 233.76791 -200.91003 7.10228 NaN NaN NaN NaN NaN NaN 53.99359 -162.93872 5.99722 -40.11636 -214.66846 -67.91039
34365 3.94994 NaN NaN NaN 233.78278 -200.91223 7.12712 NaN NaN NaN NaN NaN NaN 54.00334 -162.93793 5.97481 -40.10571 -214.65758 -67.89917
34366 3.95827 NaN NaN NaN 233.79143 -200.95099 7.12437 NaN NaN NaN NaN NaN NaN 54.01014 -162.95129 5.97112 -40.12540 -214.67220 -67.86371
34367 3.96660 NaN NaN NaN 233.78267 -200.95216 7.14933 NaN NaN NaN NaN NaN NaN 54.01941 -162.96660 5.96563 -40.12458 -214.69434 -67.84891
34368 3.97494 NaN NaN NaN 233.79446 -200.94775 7.13801 NaN NaN NaN NaN NaN NaN 54.01817 -162.98805 5.98285 -40.14370 -214.71355 -67.83191
34369 3.98327 NaN NaN NaN 233.79674 -200.95639 7.14704 NaN NaN NaN NaN NaN NaN 54.01733 -163.01338 5.99171 -40.16816 -214.72794 -67.83220
34370 3.99160 NaN NaN NaN 233.81128 -200.95821 7.14601 NaN NaN NaN NaN NaN NaN 53.99512 -163.03268 5.99712 -40.17392 -214.73291 -67.81922
34371 3.99993 NaN NaN NaN 233.82910 -200.96378 7.16163 NaN NaN NaN NaN NaN NaN 53.98281 -163.03140 6.01385 -40.18820 -214.72809 -67.83916
34372 4.00826 NaN NaN NaN 233.82465 -200.96248 7.17391 NaN NaN NaN NaN NaN NaN 53.96884 -163.04909 6.03629 -40.19892 -214.73056 -67.82668
34373 4.01659 NaN NaN NaN 233.84879 -200.95406 7.19238 NaN NaN NaN NaN NaN NaN 53.96577 -163.06161 6.03553 -40.19280 -214.72072 -67.83829
34374 4.02492 NaN NaN NaN 233.85384 -200.95418 7.21660 NaN NaN NaN NaN NaN NaN 53.95659 -163.04849 6.02162 -40.19635 -214.72589 -67.80678
34375 4.03326 NaN NaN NaN 233.87584 -200.95927 7.26241 NaN NaN NaN NaN NaN NaN 53.97586 -163.03976 6.02005 -40.19374 -214.72232 -67.81322
34376 4.04159 NaN NaN NaN 233.90916 -200.96803 7.28690 NaN NaN NaN NaN NaN NaN 54.02426 -163.03862 6.02942 -40.17715 -214.70268 -67.80745
34377 4.04992 NaN NaN NaN 233.93394 -200.97041 7.32625 NaN NaN NaN NaN NaN NaN 54.03200 -163.02791 6.03675 -40.15868 -214.69762 -67.82796
34378 4.05825 NaN NaN NaN 233.95433 -201.00006 7.34531 NaN NaN NaN NaN NaN NaN 54.03030 -163.01520 6.03595 -40.13538 -214.72087 -67.80224
34379 4.06658 NaN NaN NaN 233.98642 -200.97652 7.35124 NaN NaN NaN NaN NaN NaN 54.02456 -163.00629 6.02966 -40.10366 -214.70146 -67.81325
34380 4.07491 NaN NaN NaN 234.01028 -200.98755 7.36714 NaN NaN NaN NaN NaN NaN 54.03876 -162.99176 6.02116 -40.09626 -214.67363 -67.82926
34381 4.08324 NaN NaN NaN 234.03778 -200.96921 7.37600 NaN NaN NaN NaN NaN NaN 54.04394 -162.97595 5.99729 -40.06853 -214.65692 -67.84895
34382 4.09157 NaN NaN NaN 234.05231 -200.96745 7.37061 NaN NaN NaN NaN NaN NaN 54.05666 -162.96373 5.98897 -40.06353 -214.65051 -67.83075
34383 4.09991 NaN NaN NaN 234.05592 -200.96161 7.38191 NaN NaN NaN NaN NaN NaN 54.06554 -162.95734 6.03536 -40.05986 -214.63945 -67.82886
34384 4.10824 NaN NaN NaN 234.06778 -200.96593 7.38265 NaN NaN NaN NaN NaN NaN 54.07001 -162.97002 6.05754 -40.04551 -214.64301 -67.81118
34385 4.11657 NaN NaN NaN 234.07693 -200.95430 7.39893 NaN NaN NaN NaN NaN NaN 54.08160 -162.95723 6.06335 -40.04456 -214.64270 -67.83169
34386 4.12490 NaN NaN NaN 234.07935 -200.96652 7.40662 NaN NaN NaN NaN NaN NaN 54.08932 -162.97063 6.05378 -40.02288 -214.65932 -67.82922
34387 4.13323 NaN NaN NaN 234.08290 -200.94894 7.41261 NaN NaN NaN NaN NaN NaN 54.08891 -162.93611 6.01171 -40.02669 -214.65610 -67.84333
34388 4.14156 NaN NaN NaN 234.08316 -200.96423 7.41990 NaN NaN NaN NaN NaN NaN 54.08738 -162.95337 6.03056 -40.00325 -214.67793 -67.82820
34389 4.14989 NaN NaN NaN 234.08516 -200.96014 7.42996 NaN NaN NaN NaN NaN NaN 54.10431 -162.93733 6.01636 -40.00740 -214.65062 -67.82802
34390 4.15822 NaN NaN NaN 234.08508 -200.97774 7.43312 NaN NaN NaN NaN NaN NaN 54.08733 -162.94008 5.98171 -39.99667 -214.66658 -67.82695
34391 4.16656 NaN NaN NaN 234.07744 -200.96944 7.43123 NaN NaN NaN NaN NaN NaN 54.08010 -162.93875 5.96042 -40.00424 -214.66840 -67.83811
34392 4.17489 NaN NaN NaN 234.08203 -200.98952 7.42372 NaN NaN NaN NaN NaN NaN 54.08035 -162.92328 5.95522 -40.00136 -214.68596 -67.84604
34393 4.18322 NaN NaN NaN 234.07510 -200.99146 7.44009 NaN NaN NaN NaN NaN NaN 54.08067 -162.90981 5.96224 -40.01561 -214.68288 -67.85536
