Frame# Time LH1 LH2 LH3 RH1 RH2 RH3
X54 Y54 Z54 X55 Y55 Z55 X56 Y56 Z56 X57 Y57 Z57 X58 Y58 Z58 X59 Y59 Z59
42218 0.00401 NaN NaN NaN 153.57452 -84.38531 -33.55326 251.93462 -163.57542 -27.34196 NaN NaN NaN 31.74793 -117.32413 12.12186 -63.14500 -178.12785 -53.49436
42219 0.01234 NaN NaN NaN 153.60608 -84.36633 -33.56129 251.97716 -163.59038 -27.32952 NaN NaN NaN 31.80533 -117.27338 12.06913 -63.08946 -178.12279 -53.46858
42220 0.02067 NaN NaN NaN 153.60066 -84.37909 -33.55399 252.01314 -163.61217 -27.32498 NaN NaN NaN 31.85029 -117.23260 11.99247 -63.01151 -178.12973 -53.46843
42221 0.02901 NaN NaN NaN 153.61630 -84.41413 -33.55247 252.02594 -163.61551 -27.32458 NaN NaN NaN 31.91629 -117.19811 11.94968 -62.96562 -178.14412 -53.44448
42222 0.03734 NaN NaN NaN 153.63780 -84.49184 -33.53720 252.05180 -163.63809 -27.32964 NaN NaN NaN 31.97808 -117.18827 11.90859 -62.91403 -178.17308 -53.42986
42223 0.04567 NaN NaN NaN 153.67914 -84.54089 -33.51949 252.08582 -163.65378 -27.34270 NaN NaN NaN 32.05536 -117.20967 11.88574 -62.86783 -178.19707 -53.43568
42224 0.05400 NaN NaN NaN 153.71362 -84.59865 -33.51075 252.14009 -163.71373 -27.36060 NaN NaN NaN 32.14172 -117.22021 11.83459 -62.83651 -178.20183 -53.43103
42225 0.06233 NaN NaN NaN 153.73990 -84.61340 -33.49852 252.18242 -163.73415 -27.37780 NaN NaN NaN 32.19559 -117.22134 11.79835 -62.79351 -178.21715 -53.43240
42226 0.07066 NaN NaN NaN 153.76614 -84.65540 -33.49483 252.20975 -163.75568 -27.39217 NaN NaN NaN 32.24657 -117.22141 11.77801 -62.74945 -178.23889 -53.44083
42227 0.07899 NaN NaN NaN 153.80457 -84.70289 -33.47621 252.24454 -163.80402 -27.38976 NaN NaN NaN 32.26339 -117.21152 11.75331 -62.72694 -178.27081 -53.45310
42228 0.08732 NaN NaN NaN 153.85942 -84.70284 -33.49248 252.26479 -163.85361 -27.39272 NaN NaN NaN 32.30657 -117.21792 11.72132 -62.69931 -178.29996 -53.46343
42229 0.09566 NaN NaN NaN 153.89453 -84.70064 -33.50351 252.28815 -163.89467 -27.41236 NaN NaN NaN 32.32648 -117.22698 11.69203 -62.68589 -178.33887 -53.47194
42230 0.10399 NaN NaN NaN 153.90578 -84.72622 -33.49936 252.32759 -163.92438 -27.42428 NaN NaN NaN 32.37307 -117.26221 11.68301 -62.65579 -178.33495 -53.48495
42231 0.11232 NaN NaN NaN 153.95044 -84.74334 -33.49850 252.35295 -163.93852 -27.45814 NaN NaN NaN 32.40478 -117.30090 11.67389 -62.63483 -178.34656 -53.51190
42232 0.12065 NaN NaN NaN 154.00812 -84.78228 -33.47409 252.37268 -163.94751 -27.47769 NaN NaN NaN 32.44393 -117.32725 11.65879 -62.60748 -178.34833 -53.53307
42233 0.12898 NaN NaN NaN 154.04834 -84.78003 -33.48637 252.38652 -163.97490 -27.49076 NaN NaN NaN 32.45872 -117.34327 11.65349 -62.58463 -178.37801 -53.53519
42234 0.13731 NaN NaN NaN 154.07817 -84.80868 -33.50365 252.41325 -164.01955 -27.50453 NaN NaN NaN 32.48166 -117.36765 11.63083 -62.56030 -178.37263 -53.56087
42235 0.14564 NaN NaN NaN 154.08762 -84.81432 -33.48416 252.41667 -164.02902 -27.51906 NaN NaN NaN 32.49865 -117.38591 11.61787 -62.55660 -178.40265 -53.57990
42236 0.15398 NaN NaN NaN 154.09105 -84.80410 -33.48444 252.43843 -164.07341 -27.51849 NaN NaN NaN 32.51963 -117.40041 11.59059 -62.52331 -178.41623 -53.60030
42237 0.16231 NaN NaN NaN 154.09834 -84.83176 -33.47679 252.46548 -164.07721 -27.53324 NaN NaN NaN 32.51974 -117.41589 11.57338 -62.52959 -178.44756 -53.59404
42238 0.17064 NaN NaN NaN 154.12787 -84.83679 -33.48024 252.48007 -164.10794 -27.55187 NaN NaN NaN 32.53483 -117.41743 11.55986 -62.51412 -178.46088 -53.60388
42239 0.17897 NaN NaN NaN 154.14021 -84.85754 -33.42989 252.49046 -164.11603 -27.57489 NaN NaN NaN 32.54056 -117.43874 11.55317 -62.51104 -178.46356 -53.59752
42240 0.18730 NaN NaN NaN 154.16367 -84.85101 -33.45528 252.51384 -164.15526 -27.60206 NaN NaN NaN 32.55389 -117.42075 11.54428 -62.49996 -178.46332 -53.60545
42241 0.19563 NaN NaN NaN 154.16068 -84.87331 -33.41413 252.53419 -164.17728 -27.63569 NaN NaN NaN 32.55920 -117.42653 11.53589 -62.51907 -178.45358 -53.62032
42242 0.20396 NaN NaN NaN 154.17216 -84.88938 -33.39884 252.55582 -164.17952 -27.64447 NaN NaN NaN 32.57722 -117.43212 11.52619 -62.49540 -178.44519 -53.61477
42243 0.21229 NaN NaN NaN 154.18005 -84.93506 -33.35913 252.54501 -164.19328 -27.66674 NaN NaN NaN 32.58445 -117.43901 11.52360 -62.50542 -178.44395 -53.62584
42244 0.22063 NaN NaN NaN 154.17247 -84.98356 -33.36369 252.56801 -164.18431 -27.66310 NaN NaN NaN 32.60213 -117.43961 11.51416 -62.49176 -178.45700 -53.62785
42245 0.22896 NaN NaN NaN 154.18196 -84.95170 -33.34898 252.56435 -164.18373 -27.67038 NaN NaN NaN 32.60937 -117.42274 11.50570 -62.49863 -178.44652 -53.62701
42246 0.23729 NaN NaN NaN 154.18983 -84.95541 -33.35127 252.58881 -164.18088 -27.67589 NaN NaN NaN 32.63144 -117.40437 11.47909 -62.48101 -178.43665 -53.62849
42247 0.24562 NaN NaN NaN 154.20622 -84.89799 -33.32427 252.58595 -164.17683 -27.68685 NaN NaN NaN 32.64721 -117.36670 11.44895 -62.47165 -178.42400 -53.62745
42248 0.25395 NaN NaN NaN 154.24194 -84.86091 -33.32342 252.59441 -164.18030 -27.68750 NaN NaN NaN 32.64328 -117.33121 11.43845 -62.46728 -178.38889 -53.63154
42249 0.26228 NaN NaN NaN 154.23689 -84.83891 -33.30922 252.59071 -164.15775 -27.70164 NaN NaN NaN 32.65292 -117.31901 11.46084 -62.46856 -178.37848 -53.63596
42250 0.27061 NaN NaN NaN 154.22734 -84.84049 -33.30647 252.59612 -164.14389 -27.69323 NaN NaN NaN 32.63829 -117.30586 11.43688 -62.46030 -178.34448 -53.63212
42251 0.27894 NaN NaN NaN 154.22385 -84.85059 -33.29288 252.59790 -164.13489 -27.70552 NaN NaN NaN 32.66777 -117.32218 11.45180 -62.46460 -178.33890 -53.63099
42252 0.28728 NaN NaN NaN 154.24391 -84.85532 -33.30357 252.61180 -164.11325 -27.70572 NaN NaN NaN 32.68233 -117.29016 11.43513 -62.45520 -178.31836 -53.62989
42253 0.29561 NaN NaN NaN 154.23164 -84.85013 -33.29928 252.62009 -164.11650 -27.70270 NaN NaN NaN 32.69588 -117.27321 11.43283 -62.44405 -178.29111 -53.62902
42254 0.30394 NaN NaN NaN 154.22618 -84.83654 -33.29319 252.61389 -164.10240 -27.70192 NaN NaN NaN 32.69809 -117.24912 11.42009 -62.45090 -178.28894 -53.61237
42255 0.31227 NaN NaN NaN 154.20668 -84.81786 -33.28984 252.60126 -164.09094 -27.69221 NaN NaN NaN 32.68948 -117.20665 11.40108 -62.44995 -178.27849 -53.61542
42256 0.32060 NaN NaN NaN 154.21161 -84.80516 -33.29326 252.62009 -164.06207 -27.69885 NaN NaN NaN 32.68533 -117.19485 11.40309 -62.46183 -178.25609 -53.61665
42257 0.32893 NaN NaN NaN 154.20804 -84.78940 -33.30141 252.60310 -164.03093 -27.69549 NaN NaN NaN 32.69091 -117.17691 11.39182 -62.45582 -178.23047 -53.63101
42258 0.33726 NaN NaN NaN 154.20891 -84.76604 -33.29315 252.59851 -164.02644 -27.70806 NaN NaN NaN 32.69159 -117.15382 11.37642 -62.43954 -178.20195 -53.61964
42259 0.34559 NaN NaN NaN 154.19402 -84.76363 -33.31260 252.59315 -164.01909 -27.70388 NaN NaN NaN 32.68574 -117.12856 11.39831 -62.44239 -178.20052 -53.62033
42260 0.35393 NaN NaN NaN 154.19330 -84.76740 -33.29221 252.59456 -164.02797 -27.70254 NaN NaN NaN 32.68380 -117.11252 11.36471 -62.44735 -178.19241 -53.60545
42261 0.36226 NaN NaN NaN 154.19461 -84.77969 -33.30235 252.58167 -164.01518 -27.69274 NaN NaN NaN 32.68914 -117.07418 11.34715 -62.44299 -178.19009 -53.59295
42262 0.37059 NaN NaN NaN 154.19460 -84.78493 -33.29011 252.58908 -164.01518 -27.69871 NaN NaN NaN 32.67703 -117.05299 11.34277 -62.44344 -178.18378 -53.58175
42263 0.37892 NaN NaN NaN 154.18436 -84.78480 -33.29158 252.56906 -164.01588 -27.70675 NaN NaN NaN 32.67242 -117.02116 11.33584 -62.44851 -178.17853 -53.57722
42264 0.38725 NaN NaN NaN 154.18053 -84.78609 -33.28420 252.56496 -164.01790 -27.70834 NaN NaN NaN 32.67239 -117.02350 11.33178 -62.44881 -178.17801 -53.57967
42265 0.39558 NaN NaN NaN 154.15833 -84.78669 -33.29087 252.56245 -164.00629 -27.70824 NaN NaN NaN 32.67128 -117.04167 11.35348 -62.45531 -178.17744 -53.59220
42266 0.40391 NaN NaN NaN 154.16246 -84.76327 -33.27322 252.55469 -164.00240 -27.66041 NaN NaN NaN 32.67430 -117.05220 11.34550 -62.46087 -178.18700 -53.57419
42267 0.41225 NaN NaN NaN 154.14743 -84.75755 -33.26061 252.54997 -163.99255 -27.66768 NaN NaN NaN 32.67167 -117.05567 11.34918 -62.46377 -178.19565 -53.57960
42268 0.42058 NaN NaN NaN 154.12863 -84.75758 -33.25718 252.53673 -163.98158 -27.64202 NaN NaN NaN 32.66134 -117.05293 11.33451 -62.46222 -178.20667 -53.57042
42269 0.42891 NaN NaN NaN 154.12770 -84.77238 -33.26862 252.53615 -163.97339 -27.63735 NaN NaN NaN 32.65038 -117.04109 11.36526 -62.47614 -178.19087 -53.58169
42270 0.43724 NaN NaN NaN 154.10052 -84.81194 -33.27518 252.53026 -163.99004 -27.63490 NaN NaN NaN 32.64597 -117.04532 11.33839 -62.47569 -178.20457 -53.57965
42271 0.44557 NaN NaN NaN 154.07339 -84.83463 -33.27058 252.51886 -164.00220 -27.62903 NaN NaN NaN 32.65735 -117.04919 11.33437 -62.47866 -178.20526 -53.58495
42272 0.45390 NaN NaN NaN 154.04276 -84.84835 -33.25906 252.52145 -164.00925 -27.61739 NaN NaN NaN 32.65999 -117.06584 11.33103 -62.46811 -178.21690 -53.57050
42273 0.46223 NaN NaN NaN 154.03278 -84.83802 -33.27093 252.50488 -164.00769 -27.62151 NaN NaN NaN 32.65691 -117.06122 11.35336 -62.47871 -178.23801 -53.57178
42274 0.47056 NaN NaN NaN 154.03798 -84.83823 -33.27369 252.50447 -164.04164 -27.61621 NaN NaN NaN 32.65324 -117.06973 11.33830 -62.48224 -178.25688 -53.55468
42275 0.47890 NaN NaN NaN 154.03264 -84.85268 -33.26400 252.48666 -164.02852 -27.63320 NaN NaN NaN 32.65751 -117.07544 11.36438 -62.48301 -178.27473 -53.55788
42276 0.48723 NaN NaN NaN 154.04726 -84.84933 -33.26619 252.49126 -164.04346 -27.62556 NaN NaN NaN 32.65924 -117.10840 11.34810 -62.47955 -178.26845 -53.55457
42277 0.49556 NaN NaN NaN 154.04048 -84.86439 -33.27590 252.49693 -164.05710 -27.64667 NaN NaN NaN 32.64821 -117.11834 11.35639 -62.49783 -178.27895 -53.56402
42278 0.50389 NaN NaN NaN 154.04585 -84.89066 -33.26484 252.48361 -164.07031 -27.62556 NaN NaN NaN 32.65338 -117.15563 11.36036 -62.50113 -178.27504 -53.56758
42279 0.51222 NaN NaN NaN 154.04968 -84.90682 -33.26274 252.47147 -164.10246 -27.66056 NaN NaN NaN 32.65598 -117.15180 11.34531 -62.52111 -178.25900 -53.55482
42280 0.52055 NaN NaN NaN 154.03726 -84.91369 -33.26351 252.47911 -164.09375 -27.63292 NaN NaN NaN 32.65187 -117.15968 11.35350 -62.51675 -178.26309 -53.56172
42281 0.52888 NaN NaN NaN 154.03563 -84.90845 -33.26482 252.46582 -164.11702 -27.65489 NaN NaN NaN 32.62777 -117.14041 11.37615 -62.52230 -178.26929 -53.55299
42282 0.53721 NaN NaN NaN 154.03352 -84.90500 -33.25554 252.47238 -164.13342 -27.64135 NaN NaN NaN 32.61297 -117.15353 11.36018 -62.53094 -178.27977 -53.56462
42283 0.54555 NaN NaN NaN 154.08243 -84.85741 -33.24719 252.47176 -164.12944 -27.65112 NaN NaN NaN 32.63833 -117.17296 11.37343 -62.52664 -178.28230 -53.56047
42284 0.55388 NaN NaN NaN 154.06471 -84.86697 -33.26546 252.47520 -164.14076 -27.63947 NaN NaN NaN 32.64549 -117.17764 11.36695 -62.52376 -178.28078 -53.56046
42285 0.56221 NaN NaN NaN 154.05022 -84.87917 -33.28371 252.48515 -164.13765 -27.64508 NaN NaN NaN 32.66316 -117.17022 11.36646 -62.53499 -178.26791 -53.56942
42286 0.57054 NaN NaN NaN 154.04849 -84.88658 -33.28924 252.47406 -164.12675 -27.65594 NaN NaN NaN 32.65494 -117.16375 11.35689 -62.52641 -178.26398 -53.56502
42287 0.57887 NaN NaN NaN 154.05501 -84.89735 -33.28913 252.46223 -164.11220 -27.65277 NaN NaN NaN 32.66309 -117.15627 11.37064 -62.52989 -178.27074 -53.54852
42288 0.58720 NaN NaN NaN 154.05826 -84.90816 -33.30102 252.45967 -164.12128 -27.65473 NaN NaN NaN 32.64798 -117.14452 11.35780 -62.50793 -178.26616 -53.54954
42289 0.59553 NaN NaN NaN 154.06351 -84.87386 -33.29501 252.46194 -164.11998 -27.65721 NaN NaN NaN 32.66288 -117.15152 11.37258 -62.50915 -178.25829 -53.53573
42290 0.60387 NaN NaN NaN 154.07826 -84.86256 -33.32466 252.46344 -164.08855 -27.60940 NaN NaN NaN 32.65198 -117.13953 11.35404 -62.48571 -178.25432 -53.55131
42291 0.61220 NaN NaN NaN 154.13152 -84.78854 -33.32236 252.46875 -164.05553 -27.61586 NaN NaN NaN 32.67108 -117.13216 11.37973 -62.50137 -178.24261 -53.53595
42292 0.62053 NaN NaN NaN 154.10669 -84.82713 -33.30072 252.48138 -164.05739 -27.60870 NaN NaN NaN 32.65611 -117.10271 11.38191 -62.48966 -178.25517 -53.55243
42293 0.62886 NaN NaN NaN 154.12564 -84.78977 -33.28167 252.48332 -164.02055 -27.61138 NaN NaN NaN 32.64690 -117.08778 11.38169 -62.49988 -178.25395 -53.52689
42294 0.63719 NaN NaN NaN 154.10068 -84.81110 -33.28111 252.49850 -164.03159 -27.60177 NaN NaN NaN 32.64370 -117.08450 11.38603 -62.49799 -178.24734 -53.53676
42295 0.64552 NaN NaN NaN 154.08263 -84.85078 -33.26966 252.50967 -164.01201 -27.60408 NaN NaN NaN 32.64309 -117.06864 11.38054 -62.50683 -178.23848 -53.51241
42296 0.65385 NaN NaN NaN 154.08939 -84.85452 -33.27406 252.52049 -164.02960 -27.59418 NaN NaN NaN 32.65453 -117.08212 11.39017 -62.49750 -178.23288 -53.51215
42297 0.66218 NaN NaN NaN 154.08264 -84.86051 -33.26537 252.49811 -164.01314 -27.62170 NaN NaN NaN 32.66061 -117.06550 11.37414 -62.48800 -178.21629 -53.51787
42298 0.67052 NaN NaN NaN 154.09203 -84.83950 -33.27139 252.51637 -164.02705 -27.60030 NaN NaN NaN 32.67234 -117.06937 11.38748 -62.48328 -178.23091 -53.51819
42299 0.67885 NaN NaN NaN 154.13965 -84.78978 -33.26455 252.52728 -164.01991 -27.59780 NaN NaN NaN 32.67137 -117.05666 11.38831 -62.49636 -178.22551 -53.51806
42300 0.68718 NaN NaN NaN 154.16402 -84.76871 -33.27568 252.51743 -163.99918 -27.60162 NaN NaN NaN 32.66749 -117.06384 11.40696 -62.47793 -178.22536 -53.53340
42301 0.69551 NaN NaN NaN 154.15999 -84.74296 -33.29810 252.50822 -163.99324 -27.60235 NaN NaN NaN 32.65903 -117.04828 11.41044 -62.49153 -178.21521 -53.51564
42302 0.70384 NaN NaN NaN 154.13631 -84.72971 -33.28753 252.51036 -164.00896 -27.59085 NaN NaN NaN 32.66337 -117.06323 11.39992 -62.48989 -178.21019 -53.51152
42303 0.71217 NaN NaN NaN 154.14032 -84.71277 -33.29206 252.51358 -164.00456 -27.59795 NaN NaN NaN 32.65436 -117.05714 11.41418 -62.49582 -178.20210 -53.50488
42304 0.72050 NaN NaN NaN 154.14523 -84.72468 -33.31274 252.51213 -164.00452 -27.58784 NaN NaN NaN 32.65605 -117.05897 11.43175 -62.47840 -178.19215 -53.50691
42305 0.72883 NaN NaN NaN 154.13373 -84.71432 -33.32274 252.50105 -164.00571 -27.59439 NaN NaN NaN 32.65430 -117.04874 11.41668 -62.49591 -178.20532 -53.51881
42306 0.73717 NaN NaN NaN 154.14191 -84.73779 -33.32085 252.50014 -164.02132 -27.59208 NaN NaN NaN 32.63798 -117.05579 11.39838 -62.49245 -178.22040 -53.52141
42307 0.74550 NaN NaN NaN 154.13182 -84.72030 -33.32912 252.49538 -164.02193 -27.61296 NaN NaN NaN 32.64698 -117.07914 11.40910 -62.50736 -178.22887 -53.51701
42308 0.75383 NaN NaN NaN 154.13374 -84.74625 -33.32226 252.49733 -164.03743 -27.61436 NaN NaN NaN 32.63193 -117.07716 11.40106 -62.50092 -178.22681 -53.51335
42309 0.76216 NaN NaN NaN 154.12677 -84.73625 -33.31384 252.48323 -164.01349 -27.63106 NaN NaN NaN 32.63561 -117.08684 11.42429 -62.51933 -178.23151 -53.51453
42310 0.77049 NaN NaN NaN 154.16321 -84.76063 -33.32051 252.48947 -164.04817 -27.64296 NaN NaN NaN 32.62682 -117.09250 11.43096 -62.51426 -178.22343 -53.52137
42311 0.77882 NaN NaN NaN 154.15883 -84.76403 -33.31464 252.50021 -164.03328 -27.63265 NaN NaN NaN 32.61245 -117.08511 11.40198 -62.53083 -178.22838 -53.54085
42312 0.78715 NaN NaN NaN 154.15157 -84.76543 -33.31023 252.50244 -164.05119 -27.64443 NaN NaN NaN 32.61388 -117.11108 11.42163 -62.51616 -178.23212 -53.56737
42313 0.79549 NaN NaN NaN 154.13446 -84.76621 -33.32509 252.50082 -164.04735 -27.63687 NaN NaN NaN 32.62769 -117.11487 11.43098 -62.53107 -178.22839 -53.54111
42314 0.80382 NaN NaN NaN 154.11082 -84.80718 -33.35223 252.50316 -164.05103 -27.62358 NaN NaN NaN 32.62323 -117.13292 11.39531 -62.51918 -178.24327 -53.54575
42315 0.81215 NaN NaN NaN 154.09798 -84.82751 -33.35449 252.50133 -164.04642 -27.63187 NaN NaN NaN 32.63246 -117.09998 11.39294 -62.53035 -178.24681 -53.53964
42316 0.82048 NaN NaN NaN 154.10114 -84.85108 -33.35552 252.50560 -164.07164 -27.65244 NaN NaN NaN 32.63059 -117.09731 11.38598 -62.52994 -178.23955 -53.57031
42317 0.82881 NaN NaN NaN 154.10367 -84.85076 -33.36508 252.50203 -164.04730 -27.64458 NaN NaN NaN 32.64497 -117.10329 11.39890 -62.52393 -178.22751 -53.55381
42318 0.83714 NaN NaN NaN 154.11459 -84.85306 -33.36206 252.50182 -164.05078 -27.62550 NaN NaN NaN 32.62716 -117.12090 11.39442 -62.51244 -178.23854 -53.56799
42319 0.84547 NaN NaN NaN 154.11923 -84.83679 -33.35984 252.49742 -164.07826 -27.66142 NaN NaN NaN 32.62100 -117.10890 11.39598 -62.53783 -178.26096 -53.54210
42320 0.85380 NaN NaN NaN 154.14716 -84.80682 -33.35398 252.51520 -164.09239 -27.63145 NaN NaN NaN 32.62696 -117.12530 11.39433 -62.53344 -178.26500 -53.55103
42321 0.86214 NaN NaN NaN 154.14035 -84.83981 -33.36315 252.52347 -164.10423 -27.64816 NaN NaN NaN 32.63430 -117.13974 11.40448 -62.53783 -178.25804 -53.54778
42322 0.87047 NaN NaN NaN 154.12025 -84.87199 -33.36738 252.53186 -164.13240 -27.65474 NaN NaN NaN 32.62428 -117.15763 11.38164 -62.52792 -178.25992 -53.56448
42323 0.87880 NaN NaN NaN 154.12596 -84.87331 -33.35808 252.52322 -164.13606 -27.66110 NaN NaN NaN 32.62799 -117.17931 11.40098 -62.53994 -178.26819 -53.55902
42324 0.88713 NaN NaN NaN 154.13214 -84.88251 -33.35236 252.53954 -164.13443 -27.65150 NaN NaN NaN 32.63445 -117.20464 11.43297 -62.52888 -178.28761 -53.56792
42325 0.89546 NaN NaN NaN 154.15703 -84.84338 -33.34475 252.53000 -164.12077 -27.65881 NaN NaN NaN 32.62003 -117.22018 11.43761 -62.54402 -178.31676 -53.57755
42326 0.90379 NaN NaN NaN 154.14891 -84.84938 -33.34674 252.53848 -164.11868 -27.65925 NaN NaN NaN 32.62820 -117.23691 11.42333 -62.53403 -178.29677 -53.57230
42327 0.91212 NaN NaN NaN 154.14510 -84.86015 -33.34923 252.54080 -164.12428 -27.66163 NaN NaN NaN 32.65263 -117.23500 11.40790 -62.52989 -178.29337 -53.57720
42328 0.92045 NaN NaN NaN 154.13109 -84.88113 -33.35501 252.54453 -164.14172 -27.65679 NaN NaN NaN 32.65509 -117.23998 11.39420 -62.52559 -178.28728 -53.57724
42329 0.92879 NaN NaN NaN 154.16278 -84.87491 -33.34953 252.53787 -164.14993 -27.65959 NaN NaN NaN 32.64696 -117.23257 11.40362 -62.51989 -178.30103 -53.59711
42330 0.93712 NaN NaN NaN 154.15063 -84.88098 -33.35630 252.54236 -164.16925 -27.67155 NaN NaN NaN 32.64548 -117.23203 11.40435 -62.50076 -178.30939 -53.58292
42331 0.94545 NaN NaN NaN 154.17076 -84.88682 -33.34697 252.54025 -164.15558 -27.65828 NaN NaN NaN 32.65851 -117.22684 11.39892 -62.50316 -178.31099 -53.57395
42332 0.95378 NaN NaN NaN 154.15811 -84.89680 -33.33455 252.55080 -164.15996 -27.65663 NaN NaN NaN 32.66812 -117.22116 11.38183 -62.49665 -178.30981 -53.57598
42333 0.96211 NaN NaN NaN 154.17043 -84.89976 -33.34601 252.55884 -164.16795 -27.65612 NaN NaN NaN 32.66973 -117.22532 11.38493 -62.50156 -178.31119 -53.57444
42334 0.97044 NaN NaN NaN 154.18890 -84.89496 -33.35867 252.57706 -164.16397 -27.65451 NaN NaN NaN 32.66434 -117.23915 11.39817 -62.49988 -178.30672 -53.57147
42335 0.97877 NaN NaN NaN 154.18785 -84.89204 -33.35642 252.57182 -164.17441 -27.65578 NaN NaN NaN 32.67197 -117.24287 11.40576 -62.50736 -178.33025 -53.58348
42336 0.98710 NaN NaN NaN 154.19290 -84.89624 -33.35949 252.57292 -164.18387 -27.66172 NaN NaN NaN 32.66565 -117.23746 11.39211 -62.48085 -178.30292 -53.58061
42337 0.99544 NaN NaN NaN 154.19353 -84.87371 -33.35158 252.56306 -164.16705 -27.66582 NaN NaN NaN 32.67461 -117.22863 11.39152 -62.48568 -178.29755 -53.59592
42338 1.00377 NaN NaN NaN 154.19176 -84.85217 -33.35199 252.56686 -164.16664 -27.65820 NaN NaN NaN 32.66691 -117.21832 11.40439 -62.49487 -178.28333 -53.59147
42339 1.01210 NaN NaN NaN 154.19661 -84.84685 -33.33921 252.56720 -164.14272 -27.64725 NaN NaN NaN 32.67971 -117.23444 11.42206 -62.51157 -178.29404 -53.60172
42340 1.02043 NaN NaN NaN 154.23703 -84.79763 -33.34783 252.57449 -164.14595 -27.64507 NaN NaN NaN 32.65532 -117.23230 11.41368 -62.49995 -178.26324 -53.59354
42341 1.02876 NaN NaN NaN 154.20357 -84.81022 -33.33664 252.56363 -164.13643 -27.64203 NaN NaN NaN 32.66858 -117.21604 11.39993 -62.51380 -178.26927 -53.58694
42342 1.03709 NaN NaN NaN 154.21783 -84.80354 -33.33535 252.57292 -164.13379 -27.61772 NaN NaN NaN 32.66593 -117.20815 11.40312 -62.51250 -178.26753 -53.58711
42343 1.04542 NaN NaN NaN 154.18556 -84.80188 -33.31084 252.55084 -164.10918 -27.61456 NaN NaN NaN 32.65028 -117.20948 11.39758 -62.52515 -178.25439 -53.58964
42344 1.05376 NaN NaN NaN 154.18826 -84.79677 -33.29973 252.57256 -164.10851 -27.60807 NaN NaN NaN 32.66070 -117.20798 11.42658 -62.50349 -178.25044 -53.59356
42345 1.06209 NaN NaN NaN 154.18985 -84.81783 -33.30771 252.56244 -164.10243 -27.59910 NaN NaN NaN 32.65920 -117.21362 11.45321 -62.51227 -178.25539 -53.60257
42346 1.07042 NaN NaN NaN 154.19058 -84.82124 -33.30006 252.57552 -164.11252 -27.60677 NaN NaN NaN 32.63018 -117.20851 11.43178 -62.51889 -178.25623 -53.59709
42347 1.07875 NaN NaN NaN 154.18880 -84.81300 -33.30098 252.55533 -164.12263 -27.61423 NaN NaN NaN 32.60786 -117.21312 11.42944 -62.54302 -178.26512 -53.59250
42348 1.08708 NaN NaN NaN 154.20479 -84.81785 -33.29527 252.56143 -164.12154 -27.59143 NaN NaN NaN 32.60769 -117.23297 11.44011 -62.55304 -178.25151 -53.59492
42349 1.09541 NaN NaN NaN 154.20242 -84.80518 -33.29129 252.55106 -164.10979 -27.57904 NaN NaN NaN 32.59311 -117.23810 11.44795 -62.56144 -178.24811 -53.60497
42350 1.10374 NaN NaN NaN 154.19864 -84.79494 -33.29662 252.55682 -164.10561 -27.57283 NaN NaN NaN 32.59373 -117.21901 11.44016 -62.53597 -178.24152 -53.60092
42351 1.11207 NaN NaN NaN 154.20157 -84.78881 -33.29527 252.55457 -164.08867 -27.57945 NaN NaN NaN 32.57310 -117.21343 11.42373 -62.54696 -178.25000 -53.62290
42352 1.12041 NaN NaN NaN 154.18616 -84.78590 -33.29186 252.57434 -164.11217 -27.57191 NaN NaN NaN 32.56741 -117.20843 11.41800 -62.55406 -178.24318 -53.60769
42353 1.12874 NaN NaN NaN 154.19987 -84.78869 -33.29315 252.56229 -164.08131 -27.56946 NaN NaN NaN 32.56951 -117.22700 11.44993 -62.56604 -178.26019 -53.62090
42354 1.13707 NaN NaN NaN 154.20154 -84.79699 -33.29052 252.56230 -164.10107 -27.55786 NaN NaN NaN 32.57409 -117.23042 11.44021 -62.55239 -178.25375 -53.60285
42355 1.14540 NaN NaN NaN 154.19374 -84.81545 -33.28304 252.56468 -164.10275 -27.53954 NaN NaN NaN 32.56845 -117.24401 11.46069 -62.55746 -178.25882 -53.61922
42356 1.15373 NaN NaN NaN 154.18687 -84.80816 -33.29145 252.55916 -164.11981 -27.53235 NaN NaN NaN 32.57150 -117.23985 11.46464 -62.55506 -178.23882 -53.61153
42357 1.16206 NaN NaN NaN 154.14346 -84.84399 -33.29402 252.56355 -164.11325 -27.50042 NaN NaN NaN 32.57764 -117.26239 11.48136 -62.57095 -178.25922 -53.61987
42358 1.17039 NaN NaN NaN 154.17308 -84.81979 -33.29884 252.54428 -164.11420 -27.49186 NaN NaN NaN 32.55458 -117.25204 11.47345 -62.57870 -178.25487 -53.59472
42359 1.17872 NaN NaN NaN 154.17490 -84.80235 -33.29307 252.54234 -164.12021 -27.47845 NaN NaN NaN 32.55138 -117.25948 11.47789 -62.59595 -178.27773 -53.60346
42360 1.18706 NaN NaN NaN 154.15007 -84.84207 -33.30764 252.52798 -164.11877 -27.46680 NaN NaN NaN 32.54452 -117.26311 11.47713 -62.58245 -178.26874 -53.58398
42361 1.19539 NaN NaN NaN 154.10866 -84.86718 -33.29296 252.52699 -164.11299 -27.46788 NaN NaN NaN 32.53692 -117.26851 11.48747 -62.61530 -178.28304 -53.61329
42362 1.20372 NaN NaN NaN 154.11096 -84.88510 -33.28709 252.51335 -164.13643 -27.44571 NaN NaN NaN 32.52851 -117.29708 11.49724 -62.60637 -178.27487 -53.59854
42363 1.21205 NaN NaN NaN 154.09245 -84.89217 -33.28149 252.51903 -164.13023 -27.43316 NaN NaN NaN 32.51122 -117.30118 11.49198 -62.62370 -178.28574 -53.61870
42364 1.22038 NaN NaN NaN 154.12875 -84.85870 -33.26223 252.52390 -164.14635 -27.43451 NaN NaN NaN 32.51369 -117.30093 11.50426 -62.62694 -178.27039 -53.60619
42365 1.22871 NaN NaN NaN 154.10165 -84.87157 -33.26016 252.51706 -164.13353 -27.43672 NaN NaN NaN 32.49992 -117.30298 11.50776 -62.63940 -178.29189 -53.61866
42366 1.23704 NaN NaN NaN 154.08458 -84.89271 -33.26621 252.50786 -164.14482 -27.43295 NaN NaN NaN 32.48756 -117.31635 11.51257 -62.63979 -178.28444 -53.63134
42367 1.24538 NaN NaN NaN 154.07234 -84.89741 -33.26155 252.50089 -164.14314 -27.43545 NaN NaN NaN 32.48213 -117.34560 11.50471 -62.64937 -178.29782 -53.63235
42368 1.25371 NaN NaN NaN 154.06438 -84.92268 -33.27456 252.50522 -164.15935 -27.42983 NaN NaN NaN 32.47253 -117.33156 11.51593 -62.64831 -178.28358 -53.60431
42369 1.26204 NaN NaN NaN 154.05792 -84.92027 -33.26422 252.49629 -164.15340 -27.44029 NaN NaN NaN 32.47531 -117.33343 11.51387 -62.67234 -178.28972 -53.61586
42370 1.27037 NaN NaN NaN 154.07460 -84.92387 -33.27171 252.49870 -164.14331 -27.44019 NaN NaN NaN 32.47948 -117.32869 11.52063 -62.64572 -178.28175 -53.62775
42371 1.27870 NaN NaN NaN 154.06923 -84.92046 -33.27255 252.49080 -164.13464 -27.44147 NaN NaN NaN 32.46802 -117.31651 11.51904 -62.65942 -178.30341 -53.62059
42372 1.28703 NaN NaN NaN 154.09752 -84.90845 -33.29594 252.48763 -164.14317 -27.43574 NaN NaN NaN 32.46623 -117.29571 11.53052 -62.65404 -178.28218 -53.60500
42373 1.29536 NaN NaN NaN 154.07487 -84.91142 -33.28021 252.48575 -164.14363 -27.43674 NaN NaN NaN 32.45223 -117.30443 11.52076 -62.67013 -178.28925 -53.60900
42374 1.30369 NaN NaN NaN 154.07001 -84.93394 -33.29424 252.48584 -164.13998 -27.43895 NaN NaN NaN 32.45616 -117.31374 11.53216 -62.67034 -178.28371 -53.60986
42375 1.31203 NaN NaN NaN 154.06506 -84.93834 -33.29165 252.48380 -164.14384 -27.43908 NaN NaN NaN 32.43142 -117.32633 11.54184 -62.68933 -178.28719 -53.61052
42376 1.32036 NaN NaN NaN 154.06543 -84.95093 -33.30782 252.48985 -164.14487 -27.43686 NaN NaN NaN 32.43632 -117.35910 11.54649 -62.67542 -178.29349 -53.60441
42377 1.32869 NaN NaN NaN 154.07423 -84.92215 -33.30233 252.47714 -164.13812 -27.43941 NaN NaN NaN 32.42341 -117.37070 11.55347 -62.69225 -178.31331 -53.60357
42378 1.33702 NaN NaN NaN 154.10138 -84.92944 -33.32183 252.48430 -164.14705 -27.44366 NaN NaN NaN 32.40589 -117.39610 11.56040 -62.68333 -178.30270 -53.61216
42379 1.34535 NaN NaN NaN 154.08017 -84.92280 -33.31559 252.47855 -164.12901 -27.45869 NaN NaN NaN 32.40038 -117.40100 11.56684 -62.69474 -178.31822 -53.61255
42380 1.35368 NaN NaN NaN 154.08629 -84.90208 -33.33128 252.48848 -164.14946 -27.45818 NaN NaN NaN 32.38668 -117.40131 11.57597 -62.68880 -178.29988 -53.62426
42381 1.36201 NaN NaN NaN 154.08640 -84.90540 -33.33339 252.49094 -164.13286 -27.45653 NaN NaN NaN 32.38194 -117.40454 11.60141 -62.70688 -178.31633 -53.62775
42382 1.37034 NaN NaN NaN 154.11584 -84.91969 -33.32897 252.49673 -164.13417 -27.44558 NaN NaN NaN 32.37801 -117.40958 11.61078 -62.70675 -178.30560 -53.62786
42383 1.37868 NaN NaN NaN 154.09923 -84.92770 -33.32850 252.48418 -164.13368 -27.46239 NaN NaN NaN 32.35620 -117.41678 11.60289 -62.71336 -178.31276 -53.62224
42384 1.38701 NaN NaN NaN 154.09047 -84.94689 -33.33273 252.50713 -164.14322 -27.46048 NaN NaN NaN 32.37881 -117.41533 11.61489 -62.71440 -178.30573 -53.61881
42385 1.39534 NaN NaN NaN 154.10936 -84.92194 -33.34304 252.52502 -164.14175 -27.46688 NaN NaN NaN 32.37305 -117.43063 11.59681 -62.71869 -178.32350 -53.61567
42386 1.40367 NaN NaN NaN 154.12083 -84.90704 -33.34266 252.51608 -164.14024 -27.46819 NaN NaN NaN 32.37964 -117.42493 11.61762 -62.71087 -178.30730 -53.61615
42387 1.41200 NaN NaN NaN 154.13181 -84.88292 -33.35311 252.51628 -164.12476 -27.47580 NaN NaN NaN 32.37556 -117.43054 11.61594 -62.71434 -178.30710 -53.62689
42388 1.42033 NaN NaN NaN 154.17033 -84.83965 -33.35360 252.51186 -164.11806 -27.47235 NaN NaN NaN 32.38095 -117.43317 11.63166 -62.71656 -178.29381 -53.61986
42389 1.42866 NaN NaN NaN 154.14841 -84.85327 -33.35033 252.52161 -164.12045 -27.47907 NaN NaN NaN 32.37729 -117.44301 11.63287 -62.71429 -178.31509 -53.61903
42390 1.43700 NaN NaN NaN 154.13251 -84.87278 -33.34583 252.53120 -164.14256 -27.45841 NaN NaN NaN 32.38041 -117.43478 11.62375 -62.71676 -178.30496 -53.61378
42391 1.44533 NaN NaN NaN 154.15645 -84.84380 -33.34597 252.54092 -164.14073 -27.46866 NaN NaN NaN 32.36862 -117.43179 11.61825 -62.71482 -178.31924 -53.62016
42392 1.45366 NaN NaN NaN 154.13838 -84.85841 -33.34546 252.52588 -164.12579 -27.46495 NaN NaN NaN 32.37355 -117.42525 11.63329 -62.69448 -178.30264 -53.63083
42393 1.46199 NaN NaN NaN 154.15469 -84.85809 -33.34695 252.53127 -164.12253 -27.47751 NaN NaN NaN 32.35546 -117.42814 11.61658 -62.70449 -178.31638 -53.62989
42394 1.47032 NaN NaN NaN 154.14815 -84.86665 -33.34713 252.54823 -164.13123 -27.47860 NaN NaN NaN 32.36550 -117.44258 11.64421 -62.70529 -178.31004 -53.62764
42395 1.47865 NaN NaN NaN 154.18669 -84.82759 -33.32740 252.56261 -164.12758 -27.48735 NaN NaN NaN 32.36444 -117.45155 11.65025 -62.70874 -178.32430 -53.62841
42396 1.48698 NaN NaN NaN 154.16101 -84.85609 -33.34385 252.55405 -164.11728 -27.48871 NaN NaN NaN 32.39672 -117.47973 11.64861 -62.70778 -178.32495 -53.62214
42397 1.49531 NaN NaN NaN 154.17207 -84.85510 -33.34740 252.56482 -164.10341 -27.49731 NaN NaN NaN 32.39748 -117.49806 11.65914 -62.71169 -178.32172 -53.61930
42398 1.50365 NaN NaN NaN 154.18028 -84.82661 -33.34910 252.56895 -164.11145 -27.49889 NaN NaN NaN 32.40266 -117.49003 11.63930 -62.69043 -178.31705 -53.62324
42399 1.51198 NaN NaN NaN 154.17841 -84.82464 -33.33565 252.58459 -164.12630 -27.49209 NaN NaN NaN 32.39215 -117.48882 11.62501 -62.70324 -178.32845 -53.61892
42400 1.52031 NaN NaN NaN 154.21944 -84.81274 -33.35727 252.57288 -164.13007 -27.48095 NaN NaN NaN 32.39803 -117.48661 11.62886 -62.69059 -178.33714 -53.62650
42401 1.52864 NaN NaN NaN 154.22057 -84.82441 -33.35783 252.58601 -164.13518 -27.48089 NaN NaN NaN 32.39500 -117.48162 11.61269 -62.71266 -178.31932 -53.62717
42402 1.53697 NaN NaN NaN 154.17050 -84.86147 -33.36002 252.57765 -164.15239 -27.48173 NaN NaN NaN 32.39200 -117.49231 11.63183 -62.70484 -178.32542 -53.63601
42403 1.54530 NaN NaN NaN 154.18275 -84.88220 -33.34962 252.56895 -164.16116 -27.47570 NaN NaN NaN 32.38463 -117.50888 11.63198 -62.72009 -178.34084 -53.63079
42404 1.55363 NaN NaN NaN 154.17603 -84.91921 -33.35551 252.57359 -164.16321 -27.47347 NaN NaN NaN 32.39770 -117.52677 11.64844 -62.70947 -178.33937 -53.63382
42405 1.56196 NaN NaN NaN 154.19897 -84.89766 -33.34734 252.57765 -164.16451 -27.47304 NaN NaN NaN 32.37501 -117.54629 11.65471 -62.70435 -178.35045 -53.62548
42406 1.57030 NaN NaN NaN 154.19034 -84.91627 -33.36702 252.57787 -164.16600 -27.47923 NaN NaN NaN 32.38166 -117.54875 11.66311 -62.69688 -178.34972 -53.63575
42407 1.57863 NaN NaN NaN 154.19475 -84.89370 -33.35454 252.57639 -164.16293 -27.47633 NaN NaN NaN 32.36228 -117.52930 11.64502 -62.71835 -178.35664 -53.63248
42408 1.58696 NaN NaN NaN 154.21056 -84.88635 -33.35327 252.55972 -164.18362 -27.47501 NaN NaN NaN 32.36638 -117.54069 11.66795 -62.71824 -178.35362 -53.65022
42409 1.59529 NaN NaN NaN 154.20348 -84.88085 -33.34859 252.56285 -164.16295 -27.47949 NaN NaN NaN 32.36165 -117.55791 11.66693 -62.72694 -178.34056 -53.65683
42410 1.60362 NaN NaN NaN 154.21339 -84.86063 -33.35645 252.54904 -164.17145 -27.47880 NaN NaN NaN 32.35753 -117.57410 11.67569 -62.73025 -178.35172 -53.65694
42411 1.61195 NaN NaN NaN 154.20740 -84.85223 -33.34835 252.56177 -164.16982 -27.47449 NaN NaN NaN 32.34289 -117.58266 11.67224 -62.74647 -178.36234 -53.65288
42412 1.62028 NaN NaN NaN 154.16777 -84.88882 -33.34506 252.54137 -164.17281 -27.47200 NaN NaN NaN 32.33539 -117.59009 11.67200 -62.75294 -178.36923 -53.65467
42413 1.62861 NaN NaN NaN 154.19963 -84.88209 -33.34595 252.56122 -164.14684 -27.47712 NaN NaN NaN 32.33493 -117.58833 11.67735 -62.76288 -178.35889 -53.67014
42414 1.63695 NaN NaN NaN 154.19768 -84.86176 -33.33651 252.56111 -164.15347 -27.47812 NaN NaN NaN 32.32803 -117.60579 11.68711 -62.76692 -178.35533 -53.66989
42415 1.64528 NaN NaN NaN 154.21715 -84.87358 -33.32646 252.56448 -164.15198 -27.48437 NaN NaN NaN 32.31200 -117.60530 11.68678 -62.77166 -178.34761 -53.66238
42416 1.65361 NaN NaN NaN 154.19539 -84.85021 -33.33155 252.55693 -164.17810 -27.48405 NaN NaN NaN 32.30552 -117.60053 11.68144 -62.77618 -178.35938 -53.64879
42417 1.66194 NaN NaN NaN 154.19611 -84.84795 -33.32777 252.56020 -164.16960 -27.49022 NaN NaN NaN 32.30935 -117.60184 11.68408 -62.77794 -178.36688 -53.64022
42418 1.67027 NaN NaN NaN 154.16968 -84.87483 -33.34583 252.55452 -164.15883 -27.49461 NaN NaN NaN 32.30791 -117.59565 11.68523 -62.78729 -178.38329 -53.64983
42419 1.67860 NaN NaN NaN 154.15520 -84.86964 -33.32836 252.56688 -164.14427 -27.49437 NaN NaN NaN 32.30683 -117.59147 11.68494 -62.77918 -178.37694 -53.65286
42420 1.68693 NaN NaN NaN 154.19376 -84.84293 -33.33548 252.55121 -164.13536 -27.50417 NaN NaN NaN 32.30282 -117.57483 11.68851 -62.78243 -178.36050 -53.67554
42421 1.69527 NaN NaN NaN 154.16319 -84.86041 -33.33184 252.55017 -164.12044 -27.50600 NaN NaN NaN 32.28552 -117.57414 11.69196 -62.77802 -178.36812 -53.66147
42422 1.70360 NaN NaN NaN 154.17534 -84.84769 -33.32925 252.55638 -164.13972 -27.50861 NaN NaN NaN 32.28678 -117.57425 11.68222 -62.79741 -178.36845 -53.66589
42423 1.71193 NaN NaN NaN 154.18123 -84.82341 -33.32670 252.55070 -164.14066 -27.53847 NaN NaN NaN 32.27935 -117.58180 11.69011 -62.78948 -178.36768 -53.67860
42424 1.72026 NaN NaN NaN 154.15489 -84.87643 -33.32891 252.56650 -164.13644 -27.53706 NaN NaN NaN 32.28112 -117.58106 11.69028 -62.80951 -178.34737 -53.68848
42425 1.72859 NaN NaN NaN 154.17494 -84.85029 -33.32148 252.56934 -164.11093 -27.53388 NaN NaN NaN 32.28266 -117.59039 11.69719 -62.79528 -178.33952 -53.67580
42426 1.73692 NaN NaN NaN 154.15991 -84.87621 -33.33621 252.54811 -164.11960 -27.53749 NaN NaN NaN 32.28093 -117.59466 11.69942 -62.80593 -178.34798 -53.68294
42427 1.74525 NaN NaN NaN 154.17447 -84.87091 -33.34983 252.55342 -164.09496 -27.54067 NaN NaN NaN 32.27887 -117.60216 11.69761 -62.80343 -178.32108 -53.69202
42428 1.75358 NaN NaN NaN 154.18068 -84.85059 -33.35559 252.54134 -164.10455 -27.52592 NaN NaN NaN 32.27124 -117.59915 11.71116 -62.80177 -178.33101 -53.67226
42429 1.76192 NaN NaN NaN 154.15875 -84.86140 -33.35786 252.55937 -164.09724 -27.51744 NaN NaN NaN 32.26388 -117.58567 11.70332 -62.80339 -178.36076 -53.66238
42430 1.77025 NaN NaN NaN 154.13141 -84.86646 -33.34875 252.54233 -164.11505 -27.51997 NaN NaN NaN 32.26429 -117.58962 11.72101 -62.80634 -178.37494 -53.65392
42431 1.77858 NaN NaN NaN 154.15771 -84.84941 -33.34452 252.53972 -164.10005 -27.51985 NaN NaN NaN 32.25998 -117.58486 11.72347 -62.79453 -178.36882 -53.66072
42432 1.78691 NaN NaN NaN 154.14525 -84.85865 -33.34462 252.54381 -164.10646 -27.51061 NaN NaN NaN 32.25669 -117.58537 11.72402 -62.79414 -178.38019 -53.66306
42433 1.79524 NaN NaN NaN 154.17119 -84.82260 -33.32405 252.54637 -164.08313 -27.51863 NaN NaN NaN 32.24863 -117.58630 11.72562 -62.80074 -178.35474 -53.66529
42434 1.80357 NaN NaN NaN 154.17540 -84.80620 -33.33661 252.53580 -164.06927 -27.51054 NaN NaN NaN 32.23518 -117.58881 11.73158 -62.81861 -178.35480 -53.65877
42435 1.81190 NaN NaN NaN 154.17537 -84.78717 -33.31120 252.53775 -164.06827 -27.51187 NaN NaN NaN 32.21072 -117.60560 11.73535 -62.81649 -178.35544 -53.66408
42436 1.82023 NaN NaN NaN 154.14632 -84.83659 -33.31791 252.53339 -164.07297 -27.50532 NaN NaN NaN 32.22063 -117.61222 11.75218 -62.83091 -178.36765 -53.64638
42437 1.82857 NaN NaN NaN 154.14647 -84.85030 -33.31413 252.54512 -164.08652 -27.50633 NaN NaN NaN 32.21022 -117.62233 11.75785 -62.82895 -178.35466 -53.65067
42438 1.83690 NaN NaN NaN 154.12846 -84.87858 -33.30989 252.53119 -164.08389 -27.51272 NaN NaN NaN 32.21113 -117.60894 11.75945 -62.85006 -178.34970 -53.65428
42439 1.84523 NaN NaN NaN 154.16699 -84.84150 -33.29206 252.54210 -164.08260 -27.51455 NaN NaN NaN 32.20968 -117.61575 11.75340 -62.84549 -178.35153 -53.65445
42440 1.85356 NaN NaN NaN 154.14133 -84.85750 -33.28225 252.52327 -164.07237 -27.51486 NaN NaN NaN 32.20840 -117.60762 11.75398 -62.84951 -178.35449 -53.64889
42441 1.86189 NaN NaN NaN 154.13013 -84.86263 -33.28833 252.52881 -164.07321 -27.52666 NaN NaN NaN 32.19361 -117.59218 11.75311 -62.84669 -178.33536 -53.65241
42442 1.87022 NaN NaN NaN 154.12222 -84.85609 -33.30083 252.53032 -164.07362 -27.53110 NaN NaN NaN 32.20701 -117.60938 11.75348 -62.86124 -178.33739 -53.65435
42443 1.87855 NaN NaN NaN 154.11700 -84.86582 -33.30522 252.51425 -164.07147 -27.53194 NaN NaN NaN 32.19827 -117.59735 11.73821 -62.86893 -178.33882 -53.65526
42444 1.88689 NaN NaN NaN 154.13574 -84.83383 -33.31371 252.49335 -164.06882 -27.54778 NaN NaN NaN 32.19018 -117.60238 11.75192 -62.86951 -178.35754 -53.63776
42445 1.89522 NaN NaN NaN 154.13660 -84.85110 -33.33107 252.48888 -164.05965 -27.56176 NaN NaN NaN 32.20089 -117.60637 11.74658 -62.87201 -178.36565 -53.62056
42446 1.90355 NaN NaN NaN 154.14500 -84.83263 -33.33055 252.50217 -164.08260 -27.53951 NaN NaN NaN 32.20821 -117.61280 11.76235 -62.87186 -178.36201 -53.62150
42447 1.91188 NaN NaN NaN 154.10915 -84.86175 -33.32503 252.49826 -164.07349 -27.55665 NaN NaN NaN 32.19795 -117.62215 11.74812 -62.90641 -178.38930 -53.63260
42448 1.92021 NaN NaN NaN 154.10762 -84.87495 -33.33411 252.48232 -164.09308 -27.55367 NaN NaN NaN 32.18844 -117.62717 11.75227 -62.90024 -178.38106 -53.62848
42449 1.92854 NaN NaN NaN 154.09245 -84.88638 -33.33711 252.47421 -164.08405 -27.56427 NaN NaN NaN 32.17507 -117.63431 11.75043 -62.90225 -178.38048 -53.64375
42450 1.93687 NaN NaN NaN 154.10835 -84.87430 -33.35389 252.47937 -164.09700 -27.56442 NaN NaN NaN 32.18861 -117.65888 11.76817 -62.89838 -178.38120 -53.62654
42451 1.94520 NaN NaN NaN 154.11121 -84.84890 -33.35308 252.48187 -164.08310 -27.58338 NaN NaN NaN 32.17160 -117.66979 11.76246 -62.90549 -178.39441 -53.63297
42452 1.95354 NaN NaN NaN 154.14415 -84.81953 -33.35319 252.48901 -164.08990 -27.58899 NaN NaN NaN 32.16409 -117.66934 11.76693 -62.91730 -178.39534 -53.63158
42453 1.96187 NaN NaN NaN 154.12015 -84.84957 -33.35355 252.48068 -164.08385 -27.60879 NaN NaN NaN 32.15082 -117.65836 11.76404 -62.92337 -178.39867 -53.63865
42454 1.97020 NaN NaN NaN 154.16408 -84.82156 -33.35713 252.49544 -164.10011 -27.58865 NaN NaN NaN 32.16385 -117.67213 11.77217 -62.92647 -178.40291 -53.62873
42455 1.97853 NaN NaN NaN 154.13402 -84.85907 -33.35958 252.48972 -164.08426 -27.60596 NaN NaN NaN 32.15958 -117.66454 11.77479 -62.92095 -178.42406 -53.63948
42456 1.98686 NaN NaN NaN 154.17065 -84.81999 -33.36551 252.49680 -164.08954 -27.60104 NaN NaN NaN 32.16180 -117.68250 11.77529 -62.90985 -178.41454 -53.63540
42457 1.99519 NaN NaN NaN 154.15094 -84.84365 -33.36498 252.51112 -164.09235 -27.61023 NaN NaN NaN 32.16080 -117.67425 11.77298 -62.92123 -178.41231 -53.64101
42458 2.00352 NaN NaN NaN 154.15700 -84.82845 -33.37714 252.50774 -164.08922 -27.60044 NaN NaN NaN 32.16823 -117.69038 11.78462 -62.91578 -178.40446 -53.63400
42459 2.01185 NaN NaN NaN 154.15744 -84.82061 -33.37000 252.50603 -164.08272 -27.60944 NaN NaN NaN 32.17875 -117.68774 11.78644 -62.91452 -178.40884 -53.63699
42460 2.02019 NaN NaN NaN 154.14299 -84.84165 -33.39516 252.51286 -164.08728 -27.60647 NaN NaN NaN 32.17354 -117.68120 11.78318 -62.89797 -178.40138 -53.63663
42461 2.02852 NaN NaN NaN 154.13318 -84.83605 -33.37809 252.51096 -164.06152 -27.61781 NaN NaN NaN 32.16943 -117.66962 11.78493 -62.90686 -178.40926 -53.63656
42462 2.03685 NaN NaN NaN 154.15007 -84.83174 -33.37898 252.52058 -164.07458 -27.61475 NaN NaN NaN 32.17123 -117.67282 11.78422 -62.90751 -178.41316 -53.62670
42463 2.04518 NaN NaN NaN 154.16942 -84.85506 -33.36312 252.51649 -164.05901 -27.62456 NaN NaN NaN 32.15777 -117.66702 11.78604 -62.91090 -178.41676 -53.63393
42464 2.05351 NaN NaN NaN 154.15807 -84.85090 -33.37918 252.51543 -164.08641 -27.63481 NaN NaN NaN 32.16400 -117.66034 11.77961 -62.90424 -178.39551 -53.63020
42465 2.06184 NaN NaN NaN 154.16689 -84.84856 -33.36592 252.53175 -164.07010 -27.63335 NaN NaN NaN 32.16290 -117.65864 11.79172 -62.91043 -178.39877 -53.63281
42466 2.07017 NaN NaN NaN 154.16167 -84.84277 -33.36840 252.53284 -164.06909 -27.61896 NaN NaN NaN 32.16508 -117.67803 11.79352 -62.92141 -178.39095 -53.62263
42467 2.07851 NaN NaN NaN 154.16537 -84.83060 -33.37021 252.53519 -164.06419 -27.62475 NaN NaN NaN 32.16304 -117.66404 11.79313 -62.92000 -178.40205 -53.63548
42468 2.08684 NaN NaN NaN 154.17412 -84.82323 -33.36802 252.53914 -164.07648 -27.61953 NaN NaN NaN 32.16089 -117.64268 11.77355 -62.91366 -178.39310 -53.62453
42469 2.09517 NaN NaN NaN 154.17937 -84.82340 -33.36447 252.53252 -164.10194 -27.65823 NaN NaN NaN 32.16228 -117.63737 11.78416 -62.89827 -178.39215 -53.62070
42470 2.10350 NaN NaN NaN 154.18640 -84.81570 -33.36740 252.54077 -164.11810 -27.65933 NaN NaN NaN 32.17982 -117.63277 11.78374 -62.90063 -178.38957 -53.62281
42471 2.11183 NaN NaN NaN 154.16991 -84.85067 -33.37317 252.54245 -164.10439 -27.63696 NaN NaN NaN 32.17672 -117.63552 11.78444 -62.89737 -178.38631 -53.62690
42472 2.12016 NaN NaN NaN 154.17441 -84.84813 -33.37439 252.55511 -164.10957 -27.65355 NaN NaN NaN 32.19550 -117.65330 11.78173 -62.89991 -178.38486 -53.61964
42473 2.12849 NaN NaN NaN 154.18390 -84.84444 -33.36150 252.54732 -164.11455 -27.65663 NaN NaN NaN 32.20332 -117.66071 11.76923 -62.88980 -178.39011 -53.60051
42474 2.13682 NaN NaN NaN 154.17776 -84.84357 -33.37455 252.54626 -164.14221 -27.66680 NaN NaN NaN 32.19957 -117.64474 11.75889 -62.88062 -178.40311 -53.60412
42475 2.14516 NaN NaN NaN 154.18134 -84.82957 -33.37858 252.55643 -164.14464 -27.66863 NaN NaN NaN 32.19696 -117.65963 11.76368 -62.88455 -178.39377 -53.61583
42476 2.15349 NaN NaN NaN 154.17995 -84.82729 -33.39594 252.55971 -164.15092 -27.66584 NaN NaN NaN 32.20171 -117.67562 11.78162 -62.89666 -178.39095 -53.62242
42477 2.16182 NaN NaN NaN 154.18394 -84.82661 -33.39146 252.54883 -164.13916 -27.65502 NaN NaN NaN 32.20953 -117.68063 11.78661 -62.90501 -178.39113 -53.62349
42478 2.17015 NaN NaN NaN 154.19720 -84.83064 -33.40350 252.54977 -164.14366 -27.65626 NaN NaN NaN 32.20925 -117.69987 11.78032 -62.90781 -178.39413 -53.61984
42479 2.17848 NaN NaN NaN 154.20435 -84.85085 -33.38922 252.53722 -164.14966 -27.67318 NaN NaN NaN 32.19189 -117.69579 11.79004 -62.89384 -178.40858 -53.61351
42480 2.18681 NaN NaN NaN 154.19060 -84.85349 -33.39352 252.54784 -164.15190 -27.67080 NaN NaN NaN 32.18463 -117.69233 11.78913 -62.90450 -178.41245 -53.61343
42481 2.19514 NaN NaN NaN 154.18973 -84.84593 -33.40538 252.54552 -164.13751 -27.66840 NaN NaN NaN 32.17308 -117.72551 11.77704 -62.91636 -178.41977 -53.61234
42482 2.20347 NaN NaN NaN 154.19373 -84.85944 -33.40422 252.56427 -164.15607 -27.66677 NaN NaN NaN 32.16892 -117.72936 11.78841 -62.91997 -178.41264 -53.62678
42483 2.21181 NaN NaN NaN 154.19836 -84.85750 -33.40847 252.54750 -164.16393 -27.67999 NaN NaN NaN 32.17001 -117.72150 11.78452 -62.92093 -178.42680 -53.61356
42484 2.22014 NaN NaN NaN 154.19322 -84.85400 -33.40802 252.56357 -164.16235 -27.67167 NaN NaN NaN 32.18744 -117.73491 11.78586 -62.91813 -178.42059 -53.62548
42485 2.22847 NaN NaN NaN 154.19070 -84.83721 -33.40230 252.55156 -164.15884 -27.66717 NaN NaN NaN 32.18183 -117.73095 11.79205 -62.91339 -178.43858 -53.62634
42486 2.23680 NaN NaN NaN 154.19705 -84.86375 -33.39776 252.56482 -164.15379 -27.65809 NaN NaN NaN 32.17781 -117.74963 11.78057 -62.91268 -178.42595 -53.62944
42487 2.24513 NaN NaN NaN 154.19588 -84.86034 -33.39054 252.53824 -164.16019 -27.66179 NaN NaN NaN 32.18244 -117.74174 11.79294 -62.91301 -178.43484 -53.62763
42488 2.25346 NaN NaN NaN 154.20253 -84.87182 -33.39286 252.56352 -164.16307 -27.66872 NaN NaN NaN 32.16915 -117.73179 11.79369 -62.91788 -178.43781 -53.62403
42489 2.26179 NaN NaN NaN 154.18372 -84.86163 -33.39009 252.56017 -164.15231 -27.67821 NaN NaN NaN 32.17471 -117.73141 11.79644 -62.92464 -178.45346 -53.61914
42490 2.27012 NaN NaN NaN 154.18524 -84.84820 -33.39845 252.57222 -164.14844 -27.66880 NaN NaN NaN 32.17088 -117.73795 11.80182 -62.91009 -178.44418 -53.60867
42491 2.27846 NaN NaN NaN 154.19411 -84.85409 -33.38072 252.55202 -164.14145 -27.67527 NaN NaN NaN 32.16973 -117.72253 11.79475 -62.91961 -178.44804 -53.60612
42492 2.28679 NaN NaN NaN 154.20392 -84.85101 -33.39157 252.56906 -164.14708 -27.67181 NaN NaN NaN 32.17230 -117.72871 11.79385 -62.91917 -178.42903 -53.62202
42493 2.29512 NaN NaN NaN 154.19315 -84.84789 -33.40084 252.55736 -164.12894 -27.67946 NaN NaN NaN 32.16426 -117.71980 11.79352 -62.92043 -178.43898 -53.62888
42494 2.30345 NaN NaN NaN 154.18495 -84.83668 -33.40665 252.57347 -164.13911 -27.67483 NaN NaN NaN 32.15848 -117.74909 11.80286 -62.91568 -178.43311 -53.62661
42495 2.31178 NaN NaN NaN 154.18346 -84.83852 -33.38237 252.54276 -164.14078 -27.67881 NaN NaN NaN 32.14008 -117.77042 11.80881 -62.94567 -178.44006 -53.62418
42496 2.32011 NaN NaN NaN 154.17310 -84.86303 -33.39251 252.54897 -164.15410 -27.67275 NaN NaN NaN 32.14080 -117.80066 11.81276 -62.94384 -178.43266 -53.62675
42497 2.32844 NaN NaN NaN 154.18301 -84.86718 -33.37760 252.54964 -164.16994 -27.67133 NaN NaN NaN 32.12509 -117.79875 11.82296 -62.95043 -178.43900 -53.63802
42498 2.33678 NaN NaN NaN 154.17848 -84.86740 -33.37201 252.56776 -164.17253 -27.67400 NaN NaN NaN 32.11551 -117.78140 11.82468 -62.95697 -178.44414 -53.64730
42499 2.34511 NaN NaN NaN 154.18207 -84.87417 -33.36636 252.54668 -164.17004 -27.67913 NaN NaN NaN 32.10090 -117.77746 11.81783 -62.96116 -178.44775 -53.65306
42500 2.35344 NaN NaN NaN 154.16782 -84.89667 -33.38007 252.57484 -164.16821 -27.67969 NaN NaN NaN 32.09649 -117.78426 11.81439 -62.94947 -178.43430 -53.65148
42501 2.36177 NaN NaN NaN 154.18538 -84.87091 -33.37355 252.55511 -164.16940 -27.68279 NaN NaN NaN 32.09235 -117.78997 11.81688 -62.95978 -178.43399 -53.64185
42502 2.37010 NaN NaN NaN 154.20210 -84.86345 -33.37767 252.56291 -164.16071 -27.67404 NaN NaN NaN 32.09240 -117.79229 11.82803 -62.96935 -178.43858 -53.64360
42503 2.37843 NaN NaN NaN 154.17160 -84.86756 -33.37466 252.54543 -164.15944 -27.67841 NaN NaN NaN 32.11113 -117.78913 11.82448 -62.97256 -178.42845 -53.64134
42504 2.38676 NaN NaN NaN 154.18752 -84.84870 -33.38754 252.55524 -164.15060 -27.66117 NaN NaN NaN 32.09397 -117.78114 11.83183 -62.97653 -178.42937 -53.64318
42505 2.39509 NaN NaN NaN 154.18408 -84.84646 -33.37899 252.54793 -164.13509 -27.66501 NaN NaN NaN 32.10468 -117.80540 11.83086 -62.96869 -178.43704 -53.64289
42506 2.40343 NaN NaN NaN 154.17995 -84.84953 -33.38257 252.54468 -164.12114 -27.64178 NaN NaN NaN 32.08761 -117.80975 11.84044 -62.97097 -178.44420 -53.63811
42507 2.41176 NaN NaN NaN 154.17421 -84.85336 -33.37627 252.52534 -164.08907 -27.62999 NaN NaN NaN 32.06707 -117.80822 11.85977 -62.99461 -178.44124 -53.63565
42508 2.42009 NaN NaN NaN 154.17207 -84.84090 -33.38052 252.52809 -164.09326 -27.59302 NaN NaN NaN 32.03446 -117.80821 11.87058 -63.00148 -178.43747 -53.64772
42509 2.42842 NaN NaN NaN 154.16286 -84.83750 -33.37199 252.52144 -164.07671 -27.58715 NaN NaN NaN 32.01783 -117.80128 11.87669 -63.00552 -178.44646 -53.64979
42510 2.43675 NaN NaN NaN 154.15450 -84.83702 -33.36740 252.51657 -164.08145 -27.58120 NaN NaN NaN 31.99303 -117.81976 11.89171 -63.02375 -178.44891 -53.66698
42511 2.44508 NaN NaN NaN 154.16927 -84.83607 -33.34777 252.51720 -164.08316 -27.57664 NaN NaN NaN 31.97460 -117.83289 11.90638 -63.03340 -178.44984 -53.65767
42512 2.45341 NaN NaN NaN 154.16502 -84.85871 -33.35508 252.51056 -164.09312 -27.57598 NaN NaN NaN 31.93700 -117.86132 11.92094 -63.06553 -178.47208 -53.68230
42513 2.46174 NaN NaN NaN 154.15115 -84.86453 -33.32978 252.52205 -164.07047 -27.56837 NaN NaN NaN 31.88793 -117.89555 11.96116 -63.07223 -178.46074 -53.70243
42514 2.47008 NaN NaN NaN 154.17397 -84.82597 -33.31057 252.50745 -164.07121 -27.56037 NaN NaN NaN 31.86642 -117.91167 11.97897 -63.09302 -178.46019 -53.70607
42515 2.47841 NaN NaN NaN 154.12900 -84.85532 -33.31369 252.50604 -164.07785 -27.55403 NaN NaN NaN 31.84461 -117.92378 11.99482 -63.09464 -178.46056 -53.71346
42516 2.48674 NaN NaN NaN 154.12509 -84.87205 -33.32164 252.51550 -164.07838 -27.54089 NaN NaN NaN 31.83767 -117.92191 11.98665 -63.12119 -178.46144 -53.69841
42517 2.49507 NaN NaN NaN 154.15102 -84.81480 -33.30515 252.50607 -164.06821 -27.55007 NaN NaN NaN 31.81786 -117.93092 11.99525 -63.13008 -178.45313 -53.71268
42518 2.50340 NaN NaN NaN 154.12831 -84.83608 -33.32143 252.49460 -164.06653 -27.52757 NaN NaN NaN 31.79939 -117.91492 12.00950 -63.12427 -178.46053 -53.70154
42519 2.51173 NaN NaN NaN 154.13577 -84.80663 -33.32060 252.50674 -164.05847 -27.53535 NaN NaN NaN 31.80271 -117.91131 12.02335 -63.14202 -178.46194 -53.71042
42520 2.52006 NaN NaN NaN 154.12230 -84.83221 -33.33323 252.48868 -164.06506 -27.55382 NaN NaN NaN 31.79746 -117.89455 12.00969 -63.14104 -178.46733 -53.69709
42521 2.52840 NaN NaN NaN 154.10814 -84.85538 -33.31145 252.48978 -164.05681 -27.54191 NaN NaN NaN 31.79316 -117.90475 12.01258 -63.15112 -178.46326 -53.69968
42522 2.53673 NaN NaN NaN 154.10004 -84.86874 -33.32186 252.50291 -164.06310 -27.52377 NaN NaN NaN 31.78905 -117.90812 12.04799 -63.14758 -178.46883 -53.70041
42523 2.54506 NaN NaN NaN 154.09415 -84.84431 -33.30655 252.50810 -164.05988 -27.52131 NaN NaN NaN 31.79048 -117.91222 12.04861 -63.15095 -178.46591 -53.69894
42524 2.55339 NaN NaN NaN 154.10368 -84.84289 -33.32942 252.49135 -164.06537 -27.50934 NaN NaN NaN 31.77919 -117.91331 12.04114 -63.14354 -178.46736 -53.69229
42525 2.56172 NaN NaN NaN 154.09705 -84.81734 -33.32745 252.48672 -164.04988 -27.51467 NaN NaN NaN 31.74919 -117.89949 12.05133 -63.16738 -178.46724 -53.69926
42526 2.57005 NaN NaN NaN 154.10576 -84.84949 -33.33271 252.49068 -164.06743 -27.51512 NaN NaN NaN 31.74064 -117.92834 12.05516 -63.17699 -178.48721 -53.68837
42527 2.57838 NaN NaN NaN 154.09500 -84.86980 -33.33527 252.50200 -164.06676 -27.52879 NaN NaN NaN 31.72741 -117.92816 12.07228 -63.18575 -178.48625 -53.69496
42528 2.58671 NaN NaN NaN 154.11232 -84.87571 -33.33673 252.49689 -164.07748 -27.51966 NaN NaN NaN 31.72167 -117.95798 12.07876 -63.19716 -178.49864 -53.69216
42529 2.59505 NaN NaN NaN 154.11908 -84.86005 -33.31742 252.50159 -164.07866 -27.52417 NaN NaN NaN 31.70506 -117.97922 12.08768 -63.20595 -178.50078 -53.70801
42530 2.60338 NaN NaN NaN 154.11569 -84.86309 -33.32003 252.50284 -164.08728 -27.52320 NaN NaN NaN 31.69464 -118.00275 12.11361 -63.20919 -178.50386 -53.70667
42531 2.61171 NaN NaN NaN 154.14023 -84.80633 -33.31751 252.50436 -164.08530 -27.52077 NaN NaN NaN 31.70287 -118.00179 12.12624 -63.22260 -178.50444 -53.70485
42532 2.62004 NaN NaN NaN 154.16466 -84.80076 -33.32867 252.51501 -164.09084 -27.51824 NaN NaN NaN 31.68628 -118.02167 12.11992 -63.22570 -178.50760 -53.69992
42533 2.62837 NaN NaN NaN 154.18333 -84.80862 -33.31368 252.53000 -164.08412 -27.52107 NaN NaN NaN 31.66964 -118.04024 12.13311 -63.23626 -178.51172 -53.71318
42534 2.63670 NaN NaN NaN 154.15147 -84.84997 -33.32044 252.50964 -164.08464 -27.51395 NaN NaN NaN 31.66782 -118.04749 12.13725 -63.24384 -178.50902 -53.70076
42535 2.64503 NaN NaN NaN 154.15929 -84.83782 -33.31750 252.51337 -164.09125 -27.51847 NaN NaN NaN 31.66753 -118.04762 12.14249 -63.25705 -178.51767 -53.70924
42536 2.65336 NaN NaN NaN 154.16078 -84.82574 -33.31916 252.50964 -164.12321 -27.50323 NaN NaN NaN 31.67420 -118.03786 12.15962 -63.25577 -178.51553 -53.70321
42537 2.66170 NaN NaN NaN 154.16216 -84.81051 -33.29839 252.51294 -164.11241 -27.50918 NaN NaN NaN 31.67787 -118.04350 12.16329 -63.25196 -178.52353 -53.71704
42538 2.67003 NaN NaN NaN 154.17043 -84.80758 -33.30396 252.50980 -164.12700 -27.50364 NaN NaN NaN 31.66747 -118.04018 12.17322 -63.24362 -178.51006 -53.70404
42539 2.67836 NaN NaN NaN 154.13890 -84.82966 -33.30050 252.51892 -164.11935 -27.50554 NaN NaN NaN 31.65880 -118.03327 12.15514 -63.26163 -178.51038 -53.71505
42540 2.68669 NaN NaN NaN 154.16443 -84.81227 -33.29276 252.52600 -164.13158 -27.49271 NaN NaN NaN 31.65830 -118.04333 12.16084 -63.24850 -178.51956 -53.69896
42541 2.69502 NaN NaN NaN 154.13954 -84.83582 -33.29623 252.53957 -164.12714 -27.49022 NaN NaN NaN 31.67036 -118.04980 12.15613 -63.26322 -178.52936 -53.71148
42542 2.70335 NaN NaN NaN 154.17213 -84.82218 -33.27904 252.52806 -164.14139 -27.48979 NaN NaN NaN 31.65703 -118.05846 12.14387 -63.24910 -178.53012 -53.70231
42543 2.71168 NaN NaN NaN 154.14421 -84.85312 -33.27495 252.54257 -164.16254 -27.47737 NaN NaN NaN 31.67511 -118.07022 12.17515 -63.24606 -178.53259 -53.70523
42544 2.72002 NaN NaN NaN 154.14790 -84.89261 -33.27485 252.53516 -164.17894 -27.46855 NaN NaN NaN 31.67098 -118.07458 12.17401 -63.24629 -178.53461 -53.68752
42545 2.72835 NaN NaN NaN 154.14076 -84.90334 -33.27439 252.54341 -164.18114 -27.46708 NaN NaN NaN 31.66223 -118.07425 12.16106 -63.27011 -178.54588 -53.70130
42546 2.73668 NaN NaN NaN 154.13750 -84.91631 -33.26918 252.53731 -164.19188 -27.46663 NaN NaN NaN 31.66212 -118.07668 12.16867 -63.24501 -178.53308 -53.70925
42547 2.74501 NaN NaN NaN 154.15169 -84.91719 -33.28004 252.53857 -164.18726 -27.46172 NaN NaN NaN 31.68165 -118.09180 12.16228 -63.24190 -178.53171 -53.72857
42548 2.75334 NaN NaN NaN 154.16139 -84.93487 -33.27244 252.54195 -164.19275 -27.45536 NaN NaN NaN 31.68240 -118.08560 12.15521 -63.22827 -178.52211 -53.71238
42549 2.76167 NaN NaN NaN 154.14197 -84.92782 -33.25293 252.54536 -164.21318 -27.45579 NaN NaN NaN 31.68843 -118.10108 12.14316 -63.23105 -178.52362 -53.72786
42550 2.77000 NaN NaN NaN 154.14461 -84.93291 -33.24841 252.54416 -164.22415 -27.44929 NaN NaN NaN 31.68169 -118.08680 12.13008 -63.23159 -178.51366 -53.72026
42551 2.77833 NaN NaN NaN 154.15112 -84.94248 -33.25984 252.53984 -164.22304 -27.45057 NaN NaN NaN 31.69212 -118.10092 12.14030 -63.23745 -178.52390 -53.72895
42552 2.78667 NaN NaN NaN 154.16417 -84.92040 -33.26364 252.54166 -164.22566 -27.44242 NaN NaN NaN 31.67924 -118.09725 12.13174 -63.23842 -178.53284 -53.72546
42553 2.79500 NaN NaN NaN 154.16113 -84.94820 -33.25445 252.53181 -164.23778 -27.44127 NaN NaN NaN 31.68360 -118.10505 12.13672 -63.24406 -178.53268 -53.73647
42554 2.80333 NaN NaN NaN 154.18874 -84.91633 -33.24903 252.53857 -164.24178 -27.42854 NaN NaN NaN 31.68459 -118.12306 12.14256 -63.23344 -178.53300 -53.73141
42555 2.81166 NaN NaN NaN 154.16739 -84.92453 -33.25177 252.54109 -164.24463 -27.42954 NaN NaN NaN 31.68899 -118.13503 12.14996 -63.23350 -178.54762 -53.73204
42556 2.81999 NaN NaN NaN 154.15662 -84.95648 -33.24675 252.54259 -164.24030 -27.41817 NaN NaN NaN 31.68786 -118.14284 12.16418 -63.22327 -178.55051 -53.73507
42557 2.82832 NaN NaN NaN 154.13986 -84.96261 -33.24696 252.53102 -164.24181 -27.40931 NaN NaN NaN 31.67946 -118.14100 12.15850 -63.24427 -178.54700 -53.74418
42558 2.83665 NaN NaN NaN 154.14827 -84.97099 -33.24434 252.52362 -164.22560 -27.40709 NaN NaN NaN 31.65573 -118.14611 12.17579 -63.24260 -178.55025 -53.73649
42559 2.84498 NaN NaN NaN 154.14645 -84.94801 -33.23618 252.52287 -164.22408 -27.40964 NaN NaN NaN 31.65966 -118.14977 12.15951 -63.24949 -178.56012 -53.75583
42560 2.85332 NaN NaN NaN 154.15480 -84.96223 -33.23283 252.53075 -164.24379 -27.39423 NaN NaN NaN 31.66088 -118.15483 12.17066 -63.23870 -178.54694 -53.73984
42561 2.86165 NaN NaN NaN 154.15022 -84.96367 -33.22884 252.52844 -164.24263 -27.39375 NaN NaN NaN 31.65853 -118.15052 12.16071 -63.24673 -178.56851 -53.75880
42562 2.86998 NaN NaN NaN 154.15939 -84.94028 -33.21252 252.52161 -164.25520 -27.38482 NaN NaN NaN 31.64392 -118.16611 12.16541 -63.24697 -178.55132 -53.75655
42563 2.87831 NaN NaN NaN 154.15619 -84.96018 -33.21576 252.52988 -164.24646 -27.39471 NaN NaN NaN 31.62768 -118.17355 12.17644 -63.25647 -178.54512 -53.76596
42564 2.88664 NaN NaN NaN 154.20122 -84.91821 -33.19639 252.52208 -164.25107 -27.39054 NaN NaN NaN 31.62822 -118.17751 12.19779 -63.25119 -178.53226 -53.78860
42565 2.89497 NaN NaN NaN 154.16898 -84.94038 -33.21635 252.52789 -164.25070 -27.40071 NaN NaN NaN 31.62573 -118.19218 12.23430 -63.24668 -178.54958 -53.80925
42566 2.90330 NaN NaN NaN 154.16910 -84.96547 -33.20350 252.52347 -164.25432 -27.40616 NaN NaN NaN 31.62864 -118.19031 12.23524 -63.24798 -178.54095 -53.80139
42567 2.91164 NaN NaN NaN 154.16223 -84.98497 -33.21730 252.52156 -164.24677 -27.40160 NaN NaN NaN 31.61493 -118.21852 12.25071 -63.26948 -178.54970 -53.80745
42568 2.91997 NaN NaN NaN 154.18469 -84.94067 -33.21157 252.52010 -164.24966 -27.37656 NaN NaN NaN 31.60330 -118.22919 12.23703 -63.26823 -178.53775 -53.80878
42569 2.92830 NaN NaN NaN 154.16376 -84.95123 -33.22953 252.52951 -164.24512 -27.38008 NaN NaN NaN 31.58624 -118.23605 12.25023 -63.27676 -178.53949 -53.84377
42570 2.93663 NaN NaN NaN 154.19397 -84.91317 -33.21085 252.51105 -164.25015 -27.37485 NaN NaN NaN 31.57894 -118.24186 12.25959 -63.28653 -178.55093 -53.85019
42571 2.94496 NaN NaN NaN 154.16011 -84.91812 -33.22476 252.51324 -164.25471 -27.38421 NaN NaN NaN 31.57959 -118.23976 12.26378 -63.28701 -178.54645 -53.83196
42572 2.95329 NaN NaN NaN 154.15297 -84.93196 -33.19273 252.50667 -164.23962 -27.36391 NaN NaN NaN 31.57123 -118.23389 12.26121 -63.28202 -178.53404 -53.82139
42573 2.96162 NaN NaN NaN 154.18810 -84.91205 -33.17228 252.51421 -164.23740 -27.37473 NaN NaN NaN 31.56864 -118.22654 12.26857 -63.27472 -178.54477 -53.82323
42574 2.96995 NaN NaN NaN 154.20404 -84.90257 -33.16898 252.51108 -164.24599 -27.35851 NaN NaN NaN 31.57252 -118.21995 12.27199 -63.27400 -178.53098 -53.80399
42575 2.97829 NaN NaN NaN 154.20781 -84.86879 -33.19249 252.51448 -164.25400 -27.35433 NaN NaN NaN 31.58039 -118.22064 12.27659 -63.28037 -178.54083 -53.80266
42576 2.98662 NaN NaN NaN 154.20236 -84.86180 -33.19890 252.49698 -164.26149 -27.34203 NaN NaN NaN 31.56276 -118.24043 12.28582 -63.28028 -178.52956 -53.79918
42577 2.99495 NaN NaN NaN 154.19679 -84.86369 -33.21063 252.47398 -164.24089 -27.34454 NaN NaN NaN 31.55480 -118.24968 12.28447 -63.29311 -178.56378 -53.80557
42578 3.00328 NaN NaN NaN 154.18909 -84.87783 -33.20088 252.47699 -164.25537 -27.34222 NaN NaN NaN 31.54507 -118.25550 12.29244 -63.30312 -178.54492 -53.80869
42579 3.01161 NaN NaN NaN 154.15288 -84.93977 -33.20028 252.47066 -164.23784 -27.33914 NaN NaN NaN 31.52680 -118.25914 12.28895 -63.30690 -178.56032 -53.81248
42580 3.01994 NaN NaN NaN 154.17165 -84.92467 -33.18634 252.47766 -164.25108 -27.33060 NaN NaN NaN 31.51561 -118.25994 12.29195 -63.32927 -178.55347 -53.82710
42581 3.02827 NaN NaN NaN 154.15549 -84.92670 -33.16809 252.47018 -164.24632 -27.33248 NaN NaN NaN 31.50039 -118.25356 12.29154 -63.34682 -178.53513 -53.82400
42582 3.03660 NaN NaN NaN 154.12506 -84.96883 -33.16521 252.47548 -164.27155 -27.33410 NaN NaN NaN 31.49747 -118.28118 12.30223 -63.33723 -178.54814 -53.83088
42583 3.04494 NaN NaN NaN 154.16924 -84.92188 -33.19088 252.46425 -164.25780 -27.32087 NaN NaN NaN 31.49024 -118.28281 12.30485 -63.34048 -178.55716 -53.82223
42584 3.05327 NaN NaN NaN 154.17245 -84.93776 -33.19268 252.47586 -164.27074 -27.32744 NaN NaN NaN 31.48919 -118.28185 12.30812 -63.33630 -178.55980 -53.81188
42585 3.06160 NaN NaN NaN 154.13329 -84.95036 -33.20322 252.47656 -164.25381 -27.32566 NaN NaN NaN 31.49852 -118.27448 12.30388 -63.34389 -178.55782 -53.85130
42586 3.06993 NaN NaN NaN 154.13809 -84.94223 -33.17931 252.46791 -164.27127 -27.32656 NaN NaN NaN 31.49581 -118.26827 12.30613 -63.34426 -178.58092 -53.83388
42587 3.07826 NaN NaN NaN 154.14821 -84.92903 -33.20552 252.46922 -164.25671 -27.30994 NaN NaN NaN 31.49373 -118.25468 12.29752 -63.35308 -178.58153 -53.83302
42588 3.08659 NaN NaN NaN 154.11319 -84.94682 -33.22501 252.45197 -164.26228 -27.31280 NaN NaN NaN 31.49514 -118.25610 12.30537 -63.35086 -178.57132 -53.82752
42589 3.09492 NaN NaN NaN 154.08902 -84.94723 -33.23547 252.42877 -164.23555 -27.31000 NaN NaN NaN 31.48180 -118.27589 12.30773 -63.35894 -178.55162 -53.81585
42590 3.10325 NaN NaN NaN 154.07678 -84.94000 -33.24827 252.42314 -164.23454 -27.30663 NaN NaN NaN 31.47438 -118.27853 12.31241 -63.36666 -178.55098 -53.78751
42591 3.11159 NaN NaN NaN 154.06839 -84.95167 -33.22895 252.42691 -164.21851 -27.29745 NaN NaN NaN 31.45656 -118.27984 12.31408 -63.37911 -178.57745 -53.79974
42592 3.11992 NaN NaN NaN 154.07135 -84.94898 -33.22997 252.41832 -164.21902 -27.28785 NaN NaN NaN 31.44101 -118.28728 12.32372 -63.37927 -178.58101 -53.77290
42593 3.12825 NaN NaN NaN 154.07491 -84.94492 -33.22762 252.42274 -164.22002 -27.24534 NaN NaN NaN 31.42750 -118.27111 12.32399 -63.39228 -178.57906 -53.78756
42594 3.13658 NaN NaN NaN 154.06433 -84.95290 -33.20450 252.41386 -164.21960 -27.26578 NaN NaN NaN 31.44246 -118.29076 12.34414 -63.40700 -178.56308 -53.76355
42595 3.14491 NaN NaN NaN 154.09871 -84.93156 -33.18218 252.41211 -164.22510 -27.27045 NaN NaN NaN 31.41858 -118.27699 12.34475 -63.40933 -178.57149 -53.77835
42596 3.15324 NaN NaN NaN 154.07008 -84.95192 -33.19542 252.41112 -164.20979 -27.28449 NaN NaN NaN 31.41338 -118.30388 12.35369 -63.40962 -178.55304 -53.76854
42597 3.16157 NaN NaN NaN 154.09445 -84.93067 -33.17977 252.42949 -164.21864 -27.23354 NaN NaN NaN 31.39734 -118.29581 12.36150 -63.40373 -178.56038 -53.78080
42598 3.16991 NaN NaN NaN 154.09775 -84.89477 -33.19563 252.43196 -164.21443 -27.26956 NaN NaN NaN 31.40087 -118.30035 12.36657 -63.42595 -178.55936 -53.77270
42599 3.17824 NaN NaN NaN 154.06897 -84.92003 -33.19141 252.41550 -164.16948 -27.28526 NaN NaN NaN 31.39163 -118.27864 12.38610 -63.43263 -178.56189 -53.79091
42600 3.18657 NaN NaN NaN 154.07652 -84.88544 -33.20138 252.40262 -164.15445 -27.30336 NaN NaN NaN 31.40741 -118.28150 12.34324 -63.42872 -178.55304 -53.77800
42601 3.19490 NaN NaN NaN 154.05962 -84.91658 -33.20232 252.40750 -164.14664 -27.30104 NaN NaN NaN 31.41754 -118.25484 12.33525 -63.42968 -178.55603 -53.76158
42602 3.20323 NaN NaN NaN 154.05205 -84.91956 -33.21461 252.41713 -164.16846 -27.29693 NaN NaN NaN 31.42020 -118.25134 12.32611 -63.43379 -178.53427 -53.73684
42603 3.21156 NaN NaN NaN 154.06253 -84.92916 -33.21078 252.40282 -164.16115 -27.29723 NaN NaN NaN 31.40514 -118.22530 12.33175 -63.43408 -178.53127 -53.74389
42604 3.21989 NaN NaN NaN 154.04446 -84.93674 -33.21918 252.39224 -164.15970 -27.30334 NaN NaN NaN 31.41139 -118.22832 12.32898 -63.43952 -178.52039 -53.73456
42605 3.22822 NaN NaN NaN 154.04578 -84.90562 -33.24628 252.40131 -164.15009 -27.30091 NaN NaN NaN 31.38839 -118.20330 12.32564 -63.42584 -178.52014 -53.73341
42606 3.23656 NaN NaN NaN 154.03917 -84.90810 -33.25109 252.40259 -164.14557 -27.31015 NaN NaN NaN 31.40233 -118.23243 12.33192 -63.43460 -178.51785 -53.73304
42607 3.24489 NaN NaN NaN 154.03674 -84.87934 -33.25965 252.39937 -164.12912 -27.30560 NaN NaN NaN 31.39973 -118.22140 12.33114 -63.45318 -178.51390 -53.72156
42608 3.25322 NaN NaN NaN 154.04295 -84.88252 -33.25890 252.38229 -164.13379 -27.31367 NaN NaN NaN 31.39881 -118.22930 12.35190 -63.44232 -178.50372 -53.72298
42609 3.26155 NaN NaN NaN 154.07811 -84.82958 -33.26199 252.39937 -164.12418 -27.29757 NaN NaN NaN 31.37726 -118.22102 12.37113 -63.44840 -178.50636 -53.72817
42610 3.26988 NaN NaN NaN 154.08878 -84.79513 -33.27309 252.39172 -164.11615 -27.31510 NaN NaN NaN 31.35684 -118.24225 12.37779 -63.45042 -178.51021 -53.72451
42611 3.27821 NaN NaN NaN 154.10159 -84.76586 -33.28632 252.41386 -164.12482 -27.27131 NaN NaN NaN 31.35557 -118.25483 12.35485 -63.46540 -178.53159 -53.73893
42612 3.28654 NaN NaN NaN 154.11011 -84.80281 -33.27392 252.41345 -164.13727 -27.31027 NaN NaN NaN 31.35686 -118.27537 12.37499 -63.46601 -178.54208 -53.74399
42613 3.29487 NaN NaN NaN 154.07341 -84.85485 -33.28378 252.40532 -164.12102 -27.32951 NaN NaN NaN 31.33255 -118.28677 12.38297 -63.46681 -178.54408 -53.73631
42614 3.30321 NaN NaN NaN 154.06865 -84.89084 -33.29212 252.41937 -164.11354 -27.34402 NaN NaN NaN 31.32959 -118.31031 12.39437 -63.48618 -178.54211 -53.76548
42615 3.31154 NaN NaN NaN 154.06444 -84.88058 -33.28899 252.43002 -164.11221 -27.34717 NaN NaN NaN 31.32207 -118.32028 12.39352 -63.47855 -178.54231 -53.77858
42616 3.31987 NaN NaN NaN 154.09270 -84.90149 -33.29284 252.43864 -164.11728 -27.34767 NaN NaN NaN 31.33227 -118.31672 12.40961 -63.47470 -178.52219 -53.77570
42617 3.32820 NaN NaN NaN 154.09917 -84.87679 -33.29626 252.44981 -164.13121 -27.34855 NaN NaN NaN 31.34446 -118.32845 12.39513 -63.47915 -178.53168 -53.77653
42618 3.33653 NaN NaN NaN 154.10184 -84.88461 -33.29956 252.45061 -164.12660 -27.35265 NaN NaN NaN 31.34819 -118.31953 12.39071 -63.48086 -178.52403 -53.77468
42619 3.34486 NaN NaN NaN 154.09312 -84.86615 -33.30302 252.45096 -164.11702 -27.35233 NaN NaN NaN 31.36238 -118.31396 12.39143 -63.47372 -178.53787 -53.77602
42620 3.35319 NaN NaN NaN 154.12312 -84.88754 -33.32529 252.46880 -164.14095 -27.35890 NaN NaN NaN 31.36847 -118.30520 12.38807 -63.47213 -178.52110 -53.75484
42621 3.36153 NaN NaN NaN 154.13332 -84.89089 -33.32330 252.47447 -164.15370 -27.35495 NaN NaN NaN 31.35278 -118.29839 12.37484 -63.46313 -178.54202 -53.74968
42622 3.36986 NaN NaN NaN 154.12939 -84.91833 -33.31929 252.47765 -164.16132 -27.35551 NaN NaN NaN 31.35855 -118.30000 12.37915 -63.45992 -178.56401 -53.74431
42623 3.37819 NaN NaN NaN 154.11368 -84.90732 -33.30199 252.47594 -164.15579 -27.35617 NaN NaN NaN 31.35083 -118.30289 12.36326 -63.46534 -178.56828 -53.74093
42624 3.38652 NaN NaN NaN 154.16414 -84.87399 -33.29860 252.47513 -164.14442 -27.36151 NaN NaN NaN 31.35057 -118.32310 12.40047 -63.47104 -178.56508 -53.73718
42625 3.39485 NaN NaN NaN 154.14447 -84.89150 -33.33179 252.47820 -164.14726 -27.37788 NaN NaN NaN 31.35164 -118.31689 12.40428 -63.46144 -178.56667 -53.73055
42626 3.40318 NaN NaN NaN 154.16583 -84.85356 -33.33709 252.47870 -164.14189 -27.36641 NaN NaN NaN 31.33525 -118.33652 12.41229 -63.46325 -178.57678 -53.72358
42627 3.41151 NaN NaN NaN 154.13417 -84.87502 -33.31588 252.47885 -164.16014 -27.38132 NaN NaN NaN 31.33032 -118.35106 12.41652 -63.46331 -178.58583 -53.73805
42628 3.41984 NaN NaN NaN 154.13068 -84.88844 -33.33614 252.47682 -164.15045 -27.37372 NaN NaN NaN 31.33173 -118.34225 12.41856 -63.46780 -178.58513 -53.73415
42629 3.42818 NaN NaN NaN 154.16449 -84.85457 -33.32949 252.49702 -164.15355 -27.38649 NaN NaN NaN 31.33558 -118.37248 12.41738 -63.46756 -178.58734 -53.74699
42630 3.43651 NaN NaN NaN 154.14507 -84.88554 -33.34506 252.48480 -164.15991 -27.37957 NaN NaN NaN 31.32453 -118.38561 12.42574 -63.48431 -178.57999 -53.76482
42631 3.44484 NaN NaN NaN 154.14221 -84.90604 -33.35854 252.48407 -164.16086 -27.39792 NaN NaN NaN 31.30528 -118.37969 12.41943 -63.47851 -178.59921 -53.74619
42632 3.45317 NaN NaN NaN 154.16862 -84.89779 -33.34118 252.49521 -164.18111 -27.39386 NaN NaN NaN 31.32306 -118.37458 12.42272 -63.47667 -178.59413 -53.74862
42633 3.46150 NaN NaN NaN 154.15923 -84.90491 -33.35591 252.51381 -164.17580 -27.40238 NaN NaN NaN 31.32719 -118.38879 12.42575 -63.47967 -178.59724 -53.74697
42634 3.46983 NaN NaN NaN 154.15961 -84.87645 -33.36471 252.51184 -164.18993 -27.38512 NaN NaN NaN 31.34136 -118.39230 12.42427 -63.47799 -178.60603 -53.75326
42635 3.47816 NaN NaN NaN 154.14247 -84.92017 -33.37912 252.51773 -164.20218 -27.39857 NaN NaN NaN 31.32194 -118.38824 12.42529 -63.47513 -178.63026 -53.74051
42636 3.48649 NaN NaN NaN 154.13737 -84.95782 -33.37837 252.51915 -164.20866 -27.40451 NaN NaN NaN 31.32547 -118.37911 12.42266 -63.48818 -178.60738 -53.74120
42637 3.49483 NaN NaN NaN 154.13219 -84.96747 -33.37052 252.51682 -164.20654 -27.40917 NaN NaN NaN 31.31782 -118.38390 12.41961 -63.48923 -178.63536 -53.73120
42638 3.50316 NaN NaN NaN 154.15826 -84.95968 -33.37313 252.51688 -164.19662 -27.42140 NaN NaN NaN 31.31255 -118.39291 12.42694 -63.50607 -178.63022 -53.73061
42639 3.51149 NaN NaN NaN 154.14011 -84.93959 -33.37434 252.50890 -164.19492 -27.41493 NaN NaN NaN 31.31371 -118.41032 12.43394 -63.49578 -178.63809 -53.74068
42640 3.51982 NaN NaN NaN 154.16646 -84.89240 -33.38869 252.50018 -164.19101 -27.42028 NaN NaN NaN 31.29821 -118.41315 12.44115 -63.51215 -178.61652 -53.74911
42641 3.52815 NaN NaN NaN 154.15532 -84.89622 -33.38822 252.49458 -164.18719 -27.42175 NaN NaN NaN 31.28057 -118.42276 12.44327 -63.52748 -178.65010 -53.74373
42642 3.53648 NaN NaN NaN 154.18619 -84.88874 -33.42033 252.50150 -164.19954 -27.42217 NaN NaN NaN 31.26993 -118.42818 12.45709 -63.53281 -178.66399 -53.71806
42643 3.54481 NaN NaN NaN 154.15868 -84.91314 -33.39338 252.49313 -164.18768 -27.42916 NaN NaN NaN 31.26087 -118.43850 12.46253 -63.52588 -178.68513 -53.72693
42644 3.55315 NaN NaN NaN 154.18794 -84.87757 -33.39480 252.48749 -164.18292 -27.42299 NaN NaN NaN 31.25904 -118.44193 12.47780 -63.55160 -178.66298 -53.74243
42645 3.56148 NaN NaN NaN 154.15874 -84.89458 -33.38249 252.49510 -164.19371 -27.42943 NaN NaN NaN 31.25440 -118.45288 12.49177 -63.55953 -178.66733 -53.74154
42646 3.56981 NaN NaN NaN 154.15884 -84.89471 -33.39136 252.49684 -164.18623 -27.43352 NaN NaN NaN 31.24599 -118.47559 12.48999 -63.55448 -178.65329 -53.76981
42647 3.57814 NaN NaN NaN 154.14484 -84.90907 -33.39213 252.49168 -164.18655 -27.43430 NaN NaN NaN 31.24477 -118.46972 12.48434 -63.55492 -178.65782 -53.75700
42648 3.58647 NaN NaN NaN 154.14670 -84.89914 -33.42449 252.49333 -164.18185 -27.43497 NaN NaN NaN 31.23889 -118.46493 12.48536 -63.54470 -178.63837 -53.72946
42649 3.59480 NaN NaN NaN 154.15596 -84.90945 -33.40778 252.50011 -164.18042 -27.43527 NaN NaN NaN 31.24161 -118.43207 12.47423 -63.56170 -178.64067 -53.72948
42650 3.60313 NaN NaN NaN 154.16820 -84.85999 -33.44173 252.49838 -164.17061 -27.43421 NaN NaN NaN 31.23893 -118.41154 12.48749 -63.57212 -178.63168 -53.71978
42651 3.61146 NaN NaN NaN 154.17238 -84.84834 -33.42824 252.49318 -164.17896 -27.43638 NaN NaN NaN 31.24507 -118.42302 12.48965 -63.59664 -178.64182 -53.72186
42652 3.61980 NaN NaN NaN 154.16734 -84.83314 -33.45754 252.48326 -164.17494 -27.43673 NaN NaN NaN 31.23763 -118.42760 12.50601 -63.57387 -178.63336 -53.70942
42653 3.62813 NaN NaN NaN 154.14659 -84.84420 -33.42497 252.48163 -164.15614 -27.44106 NaN NaN NaN 31.23637 -118.41669 12.48873 -63.58393 -178.62241 -53.69464
42654 3.63646 NaN NaN NaN 154.17090 -84.83511 -33.42365 252.48415 -164.13664 -27.44592 NaN NaN NaN 31.21058 -118.38657 12.48204 -63.57812 -178.60936 -53.69713
42655 3.64479 NaN NaN NaN 154.15942 -84.85446 -33.40966 252.46014 -164.11633 -27.45181 NaN NaN NaN 31.20660 -118.36233 12.47705 -63.58772 -178.59215 -53.68866
42656 3.65312 NaN NaN NaN 154.16847 -84.85466 -33.41864 252.48122 -164.11511 -27.45289 NaN NaN NaN 31.19839 -118.36292 12.49876 -63.58940 -178.59915 -53.68265
42657 3.66145 NaN NaN NaN 154.16173 -84.84539 -33.41231 252.49921 -164.11044 -27.45399 NaN NaN NaN 31.20333 -118.35496 12.50763 -63.59790 -178.58521 -53.69104
42658 3.66978 NaN NaN NaN 154.17726 -84.82885 -33.41662 252.50305 -164.11446 -27.44565 NaN NaN NaN 31.19610 -118.36427 12.50743 -63.59813 -178.58727 -53.70053
42659 3.67811 NaN NaN NaN 154.16948 -84.83884 -33.40846 252.50491 -164.08698 -27.45119 NaN NaN NaN 31.19879 -118.36236 12.50770 -63.60554 -178.59579 -53.69836
42660 3.68645 NaN NaN NaN 154.16902 -84.85165 -33.40607 252.51582 -164.08217 -27.46118 NaN NaN NaN 31.18789 -118.37020 12.50626 -63.59867 -178.60744 -53.69335
42661 3.69478 NaN NaN NaN 154.16310 -84.84248 -33.40216 252.52614 -164.06456 -27.46524 NaN NaN NaN 31.19729 -118.37468 12.51871 -63.60482 -178.60170 -53.68836
42662 3.70311 NaN NaN NaN 154.18704 -84.82365 -33.42586 252.52434 -164.07814 -27.46148 NaN NaN NaN 31.18537 -118.38152 12.51821 -63.59372 -178.60303 -53.70369
42663 3.71144 NaN NaN NaN 154.18280 -84.82935 -33.40992 252.51228 -164.07115 -27.47541 NaN NaN NaN 31.17343 -118.36613 12.52297 -63.60644 -178.61165 -53.70633
42664 3.71977 NaN NaN NaN 154.17534 -84.82902 -33.40648 252.50462 -164.10118 -27.46902 NaN NaN NaN 31.17727 -118.38203 12.52117 -63.61180 -178.60754 -53.70926
42665 3.72810 NaN NaN NaN 154.17567 -84.82472 -33.40017 252.51538 -164.11217 -27.48321 NaN NaN NaN 31.17751 -118.39730 12.52816 -63.61428 -178.62198 -53.70716
42666 3.73643 NaN NaN NaN 154.16881 -84.81307 -33.42295 252.52164 -164.10759 -27.47679 NaN NaN NaN 31.18144 -118.40511 12.53214 -63.61625 -178.62579 -53.70836
42667 3.74476 NaN NaN NaN 154.17383 -84.82438 -33.40370 252.56026 -164.10834 -27.47875 NaN NaN NaN 31.17993 -118.41431 12.53213 -63.61828 -178.62910 -53.71728
42668 3.75310 NaN NaN NaN 154.16385 -84.86368 -33.39161 252.54741 -164.11075 -27.48438 NaN NaN NaN 31.17926 -118.43148 12.52986 -63.62234 -178.62874 -53.70506
42669 3.76143 NaN NaN NaN 154.16708 -84.86465 -33.37010 252.56070 -164.11441 -27.48920 NaN NaN NaN 31.15980 -118.43753 12.52920 -63.63013 -178.64261 -53.72651
42670 3.76976 NaN NaN NaN 154.17839 -84.85448 -33.38089 252.55954 -164.12212 -27.49018 NaN NaN NaN 31.16762 -118.44681 12.52238 -63.63377 -178.62825 -53.71957
42671 3.77809 NaN NaN NaN 154.18846 -84.84809 -33.38449 252.56641 -164.11923 -27.48352 NaN NaN NaN 31.18192 -118.44028 12.52430 -63.62030 -178.63399 -53.74903
42672 3.78642 NaN NaN NaN 154.18410 -84.85082 -33.38966 252.55028 -164.11938 -27.47318 NaN NaN NaN 31.19646 -118.43600 12.52342 -63.62630 -178.61104 -53.72057
42673 3.79475 NaN NaN NaN 154.17905 -84.84211 -33.38112 252.54793 -164.12051 -27.47083 NaN NaN NaN 31.19130 -118.41888 12.52030 -63.63262 -178.62146 -53.72604
42674 3.80308 NaN NaN NaN 154.18336 -84.84469 -33.39015 252.55464 -164.12430 -27.47557 NaN NaN NaN 31.18823 -118.43646 12.51919 -63.62123 -178.63496 -53.71420
42675 3.81142 NaN NaN NaN 154.18645 -84.83947 -33.38749 252.55104 -164.13441 -27.46050 NaN NaN NaN 31.20401 -118.45888 12.52896 -63.61945 -178.65800 -53.72678
42676 3.81975 NaN NaN NaN 154.17241 -84.85087 -33.38852 252.53561 -164.14651 -27.44379 NaN NaN NaN 31.19611 -118.43977 12.51738 -63.61095 -178.64980 -53.71091
42677 3.82808 NaN NaN NaN 154.17001 -84.86192 -33.35324 252.51825 -164.14600 -27.44802 NaN NaN NaN 31.19665 -118.44831 12.53485 -63.61800 -178.65047 -53.71835
42678 3.83641 NaN NaN NaN 154.17207 -84.88810 -33.36560 252.51157 -164.15564 -27.43723 NaN NaN NaN 31.18254 -118.47028 12.53230 -63.63164 -178.65318 -53.72286
42679 3.84474 NaN NaN NaN 154.18152 -84.91749 -33.33983 252.51486 -164.16676 -27.43033 NaN NaN NaN 31.17221 -118.46568 12.53453 -63.64112 -178.64836 -53.73146
42680 3.85307 NaN NaN NaN 154.15294 -84.92995 -33.34068 252.51485 -164.16951 -27.42572 NaN NaN NaN 31.16492 -118.48063 12.53456 -63.65092 -178.66385 -53.72489
42681 3.86140 NaN NaN NaN 154.17126 -84.90130 -33.31798 252.49910 -164.17305 -27.41567 NaN NaN NaN 31.16105 -118.47876 12.53992 -63.65263 -178.68246 -53.76101
42682 3.86973 NaN NaN NaN 154.18591 -84.85352 -33.32386 252.49887 -164.17702 -27.40274 NaN NaN NaN 31.16380 -118.48481 12.55199 -63.66615 -178.67662 -53.73586
42683 3.87807 NaN NaN NaN 154.14516 -84.89873 -33.28707 252.49660 -164.17775 -27.40263 NaN NaN NaN 31.15069 -118.48940 12.54337 -63.67230 -178.67139 -53.75251
42684 3.88640 NaN NaN NaN 154.12001 -84.94428 -33.27856 252.49153 -164.17728 -27.41424 NaN NaN NaN 31.15714 -118.49453 12.53512 -63.67354 -178.66386 -53.74560
42685 3.89473 NaN NaN NaN 154.11446 -84.97000 -33.25611 252.49414 -164.16815 -27.41003 NaN NaN NaN 31.14320 -118.51727 12.55041 -63.67336 -178.67812 -53.77871
42686 3.90306 NaN NaN NaN 154.12878 -84.97524 -33.25222 252.49654 -164.17384 -27.40500 NaN NaN NaN 31.14007 -118.51934 12.54745 -63.67088 -178.67177 -53.78117
42687 3.91139 NaN NaN NaN 154.11967 -84.97715 -33.24591 252.50497 -164.18462 -27.39937 NaN NaN NaN 31.15131 -118.52620 12.55967 -63.66553 -178.67339 -53.79074
42688 3.91972 NaN NaN NaN 154.12393 -84.96249 -33.25898 252.49547 -164.18867 -27.40468 NaN NaN NaN 31.15156 -118.51762 12.54866 -63.67899 -178.66812 -53.78178
42689 3.92805 NaN NaN NaN 154.12144 -84.93404 -33.26422 252.50159 -164.18338 -27.40662 NaN NaN NaN 31.13656 -118.52839 12.54952 -63.68247 -178.66640 -53.78022
42690 3.93638 NaN NaN NaN 154.12292 -84.96642 -33.27659 252.48997 -164.18068 -27.39626 NaN NaN NaN 31.15284 -118.52392 12.54524 -63.66862 -178.66916 -53.77343
42691 3.94472 NaN NaN NaN 154.10158 -84.97009 -33.27577 252.48978 -164.18996 -27.39434 NaN NaN NaN 31.12391 -118.51839 12.54615 -63.67750 -178.68835 -53.78444
42692 3.95305 NaN NaN NaN 154.09901 -84.97275 -33.28050 252.47849 -164.18990 -27.37701 NaN NaN NaN 31.12245 -118.52926 12.55436 -63.68940 -178.67204 -53.77704
42693 3.96138 NaN NaN NaN 154.12157 -84.96030 -33.26999 252.48433 -164.19637 -27.39010 NaN NaN NaN 31.11368 -118.53083 12.55817 -63.68697 -178.67061 -53.79623
42694 3.96971 NaN NaN NaN 154.13739 -84.96471 -33.28323 252.48206 -164.18707 -27.37667 NaN NaN NaN 31.12155 -118.54770 12.56602 -63.69744 -178.66269 -53.77150
42695 3.97804 NaN NaN NaN 154.14128 -84.95089 -33.28012 252.46681 -164.17987 -27.38527 NaN NaN NaN 31.10128 -118.54434 12.56196 -63.70161 -178.67609 -53.78787
42696 3.98637 NaN NaN NaN 154.13763 -84.94756 -33.28972 252.46152 -164.16446 -27.37582 NaN NaN NaN 31.08600 -118.55448 12.57808 -63.71025 -178.68314 -53.78035
42697 3.99470 NaN NaN NaN 154.11586 -84.94361 -33.28497 252.45648 -164.15390 -27.37730 NaN NaN NaN 31.06588 -118.56106 12.58203 -63.72786 -178.68481 -53.78224
42698 4.00304 NaN NaN NaN 154.10928 -84.92928 -33.30526 252.45901 -164.16063 -27.37592 NaN NaN NaN 31.03771 -118.58099 12.58831 -63.73984 -178.69844 -53.79418
42699 4.01137 NaN NaN NaN 154.16028 -84.88678 -33.27023 252.46996 -164.15941 -27.38300 NaN NaN NaN 31.01156 -118.58108 12.60624 -63.73169 -178.69441 -53.80397
42700 4.01970 NaN NaN NaN 154.16191 -84.90117 -33.25190 252.46646 -164.16241 -27.37317 NaN NaN NaN 31.01239 -118.58690 12.60318 -63.73550 -178.69609 -53.80463
42701 4.02803 NaN NaN NaN 154.13705 -84.91868 -33.25446 252.46606 -164.17342 -27.38138 NaN NaN NaN 31.00485 -118.60931 12.61371 -63.75127 -178.71088 -53.80823
42702 4.03636 NaN NaN NaN 154.16495 -84.90291 -33.25493 252.46329 -164.16811 -27.36827 NaN NaN NaN 31.00922 -118.60593 12.61197 -63.74601 -178.69937 -53.81260
42703 4.04469 NaN NaN NaN 154.18430 -84.85986 -33.25500 252.46654 -164.16676 -27.37305 NaN NaN NaN 30.98887 -118.59624 12.61781 -63.75918 -178.70274 -53.80539
42704 4.05302 NaN NaN NaN 154.17039 -84.88215 -33.26485 252.46382 -164.17361 -27.36565 NaN NaN NaN 30.98958 -118.59222 12.61606 -63.75928 -178.69266 -53.81171
42705 4.06135 NaN NaN NaN 154.17049 -84.85912 -33.26764 252.45699 -164.16238 -27.35234 NaN NaN NaN 30.97058 -118.59557 12.62228 -63.75368 -178.70541 -53.81257
42706 4.06969 NaN NaN NaN 154.18166 -84.85468 -33.26034 252.45532 -164.15404 -27.34639 NaN NaN NaN 30.97231 -118.59299 12.61989 -63.77028 -178.68422 -53.80724
42707 4.07802 NaN NaN NaN 154.16786 -84.88316 -33.26542 252.45293 -164.15710 -27.34154 NaN NaN NaN 30.97160 -118.59412 12.63171 -63.76823 -178.68242 -53.80701
42708 4.08635 NaN NaN NaN 154.16078 -84.90904 -33.25142 252.45604 -164.15829 -27.34422 NaN NaN NaN 30.98392 -118.58047 12.61563 -63.76407 -178.65755 -53.78889
42709 4.09468 NaN NaN NaN 154.18246 -84.85468 -33.25431 252.46001 -164.16008 -27.33285 NaN NaN NaN 30.96445 -118.59193 12.62187 -63.77596 -178.68120 -53.79065
42710 4.10301 NaN NaN NaN 154.19250 -84.84114 -33.24364 252.45782 -164.16971 -27.33293 NaN NaN NaN 30.96820 -118.58817 12.61819 -63.77238 -178.67657 -53.78564
42711 4.11134 NaN NaN NaN 154.16539 -84.87246 -33.24797 252.45599 -164.18130 -27.31976 NaN NaN NaN 30.94333 -118.59218 12.63013 -63.77604 -178.68340 -53.77927
42712 4.11967 NaN NaN NaN 154.15182 -84.90175 -33.23358 252.46326 -164.18733 -27.32633 NaN NaN NaN 30.94091 -118.58727 12.63388 -63.77613 -178.69418 -53.78431
42713 4.12800 NaN NaN NaN 154.13904 -84.92306 -33.23051 252.45892 -164.18303 -27.31942 NaN NaN NaN 30.93778 -118.60059 12.64263 -63.78302 -178.69797 -53.79233
42714 4.13634 NaN NaN NaN 154.14653 -84.92841 -33.21873 252.47055 -164.18578 -27.33140 NaN NaN NaN 30.94251 -118.61325 12.64140 -63.80238 -178.69537 -53.77338
42715 4.14467 NaN NaN NaN 154.14642 -84.92512 -33.22412 252.46570 -164.18958 -27.32094 NaN NaN NaN 30.92967 -118.61616 12.64796 -63.80773 -178.69276 -53.77568
42716 4.15300 NaN NaN NaN 154.14661 -84.92758 -33.22209 252.46010 -164.20157 -27.32461 NaN NaN NaN 30.92300 -118.61294 12.66892 -63.82208 -178.70625 -53.78014
42717 4.16133 NaN NaN NaN 154.15083 -84.91193 -33.22709 252.44254 -164.20230 -27.31131 NaN NaN NaN 30.90277 -118.62083 12.65728 -63.84754 -178.70854 -53.79234
42718 4.16966 NaN NaN NaN 154.15372 -84.91479 -33.24199 252.43657 -164.20985 -27.30781 NaN NaN NaN 30.89151 -118.66191 12.66022 -63.85152 -178.71443 -53.77674
42719 4.17799 NaN NaN NaN 154.12578 -84.92023 -33.21830 252.43695 -164.22118 -27.29843 NaN NaN NaN 30.88661 -118.65707 12.65840 -63.85163 -178.72334 -53.78341
42720 4.18632 NaN NaN NaN 154.12465 -84.94828 -33.21862 252.44397 -164.24687 -27.29797 NaN NaN NaN 30.87416 -118.66965 12.66175 -63.85498 -178.73158 -53.77540
42721 4.19466 NaN NaN NaN 154.12801 -84.96566 -33.22047 252.45529 -164.24573 -27.30120 NaN NaN NaN 30.86781 -118.67978 12.66621 -63.87904 -178.73100 -53.77351
42722 4.20299 NaN NaN NaN 154.14664 -84.96719 -33.22160 252.44215 -164.25560 -27.29798 NaN NaN NaN 30.85142 -118.70004 12.67272 -63.89323 -178.74335 -53.77407
42723 4.21132 NaN NaN NaN 154.13591 -84.98567 -33.21773 252.43219 -164.26503 -27.28842 NaN NaN NaN 30.84855 -118.70899 12.68471 -63.91002 -178.72287 -53.80943
42724 4.21965 NaN NaN NaN 154.12012 -84.97858 -33.22197 252.42226 -164.29140 -27.29169 NaN NaN NaN 30.81819 -118.72401 12.70116 -63.90940 -178.75343 -53.79799
42725 4.22798 NaN NaN NaN 154.15892 -84.95700 -33.22016 252.42795 -164.29251 -27.29142 NaN NaN NaN 30.79945 -118.75067 12.70577 -63.92581 -178.74570 -53.80666
42726 4.23631 NaN NaN NaN 154.14619 -84.98006 -33.23054 252.43132 -164.31596 -27.28568 NaN NaN NaN 30.79474 -118.77083 12.71921 -63.91909 -178.76559 -53.79085
42727 4.24464 NaN NaN NaN 154.12463 -84.99780 -33.23068 252.41708 -164.29167 -27.28446 NaN NaN NaN 30.77876 -118.81384 12.72721 -63.94173 -178.78729 -53.76836
42728 4.25297 NaN NaN NaN 154.12357 -85.00352 -33.21869 252.42685 -164.31232 -27.28303 NaN NaN NaN 30.76671 -118.81482 12.75311 -63.96046 -178.79427 -53.74960
42729 4.26131 NaN NaN NaN 154.13464 -84.98555 -33.20604 252.41553 -164.30055 -27.28395 NaN NaN NaN 30.75088 -118.84457 12.76402 -63.99138 -178.80228 -53.74682
42730 4.26964 NaN NaN NaN 154.16075 -84.96272 -33.21324 252.42981 -164.31686 -27.28561 NaN NaN NaN 30.73846 -118.86765 12.80108 -64.01106 -178.77986 -53.76534
42731 4.27797 NaN NaN NaN 154.16841 -84.95142 -33.20712 252.42427 -164.29681 -27.28793 NaN NaN NaN 30.71554 -118.89880 12.79683 -64.03818 -178.78833 -53.77658
42732 4.28630 NaN NaN NaN 154.13115 -84.99059 -33.22402 252.42831 -164.29816 -27.28049 NaN NaN NaN 30.69802 -118.90716 12.82368 -64.06387 -178.79373 -53.76004
42733 4.29463 NaN NaN NaN 154.11121 -85.01566 -33.22221 252.42027 -164.29059 -27.28662 NaN NaN NaN 30.66261 -118.97259 12.87782 -64.10119 -178.81021 -53.74603
42734 4.30296 NaN NaN NaN 154.13863 -84.99616 -33.21523 252.42349 -164.29654 -27.29121 NaN NaN NaN 30.64785 -119.00300 12.92099 -64.10458 -178.83905 -53.74584
42735 4.31129 NaN NaN NaN 154.11926 -85.01736 -33.22313 252.43353 -164.29179 -27.29793 NaN NaN NaN 30.63191 -119.03082 12.93046 -64.12545 -178.84720 -53.73635
42736 4.31962 NaN NaN NaN 154.17223 -84.96104 -33.22022 252.43727 -164.28932 -27.30276 NaN NaN NaN 30.60892 -119.01860 12.93377 -64.14220 -178.84563 -53.73893
42737 4.32796 NaN NaN NaN 154.13582 -84.99017 -33.24387 252.43810 -164.27594 -27.29335 NaN NaN NaN 30.59648 -119.01875 12.95425 -64.17181 -178.83638 -53.74501
42738 4.33629 NaN NaN NaN 154.15465 -84.96644 -33.22468 252.43817 -164.28465 -27.29660 NaN NaN NaN 30.58313 -119.00033 12.97232 -64.19740 -178.83243 -53.73986
42739 4.34462 NaN NaN NaN 154.14827 -84.93499 -33.21343 252.42059 -164.27039 -27.30310 NaN NaN NaN 30.56273 -118.99188 12.99409 -64.20987 -178.82150 -53.74637
42740 4.35295 NaN NaN NaN 154.15627 -84.90545 -33.21801 252.41470 -164.27155 -27.30322 NaN NaN NaN 30.53820 -119.00002 13.00092 -64.22389 -178.80470 -53.74997
42741 4.36128 NaN NaN NaN 154.15912 -84.88920 -33.20161 252.42336 -164.24976 -27.29502 NaN NaN NaN 30.51179 -118.98271 13.01351 -64.25240 -178.79431 -53.75100
42742 4.36961 NaN NaN NaN 154.13545 -84.92862 -33.19095 252.42583 -164.25328 -27.29338 NaN NaN NaN 30.47002 -118.96801 13.01819 -64.26842 -178.78415 -53.75518
42743 4.37794 NaN NaN NaN 154.14583 -84.91161 -33.18935 252.42130 -164.25340 -27.28158 NaN NaN NaN 30.46605 -118.96352 13.02040 -64.27690 -178.78804 -53.75726
42744 4.38627 NaN NaN NaN 154.17805 -84.89659 -33.15832 252.42151 -164.24490 -27.28282 NaN NaN NaN 30.46956 -118.97213 13.03345 -64.26373 -178.76913 -53.73285
42745 4.39461 NaN NaN NaN 154.16565 -84.87588 -33.13615 252.43503 -164.25595 -27.24136 NaN NaN NaN 30.46340 -118.97022 13.04811 -64.26926 -178.76778 -53.73625
42746 4.40294 NaN NaN NaN 154.17531 -84.85541 -33.12521 252.43425 -164.24968 -27.24844 NaN NaN NaN 30.45452 -118.98476 13.05460 -64.28052 -178.75015 -53.72632
42747 4.41127 NaN NaN NaN 154.19019 -84.82652 -33.11704 252.43390 -164.22989 -27.24009 NaN NaN NaN 30.42501 -118.99062 13.06034 -64.29974 -178.74419 -53.74209
42748 4.41960 NaN NaN NaN 154.19252 -84.82237 -33.10464 252.45021 -164.21043 -27.24360 NaN NaN NaN 30.42516 -118.98245 13.06705 -64.30420 -178.72501 -53.71484
42749 4.42793 NaN NaN NaN 154.20757 -84.82534 -33.13347 252.45639 -164.19936 -27.23653 NaN NaN NaN 30.42385 -118.97364 13.06833 -64.33252 -178.72763 -53.72294
42750 4.43626 NaN NaN NaN 154.21251 -84.80927 -33.12427 252.45511 -164.20567 -27.23347 NaN NaN NaN 30.38425 -118.98438 13.07394 -64.33846 -178.71957 -53.72182
42751 4.44459 NaN NaN NaN 154.18695 -84.84086 -33.10491 252.45999 -164.23122 -27.19017 NaN NaN NaN 30.34560 -118.98772 13.06917 -64.34911 -178.71645 -53.74562
42752 4.45293 NaN NaN NaN 154.20992 -84.83698 -33.08364 252.45831 -164.22969 -27.20819 NaN NaN NaN 30.35449 -119.01304 13.08807 -64.36234 -178.70068 -53.74494
42753 4.46126 NaN NaN NaN 154.22557 -84.83985 -33.08728 252.46954 -164.26717 -27.19064 NaN NaN NaN 30.34173 -119.04351 13.11698 -64.38022 -178.71222 -53.77547
42754 4.46959 NaN NaN NaN 154.24146 -84.82736 -33.05894 252.47870 -164.26848 -27.21655 NaN NaN NaN 30.30997 -119.05303 13.13293 -64.38448 -178.69621 -53.81805
42755 4.47792 NaN NaN NaN 154.24542 -84.85792 -33.05190 252.50632 -164.27963 -27.17689 NaN NaN NaN 30.28482 -119.08248 13.13727 -64.39951 -178.71288 -53.83676
42756 4.48625 NaN NaN NaN 154.24396 -84.91117 -33.02913 252.51405 -164.29114 -27.23101 NaN NaN NaN 30.26122 -119.09920 13.14058 -64.41241 -178.70738 -53.84558
42757 4.49458 NaN NaN NaN 154.24373 -84.94924 -33.02481 252.54057 -164.31042 -27.21199 NaN NaN NaN 30.25849 -119.09144 13.14266 -64.42628 -178.71425 -53.83923
42758 4.50291 NaN NaN NaN 154.24557 -84.98924 -33.00607 252.53548 -164.33350 -27.26053 NaN NaN NaN 30.26417 -119.10854 13.14295 -64.43513 -178.73264 -53.83448
42759 4.51124 NaN NaN NaN 154.26115 -85.02245 -32.97073 252.53822 -164.34407 -27.27430 NaN NaN NaN 30.24422 -119.11256 13.16583 -64.44552 -178.74414 -53.81924
42760 4.51958 NaN NaN NaN 154.26913 -85.05508 -32.96662 252.53830 -164.38554 -27.25716 NaN NaN NaN 30.21729 -119.13317 13.15428 -64.45878 -178.75008 -53.83145
42761 4.52791 NaN NaN NaN 154.26688 -85.07470 -32.94867 252.53868 -164.40808 -27.23553 NaN NaN NaN 30.18226 -119.17152 13.18167 -64.45732 -178.75751 -53.84857
42762 4.53624 NaN NaN NaN 154.26947 -85.08718 -32.95022 252.53316 -164.43867 -27.20109 NaN NaN NaN 30.18643 -119.21644 13.20091 -64.47351 -178.77571 -53.85384
42763 4.54457 NaN NaN NaN 154.27325 -85.08692 -32.93841 252.52592 -164.46658 -27.14149 NaN NaN NaN 30.17307 -119.24710 13.21595 -64.48813 -178.76917 -53.84800
42764 4.55290 NaN NaN NaN 154.26833 -85.08802 -32.93590 252.51401 -164.51004 -27.09995 NaN NaN NaN 30.15272 -119.28920 13.21762 -64.50512 -178.77988 -53.85507
42765 4.56123 NaN NaN NaN 154.24745 -85.11323 -32.89557 252.49965 -164.51624 -27.07772 NaN NaN NaN 30.13781 -119.30761 13.24693 -64.52420 -178.78674 -53.85475
42766 4.56956 NaN NaN NaN 154.22725 -85.16498 -32.86365 252.50078 -164.54761 -27.04077 NaN NaN NaN 30.08895 -119.31318 13.26848 -64.56063 -178.80557 -53.86460
42767 4.57789 NaN NaN NaN 154.22275 -85.20690 -32.83796 252.50597 -164.57272 -27.01089 NaN NaN NaN 30.06803 -119.32188 13.29494 -64.61232 -178.81908 -53.87243
42768 4.58623 NaN NaN NaN 154.20979 -85.24305 -32.82320 252.51358 -164.60428 -27.00525 NaN NaN NaN 30.03301 -119.38744 13.31792 -64.64108 -178.83443 -53.86404
42769 4.59456 NaN NaN NaN 154.23253 -85.29772 -32.80586 252.52129 -164.64565 -26.99077 NaN NaN NaN 29.97354 -119.42850 13.34480 -64.69153 -178.84256 -53.87173
42770 4.60289 NaN NaN NaN 154.23151 -85.34548 -32.77190 252.54298 -164.70802 -26.99212 NaN NaN NaN 29.92951 -119.52238 13.38549 -64.72345 -178.87498 -53.86525
42771 4.61122 NaN NaN NaN 154.23743 -85.38660 -32.74458 252.54974 -164.76668 -26.97362 NaN NaN NaN 29.85958 -119.57029 13.42305 -64.76048 -178.89662 -53.85647
42772 4.61955 NaN NaN NaN 154.21309 -85.46571 -32.73512 252.56721 -164.82224 -26.95902 NaN NaN NaN 29.82440 -119.60487 13.45617 -64.81030 -178.92427 -53.87549
42773 4.62788 NaN NaN NaN 154.21362 -85.52965 -32.69192 252.58319 -164.86430 -26.94893 NaN NaN NaN 29.77706 -119.63602 13.49344 -64.85287 -178.92531 -53.88796
42774 4.63621 NaN NaN NaN 154.19919 -85.55610 -32.67516 252.57347 -164.89616 -26.94253 NaN NaN NaN 29.74572 -119.69738 13.52309 -64.88924 -178.94452 -53.89783
42775 4.64455 NaN NaN NaN 154.23645 -85.55654 -32.65556 252.56044 -164.92572 -26.92756 NaN NaN NaN 29.68878 -119.73333 13.53549 -64.91698 -178.93144 -53.90382
42776 4.65288 NaN NaN NaN 154.24783 -85.55986 -32.65174 252.55896 -164.93845 -26.92815 NaN NaN NaN 29.66596 -119.75636 13.56186 -64.96831 -178.92548 -53.94221
42777 4.66121 NaN NaN NaN 154.24916 -85.59573 -32.64787 252.57784 -164.98494 -26.88907 NaN NaN NaN 29.63014 -119.74183 13.56710 -64.99194 -178.90987 -53.89875
42778 4.66954 NaN NaN NaN 154.24374 -85.62576 -32.63974 252.57555 -165.02135 -26.87327 NaN NaN NaN 29.58896 -119.74814 13.58809 -65.02223 -178.89972 -53.88849
42779 4.67787 NaN NaN NaN 154.25119 -85.67102 -32.62536 252.58743 -165.06189 -26.84205 NaN NaN NaN 29.54335 -119.79446 13.60373 -65.04514 -178.90202 -53.88113
42780 4.68620 NaN NaN NaN 154.26624 -85.73440 -32.62259 252.58069 -165.07347 -26.80401 NaN NaN NaN 29.50494 -119.83406 13.62254 -65.05422 -178.90924 -53.90101
42781 4.69453 NaN NaN NaN 154.29256 -85.74324 -32.62222 252.55934 -165.10870 -26.76634 NaN NaN NaN 29.46475 -119.86802 13.66758 -65.09036 -178.89886 -53.90033
42782 4.70286 NaN NaN NaN 154.29294 -85.73151 -32.65548 252.54907 -165.14598 -26.73231 NaN NaN NaN 29.44292 -119.90776 13.73115 -65.10866 -178.90550 -53.91496
42783 4.71120 NaN NaN NaN 154.28271 -85.75117 -32.69823 252.53926 -165.14679 -26.68782 NaN NaN NaN 29.38594 -119.91903 13.79607 -65.15776 -178.91318 -53.89999
42784 4.71953 NaN NaN NaN 154.26181 -85.76154 -32.74092 252.51546 -165.16599 -26.63212 NaN NaN NaN 29.33987 -119.96595 13.84247 -65.19788 -178.92664 -53.92938
42785 4.72786 NaN NaN NaN 154.24469 -85.78677 -32.82668 252.49709 -165.16719 -26.58083 NaN NaN NaN 29.28059 -119.98408 13.89654 -65.24688 -178.93034 -53.91979
42786 4.73619 NaN NaN NaN 154.27823 -85.81545 -32.88052 252.49734 -165.18610 -26.54557 NaN NaN NaN 29.22878 -120.04011 13.96372 -65.31541 -178.90942 -53.99825
42787 4.74452 NaN NaN NaN 154.31059 -85.83714 -32.94054 252.49808 -165.22527 -26.48172 NaN NaN NaN 29.13474 -120.12256 14.04764 -65.37193 -178.89555 -54.06505
42788 4.75285 NaN NaN NaN 154.33681 -85.87072 -33.00254 252.50427 -165.23357 -26.43920 NaN NaN NaN 29.02721 -120.20712 14.16381 -65.38036 -178.87450 -54.12487
42789 4.76118 NaN NaN NaN 154.34125 -85.92428 -33.07397 252.52673 -165.26094 -26.39764 NaN NaN NaN 28.91428 -120.31208 14.25574 -65.40315 -178.87386 -54.16876
42790 4.76951 NaN NaN NaN 154.36465 -85.98031 -33.12476 252.55704 -165.29076 -26.34262 NaN NaN NaN 28.80242 -120.43252 14.46252 -65.41064 -178.86739 -54.19122
42791 4.77785 NaN NaN NaN 154.36668 -86.08022 -33.16646 252.57060 -165.30360 -26.30380 NaN NaN NaN 28.68838 -120.47407 14.68738 -65.44411 -178.85835 -54.18295
