Frame# Time LH1 LH2 LH3 RH1 RH2 RH3
X54 Y54 Z54 X55 Y55 Z55 X56 Y56 Z56 X57 Y57 Z57 X58 Y58 Z58 X59 Y59 Z59
31481 0.00248 NaN NaN NaN 187.47139 -166.00229 18.07215 278.76733 -194.81100 -64.44859 NaN NaN NaN 65.24413 -159.56013 1.04025 -14.69549 -196.69968 -94.98060
31482 0.01081 NaN NaN NaN 187.65907 -165.96249 18.08516 278.85019 -194.79715 -64.48548 NaN NaN NaN 65.10526 -159.67874 1.07052 -14.83195 -196.81430 -94.97641
31483 0.01914 NaN NaN NaN 187.87056 -165.95273 18.13449 278.90256 -194.77786 -64.55505 NaN NaN NaN 64.96712 -159.77261 1.16558 -14.94486 -196.91330 -94.96246
31484 0.02747 NaN NaN NaN 188.12781 -165.97722 18.20004 278.99750 -194.74414 -64.67135 NaN NaN NaN 64.79729 -159.86182 1.22223 -15.03382 -196.97469 -95.00904
31485 0.03580 NaN NaN NaN 188.42305 -166.00017 18.29421 279.12357 -194.64290 -64.76006 NaN NaN NaN 64.63322 -159.99361 1.27990 -15.08132 -197.00812 -95.09138
31486 0.04413 NaN NaN NaN 188.71803 -165.99553 18.37149 279.24783 -194.54216 -64.90752 NaN NaN NaN 64.50002 -160.12054 1.32137 -15.10709 -196.99722 -95.13929
31487 0.05246 NaN NaN NaN 189.05466 -166.04906 18.49130 279.44534 -194.34785 -65.10497 NaN NaN NaN 64.38411 -160.18526 1.38161 -15.13936 -196.98134 -95.17326
31488 0.06080 NaN NaN NaN 189.33759 -166.01337 18.58592 279.52072 -194.41902 -65.22311 NaN NaN NaN 64.29762 -160.23323 1.38871 -15.13615 -196.95760 -95.17969
31489 0.06913 NaN NaN NaN 189.61113 -165.98570 18.63037 279.59622 -194.40640 -65.35889 NaN NaN NaN 64.21658 -160.24998 1.45792 -15.18047 -196.94688 -95.22327
31490 0.07746 NaN NaN NaN 189.82703 -165.94087 18.66607 279.66656 -194.37576 -65.50076 NaN NaN NaN 64.18595 -160.26599 1.45986 -15.17337 -196.91064 -95.24964
31491 0.08579 NaN NaN NaN 190.00589 -165.84943 18.66651 279.77283 -194.29198 -65.62291 NaN NaN NaN 64.17768 -160.23740 1.42023 -15.20876 -196.86717 -95.27771
31492 0.09412 NaN NaN NaN 190.17253 -165.73393 18.68426 279.83426 -194.20801 -65.74396 NaN NaN NaN 64.17670 -160.18185 1.38039 -15.22116 -196.77748 -95.33709
31493 0.10245 NaN NaN NaN 190.23085 -165.62308 18.65948 279.87543 -194.09381 -65.79056 NaN NaN NaN 64.17896 -160.11366 1.33903 -15.24040 -196.69124 -95.38366
31494 0.11078 NaN NaN NaN 190.24020 -165.47163 18.59827 279.89142 -194.01764 -65.83607 NaN NaN NaN 64.18123 -160.05135 1.31444 -15.24603 -196.58394 -95.42680
31495 0.11911 NaN NaN NaN 190.20573 -165.26826 18.49047 279.89218 -194.01826 -65.82115 NaN NaN NaN 64.20026 -160.02429 1.27731 -15.26898 -196.49081 -95.47111
31496 0.12745 NaN NaN NaN 190.13422 -165.00655 18.38670 279.89108 -194.07828 -65.73241 NaN NaN NaN 64.22467 -159.98177 1.22364 -15.29161 -196.41830 -95.44308
31497 0.13578 NaN NaN NaN 190.02991 -164.74753 18.22404 279.89224 -194.14186 -65.67114 NaN NaN NaN 64.24635 -159.92448 1.13932 -15.36863 -196.37225 -95.42794
31498 0.14411 NaN NaN NaN 189.93129 -164.48909 18.08233 279.89127 -194.24892 -65.53985 NaN NaN NaN 64.26643 -159.86685 1.05089 -15.50075 -196.38538 -95.36176
31499 0.15244 NaN NaN NaN 189.77614 -164.16280 17.92660 279.86646 -194.38977 -65.29620 NaN NaN NaN 64.26382 -159.81192 0.95728 -15.62927 -196.36159 -95.31540
31500 0.16077 NaN NaN NaN 189.57005 -163.83467 17.72814 279.88953 -194.34196 -65.09160 NaN NaN NaN 64.24242 -159.74014 0.83623 -15.76527 -196.32977 -95.29853
31501 0.16910 NaN NaN NaN 189.37971 -163.59557 17.55207 279.92035 -194.31960 -64.94504 NaN NaN NaN 64.22351 -159.68585 0.76674 -15.92322 -196.30620 -95.25554
31502 0.17743 NaN NaN NaN 189.16553 -163.23418 17.40385 279.88574 -194.50514 -64.72974 NaN NaN NaN 64.21505 -159.62729 0.69292 -16.06733 -196.29605 -95.19609
31503 0.18576 NaN NaN NaN 188.97159 -162.94708 17.26694 279.87225 -194.61948 -64.56862 NaN NaN NaN 64.25414 -159.56670 0.61807 -16.19079 -196.31326 -95.11183
31504 0.19410 NaN NaN NaN 188.80060 -162.65273 17.15362 279.84711 -194.70561 -64.38143 NaN NaN NaN 64.27479 -159.50490 0.55024 -16.37064 -196.34662 -94.99532
31505 0.20243 NaN NaN NaN 188.66547 -162.31631 17.04318 279.82925 -194.70201 -64.23877 NaN NaN NaN 64.33807 -159.42046 0.45431 -16.52179 -196.38177 -94.84875
31506 0.21076 NaN NaN NaN 188.56868 -162.01195 16.93724 279.89536 -194.40463 -64.12794 NaN NaN NaN 64.41090 -159.35780 0.32643 -16.66117 -196.44243 -94.71374
31507 0.21909 NaN NaN NaN 188.43568 -161.70056 16.82797 279.87769 -194.40289 -63.91521 NaN NaN NaN 64.48103 -159.30083 0.22860 -16.81471 -196.51831 -94.62215
31508 0.22742 NaN NaN NaN 188.34129 -161.41801 16.74406 279.89261 -194.40523 -63.77701 NaN NaN NaN 64.55128 -159.26979 0.16125 -16.93184 -196.57773 -94.53655
31509 0.23575 NaN NaN NaN 188.24289 -161.14552 16.63296 279.89160 -194.46773 -63.66530 NaN NaN NaN 64.61462 -159.21883 0.09883 -17.02146 -196.63878 -94.45386
31510 0.24408 NaN NaN NaN 188.17039 -160.85023 16.52009 279.90787 -194.51247 -63.55539 NaN NaN NaN 64.66188 -159.19933 0.01289 -17.08017 -196.70911 -94.40134
31511 0.25242 NaN NaN NaN 188.06355 -160.58452 16.36276 279.91006 -194.53653 -63.42312 NaN NaN NaN 64.73670 -159.19966 -0.06272 -17.15221 -196.76526 -94.33994
31512 0.26075 NaN NaN NaN 187.94936 -160.30402 16.27572 279.94183 -194.51343 -63.31410 NaN NaN NaN 64.80132 -159.17645 -0.15665 -17.20837 -196.82729 -94.30053
31513 0.26908 NaN NaN NaN 187.80701 -160.05455 16.15533 279.93179 -194.50092 -63.19083 NaN NaN NaN 64.83544 -159.14091 -0.28003 -17.26237 -196.90753 -94.24548
31514 0.27741 NaN NaN NaN 187.65431 -159.86067 16.03440 279.91357 -194.50485 -63.03142 NaN NaN NaN 64.86475 -159.16560 -0.33148 -17.31773 -196.94547 -94.21345
31515 0.28574 NaN NaN NaN 187.52834 -159.68602 15.88901 279.91415 -194.52029 -62.92527 NaN NaN NaN 64.90179 -159.17607 -0.36390 -17.38376 -196.98651 -94.19760
31516 0.29407 NaN NaN NaN 187.41264 -159.51436 15.78099 279.90970 -194.51768 -62.79256 NaN NaN NaN 64.90068 -159.24416 -0.38683 -17.44507 -197.02782 -94.17776
31517 0.30240 NaN NaN NaN 187.26387 -159.33347 15.70397 279.93295 -194.41498 -62.66195 NaN NaN NaN 64.88998 -159.28743 -0.42939 -17.53296 -197.11165 -94.08848
31518 0.31073 NaN NaN NaN 187.18852 -159.16034 15.62437 279.93365 -194.41830 -62.55581 NaN NaN NaN 64.89324 -159.33440 -0.45405 -17.64039 -197.21822 -94.01093
31519 0.31907 NaN NaN NaN 187.04871 -158.98022 15.52469 279.94458 -194.41202 -62.46377 NaN NaN NaN 64.90367 -159.35695 -0.47256 -17.73528 -197.30981 -93.91780
31520 0.32740 NaN NaN NaN 186.92096 -158.79500 15.41634 279.95169 -194.39584 -62.37445 NaN NaN NaN 64.90926 -159.36696 -0.47358 -17.88907 -197.40845 -93.79964
31521 0.33573 NaN NaN NaN 186.80701 -158.60643 15.29278 279.95282 -194.36877 -62.31795 NaN NaN NaN 64.87826 -159.35146 -0.46124 -18.02421 -197.55237 -93.61382
31522 0.34406 NaN NaN NaN 186.69543 -158.43077 15.12923 279.92612 -194.34712 -62.20297 NaN NaN NaN 64.84613 -159.38771 -0.42921 -18.17551 -197.69611 -93.41576
31523 0.35239 NaN NaN NaN 186.57994 -158.22760 15.01952 279.90103 -194.32820 -62.12671 NaN NaN NaN 64.82032 -159.40993 -0.42047 -18.27077 -197.84404 -93.21758
31524 0.36072 NaN NaN NaN 186.46188 -158.03947 14.95109 279.89221 -194.32120 -62.04496 NaN NaN NaN 64.80644 -159.47415 -0.38452 -18.44168 -197.96297 -93.04102
31525 0.36905 NaN NaN NaN 186.37286 -157.86620 14.88519 279.88751 -194.34555 -61.96675 NaN NaN NaN 64.79705 -159.48653 -0.35736 -18.64395 -198.13135 -92.82536
31526 0.37738 NaN NaN NaN 186.31265 -157.66664 14.81499 279.88144 -194.29137 -61.87426 NaN NaN NaN 64.78269 -159.52229 -0.33242 -18.85428 -198.32230 -92.54732
31527 0.38572 NaN NaN NaN 186.23346 -157.45325 14.75832 279.89200 -194.26213 -61.76632 NaN NaN NaN 64.78063 -159.52164 -0.30441 -19.05593 -198.53880 -92.22253
31528 0.39405 NaN NaN NaN 186.17726 -157.26649 14.69930 279.86050 -194.23436 -61.65972 NaN NaN NaN 64.79608 -159.51474 -0.29784 -19.30800 -198.80688 -91.87588
31529 0.40238 NaN NaN NaN 186.14255 -157.05647 14.64083 279.85837 -194.17363 -61.51982 NaN NaN NaN 64.82242 -159.49182 -0.30828 -19.56779 -199.10701 -91.54739
31530 0.41071 NaN NaN NaN 186.11484 -156.83299 14.57838 279.87064 -194.12177 -61.43824 NaN NaN NaN 64.88748 -159.47127 -0.30715 -19.84450 -199.40454 -91.13237
31531 0.41904 NaN NaN NaN 186.14055 -156.63942 14.54553 279.92178 -194.10852 -61.37727 NaN NaN NaN 64.96107 -159.43155 -0.37245 -20.12394 -199.69766 -90.57783
31532 0.42737 NaN NaN NaN 186.17999 -156.43149 14.49209 279.98367 -194.09879 -61.34311 NaN NaN NaN 65.09555 -159.35207 -0.43920 -20.47009 -200.02052 -90.04496
31533 0.43570 NaN NaN NaN 186.25900 -156.25204 14.45381 280.03323 -194.10646 -61.33412 NaN NaN NaN 65.21306 -159.21754 -0.55937 -20.86841 -200.36992 -89.47515
31534 0.44404 NaN NaN NaN 186.34779 -156.09993 14.41474 280.08966 -194.13417 -61.31948 NaN NaN NaN 65.32861 -159.11549 -0.67674 -21.27259 -200.73128 -88.89751
31535 0.45237 NaN NaN NaN 186.46048 -155.93735 14.40111 280.14410 -194.15723 -61.33455 NaN NaN NaN 65.43561 -159.02113 -0.85586 -21.66459 -201.14232 -88.25835
31536 0.46070 NaN NaN NaN 186.61925 -155.81876 14.37797 280.20135 -194.14861 -61.36044 NaN NaN NaN 65.53094 -158.91061 -1.02768 -22.08120 -201.56592 -87.65326
31537 0.46903 NaN NaN NaN 186.74846 -155.78018 14.39853 280.28351 -194.12654 -61.44976 NaN NaN NaN 65.62147 -158.84634 -1.13791 -22.49754 -201.98726 -86.99028
31538 0.47736 NaN NaN NaN 186.89412 -155.74782 14.39830 280.33487 -194.10930 -61.51483 NaN NaN NaN 65.72813 -158.76711 -1.27121 -22.92346 -202.37183 -86.41048
31539 0.48569 NaN NaN NaN 186.99854 -155.71997 14.41109 280.38141 -194.09364 -61.58566 NaN NaN NaN 65.80769 -158.68471 -1.43192 -23.32031 -202.75955 -85.77892
31540 0.49402 NaN NaN NaN 187.11185 -155.73076 14.43451 280.41476 -194.14290 -61.70323 NaN NaN NaN 65.87650 -158.59222 -1.59231 -23.74598 -203.14372 -85.18970
31541 0.50235 NaN NaN NaN 187.22589 -155.74190 14.46784 280.41446 -194.22182 -61.82809 NaN NaN NaN 65.92287 -158.47998 -1.76849 -24.14159 -203.49698 -84.63447
31542 0.51069 NaN NaN NaN 187.35124 -155.75832 14.51110 280.41171 -194.24361 -61.87553 NaN NaN NaN 65.95845 -158.41405 -1.87788 -24.52058 -203.86626 -84.11680
31543 0.51902 NaN NaN NaN 187.40509 -155.77260 14.54031 280.40353 -194.24425 -61.87750 NaN NaN NaN 65.98750 -158.42090 -1.95342 -24.84594 -204.20042 -83.64978
31544 0.52735 NaN NaN NaN 187.42772 -155.75311 14.56894 280.38989 -194.20847 -61.90966 NaN NaN NaN 66.00107 -158.41495 -2.00303 -25.12506 -204.49449 -83.16210
31545 0.53568 NaN NaN NaN 187.45329 -155.72098 14.58011 280.38480 -194.19305 -61.91497 NaN NaN NaN 65.98864 -158.44638 -2.02930 -25.39815 -204.72578 -82.79526
31546 0.54401 NaN NaN NaN 187.47061 -155.69362 14.57785 280.36920 -194.15837 -61.94756 NaN NaN NaN 65.95924 -158.45981 -2.07077 -25.63949 -204.92085 -82.46072
31547 0.55234 NaN NaN NaN 187.46814 -155.67766 14.56646 280.33481 -194.13249 -61.96989 NaN NaN NaN 65.90411 -158.48495 -2.02701 -25.90486 -205.15083 -82.12300
31548 0.56067 NaN NaN NaN 187.45801 -155.63391 14.55824 280.33380 -194.11725 -61.98381 NaN NaN NaN 65.78191 -158.55869 -1.97904 -26.15238 -205.37701 -81.82314
31549 0.56900 NaN NaN NaN 187.44810 -155.61017 14.54428 280.32736 -194.11462 -61.98045 NaN NaN NaN 65.70296 -158.61931 -1.88876 -26.37258 -205.56348 -81.53474
31550 0.57734 NaN NaN NaN 187.44305 -155.56070 14.53145 280.33258 -194.12569 -61.97525 NaN NaN NaN 65.57101 -158.73796 -1.78497 -26.56790 -205.74168 -81.32335
31551 0.58567 NaN NaN NaN 187.44623 -155.50299 14.51115 280.32904 -194.13403 -61.97004 NaN NaN NaN 65.42914 -158.85927 -1.63136 -26.74390 -205.90424 -81.09053
31552 0.59400 NaN NaN NaN 187.45631 -155.46489 14.49830 280.32751 -194.12302 -61.99928 NaN NaN NaN 65.23138 -159.03287 -1.47404 -26.95196 -206.06268 -80.89751
31553 0.60233 NaN NaN NaN 187.49295 -155.43425 14.47513 280.32544 -194.11659 -62.00377 NaN NaN NaN 65.01826 -159.20772 -1.32022 -27.12634 -206.19753 -80.75642
31554 0.61066 NaN NaN NaN 187.52992 -155.43712 14.49588 280.33514 -194.09674 -62.04324 NaN NaN NaN 64.79939 -159.43607 -1.16214 -27.33598 -206.32684 -80.61066
31555 0.61899 NaN NaN NaN 187.56494 -155.41281 14.51975 280.35764 -194.10875 -62.05441 NaN NaN NaN 64.61876 -159.58363 -0.99489 -27.54210 -206.46587 -80.48029
31556 0.62732 NaN NaN NaN 187.61084 -155.41095 14.53288 280.36081 -194.09920 -62.08682 NaN NaN NaN 64.41696 -159.75679 -0.85404 -27.75874 -206.56670 -80.29311
31557 0.63565 NaN NaN NaN 187.65009 -155.39203 14.54559 280.37805 -194.09581 -62.08822 NaN NaN NaN 64.25968 -159.85341 -0.72473 -27.96230 -206.72568 -80.08342
31558 0.64399 NaN NaN NaN 187.71591 -155.40288 14.57172 280.37012 -194.10382 -62.12533 NaN NaN NaN 64.12540 -159.95171 -0.62252 -28.18160 -206.87935 -79.85874
31559 0.65232 NaN NaN NaN 187.79793 -155.41774 14.57799 280.40524 -194.13065 -62.18111 NaN NaN NaN 64.06533 -160.07182 -0.53549 -28.41212 -207.08850 -79.58787
31560 0.66065 NaN NaN NaN 187.85826 -155.38913 14.59285 280.41342 -194.14182 -62.19874 NaN NaN NaN 63.97607 -160.14420 -0.47446 -28.66965 -207.29921 -79.31901
31561 0.66898 NaN NaN NaN 187.88116 -155.36075 14.59369 280.43228 -194.14697 -62.21680 NaN NaN NaN 63.87041 -160.19353 -0.41686 -28.88163 -207.50966 -79.09058
31562 0.67731 NaN NaN NaN 187.88132 -155.33492 14.58049 280.42780 -194.12990 -62.20464 NaN NaN NaN 63.75373 -160.27158 -0.36675 -29.07336 -207.67628 -78.77577
31563 0.68564 NaN NaN NaN 187.88095 -155.29240 14.55863 280.42969 -194.14133 -62.21215 NaN NaN NaN 63.64653 -160.34717 -0.30120 -29.28381 -207.87390 -78.45763
31564 0.69397 NaN NaN NaN 187.86752 -155.23534 14.51829 280.41321 -194.16167 -62.19848 NaN NaN NaN 63.57080 -160.45131 -0.24181 -29.50232 -208.11247 -78.15885
31565 0.70231 NaN NaN NaN 187.85104 -155.16710 14.46729 280.42477 -194.16377 -62.18991 NaN NaN NaN 63.49012 -160.55554 -0.17887 -29.74660 -208.32497 -77.83055
31566 0.71064 NaN NaN NaN 187.82266 -155.10439 14.40398 280.41953 -194.19676 -62.15962 NaN NaN NaN 63.41924 -160.68611 -0.08522 -30.01185 -208.57277 -77.44474
31567 0.71897 NaN NaN NaN 187.73512 -155.02968 14.32481 280.42206 -194.19594 -62.10445 NaN NaN NaN 63.31243 -160.83751 0.01252 -30.31973 -208.90216 -77.07341
31568 0.72730 NaN NaN NaN 187.62221 -154.93663 14.23635 280.42392 -194.21542 -62.08885 NaN NaN NaN 63.17726 -161.01286 0.07018 -30.60368 -209.21498 -76.74480
31569 0.73563 NaN NaN NaN 187.55060 -154.86575 14.13950 280.40955 -194.22676 -62.06879 NaN NaN NaN 63.07975 -161.20551 0.08953 -30.91066 -209.51370 -76.37279
31570 0.74396 NaN NaN NaN 187.49330 -154.76871 14.08027 280.37912 -194.27486 -62.04485 NaN NaN NaN 62.97997 -161.41727 0.10909 -31.24777 -209.82416 -75.94702
31571 0.75229 NaN NaN NaN 187.38693 -154.67361 14.04014 280.33990 -194.30147 -61.91910 NaN NaN NaN 62.86435 -161.63544 0.12082 -31.62697 -210.16536 -75.54748
31572 0.76062 NaN NaN NaN 187.24791 -154.50363 13.93862 280.31332 -194.32539 -61.82027 NaN NaN NaN 62.70616 -161.89255 0.15917 -32.01963 -210.54468 -75.18265
31573 0.76896 NaN NaN NaN 187.07376 -154.32309 13.82196 280.27289 -194.24252 -61.64237 NaN NaN NaN 62.48656 -162.17926 0.20179 -32.42935 -210.92087 -74.83709
31574 0.77729 NaN NaN NaN 186.86398 -154.04611 13.68204 280.19220 -194.21416 -61.49570 NaN NaN NaN 62.27318 -162.51219 0.29475 -32.81844 -211.25700 -74.48206
31575 0.78562 NaN NaN NaN 186.64281 -153.77129 13.48186 280.12024 -194.19614 -61.36006 NaN NaN NaN 62.00595 -162.86652 0.39739 -33.23970 -211.59561 -74.15596
31576 0.79395 NaN NaN NaN 186.37303 -153.49536 13.27780 280.05222 -194.17165 -61.21676 NaN NaN NaN 61.70026 -163.24574 0.57831 -33.67474 -211.93053 -73.84265
31577 0.80228 NaN NaN NaN 186.04967 -153.20848 13.03639 279.94751 -194.14159 -61.08043 NaN NaN NaN 61.29711 -163.68349 0.82293 -34.12647 -212.29698 -73.62478
31578 0.81061 NaN NaN NaN 185.68163 -152.81334 12.71696 279.87097 -194.13266 -60.85686 NaN NaN NaN 60.82305 -164.18088 1.11284 -34.55626 -212.63007 -73.50939
31579 0.81894 NaN NaN NaN 185.20828 -152.32466 12.37143 279.72507 -194.10136 -60.58678 NaN NaN NaN 60.24332 -164.80663 1.48438 -35.03825 -212.97845 -73.47655
31580 0.82727 NaN NaN NaN 184.68657 -151.79199 11.91423 279.60153 -193.97371 -60.20467 NaN NaN NaN 59.59489 -165.48982 1.92774 -35.48346 -213.27370 -73.47563
31581 0.83561 NaN NaN NaN 184.11398 -151.19968 11.36206 279.45016 -193.86678 -59.87294 NaN NaN NaN 58.95465 -166.19580 2.38261 -35.98629 -213.52126 -73.50719
31582 0.84394 NaN NaN NaN 183.49826 -150.55069 10.81213 279.32666 -193.71089 -59.39157 NaN NaN NaN 58.30132 -166.90764 2.79241 -36.51889 -213.76054 -73.54887
31583 0.85227 NaN NaN NaN 182.82988 -149.77750 10.19961 279.24765 -193.59981 -58.87323 NaN NaN NaN 57.59000 -167.60892 3.14998 -37.05574 -213.99928 -73.69791
31584 0.86060 NaN NaN NaN 182.18542 -148.95908 9.61125 279.14090 -193.50368 -58.25525 NaN NaN NaN 56.79740 -168.38348 3.50415 -37.68016 -214.24345 -73.81002
31585 0.86893 NaN NaN NaN 181.61800 -148.16995 9.08572 279.09494 -193.42325 -57.67432 NaN NaN NaN 55.80750 -169.27373 4.04450 -38.44379 -214.47487 -74.00483
31586 0.87726 NaN NaN NaN 181.06807 -147.45598 8.48887 279.03769 -193.35822 -57.05014 NaN NaN NaN 54.55884 -170.42242 4.85916 -39.23252 -214.64491 -74.32971
31587 0.88559 NaN NaN NaN 180.51717 -146.68925 7.92238 278.98294 -193.27132 -56.41516 NaN NaN NaN 53.04079 -171.82950 5.80403 -40.09254 -214.77864 -74.87507
31588 0.89393 NaN NaN NaN 179.91727 -145.85669 7.32772 278.85236 -193.09900 -55.70734 NaN NaN NaN 51.28997 -173.36626 6.89133 -40.97806 -214.93507 -75.44282
31589 0.90226 NaN NaN NaN 179.26347 -144.98428 6.72654 278.72348 -192.90819 -54.97752 NaN NaN NaN 49.36732 -174.92038 8.09676 -41.90344 -215.09100 -76.04214
31590 0.91059 NaN NaN NaN 178.63504 -144.16666 6.07985 278.60190 -192.77689 -54.29596 NaN NaN NaN 47.26518 -176.56409 9.31537 -42.80851 -215.27956 -76.68636
31591 0.91892 NaN NaN NaN 177.98642 -143.37943 5.39945 278.46371 -192.65622 -53.57023 NaN NaN NaN 45.00870 -178.26579 10.73855 -43.63258 -215.39963 -77.43172
31592 0.92725 NaN NaN NaN 177.28842 -142.56963 4.61777 278.28519 -192.49640 -52.83984 NaN NaN NaN 42.53518 -180.01675 12.29319 -44.37754 -215.50014 -78.27728
31593 0.93558 NaN NaN NaN 176.49692 -141.72173 3.76968 278.05621 -192.30849 -52.00935 NaN NaN NaN 39.84611 -181.88834 13.97494 -45.04449 -215.61740 -79.35000
31594 0.94391 NaN NaN NaN 175.56418 -140.77977 2.80494 277.78949 -192.14526 -51.04620 NaN NaN NaN 36.89361 -183.89932 15.69882 -45.45685 -215.66310 -80.52461
31595 0.95224 NaN NaN NaN 174.45621 -139.71037 1.71669 277.42014 -191.91508 -49.95185 NaN NaN NaN 33.81040 -185.87537 17.38416 -45.55091 -215.29404 -81.86983
31596 0.96058 NaN NaN NaN 173.25067 -138.53674 0.42065 276.98239 -191.67947 -48.74990 NaN NaN NaN 30.71776 -187.78423 19.07436 -45.53185 -214.83438 -83.28780
31597 0.96891 NaN NaN NaN 171.87973 -137.34512 -1.08912 276.45563 -191.40349 -47.39235 NaN NaN NaN 27.59809 -189.65121 20.63401 -45.45543 -214.31902 -84.55466
31598 0.97724 NaN NaN NaN 170.46368 -136.05045 -2.76481 275.81543 -191.12358 -45.93582 NaN NaN NaN 24.51847 -191.34435 22.09888 -45.32470 -213.92517 -85.73849
31599 0.98557 NaN NaN NaN 169.02325 -134.73599 -4.53345 275.11472 -190.76219 -44.41445 NaN NaN NaN 21.44866 -192.94650 23.48076 -45.14392 -213.53775 -86.80037
31600 0.99390 NaN NaN NaN 167.52777 -133.37076 -6.36830 274.35660 -190.35477 -42.92674 NaN NaN NaN 18.45974 -194.41467 24.82386 -44.90271 -213.25444 -87.67167
31601 1.00223 NaN NaN NaN 166.10080 -132.03516 -8.17373 273.54144 -189.87131 -41.51007 NaN NaN NaN 15.51436 -195.81577 26.02307 -44.68565 -212.99150 -88.40776
31602 1.01056 NaN NaN NaN 164.72003 -130.66200 -9.93156 272.66525 -189.39629 -40.13085 NaN NaN NaN 12.62194 -197.07846 27.13227 -44.58701 -212.77711 -89.02438
31603 1.01889 NaN NaN NaN 163.40227 -129.42645 -11.72036 271.71112 -188.85777 -38.72168 NaN NaN NaN 9.84016 -198.13792 28.15131 -44.55681 -212.58647 -89.45720
31604 1.02723 NaN NaN NaN 162.14780 -128.30821 -13.44558 270.74973 -188.29532 -37.35863 NaN NaN NaN 7.28918 -199.04311 29.04198 -44.72968 -212.47832 -89.79263
31605 1.03556 NaN NaN NaN 160.99097 -127.16799 -15.15182 269.82669 -187.78479 -35.91040 NaN NaN NaN 4.96530 -199.83968 29.80149 -45.10852 -212.42319 -89.93745
31606 1.04389 NaN NaN NaN 159.89850 -126.08873 -16.73042 268.86304 -187.20891 -34.54503 NaN NaN NaN 2.88475 -200.52698 30.53169 -45.52375 -212.48524 -89.99692
31607 1.05222 NaN NaN NaN 158.87659 -124.98148 -18.12872 267.94095 -186.66742 -33.29213 NaN NaN NaN 0.85395 -201.16214 31.13762 -46.02221 -212.55644 -89.97678
31608 1.06055 NaN NaN NaN 157.94933 -123.70157 -19.42668 267.07602 -186.13409 -32.09007 NaN NaN NaN -1.13445 -201.79529 31.73267 -46.52139 -212.63573 -90.03200
31609 1.06888 NaN NaN NaN 157.10985 -122.57794 -20.60749 266.31445 -185.71686 -30.98051 NaN NaN NaN -3.07941 -202.44406 32.19300 -46.96733 -212.67374 -90.18005
31610 1.07721 NaN NaN NaN 156.43893 -121.71822 -21.55980 265.62161 -185.36028 -30.10239 NaN NaN NaN -4.99898 -203.11308 32.56111 -47.33105 -212.56166 -90.36255
31611 1.08555 NaN NaN NaN 155.88885 -121.05935 -22.32187 264.99149 -185.03964 -29.36559 NaN NaN NaN -6.88487 -203.78009 32.86658 -47.62668 -212.40974 -90.67245
31612 1.09388 NaN NaN NaN 155.45241 -120.48911 -23.04883 264.45758 -184.74025 -28.78866 NaN NaN NaN -8.66370 -204.45638 33.07901 -47.85878 -212.26254 -91.02946
31613 1.10221 NaN NaN NaN 155.08122 -120.09628 -23.54741 263.99805 -184.47830 -28.33450 NaN NaN NaN -10.38120 -205.16585 33.21048 -47.97626 -211.99895 -91.46172
31614 1.11054 NaN NaN NaN 154.80769 -119.78610 -23.95479 263.61807 -184.23857 -27.82292 NaN NaN NaN -11.99090 -205.82936 33.30680 -48.01677 -211.77887 -91.82809
31615 1.11887 NaN NaN NaN 154.48299 -119.90823 -24.28605 263.34106 -184.04857 -27.41188 NaN NaN NaN -13.45306 -206.38721 33.39260 -47.98023 -211.62085 -92.21353
31616 1.12720 NaN NaN NaN 154.30453 -120.00439 -24.53940 263.10126 -183.95753 -27.00413 NaN NaN NaN -14.69699 -206.91306 33.38862 -47.82520 -211.39748 -92.68331
31617 1.13553 NaN NaN NaN 154.18034 -120.02004 -24.68847 262.95425 -183.92969 -26.76959 NaN NaN NaN -15.82569 -207.37634 33.35365 -47.53402 -211.13321 -93.08659
31618 1.14386 NaN NaN NaN 154.16737 -119.99429 -24.71867 262.89478 -183.97688 -26.59871 NaN NaN NaN -16.81347 -207.80286 33.26073 -47.11242 -210.84566 -93.50600
31619 1.15220 NaN NaN NaN 154.19960 -119.97316 -24.63922 262.86810 -184.03130 -26.53174 NaN NaN NaN -17.68063 -208.17955 33.10413 -46.57034 -210.59067 -93.97916
31620 1.16053 NaN NaN NaN 154.28941 -120.00443 -24.41243 262.87253 -184.08762 -26.53075 NaN NaN NaN -18.47065 -208.50839 32.98434 -45.95068 -210.29547 -94.41909
31621 1.16886 NaN NaN NaN 154.36113 -120.09443 -24.20937 262.89563 -184.11697 -26.59094 NaN NaN NaN -19.19037 -208.77499 32.93682 -45.25793 -209.99866 -94.80710
31622 1.17719 NaN NaN NaN 154.50595 -120.22617 -24.08072 262.94489 -184.21022 -26.54982 NaN NaN NaN -19.76327 -209.02107 32.83733 -44.53587 -209.67902 -95.14548
31623 1.18552 NaN NaN NaN 154.64656 -120.24604 -23.95411 263.01709 -184.32117 -26.59502 NaN NaN NaN -20.16622 -209.22612 32.72569 -43.92143 -209.42950 -95.45571
31624 1.19385 NaN NaN NaN 154.85159 -119.54858 -24.06876 263.06812 -184.43701 -26.55494 NaN NaN NaN -20.45560 -209.37318 32.60683 -43.37300 -209.24207 -95.68584
31625 1.20218 NaN NaN NaN 154.79420 -119.62611 -24.06643 263.02820 -184.51984 -26.40341 NaN NaN NaN -20.67952 -209.50168 32.49069 -42.89457 -209.09090 -95.96412
31626 1.21051 NaN NaN NaN 154.74332 -119.62429 -24.07934 262.90033 -184.57333 -26.12590 NaN NaN NaN -20.83865 -209.61346 32.34877 -42.51500 -208.95700 -96.18105
31627 1.21885 NaN NaN NaN 154.60185 -119.57047 -24.34364 262.69589 -184.55276 -25.81216 NaN NaN NaN -20.94288 -209.68048 32.21026 -42.22937 -208.85277 -96.41387
31628 1.22718 NaN NaN NaN 154.36592 -119.43701 -24.71785 262.41013 -184.42122 -25.58416 NaN NaN NaN -20.91289 -209.71286 32.06922 -42.00211 -208.73502 -96.58297
31629 1.23551 NaN NaN NaN 154.02321 -119.04011 -25.25272 262.06833 -184.29704 -25.38877 NaN NaN NaN -20.72842 -209.71672 31.91405 -41.87224 -208.64565 -96.71686
31630 1.24384 NaN NaN NaN 153.71082 -118.53997 -25.90348 261.67297 -184.09808 -25.24189 NaN NaN NaN -20.36283 -209.62730 31.78332 -41.85321 -208.66296 -96.79057
31631 1.25217 NaN NaN NaN 153.46506 -117.91443 -26.67414 261.25723 -183.89497 -25.12711 NaN NaN NaN -19.86736 -209.49539 31.69473 -41.90982 -208.73157 -96.82528
31632 1.26050 NaN NaN NaN 153.43222 -117.41213 -27.56611 260.82346 -183.66905 -24.91896 NaN NaN NaN -19.29638 -209.29349 31.60802 -42.01527 -208.82231 -96.80460
31633 1.26883 NaN NaN NaN 153.29924 -116.93045 -28.34627 260.45969 -183.48660 -24.73837 NaN NaN NaN -18.60536 -209.06972 31.54424 -42.16426 -208.92473 -96.70657
31634 1.27716 NaN NaN NaN 153.26126 -116.22255 -29.14146 260.12531 -183.35744 -24.55392 NaN NaN NaN -17.87780 -208.80614 31.49510 -42.30114 -209.09702 -96.59727
31635 1.28550 NaN NaN NaN 153.14055 -115.54165 -29.61066 259.90298 -183.30307 -24.33093 NaN NaN NaN -17.17187 -208.53499 31.43376 -42.37062 -209.11674 -96.39453
31636 1.29383 NaN NaN NaN 152.99411 -114.98508 -29.88738 259.75491 -183.25883 -24.11950 NaN NaN NaN -16.51020 -208.28049 31.39270 -42.38688 -209.21996 -96.32206
31637 1.30216 NaN NaN NaN 152.92934 -114.58669 -29.89772 259.62048 -183.22693 -23.86914 NaN NaN NaN -15.81860 -208.03795 31.36260 -42.31350 -209.27756 -96.23242
31638 1.31049 NaN NaN NaN 153.11285 -114.46229 -29.72306 259.52112 -183.28358 -23.58800 NaN NaN NaN -15.01848 -207.67345 31.34857 -42.16642 -209.19934 -96.10040
31639 1.31882 NaN NaN NaN 153.25294 -114.39908 -29.66763 259.36856 -183.29173 -23.32034 NaN NaN NaN -14.09986 -207.23802 31.35031 -42.06432 -209.21745 -96.00326
31640 1.32715 NaN NaN NaN 153.31485 -114.33022 -29.70710 259.16226 -183.20026 -22.96289 NaN NaN NaN -13.01087 -206.67575 31.27354 -41.88359 -209.12611 -95.82662
31641 1.33548 NaN NaN NaN 153.20479 -114.14471 -29.85048 258.95978 -183.09343 -22.59426 NaN NaN NaN -11.72713 -205.97290 31.16638 -41.78034 -209.17473 -95.62700
31642 1.34382 NaN NaN NaN 153.13399 -113.76579 -30.02262 258.71973 -182.93959 -22.22023 NaN NaN NaN -10.32307 -205.13409 31.09596 -41.62916 -209.11734 -95.34441
31643 1.35215 NaN NaN NaN 153.01372 -113.28524 -30.29715 258.41498 -182.81882 -21.89514 NaN NaN NaN -8.83152 -204.20944 30.98210 -41.48866 -209.12807 -95.07110
31644 1.36048 NaN NaN NaN 152.89619 -112.81217 -30.55781 258.10950 -182.66460 -21.63212 NaN NaN NaN -7.31182 -203.25429 30.93724 -41.28447 -209.16495 -94.76559
31645 1.36881 NaN NaN NaN 152.76849 -112.40746 -30.87982 257.78116 -182.53674 -21.29711 NaN NaN NaN -5.81741 -202.32224 30.84187 -40.98236 -209.12968 -94.48362
31646 1.37714 NaN NaN NaN 152.68248 -112.05298 -31.14099 257.43115 -182.38963 -21.00780 NaN NaN NaN -4.35510 -201.42288 30.72744 -40.58725 -209.03217 -94.25543
31647 1.38547 NaN NaN NaN 152.49065 -111.74856 -31.54492 257.09229 -182.26717 -20.82168 NaN NaN NaN -2.91388 -200.54257 30.59783 -40.14706 -208.91750 -94.09304
31648 1.39380 NaN NaN NaN 152.40581 -111.45304 -31.81553 256.72260 -182.08528 -20.67292 NaN NaN NaN -1.49195 -199.64177 30.41606 -39.72009 -208.79218 -93.90848
31649 1.40213 NaN NaN NaN 152.33009 -111.06681 -32.09177 256.36218 -181.93587 -20.46821 NaN NaN NaN -0.09243 -198.78458 30.21128 -39.19341 -208.66367 -93.72881
31650 1.41047 NaN NaN NaN 152.26207 -110.78136 -32.44968 256.00095 -181.82399 -20.28053 NaN NaN NaN 1.21553 -197.93112 30.02878 -38.64297 -208.66687 -93.64451
31651 1.41880 NaN NaN NaN 152.13542 -110.50272 -32.83512 255.64821 -181.71008 -20.00590 NaN NaN NaN 2.42913 -197.12236 29.76295 -37.96231 -208.46153 -93.65186
31652 1.42713 NaN NaN NaN 152.03439 -110.16223 -33.05591 255.32660 -181.64885 -19.78585 NaN NaN NaN 3.59494 -196.41782 29.44258 -37.21095 -208.08417 -93.75552
31653 1.43546 NaN NaN NaN 151.90996 -109.79961 -33.18460 254.97783 -181.58824 -19.63157 NaN NaN NaN 4.67372 -195.75107 29.14793 -36.45303 -207.59735 -93.89719
31654 1.44379 NaN NaN NaN 151.80626 -109.48643 -33.35646 254.66185 -181.50066 -19.52161 NaN NaN NaN 5.72349 -195.08430 28.89995 -35.68114 -207.11105 -94.05608
31655 1.45212 NaN NaN NaN 151.68065 -109.23457 -33.53921 254.34727 -181.40718 -19.47184 NaN NaN NaN 6.71255 -194.49443 28.67388 -34.87885 -206.63904 -94.28330
31656 1.46045 NaN NaN NaN 151.46365 -109.04384 -34.00104 254.04782 -181.29451 -19.48148 NaN NaN NaN 7.55776 -193.91515 28.41713 -34.15953 -206.25658 -94.48698
31657 1.46878 NaN NaN NaN 151.30617 -108.85183 -34.31684 253.80525 -181.15488 -19.51810 NaN NaN NaN 8.29365 -193.39381 28.11729 -33.45562 -205.83702 -94.70362
31658 1.47712 NaN NaN NaN 151.19574 -108.52949 -34.39572 253.62724 -181.06696 -19.61495 NaN NaN NaN 8.95286 -192.96289 27.90012 -32.83172 -205.44940 -94.90143
31659 1.48545 NaN NaN NaN 151.11922 -108.35864 -34.45122 253.54349 -181.04204 -19.72508 NaN NaN NaN 9.48622 -192.63666 27.70212 -32.27476 -205.07600 -95.12416
31660 1.49378 NaN NaN NaN 151.14639 -108.30372 -34.35857 253.56189 -181.09950 -19.84856 NaN NaN NaN 9.94169 -192.32965 27.51697 -31.81343 -204.82326 -95.33463
31661 1.50211 NaN NaN NaN 151.16985 -108.59551 -34.33140 253.66757 -181.18896 -19.99739 NaN NaN NaN 10.27721 -192.15756 27.34780 -31.45175 -204.62415 -95.49368
31662 1.51044 NaN NaN NaN 151.25848 -108.88461 -34.10763 253.82469 -181.29893 -20.16560 NaN NaN NaN 10.50416 -192.10771 27.24924 -31.18656 -204.45221 -95.63450
31663 1.51877 NaN NaN NaN 151.28905 -109.19547 -33.68155 254.02518 -181.47496 -20.32413 NaN NaN NaN 10.61423 -192.11674 27.12869 -31.09761 -204.41695 -95.78716
31664 1.52710 NaN NaN NaN 151.34775 -109.53130 -33.38910 254.23921 -181.64459 -20.54096 NaN NaN NaN 10.68083 -192.20546 26.99545 -31.10397 -204.38771 -95.89973
31665 1.53544 NaN NaN NaN 151.35709 -109.87050 -33.18687 254.47508 -181.87636 -20.77457 NaN NaN NaN 10.67409 -192.30353 26.86668 -31.18806 -204.43581 -95.98042
31666 1.54377 NaN NaN NaN 151.41907 -110.17527 -32.96646 254.70021 -182.06778 -20.94199 NaN NaN NaN 10.59437 -192.41937 26.78420 -31.34727 -204.54230 -96.02479
31667 1.55210 NaN NaN NaN 151.49596 -110.44814 -32.75417 254.91978 -182.27107 -21.11416 NaN NaN NaN 10.48252 -192.60130 26.71361 -31.51560 -204.66443 -96.04314
31668 1.56043 NaN NaN NaN 151.54626 -110.55556 -32.63224 255.08519 -182.42238 -21.27819 NaN NaN NaN 10.35064 -192.77957 26.65995 -31.72803 -204.82780 -96.08360
31669 1.56876 NaN NaN NaN 151.58977 -110.74638 -32.47633 255.19821 -182.52054 -21.45768 NaN NaN NaN 10.24035 -192.96686 26.62000 -32.02523 -205.02138 -96.12581
31670 1.57709 NaN NaN NaN 151.62822 -110.89087 -32.40513 255.28909 -182.62941 -21.57037 NaN NaN NaN 10.12672 -193.17346 26.57233 -32.26534 -205.20935 -96.11201
31671 1.58542 NaN NaN NaN 151.65210 -111.00393 -32.31702 255.33374 -182.70477 -21.66104 NaN NaN NaN 9.91809 -193.40465 26.53575 -32.51923 -205.40164 -96.13255
31672 1.59375 NaN NaN NaN 151.67030 -111.05400 -32.26650 255.37547 -182.82207 -21.78077 NaN NaN NaN 9.73517 -193.67744 26.53658 -32.71550 -205.54274 -96.13327
31673 1.60209 NaN NaN NaN 151.66492 -111.02683 -32.12066 255.37863 -182.88692 -21.90073 NaN NaN NaN 9.49989 -193.96695 26.56232 -32.89346 -205.68878 -96.13076
31674 1.61042 NaN NaN NaN 151.67778 -111.00009 -31.98792 255.40305 -182.96825 -22.03046 NaN NaN NaN 9.28110 -194.26572 26.58485 -33.01704 -205.80434 -96.15408
31675 1.61875 NaN NaN NaN 151.81635 -111.05503 -31.71620 255.41714 -183.01509 -22.13667 NaN NaN NaN 9.07057 -194.49760 26.58535 -33.17448 -205.89604 -96.17518
31676 1.62708 NaN NaN NaN 151.86145 -111.05744 -31.59461 255.44598 -183.06522 -22.25519 NaN NaN NaN 8.86438 -194.71933 26.60106 -33.32891 -205.99463 -96.20398
31677 1.63541 NaN NaN NaN 151.92143 -111.03984 -31.30344 255.49350 -183.11118 -22.34145 NaN NaN NaN 8.71901 -194.88098 26.62366 -33.49325 -206.05515 -96.20591
31678 1.64374 NaN NaN NaN 152.02118 -111.12646 -31.00830 255.58832 -183.18918 -22.47506 NaN NaN NaN 8.62029 -195.00067 26.64390 -33.63178 -206.23167 -96.20046
31679 1.65207 NaN NaN NaN 152.12897 -111.24260 -30.82992 255.71791 -183.27399 -22.56917 NaN NaN NaN 8.57397 -195.09280 26.64537 -33.71481 -206.29688 -96.21417
31680 1.66040 NaN NaN NaN 152.23268 -111.38001 -30.64812 255.88913 -183.37303 -22.64344 NaN NaN NaN 8.57117 -195.16895 26.62576 -33.76955 -206.37047 -96.20555
31681 1.66874 NaN NaN NaN 152.33540 -111.46248 -30.44251 255.98830 -183.42891 -22.71538 NaN NaN NaN 8.50484 -195.26857 26.54472 -33.77715 -206.39087 -96.27271
31682 1.67707 NaN NaN NaN 152.40479 -111.53700 -30.30314 256.10822 -183.52293 -22.83600 NaN NaN NaN 8.36728 -195.43816 26.47394 -33.72640 -206.34422 -96.39913
31683 1.68540 NaN NaN NaN 152.48155 -111.56576 -30.27688 256.22726 -183.58690 -22.95928 NaN NaN NaN 8.21767 -195.63051 26.44158 -33.59450 -206.22585 -96.54701
31684 1.69373 NaN NaN NaN 152.50867 -111.58456 -30.28507 256.30505 -183.61066 -22.99649 NaN NaN NaN 8.07454 -195.80495 26.39487 -33.49236 -206.09399 -96.70303
31685 1.70206 NaN NaN NaN 152.53410 -111.55880 -30.30720 256.34021 -183.62051 -23.03405 NaN NaN NaN 7.96742 -195.93970 26.32042 -33.42037 -206.03113 -96.82832
31686 1.71039 NaN NaN NaN 152.52197 -111.56403 -30.35327 256.33759 -183.62727 -23.03185 NaN NaN NaN 7.92008 -196.02644 26.29124 -33.39247 -206.02611 -96.88921
31687 1.71872 NaN NaN NaN 152.52809 -111.56953 -30.41049 256.31525 -183.61363 -23.02423 NaN NaN NaN 7.92861 -196.08725 26.28825 -33.42065 -206.06834 -96.91508
31688 1.72706 NaN NaN NaN 152.51456 -111.54918 -30.46361 256.29086 -183.59857 -22.98470 NaN NaN NaN 7.97872 -196.10403 26.26332 -33.47626 -206.14146 -96.88947
31689 1.73539 NaN NaN NaN 152.48228 -111.53706 -30.48786 256.25491 -183.57964 -22.97027 NaN NaN NaN 8.05538 -196.12978 26.23782 -33.52380 -206.20598 -96.82715
31690 1.74372 NaN NaN NaN 152.47281 -111.51589 -30.48717 256.22504 -183.57922 -22.94139 NaN NaN NaN 8.12738 -196.13387 26.22221 -33.57311 -206.24548 -96.77479
31691 1.75205 NaN NaN NaN 152.42734 -111.45864 -30.49356 256.18259 -183.57648 -22.94127 NaN NaN NaN 8.19908 -196.10663 26.20241 -33.64508 -206.28963 -96.74396
31692 1.76038 NaN NaN NaN 152.42482 -111.44740 -30.46281 256.16650 -183.58444 -22.92414 NaN NaN NaN 8.22885 -196.08391 26.18959 -33.74111 -206.30530 -96.68488
31693 1.76871 NaN NaN NaN 152.43761 -111.43178 -30.42146 256.16125 -183.58263 -22.94449 NaN NaN NaN 8.24045 -196.11440 26.17976 -33.81051 -206.33270 -96.68562
31694 1.77704 NaN NaN NaN 152.46660 -111.46314 -30.27660 256.21988 -183.61392 -22.94232 NaN NaN NaN 8.22010 -196.21255 26.12962 -33.85076 -206.32631 -96.71261
31695 1.78537 NaN NaN NaN 152.46716 -111.49249 -30.15588 256.24051 -183.62537 -22.96307 NaN NaN NaN 8.19781 -196.32738 26.09679 -33.87983 -206.32477 -96.84104
31696 1.79371 NaN NaN NaN 152.50174 -111.55881 -30.07519 256.29587 -183.66292 -22.96738 NaN NaN NaN 8.13264 -196.40816 26.01390 -33.89521 -206.30502 -96.97418
31697 1.80204 NaN NaN NaN 152.53423 -111.58409 -29.94584 256.37143 -183.70782 -23.02770 NaN NaN NaN 8.12321 -196.49078 25.96344 -33.95375 -206.29924 -97.04971
31698 1.81037 NaN NaN NaN 152.61818 -111.59713 -29.80262 256.43591 -183.76071 -23.04375 NaN NaN NaN 8.11651 -196.57335 25.90277 -34.02290 -206.33986 -97.08127
31699 1.81870 NaN NaN NaN 152.64703 -111.66354 -29.65636 256.49084 -183.79704 -23.06253 NaN NaN NaN 8.10731 -196.61726 25.84059 -34.11997 -206.38600 -97.08981
31700 1.82703 NaN NaN NaN 152.70317 -111.72886 -29.55824 256.55701 -183.85023 -23.08962 NaN NaN NaN 8.12352 -196.68393 25.77817 -34.20696 -206.42567 -97.11750
31701 1.83536 NaN NaN NaN 152.74899 -111.82373 -29.45400 256.63565 -183.88191 -23.11855 NaN NaN NaN 8.18488 -196.73421 25.69988 -34.33020 -206.48761 -97.14350
31702 1.84369 NaN NaN NaN 152.80356 -111.86591 -29.36233 256.69751 -183.93912 -23.13935 NaN NaN NaN 8.28785 -196.75784 25.59695 -34.52327 -206.59395 -97.09243
31703 1.85202 NaN NaN NaN 152.82521 -111.87555 -29.25567 256.72708 -183.98451 -23.15188 NaN NaN NaN 8.49094 -196.70651 25.49197 -34.71777 -206.72981 -97.03457
31704 1.86036 NaN NaN NaN 152.83557 -111.89404 -29.21528 256.73969 -184.01381 -23.16131 NaN NaN NaN 8.68167 -196.68190 25.39795 -34.84893 -206.86206 -96.96204
31705 1.86869 NaN NaN NaN 152.81996 -111.91958 -29.21225 256.73615 -184.01619 -23.15347 NaN NaN NaN 8.83732 -196.62698 25.31490 -34.97640 -207.00443 -96.91438
31706 1.87702 NaN NaN NaN 152.83783 -111.93763 -29.21525 256.74414 -184.02725 -23.14138 NaN NaN NaN 8.96290 -196.59137 25.24115 -35.07727 -207.09035 -96.92419
31707 1.88535 NaN NaN NaN 152.85957 -111.86134 -29.19580 256.73126 -184.01979 -23.13181 NaN NaN NaN 9.03120 -196.62224 25.15921 -35.15065 -207.16037 -97.00808
31708 1.89368 NaN NaN NaN 152.82150 -111.86852 -29.20878 256.71051 -184.01373 -23.11609 NaN NaN NaN 9.01433 -196.69525 25.12644 -35.12761 -207.11346 -97.08903
31709 1.90201 NaN NaN NaN 152.79756 -111.87393 -29.19378 256.67978 -183.99666 -23.09869 NaN NaN NaN 8.95441 -196.83066 25.08825 -35.06118 -207.08298 -97.20327
31710 1.91034 NaN NaN NaN 152.79759 -111.84291 -29.16926 256.66052 -183.98932 -23.07357 NaN NaN NaN 8.91471 -196.93213 25.06343 -35.01381 -207.00690 -97.29018
31711 1.91867 NaN NaN NaN 152.74394 -111.86320 -29.16650 256.65366 -183.98856 -23.06844 NaN NaN NaN 8.88558 -196.98988 25.03313 -34.97840 -206.93314 -97.37573
31712 1.92701 NaN NaN NaN 152.76447 -111.86140 -29.14047 256.65442 -183.98807 -23.07427 NaN NaN NaN 8.88686 -197.01991 24.98286 -34.96114 -206.89429 -97.42641
31713 1.93534 NaN NaN NaN 152.75041 -111.87794 -29.14346 256.64899 -183.99654 -23.07977 NaN NaN NaN 8.89369 -197.06007 24.92270 -34.94347 -206.90369 -97.48010
31714 1.94367 NaN NaN NaN 152.74109 -111.92834 -29.15052 256.64386 -184.01048 -23.06992 NaN NaN NaN 8.88125 -197.09276 24.86779 -34.92284 -206.92708 -97.51231
31715 1.95200 NaN NaN NaN 152.73300 -111.91655 -29.17854 256.62936 -184.02066 -23.06469 NaN NaN NaN 8.87889 -197.10826 24.77788 -34.94727 -206.94334 -97.52547
31716 1.96033 NaN NaN NaN 152.72897 -111.93369 -29.20303 256.61948 -184.00365 -23.04943 NaN NaN NaN 8.90862 -197.09418 24.72481 -34.96500 -206.94476 -97.54243
31717 1.96866 NaN NaN NaN 152.70598 -111.91051 -29.20626 256.61304 -184.01373 -23.04804 NaN NaN NaN 8.94961 -197.06737 24.69837 -35.02950 -206.94957 -97.54060
31718 1.97699 NaN NaN NaN 152.71227 -111.90998 -29.22860 256.60446 -184.01236 -23.04287 NaN NaN NaN 9.04430 -197.04939 24.68758 -35.09325 -206.95366 -97.53577
31719 1.98533 NaN NaN NaN 152.69423 -111.91195 -29.20974 256.59583 -184.02580 -23.03664 NaN NaN NaN 9.18196 -197.00366 24.69906 -35.20448 -207.03545 -97.45863
31720 1.99366 NaN NaN NaN 152.71507 -111.91888 -29.19982 256.59991 -184.02667 -23.03587 NaN NaN NaN 9.31966 -196.97794 24.68016 -35.29976 -207.12839 -97.37553
31721 2.00199 NaN NaN NaN 152.69807 -111.92317 -29.18750 256.61456 -184.04147 -23.02896 NaN NaN NaN 9.46500 -196.88834 24.63745 -35.38569 -207.18546 -97.28915
31722 2.01032 NaN NaN NaN 152.72574 -111.94465 -29.15443 256.61920 -184.05209 -23.03466 NaN NaN NaN 9.67104 -196.75172 24.59105 -35.50933 -207.29399 -97.19775
31723 2.01865 NaN NaN NaN 152.73865 -111.96782 -29.11541 256.63583 -184.07791 -23.03088 NaN NaN NaN 9.86288 -196.61960 24.56999 -35.62484 -207.36719 -97.11457
31724 2.02698 NaN NaN NaN 152.78354 -111.97147 -29.07884 256.66861 -184.09564 -23.03294 NaN NaN NaN 10.10527 -196.47122 24.54957 -35.76310 -207.48044 -96.98709
31725 2.03531 NaN NaN NaN 152.82449 -111.91911 -29.06074 256.68781 -184.10910 -23.04369 NaN NaN NaN 10.41177 -196.33954 24.48835 -35.91622 -207.54405 -96.77293
31726 2.04364 NaN NaN NaN 152.86113 -111.93264 -29.03298 256.72134 -184.12747 -23.06658 NaN NaN NaN 10.70984 -196.16013 24.44724 -36.04063 -207.67026 -96.61565
31727 2.05198 NaN NaN NaN 152.84987 -111.95000 -29.00942 256.72702 -184.12842 -23.07859 NaN NaN NaN 11.01622 -195.99913 24.40447 -36.18209 -207.78554 -96.48273
31728 2.06031 NaN NaN NaN 152.85818 -111.99603 -28.97946 256.74652 -184.14439 -23.09663 NaN NaN NaN 11.31695 -195.82954 24.37202 -36.31768 -207.92229 -96.30116
31729 2.06864 NaN NaN NaN 152.86093 -112.00704 -28.93703 256.76340 -184.15831 -23.10892 NaN NaN NaN 11.61626 -195.67743 24.33673 -36.41790 -208.05484 -96.14805
31730 2.07697 NaN NaN NaN 152.88786 -112.04653 -28.91796 256.77533 -184.17496 -23.12451 NaN NaN NaN 11.88342 -195.53331 24.29920 -36.54079 -208.19702 -95.97049
31731 2.08530 NaN NaN NaN 152.87582 -112.04706 -28.89605 256.77118 -184.18916 -23.13504 NaN NaN NaN 12.16864 -195.38791 24.23882 -36.65127 -208.28058 -95.84789
31732 2.09363 NaN NaN NaN 152.88441 -112.04552 -28.89568 256.78012 -184.20016 -23.16801 NaN NaN NaN 12.41925 -195.26117 24.20213 -36.78767 -208.37634 -95.73324
31733 2.10196 NaN NaN NaN 152.88521 -112.05109 -28.87745 256.77576 -184.22969 -23.18020 NaN NaN NaN 12.70838 -195.14006 24.16800 -36.90064 -208.43544 -95.64278
31734 2.11029 NaN NaN NaN 152.86621 -112.12207 -28.87209 256.79761 -184.26379 -23.19158 NaN NaN NaN 12.98241 -195.00417 24.11452 -36.97184 -208.46933 -95.52468
31735 2.11863 NaN NaN NaN 152.84607 -112.15710 -28.86157 256.79172 -184.28113 -23.20795 NaN NaN NaN 13.21563 -194.91389 24.07550 -37.04675 -208.53378 -95.39043
31736 2.12696 NaN NaN NaN 152.91187 -112.12463 -28.83436 256.81180 -184.31276 -23.23559 NaN NaN NaN 13.42685 -194.87202 24.02747 -37.07712 -208.58638 -95.29928
31737 2.13529 NaN NaN NaN 152.91481 -112.16191 -28.80297 256.83121 -184.34355 -23.28325 NaN NaN NaN 13.58085 -194.82921 23.99054 -37.07153 -208.61795 -95.28938
31738 2.14362 NaN NaN NaN 152.93774 -112.13393 -28.74858 256.85226 -184.36337 -23.30920 NaN NaN NaN 13.69672 -194.78735 23.94168 -37.05972 -208.60449 -95.29162
31739 2.15195 NaN NaN NaN 152.94398 -112.12378 -28.72534 256.85513 -184.36252 -23.31934 NaN NaN NaN 13.82305 -194.80293 23.90128 -37.06748 -208.59944 -95.30135
31740 2.16028 NaN NaN NaN 152.95444 -112.13689 -28.69125 256.85986 -184.35684 -23.32329 NaN NaN NaN 13.94163 -194.83357 23.84265 -37.09239 -208.59068 -95.28256
31741 2.16861 NaN NaN NaN 152.95209 -112.14927 -28.67571 256.86066 -184.37372 -23.35553 NaN NaN NaN 14.05044 -194.84070 23.80434 -37.16584 -208.61211 -95.27277
31742 2.17695 NaN NaN NaN 152.93298 -112.21288 -28.62302 256.86856 -184.37157 -23.36455 NaN NaN NaN 14.17351 -194.81291 23.75795 -37.20517 -208.64412 -95.24347
31743 2.18528 NaN NaN NaN 152.92651 -112.24181 -28.60364 256.85266 -184.36705 -23.39425 NaN NaN NaN 14.28370 -194.75929 23.68833 -37.29507 -208.70888 -95.18488
31744 2.19361 NaN NaN NaN 152.92488 -112.23136 -28.59861 256.84674 -184.35034 -23.38375 NaN NaN NaN 14.40199 -194.70676 23.63294 -37.34018 -208.73717 -95.15234
31745 2.20194 NaN NaN NaN 152.92487 -112.21714 -28.60960 256.83557 -184.35887 -23.39166 NaN NaN NaN 14.50410 -194.65863 23.56771 -37.34958 -208.74571 -95.15280
31746 2.21027 NaN NaN NaN 152.95087 -112.21461 -28.57569 256.82669 -184.38799 -23.39376 NaN NaN NaN 14.57979 -194.66463 23.52844 -37.32087 -208.73952 -95.17164
31747 2.21860 NaN NaN NaN 152.95525 -112.21577 -28.54706 256.82724 -184.39357 -23.40694 NaN NaN NaN 14.61390 -194.69812 23.49844 -37.24192 -208.68980 -95.23037
31748 2.22693 NaN NaN NaN 152.94157 -112.20775 -28.53008 256.83014 -184.42645 -23.39950 NaN NaN NaN 14.65214 -194.73508 23.47208 -37.20715 -208.62154 -95.28401
31749 2.23526 NaN NaN NaN 152.93373 -112.20771 -28.50207 256.82584 -184.42519 -23.41549 NaN NaN NaN 14.67123 -194.76526 23.44505 -37.15187 -208.58051 -95.31819
31750 2.24360 NaN NaN NaN 152.95364 -112.20323 -28.49520 256.83398 -184.44101 -23.41308 NaN NaN NaN 14.69506 -194.78174 23.42459 -37.09461 -208.53374 -95.34892
31751 2.25193 NaN NaN NaN 152.95950 -112.22781 -28.47742 256.83337 -184.45114 -23.42920 NaN NaN NaN 14.72540 -194.78708 23.39912 -37.04140 -208.47870 -95.38167
31752 2.26026 NaN NaN NaN 152.99240 -112.25790 -28.45094 256.85541 -184.48079 -23.43872 NaN NaN NaN 14.78609 -194.78989 23.37716 -37.01272 -208.44638 -95.43016
31753 2.26859 NaN NaN NaN 152.98029 -112.27525 -28.43967 256.84906 -184.47522 -23.44067 NaN NaN NaN 14.84981 -194.76559 23.33496 -36.98454 -208.43843 -95.48526
31754 2.27692 NaN NaN NaN 152.98808 -112.28690 -28.42256 256.85168 -184.50314 -23.43121 NaN NaN NaN 14.91298 -194.73462 23.31473 -36.94691 -208.41179 -95.46795
31755 2.28525 NaN NaN NaN 152.99998 -112.26202 -28.42290 256.84540 -184.48895 -23.41968 NaN NaN NaN 14.98749 -194.72424 23.29504 -36.90503 -208.38680 -95.50876
31756 2.29358 NaN NaN NaN 153.00154 -112.25948 -28.42991 256.85156 -184.51117 -23.41691 NaN NaN NaN 15.04304 -194.70444 23.27693 -36.87297 -208.37572 -95.54452
31757 2.30191 NaN NaN NaN 152.99019 -112.27747 -28.42884 256.85080 -184.51051 -23.42248 NaN NaN NaN 15.07460 -194.69202 23.23571 -36.82570 -208.34497 -95.59987
31758 2.31025 NaN NaN NaN 152.98607 -112.29655 -28.40767 256.85870 -184.53311 -23.43158 NaN NaN NaN 15.13426 -194.66275 23.19495 -36.75655 -208.32394 -95.63435
31759 2.31858 NaN NaN NaN 153.01274 -112.28859 -28.38861 256.85162 -184.51875 -23.42676 NaN NaN NaN 15.19312 -194.68292 23.13690 -36.68541 -208.26096 -95.69391
31760 2.32691 NaN NaN NaN 153.01485 -112.31882 -28.38281 256.87018 -184.54744 -23.44356 NaN NaN NaN 15.23256 -194.70117 23.05230 -36.59552 -208.18600 -95.77276
31761 2.33524 NaN NaN NaN 153.03384 -112.29037 -28.33739 256.87366 -184.54967 -23.47362 NaN NaN NaN 15.26943 -194.73604 23.01114 -36.55357 -208.17113 -95.82728
31762 2.34357 NaN NaN NaN 153.07153 -112.28028 -28.31101 256.89178 -184.57912 -23.50717 NaN NaN NaN 15.28104 -194.77951 22.98460 -36.48975 -208.16664 -95.89828
31763 2.35190 NaN NaN NaN 153.04633 -112.28496 -28.29655 256.89740 -184.59305 -23.52807 NaN NaN NaN 15.28801 -194.82140 22.95724 -36.42948 -208.15274 -95.95622
31764 2.36023 NaN NaN NaN 153.07350 -112.30301 -28.23053 256.91437 -184.62711 -23.56018 NaN NaN NaN 15.29977 -194.87035 22.93152 -36.35640 -208.10747 -96.01936
31765 2.36857 NaN NaN NaN 153.09035 -112.31004 -28.16352 256.93396 -184.63083 -23.63885 NaN NaN NaN 15.27551 -194.92064 22.90664 -36.32655 -208.08215 -96.06923
31766 2.37690 NaN NaN NaN 153.12692 -112.31247 -28.08459 256.95773 -184.64038 -23.68259 NaN NaN NaN 15.20375 -194.95847 22.89953 -36.31803 -208.07068 -96.11966
31767 2.38523 NaN NaN NaN 153.11035 -112.39803 -27.98959 256.99109 -184.67111 -23.76175 NaN NaN NaN 15.09360 -195.05275 22.92684 -36.33212 -208.03943 -96.18645
31768 2.39356 NaN NaN NaN 153.13974 -112.44547 -27.94650 257.04642 -184.70084 -23.83897 NaN NaN NaN 14.95135 -195.17456 22.95399 -36.35102 -208.01498 -96.23679
31769 2.40189 NaN NaN NaN 153.18636 -112.48059 -27.91498 257.09207 -184.72562 -23.87173 NaN NaN NaN 14.81192 -195.30342 22.97010 -36.35820 -207.99976 -96.28386
31770 2.41022 NaN NaN NaN 153.24414 -112.46564 -27.87320 257.11053 -184.76106 -23.89358 NaN NaN NaN 14.65635 -195.39166 22.96242 -36.35194 -207.97870 -96.35090
31771 2.41855 NaN NaN NaN 153.27727 -112.48093 -27.83937 257.12347 -184.79858 -23.90788 NaN NaN NaN 14.50779 -195.47426 22.96119 -36.34509 -207.95180 -96.39303
31772 2.42688 NaN NaN NaN 153.31027 -112.46230 -27.78744 257.14536 -184.84225 -23.92356 NaN NaN NaN 14.39600 -195.56451 22.98061 -36.34868 -207.94682 -96.43063
31773 2.43522 NaN NaN NaN 153.31627 -112.48725 -27.71684 257.16412 -184.86781 -23.95150 NaN NaN NaN 14.30927 -195.65773 23.00380 -36.34837 -207.96590 -96.44994
31774 2.44355 NaN NaN NaN 153.32710 -112.50315 -27.65967 257.19458 -184.87883 -23.98607 NaN NaN NaN 14.19955 -195.72284 23.00281 -36.33286 -207.94421 -96.49073
31775 2.45188 NaN NaN NaN 153.32555 -112.57294 -27.58763 257.20844 -184.88860 -24.02097 NaN NaN NaN 14.10582 -195.73106 23.01333 -36.30997 -207.92955 -96.52680
31776 2.46021 NaN NaN NaN 153.32309 -112.62715 -27.51328 257.22336 -184.90056 -24.06471 NaN NaN NaN 14.00248 -195.79312 23.01443 -36.30514 -207.93405 -96.57627
31777 2.46854 NaN NaN NaN 153.31711 -112.67494 -27.39905 257.24640 -184.93816 -24.11349 NaN NaN NaN 13.88937 -195.86688 23.00970 -36.31194 -207.94153 -96.62851
31778 2.47687 NaN NaN NaN 153.35179 -112.68121 -27.33573 257.27484 -184.96823 -24.16639 NaN NaN NaN 13.77484 -195.90318 23.02779 -36.32178 -207.93245 -96.68697
31779 2.48520 NaN NaN NaN 153.38910 -112.67559 -27.20248 257.31125 -185.00682 -24.22815 NaN NaN NaN 13.68402 -195.96030 23.01485 -36.34813 -207.93356 -96.74870
31780 2.49353 NaN NaN NaN 153.42384 -112.72281 -27.19111 257.35733 -185.03285 -24.28182 NaN NaN NaN 13.57938 -196.03520 23.02264 -36.36745 -207.94057 -96.77901
31781 2.50187 NaN NaN NaN 153.45686 -112.75288 -27.17901 257.38132 -185.06444 -24.31398 NaN NaN NaN 13.43983 -196.13779 23.01063 -36.41763 -207.93379 -96.81087
31782 2.51020 NaN NaN NaN 153.47867 -112.80054 -27.15988 257.42694 -185.07643 -24.34659 NaN NaN NaN 13.29350 -196.23146 23.02572 -36.46548 -207.92433 -96.85670
31783 2.51853 NaN NaN NaN 153.48064 -112.80180 -27.13598 257.44635 -185.09431 -24.35855 NaN NaN NaN 13.17141 -196.30994 23.03027 -36.53034 -207.97220 -96.93665
31784 2.52686 NaN NaN NaN 153.48860 -112.81329 -27.12679 257.45258 -185.09207 -24.35379 NaN NaN NaN 13.05287 -196.39980 23.03582 -36.59591 -208.07912 -96.98824
31785 2.53519 NaN NaN NaN 153.49498 -112.81950 -27.11685 257.46790 -185.10655 -24.36521 NaN NaN NaN 12.94350 -196.51842 23.04063 -36.67723 -208.16901 -96.97917
31786 2.54352 NaN NaN NaN 153.50395 -112.81982 -27.07815 257.47519 -185.10789 -24.38293 NaN NaN NaN 12.85486 -196.61398 23.00251 -36.71713 -208.24384 -96.98959
31787 2.55185 NaN NaN NaN 153.50743 -112.83267 -26.98824 257.50046 -185.12157 -24.42132 NaN NaN NaN 12.76016 -196.68515 22.99359 -36.75958 -208.27614 -97.05017
31788 2.56018 NaN NaN NaN 153.54272 -112.88131 -26.89315 257.53088 -185.12657 -24.47675 NaN NaN NaN 12.64011 -196.79312 22.96976 -36.78317 -208.29605 -97.10602
31789 2.56852 NaN NaN NaN 153.60806 -112.88960 -26.80216 257.53592 -185.15097 -24.55330 NaN NaN NaN 12.50304 -196.91351 22.97447 -36.81224 -208.31096 -97.16511
31790 2.57685 NaN NaN NaN 153.63458 -112.92860 -26.69676 257.56003 -185.16736 -24.61214 NaN NaN NaN 12.37062 -197.03189 22.95075 -36.76918 -208.28349 -97.29000
31791 2.58518 NaN NaN NaN 153.65157 -112.94731 -26.60413 257.60083 -185.21634 -24.68529 NaN NaN NaN 12.27424 -197.11070 22.92041 -36.73264 -208.26949 -97.37798
31792 2.59351 NaN NaN NaN 153.69102 -113.00531 -26.49330 257.65375 -185.26660 -24.80906 NaN NaN NaN 12.17822 -197.19119 22.88741 -36.70488 -208.26559 -97.44090
31793 2.60184 NaN NaN NaN 153.75496 -113.06994 -26.36383 257.74716 -185.36057 -24.88280 NaN NaN NaN 12.09027 -197.26981 22.85364 -36.69565 -208.28357 -97.53433
31794 2.61017 NaN NaN NaN 153.80032 -113.10692 -26.15614 257.78348 -185.43173 -24.98099 NaN NaN NaN 12.00485 -197.34833 22.84520 -36.66608 -208.27979 -97.59470
31795 2.61850 NaN NaN NaN 153.85417 -113.18050 -26.00896 257.84512 -185.48801 -25.08031 NaN NaN NaN 11.89838 -197.43607 22.85952 -36.62481 -208.25400 -97.62363
31796 2.62684 NaN NaN NaN 153.90294 -113.26051 -25.89607 257.92538 -185.51683 -25.20077 NaN NaN NaN 11.80515 -197.47116 22.85683 -36.57029 -208.18768 -97.69055
31797 2.63517 NaN NaN NaN 153.95410 -113.38971 -25.79309 257.98618 -185.52916 -25.30533 NaN NaN NaN 11.70690 -197.53304 22.82976 -36.46821 -208.10899 -97.78242
31798 2.64350 NaN NaN NaN 154.04407 -113.44458 -25.66965 258.05157 -185.61296 -25.39037 NaN NaN NaN 11.55607 -197.60570 22.83180 -36.37319 -208.02046 -97.87526
31799 2.65183 NaN NaN NaN 154.07890 -113.49256 -25.60564 258.11295 -185.70212 -25.46245 NaN NaN NaN 11.37573 -197.68343 22.84631 -36.27068 -207.90176 -97.98118
31800 2.66016 NaN NaN NaN 154.11081 -113.50582 -25.57985 258.14410 -185.73100 -25.50507 NaN NaN NaN 11.23032 -197.74751 22.85403 -36.16975 -207.77393 -98.10502
31801 2.66849 NaN NaN NaN 154.12083 -113.55107 -25.55609 258.18460 -185.72400 -25.56294 NaN NaN NaN 11.05278 -197.85132 22.84492 -36.12932 -207.67813 -98.22782
31802 2.67682 NaN NaN NaN 154.14343 -113.56905 -25.55821 258.20633 -185.70602 -25.63644 NaN NaN NaN 10.86624 -197.96606 22.84941 -36.05198 -207.56850 -98.36965
31803 2.68515 NaN NaN NaN 154.14377 -113.57990 -25.57300 258.23853 -185.71056 -25.68459 NaN NaN NaN 10.68434 -198.04855 22.83644 -35.99419 -207.46422 -98.46955
31804 2.69349 NaN NaN NaN 154.15244 -113.57654 -25.59939 258.22937 -185.71696 -25.69735 NaN NaN NaN 10.46051 -198.14426 22.84132 -35.92118 -207.35626 -98.61325
31805 2.70182 NaN NaN NaN 154.14822 -113.57376 -25.62215 258.23984 -185.69745 -25.70117 NaN NaN NaN 10.21508 -198.25711 22.84655 -35.85182 -207.27750 -98.74750
31806 2.71015 NaN NaN NaN 154.14819 -113.54781 -25.67714 258.20831 -185.67265 -25.68832 NaN NaN NaN 10.00781 -198.35196 22.86441 -35.79239 -207.21410 -98.85878
31807 2.71848 NaN NaN NaN 154.10672 -113.56464 -25.74977 258.18784 -185.67596 -25.67894 NaN NaN NaN 9.83518 -198.46548 22.90310 -35.76636 -207.18158 -98.92117
31808 2.72681 NaN NaN NaN 154.07898 -113.55875 -25.78924 258.17761 -185.66170 -25.66798 NaN NaN NaN 9.65888 -198.56502 22.93973 -35.73404 -207.13324 -98.96790
31809 2.73514 NaN NaN NaN 154.05690 -113.55626 -25.83940 258.13577 -185.65631 -25.64278 NaN NaN NaN 9.42581 -198.69685 22.97352 -35.67930 -207.08099 -99.04409
31810 2.74347 NaN NaN NaN 154.03772 -113.50614 -25.88832 258.13477 -185.63788 -25.63566 NaN NaN NaN 9.20128 -198.83797 22.99458 -35.62952 -207.02295 -99.11691
31811 2.75180 NaN NaN NaN 154.01781 -113.48186 -25.94374 258.10544 -185.64166 -25.62083 NaN NaN NaN 8.91450 -198.99733 23.04653 -35.56115 -206.95412 -99.23280
31812 2.76014 NaN NaN NaN 154.00955 -113.43968 -25.98908 258.09067 -185.65463 -25.58912 NaN NaN NaN 8.67620 -199.09596 23.07244 -35.50774 -206.90250 -99.34483
31813 2.76847 NaN NaN NaN 153.98146 -113.39193 -26.04767 258.04611 -185.64218 -25.56695 NaN NaN NaN 8.43938 -199.22481 23.10861 -35.47370 -206.81717 -99.42761
31814 2.77680 NaN NaN NaN 153.95647 -113.34899 -26.11042 257.98956 -185.62521 -25.53505 NaN NaN NaN 8.28634 -199.29869 23.13022 -35.42299 -206.74883 -99.49025
31815 2.78513 NaN NaN NaN 153.90735 -113.38625 -26.28066 257.92255 -185.57109 -25.50713 NaN NaN NaN 8.24657 -199.31047 23.14119 -35.42894 -206.69971 -99.51775
31816 2.79346 NaN NaN NaN 153.84105 -113.36899 -26.41452 257.88544 -185.50589 -25.45410 NaN NaN NaN 8.28881 -199.24385 23.13231 -35.40871 -206.69325 -99.51404
31817 2.80179 NaN NaN NaN 153.79622 -113.33066 -26.47509 257.81024 -185.43771 -25.38652 NaN NaN NaN 8.33528 -199.17876 23.11710 -35.37134 -206.69012 -99.51305
31818 2.81012 NaN NaN NaN 153.75548 -113.26642 -26.52027 257.77371 -185.39920 -25.37110 NaN NaN NaN 8.35413 -199.12514 23.07862 -35.29869 -206.67772 -99.54435
31819 2.81846 NaN NaN NaN 153.71408 -113.26181 -26.60222 257.73508 -185.37846 -25.34450 NaN NaN NaN 8.35397 -199.13388 23.04505 -35.20910 -206.63904 -99.58067
31820 2.82679 NaN NaN NaN 153.69205 -113.20509 -26.65064 257.72849 -185.35674 -25.33221 NaN NaN NaN 8.36047 -199.14845 23.00705 -35.07663 -206.53822 -99.65165
31821 2.83512 NaN NaN NaN 153.67175 -113.09856 -26.68124 257.70264 -185.32088 -25.28477 NaN NaN NaN 8.36929 -199.16252 22.96727 -34.94792 -206.45436 -99.71558
31822 2.84345 NaN NaN NaN 153.67838 -113.06718 -26.77410 257.64847 -185.30757 -25.24385 NaN NaN NaN 8.39442 -199.15306 22.94832 -34.83489 -206.41104 -99.81703
31823 2.85178 NaN NaN NaN 153.66336 -113.04764 -26.82283 257.61639 -185.29623 -25.19451 NaN NaN NaN 8.38134 -199.17117 22.91103 -34.72961 -206.36809 -99.88194
31824 2.86011 NaN NaN NaN 153.64798 -113.04546 -26.83134 257.58411 -185.28223 -25.13454 NaN NaN NaN 8.35094 -199.18753 22.86181 -34.66125 -206.32796 -99.93459
31825 2.86844 NaN NaN NaN 153.56949 -113.05962 -26.85281 257.55273 -185.24455 -25.09595 NaN NaN NaN 8.30523 -199.26582 22.81306 -34.57718 -206.28201 -99.98275
31826 2.87677 NaN NaN NaN 153.57469 -112.95506 -26.84584 257.52322 -185.21529 -25.07727 NaN NaN NaN 8.21065 -199.34802 22.78954 -34.52408 -206.20233 -100.06397
31827 2.88511 NaN NaN NaN 153.54408 -112.96499 -26.89201 257.50003 -185.20126 -25.05390 NaN NaN NaN 8.11069 -199.46669 22.78558 -34.51378 -206.13864 -100.18565
31828 2.89344 NaN NaN NaN 153.52673 -112.95920 -26.91126 257.47229 -185.20493 -25.04963 NaN NaN NaN 7.96206 -199.59874 22.80416 -34.51984 -206.09386 -100.24455
31829 2.90177 NaN NaN NaN 153.51624 -112.97736 -26.89318 257.46451 -185.17645 -25.05341 NaN NaN NaN 7.81266 -199.72626 22.83353 -34.51622 -206.06978 -100.27743
31830 2.91010 NaN NaN NaN 153.50168 -112.97462 -26.88421 257.46066 -185.19382 -25.05673 NaN NaN NaN 7.67061 -199.83012 22.84837 -34.51097 -206.06297 -100.30139
31831 2.91843 NaN NaN NaN 153.51120 -112.99822 -26.87310 257.46649 -185.19470 -25.07372 NaN NaN NaN 7.53031 -199.94615 22.85249 -34.51400 -206.04683 -100.31882
31832 2.92676 NaN NaN NaN 153.52963 -112.98917 -26.86868 257.48560 -185.21718 -25.08300 NaN NaN NaN 7.36094 -200.09329 22.87097 -34.52769 -206.04744 -100.34783
31833 2.93509 NaN NaN NaN 153.54298 -113.03925 -26.86158 257.50131 -185.22572 -25.09235 NaN NaN NaN 7.14633 -200.28845 22.87736 -34.52446 -206.03513 -100.38557
31834 2.94342 NaN NaN NaN 153.54793 -113.06654 -26.86218 257.53439 -185.25716 -25.10407 NaN NaN NaN 6.89249 -200.49683 22.91947 -34.51359 -205.99654 -100.50835
31835 2.95176 NaN NaN NaN 153.56444 -113.07063 -26.88349 257.52237 -185.23064 -25.09498 NaN NaN NaN 6.56915 -200.71931 22.92752 -34.44986 -205.93596 -100.65192
31836 2.96009 NaN NaN NaN 153.58034 -113.05024 -26.90074 257.52823 -185.22771 -25.09186 NaN NaN NaN 6.25217 -200.95950 22.94705 -34.41094 -205.85953 -100.75085
31837 2.96842 NaN NaN NaN 153.54585 -113.03564 -26.93200 257.50836 -185.19887 -25.07558 NaN NaN NaN 5.93376 -201.18359 22.95936 -34.38696 -205.84491 -100.86261
31838 2.97675 NaN NaN NaN 153.56938 -112.93711 -26.89495 257.50937 -185.21179 -25.06479 NaN NaN NaN 5.62700 -201.38907 22.97626 -34.32235 -205.79961 -100.95898
31839 2.98508 NaN NaN NaN 153.52756 -112.96981 -26.89406 257.49548 -185.19939 -25.04922 NaN NaN NaN 5.34864 -201.61893 22.97112 -34.26945 -205.77005 -101.09326
31840 2.99341 NaN NaN NaN 153.54787 -112.89512 -26.86376 257.46854 -185.20158 -25.03364 NaN NaN NaN 5.18655 -201.78381 22.93058 -34.24866 -205.70068 -101.15340
31841 3.00174 NaN NaN NaN 153.54089 -112.95113 -26.87828 257.47397 -185.17545 -25.04308 NaN NaN NaN 5.05163 -201.84715 22.90560 -34.19917 -205.66991 -101.22758
31842 3.01008 NaN NaN NaN 153.56909 -112.96658 -26.85816 257.48520 -185.19301 -25.06553 NaN NaN NaN 4.89280 -201.90793 22.89767 -34.13202 -205.62753 -101.34054
31843 3.01841 NaN NaN NaN 153.60078 -113.00503 -26.81972 257.51825 -185.21423 -25.09296 NaN NaN NaN 4.65342 -202.06616 22.85172 -34.01841 -205.57582 -101.49518
31844 3.02674 NaN NaN NaN 153.62080 -113.03046 -26.78347 257.56177 -185.26440 -25.11795 NaN NaN NaN 4.38483 -202.28680 22.79439 -33.86335 -205.43829 -101.65594
31845 3.03507 NaN NaN NaN 153.63953 -113.06963 -26.77285 257.56882 -185.28909 -25.15102 NaN NaN NaN 4.12592 -202.47008 22.75274 -33.74012 -205.32210 -101.84702
31846 3.04340 NaN NaN NaN 153.61188 -113.12734 -26.78216 257.58502 -185.29289 -25.16696 NaN NaN NaN 3.92988 -202.62082 22.73609 -33.62121 -205.15930 -101.97593
31847 3.05173 NaN NaN NaN 153.64055 -113.09965 -26.78708 257.59232 -185.28864 -25.15625 NaN NaN NaN 3.77815 -202.73122 22.70417 -33.51037 -205.02660 -102.03536
31848 3.06006 NaN NaN NaN 153.66718 -113.08226 -26.79587 257.59305 -185.27698 -25.14651 NaN NaN NaN 3.62045 -202.84683 22.62843 -33.41759 -204.98732 -102.20586
31849 3.06839 NaN NaN NaN 153.62073 -113.09223 -26.80783 257.58481 -185.25333 -25.12049 NaN NaN NaN 3.46221 -202.95822 22.52767 -33.35558 -204.94043 -102.32133
31850 3.07673 NaN NaN NaN 153.63739 -113.05642 -26.82647 257.58362 -185.24229 -25.10005 NaN NaN NaN 3.31905 -203.09457 22.50343 -33.28563 -204.87547 -102.41930
31851 3.08506 NaN NaN NaN 153.59013 -113.07148 -26.84513 257.56570 -185.20969 -25.09376 NaN NaN NaN 3.19947 -203.20688 22.49824 -33.23898 -204.81856 -102.49010
31852 3.09339 NaN NaN NaN 153.59471 -113.04964 -26.85299 257.55911 -185.22867 -25.10711 NaN NaN NaN 3.06656 -203.29657 22.50257 -33.19367 -204.74197 -102.54478
31853 3.10172 NaN NaN NaN 153.60875 -113.01118 -26.88202 257.54831 -185.18761 -25.11388 NaN NaN NaN 2.92205 -203.38341 22.45584 -33.12283 -204.64238 -102.61845
31854 3.11005 NaN NaN NaN 153.61241 -112.98512 -26.87146 257.56491 -185.20270 -25.10856 NaN NaN NaN 2.78933 -203.49945 22.45683 -33.04517 -204.54521 -102.71668
31855 3.11838 NaN NaN NaN 153.57397 -113.01599 -26.87599 257.54984 -185.18846 -25.12577 NaN NaN NaN 2.65308 -203.63266 22.45459 -32.92199 -204.36934 -102.87920
31856 3.12671 NaN NaN NaN 153.61452 -113.01633 -26.85304 257.57095 -185.22301 -25.16142 NaN NaN NaN 2.50943 -203.76086 22.44035 -32.81863 -204.25394 -102.98509
31857 3.13504 NaN NaN NaN 153.63745 -112.95654 -26.80158 257.58377 -185.21503 -25.14615 NaN NaN NaN 2.34771 -203.91620 22.44282 -32.71287 -204.12605 -103.15540
31858 3.14338 NaN NaN NaN 153.66512 -112.98138 -26.82778 257.60831 -185.22832 -25.16190 NaN NaN NaN 2.19128 -204.05544 22.42636 -32.59782 -204.04865 -103.28005
31859 3.15171 NaN NaN NaN 153.64214 -112.96207 -26.77988 257.61136 -185.20042 -25.17175 NaN NaN NaN 2.02462 -204.19220 22.39713 -32.49594 -203.95760 -103.39708
31860 3.16004 NaN NaN NaN 153.61610 -113.03375 -26.82223 257.61362 -185.20862 -25.17870 NaN NaN NaN 1.85481 -204.30328 22.37840 -32.37922 -203.87949 -103.45509
31861 3.16837 NaN NaN NaN 153.59052 -113.05997 -26.86144 257.57928 -185.17307 -25.16200 NaN NaN NaN 1.68927 -204.42729 22.31236 -32.22667 -203.78862 -103.52007
31862 3.17670 NaN NaN NaN 153.58936 -113.04750 -26.87363 257.57590 -185.19162 -25.16429 NaN NaN NaN 1.56375 -204.50574 22.25773 -32.07699 -203.65898 -103.60739
31863 3.18503 NaN NaN NaN 153.58009 -113.03851 -26.90195 257.54443 -185.16695 -25.14885 NaN NaN NaN 1.44024 -204.59885 22.23477 -31.96855 -203.59781 -103.70328
31864 3.19336 NaN NaN NaN 153.54964 -113.03413 -26.93091 257.54102 -185.15271 -25.15515 NaN NaN NaN 1.25949 -204.71643 22.22881 -31.85876 -203.51755 -103.80327
31865 3.20169 NaN NaN NaN 153.55367 -112.98660 -26.95293 257.52728 -185.13892 -25.13851 NaN NaN NaN 1.12135 -204.82889 22.18508 -31.73530 -203.43094 -103.85680
31866 3.21003 NaN NaN NaN 153.55005 -112.86763 -26.97061 257.52829 -185.13155 -25.11872 NaN NaN NaN 0.95634 -204.93878 22.14824 -31.59242 -203.31523 -103.95731
31867 3.21836 NaN NaN NaN 153.54744 -112.78609 -26.98223 257.52872 -185.11859 -25.11686 NaN NaN NaN 0.76557 -205.04050 22.12922 -31.47657 -203.17401 -104.04790
31868 3.22669 NaN NaN NaN 153.52298 -112.77129 -26.99146 257.51715 -185.11861 -25.11786 NaN NaN NaN 0.59591 -205.10641 22.11868 -31.43786 -203.08264 -104.10310
31869 3.23502 NaN NaN NaN 153.53134 -112.74938 -27.00742 257.50705 -185.09766 -25.12106 NaN NaN NaN 0.38703 -205.20259 22.09234 -31.43855 -203.03760 -104.18193
31870 3.24335 NaN NaN NaN 153.51727 -112.85407 -27.04063 257.49487 -185.11241 -25.12500 NaN NaN NaN 0.20207 -205.29552 22.06521 -31.42428 -203.02029 -104.23746
31871 3.25168 NaN NaN NaN 153.52881 -112.92497 -26.99394 257.52289 -185.13811 -25.12820 NaN NaN NaN 0.06918 -205.39682 22.06961 -31.43913 -203.02707 -104.29345
31872 3.26001 NaN NaN NaN 153.54173 -113.03160 -26.94530 257.54440 -185.15327 -25.12452 NaN NaN NaN -0.05749 -205.48308 22.06378 -31.47555 -203.00558 -104.35818
31873 3.26835 NaN NaN NaN 153.57219 -113.07274 -26.89015 257.55429 -185.15363 -25.12729 NaN NaN NaN -0.16274 -205.55415 22.05836 -31.50512 -202.98967 -104.39565
31874 3.27668 NaN NaN NaN 153.62753 -113.05991 -26.85437 257.60703 -185.17485 -25.16955 NaN NaN NaN -0.21365 -205.61354 22.06048 -31.52546 -202.97318 -104.41532
31875 3.28501 NaN NaN NaN 153.61925 -113.07113 -26.85273 257.59280 -185.19119 -25.19990 NaN NaN NaN -0.25646 -205.64658 22.07320 -31.56234 -202.97154 -104.41618
31876 3.29334 NaN NaN NaN 153.63837 -113.04837 -26.82209 257.61752 -185.20387 -25.21180 NaN NaN NaN -0.26271 -205.66350 22.07779 -31.58996 -202.99263 -104.40897
31877 3.30167 NaN NaN NaN 153.63792 -113.01858 -26.83927 257.60074 -185.17581 -25.20132 NaN NaN NaN -0.26573 -205.64987 22.07813 -31.59932 -202.99924 -104.43041
31878 3.31000 NaN NaN NaN 153.62003 -113.02009 -26.82757 257.60782 -185.20210 -25.19549 NaN NaN NaN -0.27272 -205.65857 22.09026 -31.58331 -202.97838 -104.43891
31879 3.31833 NaN NaN NaN 153.63390 -112.92235 -26.78782 257.58051 -185.16852 -25.16341 NaN NaN NaN -0.26516 -205.65640 22.07942 -31.54288 -202.96765 -104.41759
31880 3.32666 NaN NaN NaN 153.64044 -112.95493 -26.80368 257.58258 -185.15485 -25.16222 NaN NaN NaN -0.24734 -205.65401 22.07996 -31.51216 -202.96732 -104.40088
31881 3.33500 NaN NaN NaN 153.64470 -112.88206 -26.78194 257.56937 -185.12929 -25.14453 NaN NaN NaN -0.22245 -205.64111 22.07724 -31.49459 -202.95152 -104.39661
31882 3.34333 NaN NaN NaN 153.63022 -112.93098 -26.80753 257.57462 -185.13513 -25.13535 NaN NaN NaN -0.16682 -205.60796 22.06832 -31.51132 -202.96774 -104.39275
31883 3.35166 NaN NaN NaN 153.62975 -112.94374 -26.82072 257.56412 -185.12453 -25.13160 NaN NaN NaN -0.08116 -205.54765 22.06957 -31.50957 -202.96490 -104.35711
31884 3.35999 NaN NaN NaN 153.61949 -112.95650 -26.80210 257.59024 -185.16386 -25.13393 NaN NaN NaN 0.05420 -205.48148 22.05430 -31.51302 -202.97581 -104.37123
31885 3.36832 NaN NaN NaN 153.58310 -113.01296 -26.78452 257.57938 -185.15250 -25.13704 NaN NaN NaN 0.18734 -205.40794 21.99973 -31.51888 -202.97398 -104.35475
31886 3.37665 NaN NaN NaN 153.57179 -113.03705 -26.73638 257.59146 -185.15955 -25.13435 NaN NaN NaN 0.29427 -205.32240 21.95210 -31.52206 -202.96724 -104.35811
31887 3.38498 NaN NaN NaN 153.57498 -113.07298 -26.76134 257.58774 -185.14365 -25.13087 NaN NaN NaN 0.38189 -205.27451 21.89706 -31.50327 -202.95097 -104.39050
31888 3.39331 NaN NaN NaN 153.57321 -113.11385 -26.77052 257.59839 -185.16811 -25.12231 NaN NaN NaN 0.47754 -205.22110 21.85192 -31.50563 -202.90331 -104.44817
31889 3.40165 NaN NaN NaN 153.56889 -113.09460 -26.78035 257.57782 -185.15625 -25.12172 NaN NaN NaN 0.60981 -205.18875 21.80792 -31.48671 -202.88654 -104.48531
31890 3.40998 NaN NaN NaN 153.55687 -113.08857 -26.79583 257.55148 -185.17584 -25.11463 NaN NaN NaN 0.74473 -205.12500 21.76522 -31.50456 -202.89059 -104.56684
31891 3.41831 NaN NaN NaN 153.55276 -112.98260 -26.84440 257.53452 -185.13995 -25.10804 NaN NaN NaN 0.82932 -205.03627 21.74745 -31.53827 -202.89732 -104.53452
31892 3.42664 NaN NaN NaN 153.53102 -112.89999 -26.89492 257.49551 -185.10245 -25.08931 NaN NaN NaN 0.88541 -204.93622 21.73815 -31.55409 -202.93336 -104.52363
31893 3.43497 NaN NaN NaN 153.47462 -112.85934 -26.96540 257.44598 -185.05634 -25.07008 NaN NaN NaN 0.92787 -204.86009 21.69796 -31.58589 -202.98662 -104.52515
31894 3.44330 NaN NaN NaN 153.46869 -112.77578 -26.95938 257.40793 -185.03259 -25.05338 NaN NaN NaN 0.97542 -204.79358 21.71141 -31.55973 -203.00153 -104.52073
31895 3.45163 NaN NaN NaN 153.44606 -112.79614 -27.02231 257.38062 -185.02338 -25.03144 NaN NaN NaN 1.01794 -204.70784 21.69035 -31.56739 -202.99715 -104.44285
31896 3.45997 NaN NaN NaN 153.42747 -112.71970 -27.03212 257.35718 -185.00157 -24.99339 NaN NaN NaN 1.06475 -204.63963 21.71485 -31.57985 -202.98370 -104.42028
31897 3.46830 NaN NaN NaN 153.40738 -112.72428 -27.12898 257.32880 -185.00009 -24.96920 NaN NaN NaN 1.11420 -204.60207 21.71162 -31.59184 -202.99229 -104.39594
31898 3.47663 NaN NaN NaN 153.41219 -112.64318 -27.08642 257.30777 -184.98409 -24.95410 NaN NaN NaN 1.16950 -204.53621 21.72473 -31.60507 -203.03889 -104.39649
31899 3.48496 NaN NaN NaN 153.39253 -112.65671 -27.14577 257.29834 -184.96259 -24.92907 NaN NaN NaN 1.24775 -204.44135 21.71301 -31.64427 -203.03514 -104.34277
31900 3.49329 NaN NaN NaN 153.37479 -112.66457 -27.15308 257.27826 -184.92639 -24.92430 NaN NaN NaN 1.33549 -204.35396 21.70905 -31.70231 -203.08141 -104.29292
31901 3.50162 NaN NaN NaN 153.39946 -112.62794 -27.10588 257.28674 -184.96094 -24.89170 NaN NaN NaN 1.42169 -204.27074 21.70405 -31.76675 -203.13629 -104.24319
31902 3.50995 NaN NaN NaN 153.39729 -112.69554 -27.10794 257.29568 -184.96951 -24.92463 NaN NaN NaN 1.47651 -204.23322 21.68624 -31.80234 -203.19460 -104.20863
31903 3.51828 NaN NaN NaN 153.39684 -112.74290 -27.11170 257.30643 -184.98674 -24.92385 NaN NaN NaN 1.49345 -204.20773 21.66096 -31.81188 -203.21404 -104.26877
31904 3.52662 NaN NaN NaN 153.40211 -112.76704 -27.11091 257.32925 -184.99973 -24.91922 NaN NaN NaN 1.48736 -204.19862 21.64428 -31.81334 -203.18492 -104.35702
31905 3.53495 NaN NaN NaN 153.40785 -112.78445 -27.13222 257.34033 -185.01076 -24.86819 NaN NaN NaN 1.46635 -204.19591 21.57778 -31.81322 -203.14011 -104.40197
31906 3.54328 NaN NaN NaN 153.40527 -112.75509 -27.13595 257.34070 -184.99902 -24.88543 NaN NaN NaN 1.45650 -204.19650 21.58894 -31.82302 -203.15649 -104.47534
31907 3.55161 NaN NaN NaN 153.41676 -112.73243 -27.15275 257.35086 -184.99770 -24.85045 NaN NaN NaN 1.42884 -204.17847 21.55190 -31.83307 -203.08260 -104.44482
31908 3.55994 NaN NaN NaN 153.42162 -112.69151 -27.18061 257.33173 -184.98270 -24.83532 NaN NaN NaN 1.38879 -204.17288 21.53795 -31.87917 -203.15950 -104.49006
31909 3.56827 NaN NaN NaN 153.41864 -112.58238 -27.16428 257.32040 -184.97116 -24.81997 NaN NaN NaN 1.33413 -204.18718 21.52946 -31.88653 -203.15334 -104.47205
31910 3.57660 NaN NaN NaN 153.40164 -112.53365 -27.17110 257.29840 -184.93411 -24.81408 NaN NaN NaN 1.27338 -204.17397 21.54728 -31.88294 -203.18332 -104.51694
31911 3.58493 NaN NaN NaN 153.39264 -112.50858 -27.17484 257.26691 -184.93002 -24.77414 NaN NaN NaN 1.23713 -204.19861 21.53635 -31.89806 -203.14786 -104.49256
31912 3.59327 NaN NaN NaN 153.38974 -112.51585 -27.19060 257.26724 -184.91017 -24.77189 NaN NaN NaN 1.21339 -204.21338 21.56564 -31.88737 -203.16850 -104.52205
31913 3.60160 NaN NaN NaN 153.39789 -112.51929 -27.19350 257.27258 -184.91187 -24.75392 NaN NaN NaN 1.18728 -204.23216 21.54858 -31.85532 -203.10205 -104.54525
31914 3.60993 NaN NaN NaN 153.40045 -112.54366 -27.18702 257.28088 -184.91287 -24.75816 NaN NaN NaN 1.16136 -204.21918 21.54777 -31.82378 -203.10400 -104.57002
31915 3.61826 NaN NaN NaN 153.39127 -112.53672 -27.17401 257.27020 -184.91713 -24.74023 NaN NaN NaN 1.16506 -204.21603 21.55022 -31.79588 -203.04980 -104.53176
31916 3.62659 NaN NaN NaN 153.39745 -112.52972 -27.17374 257.27728 -184.91687 -24.74992 NaN NaN NaN 1.20174 -204.19794 21.55109 -31.79704 -203.08583 -104.55042
31917 3.63492 NaN NaN NaN 153.41530 -112.51984 -27.17632 257.27570 -184.92068 -24.72924 NaN NaN NaN 1.25275 -204.21979 21.52748 -31.80198 -203.06084 -104.52158
31918 3.64325 NaN NaN NaN 153.42595 -112.52641 -27.17300 257.28305 -184.94044 -24.76334 NaN NaN NaN 1.31568 -204.21272 21.51501 -31.79784 -203.10738 -104.53746
31919 3.65159 NaN NaN NaN 153.43535 -112.53133 -27.16475 257.29749 -184.94989 -24.73473 NaN NaN NaN 1.39944 -204.21054 21.49812 -31.78018 -203.07887 -104.51339
31920 3.65992 NaN NaN NaN 153.43233 -112.54990 -27.15733 257.30826 -184.94258 -24.74527 NaN NaN NaN 1.49531 -204.21252 21.46520 -31.74754 -203.10202 -104.54404
31921 3.66825 NaN NaN NaN 153.40756 -112.63313 -27.21048 257.31824 -184.96130 -24.73080 NaN NaN NaN 1.56726 -204.20937 21.43136 -31.66030 -202.98073 -104.51418
31922 3.67658 NaN NaN NaN 153.43335 -112.60261 -27.16644 257.33154 -184.98314 -24.74070 NaN NaN NaN 1.62295 -204.19032 21.40625 -31.65829 -202.99480 -104.58885
31923 3.68491 NaN NaN NaN 153.43468 -112.65142 -27.19498 257.34174 -184.99820 -24.76618 NaN NaN NaN 1.70877 -204.17650 21.37830 -31.65006 -203.00327 -104.71088
31924 3.69324 NaN NaN NaN 153.44611 -112.69332 -27.19846 257.37946 -185.02069 -24.78105 NaN NaN NaN 1.73438 -204.16743 21.32239 -31.59574 -202.95375 -104.73434
31925 3.70157 NaN NaN NaN 153.47252 -112.65933 -27.13898 257.39313 -185.01155 -24.80718 NaN NaN NaN 1.75934 -204.19926 21.28174 -31.55880 -202.93483 -104.78637
31926 3.70990 NaN NaN NaN 153.48042 -112.63855 -27.12293 257.40625 -185.01816 -24.81279 NaN NaN NaN 1.78249 -204.23720 21.25230 -31.45298 -202.86084 -104.82381
31927 3.71824 NaN NaN NaN 153.45888 -112.65269 -27.12489 257.39880 -185.03482 -24.80397 NaN NaN NaN 1.79236 -204.27663 21.22716 -31.45313 -202.86104 -104.83413
31928 3.72657 NaN NaN NaN 153.47083 -112.64332 -27.13918 257.40814 -185.02121 -24.78705 NaN NaN NaN 1.79400 -204.32007 21.24433 -31.36731 -202.77454 -104.86607
31929 3.73490 NaN NaN NaN 153.44933 -112.68780 -27.20194 257.37915 -185.01186 -24.77951 NaN NaN NaN 1.78409 -204.32465 21.24590 -31.35316 -202.74658 -104.86147
31930 3.74323 NaN NaN NaN 153.45415 -112.64436 -27.15882 257.36121 -185.01375 -24.76069 NaN NaN NaN 1.80645 -204.32933 21.25326 -31.29443 -202.75012 -104.86079
31931 3.75156 NaN NaN NaN 153.45093 -112.60986 -27.15358 257.34372 -185.00336 -24.73636 NaN NaN NaN 1.76632 -204.35085 21.25458 -31.28420 -202.71942 -104.87482
31932 3.75989 NaN NaN NaN 153.43564 -112.57383 -27.15325 257.33981 -184.99741 -24.74047 NaN NaN NaN 1.65811 -204.39156 21.22224 -31.21094 -202.68166 -104.88054
31933 3.76822 NaN NaN NaN 153.44936 -112.55067 -27.16658 257.33429 -184.97198 -24.72937 NaN NaN NaN 1.52761 -204.50481 21.23288 -31.22618 -202.65880 -104.92113
31934 3.77655 NaN NaN NaN 153.45116 -112.54684 -27.16277 257.33765 -184.97340 -24.73543 NaN NaN NaN 1.40174 -204.61969 21.24483 -31.16982 -202.60931 -104.94022
31935 3.78489 NaN NaN NaN 153.45096 -112.56579 -27.15666 257.34332 -184.97630 -24.73576 NaN NaN NaN 1.20089 -204.73904 21.24898 -31.17105 -202.59846 -104.97544
31936 3.79322 NaN NaN NaN 153.46188 -112.57467 -27.14619 257.35504 -184.96957 -24.74950 NaN NaN NaN 1.03272 -204.91780 21.21617 -31.11850 -202.54405 -105.08217
31937 3.80155 NaN NaN NaN 153.44650 -112.58511 -27.16993 257.35696 -184.94048 -24.73764 NaN NaN NaN 0.79946 -205.06882 21.20584 -31.07912 -202.51776 -105.16200
31938 3.80988 NaN NaN NaN 153.42717 -112.57410 -27.17591 257.35519 -184.94109 -24.74248 NaN NaN NaN 0.58100 -205.22028 21.20867 -31.05242 -202.48045 -105.17899
31939 3.81821 NaN NaN NaN 153.42419 -112.56269 -27.19378 257.34436 -184.92363 -24.72863 NaN NaN NaN 0.34550 -205.36577 21.24579 -31.03045 -202.47614 -105.23445
31940 3.82654 NaN NaN NaN 153.42090 -112.55907 -27.19048 257.33148 -184.91141 -24.73249 NaN NaN NaN 0.12120 -205.53882 21.25118 -31.02573 -202.39326 -105.23272
31941 3.83487 NaN NaN NaN 153.41751 -112.53405 -27.23164 257.31979 -184.91447 -24.71553 NaN NaN NaN -0.11124 -205.66510 21.27111 -31.01478 -202.36792 -105.32194
31942 3.84320 NaN NaN NaN 153.41603 -112.52885 -27.23038 257.29834 -184.90883 -24.70294 NaN NaN NaN -0.29172 -205.78363 21.25986 -30.98252 -202.31093 -105.37247
31943 3.85154 NaN NaN NaN 153.37906 -112.58595 -27.30870 257.28894 -184.91484 -24.69972 NaN NaN NaN -0.48998 -205.91878 21.27946 -30.96783 -202.27806 -105.41591
31944 3.85987 NaN NaN NaN 153.38405 -112.59014 -27.34314 257.27655 -184.90819 -24.68011 NaN NaN NaN -0.63654 -206.01483 21.24797 -30.93894 -202.22672 -105.41747
31945 3.86820 NaN NaN NaN 153.36465 -112.62697 -27.38080 257.26474 -184.89964 -24.69195 NaN NaN NaN -0.76936 -206.09451 21.25746 -30.87964 -202.16026 -105.41423
31946 3.87653 NaN NaN NaN 153.37787 -112.59666 -27.35617 257.24911 -184.87968 -24.67757 NaN NaN NaN -0.90430 -206.16904 21.27822 -30.89938 -202.17499 -105.42281
31947 3.88486 NaN NaN NaN 153.36958 -112.61815 -27.37254 257.25159 -184.87871 -24.69093 NaN NaN NaN -1.04398 -206.23657 21.30801 -30.89898 -202.16937 -105.42629
31948 3.89319 NaN NaN NaN 153.35268 -112.60641 -27.34068 257.25320 -184.88721 -24.66215 NaN NaN NaN -1.16702 -206.29115 21.32238 -30.88376 -202.17372 -105.43845
31949 3.90152 NaN NaN NaN 153.35611 -112.62596 -27.37074 257.24152 -184.86932 -24.64917 NaN NaN NaN -1.25823 -206.32652 21.35425 -30.86600 -202.17232 -105.45026
31950 3.90986 NaN NaN NaN 153.40129 -112.49052 -27.32743 257.23657 -184.86847 -24.65006 NaN NaN NaN -1.34024 -206.37680 21.36152 -30.86266 -202.16354 -105.44026
31951 3.91819 NaN NaN NaN 153.40556 -112.45183 -27.33006 257.22964 -184.84669 -24.65377 NaN NaN NaN -1.41623 -206.41141 21.36705 -30.86856 -202.16586 -105.44798
31952 3.92652 NaN NaN NaN 153.37254 -112.48362 -27.37552 257.23505 -184.83292 -24.64521 NaN NaN NaN -1.51628 -206.48238 21.37011 -30.85512 -202.16124 -105.44862
31953 3.93485 NaN NaN NaN 153.39055 -112.45210 -27.32513 257.24945 -184.83191 -24.64130 NaN NaN NaN -1.61876 -206.56067 21.37191 -30.85868 -202.16405 -105.47636
31954 3.94318 NaN NaN NaN 153.39180 -112.44047 -27.30025 257.24283 -184.82083 -24.63104 NaN NaN NaN -1.72283 -206.61894 21.38354 -30.81930 -202.10764 -105.53730
31955 3.95151 NaN NaN NaN 153.38438 -112.44262 -27.30655 257.23895 -184.82678 -24.63745 NaN NaN NaN -1.83094 -206.66577 21.36315 -30.79469 -202.08174 -105.62956
31956 3.95984 NaN NaN NaN 153.38965 -112.43250 -27.31943 257.23532 -184.82701 -24.61861 NaN NaN NaN -1.94855 -206.74973 21.33840 -30.77529 -202.03819 -105.64761
31957 3.96817 NaN NaN NaN 153.36874 -112.49934 -27.40777 257.22241 -184.83069 -24.62677 NaN NaN NaN -2.06903 -206.83221 21.33523 -30.72719 -201.96251 -105.66148
31958 3.97651 NaN NaN NaN 153.35909 -112.53040 -27.43997 257.22311 -184.80754 -24.61126 NaN NaN NaN -2.14154 -206.91763 21.28841 -30.71968 -201.95793 -105.69311
31959 3.98484 NaN NaN NaN 153.35095 -112.55458 -27.45947 257.19727 -184.81801 -24.57984 NaN NaN NaN -2.20228 -206.98735 21.27265 -30.69247 -201.93237 -105.75294
31960 3.99317 NaN NaN NaN 153.38287 -112.52644 -27.46154 257.18921 -184.79265 -24.57392 NaN NaN NaN -2.24312 -207.00882 21.26928 -30.64754 -201.91823 -105.82269
31961 4.00150 NaN NaN NaN 153.35158 -112.48897 -27.49885 257.17609 -184.78816 -24.56652 NaN NaN NaN -2.26279 -207.00339 21.24781 -30.61558 -201.88205 -105.87354
31962 4.00983 NaN NaN NaN 153.33760 -112.43164 -27.53628 257.15427 -184.78979 -24.54153 NaN NaN NaN -2.26182 -207.00069 21.23420 -30.57935 -201.83269 -105.87384
31963 4.01816 NaN NaN NaN 153.31828 -112.41280 -27.55155 257.15414 -184.79254 -24.52202 NaN NaN NaN -2.25542 -206.99258 21.21219 -30.52767 -201.79297 -105.91811
31964 4.02649 NaN NaN NaN 153.31978 -112.38363 -27.56999 257.13181 -184.76073 -24.48257 NaN NaN NaN -2.21660 -206.96983 21.20896 -30.48947 -201.72496 -105.95055
31965 4.03482 NaN NaN NaN 153.31665 -112.37095 -27.57271 257.12604 -184.77034 -24.44509 NaN NaN NaN -2.18053 -206.91010 21.20012 -30.46393 -201.68143 -105.95918
31966 4.04316 NaN NaN NaN 153.32733 -112.35963 -27.57315 257.10245 -184.74826 -24.43153 NaN NaN NaN -2.13534 -206.87003 21.19775 -30.46545 -201.68913 -105.96994
31967 4.05149 NaN NaN NaN 153.31628 -112.33164 -27.58335 257.09265 -184.75067 -24.40938 NaN NaN NaN -2.08916 -206.85184 21.18536 -30.39578 -201.61879 -105.89845
31968 4.05982 NaN NaN NaN 153.28421 -112.31391 -27.59877 257.04678 -184.75685 -24.41873 NaN NaN NaN -2.05095 -206.83249 21.17134 -30.37564 -201.58946 -105.94332
31969 4.06815 NaN NaN NaN 153.26086 -112.29572 -27.60895 257.00845 -184.74214 -24.37070 NaN NaN NaN -2.03879 -206.80316 21.16212 -30.37451 -201.60239 -105.99880
31970 4.07648 NaN NaN NaN 153.25485 -112.28629 -27.61020 256.97684 -184.71301 -24.29676 NaN NaN NaN -2.01620 -206.77298 21.14540 -30.34826 -201.53467 -106.00857
31971 4.08481 NaN NaN NaN 153.24361 -112.27902 -27.61734 256.95880 -184.70082 -24.25300 NaN NaN NaN -2.00532 -206.75320 21.13445 -30.33624 -201.46584 -106.00018
31972 4.09314 NaN NaN NaN 153.25003 -112.25082 -27.63476 256.94223 -184.68710 -24.21094 NaN NaN NaN -2.00624 -206.74959 21.11949 -30.30314 -201.39261 -105.99775
31973 4.10148 NaN NaN NaN 153.23267 -112.22106 -27.62156 256.93524 -184.65346 -24.17770 NaN NaN NaN -2.04411 -206.76588 21.12129 -30.25761 -201.33707 -106.03861
31974 4.10981 NaN NaN NaN 153.22964 -112.20107 -27.64143 256.93149 -184.63956 -24.15391 NaN NaN NaN -2.12343 -206.82829 21.12393 -30.24063 -201.28250 -106.08353
31975 4.11814 NaN NaN NaN 153.22546 -112.17528 -27.66448 256.93921 -184.61665 -24.13243 NaN NaN NaN -2.25632 -206.93481 21.13197 -30.16043 -201.14462 -106.11842
31976 4.12647 NaN NaN NaN 153.19241 -112.16374 -27.67839 256.90326 -184.60910 -24.07828 NaN NaN NaN -2.47035 -207.06264 21.12391 -30.06573 -200.99335 -106.18387
31977 4.13480 NaN NaN NaN 153.17177 -112.11731 -27.69488 256.86926 -184.56512 -24.02944 NaN NaN NaN -2.64314 -207.16351 21.11926 -29.98885 -200.88861 -106.21191
31978 4.14313 NaN NaN NaN 153.15271 -112.03994 -27.77386 256.81274 -184.54134 -23.99489 NaN NaN NaN -2.77230 -207.24680 21.13157 -29.95177 -200.81750 -106.25964
31979 4.15146 NaN NaN NaN 153.10193 -111.93137 -27.81652 256.76279 -184.50693 -23.97263 NaN NaN NaN -2.88395 -207.30013 21.11936 -29.89022 -200.72037 -106.28603
31980 4.15979 NaN NaN NaN 153.07396 -111.86976 -27.89462 256.71472 -184.50389 -23.93298 NaN NaN NaN -3.03703 -207.39418 21.10540 -29.79388 -200.60793 -106.31691
31981 4.16813 NaN NaN NaN 153.04761 -111.80585 -27.91962 256.64893 -184.47270 -23.89820 NaN NaN NaN -3.21276 -207.48412 21.04475 -29.63977 -200.41772 -106.33200
31982 4.17646 NaN NaN NaN 153.01091 -111.76542 -27.95876 256.58472 -184.41187 -23.83763 NaN NaN NaN -3.38770 -207.56924 21.00363 -29.48995 -200.28304 -106.45776
31983 4.18479 NaN NaN NaN 152.95566 -111.73766 -28.01140 256.53677 -184.36998 -23.80070 NaN NaN NaN -3.57068 -207.64305 20.94505 -29.36340 -200.11035 -106.62205
31984 4.19312 NaN NaN NaN 152.93344 -111.74275 -28.07134 256.48734 -184.30956 -23.72211 NaN NaN NaN -3.66228 -207.70241 20.92978 -29.21104 -199.97000 -106.68565
31985 4.20145 NaN NaN NaN 152.91069 -111.73441 -28.09059 256.45474 -184.27116 -23.67325 NaN NaN NaN -3.68982 -207.73712 20.91728 -29.07627 -199.82933 -106.75302
31986 4.20978 NaN NaN NaN 152.89047 -111.69838 -28.11982 256.44827 -184.25342 -23.62479 NaN NaN NaN -3.72915 -207.76505 20.88138 -29.00272 -199.75272 -106.78741
31987 4.21811 NaN NaN NaN 152.89328 -111.69205 -28.10791 256.43927 -184.24747 -23.62082 NaN NaN NaN -3.77579 -207.80103 20.85001 -28.90175 -199.67336 -106.76395
31988 4.22644 NaN NaN NaN 152.90938 -111.67500 -28.08682 256.45657 -184.25719 -23.62383 NaN NaN NaN -3.86552 -207.84750 20.78034 -28.77778 -199.59262 -106.83810
31989 4.23478 NaN NaN NaN 152.91713 -111.66955 -28.05306 256.46378 -184.25926 -23.66269 NaN NaN NaN -3.94757 -207.91235 20.69565 -28.65303 -199.52255 -106.91961
31990 4.24311 NaN NaN NaN 152.94289 -111.65506 -28.00196 256.49039 -184.25764 -23.64553 NaN NaN NaN -4.04130 -207.97226 20.62997 -28.53324 -199.41971 -107.04713
31991 4.25144 NaN NaN NaN 152.94795 -111.65453 -27.95931 256.48856 -184.25789 -23.67066 NaN NaN NaN -4.14097 -208.02534 20.55306 -28.43417 -199.29489 -107.11731
31992 4.25977 NaN NaN NaN 152.96033 -111.63771 -27.93607 256.50153 -184.26855 -23.67270 NaN NaN NaN -4.25556 -208.11111 20.49459 -28.35297 -199.25002 -107.19137
31993 4.26810 NaN NaN NaN 152.93065 -111.64334 -27.92718 256.50668 -184.26576 -23.70138 NaN NaN NaN -4.36720 -208.20186 20.45209 -28.23992 -199.19310 -107.33818
31994 4.27643 NaN NaN NaN 152.94211 -111.67247 -27.95490 256.51630 -184.29486 -23.66967 NaN NaN NaN -4.45655 -208.30000 20.41317 -28.18222 -199.11787 -107.38570
31995 4.28476 NaN NaN NaN 152.92181 -111.66942 -27.94989 256.51038 -184.28487 -23.69109 NaN NaN NaN -4.50015 -208.36244 20.34901 -28.19470 -199.07913 -107.44048
31996 4.29310 NaN NaN NaN 152.95935 -111.65431 -27.92657 256.51016 -184.29520 -23.69840 NaN NaN NaN -4.57696 -208.44241 20.31674 -28.22797 -199.05092 -107.48644
31997 4.30143 NaN NaN NaN 152.94504 -111.65313 -27.93893 256.49991 -184.25156 -23.70707 NaN NaN NaN -4.66227 -208.51254 20.30637 -28.24848 -199.03058 -107.53224
31998 4.30976 NaN NaN NaN 152.94368 -111.66618 -27.94399 256.50635 -184.26292 -23.71030 NaN NaN NaN -4.74524 -208.59099 20.26405 -28.25837 -199.04501 -107.54320
31999 4.31809 NaN NaN NaN 152.95813 -111.63751 -27.92476 256.51215 -184.25980 -23.72595 NaN NaN NaN -4.78440 -208.62897 20.25386 -28.26801 -199.05650 -107.55820
32000 4.32642 NaN NaN NaN 152.96548 -111.64709 -27.92222 256.51578 -184.27589 -23.72862 NaN NaN NaN -4.80100 -208.67090 20.24631 -28.31096 -199.06091 -107.56223
32001 4.33475 NaN NaN NaN 152.95772 -111.64279 -27.90520 256.52563 -184.27390 -23.75568 NaN NaN NaN -4.79361 -208.70049 20.23001 -28.35135 -199.09566 -107.56115
32002 4.34308 NaN NaN NaN 152.96275 -111.66759 -27.89144 256.52429 -184.30324 -23.74857 NaN NaN NaN -4.78731 -208.70857 20.21883 -28.37099 -199.12239 -107.53403
32003 4.35141 NaN NaN NaN 152.99904 -111.63687 -27.85150 256.54846 -184.29823 -23.79134 NaN NaN NaN -4.74198 -208.70323 20.20327 -28.38252 -199.16945 -107.52792
32004 4.35975 NaN NaN NaN 153.01236 -111.61965 -27.83711 256.54913 -184.32153 -23.80248 NaN NaN NaN -4.71618 -208.70755 20.19524 -28.36198 -199.15805 -107.54324
32005 4.36808 NaN NaN NaN 153.01952 -111.62473 -27.84436 256.55341 -184.31534 -23.80861 NaN NaN NaN -4.68973 -208.72865 20.18585 -28.30406 -199.16611 -107.57005
32006 4.37641 NaN NaN NaN 152.98695 -111.65763 -27.90629 256.53757 -184.31894 -23.76262 NaN NaN NaN -4.67499 -208.75143 20.16786 -28.26184 -199.13098 -107.58341
32007 4.38474 NaN NaN NaN 152.96411 -111.65532 -27.91846 256.53439 -184.30724 -23.77555 NaN NaN NaN -4.60343 -208.71942 20.14927 -28.26602 -199.12016 -107.59182
32008 4.39307 NaN NaN NaN 152.98227 -111.68488 -27.91869 256.54156 -184.32980 -23.79488 NaN NaN NaN -4.54728 -208.67960 20.12125 -28.24824 -199.11314 -107.60733
32009 4.40140 NaN NaN NaN 153.00258 -111.69503 -27.88723 256.55823 -184.34024 -23.81805 NaN NaN NaN -4.52557 -208.64914 20.11434 -28.23549 -199.14063 -107.62381
32010 4.40973 NaN NaN NaN 153.00638 -111.70773 -27.90676 256.56516 -184.35301 -23.82757 NaN NaN NaN -4.51481 -208.66142 20.08060 -28.20735 -199.13556 -107.67440
32011 4.41806 NaN NaN NaN 153.01155 -111.68685 -27.88968 256.56668 -184.36945 -23.83313 NaN NaN NaN -4.52689 -208.68370 20.02936 -28.13710 -199.10132 -107.69124
32012 4.42640 NaN NaN NaN 153.01506 -111.71445 -27.93728 256.57199 -184.37222 -23.84409 NaN NaN NaN -4.54313 -208.72545 20.00995 -28.05777 -199.08331 -107.71702
32013 4.43473 NaN NaN NaN 153.01259 -111.72722 -27.93551 256.59183 -184.38432 -23.85633 NaN NaN NaN -4.63830 -208.76952 19.94902 -27.98177 -198.99661 -107.75186
32014 4.44306 NaN NaN NaN 153.02705 -111.76694 -27.96247 256.58502 -184.39169 -23.86891 NaN NaN NaN -4.82796 -208.87714 19.91164 -27.92747 -198.94868 -107.81399
32015 4.45139 NaN NaN NaN 153.01927 -111.76302 -27.97904 256.61035 -184.38959 -23.88774 NaN NaN NaN -4.98508 -208.94070 19.87691 -27.86564 -198.90178 -107.86150
32016 4.45972 NaN NaN NaN 153.01198 -111.77694 -27.99078 256.60724 -184.40353 -23.89702 NaN NaN NaN -5.13087 -209.02362 19.86393 -27.86694 -198.89139 -107.91030
32017 4.46805 NaN NaN NaN 153.03575 -111.72784 -27.99803 256.60587 -184.39970 -23.90312 NaN NaN NaN -5.26501 -209.10216 19.87131 -27.85075 -198.89485 -107.92587
32018 4.47638 NaN NaN NaN 153.02225 -111.73888 -28.03843 256.58685 -184.39525 -23.91070 NaN NaN NaN -5.35702 -209.14534 19.91017 -27.83485 -198.90399 -107.88496
32019 4.48471 NaN NaN NaN 153.03629 -111.70976 -28.02784 256.58188 -184.38405 -23.90262 NaN NaN NaN -5.38627 -209.16261 19.93836 -27.82815 -198.94145 -107.88104
32020 4.49305 NaN NaN NaN 153.03470 -111.74103 -27.99603 256.58121 -184.38446 -23.92369 NaN NaN NaN -5.39178 -209.16534 19.97506 -27.82275 -198.99551 -107.84726
32021 4.50138 NaN NaN NaN 153.02942 -111.76448 -27.96132 256.59778 -184.40683 -23.94189 NaN NaN NaN -5.34090 -209.12367 20.00309 -27.80526 -199.02235 -107.83546
32022 4.50971 NaN NaN NaN 153.03233 -111.78328 -27.90972 256.63892 -184.43335 -23.96335 NaN NaN NaN -5.27529 -209.06161 19.99920 -27.75760 -198.98860 -107.78181
32023 4.51804 NaN NaN NaN 153.03229 -111.79839 -27.86045 256.64288 -184.45676 -23.98105 NaN NaN NaN -5.20663 -209.01883 20.00889 -27.68330 -199.00256 -107.82199
32024 4.52637 NaN NaN NaN 153.07535 -111.78822 -27.82876 256.66403 -184.48112 -24.00171 NaN NaN NaN -5.12058 -208.96159 19.98868 -27.59818 -198.98189 -107.86413
32025 4.53470 NaN NaN NaN 153.09921 -111.77498 -27.78532 256.67896 -184.48244 -24.02350 NaN NaN NaN -5.02290 -208.90062 19.96599 -27.54192 -198.94388 -107.93376
32026 4.54303 NaN NaN NaN 153.12608 -111.79268 -27.75965 256.69919 -184.49712 -24.03623 NaN NaN NaN -4.95071 -208.86870 19.92731 -27.48991 -198.89168 -107.97901
32027 4.55137 NaN NaN NaN 153.13188 -111.80635 -27.73432 256.70801 -184.48409 -24.05229 NaN NaN NaN -4.87314 -208.83656 19.90522 -27.41569 -198.84644 -108.01344
32028 4.55970 NaN NaN NaN 153.12126 -111.86618 -27.68521 256.72626 -184.49170 -24.06868 NaN NaN NaN -4.73896 -208.79773 19.82425 -27.33506 -198.83026 -108.02293
