Frame# Time LH1 LH2 LH3 RH1 RH2 RH3
X54 Y54 Z54 X55 Y55 Z55 X56 Y56 Z56 X57 Y57 Z57 X58 Y58 Z58 X59 Y59 Z59
18016 0.00824 NaN NaN NaN 146.09137 -70.62764 -31.46663 235.71223 -159.70251 -26.10629 NaN NaN NaN 30.79738 -165.87700 14.00648 -46.69876 -193.11693 -87.11581
18017 0.01659 NaN NaN NaN 146.09113 -70.64365 -31.45610 235.72298 -159.69397 -26.11266 NaN NaN NaN 30.79524 -165.85341 13.99047 -46.70912 -193.10736 -87.13078
18018 0.02493 NaN NaN NaN 146.09251 -70.64789 -31.45862 235.71495 -159.69928 -26.11417 NaN NaN NaN 30.81211 -165.84958 14.00144 -46.70151 -193.10658 -87.13595
18019 0.03328 NaN NaN NaN 146.09763 -70.63335 -31.47353 235.72781 -159.68263 -26.11966 NaN NaN NaN 30.79584 -165.83588 13.97684 -46.71127 -193.07883 -87.15206
18020 0.04163 NaN NaN NaN 146.09607 -70.63242 -31.46894 235.70474 -159.66542 -26.11703 NaN NaN NaN 30.77987 -165.82739 13.99507 -46.71857 -193.05978 -87.17171
18021 0.04997 NaN NaN NaN 146.09361 -70.61520 -31.47261 235.71313 -159.66344 -26.11347 NaN NaN NaN 30.77114 -165.82355 13.99281 -46.73040 -193.05075 -87.18543
18022 0.05832 NaN NaN NaN 146.08322 -70.61373 -31.47082 235.70921 -159.66740 -26.10965 NaN NaN NaN 30.78839 -165.84204 13.99303 -46.73344 -193.04837 -87.16220
18023 0.06667 NaN NaN NaN 146.07532 -70.60996 -31.46745 235.71068 -159.69014 -26.11613 NaN NaN NaN 30.76204 -165.83571 13.97671 -46.74038 -193.05197 -87.17255
18024 0.07501 NaN NaN NaN 146.07915 -70.61405 -31.45359 235.70438 -159.68802 -26.11695 NaN NaN NaN 30.77240 -165.83649 14.00469 -46.72945 -193.04915 -87.17890
18025 0.08336 NaN NaN NaN 146.06711 -70.64431 -31.46236 235.70937 -159.68655 -26.11617 NaN NaN NaN 30.75899 -165.82709 13.97511 -46.72485 -193.04314 -87.18632
18026 0.09170 NaN NaN NaN 146.05646 -70.65225 -31.46328 235.70644 -159.68825 -26.11823 NaN NaN NaN 30.77038 -165.84341 14.00749 -46.71692 -193.04034 -87.18694
18027 0.10005 NaN NaN NaN 146.04721 -70.66261 -31.48472 235.70932 -159.70187 -26.12042 NaN NaN NaN 30.77626 -165.85110 13.99527 -46.74063 -193.04636 -87.18546
18028 0.10840 NaN NaN NaN 146.05847 -70.66587 -31.46054 235.71358 -159.69295 -26.12520 NaN NaN NaN 30.77051 -165.86026 13.98957 -46.73911 -193.03674 -87.18974
18029 0.11674 NaN NaN NaN 146.06526 -70.65878 -31.44958 235.72221 -159.69351 -26.12770 NaN NaN NaN 30.77543 -165.84360 13.98978 -46.73278 -193.03328 -87.19341
18030 0.12509 NaN NaN NaN 146.06055 -70.66879 -31.44657 235.72389 -159.71072 -26.13571 NaN NaN NaN 30.77361 -165.84918 13.99003 -46.73047 -193.02710 -87.19337
18031 0.13344 NaN NaN NaN 146.04733 -70.67831 -31.44601 235.72572 -159.70847 -26.13890 NaN NaN NaN 30.76384 -165.84256 13.99769 -46.72525 -193.01707 -87.20209
18032 0.14178 NaN NaN NaN 146.02840 -70.69226 -31.44146 235.73244 -159.70363 -26.14575 NaN NaN NaN 30.75982 -165.85022 13.97845 -46.74053 -193.01857 -87.19914
18033 0.15013 NaN NaN NaN 146.04256 -70.68335 -31.43414 235.73586 -159.70938 -26.14150 NaN NaN NaN 30.75876 -165.85695 13.97644 -46.74623 -193.01836 -87.19882
18034 0.15848 NaN NaN NaN 146.04282 -70.69888 -31.42690 235.74387 -159.71632 -26.14820 NaN NaN NaN 30.76319 -165.88025 13.97664 -46.73735 -193.02399 -87.20016
18035 0.16682 NaN NaN NaN 146.05450 -70.69536 -31.42670 235.74202 -159.71933 -26.14429 NaN NaN NaN 30.75805 -165.89813 13.99290 -46.73320 -193.03433 -87.20016
18036 0.17517 NaN NaN NaN 146.05162 -70.69678 -31.43142 235.73805 -159.72862 -26.15501 NaN NaN NaN 30.74614 -165.89986 13.98377 -46.73420 -193.03798 -87.20103
18037 0.18352 NaN NaN NaN 146.05099 -70.70496 -31.42371 235.73141 -159.73582 -26.14817 NaN NaN NaN 30.73419 -165.92517 13.98900 -46.74807 -193.04233 -87.18879
18038 0.19186 NaN NaN NaN 146.04039 -70.70863 -31.41823 235.73367 -159.75562 -26.16616 NaN NaN NaN 30.73475 -165.93390 13.98013 -46.75575 -193.04280 -87.19917
18039 0.20021 NaN NaN NaN 146.03242 -70.71612 -31.40704 235.73270 -159.75873 -26.15887 NaN NaN NaN 30.72717 -165.93468 13.97144 -46.76807 -193.03879 -87.20198
18040 0.20856 NaN NaN NaN 146.05971 -70.75131 -31.39842 235.74672 -159.76466 -26.17075 NaN NaN NaN 30.71226 -165.92667 13.95671 -46.75920 -193.03668 -87.21249
18041 0.21690 NaN NaN NaN 146.05467 -70.75304 -31.38316 235.74698 -159.75485 -26.17908 NaN NaN NaN 30.70530 -165.93024 13.93927 -46.75686 -193.01563 -87.22639
18042 0.22525 NaN NaN NaN 146.06128 -70.76247 -31.39051 235.75249 -159.76434 -26.17337 NaN NaN NaN 30.68981 -165.90375 13.91765 -46.75376 -193.00012 -87.24706
18043 0.23360 NaN NaN NaN 146.06102 -70.75772 -31.39469 235.74776 -159.77158 -26.17050 NaN NaN NaN 30.68551 -165.90274 13.91118 -46.75666 -192.98370 -87.26144
18044 0.24194 NaN NaN NaN 146.06851 -70.76736 -31.38940 235.75690 -159.77644 -26.17865 NaN NaN NaN 30.69584 -165.90039 13.90814 -46.76399 -192.97438 -87.27724
18045 0.25029 NaN NaN NaN 146.06436 -70.77538 -31.39236 235.75197 -159.78386 -26.17660 NaN NaN NaN 30.70203 -165.91663 13.91151 -46.78249 -192.94122 -87.29028
18046 0.25864 NaN NaN NaN 146.06555 -70.76026 -31.39946 235.73485 -159.76692 -26.17699 NaN NaN NaN 30.69070 -165.88695 13.87856 -46.79057 -192.91983 -87.31075
18047 0.26698 NaN NaN NaN 146.06685 -70.74880 -31.40246 235.74089 -159.76485 -26.17792 NaN NaN NaN 30.66983 -165.88129 13.87242 -46.79230 -192.90186 -87.31545
18048 0.27533 NaN NaN NaN 146.06177 -70.72822 -31.40739 235.73575 -159.76814 -26.17518 NaN NaN NaN 30.65833 -165.85365 13.88072 -46.78964 -192.87648 -87.34059
18049 0.28368 NaN NaN NaN 146.05870 -70.72131 -31.41322 235.72826 -159.76900 -26.17051 NaN NaN NaN 30.65364 -165.87401 13.87550 -46.80178 -192.84695 -87.36160
18050 0.29202 NaN NaN NaN 146.06274 -70.72985 -31.40794 235.72545 -159.77434 -26.17523 NaN NaN NaN 30.64499 -165.86176 13.87579 -46.80626 -192.83905 -87.37063
18051 0.30037 NaN NaN NaN 146.06654 -70.70842 -31.37908 235.72447 -159.78384 -26.15890 NaN NaN NaN 30.61964 -165.88800 13.89187 -46.82276 -192.84006 -87.35531
18052 0.30872 NaN NaN NaN 146.06477 -70.71336 -31.37264 235.73215 -159.77008 -26.17241 NaN NaN NaN 30.59677 -165.89032 13.88516 -46.81789 -192.84729 -87.35578
18053 0.31706 NaN NaN NaN 146.06671 -70.72182 -31.38399 235.73708 -159.77846 -26.16885 NaN NaN NaN 30.58589 -165.89029 13.88769 -46.83087 -192.84059 -87.36576
18054 0.32541 NaN NaN NaN 146.07835 -70.74924 -31.38224 235.74443 -159.77388 -26.16946 NaN NaN NaN 30.58587 -165.90483 13.90553 -46.81977 -192.82761 -87.37878
18055 0.33375 NaN NaN NaN 146.08206 -70.72963 -31.39422 235.74158 -159.77652 -26.17699 NaN NaN NaN 30.57941 -165.92538 13.91057 -46.84732 -192.82877 -87.38245
18056 0.34210 NaN NaN NaN 146.08176 -70.74561 -31.39452 235.74971 -159.78093 -26.17943 NaN NaN NaN 30.56982 -165.91599 13.91269 -46.85274 -192.82217 -87.37913
18057 0.35045 NaN NaN NaN 146.08157 -70.73167 -31.36927 235.74330 -159.77614 -26.18785 NaN NaN NaN 30.56832 -165.95421 13.91432 -46.83649 -192.83282 -87.37830
18058 0.35879 NaN NaN NaN 146.08894 -70.73499 -31.36497 235.75282 -159.77490 -26.19435 NaN NaN NaN 30.56602 -165.95808 13.90981 -46.82992 -192.82501 -87.38948
18059 0.36714 NaN NaN NaN 146.10187 -70.71577 -31.35828 235.75584 -159.76642 -26.19261 NaN NaN NaN 30.57747 -165.95924 13.90106 -46.84487 -192.82927 -87.38896
18060 0.37549 NaN NaN NaN 146.10997 -70.73172 -31.35250 235.75822 -159.79028 -26.21673 NaN NaN NaN 30.57528 -165.97751 13.89371 -46.83983 -192.83253 -87.39465
18061 0.38383 NaN NaN NaN 146.11368 -70.72333 -31.36755 235.76198 -159.80591 -26.23544 NaN NaN NaN 30.58298 -165.98657 13.88220 -46.83740 -192.82437 -87.41554
18062 0.39218 NaN NaN NaN 146.11142 -70.76406 -31.38038 235.77139 -159.80823 -26.22138 NaN NaN NaN 30.58975 -166.00452 13.89015 -46.84710 -192.81882 -87.41972
18063 0.40053 NaN NaN NaN 146.11629 -70.73997 -31.36945 235.77577 -159.81050 -26.22055 NaN NaN NaN 30.58265 -165.99097 13.85180 -46.83395 -192.80693 -87.43093
18064 0.40887 NaN NaN NaN 146.12840 -70.78079 -31.37348 235.75580 -159.81705 -26.23843 NaN NaN NaN 30.56544 -165.99254 13.87721 -46.83470 -192.79893 -87.42412
18065 0.41722 NaN NaN NaN 146.12254 -70.78049 -31.38348 235.75676 -159.79622 -26.23937 NaN NaN NaN 30.56742 -165.97629 13.85464 -46.83125 -192.80089 -87.43768
18066 0.42557 NaN NaN NaN 146.15874 -70.72858 -31.39893 235.78041 -159.80193 -26.22338 NaN NaN NaN 30.55874 -165.97371 13.85125 -46.83292 -192.79626 -87.43176
18067 0.43391 NaN NaN NaN 146.20874 -70.67923 -31.37848 235.79202 -159.79228 -26.21974 NaN NaN NaN 30.57196 -165.96840 13.84386 -46.82943 -192.79025 -87.44418
18068 0.44226 NaN NaN NaN 146.15077 -70.73357 -31.38721 235.79390 -159.80252 -26.20973 NaN NaN NaN 30.57063 -165.97318 13.87685 -46.83768 -192.79179 -87.43058
18069 0.45061 NaN NaN NaN 146.13704 -70.75647 -31.37580 235.78427 -159.79190 -26.20931 NaN NaN NaN 30.55507 -165.96832 13.85811 -46.84230 -192.78752 -87.42868
18070 0.45895 NaN NaN NaN 146.11440 -70.79465 -31.38055 235.77904 -159.81024 -26.21227 NaN NaN NaN 30.54282 -166.00233 13.87022 -46.84573 -192.78627 -87.42934
18071 0.46730 NaN NaN NaN 146.11317 -70.77428 -31.35700 235.77235 -159.80013 -26.22360 NaN NaN NaN 30.53367 -166.00264 13.88737 -46.84005 -192.77815 -87.44202
18072 0.47565 NaN NaN NaN 146.12044 -70.78131 -31.34421 235.77249 -159.79379 -26.22573 NaN NaN NaN 30.50769 -166.02269 13.87818 -46.83337 -192.78334 -87.45613
18073 0.48399 NaN NaN NaN 146.12253 -70.75167 -31.36435 235.77443 -159.79428 -26.23350 NaN NaN NaN 30.49711 -166.03461 13.87722 -46.84854 -192.79060 -87.46231
18074 0.49234 NaN NaN NaN 146.10425 -70.76902 -31.37766 235.77425 -159.80751 -26.23771 NaN NaN NaN 30.48883 -166.05913 13.90098 -46.85014 -192.78966 -87.46415
18075 0.50069 NaN NaN NaN 146.11104 -70.74723 -31.37352 235.75157 -159.82721 -26.24869 NaN NaN NaN 30.45453 -166.07018 13.88482 -46.85582 -192.80482 -87.49218
18076 0.50903 NaN NaN NaN 146.10588 -70.77613 -31.37064 235.76308 -159.82739 -26.23503 NaN NaN NaN 30.44884 -166.07616 13.87342 -46.86108 -192.80489 -87.50677
18077 0.51738 NaN NaN NaN 146.10364 -70.76431 -31.36816 235.75529 -159.83020 -26.23061 NaN NaN NaN 30.44331 -166.06720 13.86004 -46.85676 -192.81332 -87.51833
18078 0.52573 NaN NaN NaN 146.09337 -70.80244 -31.36981 235.74799 -159.81860 -26.24772 NaN NaN NaN 30.41704 -166.06653 13.86115 -46.86437 -192.81010 -87.51521
18079 0.53407 NaN NaN NaN 146.09091 -70.78896 -31.38394 235.74837 -159.82457 -26.25360 NaN NaN NaN 30.39251 -166.08037 13.86735 -46.87632 -192.80476 -87.52676
18080 0.54242 NaN NaN NaN 146.07510 -70.80470 -31.38267 235.74464 -159.81534 -26.24751 NaN NaN NaN 30.38584 -166.09058 13.86987 -46.88177 -192.79539 -87.52902
18081 0.55077 NaN NaN NaN 146.08289 -70.78528 -31.38345 235.74800 -159.81932 -26.24716 NaN NaN NaN 30.34844 -166.10173 13.87216 -46.89157 -192.78763 -87.53217
18082 0.55911 NaN NaN NaN 146.09544 -70.77167 -31.37906 235.74394 -159.81947 -26.24989 NaN NaN NaN 30.35248 -166.13678 13.89767 -46.89829 -192.77562 -87.54490
18083 0.56746 NaN NaN NaN 146.07063 -70.77573 -31.38150 235.74739 -159.82947 -26.25259 NaN NaN NaN 30.32900 -166.14908 13.89207 -46.90480 -192.77495 -87.56631
18084 0.57581 NaN NaN NaN 146.08319 -70.75520 -31.39004 235.74341 -159.82082 -26.25368 NaN NaN NaN 30.31764 -166.18460 13.92173 -46.91663 -192.77563 -87.57236
18085 0.58415 NaN NaN NaN 146.06384 -70.72410 -31.39265 235.73131 -159.80406 -26.25424 NaN NaN NaN 30.28146 -166.20595 13.90711 -46.92125 -192.78421 -87.58301
18086 0.59250 NaN NaN NaN 146.06422 -70.72895 -31.39492 235.72771 -159.78284 -26.26963 NaN NaN NaN 30.25211 -166.25409 13.93686 -46.93595 -192.78160 -87.60096
18087 0.60084 NaN NaN NaN 146.03551 -70.72940 -31.39938 235.72345 -159.75749 -26.27390 NaN NaN NaN 30.24263 -166.28525 13.95292 -46.93602 -192.77219 -87.60589
18088 0.60919 NaN NaN NaN 146.05702 -70.73337 -31.39314 235.72209 -159.74728 -26.28267 NaN NaN NaN 30.24097 -166.32726 13.96811 -46.95015 -192.78600 -87.61360
18089 0.61754 NaN NaN NaN 146.04167 -70.72061 -31.38404 235.72516 -159.75879 -26.27403 NaN NaN NaN 30.23553 -166.36520 13.98315 -46.93645 -192.79793 -87.60086
18090 0.62588 NaN NaN NaN 146.04836 -70.70201 -31.38783 235.72719 -159.77751 -26.26605 NaN NaN NaN 30.21973 -166.41245 13.99657 -46.93952 -192.81648 -87.60204
18091 0.63423 NaN NaN NaN 146.04250 -70.68726 -31.39296 235.71838 -159.78584 -26.27044 NaN NaN NaN 30.19076 -166.47260 14.00222 -46.96083 -192.83081 -87.60583
18092 0.64258 NaN NaN NaN 146.03448 -70.68335 -31.40985 235.71680 -159.78319 -26.26592 NaN NaN NaN 30.13842 -166.50386 14.01149 -46.98210 -192.84024 -87.62182
18093 0.65092 NaN NaN NaN 146.03423 -70.68628 -31.41618 235.70998 -159.76965 -26.26751 NaN NaN NaN 30.11889 -166.53975 14.00366 -46.99190 -192.83635 -87.63134
18094 0.65927 NaN NaN NaN 146.02280 -70.68523 -31.41817 235.71707 -159.75134 -26.27334 NaN NaN NaN 30.12351 -166.55777 14.00793 -46.99595 -192.83069 -87.64257
18095 0.66762 NaN NaN NaN 146.02303 -70.69633 -31.41454 235.71751 -159.75818 -26.27842 NaN NaN NaN 30.09800 -166.56319 14.01474 -46.99829 -192.85837 -87.66897
18096 0.67596 NaN NaN NaN 146.03490 -70.70862 -31.43062 235.71666 -159.74408 -26.29045 NaN NaN NaN 30.09038 -166.59332 14.02608 -47.03170 -192.88406 -87.65482
18097 0.68431 NaN NaN NaN 146.02518 -70.70053 -31.42383 235.70068 -159.76524 -26.28944 NaN NaN NaN 30.04928 -166.66240 14.04908 -47.04694 -192.90970 -87.64479
18098 0.69266 NaN NaN NaN 146.01610 -70.69656 -31.43352 235.69289 -159.75638 -26.28374 NaN NaN NaN 30.01974 -166.75032 14.06718 -47.07001 -192.94473 -87.65660
18099 0.70100 NaN NaN NaN 146.01038 -70.69290 -31.44409 235.69643 -159.76752 -26.28356 NaN NaN NaN 29.98398 -166.81172 14.08333 -47.08414 -192.98624 -87.69113
18100 0.70935 NaN NaN NaN 146.01463 -70.69346 -31.44805 235.68062 -159.76996 -26.28019 NaN NaN NaN 29.94718 -166.86415 14.11618 -47.12034 -193.01112 -87.68307
18101 0.71770 NaN NaN NaN 145.98082 -70.66688 -31.45126 235.67690 -159.77135 -26.25978 NaN NaN NaN 29.90240 -166.93350 14.12643 -47.14586 -193.03096 -87.70217
18102 0.72604 NaN NaN NaN 145.98666 -70.65697 -31.45656 235.65416 -159.78804 -26.25709 NaN NaN NaN 29.86115 -166.98190 14.12601 -47.17999 -193.05325 -87.70386
18103 0.73439 NaN NaN NaN 145.94241 -70.68695 -31.44959 235.63019 -159.78362 -26.24773 NaN NaN NaN 29.81589 -167.02666 14.14033 -47.20110 -193.07419 -87.69745
18104 0.74274 NaN NaN NaN 145.94856 -70.66457 -31.45704 235.61969 -159.76021 -26.20351 NaN NaN NaN 29.78350 -167.06569 14.14474 -47.21511 -193.12148 -87.71490
18105 0.75108 NaN NaN NaN 145.94652 -70.64925 -31.45633 235.59219 -159.74066 -26.19426 NaN NaN NaN 29.75430 -167.12416 14.16639 -47.23298 -193.14841 -87.71697
18106 0.75943 NaN NaN NaN 145.92830 -70.69291 -31.46745 235.57985 -159.74327 -26.19966 NaN NaN NaN 29.72230 -167.14702 14.14068 -47.24670 -193.19321 -87.72596
18107 0.76778 NaN NaN NaN 145.94183 -70.67163 -31.46651 235.57784 -159.74913 -26.20028 NaN NaN NaN 29.70879 -167.20213 14.16210 -47.26491 -193.21512 -87.71631
18108 0.77612 NaN NaN NaN 145.92574 -70.71072 -31.47407 235.57039 -159.76617 -26.22557 NaN NaN NaN 29.69086 -167.24870 14.16629 -47.27093 -193.25102 -87.72623
18109 0.78447 NaN NaN NaN 145.90149 -70.68262 -31.47511 235.55698 -159.75952 -26.21115 NaN NaN NaN 29.68491 -167.29500 14.19485 -47.29694 -193.25833 -87.73158
18110 0.79282 NaN NaN NaN 145.89020 -70.69213 -31.48171 235.56149 -159.74832 -26.20734 NaN NaN NaN 29.66853 -167.31487 14.20016 -47.31248 -193.27556 -87.72511
18111 0.80116 NaN NaN NaN 145.88196 -70.67059 -31.47906 235.54874 -159.73012 -26.19391 NaN NaN NaN 29.65374 -167.37285 14.22794 -47.35056 -193.27904 -87.70530
18112 0.80951 NaN NaN NaN 145.89455 -70.67960 -31.48898 235.53238 -159.71788 -26.19176 NaN NaN NaN 29.62613 -167.38942 14.24916 -47.36697 -193.31462 -87.69351
18113 0.81786 NaN NaN NaN 145.88289 -70.63783 -31.48980 235.52875 -159.73058 -26.19070 NaN NaN NaN 29.58887 -167.42052 14.25780 -47.41116 -193.31700 -87.67714
18114 0.82620 NaN NaN NaN 145.90726 -70.60683 -31.49306 235.52060 -159.73083 -26.18473 NaN NaN NaN 29.55588 -167.45116 14.25834 -47.42529 -193.33626 -87.67198
18115 0.83455 NaN NaN NaN 145.87280 -70.60993 -31.48948 235.51089 -159.72511 -26.18216 NaN NaN NaN 29.52861 -167.48618 14.27623 -47.45714 -193.39038 -87.65790
18116 0.84289 NaN NaN NaN 145.87825 -70.61614 -31.50772 235.49767 -159.69719 -26.17327 NaN NaN NaN 29.49539 -167.50290 14.30567 -47.48167 -193.43280 -87.61209
18117 0.85124 NaN NaN NaN 145.86627 -70.59067 -31.49915 235.48032 -159.66058 -26.17994 NaN NaN NaN 29.45889 -167.51726 14.32313 -47.53399 -193.49904 -87.57647
18118 0.85959 NaN NaN NaN 145.87041 -70.59906 -31.51383 235.46243 -159.63680 -26.18629 NaN NaN NaN 29.44272 -167.53732 14.32853 -47.55808 -193.55109 -87.53212
18119 0.86793 NaN NaN NaN 145.84853 -70.56538 -31.52641 235.46152 -159.62654 -26.19428 NaN NaN NaN 29.42800 -167.54189 14.34488 -47.60596 -193.56165 -87.51841
18120 0.87628 NaN NaN NaN 145.84479 -70.57344 -31.53701 235.44220 -159.61494 -26.19321 NaN NaN NaN 29.41278 -167.54567 14.35225 -47.62232 -193.60287 -87.51436
18121 0.88463 NaN NaN NaN 145.81926 -70.54986 -31.54036 235.42934 -159.61922 -26.18867 NaN NaN NaN 29.37894 -167.56720 14.35475 -47.63810 -193.59767 -87.49684
18122 0.89297 NaN NaN NaN 145.80780 -70.55140 -31.56693 235.40616 -159.60576 -26.20306 NaN NaN NaN 29.34892 -167.58885 14.37889 -47.66327 -193.62070 -87.46307
18123 0.90132 NaN NaN NaN 145.78087 -70.49706 -31.56894 235.38298 -159.60155 -26.20683 NaN NaN NaN 29.31221 -167.60051 14.39548 -47.69102 -193.62457 -87.41853
18124 0.90967 NaN NaN NaN 145.78271 -70.46187 -31.60771 235.37819 -159.58435 -26.21656 NaN NaN NaN 29.27877 -167.62273 14.42720 -47.71881 -193.66518 -87.38236
18125 0.91801 NaN NaN NaN 145.76575 -70.44463 -31.60102 235.37131 -159.59326 -26.22575 NaN NaN NaN 29.21955 -167.65776 14.46859 -47.75108 -193.69034 -87.34795
18126 0.92636 NaN NaN NaN 145.73660 -70.46841 -31.62079 235.36711 -159.59088 -26.24159 NaN NaN NaN 29.14357 -167.69034 14.48640 -47.80076 -193.70305 -87.31062
18127 0.93471 NaN NaN NaN 145.76840 -70.43262 -31.59705 235.35045 -159.59747 -26.24960 NaN NaN NaN 29.06199 -167.69337 14.53712 -47.85514 -193.75264 -87.26394
18128 0.94305 NaN NaN NaN 145.74272 -70.46867 -31.61603 235.33485 -159.58154 -26.25938 NaN NaN NaN 29.01139 -167.68874 14.56157 -47.91513 -193.77274 -87.22480
18129 0.95140 NaN NaN NaN 145.71500 -70.47434 -31.60409 235.31599 -159.58469 -26.25471 NaN NaN NaN 28.98666 -167.69742 14.58631 -47.97025 -193.77826 -87.19859
18130 0.95975 NaN NaN NaN 145.75191 -70.43394 -31.59438 235.30367 -159.60869 -26.26719 NaN NaN NaN 28.94042 -167.71452 14.60725 -48.01726 -193.78618 -87.18892
18131 0.96809 NaN NaN NaN 145.74483 -70.42634 -31.59145 235.29614 -159.61533 -26.24909 NaN NaN NaN 28.90114 -167.71715 14.62763 -48.10073 -193.77356 -87.17146
18132 0.97644 NaN NaN NaN 145.73511 -70.45765 -31.56358 235.28561 -159.62914 -26.24048 NaN NaN NaN 28.85640 -167.70908 14.62796 -48.15905 -193.77631 -87.15305
18133 0.98479 NaN NaN NaN 145.71732 -70.45251 -31.53969 235.24644 -159.64514 -26.22195 NaN NaN NaN 28.79789 -167.73091 14.66000 -48.25985 -193.81908 -87.11942
18134 0.99313 NaN NaN NaN 145.71747 -70.45054 -31.50885 235.21606 -159.66652 -26.24063 NaN NaN NaN 28.76720 -167.73950 14.68692 -48.33106 -193.85704 -87.04972
18135 1.00148 NaN NaN NaN 145.71400 -70.44691 -31.49851 235.18195 -159.68692 -26.25262 NaN NaN NaN 28.72397 -167.72865 14.71288 -48.38751 -193.88188 -86.98586
18136 1.00983 NaN NaN NaN 145.71179 -70.41663 -31.48304 235.14912 -159.67393 -26.25457 NaN NaN NaN 28.70608 -167.69023 14.74382 -48.46378 -193.90181 -86.91339
18137 1.01817 NaN NaN NaN 145.70499 -70.38925 -31.48056 235.13191 -159.67384 -26.22910 NaN NaN NaN 28.65948 -167.66385 14.77774 -48.55337 -193.91624 -86.82674
18138 1.02652 NaN NaN NaN 145.68141 -70.37315 -31.46137 235.09070 -159.66719 -26.22615 NaN NaN NaN 28.61013 -167.65186 14.84650 -48.61461 -193.93143 -86.76830
18139 1.03487 NaN NaN NaN 145.64784 -70.35076 -31.46202 235.07426 -159.67235 -26.21609 NaN NaN NaN 28.55873 -167.62665 14.88762 -48.66847 -193.94841 -86.70610
18140 1.04321 NaN NaN NaN 145.63657 -70.34280 -31.45858 235.03867 -159.66672 -26.20443 NaN NaN NaN 28.49901 -167.60039 14.90228 -48.72918 -193.97752 -86.66363
18141 1.05156 NaN NaN NaN 145.62859 -70.32110 -31.46339 234.99338 -159.69144 -26.18113 NaN NaN NaN 28.44216 -167.57603 14.94239 -48.78055 -193.99646 -86.61528
18142 1.05991 NaN NaN NaN 145.62274 -70.30779 -31.46214 234.94341 -159.73781 -26.14737 NaN NaN NaN 28.39554 -167.56282 14.97428 -48.87275 -193.99164 -86.56947
18143 1.06825 NaN NaN NaN 145.60233 -70.29959 -31.45102 234.89104 -159.78899 -26.11625 NaN NaN NaN 28.34657 -167.55803 14.99256 -48.94905 -193.97339 -86.51851
18144 1.07660 NaN NaN NaN 145.58748 -70.30778 -31.43811 234.86505 -159.81319 -26.08696 NaN NaN NaN 28.30351 -167.53500 15.03031 -49.01527 -193.95679 -86.46951
18145 1.08495 NaN NaN NaN 145.60834 -70.24759 -31.40986 234.84140 -159.81720 -26.06971 NaN NaN NaN 28.25495 -167.49960 15.04294 -49.06931 -193.97694 -86.42560
18146 1.09329 NaN NaN NaN 145.56111 -70.30309 -31.38655 234.78864 -159.83292 -26.06122 NaN NaN NaN 28.22693 -167.47659 15.11539 -49.12275 -194.00269 -86.34509
18147 1.10164 NaN NaN NaN 145.58218 -70.23946 -31.31742 234.75316 -159.84396 -26.08238 NaN NaN NaN 28.19259 -167.44687 15.16813 -49.21468 -194.01006 -86.25713
18148 1.10998 NaN NaN NaN 145.57941 -70.28285 -31.28822 234.70795 -159.85312 -26.08429 NaN NaN NaN 28.15638 -167.40907 15.20376 -49.32334 -194.01401 -86.15919
18149 1.11833 NaN NaN NaN 145.57100 -70.23277 -31.26786 234.68166 -159.88904 -26.09590 NaN NaN NaN 28.11061 -167.36044 15.22611 -49.39750 -194.00262 -86.13048
18150 1.12668 NaN NaN NaN 145.56915 -70.22312 -31.25385 234.66740 -159.93233 -26.13452 NaN NaN NaN 28.03488 -167.30528 15.25349 -49.45468 -193.98592 -86.07444
18151 1.13502 NaN NaN NaN 145.54512 -70.22706 -31.21030 234.63327 -159.94572 -26.15618 NaN NaN NaN 27.96749 -167.23297 15.28753 -49.54322 -193.95755 -86.03785
18152 1.14337 NaN NaN NaN 145.52409 -70.26218 -31.19625 234.59181 -159.96208 -26.16232 NaN NaN NaN 27.95389 -167.16660 15.32526 -49.66826 -193.90941 -85.93941
18153 1.15172 NaN NaN NaN 145.47205 -70.35231 -31.17168 234.55995 -159.98911 -26.19474 NaN NaN NaN 27.91890 -167.10287 15.35855 -49.74263 -193.88919 -85.84412
18154 1.16006 NaN NaN NaN 145.46118 -70.41730 -31.12412 234.52606 -160.01901 -26.22823 NaN NaN NaN 27.86330 -167.05476 15.41475 -49.79862 -193.87167 -85.74066
18155 1.16841 NaN NaN NaN 145.45308 -70.44556 -31.08349 234.48679 -160.04593 -26.24732 NaN NaN NaN 27.78337 -166.97739 15.49550 -49.85686 -193.84264 -85.65260
18156 1.17676 NaN NaN NaN 145.43236 -70.47102 -31.06840 234.44379 -160.05405 -26.26360 NaN NaN NaN 27.70487 -166.79884 15.53273 -49.91574 -193.81049 -85.53354
18157 1.18510 NaN NaN NaN 145.41862 -70.41520 -31.04945 234.40211 -160.06694 -26.26203 NaN NaN NaN 27.65143 -166.65341 15.60126 -49.99923 -193.74333 -85.42003
18158 1.19345 NaN NaN NaN 145.39458 -70.38327 -31.04344 234.36485 -160.08147 -26.26172 NaN NaN NaN 27.59587 -166.51067 15.68566 -50.07611 -193.67949 -85.33485
18159 1.20180 NaN NaN NaN 145.37959 -70.34711 -31.04235 234.31966 -160.08485 -26.25698 NaN NaN NaN 27.53458 -166.39700 15.75435 -50.16253 -193.64163 -85.21875
18160 1.21014 NaN NaN NaN 145.36407 -70.29922 -31.02361 234.26767 -160.10074 -26.24070 NaN NaN NaN 27.48463 -166.31790 15.86832 -50.23923 -193.62216 -85.12498
18161 1.21849 NaN NaN NaN 145.35516 -70.26109 -31.02362 234.23305 -160.10034 -26.21593 NaN NaN NaN 27.44372 -166.23155 16.02995 -50.32367 -193.60178 -85.00229
18162 1.22684 NaN NaN NaN 145.34862 -70.16893 -30.98887 234.20041 -160.08380 -26.21116 NaN NaN NaN 27.38282 -166.16270 16.12715 -50.37546 -193.56987 -84.89845
18163 1.23518 NaN NaN NaN 145.30347 -70.17831 -30.95940 234.14799 -160.09109 -26.17869 NaN NaN NaN 27.30410 -166.09352 16.19248 -50.45377 -193.48404 -84.82294
18164 1.24353 NaN NaN NaN 145.27148 -70.21673 -30.95490 234.09167 -160.10362 -26.15595 NaN NaN NaN 27.25037 -166.03131 16.24069 -50.49894 -193.41444 -84.80161
18165 1.25188 NaN NaN NaN 145.25961 -70.23464 -30.92166 234.05426 -160.12456 -26.12019 NaN NaN NaN 27.20157 -165.96756 16.25692 -50.54325 -193.36223 -84.73345
18166 1.26022 NaN NaN NaN 145.23480 -70.26167 -30.88888 234.00566 -160.15733 -26.11317 NaN NaN NaN 27.19073 -165.91751 16.27206 -50.56253 -193.35422 -84.65428
18167 1.26857 NaN NaN NaN 145.15454 -70.32247 -30.91080 233.96750 -160.18446 -26.09057 NaN NaN NaN 27.15614 -165.84851 16.29878 -50.57756 -193.36079 -84.60670
18168 1.27692 NaN NaN NaN 145.16791 -70.33566 -30.85710 233.91548 -160.19775 -26.08800 NaN NaN NaN 27.13754 -165.78116 16.34904 -50.59185 -193.36540 -84.57972
18169 1.28526 NaN NaN NaN 145.15808 -70.33117 -30.81697 233.89259 -160.23959 -26.05872 NaN NaN NaN 27.12849 -165.75127 16.38110 -50.59708 -193.32755 -84.55894
18170 1.29361 NaN NaN NaN 145.14685 -70.30764 -30.78453 233.86429 -160.25381 -26.04075 NaN NaN NaN 27.12776 -165.71802 16.40721 -50.60772 -193.30638 -84.53039
18171 1.30196 NaN NaN NaN 145.10675 -70.29056 -30.77361 233.82416 -160.23915 -26.00901 NaN NaN NaN 27.15313 -165.67146 16.40229 -50.61153 -193.28445 -84.49722
18172 1.31030 NaN NaN NaN 145.08359 -70.26135 -30.75038 233.76234 -160.21918 -25.99478 NaN NaN NaN 27.20137 -165.62213 16.39993 -50.60330 -193.28181 -84.48048
18173 1.31865 NaN NaN NaN 145.05656 -70.21081 -30.73751 233.71861 -160.17400 -25.98380 NaN NaN NaN 27.26644 -165.57091 16.36673 -50.60509 -193.28142 -84.47079
18174 1.32700 NaN NaN NaN 145.03264 -70.17182 -30.68807 233.68552 -160.10768 -25.91704 NaN NaN NaN 27.28507 -165.54964 16.32757 -50.59388 -193.28235 -84.48070
18175 1.33534 NaN NaN NaN 145.05397 -70.07214 -30.67800 233.63770 -160.07886 -25.86717 NaN NaN NaN 27.31128 -165.52435 16.29855 -50.57263 -193.27650 -84.50336
18176 1.34369 NaN NaN NaN 145.00366 -70.04014 -30.65196 233.60551 -160.06160 -25.85547 NaN NaN NaN 27.35000 -165.49356 16.25458 -50.53773 -193.27454 -84.53411
18177 1.35203 NaN NaN NaN 144.97395 -70.01168 -30.65003 233.55704 -160.04880 -25.82903 NaN NaN NaN 27.39738 -165.46138 16.21112 -50.49506 -193.24794 -84.56980
18178 1.36038 NaN NaN NaN 144.93527 -70.01099 -30.62200 233.49934 -160.04935 -25.81026 NaN NaN NaN 27.44393 -165.44824 16.15901 -50.45805 -193.24391 -84.61258
18179 1.36873 NaN NaN NaN 144.90527 -70.03194 -30.60385 233.49036 -160.04077 -25.77934 NaN NaN NaN 27.52458 -165.42184 16.07471 -50.40289 -193.24770 -84.65484
18180 1.37707 NaN NaN NaN 144.90948 -70.06302 -30.59423 233.48216 -160.04449 -25.77669 NaN NaN NaN 27.59397 -165.39015 15.96729 -50.34862 -193.22485 -84.69945
18181 1.38542 NaN NaN NaN 144.90157 -70.09418 -30.59853 233.48567 -160.06075 -25.77655 NaN NaN NaN 27.63685 -165.36925 15.86593 -50.33480 -193.20009 -84.78754
18182 1.39377 NaN NaN NaN 144.88927 -70.14468 -30.62712 233.49057 -160.08521 -25.78789 NaN NaN NaN 27.65984 -165.35483 15.73354 -50.29515 -193.17696 -84.89148
18183 1.40211 NaN NaN NaN 144.86734 -70.19449 -30.66991 233.51682 -160.12943 -25.80016 NaN NaN NaN 27.69377 -165.31924 15.62368 -50.25877 -193.14865 -84.98602
18184 1.41046 NaN NaN NaN 144.86514 -70.24281 -30.69626 233.53329 -160.14609 -25.82295 NaN NaN NaN 27.75538 -165.26271 15.54313 -50.22091 -193.13853 -85.06752
18185 1.41881 NaN NaN NaN 144.88177 -70.27155 -30.72748 233.59308 -160.21153 -25.84599 NaN NaN NaN 27.80293 -165.23056 15.45901 -50.15905 -193.13237 -85.14244
18186 1.42715 NaN NaN NaN 144.92566 -70.33287 -30.73019 233.63139 -160.25676 -25.86542 NaN NaN NaN 27.84719 -165.24059 15.42238 -50.09366 -193.11099 -85.22784
18187 1.43550 NaN NaN NaN 144.98190 -70.32013 -30.76927 233.68196 -160.30704 -25.92008 NaN NaN NaN 27.92659 -165.27251 15.38558 -50.01386 -193.08615 -85.29881
18188 1.44385 NaN NaN NaN 145.01646 -70.39108 -30.77863 233.74547 -160.33530 -25.96600 NaN NaN NaN 28.01820 -165.25038 15.32127 -49.91671 -193.07693 -85.34034
18189 1.45219 NaN NaN NaN 145.05244 -70.51270 -30.76807 233.85483 -160.38202 -25.98044 NaN NaN NaN 28.12851 -165.21153 15.25468 -49.83972 -193.05421 -85.39457
18190 1.46054 NaN NaN NaN 145.10759 -70.65226 -30.73235 233.95192 -160.42349 -25.99564 NaN NaN NaN 28.24121 -165.17279 15.18017 -49.76447 -192.98636 -85.49160
18191 1.46889 NaN NaN NaN 145.18597 -70.74563 -30.76682 234.06023 -160.45039 -26.00492 NaN NaN NaN 28.32515 -165.10672 15.09399 -49.67646 -192.91420 -85.59679
18192 1.47723 NaN NaN NaN 145.25876 -70.81657 -30.74489 234.19113 -160.47430 -25.96825 NaN NaN NaN 28.44690 -164.98468 14.99615 -49.59524 -192.86697 -85.64813
18193 1.48558 NaN NaN NaN 145.33798 -70.81371 -30.72057 234.31406 -160.50099 -25.95963 NaN NaN NaN 28.55873 -164.84076 14.87754 -49.47423 -192.79604 -85.74216
18194 1.49393 NaN NaN NaN 145.47182 -70.79592 -30.72876 234.45689 -160.51300 -25.92562 NaN NaN NaN 28.67909 -164.71419 14.80420 -49.34603 -192.70428 -85.80132
18195 1.50227 NaN NaN NaN 145.57845 -70.78635 -30.72780 234.59500 -160.50787 -25.88747 NaN NaN NaN 28.78422 -164.53325 14.72548 -49.25662 -192.62349 -85.81397
18196 1.51062 NaN NaN NaN 145.67516 -70.81133 -30.71061 234.70441 -160.45712 -25.85051 NaN NaN NaN 28.91566 -164.37331 14.70328 -49.17946 -192.54483 -85.79950
18197 1.51897 NaN NaN NaN 145.75110 -70.79645 -30.65125 234.81296 -160.38881 -25.82938 NaN NaN NaN 29.04086 -164.23572 14.70302 -49.11018 -192.49222 -85.76759
18198 1.52731 NaN NaN NaN 145.82027 -70.80592 -30.66712 234.91649 -160.29393 -25.79195 NaN NaN NaN 29.12908 -164.14491 14.72169 -49.02746 -192.41499 -85.75372
18199 1.53566 NaN NaN NaN 145.89861 -70.72279 -30.68694 235.00433 -160.19482 -25.75750 NaN NaN NaN 29.21333 -164.06181 14.74678 -48.91266 -192.33771 -85.69529
18200 1.54401 NaN NaN NaN 145.99422 -70.65894 -30.72823 235.10843 -160.13382 -25.72749 NaN NaN NaN 29.26349 -164.01566 14.78199 -48.81885 -192.27312 -85.67780
18201 1.55235 NaN NaN NaN 146.07219 -70.61977 -30.72943 235.22624 -160.11012 -25.70761 NaN NaN NaN 29.28982 -163.97591 14.82532 -48.73932 -192.22630 -85.66978
18202 1.56070 NaN NaN NaN 146.14339 -70.61173 -30.71836 235.32341 -160.06863 -25.69596 NaN NaN NaN 29.32820 -163.92679 14.85140 -48.68786 -192.17947 -85.67014
18203 1.56905 NaN NaN NaN 146.22221 -70.55879 -30.74424 235.41023 -160.02080 -25.69222 NaN NaN NaN 29.36308 -163.83788 14.83801 -48.66269 -192.15576 -85.64699
18204 1.57739 NaN NaN NaN 146.26624 -70.55987 -30.73942 235.49231 -159.96339 -25.68470 NaN NaN NaN 29.38675 -163.74702 14.84514 -48.63901 -192.10931 -85.62537
18205 1.58574 NaN NaN NaN 146.36537 -70.49830 -30.76060 235.55637 -159.92693 -25.67503 NaN NaN NaN 29.42612 -163.65337 14.87677 -48.62085 -192.08548 -85.55640
18206 1.59409 NaN NaN NaN 146.50839 -70.42689 -30.78770 235.62579 -159.89641 -25.65651 NaN NaN NaN 29.49039 -163.55249 14.90668 -48.58327 -192.03633 -85.50665
18207 1.60243 NaN NaN NaN 146.55595 -70.41576 -30.77489 235.66602 -159.89626 -25.64456 NaN NaN NaN 29.54658 -163.48088 14.93107 -48.55663 -192.00299 -85.45887
18208 1.61078 NaN NaN NaN 146.59058 -70.43057 -30.78280 235.69559 -159.89996 -25.63447 NaN NaN NaN 29.61304 -163.47305 14.97342 -48.52057 -191.96619 -85.42465
18209 1.61912 NaN NaN NaN 146.61743 -70.44273 -30.81343 235.73274 -159.88147 -25.62415 NaN NaN NaN 29.70040 -163.41380 14.96060 -48.43170 -191.95207 -85.43240
18210 1.62747 NaN NaN NaN 146.63017 -70.45599 -30.79237 235.76794 -159.85867 -25.64651 NaN NaN NaN 29.81322 -163.36658 14.93887 -48.36293 -191.91373 -85.46371
18211 1.63582 NaN NaN NaN 146.67679 -70.43256 -30.79137 235.79398 -159.83994 -25.65195 NaN NaN NaN 29.87068 -163.27518 14.87654 -48.27508 -191.89494 -85.48695
18212 1.64416 NaN NaN NaN 146.71585 -70.42785 -30.78819 235.80513 -159.83893 -25.65527 NaN NaN NaN 29.96766 -163.23183 14.83595 -48.21778 -191.91608 -85.51017
18213 1.65251 NaN NaN NaN 146.76181 -70.35312 -30.76544 235.82803 -159.84631 -25.65327 NaN NaN NaN 30.06956 -163.22252 14.78500 -48.14837 -191.92018 -85.51635
18214 1.66086 NaN NaN NaN 146.76364 -70.37926 -30.77799 235.83105 -159.88615 -25.63551 NaN NaN NaN 30.14192 -163.19844 14.73116 -48.10131 -191.91278 -85.56586
18215 1.66920 NaN NaN NaN 146.76759 -70.35292 -30.76848 235.85004 -159.92064 -25.65239 NaN NaN NaN 30.18707 -163.21001 14.63581 -48.03906 -191.93933 -85.59969
18216 1.67755 NaN NaN NaN 146.77003 -70.38647 -30.75442 235.84856 -159.97800 -25.69849 NaN NaN NaN 30.25692 -163.17348 14.58307 -47.97670 -191.95944 -85.65394
18217 1.68590 NaN NaN NaN 146.77348 -70.45096 -30.78998 235.85884 -160.03481 -25.73660 NaN NaN NaN 30.31517 -163.15550 14.51920 -47.94262 -191.98129 -85.70956
18218 1.69424 NaN NaN NaN 146.74876 -70.55289 -30.74936 235.85950 -160.09950 -25.73534 NaN NaN NaN 30.38732 -163.17102 14.43144 -47.89666 -192.02321 -85.76247
18219 1.70259 NaN NaN NaN 146.77031 -70.64771 -30.71852 235.88184 -160.17754 -25.73566 NaN NaN NaN 30.44886 -163.18832 14.37803 -47.86896 -192.05356 -85.78316
18220 1.71094 NaN NaN NaN 146.76242 -70.73202 -30.67821 235.88969 -160.27060 -25.74282 NaN NaN NaN 30.48184 -163.22583 14.36046 -47.83737 -192.09958 -85.78241
18221 1.71928 NaN NaN NaN 146.77367 -70.80312 -30.62133 235.88458 -160.37837 -25.76419 NaN NaN NaN 30.52349 -163.29060 14.30261 -47.80796 -192.14847 -85.80401
18222 1.72763 NaN NaN NaN 146.78093 -70.88819 -30.58079 235.88565 -160.48917 -25.76688 NaN NaN NaN 30.57031 -163.32693 14.23362 -47.77164 -192.20969 -85.83694
18223 1.73598 NaN NaN NaN 146.78897 -70.95010 -30.53425 235.87375 -160.57593 -25.77186 NaN NaN NaN 30.63578 -163.37032 14.21108 -47.73732 -192.27415 -85.85155
18224 1.74432 NaN NaN NaN 146.79128 -71.06730 -30.46076 235.87650 -160.66263 -25.79042 NaN NaN NaN 30.68918 -163.42291 14.19596 -47.69507 -192.34294 -85.84279
18225 1.75267 NaN NaN NaN 146.77888 -71.16623 -30.39381 235.86801 -160.74348 -25.82349 NaN NaN NaN 30.69700 -163.50137 14.18894 -47.65574 -192.43636 -85.83878
18226 1.76102 NaN NaN NaN 146.77516 -71.21898 -30.32783 235.85793 -160.83202 -25.85582 NaN NaN NaN 30.67147 -163.62141 14.21426 -47.63813 -192.54677 -85.82542
18227 1.76936 NaN NaN NaN 146.75858 -71.28938 -30.31222 235.85147 -160.90944 -25.86727 NaN NaN NaN 30.66043 -163.73975 14.24065 -47.61163 -192.65321 -85.84734
18228 1.77771 NaN NaN NaN 146.73087 -71.36783 -30.29299 235.82733 -160.96313 -25.85522 NaN NaN NaN 30.63960 -163.85393 14.27589 -47.58720 -192.73964 -85.82685
18229 1.78606 NaN NaN NaN 146.72211 -71.40724 -30.28567 235.78577 -161.03165 -25.83399 NaN NaN NaN 30.62466 -163.98552 14.31184 -47.58280 -192.80388 -85.84645
18230 1.79440 NaN NaN NaN 146.75154 -71.44362 -30.22330 235.77316 -161.07962 -25.81416 NaN NaN NaN 30.59796 -164.09962 14.33393 -47.56674 -192.88553 -85.82023
18231 1.80275 NaN NaN NaN 146.72603 -71.54137 -30.18904 235.77655 -161.14346 -25.81377 NaN NaN NaN 30.59041 -164.22554 14.36613 -47.56398 -193.00029 -85.81097
18232 1.81110 NaN NaN NaN 146.72702 -71.62777 -30.14468 235.78557 -161.21278 -25.81959 NaN NaN NaN 30.59419 -164.36588 14.46691 -47.54933 -193.10008 -85.78898
18233 1.81944 NaN NaN NaN 146.73553 -71.69160 -30.11900 235.82716 -161.26480 -25.82990 NaN NaN NaN 30.61446 -164.45700 14.52410 -47.51858 -193.20970 -85.76510
18234 1.82779 NaN NaN NaN 146.75920 -71.71825 -30.08797 235.86577 -161.35263 -25.83340 NaN NaN NaN 30.61928 -164.54674 14.55180 -47.46598 -193.27380 -85.74305
18235 1.83614 NaN NaN NaN 146.78981 -71.74598 -30.04351 235.90479 -161.42442 -25.84749 NaN NaN NaN 30.63561 -164.60411 14.55816 -47.42575 -193.34883 -85.72343
18236 1.84448 NaN NaN NaN 146.82545 -71.76709 -29.98109 235.94099 -161.46774 -25.86155 NaN NaN NaN 30.67271 -164.62561 14.58604 -47.36132 -193.41808 -85.69751
18237 1.85283 NaN NaN NaN 146.84842 -71.81924 -29.89169 235.97830 -161.47769 -25.88509 NaN NaN NaN 30.70671 -164.69733 14.63089 -47.29641 -193.49626 -85.67865
18238 1.86117 NaN NaN NaN 146.88655 -71.84931 -29.78459 236.01082 -161.49207 -25.90874 NaN NaN NaN 30.73581 -164.72881 14.65891 -47.24155 -193.54599 -85.64526
18239 1.86952 NaN NaN NaN 146.87706 -71.90839 -29.72308 236.05922 -161.51132 -25.96640 NaN NaN NaN 30.77321 -164.76822 14.70166 -47.20139 -193.58470 -85.65715
18240 1.87787 NaN NaN NaN 146.88736 -71.95602 -29.66728 236.10609 -161.51225 -26.01411 NaN NaN NaN 30.80457 -164.79880 14.73624 -47.16374 -193.60544 -85.65158
18241 1.88621 NaN NaN NaN 146.95708 -71.89294 -29.59842 236.18466 -161.50107 -26.06047 NaN NaN NaN 30.84169 -164.84923 14.75541 -47.11769 -193.62144 -85.65714
18242 1.89456 NaN NaN NaN 146.99445 -71.89191 -29.50389 236.25116 -161.49902 -26.11426 NaN NaN NaN 30.87752 -164.91895 14.77970 -47.05798 -193.62802 -85.64537
18243 1.90291 NaN NaN NaN 147.05896 -71.87915 -29.41795 236.30334 -161.50526 -26.14941 NaN NaN NaN 30.89301 -164.96831 14.79749 -47.02240 -193.69006 -85.63839
18244 1.91125 NaN NaN NaN 147.11778 -71.90368 -29.36912 236.34233 -161.52563 -26.17874 NaN NaN NaN 30.93026 -165.00725 14.82015 -46.94357 -193.71333 -85.63876
18245 1.91960 NaN NaN NaN 147.22287 -71.87927 -29.34884 236.44568 -161.53381 -26.25359 NaN NaN NaN 30.97216 -165.01791 14.83196 -46.86280 -193.75162 -85.64594
18246 1.92795 NaN NaN NaN 147.28773 -71.88486 -29.32703 236.50055 -161.51042 -26.31956 NaN NaN NaN 31.05988 -165.04077 14.82820 -46.77763 -193.75894 -85.64598
18247 1.93629 NaN NaN NaN 147.33038 -71.87215 -29.29756 236.54816 -161.46986 -26.35223 NaN NaN NaN 31.11138 -165.05190 14.83521 -46.71660 -193.75169 -85.65317
18248 1.94464 NaN NaN NaN 147.36006 -71.86197 -29.28506 236.60136 -161.40172 -26.37226 NaN NaN NaN 31.16484 -165.07700 14.83485 -46.66040 -193.74576 -85.65587
18249 1.95299 NaN NaN NaN 147.40480 -71.83190 -29.28316 236.63995 -161.36551 -26.40398 NaN NaN NaN 31.20720 -165.08670 14.85375 -46.59785 -193.75003 -85.68777
18250 1.96133 NaN NaN NaN 147.43689 -71.81873 -29.26501 236.69739 -161.34210 -26.40682 NaN NaN NaN 31.24879 -165.08775 14.84602 -46.53429 -193.76375 -85.71365
18251 1.96968 NaN NaN NaN 147.47108 -71.81776 -29.24372 236.73935 -161.29129 -26.40613 NaN NaN NaN 31.28649 -165.09326 14.84351 -46.47221 -193.79288 -85.73506
18252 1.97803 NaN NaN NaN 147.51631 -71.79095 -29.21294 236.78487 -161.27055 -26.44602 NaN NaN NaN 31.31822 -165.15009 14.85356 -46.40971 -193.82309 -85.73381
18253 1.98637 NaN NaN NaN 147.57315 -71.63869 -29.16942 236.83160 -161.21722 -26.42746 NaN NaN NaN 31.34955 -165.21243 14.87820 -46.33720 -193.87373 -85.74046
18254 1.99472 NaN NaN NaN 147.61667 -71.54749 -29.14453 236.87424 -161.19470 -26.33879 NaN NaN NaN 31.36175 -165.30661 14.90168 -46.28308 -193.91573 -85.73904
18255 2.00307 NaN NaN NaN 147.65216 -71.49616 -29.15914 236.90285 -161.16331 -26.33479 NaN NaN NaN 31.39216 -165.38925 14.94467 -46.22541 -193.93542 -85.74418
18256 2.01141 NaN NaN NaN 147.65286 -71.58323 -29.20567 236.93999 -161.15781 -26.27412 NaN NaN NaN 31.42146 -165.42874 14.92282 -46.15856 -193.96739 -85.75624
18257 2.01976 NaN NaN NaN 147.64117 -71.67764 -29.19446 236.99030 -161.15208 -26.27936 NaN NaN NaN 31.47806 -165.44797 14.92475 -46.10035 -194.00125 -85.77232
18258 2.02811 NaN NaN NaN 147.71928 -71.60468 -29.11745 237.03650 -161.14844 -26.24741 NaN NaN NaN 31.52917 -165.49106 14.92557 -46.04528 -194.01419 -85.80156
18259 2.03645 NaN NaN NaN 147.73071 -71.65099 -29.14145 237.07787 -161.16093 -26.24910 NaN NaN NaN 31.58193 -165.49086 14.90873 -45.98301 -194.01881 -85.82306
18260 2.04480 NaN NaN NaN 147.76004 -71.54822 -29.08595 237.08321 -161.15219 -26.22484 NaN NaN NaN 31.64046 -165.48456 14.86992 -45.91974 -194.01654 -85.83816
18261 2.05315 NaN NaN NaN 147.80414 -71.47814 -29.07858 237.11855 -161.18234 -26.20409 NaN NaN NaN 31.71840 -165.46504 14.84792 -45.88778 -194.01865 -85.90123
18262 2.06149 NaN NaN NaN 147.83827 -71.49038 -29.06038 237.16072 -161.20128 -26.18287 NaN NaN NaN 31.75080 -165.45076 14.76797 -45.85226 -194.01268 -85.93852
18263 2.06984 NaN NaN NaN 147.90607 -71.49642 -29.03158 237.19969 -161.23460 -26.14383 NaN NaN NaN 31.77505 -165.49197 14.73417 -45.81888 -193.99376 -86.01142
18264 2.07819 NaN NaN NaN 147.92188 -71.65337 -29.01095 237.26958 -161.26141 -26.15188 NaN NaN NaN 31.79834 -165.51573 14.71718 -45.76371 -193.96733 -86.07602
18265 2.08653 NaN NaN NaN 148.00414 -71.67470 -28.94261 237.32384 -161.25957 -26.14443 NaN NaN NaN 31.84197 -165.50227 14.66173 -45.71416 -193.92442 -86.13340
18266 2.09488 NaN NaN NaN 148.09901 -71.63950 -28.89116 237.40916 -161.26529 -26.11678 NaN NaN NaN 31.87827 -165.49342 14.61844 -45.67337 -193.88753 -86.16088
18267 2.10323 NaN NaN NaN 148.15083 -71.68007 -28.94627 237.48470 -161.26634 -26.07354 NaN NaN NaN 31.92999 -165.43488 14.58108 -45.62643 -193.87514 -86.20582
18268 2.11157 NaN NaN NaN 148.19786 -71.66315 -28.86697 237.55080 -161.26035 -26.03860 NaN NaN NaN 31.94276 -165.42271 14.57856 -45.53403 -193.84854 -86.23770
18269 2.11992 NaN NaN NaN 148.24664 -71.72940 -28.87281 237.61893 -161.29106 -25.99396 NaN NaN NaN 32.00158 -165.43279 14.57262 -45.46372 -193.81752 -86.26886
18270 2.12826 NaN NaN NaN 148.26561 -71.82780 -28.83166 237.69511 -161.32727 -25.96715 NaN NaN NaN 32.03244 -165.47089 14.57171 -45.41240 -193.80188 -86.32491
18271 2.13661 NaN NaN NaN 148.32402 -71.92702 -28.78314 237.79099 -161.36823 -25.95533 NaN NaN NaN 32.04242 -165.47841 14.59767 -45.36548 -193.76265 -86.35874
18272 2.14496 NaN NaN NaN 148.39560 -72.05495 -28.72624 237.89146 -161.42487 -25.93003 NaN NaN NaN 32.07034 -165.48814 14.60615 -45.28031 -193.75426 -86.42059
18273 2.15330 NaN NaN NaN 148.46519 -72.16292 -28.68940 238.00807 -161.43716 -25.90256 NaN NaN NaN 32.10942 -165.49617 14.61052 -45.20567 -193.75040 -86.46265
18274 2.16165 NaN NaN NaN 148.60141 -72.20583 -28.66334 238.11501 -161.45148 -25.92003 NaN NaN NaN 32.17287 -165.48491 14.59037 -45.11088 -193.76112 -86.49542
18275 2.17000 NaN NaN NaN 148.66534 -72.25734 -28.59234 238.22697 -161.46983 -25.94209 NaN NaN NaN 32.23653 -165.49200 14.55517 -45.01236 -193.75623 -86.53751
18276 2.17834 NaN NaN NaN 148.74620 -72.26829 -28.52566 238.31592 -161.48059 -25.95822 NaN NaN NaN 32.33135 -165.50130 14.52351 -44.89060 -193.73625 -86.60090
18277 2.18669 NaN NaN NaN 148.81842 -72.26111 -28.43848 238.40141 -161.49568 -25.96623 NaN NaN NaN 32.40032 -165.50928 14.48612 -44.77643 -193.73701 -86.68326
18278 2.19504 NaN NaN NaN 148.87450 -72.26446 -28.41303 238.50296 -161.52522 -25.95519 NaN NaN NaN 32.47375 -165.53632 14.45773 -44.66897 -193.75095 -86.72684
18279 2.20338 NaN NaN NaN 148.93388 -72.23960 -28.38708 238.58488 -161.51974 -25.95397 NaN NaN NaN 32.56140 -165.56712 14.41220 -44.56793 -193.76807 -86.81853
18280 2.21173 NaN NaN NaN 148.96695 -72.22430 -28.37077 238.67293 -161.47195 -25.94160 NaN NaN NaN 32.64685 -165.61365 14.34226 -44.46826 -193.77168 -86.90546
18281 2.22008 NaN NaN NaN 149.02553 -72.19991 -28.32765 238.78807 -161.39693 -25.93165 NaN NaN NaN 32.72427 -165.61362 14.25847 -44.36576 -193.77020 -86.97274
18282 2.22842 NaN NaN NaN 149.09299 -72.25928 -28.32458 238.88478 -161.33505 -25.93325 NaN NaN NaN 32.80623 -165.60338 14.19952 -44.25445 -193.75197 -87.02782
18283 2.23677 NaN NaN NaN 149.15149 -72.28758 -28.28986 239.00684 -161.32837 -25.91927 NaN NaN NaN 32.89090 -165.57828 14.12169 -44.14930 -193.73032 -87.11008
18284 2.24512 NaN NaN NaN 149.24051 -72.33945 -28.29303 239.13364 -161.32108 -25.88773 NaN NaN NaN 32.99701 -165.52249 14.07171 -44.01584 -193.68727 -87.22153
18285 2.25346 NaN NaN NaN 149.33418 -72.34991 -28.21830 239.28178 -161.28308 -25.87140 NaN NaN NaN 33.09521 -165.43672 14.00811 -43.88817 -193.66568 -87.29015
18286 2.26181 NaN NaN NaN 149.41693 -72.30678 -28.08654 239.43346 -161.27054 -25.83766 NaN NaN NaN 33.18987 -165.38368 13.94577 -43.78081 -193.62669 -87.32744
18287 2.27016 NaN NaN NaN 149.47986 -72.30558 -28.02388 239.55571 -161.21523 -25.77200 NaN NaN NaN 33.29639 -165.30949 13.93486 -43.64739 -193.59123 -87.34005
18288 2.27850 NaN NaN NaN 149.57796 -72.27962 -27.94059 239.64539 -161.15176 -25.71649 NaN NaN NaN 33.44182 -165.20215 13.96720 -43.51582 -193.55022 -87.34690
18289 2.28685 NaN NaN NaN 149.61516 -72.31558 -27.87923 239.74492 -161.12079 -25.67269 NaN NaN NaN 33.59223 -165.07626 13.97103 -43.38936 -193.51201 -87.31968
18290 2.29520 NaN NaN NaN 149.65874 -72.34361 -27.86324 239.82573 -161.05991 -25.66485 NaN NaN NaN 33.71819 -164.93925 13.99152 -43.25320 -193.48061 -87.29716
18291 2.30354 NaN NaN NaN 149.64127 -72.45193 -27.86740 239.88232 -161.00540 -25.64192 NaN NaN NaN 33.80488 -164.81239 13.96560 -43.13243 -193.46268 -87.23486
18292 2.31189 NaN NaN NaN 149.67505 -72.48986 -27.85537 239.96780 -160.99222 -25.62376 NaN NaN NaN 33.88845 -164.71768 13.94471 -43.06258 -193.45923 -87.22918
18293 2.32024 NaN NaN NaN 149.68982 -72.50328 -27.81425 240.05144 -160.97006 -25.58753 NaN NaN NaN 33.98401 -164.61415 13.92703 -42.98173 -193.40744 -87.24831
18294 2.32858 NaN NaN NaN 149.74377 -72.53943 -27.68508 240.12563 -161.01714 -25.50182 NaN NaN NaN 34.05048 -164.56918 13.91592 -42.91330 -193.36940 -87.27718
18295 2.33693 NaN NaN NaN 149.77742 -72.60021 -27.62162 240.17975 -161.04848 -25.48851 NaN NaN NaN 34.10673 -164.53824 13.89013 -42.83832 -193.32738 -87.28793
18296 2.34528 NaN NaN NaN 149.85286 -72.64638 -27.57014 240.21173 -161.09337 -25.41672 NaN NaN NaN 34.17615 -164.49629 13.87407 -42.75273 -193.30650 -87.31486
18297 2.35362 NaN NaN NaN 149.90393 -72.72138 -27.50082 240.24922 -161.15376 -25.36457 NaN NaN NaN 34.23001 -164.47459 13.85224 -42.69407 -193.28896 -87.32410
18298 2.36197 NaN NaN NaN 149.93669 -72.78097 -27.45158 240.28340 -161.24339 -25.31275 NaN NaN NaN 34.30420 -164.46999 13.87521 -42.64499 -193.27351 -87.33970
18299 2.37031 NaN NaN NaN 149.98491 -72.84741 -27.40423 240.32350 -161.34929 -25.24765 NaN NaN NaN 34.33356 -164.44675 13.87937 -42.58466 -193.28734 -87.35618
18300 2.37866 NaN NaN NaN 150.05577 -72.90376 -27.34855 240.37599 -161.46362 -25.22160 NaN NaN NaN 34.38063 -164.44159 13.89243 -42.51517 -193.29570 -87.32942
18301 2.38701 NaN NaN NaN 150.04442 -73.08498 -27.28999 240.41446 -161.56660 -25.17257 NaN NaN NaN 34.41784 -164.43060 13.89599 -42.48452 -193.30740 -87.29089
18302 2.39535 NaN NaN NaN 150.12433 -73.17452 -27.21264 240.47665 -161.67081 -25.08360 NaN NaN NaN 34.46385 -164.44081 13.90084 -42.45773 -193.34151 -87.25750
