Frame# Time LH1 LH2 LH3 RH1 RH2 RH3
X54 Y54 Z54 X55 Y55 Z55 X56 Y56 Z56 X57 Y57 Z57 X58 Y58 Z58 X59 Y59 Z59
2676 0.00188 NaN NaN NaN 173.51399 -112.71408 -13.46955 262.23120 -165.43758 -86.82964 NaN NaN NaN 68.27783 -114.28331 -1.40884 -18.99668 -164.69258 -84.02915
2677 0.01022 NaN NaN NaN 173.52452 -112.70787 -13.38506 262.17978 -165.39430 -86.81838 NaN NaN NaN 68.22544 -114.34093 -1.39166 -19.01392 -164.67355 -84.06538
2678 0.01856 NaN NaN NaN 173.56570 -112.70177 -13.30897 262.12656 -165.34474 -86.80219 NaN NaN NaN 68.19255 -114.38842 -1.37160 -19.01898 -164.66580 -84.09248
2679 0.02690 NaN NaN NaN 173.59964 -112.68389 -13.22033 262.10776 -165.29813 -86.78273 NaN NaN NaN 68.14357 -114.42471 -1.34109 -19.05674 -164.63026 -84.12788
2680 0.03524 NaN NaN NaN 173.66441 -112.65862 -13.05762 262.10446 -165.25851 -86.75973 NaN NaN NaN 68.09813 -114.46423 -1.28848 -19.07745 -164.60849 -84.18151
2681 0.04358 NaN NaN NaN 173.71992 -112.63474 -12.95446 262.12686 -165.21111 -86.71016 NaN NaN NaN 68.03207 -114.50035 -1.25748 -19.09319 -164.57501 -84.21234
2682 0.05192 NaN NaN NaN 173.79814 -112.67472 -12.81565 262.12567 -165.16580 -86.63329 NaN NaN NaN 67.98867 -114.56114 -1.22121 -19.12401 -164.53610 -84.24153
2683 0.06026 NaN NaN NaN 173.87158 -112.66279 -12.61612 262.15405 -165.13272 -86.52672 NaN NaN NaN 67.94102 -114.61143 -1.18269 -19.15631 -164.49097 -84.24918
2684 0.06860 NaN NaN NaN 173.92952 -112.63984 -12.42978 262.19409 -165.10558 -86.41771 NaN NaN NaN 67.90161 -114.65547 -1.14842 -19.19643 -164.46724 -84.29181
2685 0.07694 NaN NaN NaN 174.00562 -112.54013 -12.21735 262.24152 -165.09554 -86.27457 NaN NaN NaN 67.85378 -114.71692 -1.09859 -19.21155 -164.43420 -84.35313
2686 0.08529 NaN NaN NaN 174.05046 -112.44473 -12.01162 262.29907 -165.07541 -85.98200 NaN NaN NaN 67.79255 -114.69919 -1.03864 -19.22133 -164.41646 -84.37655
2687 0.09363 NaN NaN NaN 174.08171 -112.26575 -11.89478 262.47287 -165.01370 -85.55383 NaN NaN NaN 67.79604 -114.65695 -0.98560 -19.30095 -164.40614 -84.22224
2688 0.10197 NaN NaN NaN 174.10132 -111.96141 -11.84484 262.72128 -165.05875 -84.97959 NaN NaN NaN 67.80658 -114.59771 -1.00731 -19.49131 -164.47972 -83.95866
2689 0.11031 NaN NaN NaN 174.16989 -111.62118 -11.76731 262.93369 -165.15532 -84.40073 NaN NaN NaN 67.78934 -114.57829 -1.07805 -19.67664 -164.58141 -83.79272
2690 0.11865 NaN NaN NaN 174.33778 -111.41384 -11.49451 263.10629 -165.20125 -83.99570 NaN NaN NaN 67.65748 -114.68388 -1.05886 -19.79364 -164.64961 -83.81445
2691 0.12699 NaN NaN NaN 174.49030 -111.23185 -11.13809 263.31604 -165.20212 -83.51097 NaN NaN NaN 67.47589 -114.93314 -0.92117 -19.78783 -164.63033 -84.00873
2692 0.13533 NaN NaN NaN 174.69821 -111.09212 -10.74831 263.56836 -165.10440 -82.95833 NaN NaN NaN 67.34402 -115.21703 -0.80258 -19.83627 -164.54007 -84.21763
2693 0.14367 NaN NaN NaN 174.95436 -110.97476 -10.27365 263.85056 -165.03564 -82.38705 NaN NaN NaN 67.27783 -115.42852 -0.75330 -19.89336 -164.41704 -84.31236
2694 0.15201 NaN NaN NaN 175.28172 -110.91429 -9.77277 264.16742 -164.94769 -81.85867 NaN NaN NaN 67.24462 -115.52863 -0.71572 -19.94976 -164.37672 -84.31923
2695 0.16035 NaN NaN NaN 175.69234 -110.86362 -9.16023 264.48331 -164.83701 -81.37331 NaN NaN NaN 67.20250 -115.59282 -0.71006 -19.99320 -164.33620 -84.38280
2696 0.16869 NaN NaN NaN 176.14999 -110.81345 -8.43309 264.80356 -164.69563 -80.87395 NaN NaN NaN 67.14073 -115.67453 -0.66470 -20.05314 -164.33379 -84.49074
2697 0.17703 NaN NaN NaN 176.58203 -110.68319 -7.77193 265.21167 -164.53114 -80.34125 NaN NaN NaN 67.06188 -115.75806 -0.60990 -20.06194 -164.30312 -84.55589
2698 0.18538 NaN NaN NaN 177.07190 -110.57591 -7.05350 265.61862 -164.37090 -79.69724 NaN NaN NaN 66.99515 -115.84388 -0.53195 -20.04518 -164.26871 -84.56787
2699 0.19372 NaN NaN NaN 177.59825 -110.40639 -6.29473 266.08884 -164.21414 -79.02050 NaN NaN NaN 66.98505 -115.85157 -0.37776 -19.98544 -164.21671 -84.56249
2700 0.20206 NaN NaN NaN 178.08112 -110.17381 -5.54415 266.58957 -164.00084 -78.15203 NaN NaN NaN 66.96570 -115.81339 -0.23348 -19.96382 -164.19638 -84.42299
2701 0.21040 NaN NaN NaN 178.52547 -109.77637 -4.89665 267.17908 -163.86270 -77.18324 NaN NaN NaN 66.96276 -115.77441 -0.04874 -20.00996 -164.19670 -84.22636
2702 0.21874 NaN NaN NaN 178.93619 -109.29338 -4.34316 267.81531 -163.71590 -76.09087 NaN NaN NaN 66.93410 -115.70512 0.05473 -20.04799 -164.25333 -84.02173
2703 0.22708 NaN NaN NaN 179.40939 -108.67979 -3.75744 268.45377 -163.61125 -74.91084 NaN NaN NaN 66.89491 -115.67676 0.23750 -20.11817 -164.33134 -83.84627
2704 0.23542 NaN NaN NaN 179.90030 -108.02912 -3.09895 269.11798 -163.48599 -73.60500 NaN NaN NaN 66.82116 -115.61758 0.38468 -20.14942 -164.39761 -83.68876
2705 0.24376 NaN NaN NaN 180.37717 -107.35751 -2.33330 269.79361 -163.33578 -72.24395 NaN NaN NaN 66.77002 -115.60459 0.50294 -20.17562 -164.44646 -83.54733
2706 0.25210 NaN NaN NaN 180.89091 -106.60584 -1.45562 270.48700 -163.10545 -70.68876 NaN NaN NaN 66.69075 -115.57410 0.62833 -20.22206 -164.42793 -83.34960
2707 0.26044 NaN NaN NaN 181.41768 -105.81229 -0.48636 271.21213 -162.85973 -69.02366 NaN NaN NaN 66.59103 -115.53707 0.78855 -20.31382 -164.41360 -83.17098
2708 0.26878 NaN NaN NaN 181.99155 -104.97405 0.58396 271.91803 -162.59450 -67.30197 NaN NaN NaN 66.46444 -115.52816 0.95369 -20.37760 -164.43823 -82.99413
2709 0.27712 NaN NaN NaN 182.62001 -104.13345 1.85994 272.62509 -162.24037 -65.46579 NaN NaN NaN 66.32191 -115.53054 1.13070 -20.46179 -164.43916 -82.86964
2710 0.28547 NaN NaN NaN 183.28610 -103.38768 3.25006 273.36209 -161.86391 -63.65434 NaN NaN NaN 66.18833 -115.59939 1.32729 -20.60067 -164.49081 -82.76942
2711 0.29381 NaN NaN NaN 184.10907 -102.72827 4.82942 274.16196 -161.46291 -61.96975 NaN NaN NaN 66.03436 -115.72223 1.53803 -20.71920 -164.55116 -82.68826
2712 0.30215 NaN NaN NaN 185.06578 -102.12643 6.62716 274.96353 -160.93484 -60.26476 NaN NaN NaN 65.84636 -115.76507 1.73645 -20.78056 -164.65375 -82.52389
2713 0.31049 NaN NaN NaN 186.10121 -101.54285 8.44302 275.80914 -160.27039 -58.54243 NaN NaN NaN 65.62123 -115.78036 1.96996 -20.87176 -164.80208 -82.34133
2714 0.31883 NaN NaN NaN 187.18483 -100.94821 10.40135 276.72049 -159.66066 -56.85854 NaN NaN NaN 65.37537 -115.75740 2.30296 -21.00883 -164.98155 -82.03147
2715 0.32717 NaN NaN NaN 188.35017 -100.39581 12.43534 277.57956 -159.10881 -55.10340 NaN NaN NaN 65.07003 -115.77121 2.69774 -21.16789 -165.18500 -81.67439
2716 0.33551 NaN NaN NaN 189.56018 -99.82981 14.53069 278.52219 -158.69879 -53.31883 NaN NaN NaN 64.69263 -115.85729 3.19442 -21.27621 -165.36983 -81.42519
2717 0.34385 NaN NaN NaN 190.82217 -99.20659 16.70857 279.49686 -158.30650 -51.38485 NaN NaN NaN 64.25819 -115.98668 3.75294 -21.35270 -165.51640 -81.19493
2718 0.35219 NaN NaN NaN 192.11600 -98.56481 18.90291 280.53152 -157.90997 -49.37715 NaN NaN NaN 63.81190 -116.13382 4.41296 -21.36903 -165.64395 -80.95797
2719 0.36053 NaN NaN NaN 193.46053 -97.88046 21.10061 281.64969 -157.46753 -47.28660 NaN NaN NaN 63.34617 -116.26215 5.14263 -21.36523 -165.77498 -80.70438
2720 0.36887 NaN NaN NaN 194.81908 -97.19203 23.31543 282.80173 -157.00555 -45.07226 NaN NaN NaN 62.82707 -116.30984 5.89291 -21.37943 -165.86792 -80.40816
2721 0.37721 NaN NaN NaN 196.17558 -96.46401 25.51715 284.01508 -156.53305 -42.84604 NaN NaN NaN 62.32444 -116.40717 6.73291 -21.35726 -165.95038 -80.12786
2722 0.38556 NaN NaN NaN 197.49016 -95.64292 27.63096 285.24380 -156.09584 -40.45840 NaN NaN NaN 61.75952 -116.49497 7.64164 -21.25527 -165.92491 -79.90973
2723 0.39390 NaN NaN NaN 198.78535 -94.66451 29.72293 286.45605 -155.65182 -37.93550 NaN NaN NaN 61.10662 -116.56338 8.56828 -21.13857 -165.86082 -79.78716
2724 0.40224 NaN NaN NaN 200.06906 -93.56387 31.81475 287.72656 -155.22272 -35.34800 NaN NaN NaN 60.41642 -116.75809 9.55301 -20.96951 -165.71609 -79.70866
2725 0.41058 NaN NaN NaN 201.43085 -92.40964 33.94226 289.04645 -154.72351 -32.63172 NaN NaN NaN 59.74779 -116.98038 10.53510 -20.76275 -165.54187 -79.72026
2726 0.41892 NaN NaN NaN 202.89975 -91.22106 36.18965 290.46448 -154.14795 -29.88925 NaN NaN NaN 59.07777 -117.24312 11.58147 -20.52536 -165.30476 -79.76763
2727 0.42726 NaN NaN NaN 204.45497 -90.17504 38.53563 291.95276 -153.49142 -27.27287 NaN NaN NaN 58.37677 -117.43340 12.54198 -20.30311 -165.05688 -79.85245
2728 0.43560 NaN NaN NaN 206.11772 -89.23205 40.99233 293.55365 -152.82307 -24.68418 NaN NaN NaN 57.63435 -117.58703 13.50498 -20.10371 -164.77925 -79.88137
2729 0.44394 NaN NaN NaN 207.92824 -88.37158 43.57997 295.17560 -152.08992 -22.16564 NaN NaN NaN 56.78143 -117.78047 14.53216 -19.91240 -164.52296 -79.92651
2730 0.45228 NaN NaN NaN 209.93576 -87.54585 46.19921 296.89291 -151.34795 -19.75432 NaN NaN NaN 55.83880 -117.98321 15.66876 -19.69288 -164.18471 -79.98373
2731 0.46062 NaN NaN NaN 212.07971 -86.82774 48.94389 298.73801 -150.56689 -17.53628 NaN NaN NaN 54.88490 -118.21824 16.88224 -19.50700 -163.76949 -79.95341
2732 0.46896 NaN NaN NaN 214.45404 -86.21878 51.71836 300.70184 -149.78995 -15.50599 NaN NaN NaN 53.84734 -118.52376 18.20930 -19.39492 -163.35678 -79.85870
2733 0.47730 NaN NaN NaN 217.07071 -85.74512 54.51680 302.77875 -149.02112 -13.66578 NaN NaN NaN 52.78567 -118.80011 19.56248 -19.36183 -162.95084 -79.60757
2734 0.48565 NaN NaN NaN 219.89941 -85.27518 57.32090 304.96658 -148.20856 -11.97207 NaN NaN NaN 51.63932 -119.12987 20.89853 -19.37152 -162.56938 -79.31691
2735 0.49399 NaN NaN NaN 222.90585 -84.95053 60.05438 307.25366 -147.36171 -10.43432 NaN NaN NaN 50.48312 -119.41373 22.22363 -19.49794 -162.25063 -78.97380
2736 0.50233 NaN NaN NaN 226.10194 -84.59451 62.78327 309.64386 -146.54379 -9.08556 NaN NaN NaN 49.28321 -119.68558 23.56964 -19.69379 -161.92401 -78.49591
2737 0.51067 NaN NaN NaN 229.44954 -84.26103 65.53439 312.08200 -145.69409 -7.86635 NaN NaN NaN 48.01923 -119.87775 24.98050 -19.95320 -161.72304 -78.01628
2738 0.51901 NaN NaN NaN 232.97127 -84.00459 68.21661 314.56631 -144.82643 -6.81319 NaN NaN NaN 46.74819 -120.00011 26.41050 -20.26746 -161.55058 -77.35188
2739 0.52735 NaN NaN NaN 236.69492 -83.87669 70.90051 317.09903 -143.95988 -5.98073 NaN NaN NaN 45.43011 -120.08997 27.77406 -20.62689 -161.46347 -76.63895
2740 0.53569 NaN NaN NaN 240.58911 -83.84560 73.56586 319.59753 -143.10512 -5.37890 NaN NaN NaN 44.09324 -120.14265 29.18301 -21.02962 -161.35442 -75.86390
2741 0.54403 NaN NaN NaN 244.64954 -83.93309 76.12953 322.12494 -142.18282 -5.03617 NaN NaN NaN 42.72712 -120.16206 30.59104 -21.48940 -161.28503 -75.00420
2742 0.55237 NaN NaN NaN 248.85117 -84.08844 78.70287 324.62292 -141.26601 -4.85257 NaN NaN NaN 41.33567 -120.09715 32.08078 -21.97415 -161.18774 -74.07259
2743 0.56071 NaN NaN NaN 253.16422 -84.26196 81.23496 327.04822 -140.27832 -4.82856 NaN NaN NaN 39.99656 -120.00678 33.64776 -22.50168 -161.11281 -73.07856
2744 0.56905 NaN NaN NaN 257.56216 -84.51551 83.59286 329.42545 -139.24420 -4.90120 NaN NaN NaN 38.66701 -119.80929 35.17071 -23.01773 -161.01677 -71.91458
2745 0.57740 NaN NaN NaN 262.03223 -84.76913 85.87032 331.77658 -138.16722 -5.09606 NaN NaN NaN 37.43102 -119.54192 36.72392 -23.56386 -160.96057 -70.68906
2746 0.58574 NaN NaN NaN 266.59232 -85.04937 87.99326 334.00961 -137.10417 -5.42373 NaN NaN NaN 36.23591 -119.15442 38.33669 -24.13109 -160.93834 -69.25521
2747 0.59408 NaN NaN NaN 271.26245 -85.44506 90.05188 336.15610 -136.00380 -5.91786 NaN NaN NaN 35.09316 -118.67681 39.95424 -24.76151 -160.98425 -67.70650
2748 0.60242 NaN NaN NaN 276.08026 -85.98644 92.08519 338.16397 -134.80611 -6.59493 NaN NaN NaN 34.02228 -118.11916 41.57722 -25.41390 -161.08766 -66.10787
2749 0.61076 NaN NaN NaN 280.98233 -86.69031 93.91767 340.06625 -133.57002 -7.49843 NaN NaN NaN 32.94875 -117.57767 43.19988 -26.05752 -161.15802 -64.50968
2750 0.61910 NaN NaN NaN 285.94458 -87.54507 95.70150 341.83255 -132.27509 -8.57328 NaN NaN NaN 31.86698 -117.04659 44.81439 -26.73287 -161.15910 -62.88980
2751 0.62744 NaN NaN NaN 290.89807 -88.44728 97.20287 343.48688 -130.90227 -9.63516 NaN NaN NaN 30.71348 -116.55463 46.39056 -27.41575 -161.19029 -61.33532
2752 0.63578 NaN NaN NaN 295.85596 -89.44981 98.52080 345.01038 -129.45203 -10.74828 NaN NaN NaN 29.47584 -116.17971 47.97017 -28.09457 -161.16393 -59.90299
2753 0.64412 NaN NaN NaN 300.76343 -90.42743 99.70374 346.37778 -127.93760 -12.01519 NaN NaN NaN 28.17483 -115.93463 49.56113 -28.73920 -161.04625 -58.59906
2754 0.65246 NaN NaN NaN 305.57596 -91.36648 100.75903 347.55435 -126.28320 -13.25935 NaN NaN NaN 26.71865 -115.74083 51.18407 -29.33777 -160.86958 -57.41950
2755 0.66080 NaN NaN NaN 310.20248 -92.22469 101.54207 348.56390 -124.62813 -14.50996 NaN NaN NaN 25.15614 -115.62923 52.73756 -29.93763 -160.64415 -56.40112
2756 0.66914 NaN NaN NaN 314.62509 -92.96952 102.02468 349.39380 -122.86512 -15.71159 NaN NaN NaN 23.51626 -115.64124 54.37403 -30.57108 -160.35503 -55.41989
2757 0.67749 NaN NaN NaN 318.80472 -93.63433 102.45906 350.05576 -121.01875 -16.89368 NaN NaN NaN 21.78724 -115.61839 56.00527 -31.11834 -160.10579 -54.43100
2758 0.68583 NaN NaN NaN 322.73175 -94.25391 102.67078 350.58313 -119.08682 -18.00355 NaN NaN NaN 20.04785 -115.58409 57.64307 -31.67072 -159.76154 -53.51540
2759 0.69417 NaN NaN NaN 326.35571 -94.74565 102.74951 350.97751 -117.12064 -19.17661 NaN NaN NaN 18.25587 -115.48736 59.29586 -32.20551 -159.42140 -52.53090
2760 0.70251 NaN NaN NaN 329.75601 -95.11336 102.70692 351.22391 -115.12464 -20.25768 NaN NaN NaN 16.45663 -115.27411 60.97905 -32.73812 -159.02219 -51.46165
2761 0.71085 NaN NaN NaN 332.89035 -95.33814 102.60592 351.34186 -113.06261 -21.20418 NaN NaN NaN 14.66103 -115.00922 62.62963 -33.31667 -158.56184 -50.33477
2762 0.71919 NaN NaN NaN 335.67551 -95.36633 102.45182 351.39005 -111.00173 -21.99881 NaN NaN NaN 12.82326 -114.63017 64.31466 -33.92959 -158.03873 -49.26013
2763 0.72753 NaN NaN NaN 338.08279 -95.11117 102.32217 351.47757 -109.00309 -22.64595 NaN NaN NaN 10.84315 -114.18284 65.94955 -34.54768 -157.42619 -48.26001
2764 0.73587 NaN NaN NaN 340.00629 -94.62666 102.30346 351.63385 -107.12228 -23.00682 NaN NaN NaN 8.72429 -113.72070 67.65168 -35.15047 -156.66809 -47.25364
2765 0.74421 NaN NaN NaN 341.51208 -93.95882 102.37170 351.84671 -105.35002 -23.18693 NaN NaN NaN 6.40494 -113.31921 69.31393 -35.75752 -155.77370 -46.43414
2766 0.75255 NaN NaN NaN 342.73944 -93.14509 102.41558 351.98209 -103.60431 -23.24978 NaN NaN NaN 3.85299 -112.85466 70.89194 -36.35118 -154.75900 -45.76817
2767 0.76089 NaN NaN NaN 343.76715 -92.27126 102.47783 352.01770 -101.89262 -23.33308 NaN NaN NaN 1.15631 -112.50771 72.38641 -36.97248 -153.63646 -45.23598
2768 0.76923 NaN NaN NaN 344.64462 -91.38150 102.56205 351.99390 -100.18594 -23.33086 NaN NaN NaN -1.63075 -112.16267 73.84096 -37.56633 -152.36557 -44.74463
2769 0.77758 NaN NaN NaN 345.31653 -90.46745 102.60094 351.97037 -98.59343 -23.35422 NaN NaN NaN -4.57176 -111.81784 75.17820 -38.24463 -150.97473 -44.46883
2770 0.78592 NaN NaN NaN 345.78369 -89.45985 102.69038 351.89935 -97.07977 -23.31239 NaN NaN NaN -7.58212 -111.48978 76.36643 -38.88715 -149.54169 -44.28252
2771 0.79426 NaN NaN NaN 346.10928 -88.47509 102.73017 351.67395 -95.58945 -23.37605 NaN NaN NaN -10.63642 -111.13817 77.52835 -39.53635 -147.96404 -44.07603
2772 0.80260 NaN NaN NaN 346.39914 -87.58400 102.72035 351.27829 -94.06549 -23.44256 NaN NaN NaN -13.78755 -110.74102 78.53645 -40.25512 -146.29425 -43.96241
2773 0.81094 NaN NaN NaN 346.63577 -86.73933 102.62414 350.77740 -92.46792 -23.58685 NaN NaN NaN -16.93836 -110.29242 79.43148 -40.97319 -144.53319 -43.92873
2774 0.81928 NaN NaN NaN 346.82925 -85.93540 102.49897 350.20145 -90.88280 -23.76852 NaN NaN NaN -20.05533 -109.78339 80.28101 -41.73791 -142.66110 -43.90620
2775 0.82762 NaN NaN NaN 346.97513 -85.19595 102.39635 349.55515 -89.35468 -23.92709 NaN NaN NaN -23.10740 -109.25692 80.89207 -42.57246 -140.74706 -43.99290
2776 0.83596 NaN NaN NaN 347.13248 -84.43185 102.34037 348.91760 -87.84105 -24.01559 NaN NaN NaN -26.11010 -108.65167 81.51704 -43.46406 -138.79488 -44.03709
2777 0.84430 NaN NaN NaN 347.36893 -83.75786 102.25177 348.17026 -86.39410 -24.12723 NaN NaN NaN -29.08933 -107.99673 81.98234 -44.39384 -136.77188 -44.15357
2778 0.85264 NaN NaN NaN 347.69449 -83.19280 102.12694 347.34918 -85.00365 -24.28694 NaN NaN NaN -32.02406 -107.24239 82.40404 -45.33548 -134.68156 -44.28810
2779 0.86098 NaN NaN NaN 348.14276 -82.79655 101.98755 346.41089 -83.44157 -24.39904 NaN NaN NaN -34.83971 -106.45664 82.66770 -46.30173 -132.48352 -44.49850
2780 0.86932 NaN NaN NaN 348.70480 -82.54540 101.85593 345.41684 -81.97334 -24.50544 NaN NaN NaN -37.54775 -105.53986 82.84866 -47.26283 -130.24577 -44.71828
2781 0.87767 NaN NaN NaN 349.20334 -82.27938 101.80389 344.44788 -80.62996 -24.51488 NaN NaN NaN -40.12069 -104.49532 83.01709 -48.30855 -127.98805 -44.92568
2782 0.88601 NaN NaN NaN 349.60025 -81.94438 101.88459 343.55573 -79.39658 -24.37521 NaN NaN NaN -42.54209 -103.31864 83.09348 -49.45453 -125.68368 -45.10518
2783 0.89435 NaN NaN NaN 349.83835 -81.47997 102.16489 342.77451 -78.39592 -24.12268 NaN NaN NaN -44.82756 -102.01779 83.10606 -50.66432 -123.40145 -45.30307
2784 0.90269 NaN NaN NaN 349.96405 -80.88375 102.58412 342.12469 -77.59206 -23.58572 NaN NaN NaN -46.99936 -100.61985 83.09918 -51.85767 -121.06022 -45.47756
2785 0.91103 NaN NaN NaN 349.92480 -80.16435 103.12730 341.57837 -76.95582 -23.02342 NaN NaN NaN -49.07615 -99.17200 83.02915 -53.10327 -118.73940 -45.69743
2786 0.91937 NaN NaN NaN 349.79422 -79.44910 103.79047 341.14398 -76.45776 -22.36156 NaN NaN NaN -51.08181 -97.60609 82.94641 -54.41405 -116.36524 -45.90590
2787 0.92771 NaN NaN NaN 349.49655 -78.86209 104.36759 340.79211 -76.03970 -21.73006 NaN NaN NaN -52.95951 -95.95249 82.86992 -55.84809 -114.09026 -46.12317
2788 0.93605 NaN NaN NaN 349.18182 -78.31960 104.97139 340.49896 -75.70758 -21.18524 NaN NaN NaN -54.72039 -94.18060 82.81742 -57.29472 -111.85172 -46.26770
2789 0.94439 NaN NaN NaN 348.81757 -77.96674 105.54399 340.22180 -75.51537 -20.63619 NaN NaN NaN -56.37996 -92.35344 82.74911 -58.83670 -109.73521 -46.35662
2790 0.95273 NaN NaN NaN 348.40042 -77.62199 106.09301 339.92975 -75.41681 -20.00607 NaN NaN NaN -57.92576 -90.49503 82.68304 -60.45213 -107.68745 -46.43730
2791 0.96107 NaN NaN NaN 347.95303 -77.28590 106.63467 339.63690 -75.35684 -19.52346 NaN NaN NaN -59.37680 -88.64187 82.60941 -62.11258 -105.73752 -46.51660
2792 0.96941 NaN NaN NaN 347.46057 -76.99509 107.09396 339.24234 -75.36307 -19.04779 NaN NaN NaN -60.78792 -86.77327 82.57110 -63.73227 -103.79066 -46.53676
2793 0.97776 NaN NaN NaN 346.88904 -76.72730 107.50774 338.81854 -75.30236 -18.62767 NaN NaN NaN -62.14898 -84.94852 82.66306 -65.25797 -101.83473 -46.49223
2794 0.98610 NaN NaN NaN 346.29153 -76.50730 107.85855 338.27518 -75.18558 -18.27118 NaN NaN NaN -63.45718 -83.06344 82.80258 -66.74201 -100.00049 -46.37762
2795 0.99444 NaN NaN NaN 345.65463 -76.29832 108.16557 337.60825 -75.05101 -18.01292 NaN NaN NaN -64.66714 -81.09139 83.04363 -68.28886 -98.21809 -46.06650
2796 1.00278 NaN NaN NaN 344.98694 -76.12177 108.43510 336.83130 -74.84856 -17.82598 NaN NaN NaN -65.81116 -79.07403 83.37756 -69.84177 -96.56138 -45.68708
2797 1.01112 NaN NaN NaN 344.29715 -76.00516 108.55843 335.90445 -74.58485 -17.65311 NaN NaN NaN -66.90415 -77.06714 83.76254 -71.37166 -94.99916 -45.21235
2798 1.01946 NaN NaN NaN 343.54916 -75.98233 108.66296 334.88235 -74.25096 -17.47890 NaN NaN NaN -68.01785 -75.09779 84.24196 -72.86616 -93.56960 -44.62410
2799 1.02780 NaN NaN NaN 342.78296 -76.00660 108.66998 333.77191 -73.85571 -17.41538 NaN NaN NaN -69.16365 -73.16603 84.74716 -74.25079 -92.16334 -44.04843
2800 1.03614 NaN NaN NaN 341.90985 -76.11130 108.64005 332.56265 -73.43061 -17.40754 NaN NaN NaN -70.35091 -71.35367 85.25829 -75.53133 -90.80112 -43.46251
2801 1.04448 NaN NaN NaN 340.96347 -76.23534 108.55038 331.32169 -72.96642 -17.42598 NaN NaN NaN -71.50220 -69.73876 85.84287 -76.69022 -89.43200 -42.89773
2802 1.05282 NaN NaN NaN 339.94235 -76.34186 108.38047 330.01984 -72.51656 -17.58512 NaN NaN NaN -72.63296 -68.13692 86.39176 -77.74185 -88.03970 -42.28438
2803 1.06116 NaN NaN NaN 338.92688 -76.46339 108.17175 328.71762 -72.07882 -17.79783 NaN NaN NaN -73.71030 -66.59458 86.99376 -78.68591 -86.65970 -41.66729
2804 1.06950 NaN NaN NaN 337.91684 -76.65419 107.82424 327.39899 -71.66048 -18.09201 NaN NaN NaN -74.72971 -65.10925 87.53783 -79.57273 -85.31738 -41.04747
2805 1.07785 NaN NaN NaN 336.89746 -76.88573 107.45401 326.05490 -71.27135 -18.46016 NaN NaN NaN -75.66309 -63.67068 88.10238 -80.34505 -84.08582 -40.43682
2806 1.08619 NaN NaN NaN 335.89645 -77.24711 106.93784 324.67612 -70.82582 -18.88116 NaN NaN NaN -76.55495 -62.29754 88.67245 -81.00304 -82.83270 -39.88747
2807 1.09453 NaN NaN NaN 334.85849 -77.60910 106.45466 323.33282 -70.47997 -19.28790 NaN NaN NaN -77.36801 -60.93005 89.21945 -81.57153 -81.58941 -39.32130
2808 1.10287 NaN NaN NaN 333.71408 -77.93871 106.00812 322.03799 -70.13794 -19.68265 NaN NaN NaN -78.10373 -59.61340 89.74332 -82.04362 -80.42699 -38.77695
2809 1.11121 NaN NaN NaN 332.43103 -78.20632 105.56755 320.72968 -69.90376 -20.05627 NaN NaN NaN -78.69405 -58.24340 90.31326 -82.48841 -79.26482 -38.22876
2810 1.11955 NaN NaN NaN 330.97388 -78.40211 105.15221 319.45776 -69.78373 -20.45957 NaN NaN NaN -79.03476 -56.87107 90.90984 -82.82359 -78.16547 -37.59476
2811 1.12789 NaN NaN NaN 329.36920 -78.53258 104.85830 318.10342 -69.69944 -20.85002 NaN NaN NaN -79.15752 -55.43560 91.47032 -83.17252 -77.19754 -36.90332
2812 1.13623 NaN NaN NaN 327.60150 -78.44910 104.64818 316.84567 -69.74686 -21.06888 NaN NaN NaN -79.05037 -53.95968 92.10923 -83.47805 -76.38281 -36.21744
2813 1.14457 NaN NaN NaN 325.64008 -78.12820 104.65047 315.67819 -70.01875 -21.20714 NaN NaN NaN -78.76640 -52.43518 92.64739 -83.75297 -75.70695 -35.47371
2814 1.15291 NaN NaN NaN 323.44446 -77.55648 104.78613 314.72726 -70.62827 -21.28895 NaN NaN NaN -78.26810 -50.86845 93.27010 -83.98740 -75.11792 -34.58408
2815 1.16125 NaN NaN NaN 320.99182 -76.66953 105.15495 314.09756 -71.67380 -21.15773 NaN NaN NaN -77.51356 -49.13324 93.83510 -84.23257 -74.64677 -33.68266
2816 1.16959 NaN NaN NaN 318.31079 -75.47804 105.58650 313.78229 -73.08928 -20.85512 NaN NaN NaN -76.51460 -47.26225 94.39476 -84.41393 -74.25962 -32.76085
2817 1.17794 NaN NaN NaN 315.37582 -73.97803 106.09607 313.66971 -74.90556 -20.40578 NaN NaN NaN -75.20432 -45.16157 94.95337 -84.61597 -74.04140 -31.74481
2818 1.18628 NaN NaN NaN 312.21875 -72.17126 106.62521 313.78625 -77.06297 -19.69609 NaN NaN NaN -73.61666 -42.88166 95.46476 -84.81460 -73.87407 -30.59266
2819 1.19462 NaN NaN NaN 308.82233 -70.06968 107.04344 314.15814 -79.57191 -18.88349 NaN NaN NaN -71.79868 -40.48448 95.83865 -84.93750 -73.76271 -29.41335
2820 1.20296 NaN NaN NaN 305.24988 -67.76941 107.33118 314.70953 -82.36652 -17.81657 NaN NaN NaN -69.75532 -38.14496 96.21975 -84.95097 -73.71878 -28.21787
2821 1.21130 NaN NaN NaN 301.56952 -65.31158 107.30518 315.30286 -85.37464 -16.69492 NaN NaN NaN -67.61530 -35.91190 96.45629 -84.88168 -73.74467 -27.02256
2822 1.21964 NaN NaN NaN 297.90918 -62.88496 107.01738 315.86835 -88.45786 -15.47248 NaN NaN NaN -65.40238 -33.87910 96.74540 -84.68314 -73.84206 -25.88611
2823 1.22798 NaN NaN NaN 294.30219 -60.67459 106.41869 316.35910 -91.51120 -14.20709 NaN NaN NaN -63.17117 -32.03581 96.90161 -84.30563 -73.98002 -24.73674
2824 1.23632 NaN NaN NaN 290.83817 -58.86477 105.58587 316.66110 -94.44778 -13.02799 NaN NaN NaN -60.88293 -30.32641 96.94490 -83.83359 -74.10702 -23.64565
2825 1.24466 NaN NaN NaN 287.67639 -57.56317 104.56846 316.71844 -97.16704 -11.98260 NaN NaN NaN -58.46890 -28.71931 96.86788 -83.28477 -74.39744 -22.59954
2826 1.25300 NaN NaN NaN 284.79007 -56.81215 103.42831 316.44846 -99.56161 -11.25053 NaN NaN NaN -55.85532 -27.12286 96.65615 -82.69774 -74.78848 -21.59593
2827 1.26134 NaN NaN NaN 282.21686 -56.67346 102.30220 315.87283 -101.69936 -10.92772 NaN NaN NaN -53.13835 -25.60889 96.29086 -82.07654 -75.34201 -20.59848
2828 1.26968 NaN NaN NaN 279.96393 -57.08469 101.27407 315.06903 -103.51835 -11.04342 NaN NaN NaN -50.34829 -24.16280 95.73955 -81.40667 -76.11263 -19.63703
2829 1.27803 NaN NaN NaN 278.09674 -58.01896 100.30446 314.04852 -105.11185 -11.45821 NaN NaN NaN -47.56184 -22.90445 95.04016 -80.70318 -77.02692 -18.75386
2830 1.28637 NaN NaN NaN 276.66754 -59.51095 99.52751 312.81259 -106.51716 -12.10965 NaN NaN NaN -44.77971 -21.79767 94.24417 -79.99476 -78.05531 -17.93813
2831 1.29471 NaN NaN NaN 275.68564 -61.50601 98.98004 311.38260 -107.73372 -13.13861 NaN NaN NaN -42.00081 -20.88937 93.31428 -79.23569 -79.23236 -17.07917
2832 1.30305 NaN NaN NaN 275.04031 -63.80535 98.61456 309.78229 -108.71890 -14.27390 NaN NaN NaN -39.29534 -20.26086 92.30736 -78.54481 -80.48070 -16.34797
2833 1.31139 NaN NaN NaN 274.57498 -66.27565 98.48340 308.07086 -109.47800 -15.46576 NaN NaN NaN -37.23331 -20.26440 91.69328 -77.32158 -81.49583 -16.19131
2834 1.31973 NaN NaN NaN 274.17432 -68.58706 98.43549 306.28711 -110.06656 -16.48120 NaN NaN NaN -35.88341 -21.05607 91.30057 -75.39726 -82.08629 -16.98266
2835 1.32807 NaN NaN NaN 273.71640 -70.64063 98.43859 304.49445 -110.56950 -17.37517 NaN NaN NaN -34.41170 -22.31730 90.88635 -73.82789 -82.58683 -17.79161
2836 1.33641 NaN NaN NaN 273.17148 -72.37163 98.51853 302.66855 -110.98091 -18.07637 NaN NaN NaN -32.54334 -23.67533 90.35110 -72.81254 -83.35863 -18.23245
2837 1.34475 NaN NaN NaN 272.59366 -73.71318 98.67183 300.85602 -111.31109 -18.54757 NaN NaN NaN -30.61090 -24.87460 89.89713 -71.89214 -84.48488 -18.32093
2838 1.35309 NaN NaN NaN 271.93689 -74.79775 98.92612 299.11792 -111.66116 -18.84474 NaN NaN NaN -28.96692 -25.96276 89.40818 -70.90587 -86.06821 -18.24879
2839 1.36143 NaN NaN NaN 271.19235 -75.57684 99.25436 297.40387 -111.97015 -18.86852 NaN NaN NaN -27.76226 -26.91526 89.01900 -69.69390 -87.85200 -18.17023
2840 1.36977 NaN NaN NaN 270.38742 -76.14738 99.61916 295.84589 -112.31303 -18.71816 NaN NaN NaN -26.78851 -27.82143 88.72117 -68.39462 -89.58752 -18.17616
2841 1.37812 NaN NaN NaN 269.52942 -76.56981 100.00945 294.34036 -112.64079 -18.45536 NaN NaN NaN -25.84201 -28.68674 88.57755 -67.13829 -91.14182 -18.07259
2842 1.38646 NaN NaN NaN 268.64474 -76.85795 100.37980 292.92743 -113.05145 -18.18847 NaN NaN NaN -24.89172 -29.58451 88.58309 -65.85257 -92.43152 -17.96905
2843 1.39480 NaN NaN NaN 267.74478 -77.09219 100.73778 291.58899 -113.47346 -17.89218 NaN NaN NaN -23.95621 -30.47990 88.79865 -64.47453 -93.41846 -17.82651
2844 1.40314 NaN NaN NaN 266.96167 -77.37607 101.07909 290.27017 -113.92675 -17.61922 NaN NaN NaN -23.12597 -31.25604 89.20846 -63.02102 -94.15658 -17.68206
2845 1.41148 NaN NaN NaN 266.34695 -77.93581 101.34991 288.90381 -114.27628 -17.52967 NaN NaN NaN -22.36465 -31.86480 89.78002 -61.49447 -94.79881 -17.42523
2846 1.41982 NaN NaN NaN 265.88208 -78.70604 101.50493 287.54001 -114.55783 -17.70332 NaN NaN NaN -21.72014 -32.28862 90.37005 -59.97407 -95.24592 -17.07989
2847 1.42816 NaN NaN NaN 265.56808 -79.78420 101.58986 286.09668 -114.78135 -18.02968 NaN NaN NaN -21.06266 -32.47308 91.06585 -58.63638 -95.59480 -16.51485
2848 1.43650 NaN NaN NaN 265.37723 -81.12808 101.57917 284.57156 -114.86440 -18.65525 NaN NaN NaN -20.47189 -32.48359 91.82079 -57.42518 -95.92808 -15.77835
2849 1.44484 NaN NaN NaN 265.34088 -82.70250 101.47869 283.01840 -114.85811 -19.46780 NaN NaN NaN -20.04386 -32.39051 92.62737 -56.40533 -96.29865 -14.92015
2850 1.45318 NaN NaN NaN 265.37283 -84.51846 101.21411 281.45563 -114.75457 -20.40417 NaN NaN NaN -19.67048 -32.33482 93.44455 -55.54215 -96.68718 -14.01807
2851 1.46152 NaN NaN NaN 265.42776 -86.40079 100.79839 279.87695 -114.62187 -21.50342 NaN NaN NaN -19.30873 -32.34711 94.26063 -54.81614 -97.11269 -13.13105
2852 1.46986 NaN NaN NaN 265.45932 -88.30435 100.33963 278.35983 -114.49723 -22.62225 NaN NaN NaN -18.95701 -32.34269 94.85517 -54.11841 -97.55393 -12.32094
2853 1.47821 NaN NaN NaN 265.48102 -90.16859 99.78625 276.89435 -114.40511 -23.69028 NaN NaN NaN -18.63599 -32.41694 95.26456 -53.36334 -98.03391 -11.74255
2854 1.48655 NaN NaN NaN 265.46786 -91.98211 99.16367 275.51993 -114.40972 -24.76807 NaN NaN NaN -18.24839 -32.54818 95.49090 -52.49353 -98.58015 -11.53272
2855 1.49489 NaN NaN NaN 265.43634 -93.73489 98.49197 274.19318 -114.42911 -25.82578 NaN NaN NaN -17.77569 -32.78580 95.50326 -51.53365 -99.01165 -11.62394
2856 1.50323 NaN NaN NaN 265.37759 -95.46664 97.81279 272.96722 -114.53812 -26.84289 NaN NaN NaN -17.18190 -33.16691 95.26815 -50.52522 -99.25799 -12.06936
2857 1.51157 NaN NaN NaN 265.25189 -97.12048 97.10574 271.77142 -114.66931 -27.88644 NaN NaN NaN -16.68877 -33.52586 94.82845 -49.35408 -99.38320 -12.77895
2858 1.51991 NaN NaN NaN 265.12393 -98.70398 96.30799 270.58966 -114.83076 -28.88708 NaN NaN NaN -16.09188 -33.90004 94.29879 -48.16502 -99.43003 -13.68899
2859 1.52825 NaN NaN NaN 264.97049 -100.22890 95.53011 269.43460 -114.91478 -29.86052 NaN NaN NaN -15.48205 -34.24860 93.57563 -47.02926 -99.48967 -14.70506
2860 1.53659 NaN NaN NaN 264.75024 -101.61684 94.69524 268.28427 -115.02399 -30.87686 NaN NaN NaN -15.04477 -34.61771 92.93327 -45.83566 -99.52339 -15.84739
2861 1.54493 NaN NaN NaN 264.49438 -103.00141 93.83885 267.11090 -115.12009 -31.93216 NaN NaN NaN -14.94838 -35.17174 92.28342 -44.45643 -99.39162 -17.22900
2862 1.55327 NaN NaN NaN 264.19446 -104.30132 92.94507 265.85519 -115.11797 -32.94943 NaN NaN NaN -15.16742 -35.99557 91.79572 -42.97300 -99.02737 -18.92385
2863 1.56161 NaN NaN NaN 263.82361 -105.49677 92.09544 264.56473 -115.07198 -33.90940 NaN NaN NaN -15.55051 -37.10045 91.36261 -41.57777 -98.47444 -20.65043
2864 1.56995 NaN NaN NaN 263.47736 -106.60423 91.21891 263.23145 -115.00849 -34.91278 NaN NaN NaN -15.86598 -38.27522 91.00768 -40.42621 -97.86741 -22.24953
2865 1.57830 NaN NaN NaN 263.06796 -107.62344 90.33282 261.90189 -114.96677 -35.85600 NaN NaN NaN -16.16087 -39.34937 90.66429 -39.63142 -97.49052 -23.56278
2866 1.58664 NaN NaN NaN 262.66934 -108.61621 89.41026 260.53870 -114.87332 -36.79651 NaN NaN NaN -16.41058 -40.25254 90.37880 -39.14791 -97.37994 -24.44142
2867 1.59498 NaN NaN NaN 262.20551 -109.50301 88.54252 259.16647 -114.77309 -37.66447 NaN NaN NaN -16.71742 -41.04340 90.08693 -38.91118 -97.46292 -25.18367
2868 1.60332 NaN NaN NaN 261.69235 -110.32368 87.74184 257.78946 -114.64600 -38.51448 NaN NaN NaN -17.09891 -41.86579 89.98243 -38.84195 -97.64793 -25.71782
2869 1.61166 NaN NaN NaN 261.15829 -111.01074 86.98384 256.45453 -114.57608 -39.23438 NaN NaN NaN -17.48540 -42.72394 89.98817 -38.96418 -97.95064 -26.11232
2870 1.62000 NaN NaN NaN 260.57483 -111.66516 86.36433 255.16022 -114.48769 -39.89165 NaN NaN NaN -17.90324 -43.60590 90.01161 -39.24326 -98.38023 -26.31300
2871 1.62834 NaN NaN NaN 259.99911 -112.22672 85.69618 253.89207 -114.43359 -40.56876 NaN NaN NaN -18.32640 -44.48364 90.03285 -39.68317 -98.96534 -26.33133
2872 1.63668 NaN NaN NaN 259.37805 -112.75032 85.04154 252.61285 -114.35696 -41.15761 NaN NaN NaN -18.74447 -45.33881 90.06231 -40.19961 -99.65943 -26.38910
2873 1.64502 NaN NaN NaN 258.69855 -113.21248 84.43718 251.39323 -114.32578 -41.71026 NaN NaN NaN -19.23116 -46.20585 90.05963 -40.72562 -100.39114 -26.44609
2874 1.65336 NaN NaN NaN 258.08774 -113.74179 83.79125 250.22668 -114.24648 -42.35793 NaN NaN NaN -19.67900 -47.08628 90.07297 -41.25426 -101.11668 -26.52405
2875 1.66170 NaN NaN NaN 257.48163 -114.32497 83.09512 249.02127 -114.14162 -43.01332 NaN NaN NaN -20.03296 -47.97995 90.00505 -41.77281 -101.84745 -26.67668
2876 1.67004 NaN NaN NaN 256.94733 -114.98787 82.31379 247.85033 -114.00307 -43.75552 NaN NaN NaN -20.34856 -48.97394 89.77002 -42.23656 -102.59863 -26.94930
2877 1.67839 NaN NaN NaN 256.41635 -115.71911 81.51544 246.84972 -113.86577 -44.52312 NaN NaN NaN -20.70831 -50.01563 89.50222 -42.61144 -103.29301 -27.37296
2878 1.68673 NaN NaN NaN 255.88971 -116.47918 80.65497 245.87233 -113.72202 -45.33444 NaN NaN NaN -21.02454 -51.14785 89.19968 -42.84211 -103.93365 -27.94178
2879 1.69507 NaN NaN NaN 255.37813 -117.31248 79.70969 244.98276 -113.66215 -46.25235 NaN NaN NaN -21.37237 -52.29549 88.77867 -42.97512 -104.46223 -28.61928
2880 1.70341 NaN NaN NaN 254.92816 -118.19208 78.68338 244.16647 -113.59016 -47.17752 NaN NaN NaN -21.58028 -53.50975 88.38692 -43.02137 -104.90617 -29.36950
2881 1.71175 NaN NaN NaN 254.53477 -119.11697 77.57932 243.43150 -113.52299 -48.19474 NaN NaN NaN -21.74125 -54.69461 87.82221 -42.94751 -105.26697 -30.28395
2882 1.72009 NaN NaN NaN 254.16547 -120.06392 76.41769 242.79192 -113.47174 -49.31265 NaN NaN NaN -21.78319 -55.81424 87.30637 -42.78865 -105.58762 -31.26218
2883 1.72843 NaN NaN NaN 253.90279 -121.08044 75.18125 242.26129 -113.38290 -50.47198 NaN NaN NaN -21.72235 -56.82849 86.63200 -42.58698 -105.85839 -32.23014
2884 1.73677 NaN NaN NaN 253.72623 -122.11655 73.92747 241.74593 -113.29120 -51.63147 NaN NaN NaN -21.59330 -57.76896 85.90526 -42.35229 -106.06271 -33.19450
2885 1.74511 NaN NaN NaN 253.62650 -123.15407 72.64011 241.40321 -113.20937 -52.83768 NaN NaN NaN -21.38891 -58.64460 85.22049 -42.02503 -106.22963 -34.24034
2886 1.75345 NaN NaN NaN 253.57794 -124.22340 71.30330 241.16473 -113.10178 -54.00723 NaN NaN NaN -21.11368 -59.43465 84.43589 -41.65408 -106.33174 -35.36456
2887 1.76179 NaN NaN NaN 253.55678 -125.13305 70.06851 241.08401 -113.05412 -55.17455 NaN NaN NaN -20.75646 -60.13527 83.60493 -41.22713 -106.28988 -36.48283
2888 1.77013 NaN NaN NaN 253.62926 -126.04769 68.89822 241.20270 -113.05644 -56.33113 NaN NaN NaN -20.28704 -60.75499 82.77372 -40.79136 -106.21682 -37.58255
2889 1.77848 NaN NaN NaN 253.76872 -126.87343 67.67795 241.41406 -113.15981 -57.45664 NaN NaN NaN -19.74824 -61.34163 81.88845 -40.29341 -106.09940 -38.70602
2890 1.78682 NaN NaN NaN 253.93977 -127.69888 66.52615 241.73914 -113.26395 -58.55600 NaN NaN NaN -19.10491 -61.85907 80.96789 -39.76934 -106.01054 -39.84502
2891 1.79516 NaN NaN NaN 254.09297 -128.45779 65.40543 242.15788 -113.39033 -59.62117 NaN NaN NaN -18.37729 -62.28475 80.07993 -39.30129 -105.84179 -40.89570
2892 1.80350 NaN NaN NaN 254.26463 -129.14149 64.23517 242.73906 -113.56995 -60.73471 NaN NaN NaN -17.55278 -62.57940 79.21864 -38.78545 -105.73443 -41.84393
2893 1.81184 NaN NaN NaN 254.45071 -129.76955 63.08537 243.43391 -113.85246 -61.90081 NaN NaN NaN -16.69439 -62.82164 78.33284 -38.30150 -105.63330 -42.79497
2894 1.82018 NaN NaN NaN 254.65233 -130.29956 61.96108 244.28616 -114.18462 -63.08539 NaN NaN NaN -15.75801 -62.93485 77.45543 -37.79687 -105.49654 -43.65874
2895 1.82852 NaN NaN NaN 254.90048 -130.82715 60.82352 245.33026 -114.68842 -64.28256 NaN NaN NaN -14.78447 -62.99480 76.67225 -37.36848 -105.40976 -44.45364
2896 1.83686 NaN NaN NaN 255.20810 -131.37094 59.60569 246.41589 -115.26515 -65.57150 NaN NaN NaN -13.75276 -62.99717 75.94634 -37.02439 -105.34033 -45.03924
2897 1.84520 NaN NaN NaN 255.67384 -132.01897 58.31626 247.57866 -115.85789 -66.87151 NaN NaN NaN -12.76355 -63.04119 75.22508 -36.73627 -105.34756 -45.67600
2898 1.85354 NaN NaN NaN 256.38260 -132.88313 56.76977 248.73341 -116.29634 -68.32314 NaN NaN NaN -11.89398 -63.19005 74.51938 -36.52746 -105.38586 -46.24689
2899 1.86188 NaN NaN NaN 257.27469 -133.95647 55.06298 249.87613 -116.60452 -69.95044 NaN NaN NaN -11.13128 -63.39418 73.84450 -36.39120 -105.40743 -46.85022
2900 1.87022 NaN NaN NaN 258.29327 -135.12134 53.32323 251.02728 -116.79412 -71.62746 NaN NaN NaN -10.39721 -63.65720 73.19769 -36.33611 -105.47299 -47.40539
2901 1.87857 NaN NaN NaN 259.32144 -136.29941 51.49535 252.17346 -116.94569 -73.30379 NaN NaN NaN -9.76929 -63.89698 72.56091 -36.40912 -105.60595 -47.92569
2902 1.88691 NaN NaN NaN 260.30258 -137.39261 49.70107 253.28363 -117.08697 -74.92137 NaN NaN NaN -9.12320 -64.14569 71.91686 -36.58511 -105.92083 -48.37897
2903 1.89525 NaN NaN NaN 261.21890 -138.38785 48.00776 254.35713 -117.23611 -76.52431 NaN NaN NaN -8.49774 -64.39414 71.23380 -36.83832 -106.40280 -48.71544
2904 1.90359 NaN NaN NaN 262.00565 -139.23671 46.35485 255.32652 -117.42194 -77.99982 NaN NaN NaN -7.84686 -64.64288 70.59529 -37.13947 -107.00576 -49.11140
2905 1.91193 NaN NaN NaN 262.63116 -139.89342 44.77721 256.19864 -117.56446 -79.38727 NaN NaN NaN -7.21546 -64.98810 69.91357 -37.48659 -107.72262 -49.40846
2906 1.92027 NaN NaN NaN 263.12186 -140.51912 43.27926 257.03253 -117.71935 -80.99390 NaN NaN NaN -6.59018 -65.33901 69.23579 -37.82094 -108.53242 -49.60921
2907 1.92861 NaN NaN NaN 263.49469 -141.10104 41.78401 257.74365 -117.84766 -82.44456 NaN NaN NaN -6.02905 -65.76926 68.60842 -38.19041 -109.41547 -49.93268
2908 1.93695 NaN NaN NaN 263.81702 -141.70625 40.32880 258.34720 -117.92209 -83.78049 NaN NaN NaN -5.56387 -66.39923 67.96104 -38.46766 -110.22765 -50.17696
2909 1.94529 NaN NaN NaN 264.09555 -142.26620 39.00507 258.91608 -118.02737 -85.00000 NaN NaN NaN -5.24284 -67.13368 67.44415 -38.72775 -110.97394 -50.65171
2910 1.95363 NaN NaN NaN 264.32916 -142.87405 37.74105 259.40753 -118.12099 -86.14908 NaN NaN NaN -4.89138 -67.87412 66.89828 -38.96824 -111.68090 -50.94454
2911 1.96197 NaN NaN NaN 264.49911 -143.45088 36.52917 259.81274 -118.29422 -87.28083 NaN NaN NaN -4.46225 -68.54892 66.38950 -39.23145 -112.41604 -51.23911
2912 1.97031 NaN NaN NaN 264.61517 -144.00745 35.35900 260.22379 -118.41636 -88.32310 NaN NaN NaN -3.98405 -69.19606 65.90036 -39.46889 -113.13819 -51.49724
2913 1.97866 NaN NaN NaN 264.68588 -144.58963 34.28420 260.57104 -118.57574 -89.33543 NaN NaN NaN -3.50018 -69.79467 65.39910 -39.67115 -113.82798 -51.75636
2914 1.98700 NaN NaN NaN 264.76709 -145.18646 33.31642 260.99182 -118.81307 -90.27888 NaN NaN NaN -3.10468 -70.44281 64.90698 -39.73941 -114.40533 -52.20554
2915 1.99534 NaN NaN NaN 264.83865 -145.68063 32.49593 261.40045 -119.13628 -91.13110 NaN NaN NaN -2.77711 -71.18273 64.38345 -39.66006 -114.76923 -52.67251
2916 2.00368 NaN NaN NaN 264.86172 -146.18396 31.68852 261.83197 -119.56073 -91.91650 NaN NaN NaN -2.49272 -71.93448 63.92382 -39.56136 -115.08263 -53.28038
2917 2.01202 NaN NaN NaN 264.84283 -146.66495 31.02770 262.28558 -120.04965 -92.51900 NaN NaN NaN -2.18581 -72.64722 63.41475 -39.47830 -115.35779 -53.79724
2918 2.02036 NaN NaN NaN 264.80826 -147.06752 30.47919 262.68982 -120.56573 -93.14471 NaN NaN NaN -1.87260 -73.29443 63.00630 -39.40285 -115.74089 -54.31794
2919 2.02870 NaN NaN NaN 264.80579 -147.47499 29.97051 263.05066 -121.11635 -93.63042 NaN NaN NaN -1.55598 -73.87745 62.53269 -39.34581 -116.10736 -54.74949
2920 2.03704 NaN NaN NaN 264.77548 -147.83141 29.55341 263.42902 -121.61877 -93.94511 NaN NaN NaN -1.22787 -74.41920 62.11250 -39.30078 -116.51575 -55.12234
2921 2.04538 NaN NaN NaN 264.66357 -148.11053 29.31239 263.84195 -122.10278 -94.30254 NaN NaN NaN -0.93262 -74.88016 61.79386 -39.29246 -116.93990 -55.48481
2922 2.05372 NaN NaN NaN 264.51642 -148.31331 29.15493 264.25797 -122.64118 -94.49303 NaN NaN NaN -0.72465 -75.39381 61.43666 -39.29358 -117.31966 -55.71299
2923 2.06206 NaN NaN NaN 264.30365 -148.46028 29.06614 264.66928 -123.17570 -94.66753 NaN NaN NaN -0.52038 -75.91300 61.15467 -39.31028 -117.73466 -55.90546
2924 2.07040 NaN NaN NaN 264.04849 -148.54480 29.00167 265.14706 -123.74834 -94.83971 NaN NaN NaN -0.34068 -76.41785 60.99649 -39.31125 -118.13197 -56.15951
2925 2.07875 NaN NaN NaN 263.71323 -148.57173 28.96969 265.65424 -124.24005 -94.91702 NaN NaN NaN -0.19264 -76.97079 60.80037 -39.29856 -118.49501 -56.39707
2926 2.08709 NaN NaN NaN 263.35452 -148.53287 28.96244 266.06506 -124.79811 -94.94936 NaN NaN NaN -0.09964 -77.51234 60.60402 -39.32224 -118.89935 -56.54919
2927 2.09543 NaN NaN NaN 263.01810 -148.52939 28.95306 266.37991 -125.29169 -95.01681 NaN NaN NaN 0.00672 -77.99357 60.41686 -39.34652 -119.28065 -56.66852
2928 2.10377 NaN NaN NaN 262.66721 -148.52724 28.83716 266.67590 -125.71780 -95.28739 NaN NaN NaN 0.06686 -78.50970 60.30315 -39.40168 -119.70110 -56.87162
2929 2.11211 NaN NaN NaN 262.36716 -148.53212 28.71392 266.94562 -126.02925 -95.51337 NaN NaN NaN 0.06967 -79.06990 60.16801 -39.52458 -120.07917 -57.11184
2930 2.12045 NaN NaN NaN 262.05753 -148.52367 28.61792 267.15152 -126.38903 -95.68369 NaN NaN NaN -0.05430 -79.72501 60.03236 -39.56954 -120.38490 -57.38427
2931 2.12879 NaN NaN NaN 261.74945 -148.53296 28.50660 267.37872 -126.64359 -95.79187 NaN NaN NaN -0.21312 -80.40633 59.85574 -39.60104 -120.48349 -57.69922
2932 2.13713 NaN NaN NaN 261.46445 -148.52940 28.41834 267.65002 -126.85397 -95.93919 NaN NaN NaN -0.40314 -81.07301 59.66587 -39.63280 -120.67970 -58.10044
2933 2.14547 NaN NaN NaN 261.18301 -148.55624 28.35620 267.86136 -127.08670 -96.14835 NaN NaN NaN -0.62796 -81.81103 59.49537 -39.71156 -120.84652 -58.46526
2934 2.15381 NaN NaN NaN 260.94562 -148.58266 28.26995 268.02161 -127.35971 -96.27078 NaN NaN NaN -0.87084 -82.59924 59.33792 -39.77676 -121.05166 -58.84555
2935 2.16215 NaN NaN NaN 260.67471 -148.54947 28.20266 268.23108 -127.62916 -96.36214 NaN NaN NaN -1.13697 -83.36386 59.26735 -39.88559 -121.31945 -59.24290
2936 2.17049 NaN NaN NaN 260.40799 -148.48720 28.15399 268.43036 -127.90815 -96.39794 NaN NaN NaN -1.44546 -84.13261 59.12019 -39.94710 -121.53978 -59.58699
2937 2.17884 NaN NaN NaN 260.14560 -148.40923 28.12394 268.63620 -128.14384 -96.44441 NaN NaN NaN -1.77264 -84.95459 58.90216 -40.08311 -121.75893 -59.98985
2938 2.18718 NaN NaN NaN 259.84296 -148.29353 28.08820 268.87695 -128.32143 -96.45213 NaN NaN NaN -2.11903 -85.77645 58.78743 -40.20895 -122.00939 -60.38633
2939 2.19552 NaN NaN NaN 259.58279 -148.16599 27.98681 269.05679 -128.46242 -96.53460 NaN NaN NaN -2.45497 -86.59653 58.68517 -40.35468 -122.20321 -60.77800
2940 2.20386 NaN NaN NaN 259.31680 -148.05940 27.90226 269.17703 -128.60811 -96.62701 NaN NaN NaN -2.80576 -87.42802 58.57697 -40.53734 -122.46451 -61.13056
2941 2.21220 NaN NaN NaN 259.04153 -147.95993 27.75240 269.31558 -128.69528 -96.76304 NaN NaN NaN -3.16591 -88.26243 58.36813 -40.76374 -122.76595 -61.46043
2942 2.22054 NaN NaN NaN 258.72134 -147.79570 27.64974 269.37674 -128.76682 -96.84612 NaN NaN NaN -3.46009 -89.03752 58.20335 -41.10033 -123.27435 -61.66298
2943 2.22888 NaN NaN NaN 258.40097 -147.63412 27.55523 269.44174 -128.74855 -96.95917 NaN NaN NaN -3.70192 -89.75903 58.08005 -41.37974 -123.72097 -61.87319
2944 2.23722 NaN NaN NaN 257.99359 -147.42516 27.47483 269.46857 -128.67352 -97.07186 NaN NaN NaN -3.90698 -90.46673 57.89780 -41.62321 -123.99374 -62.15574
2945 2.24556 NaN NaN NaN 257.58966 -147.21683 27.41586 269.46323 -128.54189 -97.20691 NaN NaN NaN -4.08050 -91.15151 57.64325 -41.81985 -124.20908 -62.50594
2946 2.25390 NaN NaN NaN 257.12918 -147.01730 27.28488 269.39566 -128.41786 -97.31763 NaN NaN NaN -4.18965 -91.83897 57.38803 -41.98052 -124.43321 -62.88055
2947 2.26224 NaN NaN NaN 256.62781 -146.76590 27.14523 269.28925 -128.35413 -97.40440 NaN NaN NaN -4.33367 -92.50026 57.12313 -42.11465 -124.63805 -63.30003
2948 2.27058 NaN NaN NaN 256.01407 -146.50806 27.04296 269.17792 -128.30548 -97.46645 NaN NaN NaN -4.40807 -93.14848 56.84542 -42.17268 -124.85514 -63.69529
2949 2.27893 NaN NaN NaN 255.31905 -146.15269 26.98225 269.10947 -128.35678 -97.47792 NaN NaN NaN -4.49180 -93.80839 56.48540 -42.16941 -125.07556 -64.20864
2950 2.28727 NaN NaN NaN 254.59920 -145.73271 26.92346 269.19659 -128.47044 -97.53653 NaN NaN NaN -4.52588 -94.47460 56.13216 -42.15176 -125.27348 -64.71352
2951 2.29561 NaN NaN NaN 253.85518 -145.24570 26.85711 269.32632 -128.64548 -97.56149 NaN NaN NaN -4.54203 -95.14657 55.69569 -42.16587 -125.41508 -65.26192
2952 2.30395 NaN NaN NaN 253.10591 -144.69318 26.81505 269.48090 -128.76651 -97.54803 NaN NaN NaN -4.54833 -95.80155 55.30900 -42.16393 -125.52083 -65.76842
2953 2.31229 NaN NaN NaN 252.37297 -144.16376 26.76250 269.66498 -128.96912 -97.55412 NaN NaN NaN -4.55922 -96.41334 54.86243 -42.18676 -125.63229 -66.29231
2954 2.32063 NaN NaN NaN 251.77139 -143.75269 26.65266 269.87262 -129.07904 -97.57038 NaN NaN NaN -4.50417 -96.96946 54.48972 -42.32549 -125.80373 -66.73673
2955 2.32897 NaN NaN NaN 251.25333 -143.39574 26.48960 270.10760 -129.26326 -97.65733 NaN NaN NaN -4.44489 -97.45682 54.06036 -42.55969 -126.01640 -67.13219
2956 2.33731 NaN NaN NaN 250.79323 -143.06976 26.32139 270.33914 -129.43111 -97.77402 NaN NaN NaN -4.39672 -97.84788 53.64544 -42.86599 -126.30000 -67.45975
2957 2.34565 NaN NaN NaN 250.39383 -142.87286 26.14099 270.57385 -129.70796 -97.76978 NaN NaN NaN -4.31445 -98.19830 53.28934 -43.17916 -126.65536 -67.64102
