Frame# Time LH1 LH2 LH3 RH1 RH2 RH3
X54 Y54 Z54 X55 Y55 Z55 X56 Y56 Z56 X57 Y57 Z57 X58 Y58 Z58 X59 Y59 Z59
46712 0.00649 NaN NaN NaN 232.18633 -154.05212 35.85009 294.72928 -182.99834 -70.01998 NaN NaN NaN 41.97213 -102.80705 -5.32771 -56.51902 -180.87105 -40.42916
46713 0.01482 NaN NaN NaN 232.18933 -154.07014 35.83554 294.72104 -182.99294 -70.02191 NaN NaN NaN 41.95538 -102.80579 -5.33843 -56.51275 -180.88597 -40.41078
46714 0.02315 NaN NaN NaN 232.18468 -154.08138 35.83529 294.70496 -182.99088 -70.02995 NaN NaN NaN 41.96270 -102.80256 -5.35010 -56.53205 -180.86581 -40.46094
46715 0.03148 NaN NaN NaN 232.19179 -154.07692 35.84026 294.70377 -183.01581 -70.02316 NaN NaN NaN 41.93703 -102.79956 -5.37949 -56.52186 -180.85066 -40.45953
46716 0.03981 NaN NaN NaN 232.20131 -154.07346 35.86980 294.70078 -183.02802 -70.03933 NaN NaN NaN 41.94117 -102.78323 -5.38066 -56.55073 -180.85442 -40.47206
46717 0.04815 NaN NaN NaN 232.20605 -154.09656 35.85446 294.70609 -183.05122 -70.05166 NaN NaN NaN 41.95674 -102.78761 -5.39493 -56.55025 -180.82922 -40.46625
46718 0.05648 NaN NaN NaN 232.21542 -154.13750 35.84103 294.70569 -183.03500 -70.06921 NaN NaN NaN 41.98854 -102.81072 -5.42137 -56.54788 -180.83513 -40.47979
46719 0.06481 NaN NaN NaN 232.21744 -154.15457 35.85128 294.69702 -183.04593 -70.07117 NaN NaN NaN 41.97791 -102.78429 -5.47272 -56.51514 -180.84201 -40.47416
46720 0.07314 NaN NaN NaN 232.23141 -154.18184 35.85394 294.70938 -183.04070 -70.07103 NaN NaN NaN 42.00844 -102.75401 -5.49559 -56.51728 -180.83743 -40.45752
46721 0.08147 NaN NaN NaN 232.24911 -154.20758 35.86484 294.70804 -183.03157 -70.08540 NaN NaN NaN 42.00778 -102.72609 -5.52099 -56.48511 -180.84410 -40.46368
46722 0.08980 NaN NaN NaN 232.25587 -154.24010 35.86201 294.73688 -183.00948 -70.10748 NaN NaN NaN 42.03617 -102.71778 -5.52638 -56.48933 -180.84636 -40.47831
46723 0.09813 NaN NaN NaN 232.27104 -154.23897 35.85594 294.74628 -183.00887 -70.12795 NaN NaN NaN 42.06290 -102.72723 -5.53707 -56.47546 -180.85904 -40.47268
46724 0.10646 NaN NaN NaN 232.28030 -154.24777 35.83731 294.76248 -182.99059 -70.14911 NaN NaN NaN 42.08916 -102.71673 -5.55799 -56.46190 -180.85576 -40.48453
46725 0.11480 NaN NaN NaN 232.31525 -154.24614 35.83001 294.76047 -182.99188 -70.15948 NaN NaN NaN 42.11312 -102.70838 -5.60145 -56.44430 -180.85924 -40.47915
46726 0.12313 NaN NaN NaN 232.32764 -154.29155 35.82162 294.77167 -182.98642 -70.17061 NaN NaN NaN 42.11700 -102.66241 -5.69940 -56.42741 -180.87003 -40.46428
46727 0.13146 NaN NaN NaN 232.34802 -154.34822 35.82926 294.79947 -183.00734 -70.18077 NaN NaN NaN 42.15718 -102.65593 -5.74377 -56.39982 -180.87526 -40.41705
46728 0.13979 NaN NaN NaN 232.38884 -154.40492 35.84324 294.81741 -183.01144 -70.18812 NaN NaN NaN 42.20395 -102.62800 -5.76948 -56.37566 -180.88168 -40.39851
46729 0.14812 NaN NaN NaN 232.41104 -154.41223 35.84842 294.82208 -183.03087 -70.19064 NaN NaN NaN 42.25164 -102.62990 -5.74239 -56.35479 -180.86296 -40.36301
46730 0.15645 NaN NaN NaN 232.42108 -154.42967 35.84457 294.83789 -183.00212 -70.19061 NaN NaN NaN 42.27683 -102.62578 -5.79154 -56.33084 -180.87415 -40.35288
46731 0.16478 NaN NaN NaN 232.41763 -154.40491 35.84258 294.85983 -183.00867 -70.19377 NaN NaN NaN 42.29831 -102.62187 -5.86967 -56.28185 -180.84724 -40.28935
46732 0.17311 NaN NaN NaN 232.41708 -154.41589 35.81217 294.86374 -183.00624 -70.19164 NaN NaN NaN 42.34137 -102.61332 -5.91335 -56.27429 -180.85303 -40.26138
46733 0.18145 NaN NaN NaN 232.39441 -154.37927 35.80269 294.86542 -182.99550 -70.20138 NaN NaN NaN 42.37772 -102.58286 -5.94969 -56.24754 -180.86423 -40.22065
46734 0.18978 NaN NaN NaN 232.36494 -154.32591 35.76270 294.84744 -182.98064 -70.20583 NaN NaN NaN 42.41686 -102.55779 -5.99906 -56.23265 -180.86591 -40.18150
46735 0.19811 NaN NaN NaN 232.32304 -154.25693 35.75057 294.83716 -182.95375 -70.22311 NaN NaN NaN 42.47203 -102.54111 -5.98252 -56.21511 -180.85640 -40.15147
46736 0.20644 NaN NaN NaN 232.29526 -154.21840 35.70926 294.83841 -182.92630 -70.22278 NaN NaN NaN 42.50827 -102.53221 -6.07314 -56.19988 -180.85782 -40.11068
46737 0.21477 NaN NaN NaN 232.24463 -154.18494 35.67368 294.84827 -182.92683 -70.22672 NaN NaN NaN 42.55844 -102.52356 -6.17797 -56.19843 -180.85016 -40.04620
46738 0.22310 NaN NaN NaN 232.17311 -154.15884 35.63507 294.84573 -182.93916 -70.20756 NaN NaN NaN 42.58421 -102.51517 -6.24605 -56.17534 -180.89111 -39.99264
46739 0.23143 NaN NaN NaN 232.08781 -154.11612 35.60398 294.84021 -182.95212 -70.19444 NaN NaN NaN 42.64954 -102.56360 -6.35422 -56.17719 -180.92360 -39.89494
46740 0.23977 NaN NaN NaN 232.01973 -154.07185 35.56889 294.84131 -182.95840 -70.16196 NaN NaN NaN 42.67918 -102.55619 -6.45865 -56.13728 -180.96536 -39.80983
46741 0.24810 NaN NaN NaN 231.96111 -154.03397 35.53942 294.85794 -182.96004 -70.17003 NaN NaN NaN 42.72911 -102.54370 -6.57115 -56.12574 -180.98137 -39.74497
46742 0.25643 NaN NaN NaN 231.92607 -154.00127 35.50513 294.84756 -182.97054 -70.14989 NaN NaN NaN 42.76049 -102.50416 -6.67931 -56.11886 -180.98058 -39.66082
46743 0.26476 NaN NaN NaN 231.89279 -153.99071 35.48982 294.82437 -182.97496 -70.15294 NaN NaN NaN 42.79209 -102.47157 -6.81429 -56.12823 -180.96263 -39.61946
46744 0.27309 NaN NaN NaN 231.85197 -153.97099 35.45098 294.80634 -182.94827 -70.16299 NaN NaN NaN 42.80345 -102.46050 -6.91178 -56.12115 -180.96214 -39.56359
46745 0.28142 NaN NaN NaN 231.80090 -153.94151 35.44942 294.77594 -182.93073 -70.17052 NaN NaN NaN 42.82179 -102.44919 -7.03737 -56.10624 -180.97310 -39.50762
46746 0.28975 NaN NaN NaN 231.75589 -153.92134 35.41867 294.75003 -182.88144 -70.19855 NaN NaN NaN 42.86393 -102.44456 -7.08809 -56.09448 -181.00233 -39.45538
46747 0.29808 NaN NaN NaN 231.68399 -153.86703 35.42309 294.69684 -182.85190 -70.19340 NaN NaN NaN 42.88888 -102.42738 -7.13918 -56.09111 -181.01376 -39.40014
46748 0.30642 NaN NaN NaN 231.59418 -153.79353 35.38123 294.64713 -182.85338 -70.18417 NaN NaN NaN 42.96616 -102.42265 -7.21149 -56.07319 -181.01709 -39.31842
46749 0.31475 NaN NaN NaN 231.46846 -153.70604 35.36794 294.56110 -182.84970 -70.16933 NaN NaN NaN 43.01099 -102.40783 -7.27162 -56.05695 -181.01369 -39.25470
46750 0.32308 NaN NaN NaN 231.37329 -153.64589 35.32720 294.47485 -182.83121 -70.17197 NaN NaN NaN 43.06949 -102.39031 -7.34545 -56.05531 -181.03081 -39.18726
46751 0.33141 NaN NaN NaN 231.23656 -153.55966 35.30206 294.39841 -182.81284 -70.16614 NaN NaN NaN 43.10120 -102.35980 -7.41263 -56.05267 -181.03302 -39.15800
46752 0.33974 NaN NaN NaN 231.06705 -153.42145 35.22235 294.25244 -182.74055 -70.16810 NaN NaN NaN 43.11145 -102.33732 -7.48752 -56.03535 -181.04515 -39.12827
46753 0.34807 NaN NaN NaN 230.92459 -153.27800 35.16880 294.14456 -182.61963 -70.21175 NaN NaN NaN 43.12202 -102.33869 -7.56241 -56.06266 -181.09283 -39.05497
46754 0.35640 NaN NaN NaN 230.73361 -153.12939 35.08089 294.06110 -182.54716 -70.23773 NaN NaN NaN 43.14883 -102.36465 -7.66031 -56.06675 -181.13991 -38.97844
46755 0.36473 NaN NaN NaN 230.50734 -152.92514 34.99517 293.99310 -182.48973 -70.21001 NaN NaN NaN 43.17152 -102.38860 -7.82050 -56.06921 -181.15434 -38.90659
46756 0.37307 NaN NaN NaN 230.21141 -152.71378 34.87925 293.91318 -182.46344 -70.13815 NaN NaN NaN 43.19995 -102.39094 -7.93558 -56.10670 -181.18068 -38.78135
46757 0.38140 NaN NaN NaN 229.94040 -152.46796 34.74555 293.80359 -182.41614 -70.09914 NaN NaN NaN 43.23643 -102.40394 -8.03124 -56.17606 -181.23529 -38.59011
46758 0.38973 NaN NaN NaN 229.67049 -152.18150 34.61979 293.70761 -182.26994 -70.08304 NaN NaN NaN 43.25397 -102.39963 -8.17245 -56.24619 -181.28949 -38.38996
46759 0.39806 NaN NaN NaN 229.41913 -151.90236 34.51812 293.59244 -182.14169 -70.09282 NaN NaN NaN 43.20744 -102.38566 -8.33383 -56.32104 -181.30139 -38.21774
46760 0.40639 NaN NaN NaN 229.17758 -151.62228 34.41917 293.49805 -181.99391 -70.06271 NaN NaN NaN 43.19439 -102.39404 -8.48326 -56.39159 -181.34550 -38.07406
46761 0.41472 NaN NaN NaN 228.92888 -151.39029 34.30930 293.39838 -181.92969 -70.01150 NaN NaN NaN 43.19687 -102.40697 -8.63326 -56.46054 -181.39056 -37.90800
46762 0.42305 NaN NaN NaN 228.68549 -151.13907 34.23189 293.31497 -181.87285 -69.93755 NaN NaN NaN 43.19796 -102.40103 -8.80932 -56.54361 -181.44383 -37.75693
46763 0.43138 NaN NaN NaN 228.43280 -150.89595 34.16443 293.21387 -181.86290 -69.84595 NaN NaN NaN 43.19513 -102.43772 -8.96232 -56.58394 -181.51036 -37.57430
46764 0.43972 NaN NaN NaN 228.20108 -150.65202 34.08144 293.11057 -181.80363 -69.80184 NaN NaN NaN 43.21371 -102.44850 -9.07322 -56.61549 -181.55551 -37.41427
46765 0.44805 NaN NaN NaN 228.02219 -150.44319 33.98857 292.96732 -181.66295 -69.82421 NaN NaN NaN 43.23317 -102.42420 -9.20062 -56.64819 -181.58784 -37.17621
46766 0.45638 NaN NaN NaN 227.88757 -150.27704 33.91240 292.83185 -181.57747 -69.87595 NaN NaN NaN 43.29173 -102.37386 -9.34418 -56.68969 -181.59982 -36.98591
46767 0.46471 NaN NaN NaN 227.75226 -150.15569 33.85322 292.70178 -181.46323 -69.93797 NaN NaN NaN 43.36399 -102.37663 -9.52755 -56.68198 -181.62793 -36.78089
46768 0.47304 NaN NaN NaN 227.64659 -150.03351 33.81550 292.56656 -181.29933 -70.03307 NaN NaN NaN 43.38643 -102.31693 -9.69162 -56.66685 -181.61929 -36.57419
46769 0.48137 NaN NaN NaN 227.53250 -149.93445 33.76554 292.45233 -181.14064 -70.11212 NaN NaN NaN 43.43004 -102.24854 -9.92840 -56.64569 -181.66393 -36.37434
46770 0.48970 NaN NaN NaN 227.39090 -149.83389 33.71930 292.34280 -181.09181 -70.16779 NaN NaN NaN 43.49468 -102.19656 -10.03820 -56.64927 -181.69527 -36.26525
46771 0.49804 NaN NaN NaN 227.24959 -149.71100 33.63715 292.19299 -181.05714 -70.19598 NaN NaN NaN 43.57825 -102.16898 -10.17287 -56.59300 -181.72739 -36.09098
46772 0.50637 NaN NaN NaN 227.19681 -149.61102 33.57805 292.07693 -181.02402 -70.24260 NaN NaN NaN 43.67042 -102.19279 -10.27762 -56.54734 -181.76985 -35.97862
46773 0.51470 NaN NaN NaN 227.20717 -149.57259 33.56604 291.94583 -180.94421 -70.33830 NaN NaN NaN 43.74078 -102.21181 -10.34392 -56.51189 -181.79720 -35.90072
46774 0.52303 NaN NaN NaN 227.23097 -149.58606 33.57275 291.84671 -180.86758 -70.42716 NaN NaN NaN 43.78337 -102.21082 -10.44101 -56.51653 -181.79886 -35.80727
46775 0.53136 NaN NaN NaN 227.25064 -149.63707 33.59554 291.76819 -180.80544 -70.51885 NaN NaN NaN 43.81365 -102.20175 -10.52348 -56.50797 -181.80011 -35.77560
46776 0.53969 NaN NaN NaN 227.30199 -149.66571 33.63947 291.71625 -180.76105 -70.57774 NaN NaN NaN 43.86645 -102.19511 -10.58692 -56.48373 -181.81825 -35.73111
46777 0.54802 NaN NaN NaN 227.32777 -149.68582 33.65054 291.67993 -180.73051 -70.61870 NaN NaN NaN 43.90613 -102.18905 -10.63766 -56.48557 -181.81497 -35.61485
46778 0.55635 NaN NaN NaN 227.36885 -149.71391 33.68742 291.65329 -180.71407 -70.61749 NaN NaN NaN 43.95601 -102.21718 -10.83388 -56.49777 -181.79340 -35.42933
46779 0.56469 NaN NaN NaN 227.37503 -149.70436 33.67638 291.62607 -180.71896 -70.61664 NaN NaN NaN 43.97914 -102.16415 -11.05630 -56.47071 -181.80341 -35.20301
46780 0.57302 NaN NaN NaN 227.35973 -149.68532 33.67915 291.60895 -180.76233 -70.59603 NaN NaN NaN 44.06408 -102.11228 -11.28240 -56.40372 -181.84503 -34.96444
46781 0.58135 NaN NaN NaN 227.31125 -149.62518 33.66520 291.59177 -180.76540 -70.59361 NaN NaN NaN 44.14626 -102.05248 -11.42468 -56.35637 -181.88052 -34.77547
46782 0.58968 NaN NaN NaN 227.27808 -149.59050 33.66315 291.57867 -180.77214 -70.58202 NaN NaN NaN 44.24107 -101.97476 -11.56113 -56.34853 -181.89980 -34.58802
46783 0.59801 NaN NaN NaN 227.23878 -149.56056 33.62021 291.57175 -180.72334 -70.57940 NaN NaN NaN 44.31053 -101.93583 -11.67464 -56.31714 -181.87323 -34.40904
46784 0.60634 NaN NaN NaN 227.18391 -149.49908 33.60055 291.56244 -180.71684 -70.58244 NaN NaN NaN 44.36568 -101.83767 -11.81151 -56.32244 -181.84070 -34.24435
46785 0.61467 NaN NaN NaN 227.12335 -149.45171 33.56488 291.52310 -180.68472 -70.58481 NaN NaN NaN 44.40991 -101.79414 -11.96023 -56.29590 -181.82901 -34.04484
46786 0.62300 NaN NaN NaN 227.02768 -149.36632 33.48985 291.48618 -180.64604 -70.55698 NaN NaN NaN 44.45968 -101.77094 -12.12002 -56.27057 -181.81586 -33.90245
46787 0.63134 NaN NaN NaN 226.87683 -149.26010 33.42137 291.44827 -180.62216 -70.53703 NaN NaN NaN 44.51369 -101.77645 -12.22356 -56.24963 -181.84027 -33.73692
46788 0.63967 NaN NaN NaN 226.71478 -149.13733 33.34885 291.41592 -180.61455 -70.50165 NaN NaN NaN 44.57631 -101.73298 -12.34483 -56.19481 -181.84904 -33.64227
46789 0.64800 NaN NaN NaN 226.54094 -148.99745 33.26094 291.37875 -180.58977 -70.46265 NaN NaN NaN 44.62368 -101.67891 -12.43320 -56.17913 -181.82558 -33.53746
46790 0.65633 NaN NaN NaN 226.36955 -148.87709 33.19069 291.33942 -180.57498 -70.43165 NaN NaN NaN 44.66146 -101.61482 -12.52961 -56.16468 -181.78506 -33.47511
46791 0.66466 NaN NaN NaN 226.18097 -148.69905 33.10394 291.29941 -180.55965 -70.39531 NaN NaN NaN 44.73668 -101.56823 -12.59734 -56.14669 -181.75461 -33.40577
46792 0.67299 NaN NaN NaN 226.00926 -148.53079 33.02153 291.24634 -180.52081 -70.36658 NaN NaN NaN 44.77743 -101.55730 -12.67351 -56.13140 -181.72147 -33.34208
46793 0.68132 NaN NaN NaN 225.81297 -148.31198 32.96587 291.22168 -180.49989 -70.32143 NaN NaN NaN 44.81586 -101.55093 -12.73948 -56.12961 -181.73483 -33.23839
46794 0.68966 NaN NaN NaN 225.62903 -148.17300 32.88003 291.18765 -180.48268 -70.24780 NaN NaN NaN 44.86110 -101.54157 -12.79198 -56.07304 -181.74696 -33.07568
46795 0.69799 NaN NaN NaN 225.45554 -148.01341 32.81968 291.16074 -180.47150 -70.14529 NaN NaN NaN 44.94110 -101.51648 -12.83524 -56.01752 -181.74629 -32.93398
46796 0.70632 NaN NaN NaN 225.30775 -147.85509 32.79026 291.09012 -180.44742 -70.08945 NaN NaN NaN 45.00196 -101.51286 -12.92141 -55.98536 -181.73981 -32.78261
46797 0.71465 NaN NaN NaN 225.17561 -147.71600 32.76584 291.02722 -180.44545 -70.03465 NaN NaN NaN 45.08035 -101.47021 -13.03149 -55.95716 -181.73712 -32.62822
46798 0.72298 NaN NaN NaN 225.08363 -147.56602 32.74731 290.98016 -180.41574 -70.01803 NaN NaN NaN 45.13913 -101.42603 -13.20691 -55.91555 -181.68616 -32.47837
46799 0.73131 NaN NaN NaN 224.99396 -147.48267 32.70760 290.91611 -180.32030 -69.99366 NaN NaN NaN 45.19699 -101.35889 -13.33273 -55.89398 -181.66388 -32.34000
46800 0.73964 NaN NaN NaN 224.84319 -147.30772 32.64482 290.86176 -180.25455 -69.91532 NaN NaN NaN 45.27382 -101.30438 -13.41455 -55.85700 -181.65205 -32.29580
46801 0.74797 NaN NaN NaN 224.68590 -147.15340 32.58286 290.86420 -180.21086 -69.79029 NaN NaN NaN 45.33434 -101.27118 -13.45047 -55.78052 -181.66522 -32.22281
46802 0.75631 NaN NaN NaN 224.56627 -146.99422 32.53995 290.85834 -180.21092 -69.71751 NaN NaN NaN 45.40346 -101.28524 -13.49077 -55.73232 -181.67656 -32.10263
46803 0.76464 NaN NaN NaN 224.45705 -146.85616 32.47910 290.84396 -180.20819 -69.65985 NaN NaN NaN 45.47475 -101.23669 -13.50786 -55.66570 -181.69627 -32.04633
46804 0.77297 NaN NaN NaN 224.35466 -146.71387 32.45968 290.82794 -180.16707 -69.61790 NaN NaN NaN 45.54860 -101.17719 -13.52077 -55.56366 -181.65593 -32.03633
46805 0.78130 NaN NaN NaN 224.27501 -146.61407 32.42236 290.83871 -180.16962 -69.57328 NaN NaN NaN 45.59140 -101.13423 -13.53590 -55.49260 -181.61650 -32.02708
46806 0.78963 NaN NaN NaN 224.22127 -146.52368 32.40683 290.85229 -180.14035 -69.52530 NaN NaN NaN 45.61850 -101.09611 -13.53699 -55.43316 -181.56618 -32.06305
46807 0.79796 NaN NaN NaN 224.19824 -146.50180 32.38214 290.88239 -180.12471 -69.51421 NaN NaN NaN 45.66008 -101.07177 -13.54541 -55.40746 -181.48843 -32.05548
46808 0.80629 NaN NaN NaN 224.22276 -146.49411 32.40245 290.90555 -180.09546 -69.50726 NaN NaN NaN 45.70618 -100.97749 -13.56620 -55.39046 -181.42555 -32.03636
46809 0.81462 NaN NaN NaN 224.26962 -146.49957 32.41581 290.95380 -180.09525 -69.49865 NaN NaN NaN 45.78469 -100.87456 -13.61293 -55.34339 -181.30516 -31.89794
46810 0.82296 NaN NaN NaN 224.30865 -146.53046 32.43558 290.97321 -180.09270 -69.51214 NaN NaN NaN 45.89175 -100.75552 -13.74130 -55.27787 -181.20511 -31.69563
46811 0.83129 NaN NaN NaN 224.37141 -146.59853 32.45132 291.00235 -180.12143 -69.51598 NaN NaN NaN 45.99141 -100.63554 -13.83563 -55.19335 -181.11110 -31.48145
46812 0.83962 NaN NaN NaN 224.42804 -146.64091 32.45593 291.06403 -180.12679 -69.53217 NaN NaN NaN 46.08706 -100.48090 -13.89843 -55.11589 -181.00636 -31.33556
46813 0.84795 NaN NaN NaN 224.50072 -146.72679 32.45097 291.12796 -180.17232 -69.54383 NaN NaN NaN 46.18932 -100.30359 -14.01517 -55.02995 -180.89304 -31.14474
46814 0.85628 NaN NaN NaN 224.54221 -146.78477 32.48153 291.20160 -180.18980 -69.50991 NaN NaN NaN 46.24881 -100.10057 -14.12687 -54.93008 -180.78500 -31.03369
46815 0.86461 NaN NaN NaN 224.56595 -146.83350 32.47777 291.27167 -180.24889 -69.48693 NaN NaN NaN 46.38586 -99.96456 -14.23682 -54.84052 -180.64761 -30.90994
46816 0.87294 NaN NaN NaN 224.57321 -146.82977 32.49326 291.33167 -180.28909 -69.41404 NaN NaN NaN 46.51205 -99.70734 -14.36140 -54.72938 -180.51300 -30.76254
46817 0.88128 NaN NaN NaN 224.51802 -146.80054 32.45863 291.38828 -180.31900 -69.33315 NaN NaN NaN 46.62670 -99.47273 -14.50230 -54.59161 -180.34573 -30.66208
46818 0.88961 NaN NaN NaN 224.41380 -146.70329 32.43744 291.44943 -180.38597 -69.23721 NaN NaN NaN 46.77441 -99.31573 -14.61274 -54.47918 -180.16830 -30.62929
46819 0.89794 NaN NaN NaN 224.28360 -146.58482 32.38865 291.51758 -180.47713 -69.07986 NaN NaN NaN 46.87516 -99.15453 -14.73430 -54.37902 -179.96858 -30.62460
46820 0.90627 NaN NaN NaN 224.13768 -146.42831 32.37259 291.59082 -180.56357 -68.90225 NaN NaN NaN 46.97230 -98.99463 -14.83984 -54.25938 -179.79172 -30.63306
46821 0.91460 NaN NaN NaN 223.98123 -146.28426 32.32589 291.66238 -180.67096 -68.69542 NaN NaN NaN 47.06699 -98.81964 -14.98067 -54.13985 -179.63200 -30.66247
46822 0.92293 NaN NaN NaN 223.84926 -146.12071 32.31715 291.74091 -180.76590 -68.49350 NaN NaN NaN 47.14028 -98.52647 -15.12269 -54.03297 -179.44771 -30.75411
46823 0.93126 NaN NaN NaN 223.68562 -145.97208 32.33279 291.77014 -180.76089 -68.30893 NaN NaN NaN 47.26503 -98.28597 -15.24447 -53.93203 -179.24673 -30.88845
46824 0.93959 NaN NaN NaN 223.56242 -145.83604 32.32570 291.83612 -180.76045 -68.10081 NaN NaN NaN 47.35049 -98.01380 -15.36824 -53.79977 -179.05441 -31.04802
46825 0.94793 NaN NaN NaN 223.49120 -145.69067 32.32330 291.95596 -180.80400 -67.85840 NaN NaN NaN 47.39545 -97.81269 -15.42964 -53.71419 -178.88257 -31.27301
46826 0.95626 NaN NaN NaN 223.43814 -145.59987 32.33562 292.08749 -180.87224 -67.67114 NaN NaN NaN 47.45650 -97.66933 -15.46623 -53.62469 -178.67671 -31.47975
46827 0.96459 NaN NaN NaN 223.43324 -145.54964 32.36577 292.25085 -180.99046 -67.52152 NaN NaN NaN 47.47911 -97.53954 -15.47929 -53.57658 -178.49727 -31.73744
46828 0.97292 NaN NaN NaN 223.48248 -145.53502 32.37656 292.42075 -181.07178 -67.40548 NaN NaN NaN 47.54330 -97.40878 -15.44960 -53.50548 -178.30461 -31.98778
46829 0.98125 NaN NaN NaN 223.56360 -145.56529 32.43831 292.55225 -181.15002 -67.29628 NaN NaN NaN 47.57182 -97.21978 -15.40858 -53.39535 -178.14667 -32.19547
46830 0.98958 NaN NaN NaN 223.69720 -145.67023 32.49718 292.70874 -181.18593 -67.23592 NaN NaN NaN 47.67467 -97.09438 -15.38504 -53.28328 -177.99715 -32.37465
46831 0.99791 NaN NaN NaN 223.84962 -145.74982 32.54301 292.84201 -181.25385 -67.17999 NaN NaN NaN 47.76548 -96.90299 -15.39126 -53.19455 -177.85677 -32.50150
46832 1.00624 NaN NaN NaN 224.00139 -145.85428 32.61010 292.98254 -181.32887 -67.11876 NaN NaN NaN 47.83543 -96.72188 -15.40342 -53.03539 -177.71768 -32.61182
46833 1.01458 NaN NaN NaN 224.14355 -145.93713 32.69233 293.10272 -181.31755 -67.08649 NaN NaN NaN 47.89874 -96.51669 -15.37039 -52.88804 -177.57722 -32.65847
46834 1.02291 NaN NaN NaN 224.24463 -146.01041 32.76988 293.18457 -181.28368 -67.08579 NaN NaN NaN 47.94405 -96.29596 -15.33780 -52.74352 -177.47908 -32.66751
46835 1.03124 NaN NaN NaN 224.32500 -146.04593 32.87106 293.23285 -181.23837 -67.04026 NaN NaN NaN 48.03442 -96.08237 -15.32436 -52.60284 -177.36534 -32.66872
46836 1.03957 NaN NaN NaN 224.39117 -146.05441 32.99122 293.28043 -181.19615 -66.95096 NaN NaN NaN 48.13935 -95.90897 -15.29030 -52.42083 -177.28630 -32.59742
46837 1.04790 NaN NaN NaN 224.46199 -146.02719 33.09333 293.31558 -181.21819 -66.86502 NaN NaN NaN 48.22778 -95.76459 -15.26291 -52.26586 -177.23390 -32.55938
46838 1.05623 NaN NaN NaN 224.48485 -145.98642 33.17875 293.33316 -181.22437 -66.74104 NaN NaN NaN 48.30584 -95.62176 -15.23086 -52.10648 -177.19626 -32.50085
46839 1.06456 NaN NaN NaN 224.50201 -145.93588 33.25185 293.37021 -181.28175 -66.59702 NaN NaN NaN 48.37469 -95.48910 -15.23388 -51.99207 -177.13721 -32.43441
46840 1.07289 NaN NaN NaN 224.51402 -145.93179 33.40844 293.41983 -181.31694 -66.44575 NaN NaN NaN 48.44709 -95.37930 -15.19794 -51.89861 -177.06343 -32.37988
46841 1.08123 NaN NaN NaN 224.53336 -145.92877 33.52445 293.46207 -181.37001 -66.24390 NaN NaN NaN 48.50637 -95.27513 -15.18477 -51.75875 -177.04213 -32.33635
46842 1.08956 NaN NaN NaN 224.58066 -145.93420 33.65665 293.55423 -181.46596 -66.04405 NaN NaN NaN 48.55697 -95.15765 -15.09865 -51.62352 -177.03880 -32.29863
46843 1.09789 NaN NaN NaN 224.61713 -145.95242 33.74443 293.66888 -181.60799 -65.86386 NaN NaN NaN 48.58540 -95.05805 -15.13713 -51.53751 -177.05537 -32.22351
46844 1.10622 NaN NaN NaN 224.67459 -146.01974 33.86713 293.75708 -181.72076 -65.72679 NaN NaN NaN 48.62215 -95.00301 -15.16574 -51.43638 -177.02943 -32.19759
46845 1.11455 NaN NaN NaN 224.73750 -146.13115 33.96647 293.82269 -181.81168 -65.65592 NaN NaN NaN 48.68979 -94.91581 -15.18925 -51.33776 -177.04012 -32.10550
46846 1.12288 NaN NaN NaN 224.79018 -146.25107 34.04738 293.86017 -181.88043 -65.59959 NaN NaN NaN 48.77869 -94.89467 -15.20765 -51.22366 -177.06226 -32.04804
46847 1.13121 NaN NaN NaN 224.85117 -146.36867 34.10891 293.87570 -181.92838 -65.54388 NaN NaN NaN 48.87516 -94.86723 -15.24650 -51.10997 -177.08717 -32.05407
46848 1.13955 NaN NaN NaN 224.86523 -146.41527 34.15388 293.86615 -181.94597 -65.52341 NaN NaN NaN 48.97134 -94.84241 -15.32055 -51.00946 -177.11766 -32.05370
46849 1.14788 NaN NaN NaN 224.85152 -146.43393 34.17663 293.86768 -181.93623 -65.49641 NaN NaN NaN 49.07876 -94.83273 -15.34775 -50.93877 -177.10596 -31.98377
46850 1.15621 NaN NaN NaN 224.79703 -146.38080 34.20129 293.84476 -181.92134 -65.48739 NaN NaN NaN 49.15168 -94.89788 -15.38273 -50.87289 -177.09222 -31.97105
46851 1.16454 NaN NaN NaN 224.71452 -146.26295 34.26299 293.80579 -181.89529 -65.44182 NaN NaN NaN 49.23588 -94.91407 -15.44556 -50.78521 -177.08275 -31.89654
46852 1.17287 NaN NaN NaN 224.64799 -146.19115 34.29408 293.77924 -181.82547 -65.41516 NaN NaN NaN 49.28562 -94.93113 -15.52616 -50.72149 -177.09750 -31.81963
46853 1.18120 NaN NaN NaN 224.57785 -146.13579 34.32439 293.71594 -181.74986 -65.33653 NaN NaN NaN 49.33277 -94.90928 -15.62526 -50.68475 -177.12962 -31.71466
46854 1.18953 NaN NaN NaN 224.51410 -146.06940 34.32427 293.69244 -181.69031 -65.24292 NaN NaN NaN 49.36473 -94.86790 -15.72171 -50.66970 -177.14159 -31.57519
46855 1.19786 NaN NaN NaN 224.46468 -145.99094 34.32348 293.69577 -181.61728 -65.16248 NaN NaN NaN 49.37105 -94.80627 -15.79006 -50.64229 -177.16234 -31.40376
46856 1.20620 NaN NaN NaN 224.39828 -145.87169 34.33537 293.73703 -181.56470 -65.07223 NaN NaN NaN 49.39342 -94.72138 -15.91146 -50.63245 -177.10156 -31.30638
46857 1.21453 NaN NaN NaN 224.34204 -145.72162 34.33231 293.75925 -181.51794 -64.98845 NaN NaN NaN 49.40580 -94.63760 -15.99569 -50.63167 -177.03807 -31.18054
46858 1.22286 NaN NaN NaN 224.34041 -145.62204 34.35585 293.76776 -181.46443 -64.96041 NaN NaN NaN 49.41559 -94.55810 -16.04961 -50.64363 -177.00204 -31.07840
46859 1.23119 NaN NaN NaN 224.32126 -145.53276 34.35561 293.76587 -181.35010 -64.95963 NaN NaN NaN 49.42732 -94.43140 -16.08723 -50.63476 -176.94481 -30.99211
46860 1.23952 NaN NaN NaN 224.30043 -145.45729 34.36877 293.72824 -181.21593 -64.95565 NaN NaN NaN 49.44151 -94.31534 -16.10851 -50.61261 -176.88510 -30.92836
46861 1.24785 NaN NaN NaN 224.26300 -145.38663 34.37456 293.69592 -181.05159 -64.93845 NaN NaN NaN 49.47704 -94.22314 -16.12679 -50.56807 -176.82378 -30.89446
46862 1.25618 NaN NaN NaN 224.19818 -145.27621 34.38919 293.63739 -180.94170 -64.89883 NaN NaN NaN 49.46530 -94.12302 -16.14714 -50.54382 -176.69559 -30.85744
46863 1.26451 NaN NaN NaN 224.13254 -145.11707 34.42781 293.55905 -180.83778 -64.86127 NaN NaN NaN 49.46696 -94.01402 -16.12707 -50.52349 -176.57755 -30.81508
46864 1.27285 NaN NaN NaN 224.04462 -144.95697 34.47322 293.48761 -180.73334 -64.84219 NaN NaN NaN 49.46523 -93.92220 -16.10954 -50.51262 -176.49228 -30.79244
46865 1.28118 NaN NaN NaN 223.93655 -144.82596 34.49252 293.43997 -180.66954 -64.82100 NaN NaN NaN 49.50548 -93.83372 -16.08950 -50.46245 -176.38721 -30.75640
46866 1.28951 NaN NaN NaN 223.84077 -144.66849 34.53394 293.34277 -180.63481 -64.70685 NaN NaN NaN 49.54963 -93.71125 -16.12065 -50.40038 -176.31396 -30.63962
46867 1.29784 NaN NaN NaN 223.70947 -144.50493 34.56244 293.24496 -180.57373 -64.60802 NaN NaN NaN 49.60152 -93.58917 -16.18044 -50.33522 -176.19225 -30.51307
46868 1.30617 NaN NaN NaN 223.57924 -144.33072 34.59816 293.16898 -180.50896 -64.51858 NaN NaN NaN 49.66568 -93.41914 -16.23450 -50.29236 -176.08971 -30.42442
46869 1.31450 NaN NaN NaN 223.45222 -144.18564 34.64210 293.09293 -180.42361 -64.34757 NaN NaN NaN 49.75198 -93.26797 -16.32104 -50.20983 -175.96707 -30.34125
46870 1.32283 NaN NaN NaN 223.33223 -144.05154 34.71498 293.03415 -180.32951 -64.24460 NaN NaN NaN 49.82331 -93.11203 -16.39473 -50.16652 -175.86139 -30.17279
46871 1.33117 NaN NaN NaN 223.21860 -143.91718 34.75147 292.98813 -180.24683 -64.15643 NaN NaN NaN 49.91065 -92.97209 -16.46272 -50.14022 -175.77615 -30.06710
46872 1.33950 NaN NaN NaN 223.16736 -143.83089 34.77797 292.95743 -180.20676 -64.10049 NaN NaN NaN 49.97240 -92.87160 -16.52187 -50.09926 -175.63272 -29.99394
46873 1.34783 NaN NaN NaN 223.15700 -143.77919 34.82197 292.92801 -180.16766 -64.05527 NaN NaN NaN 50.00684 -92.78310 -16.53364 -50.07015 -175.46985 -29.92896
46874 1.35616 NaN NaN NaN 223.16771 -143.76311 34.90602 292.91635 -180.11093 -63.97744 NaN NaN NaN 50.04115 -92.70547 -16.53563 -50.04060 -175.34979 -29.87303
46875 1.36449 NaN NaN NaN 223.19780 -143.77271 34.98658 292.89130 -180.06351 -63.98746 NaN NaN NaN 50.07300 -92.61412 -16.55686 -50.00019 -175.27495 -29.79125
46876 1.37282 NaN NaN NaN 223.25293 -143.81046 35.07175 292.89203 -180.06526 -63.92662 NaN NaN NaN 50.11810 -92.50439 -16.57691 -49.95898 -175.17674 -29.70860
46877 1.38115 NaN NaN NaN 223.37227 -143.84319 35.15668 292.90149 -180.01994 -63.93859 NaN NaN NaN 50.16449 -92.39323 -16.61230 -49.92687 -175.08156 -29.62386
46878 1.38948 NaN NaN NaN 223.49854 -143.95985 35.27335 292.91757 -180.01991 -63.92186 NaN NaN NaN 50.19480 -92.25608 -16.63219 -49.89737 -174.95689 -29.54799
46879 1.39782 NaN NaN NaN 223.62691 -144.03674 35.37626 292.94077 -179.99709 -63.94345 NaN NaN NaN 50.23452 -92.12110 -16.63167 -49.88089 -174.87411 -29.42937
46880 1.40615 NaN NaN NaN 223.75023 -144.10834 35.48552 292.96881 -180.00081 -63.96015 NaN NaN NaN 50.25354 -92.02180 -16.60943 -49.85286 -174.78239 -29.27137
46881 1.41448 NaN NaN NaN 223.90158 -144.18596 35.59864 292.98395 -179.98520 -64.00636 NaN NaN NaN 50.29230 -91.93034 -16.59771 -49.83382 -174.71303 -29.10151
46882 1.42281 NaN NaN NaN 224.03082 -144.25531 35.72114 293.00772 -180.03549 -63.97249 NaN NaN NaN 50.32822 -91.84898 -16.60046 -49.80119 -174.60229 -28.87470
46883 1.43114 NaN NaN NaN 224.16281 -144.37033 35.81443 293.03436 -180.05843 -63.95307 NaN NaN NaN 50.36308 -91.73121 -16.65140 -49.76234 -174.54903 -28.68293
46884 1.43947 NaN NaN NaN 224.27725 -144.48273 35.89348 293.08020 -180.15024 -63.88063 NaN NaN NaN 50.36392 -91.62942 -16.66430 -49.73989 -174.52776 -28.46889
46885 1.44780 NaN NaN NaN 224.36523 -144.54468 35.97316 293.12823 -180.21764 -63.82342 NaN NaN NaN 50.35083 -91.54697 -16.64079 -49.74229 -174.53392 -28.29595
46886 1.45613 NaN NaN NaN 224.45078 -144.59976 36.10153 293.17529 -180.27240 -63.75582 NaN NaN NaN 50.34291 -91.51990 -16.63193 -49.73091 -174.49730 -28.15539
46887 1.46447 NaN NaN NaN 224.49501 -144.64232 36.20845 293.21793 -180.36043 -63.68040 NaN NaN NaN 50.36352 -91.50475 -16.55708 -49.75046 -174.49724 -28.03935
46888 1.47280 NaN NaN NaN 224.54890 -144.69725 36.28759 293.25888 -180.43573 -63.58670 NaN NaN NaN 50.38219 -91.54993 -16.55716 -49.76545 -174.47601 -27.93898
46889 1.48113 NaN NaN NaN 224.56618 -144.73351 36.33574 293.29297 -180.52045 -63.48837 NaN NaN NaN 50.42300 -91.64199 -16.58433 -49.79575 -174.45917 -27.82823
46890 1.48946 NaN NaN NaN 224.61063 -144.78299 36.40803 293.34677 -180.58414 -63.38923 NaN NaN NaN 50.43148 -91.72754 -16.64119 -49.80960 -174.44873 -27.72453
46891 1.49779 NaN NaN NaN 224.64262 -144.83266 36.47544 293.38074 -180.69377 -63.32539 NaN NaN NaN 50.49396 -91.84400 -16.70498 -49.81095 -174.48096 -27.62715
46892 1.50612 NaN NaN NaN 224.73549 -144.89993 36.55466 293.39841 -180.77173 -63.28032 NaN NaN NaN 50.49932 -91.89925 -16.77272 -49.79924 -174.51746 -27.51431
46893 1.51445 NaN NaN NaN 224.87340 -145.00017 36.69297 293.43301 -180.82759 -63.26109 NaN NaN NaN 50.54230 -91.93089 -16.84187 -49.80515 -174.57411 -27.43494
46894 1.52279 NaN NaN NaN 224.98753 -145.14941 36.78568 293.46368 -180.86389 -63.24728 NaN NaN NaN 50.58480 -91.99661 -16.94455 -49.82025 -174.59550 -27.36706
46895 1.53112 NaN NaN NaN 225.09929 -145.28720 36.90471 293.48959 -180.90195 -63.25143 NaN NaN NaN 50.58746 -92.02870 -17.08294 -49.82804 -174.62848 -27.31483
46896 1.53945 NaN NaN NaN 225.23286 -145.43283 37.02562 293.54184 -180.92996 -63.22311 NaN NaN NaN 50.61402 -92.02119 -17.20374 -49.80648 -174.63509 -27.27048
46897 1.54778 NaN NaN NaN 225.34256 -145.53445 37.13824 293.60779 -180.94930 -63.20971 NaN NaN NaN 50.69177 -91.99686 -17.32703 -49.78330 -174.70044 -27.23116
46898 1.55611 NaN NaN NaN 225.48953 -145.63734 37.21373 293.66693 -180.96410 -63.18557 NaN NaN NaN 50.77635 -92.04022 -17.46406 -49.73573 -174.71216 -27.20277
46899 1.56444 NaN NaN NaN 225.64696 -145.76515 37.28348 293.77264 -180.97624 -63.17598 NaN NaN NaN 50.87364 -92.04992 -17.57225 -49.71173 -174.71771 -27.16231
46900 1.57277 NaN NaN NaN 225.78392 -145.83852 37.38171 293.87387 -181.07893 -63.10792 NaN NaN NaN 50.94485 -92.08566 -17.61875 -49.66914 -174.69762 -27.10437
46901 1.58110 NaN NaN NaN 225.92603 -145.91672 37.45364 293.97293 -181.18465 -63.06446 NaN NaN NaN 50.98499 -92.09116 -17.65735 -49.62875 -174.67249 -27.01746
46902 1.58944 NaN NaN NaN 226.07616 -146.00505 37.56659 294.08847 -181.25940 -63.01186 NaN NaN NaN 51.02019 -92.09134 -17.68867 -49.58451 -174.67120 -26.98871
46903 1.59777 NaN NaN NaN 226.23030 -146.13409 37.64667 294.19257 -181.26813 -63.01056 NaN NaN NaN 51.07236 -92.08271 -17.74630 -49.53334 -174.65855 -26.96505
46904 1.60610 NaN NaN NaN 226.43538 -146.24820 37.72877 294.28540 -181.22433 -63.03109 NaN NaN NaN 51.15039 -92.06642 -17.78446 -49.50746 -174.64937 -26.90359
46905 1.61443 NaN NaN NaN 226.62166 -146.32135 37.79314 294.36539 -181.18315 -63.02139 NaN NaN NaN 51.17990 -92.03728 -17.82738 -49.47683 -174.62218 -26.86619
46906 1.62276 NaN NaN NaN 226.77220 -146.41280 37.89131 294.43231 -181.19272 -62.98510 NaN NaN NaN 51.19039 -92.00877 -17.86916 -49.47554 -174.61745 -26.82323
46907 1.63109 NaN NaN NaN 226.90674 -146.44907 37.97652 294.50714 -181.18700 -62.94326 NaN NaN NaN 51.20173 -91.97794 -17.87225 -49.47027 -174.58214 -26.82400
46908 1.63942 NaN NaN NaN 227.03587 -146.46661 38.09988 294.56564 -181.18802 -62.89632 NaN NaN NaN 51.21246 -91.97024 -17.84760 -49.47200 -174.55421 -26.80579
46909 1.64775 NaN NaN NaN 227.16333 -146.46410 38.21425 294.63757 -181.15965 -62.89185 NaN NaN NaN 51.20559 -91.95554 -17.80142 -49.47400 -174.52055 -26.80898
46910 1.65609 NaN NaN NaN 227.27458 -146.45105 38.31495 294.71835 -181.15759 -62.82706 NaN NaN NaN 51.22511 -91.97456 -17.73631 -49.50430 -174.52663 -26.82931
46911 1.66442 NaN NaN NaN 227.42262 -146.47159 38.42791 294.80499 -181.14868 -62.72075 NaN NaN NaN 51.21326 -91.95312 -17.67991 -49.50031 -174.50949 -26.87739
46912 1.67275 NaN NaN NaN 227.59166 -146.50534 38.54955 294.89801 -181.14624 -62.59618 NaN NaN NaN 51.17001 -91.95845 -17.60891 -49.51597 -174.49661 -26.91011
46913 1.68108 NaN NaN NaN 227.71251 -146.53661 38.68341 295.01355 -181.16533 -62.47745 NaN NaN NaN 51.14117 -91.93432 -17.59027 -49.54312 -174.48486 -26.93514
46914 1.68941 NaN NaN NaN 227.86563 -146.56723 38.79806 295.15329 -181.18643 -62.35869 NaN NaN NaN 51.09855 -91.93311 -17.55430 -49.53826 -174.47675 -26.98360
46915 1.69774 NaN NaN NaN 228.06334 -146.65898 38.96070 295.28775 -181.21852 -62.23833 NaN NaN NaN 51.10381 -91.92241 -17.58398 -49.53498 -174.46844 -27.02179
46916 1.70607 NaN NaN NaN 228.32654 -146.74904 39.14851 295.45480 -181.23651 -62.12799 NaN NaN NaN 51.13490 -91.93983 -17.56259 -49.51627 -174.43909 -27.03086
46917 1.71440 NaN NaN NaN 228.58409 -146.88315 39.37749 295.69327 -181.29506 -62.01646 NaN NaN NaN 51.16126 -91.89362 -17.61624 -49.50727 -174.40514 -27.04843
46918 1.72274 NaN NaN NaN 228.86649 -147.03439 39.62078 295.92175 -181.34456 -61.88787 NaN NaN NaN 51.16924 -91.90345 -17.64612 -49.48858 -174.40533 -27.08522
46919 1.73107 NaN NaN NaN 229.17456 -147.20787 39.77661 296.12271 -181.45256 -61.73610 NaN NaN NaN 51.23211 -91.89658 -17.69102 -49.44397 -174.39764 -27.12934
46920 1.73940 NaN NaN NaN 229.46637 -147.40944 39.89362 296.35434 -181.60786 -61.67531 NaN NaN NaN 51.25653 -91.84679 -17.69858 -49.36493 -174.39273 -27.17430
46921 1.74773 NaN NaN NaN 229.73915 -147.56647 39.95521 296.52087 -181.68687 -61.69101 NaN NaN NaN 51.29085 -91.81900 -17.75895 -49.29288 -174.39630 -27.21169
46922 1.75606 NaN NaN NaN 230.01291 -147.71863 39.99219 296.65640 -181.70016 -61.79342 NaN NaN NaN 51.37996 -91.79776 -17.82450 -49.19344 -174.40358 -27.26878
46923 1.76439 NaN NaN NaN 230.26976 -147.86964 39.98613 296.79831 -181.69257 -61.97493 NaN NaN NaN 51.49254 -91.82911 -17.88435 -49.07611 -174.42018 -27.29664
46924 1.77272 NaN NaN NaN 230.46423 -147.95256 39.93869 296.90918 -181.73396 -62.13878 NaN NaN NaN 51.55885 -91.75961 -17.92355 -48.96152 -174.42752 -27.32715
46925 1.78106 NaN NaN NaN 230.61598 -148.05263 39.86656 296.96173 -181.74045 -62.27333 NaN NaN NaN 51.62499 -91.70887 -17.92719 -48.85440 -174.41469 -27.31012
46926 1.78939 NaN NaN NaN 230.72781 -148.16435 39.77849 297.05560 -181.73691 -62.42681 NaN NaN NaN 51.74343 -91.73925 -17.90714 -48.76388 -174.38138 -27.28620
46927 1.79772 NaN NaN NaN 230.78748 -148.21588 39.57907 297.08865 -181.76108 -62.57161 NaN NaN NaN 51.85372 -91.77623 -17.90877 -48.69571 -174.39490 -27.24366
46928 1.80605 NaN NaN NaN 230.83670 -148.20454 39.38110 297.15009 -181.71407 -62.79064 NaN NaN NaN 51.92156 -91.77841 -17.92186 -48.65862 -174.39891 -27.17658
46929 1.81438 NaN NaN NaN 230.86217 -148.20648 39.15413 297.22949 -181.65602 -62.94909 NaN NaN NaN 51.97869 -91.82005 -17.92866 -48.63104 -174.40625 -27.10167
46930 1.82271 NaN NaN NaN 230.85646 -148.15645 38.95496 297.32385 -181.65366 -63.05754 NaN NaN NaN 51.98989 -91.87889 -17.96554 -48.62418 -174.46080 -27.05085
46931 1.83104 NaN NaN NaN 230.88794 -148.12561 38.83142 297.41547 -181.65892 -63.17762 NaN NaN NaN 51.99110 -91.89402 -17.93913 -48.66314 -174.50995 -26.98017
46932 1.83937 NaN NaN NaN 230.91675 -148.11928 38.75799 297.52982 -181.70702 -63.25865 NaN NaN NaN 51.96324 -91.94370 -17.92567 -48.71632 -174.56296 -26.93260
46933 1.84771 NaN NaN NaN 230.98898 -148.08717 38.68018 297.65344 -181.73842 -63.31340 NaN NaN NaN 51.91893 -92.02257 -17.86154 -48.77861 -174.61586 -26.90900
46934 1.85604 NaN NaN NaN 231.08430 -148.08047 38.61273 297.74121 -181.79294 -63.33074 NaN NaN NaN 51.88790 -92.11741 -17.80935 -48.85675 -174.67116 -26.87872
46935 1.86437 NaN NaN NaN 231.21083 -148.15297 38.56451 297.85892 -181.80563 -63.37655 NaN NaN NaN 51.81623 -92.19614 -17.74456 -48.93446 -174.71088 -26.87105
46936 1.87270 NaN NaN NaN 231.34340 -148.26852 38.57585 297.96518 -181.89272 -63.41885 NaN NaN NaN 51.71856 -92.30872 -17.61774 -49.03966 -174.76100 -26.87205
46937 1.88103 NaN NaN NaN 231.48294 -148.40630 38.55800 298.06226 -181.91563 -63.53546 NaN NaN NaN 51.68076 -92.45634 -17.61012 -49.15012 -174.82797 -26.84438
46938 1.88936 NaN NaN NaN 231.63733 -148.56549 38.53796 298.12653 -181.93414 -63.61246 NaN NaN NaN 51.65637 -92.57805 -17.54324 -49.25606 -174.87843 -26.81822
46939 1.89769 NaN NaN NaN 231.77834 -148.67627 38.50457 298.19080 -181.94290 -63.69521 NaN NaN NaN 51.58187 -92.65515 -17.37246 -49.32663 -174.91252 -26.76834
46940 1.90602 NaN NaN NaN 231.89165 -148.76288 38.46363 298.23120 -181.98915 -63.79596 NaN NaN NaN 51.50128 -92.76236 -17.25311 -49.40512 -174.93007 -26.74981
46941 1.91436 NaN NaN NaN 231.98462 -148.83551 38.39137 298.26294 -182.02637 -63.88450 NaN NaN NaN 51.51443 -92.86977 -17.32125 -49.50349 -175.00121 -26.71600
46942 1.92269 NaN NaN NaN 232.03755 -148.86238 38.34732 298.29892 -182.09671 -63.95097 NaN NaN NaN 51.47257 -92.91409 -17.28130 -49.57962 -175.07593 -26.68542
46943 1.93102 NaN NaN NaN 232.03194 -148.89388 38.28024 298.32349 -182.15477 -64.07356 NaN NaN NaN 51.42320 -92.99336 -17.21063 -49.64999 -175.15923 -26.64662
46944 1.93935 NaN NaN NaN 231.99208 -148.87935 38.21426 298.32419 -182.16949 -64.10695 NaN NaN NaN 51.36025 -93.10928 -17.12918 -49.68990 -175.24821 -26.63770
46945 1.94768 NaN NaN NaN 231.91547 -148.81810 38.13355 298.30405 -182.16881 -64.13000 NaN NaN NaN 51.32485 -93.25773 -17.04862 -49.73339 -175.33553 -26.62235
46946 1.95601 NaN NaN NaN 231.81464 -148.70340 38.01332 298.28427 -182.18181 -64.11094 NaN NaN NaN 51.23862 -93.38306 -16.98775 -49.76864 -175.42348 -26.61358
46947 1.96434 NaN NaN NaN 231.70645 -148.57486 37.91431 298.26712 -182.17937 -64.12584 NaN NaN NaN 51.20436 -93.49266 -16.93221 -49.81607 -175.52792 -26.59982
46948 1.97268 NaN NaN NaN 231.64531 -148.48039 37.85189 298.24176 -182.21056 -64.11476 NaN NaN NaN 51.17704 -93.57163 -16.89037 -49.86438 -175.59668 -26.61261
46949 1.98101 NaN NaN NaN 231.60414 -148.43475 37.81298 298.21768 -182.23193 -64.13733 NaN NaN NaN 51.11380 -93.69523 -16.82289 -49.90802 -175.68059 -26.64873
46950 1.98934 NaN NaN NaN 231.60036 -148.43074 37.78341 298.19012 -182.25621 -64.17751 NaN NaN NaN 51.04400 -93.76591 -16.76824 -49.95518 -175.77313 -26.69246
46951 1.99767 NaN NaN NaN 231.59471 -148.45410 37.71472 298.16373 -182.28880 -64.21661 NaN NaN NaN 50.96710 -93.89060 -16.63502 -50.01608 -175.90321 -26.75121
46952 2.00600 NaN NaN NaN 231.61497 -148.46791 37.67833 298.18100 -182.33150 -64.24721 NaN NaN NaN 50.90204 -93.97865 -16.55434 -50.06265 -175.98807 -26.79809
46953 2.01433 NaN NaN NaN 231.61797 -148.47469 37.62741 298.18185 -182.32811 -64.28801 NaN NaN NaN 50.90022 -94.06633 -16.53165 -50.09907 -176.05547 -26.83649
46954 2.02266 NaN NaN NaN 231.60442 -148.47455 37.55347 298.18280 -182.30148 -64.37064 NaN NaN NaN 50.89556 -94.15546 -16.50198 -50.10303 -176.12485 -26.91430
46955 2.03099 NaN NaN NaN 231.59894 -148.46031 37.50082 298.14371 -182.31216 -64.42379 NaN NaN NaN 50.87738 -94.23108 -16.37012 -50.10522 -176.22684 -26.99854
46956 2.03933 NaN NaN NaN 231.55385 -148.41698 37.43885 298.13132 -182.32686 -64.47015 NaN NaN NaN 50.85182 -94.34412 -16.25482 -50.12528 -176.30049 -27.04841
46957 2.04766 NaN NaN NaN 231.52675 -148.36623 37.29409 298.09894 -182.36034 -64.51114 NaN NaN NaN 50.87446 -94.43671 -16.26114 -50.11177 -176.37610 -27.09431
46958 2.05599 NaN NaN NaN 231.45558 -148.31128 37.19918 298.04208 -182.37254 -64.53412 NaN NaN NaN 50.87875 -94.50111 -16.22924 -50.10644 -176.42447 -27.17910
46959 2.06432 NaN NaN NaN 231.35229 -148.20319 37.12589 297.96774 -182.37650 -64.59789 NaN NaN NaN 50.86799 -94.51486 -16.18096 -50.09732 -176.49821 -27.26329
46960 2.07265 NaN NaN NaN 231.21414 -148.10806 37.05464 297.92319 -182.37346 -64.64399 NaN NaN NaN 50.84179 -94.60835 -16.04808 -50.13519 -176.56224 -27.29632
46961 2.08098 NaN NaN NaN 231.08650 -148.01077 36.91540 297.88165 -182.38469 -64.68697 NaN NaN NaN 50.77666 -94.64082 -15.93973 -50.15979 -176.61725 -27.39212
46962 2.08931 NaN NaN NaN 230.96309 -147.91685 36.79774 297.81299 -182.35651 -64.73499 NaN NaN NaN 50.73586 -94.71361 -15.83474 -50.18602 -176.64531 -27.44956
46963 2.09764 NaN NaN NaN 230.85976 -147.78569 36.67214 297.76764 -182.33205 -64.74857 NaN NaN NaN 50.66877 -94.83237 -15.70602 -50.23018 -176.70071 -27.47585
46964 2.10598 NaN NaN NaN 230.77599 -147.69666 36.57705 297.70309 -182.31448 -64.77554 NaN NaN NaN 50.60667 -94.94199 -15.60280 -50.28914 -176.75301 -27.51847
46965 2.11431 NaN NaN NaN 230.70145 -147.62567 36.50537 297.63940 -182.32474 -64.82150 NaN NaN NaN 50.57487 -95.08916 -15.45507 -50.34653 -176.84471 -27.59858
46966 2.12264 NaN NaN NaN 230.65900 -147.56277 36.45813 297.55017 -182.31808 -64.89256 NaN NaN NaN 50.53915 -95.21947 -15.29345 -50.38586 -176.88861 -27.67552
46967 2.13097 NaN NaN NaN 230.59361 -147.52142 36.40642 297.45642 -182.28984 -64.94970 NaN NaN NaN 50.48535 -95.30318 -15.19407 -50.44810 -176.92192 -27.77412
46968 2.13930 NaN NaN NaN 230.53404 -147.46254 36.34077 297.39261 -182.24599 -65.03131 NaN NaN NaN 50.44226 -95.36247 -15.12751 -50.51059 -176.93132 -27.90912
46969 2.14763 NaN NaN NaN 230.46964 -147.40530 36.24261 297.33899 -182.22766 -65.12036 NaN NaN NaN 50.41201 -95.38162 -15.10512 -50.53105 -176.93434 -27.99864
46970 2.15596 NaN NaN NaN 230.34697 -147.31682 36.13494 297.30148 -182.21591 -65.18251 NaN NaN NaN 50.39136 -95.42714 -14.99821 -50.56376 -176.93152 -28.08263
46971 2.16430 NaN NaN NaN 230.23917 -147.22969 36.05859 297.23709 -182.21112 -65.25694 NaN NaN NaN 50.38491 -95.43430 -14.93366 -50.57674 -176.96228 -28.09675
46972 2.17263 NaN NaN NaN 230.12291 -147.12134 35.98768 297.13522 -182.15826 -65.31110 NaN NaN NaN 50.36784 -95.47984 -14.87670 -50.60564 -176.98323 -28.13614
46973 2.18096 NaN NaN NaN 230.00845 -147.03679 35.93055 297.01813 -182.07246 -65.36130 NaN NaN NaN 50.37198 -95.51277 -14.81484 -50.63272 -177.00465 -28.17149
46974 2.18929 NaN NaN NaN 229.88753 -146.95128 35.85742 296.91666 -182.00287 -65.39101 NaN NaN NaN 50.34820 -95.54656 -14.75435 -50.65462 -177.00099 -28.20830
46975 2.19762 NaN NaN NaN 229.73376 -146.81361 35.75291 296.82111 -181.91875 -65.40218 NaN NaN NaN 50.31919 -95.51904 -14.67236 -50.67096 -177.00465 -28.21763
46976 2.20595 NaN NaN NaN 229.56360 -146.65948 35.63778 296.73389 -181.84349 -65.41978 NaN NaN NaN 50.31697 -95.56650 -14.59855 -50.68642 -177.02510 -28.26587
46977 2.21428 NaN NaN NaN 229.37151 -146.51257 35.52155 296.65689 -181.80978 -65.46175 NaN NaN NaN 50.31009 -95.58788 -14.51659 -50.69447 -177.06392 -28.29004
46978 2.22261 NaN NaN NaN 229.17035 -146.38846 35.40638 296.55817 -181.80275 -65.47235 NaN NaN NaN 50.29671 -95.61991 -14.44180 -50.69311 -177.07458 -28.37830
46979 2.23095 NaN NaN NaN 228.99995 -146.26524 35.33672 296.46863 -181.80324 -65.48364 NaN NaN NaN 50.29644 -95.64707 -14.38659 -50.69267 -177.10451 -28.44234
46980 2.23928 NaN NaN NaN 228.85742 -146.16472 35.27108 296.39789 -181.80371 -65.44972 NaN NaN NaN 50.26953 -95.65720 -14.34488 -50.69495 -177.11110 -28.51665
46981 2.24761 NaN NaN NaN 228.71832 -146.07132 35.16673 296.34149 -181.75081 -65.46603 NaN NaN NaN 50.24631 -95.67228 -14.27860 -50.68131 -177.13861 -28.58437
46982 2.25594 NaN NaN NaN 228.56877 -146.01321 35.05440 296.28491 -181.72067 -65.50447 NaN NaN NaN 50.23335 -95.70975 -14.21103 -50.64734 -177.16515 -28.69273
46983 2.26427 NaN NaN NaN 228.47443 -145.97005 34.95990 296.25342 -181.69392 -65.54068 NaN NaN NaN 50.22207 -95.71598 -14.13668 -50.61316 -177.18730 -28.78879
46984 2.27260 NaN NaN NaN 228.39787 -145.93599 34.87577 296.21692 -181.66466 -65.57791 NaN NaN NaN 50.21560 -95.71442 -14.05140 -50.57962 -177.18423 -28.82933
46985 2.28093 NaN NaN NaN 228.30588 -145.93034 34.79721 296.21542 -181.67365 -65.59151 NaN NaN NaN 50.21225 -95.72886 -13.99339 -50.57143 -177.18616 -28.83913
46986 2.28926 NaN NaN NaN 228.21005 -145.92407 34.69172 296.19244 -181.68207 -65.58783 NaN NaN NaN 50.20615 -95.74616 -13.96259 -50.56607 -177.20953 -28.88718
46987 2.29760 NaN NaN NaN 228.14012 -145.89241 34.64694 296.19199 -181.71617 -65.59628 NaN NaN NaN 50.19320 -95.73636 -13.95503 -50.55487 -177.23195 -28.94894
46988 2.30593 NaN NaN NaN 228.09737 -145.85547 34.56504 296.17798 -181.71999 -65.61707 NaN NaN NaN 50.19125 -95.73436 -13.93857 -50.50480 -177.26642 -29.03936
46989 2.31426 NaN NaN NaN 228.10669 -145.83926 34.54525 296.17380 -181.72963 -65.62947 NaN NaN NaN 50.16331 -95.75103 -13.91944 -50.50660 -177.29233 -29.08776
46990 2.32259 NaN NaN NaN 228.11658 -145.86974 34.53518 296.16840 -181.72655 -65.63033 NaN NaN NaN 50.16542 -95.78818 -13.88950 -50.51579 -177.31776 -29.15467
46991 2.33092 NaN NaN NaN 228.13194 -145.90466 34.55991 296.17728 -181.75241 -65.64415 NaN NaN NaN 50.16568 -95.82072 -13.83255 -50.53208 -177.35760 -29.23598
46992 2.33925 NaN NaN NaN 228.14407 -145.97037 34.57425 296.20035 -181.77855 -65.62800 NaN NaN NaN 50.14261 -95.87015 -13.80359 -50.55182 -177.40312 -29.30715
46993 2.34758 NaN NaN NaN 228.15662 -145.99791 34.57027 296.21454 -181.84500 -65.63373 NaN NaN NaN 50.12603 -95.93662 -13.76121 -50.56363 -177.46117 -29.36968
46994 2.35591 NaN NaN NaN 228.17921 -146.03886 34.56205 296.23026 -181.90198 -65.61226 NaN NaN NaN 50.08516 -95.96127 -13.72485 -50.59129 -177.48924 -29.47215
46995 2.36425 NaN NaN NaN 228.22050 -146.07088 34.56388 296.26315 -181.95331 -65.61532 NaN NaN NaN 50.05026 -96.01691 -13.67161 -50.61746 -177.50951 -29.59103
46996 2.37258 NaN NaN NaN 228.23457 -146.11179 34.55930 296.29199 -182.01555 -65.61978 NaN NaN NaN 49.99722 -96.06563 -13.64159 -50.65533 -177.52426 -29.73286
46997 2.38091 NaN NaN NaN 228.25069 -146.15163 34.55848 296.32300 -182.05019 -65.65160 NaN NaN NaN 49.96620 -96.15726 -13.62464 -50.67693 -177.55409 -29.79681
46998 2.38924 NaN NaN NaN 228.27237 -146.21158 34.53091 296.35486 -182.08429 -65.67363 NaN NaN NaN 49.91647 -96.16214 -13.60010 -50.73669 -177.56369 -29.85652
46999 2.39757 NaN NaN NaN 228.30782 -146.27121 34.51689 296.36020 -182.09503 -65.71458 NaN NaN NaN 49.88893 -96.19733 -13.60577 -50.76532 -177.56694 -29.92252
47000 2.40590 NaN NaN NaN 228.31894 -146.31104 34.48648 296.37531 -182.13312 -65.73113 NaN NaN NaN 49.83245 -96.18355 -13.59161 -50.79595 -177.56058 -30.00850
47001 2.41423 NaN NaN NaN 228.31679 -146.34171 34.47351 296.36868 -182.13322 -65.74586 NaN NaN NaN 49.79876 -96.18703 -13.59891 -50.81172 -177.56178 -30.11532
47002 2.42257 NaN NaN NaN 228.30905 -146.33188 34.45456 296.36774 -182.13728 -65.75520 NaN NaN NaN 49.79071 -96.19343 -13.60480 -50.83824 -177.56299 -30.18056
47003 2.43090 NaN NaN NaN 228.31503 -146.32137 34.44286 296.34973 -182.12325 -65.78097 NaN NaN NaN 49.78561 -96.17702 -13.62064 -50.83360 -177.56763 -30.24009
47004 2.43923 NaN NaN NaN 228.29214 -146.28279 34.43495 296.34219 -182.12833 -65.78946 NaN NaN NaN 49.77669 -96.20232 -13.63902 -50.83183 -177.55330 -30.29714
47005 2.44756 NaN NaN NaN 228.26228 -146.23837 34.40639 296.31613 -182.09160 -65.80653 NaN NaN NaN 49.77821 -96.20762 -13.61691 -50.83660 -177.55568 -30.38805
47006 2.45589 NaN NaN NaN 228.23552 -146.19272 34.38450 296.31747 -182.06599 -65.81510 NaN NaN NaN 49.76606 -96.17085 -13.62494 -50.83272 -177.53377 -30.55476
47007 2.46422 NaN NaN NaN 228.22374 -146.13692 34.36984 296.29227 -182.03926 -65.80214 NaN NaN NaN 49.77109 -96.15626 -13.64171 -50.82290 -177.50705 -30.66885
47008 2.47255 NaN NaN NaN 228.20566 -146.11597 34.35688 296.29208 -182.02600 -65.81562 NaN NaN NaN 49.80409 -96.13894 -13.64827 -50.78342 -177.50937 -30.78243
47009 2.48088 NaN NaN NaN 228.17377 -146.08469 34.33373 296.29013 -182.01419 -65.82435 NaN NaN NaN 49.83010 -96.11826 -13.63205 -50.72640 -177.51605 -30.84065
47010 2.48922 NaN NaN NaN 228.14944 -146.05356 34.31102 296.27420 -181.99480 -65.82983 NaN NaN NaN 49.83143 -96.12431 -13.60900 -50.67234 -177.53714 -30.91611
47011 2.49755 NaN NaN NaN 228.11337 -145.98868 34.23922 296.25143 -181.97977 -65.84713 NaN NaN NaN 49.85323 -96.14548 -13.57372 -50.63397 -177.54076 -31.03072
47012 2.50588 NaN NaN NaN 228.08768 -145.91679 34.19720 296.23517 -181.95148 -65.88247 NaN NaN NaN 49.86013 -96.14661 -13.48423 -50.63326 -177.52661 -31.15396
47013 2.51421 NaN NaN NaN 228.07217 -145.87067 34.18302 296.21655 -181.91158 -65.90822 NaN NaN NaN 49.89951 -96.17342 -13.42296 -50.60630 -177.50775 -31.24295
47014 2.52254 NaN NaN NaN 228.03407 -145.82129 34.15576 296.19019 -181.88036 -65.91969 NaN NaN NaN 49.90651 -96.20474 -13.33728 -50.58594 -177.47742 -31.30172
47015 2.53087 NaN NaN NaN 227.98286 -145.77863 34.13654 296.15195 -181.86649 -65.93717 NaN NaN NaN 49.92626 -96.18677 -13.19726 -50.55638 -177.47377 -31.34790
47016 2.53920 NaN NaN NaN 227.93944 -145.73972 34.12056 296.10550 -181.84479 -65.93032 NaN NaN NaN 49.91772 -96.19041 -13.15599 -50.56037 -177.45909 -31.38448
47017 2.54753 NaN NaN NaN 227.87619 -145.68408 34.10420 296.08878 -181.83624 -65.94347 NaN NaN NaN 49.90762 -96.19090 -13.13282 -50.56037 -177.45670 -31.48777
47018 2.55587 NaN NaN NaN 227.85817 -145.65085 34.08711 296.03857 -181.80911 -65.93906 NaN NaN NaN 49.89054 -96.22351 -13.05177 -50.55194 -177.47446 -31.58418
47019 2.56420 NaN NaN NaN 227.81721 -145.57544 34.05334 295.97543 -181.77911 -65.97130 NaN NaN NaN 49.87276 -96.28165 -12.98860 -50.56978 -177.50150 -31.68579
47020 2.57253 NaN NaN NaN 227.78113 -145.55331 34.02675 295.92444 -181.76091 -66.01041 NaN NaN NaN 49.82315 -96.31622 -12.94696 -50.59408 -177.52296 -31.80699
47021 2.58086 NaN NaN NaN 227.73759 -145.51881 34.00929 295.87155 -181.72673 -66.03681 NaN NaN NaN 49.79789 -96.35846 -12.90304 -50.62749 -177.54504 -31.93752
47022 2.58919 NaN NaN NaN 227.68983 -145.49617 33.97095 295.84006 -181.70313 -66.04123 NaN NaN NaN 49.78223 -96.38407 -12.85306 -50.64508 -177.53568 -32.04052
47023 2.59752 NaN NaN NaN 227.62283 -145.45625 33.94520 295.80832 -181.70288 -66.05482 NaN NaN NaN 49.77265 -96.39788 -12.81762 -50.63333 -177.54620 -32.18267
47024 2.60585 NaN NaN NaN 227.56439 -145.39258 33.91130 295.75888 -181.73898 -66.07303 NaN NaN NaN 49.74830 -96.42679 -12.73648 -50.62474 -177.57185 -32.27485
47025 2.61419 NaN NaN NaN 227.49075 -145.31184 33.85754 295.70184 -181.75278 -66.08340 NaN NaN NaN 49.74138 -96.48591 -12.70513 -50.62449 -177.59055 -32.36586
47026 2.62252 NaN NaN NaN 227.38333 -145.23915 33.81586 295.65274 -181.75549 -66.08025 NaN NaN NaN 49.74919 -96.52238 -12.68914 -50.63431 -177.60326 -32.42636
47027 2.63085 NaN NaN NaN 227.29045 -145.17188 33.77085 295.58609 -181.76047 -66.09151 NaN NaN NaN 49.73761 -96.53847 -12.68784 -50.63939 -177.59486 -32.51749
47028 2.63918 NaN NaN NaN 227.22536 -145.14876 33.72836 295.53445 -181.76106 -66.09251 NaN NaN NaN 49.73258 -96.55687 -12.66327 -50.59488 -177.58954 -32.58471
47029 2.64751 NaN NaN NaN 227.14754 -145.10735 33.70057 295.48648 -181.77515 -66.11112 NaN NaN NaN 49.73141 -96.56982 -12.65908 -50.61504 -177.58919 -32.62911
47030 2.65584 NaN NaN NaN 227.09134 -145.09880 33.67730 295.43600 -181.75871 -66.13192 NaN NaN NaN 49.72087 -96.58237 -12.61836 -50.63251 -177.60159 -32.71952
47031 2.66417 NaN NaN NaN 227.05371 -145.07298 33.67184 295.38293 -181.73163 -66.15701 NaN NaN NaN 49.68327 -96.61160 -12.59222 -50.65229 -177.63036 -32.79118
47032 2.67250 NaN NaN NaN 227.01544 -145.05811 33.65279 295.33820 -181.72002 -66.14487 NaN NaN NaN 49.64257 -96.65083 -12.56334 -50.66553 -177.68959 -32.88605
47033 2.68084 NaN NaN NaN 226.97749 -145.03622 33.64147 295.29715 -181.69055 -66.17567 NaN NaN NaN 49.61071 -96.69761 -12.52781 -50.66661 -177.71516 -32.98599
47034 2.68917 NaN NaN NaN 226.93900 -145.01207 33.63248 295.25046 -181.63576 -66.21438 NaN NaN NaN 49.58304 -96.73930 -12.49886 -50.68076 -177.73738 -33.07150
47035 2.69750 NaN NaN NaN 226.91644 -145.02716 33.60519 295.21072 -181.60924 -66.23252 NaN NaN NaN 49.57459 -96.78606 -12.47766 -50.69621 -177.78236 -33.21078
47036 2.70583 NaN NaN NaN 226.90903 -144.99269 33.60303 295.18375 -181.59322 -66.23408 NaN NaN NaN 49.54694 -96.81923 -12.44722 -50.69213 -177.82257 -33.32113
47037 2.71416 NaN NaN NaN 226.89005 -144.97560 33.57891 295.15964 -181.59755 -66.24474 NaN NaN NaN 49.53284 -96.87882 -12.41858 -50.69889 -177.85242 -33.45807
47038 2.72249 NaN NaN NaN 226.87154 -144.95911 33.56718 295.13745 -181.62494 -66.23895 NaN NaN NaN 49.52210 -96.92439 -12.39756 -50.69660 -177.88538 -33.58482
47039 2.73082 NaN NaN NaN 226.87215 -144.95259 33.56750 295.12390 -181.68724 -66.23888 NaN NaN NaN 49.50002 -96.96297 -12.40283 -50.67586 -177.91187 -33.70429
47040 2.73915 NaN NaN NaN 226.87433 -144.95859 33.56559 295.10806 -181.71788 -66.23099 NaN NaN NaN 49.48369 -97.00162 -12.37611 -50.66453 -177.92371 -33.81325
47041 2.74749 NaN NaN NaN 226.87309 -144.94797 33.57355 295.08273 -181.74588 -66.23643 NaN NaN NaN 49.48088 -97.03194 -12.41030 -50.66281 -177.94350 -33.91532
47042 2.75582 NaN NaN NaN 226.85269 -144.93744 33.59566 295.07352 -181.73637 -66.19917 NaN NaN NaN 49.47486 -97.06830 -12.43322 -50.64095 -177.94736 -34.01455
47043 2.76415 NaN NaN NaN 226.85240 -144.91502 33.57737 295.07462 -181.74803 -66.19889 NaN NaN NaN 49.48256 -97.07316 -12.45088 -50.62892 -177.97336 -34.08730
47044 2.77248 NaN NaN NaN 226.85904 -144.91260 33.59270 295.06558 -181.72404 -66.20049 NaN NaN NaN 49.48174 -97.07012 -12.44308 -50.60959 -177.98378 -34.17314
47045 2.78081 NaN NaN NaN 226.87370 -144.93521 33.58102 295.07416 -181.72829 -66.21865 NaN NaN NaN 49.47787 -97.07954 -12.45736 -50.58568 -178.00166 -34.24233
47046 2.78914 NaN NaN NaN 226.88000 -144.94331 33.59368 295.07065 -181.76706 -66.23402 NaN NaN NaN 49.47641 -97.08366 -12.47704 -50.56356 -178.02692 -34.30175
47047 2.79747 NaN NaN NaN 226.88608 -144.99174 33.58776 295.08163 -181.80983 -66.24191 NaN NaN NaN 49.49004 -97.10510 -12.42006 -50.51332 -178.05792 -34.44986
47048 2.80581 NaN NaN NaN 226.87355 -145.01454 33.59136 295.07877 -181.83966 -66.21865 NaN NaN NaN 49.47282 -97.12389 -12.36422 -50.49882 -178.07738 -34.57590
47049 2.81414 NaN NaN NaN 226.88913 -145.03967 33.58852 295.09628 -181.84338 -66.24788 NaN NaN NaN 49.47082 -97.13645 -12.32313 -50.47871 -178.07483 -34.72084
47050 2.82247 NaN NaN NaN 226.91966 -145.07552 33.60735 295.09448 -181.85149 -66.25815 NaN NaN NaN 49.45344 -97.16057 -12.28198 -50.46562 -178.04544 -34.89740
47051 2.83080 NaN NaN NaN 226.93315 -145.09399 33.60615 295.10513 -181.86795 -66.27441 NaN NaN NaN 49.43602 -97.22292 -12.23207 -50.47042 -178.05118 -35.05829
47052 2.83913 NaN NaN NaN 226.95674 -145.12070 33.62025 295.12558 -181.90817 -66.26814 NaN NaN NaN 49.41251 -97.24991 -12.17550 -50.46587 -178.07396 -35.20897
47053 2.84746 NaN NaN NaN 226.96861 -145.14156 33.62979 295.13647 -181.92903 -66.27587 NaN NaN NaN 49.40573 -97.29271 -12.12269 -50.43889 -178.09877 -35.36119
47054 2.85579 NaN NaN NaN 227.00104 -145.18823 33.65539 295.16656 -181.97603 -66.25951 NaN NaN NaN 49.40900 -97.32250 -12.09478 -50.41634 -178.08803 -35.47216
47055 2.86412 NaN NaN NaN 227.04068 -145.22020 33.69029 295.20563 -182.01147 -66.25980 NaN NaN NaN 49.42212 -97.30635 -12.11197 -50.37153 -178.08514 -35.54843
47056 2.87246 NaN NaN NaN 227.08771 -145.22600 33.71852 295.22931 -182.04668 -66.26137 NaN NaN NaN 49.43528 -97.30365 -12.14226 -50.34689 -178.08456 -35.62321
47057 2.88079 NaN NaN NaN 227.17059 -145.25620 33.73168 295.24829 -182.05367 -66.26283 NaN NaN NaN 49.44507 -97.28654 -12.17937 -50.31757 -178.08672 -35.66471
47058 2.88912 NaN NaN NaN 227.24326 -145.28278 33.75843 295.26636 -182.08430 -66.26507 NaN NaN NaN 49.44294 -97.25531 -12.19969 -50.29089 -178.08083 -35.73566
47059 2.89745 NaN NaN NaN 227.33000 -145.32405 33.79380 295.30090 -182.07233 -66.29178 NaN NaN NaN 49.45870 -97.23389 -12.23409 -50.25623 -178.07973 -35.83579
47060 2.90578 NaN NaN NaN 227.41747 -145.37576 33.84021 295.33423 -182.09839 -66.28532 NaN NaN NaN 49.46173 -97.20216 -12.25293 -50.23211 -178.09377 -35.92331
47061 2.91411 NaN NaN NaN 227.50693 -145.44431 33.85033 295.36047 -182.07367 -66.31709 NaN NaN NaN 49.45985 -97.20179 -12.24186 -50.23464 -178.08290 -36.01545
47062 2.92244 NaN NaN NaN 227.59029 -145.50470 33.88061 295.37735 -182.07880 -66.30412 NaN NaN NaN 49.45899 -97.21262 -12.20956 -50.20235 -178.07085 -36.08269
47063 2.93077 NaN NaN NaN 227.65204 -145.56465 33.92276 295.37445 -182.07814 -66.32565 NaN NaN NaN 49.47132 -97.26555 -12.17034 -50.17049 -178.06165 -36.16806
47064 2.93911 NaN NaN NaN 227.68279 -145.60457 33.93503 295.40115 -182.06073 -66.31322 NaN NaN NaN 49.45544 -97.27616 -12.11822 -50.16951 -178.05328 -36.29232
47065 2.94744 NaN NaN NaN 227.71436 -145.64244 33.94223 295.40863 -182.04602 -66.34055 NaN NaN NaN 49.43926 -97.30563 -12.11411 -50.14839 -178.05136 -36.40921
47066 2.95577 NaN NaN NaN 227.76289 -145.67021 33.94564 295.41803 -182.05234 -66.34126 NaN NaN NaN 49.42611 -97.33054 -12.05102 -50.13491 -178.04865 -36.53754
47067 2.96410 NaN NaN NaN 227.79251 -145.70807 33.95422 295.45175 -182.01823 -66.35601 NaN NaN NaN 49.42457 -97.33996 -12.00374 -50.12538 -178.05176 -36.64765
47068 2.97243 NaN NaN NaN 227.82068 -145.73656 33.96857 295.46365 -182.00717 -66.34632 NaN NaN NaN 49.41920 -97.36956 -11.97951 -50.10806 -178.03769 -36.70972
47069 2.98076 NaN NaN NaN 227.83124 -145.75964 33.97002 295.48941 -181.97368 -66.37262 NaN NaN NaN 49.41095 -97.39252 -11.96764 -50.09857 -178.04346 -36.76035
47070 2.98909 NaN NaN NaN 227.84680 -145.75809 33.97341 295.49951 -182.00929 -66.35124 NaN NaN NaN 49.40417 -97.41617 -11.95241 -50.08868 -178.06114 -36.78450
47071 2.99742 NaN NaN NaN 227.85468 -145.75203 33.96616 295.50516 -182.01265 -66.35199 NaN NaN NaN 49.39343 -97.42935 -11.93392 -50.07446 -178.07349 -36.83924
47072 3.00576 NaN NaN NaN 227.87402 -145.74753 33.97427 295.49576 -182.03189 -66.32840 NaN NaN NaN 49.37170 -97.46985 -11.90928 -50.10236 -178.13104 -36.91019
47073 3.01409 NaN NaN NaN 227.86736 -145.73494 33.97342 295.50446 -182.02322 -66.34168 NaN NaN NaN 49.35117 -97.51781 -11.86728 -50.10675 -178.14946 -36.97974
47074 3.02242 NaN NaN NaN 227.87807 -145.72986 34.00149 295.49835 -182.02049 -66.33344 NaN NaN NaN 49.32509 -97.58984 -11.79843 -50.11423 -178.14600 -37.01882
47075 3.03075 NaN NaN NaN 227.91798 -145.74501 34.02484 295.50534 -181.98199 -66.35090 NaN NaN NaN 49.30781 -97.64595 -11.75668 -50.11703 -178.15544 -37.06539
47076 3.03908 NaN NaN NaN 227.92867 -145.74132 34.04625 295.49826 -182.00043 -66.33020 NaN NaN NaN 49.29824 -97.66058 -11.74486 -50.10314 -178.15440 -37.10808
47077 3.04741 NaN NaN NaN 227.94783 -145.74141 34.04779 295.50421 -182.00282 -66.34179 NaN NaN NaN 49.26875 -97.67081 -11.74013 -50.14139 -178.17812 -37.18380
47078 3.05574 NaN NaN NaN 227.98141 -145.76054 34.05841 295.51971 -182.01678 -66.31292 NaN NaN NaN 49.24869 -97.66474 -11.73710 -50.18329 -178.20993 -37.23949
47079 3.06408 NaN NaN NaN 228.00352 -145.76385 34.06297 295.52020 -182.00473 -66.33782 NaN NaN NaN 49.24670 -97.68447 -11.73151 -50.20716 -178.22629 -37.25326
47080 3.07241 NaN NaN NaN 228.02298 -145.78444 34.06144 295.54709 -182.00014 -66.33671 NaN NaN NaN 49.22411 -97.70341 -11.71316 -50.20906 -178.24863 -37.25611
47081 3.08074 NaN NaN NaN 228.03447 -145.79927 34.07029 295.55090 -181.99632 -66.35262 NaN NaN NaN 49.21635 -97.71926 -11.70782 -50.20192 -178.25339 -37.27884
47082 3.08907 NaN NaN NaN 228.05098 -145.82378 34.06207 295.57993 -182.02557 -66.32980 NaN NaN NaN 49.20570 -97.74722 -11.70715 -50.20506 -178.26674 -37.29316
47083 3.09740 NaN NaN NaN 228.06046 -145.81744 34.05029 295.57431 -182.04211 -66.36553 NaN NaN NaN 49.19360 -97.75372 -11.69919 -50.21152 -178.27148 -37.33581
47084 3.10573 NaN NaN NaN 228.05650 -145.83189 34.04457 295.57889 -182.03583 -66.36265 NaN NaN NaN 49.17352 -97.77443 -11.69638 -50.24081 -178.27699 -37.35017
47085 3.11406 NaN NaN NaN 228.04599 -145.82086 34.02981 295.54132 -182.03450 -66.39029 NaN NaN NaN 49.16707 -97.77565 -11.68598 -50.23808 -178.30200 -37.36196
47086 3.12239 NaN NaN NaN 228.01418 -145.80147 34.01001 295.51389 -182.02834 -66.37756 NaN NaN NaN 49.15956 -97.80196 -11.64900 -50.24978 -178.31735 -37.38033
47087 3.13073 NaN NaN NaN 227.99963 -145.76044 33.99130 295.48291 -182.00845 -66.40804 NaN NaN NaN 49.14807 -97.82133 -11.58944 -50.25696 -178.35614 -37.45334
47088 3.13906 NaN NaN NaN 227.97180 -145.73691 33.97803 295.45255 -182.04308 -66.38990 NaN NaN NaN 49.14131 -97.83188 -11.55840 -50.25269 -178.38333 -37.52667
47089 3.14739 NaN NaN NaN 227.95206 -145.70444 33.97419 295.43884 -182.03835 -66.40674 NaN NaN NaN 49.11183 -97.86065 -11.51628 -50.24146 -178.36887 -37.59275
47090 3.15572 NaN NaN NaN 227.89809 -145.70415 33.96462 295.42239 -182.05598 -66.39058 NaN NaN NaN 49.09510 -97.89112 -11.48172 -50.24054 -178.39020 -37.64008
47091 3.16405 NaN NaN NaN 227.85852 -145.67760 33.96390 295.40070 -182.06924 -66.37841 NaN NaN NaN 49.09911 -97.92838 -11.44743 -50.24048 -178.40106 -37.68383
47092 3.17238 NaN NaN NaN 227.83560 -145.63538 33.96361 295.39664 -182.07854 -66.37508 NaN NaN NaN 49.08828 -97.96350 -11.40585 -50.27267 -178.42509 -37.69240
47093 3.18071 NaN NaN NaN 227.80446 -145.59012 33.97425 295.37881 -182.08694 -66.36492 NaN NaN NaN 49.06884 -97.99186 -11.35448 -50.29033 -178.43765 -37.70596
47094 3.18904 NaN NaN NaN 227.78342 -145.56929 33.96013 295.37482 -182.09314 -66.37050 NaN NaN NaN 49.04414 -98.01602 -11.31684 -50.30999 -178.44075 -37.72342
47095 3.19738 NaN NaN NaN 227.78136 -145.55688 33.94775 295.36694 -182.10896 -66.36330 NaN NaN NaN 49.02296 -98.05032 -11.32817 -50.30212 -178.45729 -37.72906
47096 3.20571 NaN NaN NaN 227.77631 -145.57173 33.94363 295.36111 -182.11264 -66.36974 NaN NaN NaN 49.01598 -98.06936 -11.35337 -50.29955 -178.48102 -37.73822
47097 3.21404 NaN NaN NaN 227.78123 -145.56627 33.93785 295.35260 -182.09007 -66.38022 NaN NaN NaN 48.99854 -98.06764 -11.33513 -50.33309 -178.50401 -37.73586
47098 3.22237 NaN NaN NaN 227.76675 -145.56981 33.93353 295.34561 -182.10738 -66.38279 NaN NaN NaN 48.96980 -98.09003 -11.35418 -50.31694 -178.52068 -37.72902
47099 3.23070 NaN NaN NaN 227.76210 -145.56891 33.93116 295.34430 -182.10655 -66.38046 NaN NaN NaN 48.95923 -98.12832 -11.33642 -50.35384 -178.52647 -37.75153
47100 3.23903 NaN NaN NaN 227.75575 -145.57468 33.92377 295.33987 -182.12904 -66.39574 NaN NaN NaN 48.95505 -98.14080 -11.35025 -50.37374 -178.52428 -37.78547
47101 3.24736 NaN NaN NaN 227.74786 -145.57391 33.92765 295.34772 -182.09984 -66.38597 NaN NaN NaN 48.94758 -98.15083 -11.33131 -50.37922 -178.52338 -37.80093
47102 3.25570 NaN NaN NaN 227.74197 -145.57991 33.91731 295.34058 -182.10944 -66.38862 NaN NaN NaN 48.91996 -98.17364 -11.33476 -50.38891 -178.56972 -37.83191
47103 3.26403 NaN NaN NaN 227.73389 -145.57520 33.90979 295.34714 -182.10039 -66.38825 NaN NaN NaN 48.91400 -98.19305 -11.30259 -50.39869 -178.58778 -37.87276
47104 3.27236 NaN NaN NaN 227.74857 -145.57961 33.91103 295.34192 -182.11415 -66.39510 NaN NaN NaN 48.90657 -98.20600 -11.31226 -50.41051 -178.60440 -37.88962
47105 3.28069 NaN NaN NaN 227.74214 -145.58078 33.91754 295.34250 -182.09810 -66.39487 NaN NaN NaN 48.89603 -98.21738 -11.31934 -50.40620 -178.61540 -37.91762
47106 3.28902 NaN NaN NaN 227.74648 -145.60114 33.91687 295.33905 -182.11093 -66.37912 NaN NaN NaN 48.87134 -98.22564 -11.35488 -50.40348 -178.63528 -37.91848
47107 3.29735 NaN NaN NaN 227.73886 -145.58441 33.92368 295.34979 -182.10855 -66.37462 NaN NaN NaN 48.86462 -98.23073 -11.36433 -50.40086 -178.64674 -37.92359
47108 3.30568 NaN NaN NaN 227.73946 -145.59952 33.92116 295.35321 -182.14095 -66.36775 NaN NaN NaN 48.88298 -98.21299 -11.37106 -50.40488 -178.62796 -37.92757
47109 3.31401 NaN NaN NaN 227.73468 -145.60434 33.93708 295.35004 -182.11586 -66.37406 NaN NaN NaN 48.90015 -98.22516 -11.38154 -50.39087 -178.63037 -37.95118
47110 3.32235 NaN NaN NaN 227.74521 -145.59694 33.92617 295.33939 -182.11389 -66.38796 NaN NaN NaN 48.90563 -98.21835 -11.36778 -50.37489 -178.61298 -37.95291
47111 3.33068 NaN NaN NaN 227.74939 -145.59277 33.92884 295.34775 -182.10683 -66.37991 NaN NaN NaN 48.91523 -98.22141 -11.36909 -50.36972 -178.62958 -37.97098
47112 3.33901 NaN NaN NaN 227.76129 -145.60263 33.92657 295.34448 -182.11531 -66.37213 NaN NaN NaN 48.91275 -98.21375 -11.37562 -50.36047 -178.62160 -37.98184
47113 3.34734 NaN NaN NaN 227.75360 -145.60683 33.93243 295.35446 -182.10866 -66.36962 NaN NaN NaN 48.91338 -98.22829 -11.37537 -50.34930 -178.61882 -37.99134
47114 3.35567 NaN NaN NaN 227.76773 -145.62314 33.94604 295.35367 -182.11864 -66.37119 NaN NaN NaN 48.93061 -98.22799 -11.37468 -50.32527 -178.64827 -38.01082
47115 3.36400 NaN NaN NaN 227.76393 -145.63681 33.95596 295.36063 -182.12154 -66.35846 NaN NaN NaN 48.92412 -98.22612 -11.38070 -50.36397 -178.64619 -38.00285
