Frame# Time LH1 LH2 LH3 RH1 RH2 RH3
X54 Y54 Z54 X55 Y55 Z55 X56 Y56 Z56 X57 Y57 Z57 X58 Y58 Z58 X59 Y59 Z59
47044 0.00248 NaN NaN NaN 226.85904 -144.91260 33.59270 295.06558 -181.72404 -66.20049 NaN NaN NaN 49.48174 -97.07012 -12.44308 -50.60959 -177.98378 -34.17314
47045 0.01081 NaN NaN NaN 226.87370 -144.93521 33.58102 295.07416 -181.72829 -66.21865 NaN NaN NaN 49.47787 -97.07954 -12.45736 -50.58568 -178.00166 -34.24233
47046 0.01914 NaN NaN NaN 226.88000 -144.94331 33.59368 295.07065 -181.76706 -66.23402 NaN NaN NaN 49.47641 -97.08366 -12.47704 -50.56356 -178.02692 -34.30175
47047 0.02747 NaN NaN NaN 226.88608 -144.99174 33.58776 295.08163 -181.80983 -66.24191 NaN NaN NaN 49.49004 -97.10510 -12.42006 -50.51332 -178.05792 -34.44986
47048 0.03581 NaN NaN NaN 226.87355 -145.01454 33.59136 295.07877 -181.83966 -66.21865 NaN NaN NaN 49.47282 -97.12389 -12.36422 -50.49882 -178.07738 -34.57590
47049 0.04414 NaN NaN NaN 226.88913 -145.03967 33.58852 295.09628 -181.84338 -66.24788 NaN NaN NaN 49.47082 -97.13645 -12.32313 -50.47871 -178.07483 -34.72084
47050 0.05247 NaN NaN NaN 226.91966 -145.07552 33.60735 295.09448 -181.85149 -66.25815 NaN NaN NaN 49.45344 -97.16057 -12.28198 -50.46562 -178.04544 -34.89740
47051 0.06080 NaN NaN NaN 226.93315 -145.09399 33.60615 295.10513 -181.86795 -66.27441 NaN NaN NaN 49.43602 -97.22292 -12.23207 -50.47042 -178.05118 -35.05829
47052 0.06913 NaN NaN NaN 226.95674 -145.12070 33.62025 295.12558 -181.90817 -66.26814 NaN NaN NaN 49.41251 -97.24991 -12.17550 -50.46587 -178.07396 -35.20897
47053 0.07746 NaN NaN NaN 226.96861 -145.14156 33.62979 295.13647 -181.92903 -66.27587 NaN NaN NaN 49.40573 -97.29271 -12.12269 -50.43889 -178.09877 -35.36119
47054 0.08579 NaN NaN NaN 227.00104 -145.18823 33.65539 295.16656 -181.97603 -66.25951 NaN NaN NaN 49.40900 -97.32250 -12.09478 -50.41634 -178.08803 -35.47216
47055 0.09412 NaN NaN NaN 227.04068 -145.22020 33.69029 295.20563 -182.01147 -66.25980 NaN NaN NaN 49.42212 -97.30635 -12.11197 -50.37153 -178.08514 -35.54843
47056 0.10246 NaN NaN NaN 227.08771 -145.22600 33.71852 295.22931 -182.04668 -66.26137 NaN NaN NaN 49.43528 -97.30365 -12.14226 -50.34689 -178.08456 -35.62321
47057 0.11079 NaN NaN NaN 227.17059 -145.25620 33.73168 295.24829 -182.05367 -66.26283 NaN NaN NaN 49.44507 -97.28654 -12.17937 -50.31757 -178.08672 -35.66471
47058 0.11912 NaN NaN NaN 227.24326 -145.28278 33.75843 295.26636 -182.08430 -66.26507 NaN NaN NaN 49.44294 -97.25531 -12.19969 -50.29089 -178.08083 -35.73566
47059 0.12745 NaN NaN NaN 227.33000 -145.32405 33.79380 295.30090 -182.07233 -66.29178 NaN NaN NaN 49.45870 -97.23389 -12.23409 -50.25623 -178.07973 -35.83579
47060 0.13578 NaN NaN NaN 227.41747 -145.37576 33.84021 295.33423 -182.09839 -66.28532 NaN NaN NaN 49.46173 -97.20216 -12.25293 -50.23211 -178.09377 -35.92331
47061 0.14411 NaN NaN NaN 227.50693 -145.44431 33.85033 295.36047 -182.07367 -66.31709 NaN NaN NaN 49.45985 -97.20179 -12.24186 -50.23464 -178.08290 -36.01545
47062 0.15244 NaN NaN NaN 227.59029 -145.50470 33.88061 295.37735 -182.07880 -66.30412 NaN NaN NaN 49.45899 -97.21262 -12.20956 -50.20235 -178.07085 -36.08269
47063 0.16077 NaN NaN NaN 227.65204 -145.56465 33.92276 295.37445 -182.07814 -66.32565 NaN NaN NaN 49.47132 -97.26555 -12.17034 -50.17049 -178.06165 -36.16806
47064 0.16911 NaN NaN NaN 227.68279 -145.60457 33.93503 295.40115 -182.06073 -66.31322 NaN NaN NaN 49.45544 -97.27616 -12.11822 -50.16951 -178.05328 -36.29232
47065 0.17744 NaN NaN NaN 227.71436 -145.64244 33.94223 295.40863 -182.04602 -66.34055 NaN NaN NaN 49.43926 -97.30563 -12.11411 -50.14839 -178.05136 -36.40921
47066 0.18577 NaN NaN NaN 227.76289 -145.67021 33.94564 295.41803 -182.05234 -66.34126 NaN NaN NaN 49.42611 -97.33054 -12.05102 -50.13491 -178.04865 -36.53754
47067 0.19410 NaN NaN NaN 227.79251 -145.70807 33.95422 295.45175 -182.01823 -66.35601 NaN NaN NaN 49.42457 -97.33996 -12.00374 -50.12538 -178.05176 -36.64765
47068 0.20243 NaN NaN NaN 227.82068 -145.73656 33.96857 295.46365 -182.00717 -66.34632 NaN NaN NaN 49.41920 -97.36956 -11.97951 -50.10806 -178.03769 -36.70972
47069 0.21076 NaN NaN NaN 227.83124 -145.75964 33.97002 295.48941 -181.97368 -66.37262 NaN NaN NaN 49.41095 -97.39252 -11.96764 -50.09857 -178.04346 -36.76035
47070 0.21909 NaN NaN NaN 227.84680 -145.75809 33.97341 295.49951 -182.00929 -66.35124 NaN NaN NaN 49.40417 -97.41617 -11.95241 -50.08868 -178.06114 -36.78450
47071 0.22742 NaN NaN NaN 227.85468 -145.75203 33.96616 295.50516 -182.01265 -66.35199 NaN NaN NaN 49.39343 -97.42935 -11.93392 -50.07446 -178.07349 -36.83924
47072 0.23576 NaN NaN NaN 227.87402 -145.74753 33.97427 295.49576 -182.03189 -66.32840 NaN NaN NaN 49.37170 -97.46985 -11.90928 -50.10236 -178.13104 -36.91019
47073 0.24409 NaN NaN NaN 227.86736 -145.73494 33.97342 295.50446 -182.02322 -66.34168 NaN NaN NaN 49.35117 -97.51781 -11.86728 -50.10675 -178.14946 -36.97974
47074 0.25242 NaN NaN NaN 227.87807 -145.72986 34.00149 295.49835 -182.02049 -66.33344 NaN NaN NaN 49.32509 -97.58984 -11.79843 -50.11423 -178.14600 -37.01882
47075 0.26075 NaN NaN NaN 227.91798 -145.74501 34.02484 295.50534 -181.98199 -66.35090 NaN NaN NaN 49.30781 -97.64595 -11.75668 -50.11703 -178.15544 -37.06539
47076 0.26908 NaN NaN NaN 227.92867 -145.74132 34.04625 295.49826 -182.00043 -66.33020 NaN NaN NaN 49.29824 -97.66058 -11.74486 -50.10314 -178.15440 -37.10808
47077 0.27741 NaN NaN NaN 227.94783 -145.74141 34.04779 295.50421 -182.00282 -66.34179 NaN NaN NaN 49.26875 -97.67081 -11.74013 -50.14139 -178.17812 -37.18380
47078 0.28574 NaN NaN NaN 227.98141 -145.76054 34.05841 295.51971 -182.01678 -66.31292 NaN NaN NaN 49.24869 -97.66474 -11.73710 -50.18329 -178.20993 -37.23949
47079 0.29408 NaN NaN NaN 228.00352 -145.76385 34.06297 295.52020 -182.00473 -66.33782 NaN NaN NaN 49.24670 -97.68447 -11.73151 -50.20716 -178.22629 -37.25326
47080 0.30241 NaN NaN NaN 228.02298 -145.78444 34.06144 295.54709 -182.00014 -66.33671 NaN NaN NaN 49.22411 -97.70341 -11.71316 -50.20906 -178.24863 -37.25611
47081 0.31074 NaN NaN NaN 228.03447 -145.79927 34.07029 295.55090 -181.99632 -66.35262 NaN NaN NaN 49.21635 -97.71926 -11.70782 -50.20192 -178.25339 -37.27884
47082 0.31907 NaN NaN NaN 228.05098 -145.82378 34.06207 295.57993 -182.02557 -66.32980 NaN NaN NaN 49.20570 -97.74722 -11.70715 -50.20506 -178.26674 -37.29316
47083 0.32740 NaN NaN NaN 228.06046 -145.81744 34.05029 295.57431 -182.04211 -66.36553 NaN NaN NaN 49.19360 -97.75372 -11.69919 -50.21152 -178.27148 -37.33581
47084 0.33573 NaN NaN NaN 228.05650 -145.83189 34.04457 295.57889 -182.03583 -66.36265 NaN NaN NaN 49.17352 -97.77443 -11.69638 -50.24081 -178.27699 -37.35017
47085 0.34406 NaN NaN NaN 228.04599 -145.82086 34.02981 295.54132 -182.03450 -66.39029 NaN NaN NaN 49.16707 -97.77565 -11.68598 -50.23808 -178.30200 -37.36196
47086 0.35239 NaN NaN NaN 228.01418 -145.80147 34.01001 295.51389 -182.02834 -66.37756 NaN NaN NaN 49.15956 -97.80196 -11.64900 -50.24978 -178.31735 -37.38033
47087 0.36073 NaN NaN NaN 227.99963 -145.76044 33.99130 295.48291 -182.00845 -66.40804 NaN NaN NaN 49.14807 -97.82133 -11.58944 -50.25696 -178.35614 -37.45334
47088 0.36906 NaN NaN NaN 227.97180 -145.73691 33.97803 295.45255 -182.04308 -66.38990 NaN NaN NaN 49.14131 -97.83188 -11.55840 -50.25269 -178.38333 -37.52667
47089 0.37739 NaN NaN NaN 227.95206 -145.70444 33.97419 295.43884 -182.03835 -66.40674 NaN NaN NaN 49.11183 -97.86065 -11.51628 -50.24146 -178.36887 -37.59275
47090 0.38572 NaN NaN NaN 227.89809 -145.70415 33.96462 295.42239 -182.05598 -66.39058 NaN NaN NaN 49.09510 -97.89112 -11.48172 -50.24054 -178.39020 -37.64008
47091 0.39405 NaN NaN NaN 227.85852 -145.67760 33.96390 295.40070 -182.06924 -66.37841 NaN NaN NaN 49.09911 -97.92838 -11.44743 -50.24048 -178.40106 -37.68383
47092 0.40238 NaN NaN NaN 227.83560 -145.63538 33.96361 295.39664 -182.07854 -66.37508 NaN NaN NaN 49.08828 -97.96350 -11.40585 -50.27267 -178.42509 -37.69240
47093 0.41071 NaN NaN NaN 227.80446 -145.59012 33.97425 295.37881 -182.08694 -66.36492 NaN NaN NaN 49.06884 -97.99186 -11.35448 -50.29033 -178.43765 -37.70596
47094 0.41904 NaN NaN NaN 227.78342 -145.56929 33.96013 295.37482 -182.09314 -66.37050 NaN NaN NaN 49.04414 -98.01602 -11.31684 -50.30999 -178.44075 -37.72342
47095 0.42738 NaN NaN NaN 227.78136 -145.55688 33.94775 295.36694 -182.10896 -66.36330 NaN NaN NaN 49.02296 -98.05032 -11.32817 -50.30212 -178.45729 -37.72906
47096 0.43571 NaN NaN NaN 227.77631 -145.57173 33.94363 295.36111 -182.11264 -66.36974 NaN NaN NaN 49.01598 -98.06936 -11.35337 -50.29955 -178.48102 -37.73822
47097 0.44404 NaN NaN NaN 227.78123 -145.56627 33.93785 295.35260 -182.09007 -66.38022 NaN NaN NaN 48.99854 -98.06764 -11.33513 -50.33309 -178.50401 -37.73586
47098 0.45237 NaN NaN NaN 227.76675 -145.56981 33.93353 295.34561 -182.10738 -66.38279 NaN NaN NaN 48.96980 -98.09003 -11.35418 -50.31694 -178.52068 -37.72902
47099 0.46070 NaN NaN NaN 227.76210 -145.56891 33.93116 295.34430 -182.10655 -66.38046 NaN NaN NaN 48.95923 -98.12832 -11.33642 -50.35384 -178.52647 -37.75153
47100 0.46903 NaN NaN NaN 227.75575 -145.57468 33.92377 295.33987 -182.12904 -66.39574 NaN NaN NaN 48.95505 -98.14080 -11.35025 -50.37374 -178.52428 -37.78547
47101 0.47736 NaN NaN NaN 227.74786 -145.57391 33.92765 295.34772 -182.09984 -66.38597 NaN NaN NaN 48.94758 -98.15083 -11.33131 -50.37922 -178.52338 -37.80093
47102 0.48570 NaN NaN NaN 227.74197 -145.57991 33.91731 295.34058 -182.10944 -66.38862 NaN NaN NaN 48.91996 -98.17364 -11.33476 -50.38891 -178.56972 -37.83191
47103 0.49403 NaN NaN NaN 227.73389 -145.57520 33.90979 295.34714 -182.10039 -66.38825 NaN NaN NaN 48.91400 -98.19305 -11.30259 -50.39869 -178.58778 -37.87276
47104 0.50236 NaN NaN NaN 227.74857 -145.57961 33.91103 295.34192 -182.11415 -66.39510 NaN NaN NaN 48.90657 -98.20600 -11.31226 -50.41051 -178.60440 -37.88962
47105 0.51069 NaN NaN NaN 227.74214 -145.58078 33.91754 295.34250 -182.09810 -66.39487 NaN NaN NaN 48.89603 -98.21738 -11.31934 -50.40620 -178.61540 -37.91762
47106 0.51902 NaN NaN NaN 227.74648 -145.60114 33.91687 295.33905 -182.11093 -66.37912 NaN NaN NaN 48.87134 -98.22564 -11.35488 -50.40348 -178.63528 -37.91848
47107 0.52735 NaN NaN NaN 227.73886 -145.58441 33.92368 295.34979 -182.10855 -66.37462 NaN NaN NaN 48.86462 -98.23073 -11.36433 -50.40086 -178.64674 -37.92359
47108 0.53568 NaN NaN NaN 227.73946 -145.59952 33.92116 295.35321 -182.14095 -66.36775 NaN NaN NaN 48.88298 -98.21299 -11.37106 -50.40488 -178.62796 -37.92757
47109 0.54401 NaN NaN NaN 227.73468 -145.60434 33.93708 295.35004 -182.11586 -66.37406 NaN NaN NaN 48.90015 -98.22516 -11.38154 -50.39087 -178.63037 -37.95118
47110 0.55235 NaN NaN NaN 227.74521 -145.59694 33.92617 295.33939 -182.11389 -66.38796 NaN NaN NaN 48.90563 -98.21835 -11.36778 -50.37489 -178.61298 -37.95291
47111 0.56068 NaN NaN NaN 227.74939 -145.59277 33.92884 295.34775 -182.10683 -66.37991 NaN NaN NaN 48.91523 -98.22141 -11.36909 -50.36972 -178.62958 -37.97098
47112 0.56901 NaN NaN NaN 227.76129 -145.60263 33.92657 295.34448 -182.11531 -66.37213 NaN NaN NaN 48.91275 -98.21375 -11.37562 -50.36047 -178.62160 -37.98184
47113 0.57734 NaN NaN NaN 227.75360 -145.60683 33.93243 295.35446 -182.10866 -66.36962 NaN NaN NaN 48.91338 -98.22829 -11.37537 -50.34930 -178.61882 -37.99134
47114 0.58567 NaN NaN NaN 227.76773 -145.62314 33.94604 295.35367 -182.11864 -66.37119 NaN NaN NaN 48.93061 -98.22799 -11.37468 -50.32527 -178.64827 -38.01082
47115 0.59400 NaN NaN NaN 227.76393 -145.63681 33.95596 295.36063 -182.12154 -66.35846 NaN NaN NaN 48.92412 -98.22612 -11.38070 -50.36397 -178.64619 -38.00285
47116 0.60233 NaN NaN NaN 227.79933 -145.63066 33.96289 295.38309 -182.11043 -66.36333 NaN NaN NaN 48.92339 -98.21754 -11.38682 -50.33876 -178.63759 -38.01535
47117 0.61066 NaN NaN NaN 227.80849 -145.63264 33.96868 295.38403 -182.10521 -66.35791 NaN NaN NaN 48.92631 -98.21437 -11.39197 -50.32861 -178.62839 -38.00705
47118 0.61900 NaN NaN NaN 227.84593 -145.67570 34.01041 295.40167 -182.10037 -66.34589 NaN NaN NaN 48.91083 -98.22202 -11.43396 -50.35379 -178.63803 -37.99367
47119 0.62733 NaN NaN NaN 227.91582 -145.73331 34.02671 295.40646 -182.09805 -66.35526 NaN NaN NaN 48.90876 -98.23158 -11.44151 -50.34539 -178.64226 -38.00502
47120 0.63566 NaN NaN NaN 227.96974 -145.78011 34.04952 295.41528 -182.10132 -66.36863 NaN NaN NaN 48.90782 -98.21130 -11.44569 -50.36021 -178.64671 -38.00821
47121 0.64399 NaN NaN NaN 228.02269 -145.80316 34.06246 295.42020 -182.09743 -66.36069 NaN NaN NaN 48.90145 -98.21482 -11.47617 -50.35873 -178.64201 -38.01566
47122 0.65232 NaN NaN NaN 228.04095 -145.83466 34.09497 295.46255 -182.13197 -66.32764 NaN NaN NaN 48.89936 -98.21381 -11.49252 -50.38179 -178.63329 -38.01332
47123 0.66065 NaN NaN NaN 228.09857 -145.86525 34.12322 295.48276 -182.12122 -66.33965 NaN NaN NaN 48.89310 -98.21556 -11.51893 -50.36293 -178.62498 -38.03429
47124 0.66898 NaN NaN NaN 228.13112 -145.90199 34.15096 295.49796 -182.15079 -66.31657 NaN NaN NaN 48.92294 -98.18869 -11.54801 -50.37440 -178.61957 -38.06556
47125 0.67732 NaN NaN NaN 228.16052 -145.91118 34.14494 295.54660 -182.13831 -66.34361 NaN NaN NaN 48.92619 -98.17529 -11.56272 -50.37418 -178.62115 -38.07443
47126 0.68565 NaN NaN NaN 228.16815 -145.91573 34.15944 295.57001 -182.16273 -66.30639 NaN NaN NaN 48.95131 -98.16969 -11.56145 -50.35370 -178.61925 -38.09485
47127 0.69398 NaN NaN NaN 228.18484 -145.93965 34.16936 295.57687 -182.15665 -66.33208 NaN NaN NaN 48.95136 -98.17112 -11.56927 -50.35288 -178.60323 -38.14851
47128 0.70231 NaN NaN NaN 228.19379 -145.96037 34.17020 295.59891 -182.18089 -66.29441 NaN NaN NaN 48.96385 -98.16811 -11.58239 -50.33350 -178.59627 -38.16491
47129 0.71064 NaN NaN NaN 228.21465 -145.97189 34.17627 295.61230 -182.16756 -66.30993 NaN NaN NaN 48.97269 -98.15778 -11.62407 -50.31808 -178.57796 -38.17150
47130 0.71897 NaN NaN NaN 228.21616 -145.99088 34.18700 295.63071 -182.18665 -66.29112 NaN NaN NaN 48.99380 -98.11271 -11.58120 -50.29325 -178.57793 -38.17604
47131 0.72730 NaN NaN NaN 228.24306 -145.98294 34.20158 295.65894 -182.19371 -66.32121 NaN NaN NaN 49.01160 -98.12104 -11.64692 -50.27351 -178.58615 -38.20784
47132 0.73563 NaN NaN NaN 228.27470 -146.01022 34.20663 295.68872 -182.20146 -66.29816 NaN NaN NaN 49.03195 -98.09270 -11.65469 -50.25711 -178.57040 -38.22332
47133 0.74397 NaN NaN NaN 228.29066 -146.01103 34.22015 295.72757 -182.23788 -66.28840 NaN NaN NaN 49.01932 -98.13974 -11.66803 -50.23523 -178.56305 -38.23755
47134 0.75230 NaN NaN NaN 228.32629 -146.06326 34.27741 295.74860 -182.27179 -66.26656 NaN NaN NaN 49.02811 -98.13374 -11.65674 -50.22958 -178.55609 -38.25601
47135 0.76063 NaN NaN NaN 228.34848 -146.09235 34.29503 295.77356 -182.28760 -66.26875 NaN NaN NaN 49.03361 -98.16220 -11.65806 -50.23784 -178.56506 -38.26333
47136 0.76896 NaN NaN NaN 228.39752 -146.15912 34.33854 295.80515 -182.31973 -66.25132 NaN NaN NaN 49.03732 -98.15473 -11.68262 -50.24433 -178.58798 -38.27217
47137 0.77729 NaN NaN NaN 228.45354 -146.19589 34.35920 295.82025 -182.34703 -66.23768 NaN NaN NaN 49.06039 -98.16623 -11.73775 -50.24205 -178.58458 -38.28055
47138 0.78562 NaN NaN NaN 228.47746 -146.22751 34.39272 295.84579 -182.35860 -66.22433 NaN NaN NaN 49.05292 -98.14212 -11.76629 -50.22873 -178.59235 -38.27847
47139 0.79395 NaN NaN NaN 228.51953 -146.25731 34.40319 295.87115 -182.39566 -66.22426 NaN NaN NaN 49.04742 -98.14593 -11.76882 -50.22217 -178.59746 -38.28864
47140 0.80228 NaN NaN NaN 228.53746 -146.28781 34.41609 295.89841 -182.41019 -66.23145 NaN NaN NaN 49.05325 -98.13482 -11.77042 -50.20183 -178.62038 -38.31451
47141 0.81062 NaN NaN NaN 228.56947 -146.32910 34.41972 295.92227 -182.41420 -66.21940 NaN NaN NaN 49.04364 -98.14927 -11.73731 -50.19046 -178.61150 -38.31563
47142 0.81895 NaN NaN NaN 228.58957 -146.36093 34.42910 295.93518 -182.41029 -66.21883 NaN NaN NaN 49.05717 -98.14030 -11.76029 -50.18045 -178.62721 -38.34456
47143 0.82728 NaN NaN NaN 228.61874 -146.36205 34.44141 295.94370 -182.40871 -66.21325 NaN NaN NaN 49.05259 -98.14655 -11.78345 -50.18627 -178.62247 -38.32997
47144 0.83561 NaN NaN NaN 228.61786 -146.37534 34.45245 295.94626 -182.42661 -66.19999 NaN NaN NaN 49.05961 -98.13088 -11.78121 -50.16890 -178.62497 -38.34711
47145 0.84394 NaN NaN NaN 228.64587 -146.38039 34.45256 295.96829 -182.43707 -66.18996 NaN NaN NaN 49.05848 -98.13752 -11.77629 -50.16399 -178.64201 -38.36522
47146 0.85227 NaN NaN NaN 228.64073 -146.39444 34.46202 295.98544 -182.46207 -66.16960 NaN NaN NaN 49.04615 -98.12604 -11.77189 -50.16272 -178.64313 -38.38200
47147 0.86060 NaN NaN NaN 228.67052 -146.39590 34.45468 295.99753 -182.46844 -66.16827 NaN NaN NaN 49.02427 -98.13932 -11.78509 -50.16449 -178.64056 -38.41053
47148 0.86893 NaN NaN NaN 228.67616 -146.42540 34.46383 296.00290 -182.47493 -66.17426 NaN NaN NaN 49.02353 -98.14272 -11.78045 -50.17158 -178.63971 -38.42335
47149 0.87727 NaN NaN NaN 228.68346 -146.45160 34.47300 296.00735 -182.45648 -66.18769 NaN NaN NaN 49.01908 -98.16222 -11.78502 -50.18396 -178.64844 -38.44493
47150 0.88560 NaN NaN NaN 228.68988 -146.46715 34.48621 296.03479 -182.46346 -66.17210 NaN NaN NaN 49.01311 -98.17577 -11.76294 -50.18307 -178.64767 -38.45198
47151 0.89393 NaN NaN NaN 228.71181 -146.46678 34.48550 296.03253 -182.46500 -66.17287 NaN NaN NaN 49.00350 -98.16812 -11.77891 -50.18522 -178.64552 -38.47063
47152 0.90226 NaN NaN NaN 228.72389 -146.50136 34.49587 296.03696 -182.47812 -66.16515 NaN NaN NaN 48.99783 -98.15871 -11.76999 -50.20892 -178.63451 -38.46253
47153 0.91059 NaN NaN NaN 228.74040 -146.50822 34.49430 296.05008 -182.49257 -66.15818 NaN NaN NaN 48.98714 -98.16185 -11.77824 -50.20949 -178.64684 -38.48415
47154 0.91892 NaN NaN NaN 228.75369 -146.55394 34.51736 296.06604 -182.50481 -66.15666 NaN NaN NaN 48.97844 -98.18496 -11.79334 -50.20589 -178.65680 -38.49410
47155 0.92725 NaN NaN NaN 228.77827 -146.55530 34.50329 296.08435 -182.52238 -66.16024 NaN NaN NaN 48.97813 -98.21219 -11.76748 -50.20618 -178.65681 -38.51114
47156 0.93559 NaN NaN NaN 228.78026 -146.57504 34.51046 296.08282 -182.50926 -66.15456 NaN NaN NaN 48.97337 -98.20500 -11.75911 -50.21305 -178.66109 -38.54602
47157 0.94392 NaN NaN NaN 228.81258 -146.57385 34.50188 296.10062 -182.52007 -66.15450 NaN NaN NaN 48.96021 -98.20238 -11.74433 -50.19958 -178.67665 -38.59831
47158 0.95225 NaN NaN NaN 228.80513 -146.58179 34.51257 296.10812 -182.53296 -66.14652 NaN NaN NaN 48.97059 -98.21008 -11.74130 -50.20177 -178.69551 -38.60263
47159 0.96058 NaN NaN NaN 228.82018 -146.57504 34.51682 296.11801 -182.55095 -66.15380 NaN NaN NaN 48.95835 -98.21574 -11.74589 -50.19503 -178.70990 -38.62683
47160 0.96891 NaN NaN NaN 228.80560 -146.58417 34.51725 296.10422 -182.54047 -66.14349 NaN NaN NaN 48.96295 -98.21875 -11.74213 -50.18148 -178.69737 -38.66497
47161 0.97724 NaN NaN NaN 228.81209 -146.55276 34.51049 296.10434 -182.54984 -66.14887 NaN NaN NaN 48.95333 -98.22968 -11.73709 -50.16537 -178.69676 -38.68723
47162 0.98557 NaN NaN NaN 228.77760 -146.56282 34.52461 296.10522 -182.54581 -66.13661 NaN NaN NaN 48.94737 -98.24607 -11.71581 -50.17004 -178.69246 -38.70446
47163 0.99390 NaN NaN NaN 228.78413 -146.52954 34.52752 296.10187 -182.54720 -66.13271 NaN NaN NaN 48.94992 -98.24332 -11.71404 -50.17142 -178.68970 -38.71926
47164 1.00224 NaN NaN NaN 228.75969 -146.53008 34.53353 296.09882 -182.52884 -66.12523 NaN NaN NaN 48.96391 -98.24980 -11.68178 -50.17521 -178.67735 -38.71481
47165 1.01057 NaN NaN NaN 228.77716 -146.49205 34.51879 296.08609 -182.52538 -66.11459 NaN NaN NaN 48.96159 -98.24383 -11.67559 -50.16418 -178.67984 -38.70983
47166 1.01890 NaN NaN NaN 228.74565 -146.50725 34.52208 296.07495 -182.50487 -66.11896 NaN NaN NaN 48.95177 -98.25598 -11.64645 -50.16612 -178.69460 -38.68892
47167 1.02723 NaN NaN NaN 228.71780 -146.46552 34.51350 296.07767 -182.49257 -66.10665 NaN NaN NaN 48.94231 -98.24714 -11.60915 -50.15930 -178.70964 -38.67684
47168 1.03556 NaN NaN NaN 228.70050 -146.44926 34.50722 296.07452 -182.48929 -66.08205 NaN NaN NaN 48.94747 -98.25184 -11.58918 -50.17885 -178.70168 -38.68995
47169 1.04389 NaN NaN NaN 228.70715 -146.43210 34.49831 296.08005 -182.49030 -66.09640 NaN NaN NaN 48.94267 -98.24295 -11.57854 -50.16953 -178.69479 -38.68640
47170 1.05222 NaN NaN NaN 228.68373 -146.42326 34.50330 296.07059 -182.48032 -66.10537 NaN NaN NaN 48.93506 -98.22171 -11.56454 -50.18709 -178.67628 -38.67626
47171 1.06055 NaN NaN NaN 228.67447 -146.38866 34.49406 296.07455 -182.47755 -66.08924 NaN NaN NaN 48.92683 -98.21693 -11.56182 -50.20606 -178.68182 -38.66805
47172 1.06889 NaN NaN NaN 228.64156 -146.39525 34.49968 296.05878 -182.47290 -66.10091 NaN NaN NaN 48.93047 -98.22387 -11.55677 -50.22213 -178.67992 -38.67019
47173 1.07722 NaN NaN NaN 228.64369 -146.38419 34.49084 296.05881 -182.46289 -66.10806 NaN NaN NaN 48.91544 -98.22993 -11.55939 -50.22490 -178.69249 -38.65774
47174 1.08555 NaN NaN NaN 228.62540 -146.38945 34.47956 296.05606 -182.45963 -66.08774 NaN NaN NaN 48.89512 -98.21173 -11.55552 -50.25325 -178.67493 -38.66159
47175 1.09388 NaN NaN NaN 228.61928 -146.36984 34.47527 296.06299 -182.45667 -66.11070 NaN NaN NaN 48.88426 -98.20788 -11.55525 -50.27350 -178.67310 -38.65588
47176 1.10221 NaN NaN NaN 228.61108 -146.36456 34.47221 296.05273 -182.45523 -66.12156 NaN NaN NaN 48.88705 -98.23346 -11.61054 -50.28363 -178.64203 -38.65316
47177 1.11054 NaN NaN NaN 228.62975 -146.36395 34.47657 296.05560 -182.42874 -66.12883 NaN NaN NaN 48.86414 -98.20567 -11.57510 -50.28494 -178.64136 -38.65676
47178 1.11887 NaN NaN NaN 228.61189 -146.35947 34.46508 296.04153 -182.44110 -66.10685 NaN NaN NaN 48.85728 -98.20335 -11.60832 -50.27922 -178.62701 -38.66003
47179 1.12721 NaN NaN NaN 228.61526 -146.34360 34.46690 296.04785 -182.42784 -66.09708 NaN NaN NaN 48.85485 -98.18889 -11.63195 -50.28745 -178.64140 -38.65325
47180 1.13554 NaN NaN NaN 228.58470 -146.32487 34.44613 296.03247 -182.43024 -66.11555 NaN NaN NaN 48.85374 -98.17994 -11.61438 -50.30569 -178.63422 -38.64168
47181 1.14387 NaN NaN NaN 228.54666 -146.27472 34.44512 296.01556 -182.41621 -66.09612 NaN NaN NaN 48.84336 -98.19123 -11.62493 -50.28966 -178.63206 -38.63308
47182 1.15220 NaN NaN NaN 228.51190 -146.24806 34.43052 296.01526 -182.40999 -66.09112 NaN NaN NaN 48.82984 -98.15873 -11.58538 -50.29306 -178.61469 -38.63775
47183 1.16053 NaN NaN NaN 228.51518 -146.21420 34.42910 296.01935 -182.41283 -66.07494 NaN NaN NaN 48.82909 -98.16801 -11.55613 -50.30083 -178.60905 -38.64135
47184 1.16886 NaN NaN NaN 228.52069 -146.19705 34.42241 296.01004 -182.41385 -66.06964 NaN NaN NaN 48.82452 -98.17285 -11.62724 -50.30519 -178.62389 -38.63540
47185 1.17719 NaN NaN NaN 228.53288 -146.18629 34.41649 296.00461 -182.39670 -66.08639 NaN NaN NaN 48.82710 -98.16054 -11.57323 -50.28949 -178.63747 -38.64107
47186 1.18552 NaN NaN NaN 228.51776 -146.18791 34.42304 296.00412 -182.39571 -66.09126 NaN NaN NaN 48.79019 -98.14981 -11.55277 -50.31059 -178.63797 -38.62469
47187 1.19386 NaN NaN NaN 228.52625 -146.19533 34.42530 296.00522 -182.39539 -66.10576 NaN NaN NaN 48.80136 -98.15903 -11.52686 -50.29727 -178.63713 -38.63891
47188 1.20219 NaN NaN NaN 228.51761 -146.21349 34.42374 296.01016 -182.40088 -66.10183 NaN NaN NaN 48.79017 -98.19341 -11.57532 -50.33479 -178.63196 -38.62362
47189 1.21052 NaN NaN NaN 228.53317 -146.21358 34.42587 296.00888 -182.39557 -66.10007 NaN NaN NaN 48.79413 -98.22993 -11.58657 -50.32113 -178.65848 -38.66320
47190 1.21885 NaN NaN NaN 228.53865 -146.21475 34.42179 296.00693 -182.39693 -66.09393 NaN NaN NaN 48.77562 -98.23557 -11.56994 -50.34010 -178.67302 -38.63448
47191 1.22718 NaN NaN NaN 228.54114 -146.22603 34.42324 296.00720 -182.39349 -66.12659 NaN NaN NaN 48.77906 -98.23225 -11.47370 -50.31635 -178.67821 -38.62722
47192 1.23551 NaN NaN NaN 228.53044 -146.20926 34.41226 296.01224 -182.38727 -66.13455 NaN NaN NaN 48.78081 -98.23856 -11.54024 -50.33815 -178.67201 -38.60954
47193 1.24384 NaN NaN NaN 228.50896 -146.18449 34.39810 296.02740 -182.36838 -66.13274 NaN NaN NaN 48.78296 -98.26652 -11.54403 -50.32029 -178.68407 -38.62553
47194 1.25217 NaN NaN NaN 228.48190 -146.17996 34.39292 296.02185 -182.37924 -66.12360 NaN NaN NaN 48.75515 -98.26365 -11.55780 -50.36978 -178.69258 -38.61457
47195 1.26051 NaN NaN NaN 228.47075 -146.15695 34.39050 296.00290 -182.38997 -66.10986 NaN NaN NaN 48.75825 -98.27415 -11.54136 -50.33793 -178.69479 -38.62313
47196 1.26884 NaN NaN NaN 228.45534 -146.16798 34.38699 296.00647 -182.39938 -66.11089 NaN NaN NaN 48.75406 -98.25658 -11.56458 -50.36529 -178.70921 -38.60886
47197 1.27717 NaN NaN NaN 228.46581 -146.13800 34.37069 295.98596 -182.40137 -66.12469 NaN NaN NaN 48.75088 -98.27246 -11.52527 -50.33445 -178.69917 -38.61877
47198 1.28550 NaN NaN NaN 228.45328 -146.15427 34.38292 295.99875 -182.41512 -66.10498 NaN NaN NaN 48.72539 -98.27745 -11.50950 -50.36287 -178.70401 -38.59834
47199 1.29383 NaN NaN NaN 228.45320 -146.16064 34.39570 295.99277 -182.42062 -66.08996 NaN NaN NaN 48.71910 -98.27982 -11.53795 -50.35283 -178.69862 -38.61658
47200 1.30216 NaN NaN NaN 228.43829 -146.16496 34.39053 295.99442 -182.42542 -66.06935 NaN NaN NaN 48.72616 -98.30240 -11.50075 -50.38272 -178.72011 -38.60036
47201 1.31049 NaN NaN NaN 228.43465 -146.15262 34.38854 295.99435 -182.42796 -66.06823 NaN NaN NaN 48.73484 -98.31461 -11.47861 -50.35743 -178.71782 -38.61131
47202 1.31883 NaN NaN NaN 228.42209 -146.16183 34.37383 295.99698 -182.43622 -66.07173 NaN NaN NaN 48.72258 -98.33173 -11.48101 -50.38580 -178.72452 -38.59782
47203 1.32716 NaN NaN NaN 228.41113 -146.15465 34.36596 296.00027 -182.43611 -66.07710 NaN NaN NaN 48.72380 -98.33429 -11.49177 -50.39907 -178.73106 -38.61900
47204 1.33549 NaN NaN NaN 228.41753 -146.16862 34.37000 295.99863 -182.44685 -66.07437 NaN NaN NaN 48.72362 -98.34383 -11.51985 -50.36514 -178.74185 -38.61542
47205 1.34382 NaN NaN NaN 228.40707 -146.16420 34.35628 295.99542 -182.47136 -66.07358 NaN NaN NaN 48.73792 -98.36220 -11.50627 -50.34092 -178.75735 -38.63216
47206 1.35215 NaN NaN NaN 228.41212 -146.18373 34.36255 295.99582 -182.47125 -66.10030 NaN NaN NaN 48.73577 -98.35790 -11.47648 -50.38174 -178.77325 -38.63599
47207 1.36048 NaN NaN NaN 228.41710 -146.18387 34.34720 295.97830 -182.47942 -66.11286 NaN NaN NaN 48.73747 -98.33647 -11.46252 -50.35009 -178.79826 -38.65327
47208 1.36881 NaN NaN NaN 228.40256 -146.18913 34.34253 295.98569 -182.48260 -66.10838 NaN NaN NaN 48.74028 -98.35054 -11.47030 -50.34192 -178.80978 -38.67984
47209 1.37714 NaN NaN NaN 228.39188 -146.17416 34.32066 295.99506 -182.48828 -66.08643 NaN NaN NaN 48.75800 -98.35558 -11.47652 -50.34915 -178.80275 -38.68834
47210 1.38548 NaN NaN NaN 228.36432 -146.18622 34.31578 296.00003 -182.46587 -66.09270 NaN NaN NaN 48.75652 -98.36763 -11.48313 -50.35751 -178.82175 -38.70765
47211 1.39381 NaN NaN NaN 228.32495 -146.14212 34.28090 295.99432 -182.48256 -66.06812 NaN NaN NaN 48.77553 -98.36192 -11.49255 -50.30928 -178.79398 -38.70510
47212 1.40214 NaN NaN NaN 228.30266 -146.14331 34.26875 295.99365 -182.48544 -66.06093 NaN NaN NaN 48.79057 -98.36057 -11.49510 -50.31162 -178.81853 -38.72086
47213 1.41047 NaN NaN NaN 228.28432 -146.08554 34.23795 295.99036 -182.50278 -66.06371 NaN NaN NaN 48.81142 -98.35578 -11.57252 -50.28055 -178.78970 -38.70602
47214 1.41880 NaN NaN NaN 228.27269 -146.09297 34.23106 295.99341 -182.50551 -66.04899 NaN NaN NaN 48.81546 -98.33542 -11.54793 -50.29192 -178.80585 -38.72257
47215 1.42713 NaN NaN NaN 228.27789 -146.08954 34.23481 295.98749 -182.50282 -66.05535 NaN NaN NaN 48.81537 -98.32887 -11.52024 -50.26711 -178.77060 -38.71692
47216 1.43546 NaN NaN NaN 228.27075 -146.08701 34.25374 295.98618 -182.50540 -66.03801 NaN NaN NaN 48.81218 -98.32543 -11.50023 -50.28776 -178.78685 -38.73296
47217 1.44379 NaN NaN NaN 228.26401 -146.08434 34.23476 295.98505 -182.50471 -66.04702 NaN NaN NaN 48.81330 -98.31560 -11.50446 -50.26974 -178.77850 -38.71894
47218 1.45213 NaN NaN NaN 228.27715 -146.08517 34.24792 295.99396 -182.48396 -66.05450 NaN NaN NaN 48.81147 -98.31533 -11.49609 -50.28390 -178.79376 -38.72444
47219 1.46046 NaN NaN NaN 228.27010 -146.07962 34.24024 295.99576 -182.47121 -66.05596 NaN NaN NaN 48.80824 -98.32039 -11.48874 -50.26306 -178.78014 -38.70987
47220 1.46879 NaN NaN NaN 228.28572 -146.07353 34.25478 295.99579 -182.47449 -66.05147 NaN NaN NaN 48.79863 -98.35157 -11.52868 -50.27931 -178.77328 -38.73066
47221 1.47712 NaN NaN NaN 228.28294 -146.03090 34.23711 295.98764 -182.46568 -66.04926 NaN NaN NaN 48.78883 -98.36523 -11.53547 -50.26749 -178.76028 -38.71177
47222 1.48545 NaN NaN NaN 228.26642 -146.02547 34.22153 295.99167 -182.46037 -66.04241 NaN NaN NaN 48.78502 -98.36546 -11.53651 -50.29443 -178.74680 -38.70135
47223 1.49378 NaN NaN NaN 228.26305 -145.98087 34.21626 295.98407 -182.45610 -66.04433 NaN NaN NaN 48.79315 -98.33398 -11.54129 -50.28513 -178.73636 -38.69750
47224 1.50211 NaN NaN NaN 228.27293 -145.99049 34.23969 295.99683 -182.44949 -66.04169 NaN NaN NaN 48.78951 -98.30788 -11.53169 -50.30910 -178.73927 -38.69315
47225 1.51044 NaN NaN NaN 228.27197 -145.95654 34.22305 295.99429 -182.44254 -66.04219 NaN NaN NaN 48.78944 -98.28979 -11.48084 -50.28466 -178.73880 -38.69327
47226 1.51878 NaN NaN NaN 228.25902 -145.95517 34.25161 295.99557 -182.40025 -66.02208 NaN NaN NaN 48.78074 -98.29966 -11.49238 -50.28693 -178.73975 -38.68177
47227 1.52711 NaN NaN NaN 228.25583 -145.92958 34.24435 295.97910 -182.41423 -66.03535 NaN NaN NaN 48.76987 -98.27872 -11.45369 -50.28660 -178.72804 -38.68616
47228 1.53544 NaN NaN NaN 228.24203 -145.92404 34.23231 295.99139 -182.40453 -66.04736 NaN NaN NaN 48.77045 -98.29825 -11.51666 -50.30801 -178.72433 -38.68863
47229 1.54377 NaN NaN NaN 228.24063 -145.90511 34.19741 295.97827 -182.42281 -66.03448 NaN NaN NaN 48.77840 -98.28542 -11.49508 -50.28103 -178.72885 -38.70462
47230 1.55210 NaN NaN NaN 228.22495 -145.88649 34.19823 295.97531 -182.41130 -66.02832 NaN NaN NaN 48.76823 -98.29355 -11.53141 -50.30597 -178.71957 -38.72144
47231 1.56043 NaN NaN NaN 228.21996 -145.88925 34.19435 295.96567 -182.41406 -66.02845 NaN NaN NaN 48.77734 -98.26797 -11.49268 -50.29810 -178.70436 -38.70703
47232 1.56876 NaN NaN NaN 228.21709 -145.86314 34.19735 295.96817 -182.39803 -66.02969 NaN NaN NaN 48.77389 -98.28333 -11.53062 -50.30841 -178.70534 -38.70274
47233 1.57710 NaN NaN NaN 228.22330 -145.85043 34.18511 295.96265 -182.40993 -66.02209 NaN NaN NaN 48.78336 -98.26277 -11.48475 -50.27782 -178.70958 -38.70654
47234 1.58543 NaN NaN NaN 228.21664 -145.83781 34.19225 295.97040 -182.39737 -66.02950 NaN NaN NaN 48.78282 -98.28233 -11.52527 -50.28664 -178.70920 -38.72848
47235 1.59376 NaN NaN NaN 228.21223 -145.83568 34.17639 295.96793 -182.40749 -66.02462 NaN NaN NaN 48.77251 -98.28957 -11.49370 -50.27137 -178.69495 -38.73166
47236 1.60209 NaN NaN NaN 228.20273 -145.82439 34.19241 295.95529 -182.41196 -66.03068 NaN NaN NaN 48.76901 -98.29233 -11.50058 -50.28640 -178.69295 -38.73618
47237 1.61042 NaN NaN NaN 228.20473 -145.81845 34.16352 295.93622 -182.40533 -66.03869 NaN NaN NaN 48.80121 -98.28127 -11.45683 -50.25558 -178.69713 -38.73679
47238 1.61875 NaN NaN NaN 228.18239 -145.79567 34.14385 295.93384 -182.39188 -66.04219 NaN NaN NaN 48.79848 -98.28455 -11.50053 -50.26514 -178.71162 -38.75926
47239 1.62708 NaN NaN NaN 228.16400 -145.75969 34.12978 295.89517 -182.36630 -66.05101 NaN NaN NaN 48.79796 -98.27202 -11.47683 -50.23427 -178.70456 -38.75008
47240 1.63541 NaN NaN NaN 228.11943 -145.74075 34.11816 295.86288 -182.36751 -66.05388 NaN NaN NaN 48.79332 -98.30717 -11.48433 -50.25856 -178.71375 -38.75837
47241 1.64375 NaN NaN NaN 228.08455 -145.71468 34.09406 295.80939 -182.34969 -66.05453 NaN NaN NaN 48.79871 -98.31563 -11.44083 -50.26543 -178.71626 -38.76608
47242 1.65208 NaN NaN NaN 227.99487 -145.70103 34.05727 295.79739 -182.33521 -66.04646 NaN NaN NaN 48.79520 -98.32945 -11.41417 -50.27214 -178.72266 -38.76773
47243 1.66041 NaN NaN NaN 227.88748 -145.60686 34.03811 295.75900 -182.34314 -66.03377 NaN NaN NaN 48.80317 -98.32557 -11.40783 -50.26041 -178.71815 -38.74091
47244 1.66874 NaN NaN NaN 227.81013 -145.52460 33.98907 295.73593 -182.36497 -66.02284 NaN NaN NaN 48.79535 -98.34810 -11.39021 -50.27714 -178.74638 -38.74864
47245 1.67707 NaN NaN NaN 227.76082 -145.46553 33.94459 295.69583 -182.32671 -66.03780 NaN NaN NaN 48.79959 -98.35248 -11.36403 -50.27502 -178.75551 -38.73787
47246 1.68540 NaN NaN NaN 227.72940 -145.44685 33.93157 295.65616 -182.27701 -66.05384 NaN NaN NaN 48.78641 -98.37832 -11.35156 -50.29317 -178.78970 -38.75102
47247 1.69373 NaN NaN NaN 227.71451 -145.43834 33.91791 295.63184 -182.25700 -66.06504 NaN NaN NaN 48.77927 -98.38255 -11.33797 -50.32699 -178.79192 -38.74161
47248 1.70206 NaN NaN NaN 227.69768 -145.44774 33.91993 295.61719 -182.23682 -66.07217 NaN NaN NaN 48.77110 -98.38941 -11.33885 -50.37249 -178.82814 -38.73598
47249 1.71040 NaN NaN NaN 227.68274 -145.43118 33.91851 295.59830 -182.23541 -66.08650 NaN NaN NaN 48.75758 -98.39247 -11.33451 -50.34584 -178.83519 -38.72306
47250 1.71873 NaN NaN NaN 227.65221 -145.43480 33.91781 295.58826 -182.23206 -66.06806 NaN NaN NaN 48.75010 -98.41096 -11.33275 -50.34826 -178.85686 -38.71774
47251 1.72706 NaN NaN NaN 227.64426 -145.42699 33.90899 295.59503 -182.23352 -66.07936 NaN NaN NaN 48.74836 -98.43751 -11.38960 -50.37387 -178.85336 -38.67547
47252 1.73539 NaN NaN NaN 227.64220 -145.41408 33.90509 295.57193 -182.20181 -66.07244 NaN NaN NaN 48.74249 -98.45473 -11.39526 -50.37236 -178.85074 -38.67358
47253 1.74372 NaN NaN NaN 227.63132 -145.40253 33.89114 295.58414 -182.24420 -66.07882 NaN NaN NaN 48.74189 -98.44504 -11.34649 -50.41171 -178.87755 -38.66630
47254 1.75205 NaN NaN NaN 227.64101 -145.42168 33.90236 295.58484 -182.24756 -66.05466 NaN NaN NaN 48.70780 -98.43119 -11.38997 -50.42008 -178.88959 -38.66095
47255 1.76038 NaN NaN NaN 227.63799 -145.42900 33.89798 295.59213 -182.26198 -66.07436 NaN NaN NaN 48.71690 -98.42352 -11.37434 -50.42708 -178.88063 -38.65073
47256 1.76872 NaN NaN NaN 227.64911 -145.43787 33.89553 295.59491 -182.25349 -66.05926 NaN NaN NaN 48.71833 -98.41585 -11.33277 -50.41726 -178.87791 -38.67121
47257 1.77705 NaN NaN NaN 227.64137 -145.43886 33.89396 295.60394 -182.27055 -66.06961 NaN NaN NaN 48.73490 -98.42685 -11.35178 -50.40513 -178.85425 -38.67616
47258 1.78538 NaN NaN NaN 227.63486 -145.44064 33.89199 295.59390 -182.27342 -66.07322 NaN NaN NaN 48.71827 -98.40614 -11.34196 -50.40465 -178.85060 -38.68864
47259 1.79371 NaN NaN NaN 227.63173 -145.43120 33.88530 295.59576 -182.28020 -66.07488 NaN NaN NaN 48.73611 -98.40775 -11.35464 -50.39009 -178.83356 -38.67673
47260 1.80204 NaN NaN NaN 227.62631 -145.41724 33.88923 295.59885 -182.25790 -66.05488 NaN NaN NaN 48.71610 -98.37852 -11.35153 -50.39844 -178.83594 -38.70905
47261 1.81037 NaN NaN NaN 227.61905 -145.40463 33.88927 295.59125 -182.25981 -66.07092 NaN NaN NaN 48.70896 -98.37671 -11.36983 -50.37383 -178.81253 -38.68233
47262 1.81870 NaN NaN NaN 227.61214 -145.37625 33.88982 295.58429 -182.25456 -66.04682 NaN NaN NaN 48.71181 -98.37752 -11.35595 -50.38723 -178.82516 -38.69711
47263 1.82703 NaN NaN NaN 227.61252 -145.37169 33.88561 295.59399 -182.26707 -66.06712 NaN NaN NaN 48.72826 -98.37649 -11.36747 -50.37556 -178.81093 -38.70090
47264 1.83537 NaN NaN NaN 227.61469 -145.36676 33.88966 295.59229 -182.25975 -66.04627 NaN NaN NaN 48.72013 -98.38462 -11.34807 -50.37383 -178.83888 -38.73243
47265 1.84370 NaN NaN NaN 227.60201 -145.35835 33.88400 295.60098 -182.23387 -66.03689 NaN NaN NaN 48.73546 -98.39950 -11.35295 -50.35237 -178.82646 -38.73552
47266 1.85203 NaN NaN NaN 227.58888 -145.33736 33.87884 295.58124 -182.21941 -66.03119 NaN NaN NaN 48.72555 -98.40149 -11.31695 -50.32933 -178.83089 -38.74579
47267 1.86036 NaN NaN NaN 227.57875 -145.32474 33.85864 295.59573 -182.20091 -66.03734 NaN NaN NaN 48.71653 -98.39760 -11.34699 -50.33693 -178.81880 -38.74572
47268 1.86869 NaN NaN NaN 227.56535 -145.30190 33.85641 295.59918 -182.18956 -66.03194 NaN NaN NaN 48.70819 -98.40147 -11.33398 -50.35867 -178.84863 -38.74802
47269 1.87702 NaN NaN NaN 227.53822 -145.27193 33.83321 295.61118 -182.20058 -66.01756 NaN NaN NaN 48.71502 -98.40339 -11.33882 -50.38608 -178.85895 -38.71484
47270 1.88535 NaN NaN NaN 227.52654 -145.23366 33.81493 295.61221 -182.20145 -65.99511 NaN NaN NaN 48.71132 -98.40967 -11.32944 -50.38942 -178.86221 -38.72149
47271 1.89368 NaN NaN NaN 227.52127 -145.22025 33.79287 295.60126 -182.17271 -66.01334 NaN NaN NaN 48.71779 -98.40108 -11.34816 -50.37150 -178.85973 -38.72844
47272 1.90202 NaN NaN NaN 227.49800 -145.20198 33.78850 295.59918 -182.16661 -66.01020 NaN NaN NaN 48.69527 -98.39163 -11.35862 -50.38787 -178.86880 -38.72327
47273 1.91035 NaN NaN NaN 227.47256 -145.17911 33.78628 295.60245 -182.16093 -66.01113 NaN NaN NaN 48.70106 -98.38107 -11.38815 -50.39423 -178.85521 -38.68569
47274 1.91868 NaN NaN NaN 227.46840 -145.15573 33.78750 295.60535 -182.16710 -65.99604 NaN NaN NaN 48.71585 -98.38032 -11.40138 -50.41285 -178.86743 -38.70555
47275 1.92701 NaN NaN NaN 227.45676 -145.14114 33.77796 295.62564 -182.18904 -65.97269 NaN NaN NaN 48.72377 -98.37529 -11.39062 -50.39616 -178.84245 -38.69144
47276 1.93534 NaN NaN NaN 227.44438 -145.12569 33.76545 295.62692 -182.19489 -65.97636 NaN NaN NaN 48.72429 -98.37798 -11.39902 -50.35731 -178.84248 -38.72224
47277 1.94367 NaN NaN NaN 227.45654 -145.13562 33.76673 295.63446 -182.19592 -65.96777 NaN NaN NaN 48.72379 -98.37085 -11.40530 -50.34681 -178.81523 -38.71401
47278 1.95200 NaN NaN NaN 227.44016 -145.11781 33.78812 295.63705 -182.22278 -65.95674 NaN NaN NaN 48.74115 -98.36305 -11.40795 -50.37642 -178.83304 -38.72496
47279 1.96034 NaN NaN NaN 227.45589 -145.12085 33.78937 295.64752 -182.21620 -65.94153 NaN NaN NaN 48.75365 -98.37384 -11.40377 -50.35693 -178.79953 -38.71043
47280 1.96867 NaN NaN NaN 227.47043 -145.11981 33.79704 295.66595 -182.23106 -65.91719 NaN NaN NaN 48.75074 -98.35896 -11.40466 -50.35093 -178.79724 -38.71760
47281 1.97700 NaN NaN NaN 227.46872 -145.12329 33.78353 295.69199 -182.22238 -65.90737 NaN NaN NaN 48.73534 -98.34452 -11.40942 -50.32428 -178.77260 -38.68948
47282 1.98533 NaN NaN NaN 227.47795 -145.14230 33.79433 295.71521 -182.27048 -65.89496 NaN NaN NaN 48.74875 -98.35541 -11.41685 -50.30959 -178.77641 -38.67429
47283 1.99366 NaN NaN NaN 227.50110 -145.15500 33.79193 295.73410 -182.28983 -65.87177 NaN NaN NaN 48.74457 -98.35366 -11.40892 -50.31951 -178.77029 -38.66529
47284 2.00199 NaN NaN NaN 227.54245 -145.17638 33.81060 295.74966 -182.29623 -65.86153 NaN NaN NaN 48.75334 -98.35969 -11.42819 -50.38153 -178.79732 -38.67190
47285 2.01032 NaN NaN NaN 227.58098 -145.21756 33.82427 295.76501 -182.30362 -65.86693 NaN NaN NaN 48.74588 -98.34227 -11.44899 -50.39465 -178.80836 -38.65745
47286 2.01865 NaN NaN NaN 227.60905 -145.26320 33.85810 295.77243 -182.30281 -65.85928 NaN NaN NaN 48.72135 -98.34010 -11.50914 -50.37584 -178.80084 -38.64889
47287 2.02699 NaN NaN NaN 227.65096 -145.31888 33.89830 295.79935 -182.30769 -65.83173 NaN NaN NaN 48.72037 -98.33838 -11.48672 -50.37059 -178.80904 -38.63414
47288 2.03532 NaN NaN NaN 227.68468 -145.36125 33.93995 295.82410 -182.31642 -65.80747 NaN NaN NaN 48.71917 -98.33026 -11.48823 -50.38717 -178.82047 -38.61737
47289 2.04365 NaN NaN NaN 227.74147 -145.41679 33.99140 295.83539 -182.32388 -65.78015 NaN NaN NaN 48.73109 -98.32265 -11.51642 -50.36486 -178.83812 -38.61301
47290 2.05198 NaN NaN NaN 227.77583 -145.46748 34.03664 295.88669 -182.32922 -65.76029 NaN NaN NaN 48.73541 -98.33752 -11.59797 -50.39442 -178.85918 -38.59049
47291 2.06031 NaN NaN NaN 227.81142 -145.49303 34.05829 295.92746 -182.34352 -65.74211 NaN NaN NaN 48.76807 -98.34227 -11.64601 -50.39196 -178.85931 -38.61190
47292 2.06864 NaN NaN NaN 227.87422 -145.56795 34.07957 295.97430 -182.40256 -65.73812 NaN NaN NaN 48.76516 -98.33244 -11.69828 -50.40691 -178.87466 -38.63339
47293 2.07697 NaN NaN NaN 227.91220 -145.58479 34.08985 296.02768 -182.44371 -65.74116 NaN NaN NaN 48.79679 -98.31484 -11.72133 -50.38391 -178.85237 -38.64498
47294 2.08530 NaN NaN NaN 227.95021 -145.62709 34.09290 296.06644 -182.46709 -65.75342 NaN NaN NaN 48.79612 -98.30860 -11.73271 -50.36360 -178.82706 -38.67423
47295 2.09364 NaN NaN NaN 227.96915 -145.65671 34.07899 296.09348 -182.49794 -65.72450 NaN NaN NaN 48.82524 -98.29616 -11.73360 -50.32186 -178.82697 -38.69701
47296 2.10197 NaN NaN NaN 227.98221 -145.68958 34.07869 296.12479 -182.51331 -65.72065 NaN NaN NaN 48.83326 -98.28833 -11.75779 -50.28883 -178.83063 -38.70546
47297 2.11030 NaN NaN NaN 227.99367 -145.68463 34.07868 296.14163 -182.49451 -65.71666 NaN NaN NaN 48.83199 -98.29836 -11.77598 -50.26073 -178.81740 -38.71505
47298 2.11863 NaN NaN NaN 227.97449 -145.67731 34.08849 296.15533 -182.49716 -65.71037 NaN NaN NaN 48.84131 -98.30242 -11.77294 -50.27803 -178.84204 -38.73684
47299 2.12696 NaN NaN NaN 227.98901 -145.66133 34.08202 296.14612 -182.48282 -65.71219 NaN NaN NaN 48.83714 -98.31427 -11.75372 -50.27923 -178.84152 -38.74006
47300 2.13529 NaN NaN NaN 227.97260 -145.63225 34.08640 296.15820 -182.47910 -65.71286 NaN NaN NaN 48.83552 -98.31824 -11.75006 -50.28269 -178.85814 -38.75843
47301 2.14362 NaN NaN NaN 227.94894 -145.59863 34.07796 296.15424 -182.44272 -65.70940 NaN NaN NaN 48.84560 -98.31947 -11.73224 -50.28331 -178.85597 -38.76097
47302 2.15195 NaN NaN NaN 227.95076 -145.61694 34.08819 296.16296 -182.46550 -65.69844 NaN NaN NaN 48.84488 -98.32627 -11.74240 -50.29198 -178.86357 -38.75512
47303 2.16029 NaN NaN NaN 227.94687 -145.57997 34.08485 296.16800 -182.44533 -65.70432 NaN NaN NaN 48.83408 -98.32694 -11.73715 -50.29121 -178.85814 -38.76353
47304 2.16862 NaN NaN NaN 227.93153 -145.58142 34.08663 296.19455 -182.45274 -65.68279 NaN NaN NaN 48.81572 -98.33993 -11.73100 -50.30130 -178.85205 -38.75415
47305 2.17695 NaN NaN NaN 227.89008 -145.53407 34.05608 296.21988 -182.43645 -65.67383 NaN NaN NaN 48.81897 -98.32375 -11.69747 -50.28814 -178.86525 -38.77845
47306 2.18528 NaN NaN NaN 227.86711 -145.53502 34.02120 296.23608 -182.42445 -65.68549 NaN NaN NaN 48.78560 -98.33521 -11.67331 -50.30566 -178.86842 -38.76345
47307 2.19361 NaN NaN NaN 227.85452 -145.51749 34.00464 296.23599 -182.42372 -65.69894 NaN NaN NaN 48.78176 -98.34943 -11.65240 -50.33837 -178.84126 -38.77456
47308 2.20194 NaN NaN NaN 227.86650 -145.51964 33.99439 296.22256 -182.44633 -65.69047 NaN NaN NaN 48.77626 -98.34587 -11.66535 -50.35762 -178.84590 -38.76054
47309 2.21027 NaN NaN NaN 227.86287 -145.52686 33.99531 296.20963 -182.42909 -65.68755 NaN NaN NaN 48.78255 -98.34145 -11.68315 -50.35014 -178.85220 -38.74989
47310 2.21861 NaN NaN NaN 227.86127 -145.52147 34.00334 296.21225 -182.44467 -65.68301 NaN NaN NaN 48.76400 -98.33621 -11.66918 -50.32961 -178.85933 -38.74561
47311 2.22694 NaN NaN NaN 227.84019 -145.50511 34.01289 296.20053 -182.43248 -65.68408 NaN NaN NaN 48.77021 -98.32430 -11.65199 -50.34132 -178.85226 -38.75277
47312 2.23527 NaN NaN NaN 227.83092 -145.50436 34.01225 296.19272 -182.45525 -65.66856 NaN NaN NaN 48.76716 -98.33452 -11.66294 -50.35101 -178.85503 -38.75243
47313 2.24360 NaN NaN NaN 227.81203 -145.49344 34.01616 296.17242 -182.42004 -65.66923 NaN NaN NaN 48.77078 -98.32703 -11.68740 -50.36039 -178.84891 -38.74453
47314 2.25193 NaN NaN NaN 227.80688 -145.48486 33.99709 296.17801 -182.44287 -65.64317 NaN NaN NaN 48.78162 -98.32491 -11.70476 -50.34558 -178.85141 -38.74502
47315 2.26026 NaN NaN NaN 227.79982 -145.48041 34.00029 296.17490 -182.44270 -65.66316 NaN NaN NaN 48.80855 -98.30048 -11.71903 -50.34620 -178.84792 -38.74052
47316 2.26859 NaN NaN NaN 227.80063 -145.47888 33.98390 296.18478 -182.46138 -65.67540 NaN NaN NaN 48.81270 -98.30324 -11.73448 -50.35730 -178.85440 -38.74740
47317 2.27692 NaN NaN NaN 227.79654 -145.47824 33.99754 296.17471 -182.41347 -65.68754 NaN NaN NaN 48.81527 -98.28237 -11.77513 -50.34361 -178.83675 -38.75638
47318 2.28526 NaN NaN NaN 227.80621 -145.48694 33.98266 296.17996 -182.45197 -65.67657 NaN NaN NaN 48.81146 -98.28337 -11.79335 -50.33870 -178.83855 -38.76413
47319 2.29359 NaN NaN NaN 227.79344 -145.47975 33.97281 296.19208 -182.40987 -65.69996 NaN NaN NaN 48.79506 -98.24783 -11.86342 -50.31525 -178.81979 -38.77328
47320 2.30192 NaN NaN NaN 227.79582 -145.48158 33.95992 296.19452 -182.45569 -65.68988 NaN NaN NaN 48.79831 -98.25073 -11.85194 -50.32017 -178.83183 -38.76648
47321 2.31025 NaN NaN NaN 227.79442 -145.49022 33.94776 296.17206 -182.43158 -65.70640 NaN NaN NaN 48.80998 -98.26080 -11.83315 -50.32279 -178.81926 -38.77581
47322 2.31858 NaN NaN NaN 227.79218 -145.49661 33.94196 296.16956 -182.46419 -65.69286 NaN NaN NaN 48.81464 -98.25822 -11.78006 -50.32880 -178.83009 -38.79777
47323 2.32691 NaN NaN NaN 227.79639 -145.51068 33.93782 296.16965 -182.41714 -65.70528 NaN NaN NaN 48.80512 -98.24959 -11.74764 -50.30729 -178.81010 -38.79511
47324 2.33524 NaN NaN NaN 227.80920 -145.52676 33.94705 296.17783 -182.42134 -65.72476 NaN NaN NaN 48.80861 -98.25728 -11.75471 -50.30392 -178.82140 -38.81122
47325 2.34357 NaN NaN NaN 227.81737 -145.52707 33.94371 296.19281 -182.40286 -65.73087 NaN NaN NaN 48.82170 -98.26719 -11.74242 -50.29116 -178.82692 -38.80336
47326 2.35191 NaN NaN NaN 227.81358 -145.54135 33.94981 296.16833 -182.42706 -65.73858 NaN NaN NaN 48.80360 -98.28800 -11.73156 -50.31136 -178.83134 -38.80121
47327 2.36024 NaN NaN NaN 227.80325 -145.52397 33.94682 296.16415 -182.41579 -65.73139 NaN NaN NaN 48.80893 -98.30197 -11.71719 -50.31651 -178.82288 -38.79532
47328 2.36857 NaN NaN NaN 227.80168 -145.52194 33.95596 296.15262 -182.43942 -65.72592 NaN NaN NaN 48.78397 -98.32669 -11.70468 -50.33112 -178.83168 -38.77231
47329 2.37690 NaN NaN NaN 227.79733 -145.51263 33.95033 296.15842 -182.42418 -65.71595 NaN NaN NaN 48.78292 -98.33225 -11.70093 -50.32987 -178.85120 -38.78932
47330 2.38523 NaN NaN NaN 227.79704 -145.52919 33.95624 296.15210 -182.42467 -65.72504 NaN NaN NaN 48.76553 -98.35203 -11.69898 -50.34386 -178.86014 -38.79456
47331 2.39356 NaN NaN NaN 227.78000 -145.52325 33.93986 296.14343 -182.41277 -65.72357 NaN NaN NaN 48.75822 -98.34167 -11.70253 -50.35886 -178.86246 -38.78783
47332 2.40189 NaN NaN NaN 227.77484 -145.52774 33.93810 296.14023 -182.42393 -65.74554 NaN NaN NaN 48.73552 -98.31836 -11.69908 -50.38405 -178.86525 -38.78246
47333 2.41023 NaN NaN NaN 227.76100 -145.50816 33.92664 296.14249 -182.42509 -65.73038 NaN NaN NaN 48.75294 -98.32864 -11.69255 -50.38777 -178.87595 -38.80855
47334 2.41856 NaN NaN NaN 227.74911 -145.51266 33.92093 296.12213 -182.42001 -65.74696 NaN NaN NaN 48.74168 -98.33228 -11.69034 -50.38688 -178.85963 -38.80807
47335 2.42689 NaN NaN NaN 227.74161 -145.48927 33.90450 296.10880 -182.39420 -65.75259 NaN NaN NaN 48.72858 -98.35088 -11.68860 -50.38972 -178.86969 -38.82705
47336 2.43522 NaN NaN NaN 227.72493 -145.48691 33.88718 296.09863 -182.39993 -65.76171 NaN NaN NaN 48.69791 -98.34759 -11.64910 -50.38681 -178.86133 -38.82169
47337 2.44355 NaN NaN NaN 227.71870 -145.48848 33.88523 296.09778 -182.39459 -65.75888 NaN NaN NaN 48.69267 -98.35606 -11.62814 -50.39378 -178.86697 -38.83114
47338 2.45188 NaN NaN NaN 227.71033 -145.49741 33.88240 296.11490 -182.39948 -65.78383 NaN NaN NaN 48.70794 -98.37687 -11.61961 -50.39273 -178.86841 -38.83535
47339 2.46021 NaN NaN NaN 227.69753 -145.47710 33.86470 296.10135 -182.39096 -65.78589 NaN NaN NaN 48.71116 -98.37505 -11.55828 -50.41312 -178.87036 -38.86164
47340 2.46854 NaN NaN NaN 227.66608 -145.45390 33.85349 296.08768 -182.39859 -65.77593 NaN NaN NaN 48.69960 -98.39175 -11.53524 -50.41067 -178.86404 -38.85543
47341 2.47688 NaN NaN NaN 227.62717 -145.40569 33.81984 296.09732 -182.40480 -65.74489 NaN NaN NaN 48.69170 -98.39490 -11.50595 -50.40401 -178.86549 -38.86565
47342 2.48521 NaN NaN NaN 227.56319 -145.34534 33.77858 296.14258 -182.46506 -65.68994 NaN NaN NaN 48.67478 -98.41842 -11.48904 -50.38457 -178.87952 -38.88245
47343 2.49354 NaN NaN NaN 227.45801 -145.22403 33.68245 296.19321 -182.46603 -65.66236 NaN NaN NaN 48.65299 -98.41080 -11.44264 -50.39477 -178.88858 -38.90532
47344 2.50187 NaN NaN NaN 227.39246 -145.17447 33.61052 296.20947 -182.50003 -65.66175 NaN NaN NaN 48.64494 -98.39197 -11.33674 -50.39637 -178.87300 -38.93192
47345 2.51020 NaN NaN NaN 227.38156 -145.19086 33.56671 296.21158 -182.47751 -65.68664 NaN NaN NaN 48.61547 -98.43624 -11.27380 -50.40361 -178.86920 -38.93228
47346 2.51853 NaN NaN NaN 227.37029 -145.21960 33.52418 296.20544 -182.48138 -65.70904 NaN NaN NaN 48.59490 -98.45313 -11.23599 -50.40850 -178.85498 -38.91625
47347 2.52686 NaN NaN NaN 227.34673 -145.22435 33.50647 296.21454 -182.47830 -65.70649 NaN NaN NaN 48.59068 -98.43996 -11.22234 -50.41711 -178.85501 -38.89137
47348 2.53519 NaN NaN NaN 227.31845 -145.21231 33.49551 296.20105 -182.49103 -65.68935 NaN NaN NaN 48.58016 -98.46368 -11.21113 -50.42532 -178.85526 -38.87767
47349 2.54353 NaN NaN NaN 227.31805 -145.18967 33.51860 296.16727 -182.50343 -65.68747 NaN NaN NaN 48.59058 -98.45535 -11.22222 -50.43348 -178.86153 -38.86567
47350 2.55186 NaN NaN NaN 227.34404 -145.17697 33.53273 296.14423 -182.52283 -65.67909 NaN NaN NaN 48.58704 -98.44798 -11.23702 -50.44259 -178.86679 -38.82939
47351 2.56019 NaN NaN NaN 227.35402 -145.16042 33.56663 296.10107 -182.52414 -65.68514 NaN NaN NaN 48.59029 -98.45255 -11.26145 -50.43450 -178.87291 -38.79605
47352 2.56852 NaN NaN NaN 227.36627 -145.14293 33.58953 296.08801 -182.55188 -65.66220 NaN NaN NaN 48.60099 -98.42976 -11.27893 -50.43086 -178.88596 -38.78306
47353 2.57685 NaN NaN NaN 227.37552 -145.15102 33.60526 296.08752 -182.52786 -65.66019 NaN NaN NaN 48.59156 -98.45434 -11.27243 -50.43027 -178.89139 -38.76321
47354 2.58518 NaN NaN NaN 227.40404 -145.17688 33.61528 296.07651 -182.52914 -65.68835 NaN NaN NaN 48.60106 -98.45822 -11.27566 -50.44441 -178.88673 -38.75176
47355 2.59351 NaN NaN NaN 227.40993 -145.20468 33.61967 296.07449 -182.51180 -65.70628 NaN NaN NaN 48.57700 -98.47195 -11.29740 -50.45358 -178.89514 -38.74249
47356 2.60185 NaN NaN NaN 227.43152 -145.23228 33.62624 296.10019 -182.51349 -65.72801 NaN NaN NaN 48.56728 -98.46489 -11.32128 -50.46571 -178.89293 -38.74121
47357 2.61018 NaN NaN NaN 227.48814 -145.27864 33.66344 296.11221 -182.50806 -65.72515 NaN NaN NaN 48.58246 -98.46341 -11.33326 -50.45805 -178.90407 -38.75306
47358 2.61851 NaN NaN NaN 227.55646 -145.35591 33.69863 296.15247 -182.50923 -65.72756 NaN NaN NaN 48.61059 -98.41757 -11.34253 -50.45340 -178.89423 -38.74279
47359 2.62684 NaN NaN NaN 227.61382 -145.42198 33.74984 296.16360 -182.51399 -65.72808 NaN NaN NaN 48.61352 -98.39241 -11.40565 -50.46060 -178.89217 -38.73965
47360 2.63517 NaN NaN NaN 227.66113 -145.48300 33.80750 296.17255 -182.53297 -65.72505 NaN NaN NaN 48.62349 -98.37742 -11.47964 -50.44688 -178.88695 -38.74370
47361 2.64350 NaN NaN NaN 227.73059 -145.54466 33.85407 296.18680 -182.55627 -65.71259 NaN NaN NaN 48.62903 -98.37908 -11.48247 -50.44046 -178.88609 -38.74594
47362 2.65183 NaN NaN NaN 227.77016 -145.57245 33.87680 296.20743 -182.57611 -65.72134 NaN NaN NaN 48.63429 -98.36251 -11.52464 -50.42605 -178.86234 -38.75706
47363 2.66016 NaN NaN NaN 227.82660 -145.60999 33.91119 296.20889 -182.57986 -65.71407 NaN NaN NaN 48.63949 -98.34752 -11.48381 -50.41481 -178.86157 -38.77009
47364 2.66850 NaN NaN NaN 227.88248 -145.68347 33.94500 296.22366 -182.58122 -65.72325 NaN NaN NaN 48.64521 -98.32535 -11.47835 -50.41270 -178.85023 -38.77237
47365 2.67683 NaN NaN NaN 227.93517 -145.71632 34.00071 296.23938 -182.56461 -65.72793 NaN NaN NaN 48.66444 -98.31551 -11.48566 -50.39627 -178.85916 -38.77309
47366 2.68516 NaN NaN NaN 227.97556 -145.77487 34.04827 296.24283 -182.57608 -65.73301 NaN NaN NaN 48.67509 -98.30349 -11.49609 -50.35608 -178.84200 -38.76906
47367 2.69349 NaN NaN NaN 228.03581 -145.83153 34.07383 296.23108 -182.55463 -65.74586 NaN NaN NaN 48.67411 -98.28210 -11.52186 -50.35798 -178.83879 -38.75492
47368 2.70182 NaN NaN NaN 228.10054 -145.90952 34.10769 296.23676 -182.55713 -65.76659 NaN NaN NaN 48.67236 -98.24155 -11.55564 -50.37634 -178.83507 -38.75123
47369 2.71015 NaN NaN NaN 228.16098 -146.01083 34.14426 296.23413 -182.53642 -65.79681 NaN NaN NaN 48.69043 -98.22931 -11.62092 -50.39101 -178.82320 -38.74030
47370 2.71848 NaN NaN NaN 228.25536 -146.08911 34.19984 296.23343 -182.52690 -65.84518 NaN NaN NaN 48.69197 -98.21404 -11.66780 -50.37712 -178.81612 -38.74778
47371 2.72681 NaN NaN NaN 228.40738 -146.22310 34.26412 296.22226 -182.53152 -65.93379 NaN NaN NaN 48.69248 -98.19725 -11.67929 -50.34894 -178.79668 -38.76718
47372 2.73515 NaN NaN NaN 228.54616 -146.39954 34.36591 296.21024 -182.55273 -66.02505 NaN NaN NaN 48.69583 -98.17023 -11.68541 -50.32685 -178.75238 -38.76477
47373 2.74348 NaN NaN NaN 228.67941 -146.53575 34.43893 296.20773 -182.52713 -66.13644 NaN NaN NaN 48.71856 -98.13445 -11.71185 -50.28692 -178.71686 -38.76792
47374 2.75181 NaN NaN NaN 228.78786 -146.67781 34.47969 296.19849 -182.50923 -66.21824 NaN NaN NaN 48.72743 -98.07678 -11.75246 -50.26535 -178.69249 -38.75189
47375 2.76014 NaN NaN NaN 228.91246 -146.79568 34.51246 296.16101 -182.50226 -66.33022 NaN NaN NaN 48.74982 -98.01999 -11.79079 -50.22947 -178.66632 -38.75427
47376 2.76847 NaN NaN NaN 229.04469 -146.90120 34.56415 296.12125 -182.44827 -66.43157 NaN NaN NaN 48.75274 -97.99037 -11.79502 -50.20021 -178.64702 -38.75169
47377 2.77680 NaN NaN NaN 229.13881 -146.98128 34.60985 296.08875 -182.42618 -66.48825 NaN NaN NaN 48.77520 -97.96028 -11.77417 -50.16182 -178.62207 -38.75504
47378 2.78513 NaN NaN NaN 229.23956 -147.07538 34.66066 296.04401 -182.42976 -66.58096 NaN NaN NaN 48.80423 -97.91867 -11.72979 -50.12172 -178.60150 -38.74397
47379 2.79346 NaN NaN NaN 229.33218 -147.19431 34.69403 295.96298 -182.44530 -66.70035 NaN NaN NaN 48.82082 -97.85635 -11.73886 -50.06536 -178.59116 -38.72252
47380 2.80180 NaN NaN NaN 229.39877 -147.27977 34.72742 295.91272 -182.43428 -66.81432 NaN NaN NaN 48.85708 -97.79897 -11.75195 -50.01169 -178.58382 -38.69369
47381 2.81013 NaN NaN NaN 229.44167 -147.34334 34.77714 295.85477 -182.40271 -66.87432 NaN NaN NaN 48.87936 -97.72565 -11.78767 -49.98833 -178.56506 -38.67342
47382 2.81846 NaN NaN NaN 229.48297 -147.40826 34.81779 295.80750 -182.39992 -66.90655 NaN NaN NaN 48.89560 -97.66898 -11.77374 -49.96540 -178.53703 -38.66559
47383 2.82679 NaN NaN NaN 229.50751 -147.43796 34.87507 295.77780 -182.36824 -66.92873 NaN NaN NaN 48.90473 -97.61520 -11.72800 -49.94632 -178.50270 -38.66160
47384 2.83512 NaN NaN NaN 229.52484 -147.48216 34.87867 295.74469 -182.33670 -66.97326 NaN NaN NaN 48.93353 -97.57474 -11.73025 -49.91896 -178.46957 -38.65579
47385 2.84345 NaN NaN NaN 229.50839 -147.51895 34.88035 295.70319 -182.32822 -67.03110 NaN NaN NaN 48.93650 -97.53985 -11.71090 -49.88422 -178.44164 -38.66616
47386 2.85178 NaN NaN NaN 229.47504 -147.54156 34.78872 295.68069 -182.34512 -67.08254 NaN NaN NaN 48.94481 -97.52081 -11.72459 -49.86530 -178.43413 -38.66432
47387 2.86012 NaN NaN NaN 229.44832 -147.53423 34.73762 295.65576 -182.36220 -67.10211 NaN NaN NaN 48.94675 -97.49984 -11.73629 -49.86687 -178.40689 -38.64966
47388 2.86845 NaN NaN NaN 229.41924 -147.53772 34.71282 295.63556 -182.37817 -67.11411 NaN NaN NaN 48.96136 -97.45466 -11.74277 -49.84910 -178.39026 -38.62779
47389 2.87678 NaN NaN NaN 229.39624 -147.55241 34.69661 295.60895 -182.36810 -67.13965 NaN NaN NaN 48.96001 -97.41313 -11.74546 -49.84075 -178.35435 -38.60204
47390 2.88511 NaN NaN NaN 229.37851 -147.59875 34.68656 295.58652 -182.40179 -67.18467 NaN NaN NaN 48.96207 -97.36337 -11.75992 -49.81633 -178.33479 -38.58451
47391 2.89344 NaN NaN NaN 229.38524 -147.66524 34.66542 295.54620 -182.42296 -67.20449 NaN NaN NaN 48.96625 -97.32283 -11.75096 -49.79441 -178.29828 -38.60897
47392 2.90177 NaN NaN NaN 229.38077 -147.74648 34.66822 295.50864 -182.47346 -67.23083 NaN NaN NaN 48.96781 -97.28387 -11.75120 -49.78289 -178.28824 -38.59504
47393 2.91010 NaN NaN NaN 229.39095 -147.80754 34.66630 295.48776 -182.51584 -67.26093 NaN NaN NaN 48.96391 -97.25741 -11.74892 -49.75675 -178.25061 -38.60977
47394 2.91843 NaN NaN NaN 229.42575 -147.89709 34.66525 295.46997 -182.56808 -67.30714 NaN NaN NaN 48.95050 -97.21705 -11.74480 -49.73787 -178.22296 -38.60095
47395 2.92677 NaN NaN NaN 229.48340 -148.00668 34.68684 295.47769 -182.58984 -67.36526 NaN NaN NaN 48.96420 -97.18246 -11.73213 -49.71962 -178.19501 -38.61630
47396 2.93510 NaN NaN NaN 229.56767 -148.17686 34.71608 295.47903 -182.60446 -67.46438 NaN NaN NaN 48.98268 -97.13042 -11.74979 -49.69589 -178.18777 -38.61517
47397 2.94343 NaN NaN NaN 229.67633 -148.33826 34.72124 295.47964 -182.60097 -67.53215 NaN NaN NaN 49.01137 -97.04216 -11.69229 -49.65311 -178.16785 -38.63790
47398 2.95176 NaN NaN NaN 229.73961 -148.43993 34.73874 295.48483 -182.61235 -67.61401 NaN NaN NaN 49.02937 -96.98636 -11.71222 -49.61373 -178.11925 -38.61568
47399 2.96009 NaN NaN NaN 229.78860 -148.47389 34.72974 295.49738 -182.63533 -67.68627 NaN NaN NaN 49.05643 -96.92330 -11.70399 -49.58258 -178.07669 -38.59562
47400 2.96842 NaN NaN NaN 229.79796 -148.47345 34.71925 295.50165 -182.64651 -67.72635 NaN NaN NaN 49.06858 -96.86891 -11.72409 -49.52448 -178.05013 -38.58656
47401 2.97675 NaN NaN NaN 229.79546 -148.46387 34.71880 295.49057 -182.67883 -67.73955 NaN NaN NaN 49.09443 -96.79427 -11.74100 -49.50917 -178.02217 -38.58157
47402 2.98508 NaN NaN NaN 229.81921 -148.50211 34.73945 295.47980 -182.67003 -67.74496 NaN NaN NaN 49.10545 -96.76011 -11.74714 -49.45621 -178.01231 -38.54318
47403 2.99342 NaN NaN NaN 229.85226 -148.52306 34.76818 295.42618 -182.61917 -67.76722 NaN NaN NaN 49.12141 -96.72802 -11.75238 -49.40817 -177.97574 -38.55864
47404 3.00175 NaN NaN NaN 229.86159 -148.56923 34.79268 295.38510 -182.57379 -67.78147 NaN NaN NaN 49.12149 -96.71023 -11.74757 -49.38456 -177.99814 -38.63456
47405 3.01008 NaN NaN NaN 229.84920 -148.57465 34.82951 295.33838 -182.52347 -67.80582 NaN NaN NaN 49.10805 -96.69285 -11.72110 -49.39555 -177.97038 -38.65244
47406 3.01841 NaN NaN NaN 229.82260 -148.55666 34.82579 295.29504 -182.49091 -67.81283 NaN NaN NaN 49.08630 -96.69440 -11.68893 -49.41199 -177.97929 -38.67601
47407 3.02674 NaN NaN NaN 229.78870 -148.51373 34.83471 295.23868 -182.43742 -67.80487 NaN NaN NaN 49.07279 -96.71561 -11.69362 -49.42578 -177.98450 -38.67810
47408 3.03507 NaN NaN NaN 229.75630 -148.49664 34.83462 295.21658 -182.40636 -67.80281 NaN NaN NaN 49.04859 -96.70309 -11.67022 -49.45892 -178.00232 -38.67827
47409 3.04340 NaN NaN NaN 229.75537 -148.48955 34.82289 295.22635 -182.39925 -67.82238 NaN NaN NaN 49.00917 -96.72993 -11.68134 -49.47978 -178.01878 -38.68724
47410 3.05174 NaN NaN NaN 229.74757 -148.48691 34.81985 295.18106 -182.37909 -67.84184 NaN NaN NaN 48.96680 -96.75993 -11.65949 -49.53505 -178.02350 -38.70492
47411 3.06007 NaN NaN NaN 229.74391 -148.48128 34.81680 295.18359 -182.35606 -67.87946 NaN NaN NaN 48.93240 -96.80037 -11.63718 -49.58248 -178.02356 -38.72126
47412 3.06840 NaN NaN NaN 229.76869 -148.50262 34.83855 295.15973 -182.32623 -67.90804 NaN NaN NaN 48.90805 -96.81121 -11.63930 -49.61163 -178.05203 -38.72274
47413 3.07673 NaN NaN NaN 229.81674 -148.57312 34.87745 295.17206 -182.32573 -67.93097 NaN NaN NaN 48.87369 -96.80546 -11.60158 -49.63369 -178.04756 -38.71752
47414 3.08506 NaN NaN NaN 229.88165 -148.69131 34.91804 295.15707 -182.30182 -67.96872 NaN NaN NaN 48.87096 -96.81793 -11.61413 -49.64270 -178.03304 -38.71319
47415 3.09339 NaN NaN NaN 229.95981 -148.78857 34.97225 295.17282 -182.29724 -67.99056 NaN NaN NaN 48.85693 -96.81679 -11.58680 -49.67792 -178.04242 -38.68972
47416 3.10172 NaN NaN NaN 230.04398 -148.91249 35.03633 295.17123 -182.26895 -68.00966 NaN NaN NaN 48.87084 -96.83823 -11.59942 -49.69725 -178.04694 -38.66519
47417 3.11005 NaN NaN NaN 230.13730 -149.02037 35.07975 295.19803 -182.28488 -68.03707 NaN NaN NaN 48.87186 -96.88360 -11.54949 -49.70428 -178.05135 -38.70879
47418 3.11839 NaN NaN NaN 230.25146 -149.09439 35.10231 295.23642 -182.28888 -68.07077 NaN NaN NaN 48.89230 -96.92376 -11.52827 -49.70123 -178.04425 -38.74997
47419 3.12672 NaN NaN NaN 230.31520 -149.17160 35.12806 295.25806 -182.31082 -68.10710 NaN NaN NaN 48.88145 -96.94726 -11.47320 -49.69008 -178.03883 -38.76515
47420 3.13505 NaN NaN NaN 230.39319 -149.24347 35.14980 295.28012 -182.33191 -68.11162 NaN NaN NaN 48.89383 -96.96439 -11.46950 -49.67784 -178.04599 -38.78838
47421 3.14338 NaN NaN NaN 230.45593 -149.30455 35.16252 295.30441 -182.37453 -68.15481 NaN NaN NaN 48.88986 -96.93993 -11.45129 -49.65127 -178.07242 -38.81699
47422 3.15171 NaN NaN NaN 230.50909 -149.35518 35.18654 295.31274 -182.39622 -68.16632 NaN NaN NaN 48.89080 -96.93181 -11.42103 -49.62863 -178.10742 -38.83111
47423 3.16004 NaN NaN NaN 230.55711 -149.40221 35.20811 295.31970 -182.43507 -68.16093 NaN NaN NaN 48.91978 -96.95631 -11.38301 -49.61417 -178.12488 -38.86428
47424 3.16837 NaN NaN NaN 230.59138 -149.42757 35.20926 295.32150 -182.45242 -68.15791 NaN NaN NaN 48.95769 -97.00601 -11.34429 -49.59394 -178.13905 -38.91469
47425 3.17670 NaN NaN NaN 230.60600 -149.44751 35.21178 295.30719 -182.44926 -68.15813 NaN NaN NaN 48.97232 -97.01630 -11.30788 -49.53812 -178.15094 -38.95665
47426 3.18504 NaN NaN NaN 230.61282 -149.45436 35.22064 295.32211 -182.46152 -68.16149 NaN NaN NaN 48.97990 -97.05891 -11.27387 -49.49188 -178.17801 -39.01561
47427 3.19337 NaN NaN NaN 230.63669 -149.46799 35.22333 295.31406 -182.42299 -68.17963 NaN NaN NaN 48.99496 -97.08801 -11.21177 -49.45169 -178.18533 -39.05339
47428 3.20170 NaN NaN NaN 230.63730 -149.46051 35.21003 295.31116 -182.40228 -68.21189 NaN NaN NaN 48.98331 -97.10404 -11.19232 -49.41298 -178.18256 -39.12902
47429 3.21003 NaN NaN NaN 230.66385 -149.46014 35.21806 295.32535 -182.38893 -68.22842 NaN NaN NaN 48.99121 -97.11847 -11.14031 -49.38844 -178.16145 -39.24719
47430 3.21836 NaN NaN NaN 230.67072 -149.48218 35.20599 295.32068 -182.36647 -68.25002 NaN NaN NaN 48.96872 -97.11967 -11.07871 -49.37630 -178.14780 -39.35732
47431 3.22669 NaN NaN NaN 230.69510 -149.48930 35.21240 295.31531 -182.38344 -68.25208 NaN NaN NaN 48.96052 -97.12466 -11.00505 -49.39273 -178.13103 -39.44786
47432 3.23502 NaN NaN NaN 230.72285 -149.49533 35.22332 295.30585 -182.41083 -68.25960 NaN NaN NaN 48.92437 -97.15726 -10.90265 -49.40867 -178.13795 -39.51954
47433 3.24336 NaN NaN NaN 230.77451 -149.51286 35.25150 295.30273 -182.40721 -68.27006 NaN NaN NaN 48.88558 -97.22096 -10.87523 -49.38672 -178.15933 -39.62639
47434 3.25169 NaN NaN NaN 230.78525 -149.54132 35.25272 295.31235 -182.42326 -68.26477 NaN NaN NaN 48.84647 -97.27354 -10.77109 -49.38785 -178.20157 -39.67146
47435 3.26002 NaN NaN NaN 230.80620 -149.55487 35.26517 295.32358 -182.42755 -68.26708 NaN NaN NaN 48.79001 -97.30262 -10.66928 -49.38617 -178.22220 -39.75602
47436 3.26835 NaN NaN NaN 230.83163 -149.59343 35.27304 295.33759 -182.43146 -68.26787 NaN NaN NaN 48.76167 -97.32095 -10.60040 -49.37830 -178.21410 -39.81897
47437 3.27668 NaN NaN NaN 230.84421 -149.60251 35.28005 295.34064 -182.44220 -68.27412 NaN NaN NaN 48.73212 -97.31554 -10.50170 -49.37027 -178.21738 -39.89879
47438 3.28501 NaN NaN NaN 230.87115 -149.61897 35.26317 295.38293 -182.50415 -68.28300 NaN NaN NaN 48.71143 -97.33917 -10.44884 -49.35239 -178.20810 -39.97964
47439 3.29334 NaN NaN NaN 230.92018 -149.65494 35.26445 295.42700 -182.52184 -68.31440 NaN NaN NaN 48.70713 -97.37534 -10.35535 -49.37142 -178.23706 -40.01779
47440 3.30167 NaN NaN NaN 230.96590 -149.68372 35.23246 295.44879 -182.53233 -68.33265 NaN NaN NaN 48.67036 -97.45561 -10.24615 -49.35257 -178.25591 -40.06118
47441 3.31001 NaN NaN NaN 231.02631 -149.69217 35.18060 295.49536 -182.55367 -68.36634 NaN NaN NaN 48.65310 -97.54424 -10.15979 -49.31902 -178.31201 -40.14166
47442 3.31834 NaN NaN NaN 231.02289 -149.67047 35.10076 295.54224 -182.56863 -68.38429 NaN NaN NaN 48.61386 -97.57650 -10.02713 -49.30563 -178.34480 -40.22926
47443 3.32667 NaN NaN NaN 230.97179 -149.59091 35.02314 295.60117 -182.59315 -68.40463 NaN NaN NaN 48.57840 -97.62451 -9.89244 -49.30200 -178.41200 -40.33509
47444 3.33500 NaN NaN NaN 230.93205 -149.52437 34.94135 295.63950 -182.59927 -68.41181 NaN NaN NaN 48.56430 -97.68239 -9.71564 -49.29545 -178.45650 -40.39801
47445 3.34333 NaN NaN NaN 230.88626 -149.41295 34.87404 295.69113 -182.58997 -68.40201 NaN NaN NaN 48.55020 -97.79097 -9.48096 -49.26750 -178.50026 -40.43036
47446 3.35166 NaN NaN NaN 230.79495 -149.27301 34.76939 295.73724 -182.59621 -68.38033 NaN NaN NaN 48.55040 -97.90619 -9.18464 -49.23350 -178.53482 -40.52532
47447 3.35999 NaN NaN NaN 230.72929 -149.14020 34.66241 295.74979 -182.62614 -68.34283 NaN NaN NaN 48.48851 -98.01232 -9.01029 -49.24167 -178.57274 -40.59243
47448 3.36832 NaN NaN NaN 230.66080 -149.02635 34.58530 295.77502 -182.64305 -68.32320 NaN NaN NaN 48.38543 -98.13052 -8.81468 -49.26728 -178.61028 -40.65271
47449 3.37666 NaN NaN NaN 230.59624 -148.96483 34.45165 295.78931 -182.62622 -68.36487 NaN NaN NaN 48.24234 -98.24945 -8.56074 -49.31507 -178.65518 -40.70813
