Frame# Time LH1 LH2 LH3 RH1 RH2 RH3
X54 Y54 Z54 X55 Y55 Z55 X56 Y56 Z56 X57 Y57 Z57 X58 Y58 Z58 X59 Y59 Z59
32331 0.00408 NaN NaN NaN 153.49965 -112.19130 -26.78885 257.26981 -184.62172 -24.81116 NaN NaN NaN 0.22975 -204.44640 20.94614 -30.32911 -201.14984 -105.56709
32332 0.01241 NaN NaN NaN 153.48819 -112.18182 -26.81762 257.26007 -184.61549 -24.80308 NaN NaN NaN 0.17702 -204.49416 20.96177 -30.35030 -201.18791 -105.60700
32333 0.02074 NaN NaN NaN 153.47354 -112.17244 -26.83031 257.24606 -184.59590 -24.80974 NaN NaN NaN 0.10303 -204.49548 20.99025 -30.40103 -201.19016 -105.58906
32334 0.02907 NaN NaN NaN 153.46294 -112.16350 -26.84626 257.24249 -184.59070 -24.80202 NaN NaN NaN 0.03186 -204.54369 21.02663 -30.42237 -201.21449 -105.58871
32335 0.03741 NaN NaN NaN 153.44179 -112.17221 -26.84962 257.22495 -184.58490 -24.80232 NaN NaN NaN -0.04667 -204.58704 21.05063 -30.43773 -201.19347 -105.55945
32336 0.04574 NaN NaN NaN 153.43489 -112.16978 -26.85194 257.22766 -184.58684 -24.81817 NaN NaN NaN -0.09511 -204.59232 21.08509 -30.42944 -201.15872 -105.55267
32337 0.05407 NaN NaN NaN 153.41820 -112.19341 -26.85320 257.22961 -184.58989 -24.82124 NaN NaN NaN -0.09976 -204.58517 21.12409 -30.43371 -201.12120 -105.49481
32338 0.06240 NaN NaN NaN 153.41809 -112.20200 -26.84979 257.22067 -184.58426 -24.83957 NaN NaN NaN -0.09226 -204.58614 21.11454 -30.42633 -201.05806 -105.49065
32339 0.07073 NaN NaN NaN 153.41772 -112.21825 -26.83229 257.23145 -184.58498 -24.84446 NaN NaN NaN -0.07717 -204.56804 21.13955 -30.41349 -201.00069 -105.47845
32340 0.07906 NaN NaN NaN 153.42422 -112.22746 -26.82373 257.22806 -184.58839 -24.86016 NaN NaN NaN -0.05688 -204.55452 21.13539 -30.39026 -200.99159 -105.52060
32341 0.08739 NaN NaN NaN 153.43466 -112.23660 -26.80980 257.23038 -184.58752 -24.87200 NaN NaN NaN -0.04749 -204.53227 21.13304 -30.37570 -200.89763 -105.50021
32342 0.09572 NaN NaN NaN 153.40608 -112.27283 -26.82949 257.24139 -184.61516 -24.91028 NaN NaN NaN -0.00591 -204.50182 21.11018 -30.38157 -200.85023 -105.51113
32343 0.10406 NaN NaN NaN 153.37778 -112.31424 -26.81871 257.25571 -184.61346 -24.90576 NaN NaN NaN 0.06301 -204.46596 21.07640 -30.38643 -200.80852 -105.53570
32344 0.11239 NaN NaN NaN 153.37949 -112.34366 -26.81581 257.28027 -184.61865 -24.89195 NaN NaN NaN 0.09302 -204.42064 20.98114 -30.36970 -200.79778 -105.62084
32345 0.12072 NaN NaN NaN 153.38074 -112.34997 -26.80882 257.28226 -184.60539 -24.86109 NaN NaN NaN 0.07631 -204.39214 20.90648 -30.35466 -200.70523 -105.66776
32346 0.12905 NaN NaN NaN 153.38750 -112.32967 -26.81638 257.27823 -184.59985 -24.84837 NaN NaN NaN 0.07243 -204.36613 20.84184 -30.37514 -200.65945 -105.72818
32347 0.13738 NaN NaN NaN 153.37227 -112.32075 -26.81542 257.24994 -184.57472 -24.81942 NaN NaN NaN 0.05512 -204.34927 20.79996 -30.39850 -200.58846 -105.78142
32348 0.14571 NaN NaN NaN 153.35921 -112.29903 -26.81641 257.23630 -184.54897 -24.76042 NaN NaN NaN 0.00920 -204.30876 20.75780 -30.41698 -200.58537 -105.85406
32349 0.15404 NaN NaN NaN 153.32909 -112.24968 -26.82072 257.22342 -184.51474 -24.69132 NaN NaN NaN -0.03918 -204.31950 20.73409 -30.45214 -200.58913 -105.91158
32350 0.16237 NaN NaN NaN 153.31944 -112.20331 -26.81991 257.21127 -184.49693 -24.63313 NaN NaN NaN -0.09288 -204.33394 20.72238 -30.52140 -200.59038 -105.93639
32351 0.17071 NaN NaN NaN 153.29987 -112.16658 -26.82147 257.19165 -184.45824 -24.60028 NaN NaN NaN -0.16449 -204.35454 20.70528 -30.63255 -200.60976 -106.00845
32352 0.17904 NaN NaN NaN 153.28720 -112.14752 -26.82375 257.15414 -184.43629 -24.55277 NaN NaN NaN -0.23135 -204.32451 20.69217 -30.76345 -200.59702 -105.99348
32353 0.18737 NaN NaN NaN 153.26694 -112.10985 -26.83188 257.13589 -184.42108 -24.51084 NaN NaN NaN -0.30692 -204.30617 20.70372 -30.86460 -200.64276 -105.98045
32354 0.19570 NaN NaN NaN 153.26627 -112.08217 -26.83422 257.11761 -184.39513 -24.47688 NaN NaN NaN -0.33897 -204.28911 20.71400 -30.97822 -200.65929 -105.96156
32355 0.20403 NaN NaN NaN 153.23817 -112.05885 -26.82240 257.11203 -184.37387 -24.44745 NaN NaN NaN -0.40211 -204.24669 20.73853 -31.10097 -200.74281 -105.92913
32356 0.21236 NaN NaN NaN 153.24403 -111.99356 -26.81892 257.10779 -184.33043 -24.45579 NaN NaN NaN -0.43017 -204.20964 20.76723 -31.23963 -200.80443 -105.81416
32357 0.22069 NaN NaN NaN 153.23308 -111.97185 -26.83103 257.11520 -184.27744 -24.46868 NaN NaN NaN -0.43790 -204.13002 20.80671 -31.33413 -200.83398 -105.70330
32358 0.22903 NaN NaN NaN 153.27133 -111.98226 -26.81736 257.13324 -184.23349 -24.49228 NaN NaN NaN -0.43254 -204.03354 20.85608 -31.49170 -200.92947 -105.58975
32359 0.23736 NaN NaN NaN 153.27177 -112.01821 -26.78950 257.15219 -184.23027 -24.51081 NaN NaN NaN -0.43916 -203.96236 20.96988 -31.58904 -200.97337 -105.48000
32360 0.24569 NaN NaN NaN 153.26672 -112.00354 -26.74493 257.17111 -184.21832 -24.52539 NaN NaN NaN -0.46226 -203.90160 21.05965 -31.68012 -200.99486 -105.40632
32361 0.25402 NaN NaN NaN 153.25499 -111.99356 -26.73274 257.16193 -184.19698 -24.51748 NaN NaN NaN -0.51649 -203.81297 21.14577 -31.80234 -201.05177 -105.30302
32362 0.26235 NaN NaN NaN 153.25223 -111.96586 -26.73196 257.14816 -184.15674 -24.50938 NaN NaN NaN -0.54755 -203.69914 21.29309 -31.90207 -201.05742 -105.16705
32363 0.27068 NaN NaN NaN 153.25116 -111.94004 -26.72694 257.14258 -184.09816 -24.49855 NaN NaN NaN -0.49623 -203.56715 21.44138 -31.98602 -201.06705 -105.00112
32364 0.27901 NaN NaN NaN 153.25430 -111.88970 -26.68572 257.13568 -184.06516 -24.49795 NaN NaN NaN -0.37380 -203.37895 21.55222 -32.13042 -201.11816 -104.82351
32365 0.28734 NaN NaN NaN 153.24570 -111.85550 -26.66419 257.12256 -184.01392 -24.48546 NaN NaN NaN -0.20059 -203.19319 21.66303 -32.26475 -201.19562 -104.59147
32366 0.29568 NaN NaN NaN 153.25073 -111.85406 -26.65971 257.13342 -184.00781 -24.50200 NaN NaN NaN 0.07003 -202.92007 21.83790 -32.41487 -201.34363 -104.32265
32367 0.30401 NaN NaN NaN 153.25539 -111.86849 -26.63161 257.13928 -183.98654 -24.51191 NaN NaN NaN 0.34720 -202.67490 21.98684 -32.55226 -201.44478 -104.06597
32368 0.31234 NaN NaN NaN 153.26663 -111.84990 -26.59951 257.14822 -183.98701 -24.52020 NaN NaN NaN 0.65629 -202.40689 22.17152 -32.68923 -201.50856 -103.85616
32369 0.32067 NaN NaN NaN 153.25081 -111.85742 -26.59932 257.13727 -183.96844 -24.49736 NaN NaN NaN 0.91330 -202.10703 22.30464 -32.78729 -201.51367 -103.62656
32370 0.32900 NaN NaN NaN 153.25507 -111.81432 -26.60819 257.13824 -183.97511 -24.49231 NaN NaN NaN 1.16025 -201.85272 22.36812 -32.82450 -201.53584 -103.39979
32371 0.33733 NaN NaN NaN 153.23221 -111.82349 -26.61556 257.13181 -183.95792 -24.48377 NaN NaN NaN 1.44308 -201.67165 22.41241 -32.82534 -201.56418 -103.26411
32372 0.34566 NaN NaN NaN 153.24223 -111.79822 -26.66117 257.13586 -183.96812 -24.47970 NaN NaN NaN 1.74734 -201.52563 22.42288 -32.75412 -201.55620 -103.17732
32373 0.35399 NaN NaN NaN 153.22418 -111.80368 -26.74246 257.11148 -183.96400 -24.45937 NaN NaN NaN 2.02248 -201.36313 22.45312 -32.64982 -201.35596 -103.02693
32374 0.36233 NaN NaN NaN 153.19998 -111.77439 -26.79081 257.10269 -183.94858 -24.44778 NaN NaN NaN 2.29253 -201.26506 22.37598 -32.60378 -201.34644 -103.10056
32375 0.37066 NaN NaN NaN 153.15434 -111.78033 -26.83623 257.04813 -183.94778 -24.42535 NaN NaN NaN 2.57464 -201.11314 22.29982 -32.55103 -201.30751 -103.18105
32376 0.37899 NaN NaN NaN 153.12471 -111.78638 -26.87678 257.02289 -183.93362 -24.40314 NaN NaN NaN 2.88774 -201.00031 22.17956 -32.45548 -201.28857 -103.23705
32377 0.38732 NaN NaN NaN 153.10561 -111.78396 -26.90041 257.00864 -183.96040 -24.42221 NaN NaN NaN 3.21588 -200.88696 22.07902 -32.36566 -201.27869 -103.25738
32378 0.39565 NaN NaN NaN 153.11189 -111.76553 -26.88039 257.00073 -183.99913 -24.42561 NaN NaN NaN 3.53296 -200.75259 21.99237 -32.30730 -201.26099 -103.23675
32379 0.40398 NaN NaN NaN 153.11081 -111.77134 -26.86980 257.00256 -184.04082 -24.43194 NaN NaN NaN 3.88065 -200.58305 21.95316 -32.27057 -201.25557 -103.21685
32380 0.41231 NaN NaN NaN 153.10229 -111.81274 -26.87484 257.01740 -184.08096 -24.46205 NaN NaN NaN 4.22766 -200.44496 21.89439 -32.22224 -201.25441 -103.18851
32381 0.42065 NaN NaN NaN 153.09883 -111.85495 -26.84293 257.02798 -184.11804 -24.49999 NaN NaN NaN 4.57034 -200.28978 21.83678 -32.18478 -201.28812 -103.20395
32382 0.42898 NaN NaN NaN 153.11322 -111.93530 -26.80611 257.05301 -184.15495 -24.53697 NaN NaN NaN 4.88618 -200.16013 21.77103 -32.09472 -201.27800 -103.19243
32383 0.43731 NaN NaN NaN 153.14319 -111.98923 -26.77765 257.06729 -184.21854 -24.52343 NaN NaN NaN 5.10384 -200.04021 21.69923 -32.02652 -201.29886 -103.24519
32384 0.44564 NaN NaN NaN 153.14717 -112.07455 -26.71349 257.08319 -184.27010 -24.52897 NaN NaN NaN 5.29891 -199.93774 21.62532 -31.91781 -201.26591 -103.29449
32385 0.45397 NaN NaN NaN 153.16321 -112.10742 -26.70807 257.11676 -184.33978 -24.53391 NaN NaN NaN 5.43676 -199.88583 21.55777 -31.79206 -201.26830 -103.34539
32386 0.46230 NaN NaN NaN 153.16295 -112.14390 -26.68771 257.12659 -184.39786 -24.54793 NaN NaN NaN 5.52209 -199.87444 21.51160 -31.68492 -201.19054 -103.36959
32387 0.47063 NaN NaN NaN 153.17485 -112.17724 -26.66726 257.15268 -184.40964 -24.53682 NaN NaN NaN 5.61281 -199.89677 21.47242 -31.56967 -201.11249 -103.45577
32388 0.47896 NaN NaN NaN 153.18350 -112.21950 -26.64259 257.15359 -184.44688 -24.54657 NaN NaN NaN 5.67870 -199.92697 21.41900 -31.49066 -201.01822 -103.49858
32389 0.48730 NaN NaN NaN 153.17699 -112.28626 -26.60667 257.16309 -184.45390 -24.54503 NaN NaN NaN 5.72468 -199.93051 21.38729 -31.46072 -200.96759 -103.50503
32390 0.49563 NaN NaN NaN 153.19548 -112.32668 -26.58636 257.17535 -184.49638 -24.54259 NaN NaN NaN 5.76119 -199.94760 21.37161 -31.42698 -200.95598 -103.51358
32391 0.50396 NaN NaN NaN 153.21558 -112.32806 -26.58342 257.19006 -184.51483 -24.57134 NaN NaN NaN 5.77792 -199.97021 21.36375 -31.44425 -200.96542 -103.51701
32392 0.51229 NaN NaN NaN 153.23309 -112.35260 -26.56546 257.20404 -184.53996 -24.58738 NaN NaN NaN 5.80188 -199.97078 21.36319 -31.42212 -200.97287 -103.52248
32393 0.52062 NaN NaN NaN 153.26477 -112.35152 -26.57940 257.23483 -184.55989 -24.57790 NaN NaN NaN 5.80395 -199.99437 21.33416 -31.43991 -200.98198 -103.53731
32394 0.52895 NaN NaN NaN 153.26376 -112.39996 -26.54901 257.24844 -184.57942 -24.57585 NaN NaN NaN 5.81165 -200.05490 21.28958 -31.37794 -200.92834 -103.55418
32395 0.53728 NaN NaN NaN 153.26273 -112.39892 -26.52574 257.27899 -184.60573 -24.57771 NaN NaN NaN 5.79602 -200.12622 21.22635 -31.34243 -200.88831 -103.60062
32396 0.54561 NaN NaN NaN 153.28819 -112.41164 -26.55621 257.30072 -184.60696 -24.57863 NaN NaN NaN 5.82196 -200.17369 21.20987 -31.29930 -200.82968 -103.62591
32397 0.55395 NaN NaN NaN 153.29741 -112.42596 -26.52431 257.31332 -184.65182 -24.59038 NaN NaN NaN 5.89395 -200.19896 21.17281 -31.27511 -200.79277 -103.63006
32398 0.56228 NaN NaN NaN 153.34962 -112.47463 -26.49472 257.33386 -184.67122 -24.61497 NaN NaN NaN 6.00501 -200.19760 21.10848 -31.22519 -200.78546 -103.69463
32399 0.57061 NaN NaN NaN 153.37773 -112.50655 -26.47637 257.38113 -184.69695 -24.64267 NaN NaN NaN 6.07106 -200.18242 21.03115 -31.17410 -200.79646 -103.74773
32400 0.57894 NaN NaN NaN 153.44325 -112.50990 -26.46918 257.41293 -184.71422 -24.66121 NaN NaN NaN 6.16855 -200.20525 20.98189 -31.08224 -200.79179 -103.79922
32401 0.58727 NaN NaN NaN 153.46832 -112.51622 -26.45946 257.47308 -184.73991 -24.67953 NaN NaN NaN 6.28261 -200.19028 20.93488 -31.01246 -200.78001 -103.83705
32402 0.59560 NaN NaN NaN 153.46956 -112.55053 -26.46709 257.48080 -184.75691 -24.67632 NaN NaN NaN 6.40999 -200.13458 20.89572 -30.91158 -200.70416 -103.89777
32403 0.60393 NaN NaN NaN 153.48436 -112.54755 -26.44845 257.50766 -184.76530 -24.71184 NaN NaN NaN 6.54323 -200.07069 20.85871 -30.81857 -200.62767 -103.92075
32404 0.61227 NaN NaN NaN 153.47351 -112.61332 -26.41764 257.52747 -184.77458 -24.72441 NaN NaN NaN 6.68043 -200.02170 20.84122 -30.73613 -200.56519 -103.94547
32405 0.62060 NaN NaN NaN 153.47551 -112.65722 -26.38217 257.53391 -184.75887 -24.73001 NaN NaN NaN 6.79172 -200.00473 20.82196 -30.66584 -200.53816 -103.95042
32406 0.62893 NaN NaN NaN 153.54227 -112.58652 -26.34396 257.58163 -184.76938 -24.73848 NaN NaN NaN 6.89469 -199.97935 20.81005 -30.59604 -200.54788 -103.92966
32407 0.63726 NaN NaN NaN 153.58606 -112.55486 -26.34845 257.60324 -184.74178 -24.76468 NaN NaN NaN 6.97026 -199.93541 20.79850 -30.52582 -200.52269 -103.97909
32408 0.64559 NaN NaN NaN 153.64174 -112.46056 -26.24534 257.63303 -184.75977 -24.77213 NaN NaN NaN 7.03007 -199.89534 20.79835 -30.47227 -200.45226 -103.95492
32409 0.65392 NaN NaN NaN 153.65376 -112.49851 -26.26227 257.65961 -184.73354 -24.78732 NaN NaN NaN 7.09405 -199.86284 20.79589 -30.43779 -200.42221 -103.96388
32410 0.66225 NaN NaN NaN 153.65825 -112.49683 -26.18127 257.66623 -184.75610 -24.79665 NaN NaN NaN 7.17128 -199.83437 20.82611 -30.37329 -200.36841 -103.92221
32411 0.67058 NaN NaN NaN 153.64676 -112.60965 -26.20692 257.67065 -184.75642 -24.81289 NaN NaN NaN 7.22890 -199.79625 20.84825 -30.34511 -200.34631 -103.91476
32412 0.67892 NaN NaN NaN 153.65085 -112.60159 -26.12351 257.68808 -184.77628 -24.82463 NaN NaN NaN 7.29148 -199.74199 20.85477 -30.31635 -200.30765 -103.87250
32413 0.68725 NaN NaN NaN 153.64197 -112.65453 -26.14259 257.68951 -184.79433 -24.83277 NaN NaN NaN 7.39986 -199.70908 20.86049 -30.30078 -200.29195 -103.82453
32414 0.69558 NaN NaN NaN 153.64037 -112.59988 -26.09629 257.67520 -184.80858 -24.82399 NaN NaN NaN 7.49288 -199.64587 20.85561 -30.23752 -200.24779 -103.82976
32415 0.70391 NaN NaN NaN 153.62123 -112.61769 -26.12774 257.65347 -184.79871 -24.81815 NaN NaN NaN 7.57410 -199.57019 20.83716 -30.18888 -200.20322 -103.81801
32416 0.71224 NaN NaN NaN 153.61707 -112.56325 -26.07244 257.63620 -184.80087 -24.80553 NaN NaN NaN 7.66082 -199.49452 20.81087 -30.09005 -200.12373 -103.87834
32417 0.72057 NaN NaN NaN 153.58492 -112.60170 -26.12833 257.62241 -184.79608 -24.79578 NaN NaN NaN 7.73664 -199.42131 20.79779 -30.03930 -200.07195 -103.85954
32418 0.72890 NaN NaN NaN 153.56862 -112.57621 -26.14504 257.60632 -184.80446 -24.77103 NaN NaN NaN 7.81845 -199.37404 20.79569 -29.98973 -200.05685 -103.88242
32419 0.73723 NaN NaN NaN 153.56564 -112.50875 -26.05861 257.58978 -184.81046 -24.75737 NaN NaN NaN 7.92930 -199.29541 20.80119 -29.94529 -200.04536 -103.83347
32420 0.74557 NaN NaN NaN 153.54417 -112.49002 -25.99613 257.58099 -184.81639 -24.75922 NaN NaN NaN 8.03122 -199.23061 20.81354 -29.89715 -200.05272 -103.85223
32421 0.75390 NaN NaN NaN 153.55316 -112.49506 -25.95829 257.56882 -184.80461 -24.74536 NaN NaN NaN 8.11304 -199.19818 20.81943 -29.86642 -200.00082 -103.84103
32422 0.76223 NaN NaN NaN 153.54449 -112.49287 -25.94829 257.58078 -184.83041 -24.74804 NaN NaN NaN 8.15963 -199.17435 20.80828 -29.80371 -199.94617 -103.85120
32423 0.77056 NaN NaN NaN 153.60732 -112.44238 -25.95333 257.57465 -184.81244 -24.74962 NaN NaN NaN 8.20967 -199.15875 20.81568 -29.73269 -199.89513 -103.85687
32424 0.77889 NaN NaN NaN 153.61627 -112.44552 -25.91898 257.57776 -184.82410 -24.74138 NaN NaN NaN 8.25849 -199.14828 20.81493 -29.68344 -199.93242 -103.87798
32425 0.78722 NaN NaN NaN 153.62112 -112.42026 -25.91829 257.57724 -184.81493 -24.73540 NaN NaN NaN 8.27856 -199.13060 20.79381 -29.65322 -199.92436 -103.92336
32426 0.79555 NaN NaN NaN 153.61523 -112.42107 -25.90603 257.57135 -184.84061 -24.73019 NaN NaN NaN 8.30507 -199.12253 20.77687 -29.62329 -199.91577 -103.93454
32427 0.80388 NaN NaN NaN 153.60376 -112.39836 -25.86234 257.58099 -184.82391 -24.72913 NaN NaN NaN 8.33801 -199.11212 20.74549 -29.61814 -199.86780 -103.90603
32428 0.81222 NaN NaN NaN 153.62370 -112.50838 -25.87196 257.61011 -184.83809 -24.73642 NaN NaN NaN 8.38228 -199.07930 20.71404 -29.57514 -199.85884 -103.92934
32429 0.82055 NaN NaN NaN 153.63730 -112.50238 -25.80797 257.61276 -184.83643 -24.73887 NaN NaN NaN 8.45793 -199.04669 20.69081 -29.53670 -199.83473 -103.93972
32430 0.82888 NaN NaN NaN 153.65271 -112.49952 -25.76900 257.60876 -184.87296 -24.73994 NaN NaN NaN 8.53184 -199.00961 20.65969 -29.48050 -199.81155 -103.97422
32431 0.83721 NaN NaN NaN 153.63594 -112.51082 -25.75074 257.59396 -184.87997 -24.74882 NaN NaN NaN 8.60041 -198.98459 20.62608 -29.43492 -199.76169 -103.99087
32432 0.84554 NaN NaN NaN 153.57515 -112.66936 -25.76749 257.59787 -184.92448 -24.74566 NaN NaN NaN 8.66912 -198.95731 20.57143 -29.36902 -199.67870 -104.04752
32433 0.85387 NaN NaN NaN 153.55649 -112.76659 -25.76929 257.60300 -184.94363 -24.75962 NaN NaN NaN 8.72030 -198.95082 20.52563 -29.31788 -199.63020 -104.08881
32434 0.86220 NaN NaN NaN 153.56004 -112.83609 -25.73666 257.61856 -184.97073 -24.77169 NaN NaN NaN 8.80818 -198.92163 20.47717 -29.25513 -199.59119 -104.16001
32435 0.87054 NaN NaN NaN 153.60271 -112.83281 -25.70671 257.62085 -184.99638 -24.78763 NaN NaN NaN 8.90293 -198.89326 20.42438 -29.20782 -199.55438 -104.15987
32436 0.87887 NaN NaN NaN 153.61374 -112.83544 -25.68752 257.63394 -184.98715 -24.78544 NaN NaN NaN 8.99406 -198.86101 20.36916 -29.15300 -199.54759 -104.24807
32437 0.88720 NaN NaN NaN 153.63219 -112.81676 -25.69623 257.64127 -184.99954 -24.79625 NaN NaN NaN 9.08716 -198.84138 20.33232 -29.10311 -199.50043 -104.26459
32438 0.89553 NaN NaN NaN 153.62596 -112.85159 -25.70153 257.65900 -185.00574 -24.81431 NaN NaN NaN 9.16075 -198.81877 20.30267 -29.04445 -199.50038 -104.31710
32439 0.90386 NaN NaN NaN 153.61151 -112.88408 -25.67383 257.66559 -185.04073 -24.82333 NaN NaN NaN 9.20849 -198.81892 20.28408 -29.00224 -199.49280 -104.31217
32440 0.91219 NaN NaN NaN 153.64130 -112.92366 -25.62660 257.69589 -185.06746 -24.82414 NaN NaN NaN 9.23843 -198.83389 20.25554 -28.97078 -199.51584 -104.33423
32441 0.92052 NaN NaN NaN 153.69127 -112.95954 -25.59048 257.70361 -185.07573 -24.82624 NaN NaN NaN 9.28475 -198.81380 20.26514 -28.96837 -199.53558 -104.30338
32442 0.92885 NaN NaN NaN 153.72742 -112.98599 -25.57922 257.70981 -185.10667 -24.83270 NaN NaN NaN 9.34365 -198.79922 20.27891 -28.96220 -199.56491 -104.30997
32443 0.93719 NaN NaN NaN 153.70450 -113.00532 -25.56552 257.72897 -185.13286 -24.84048 NaN NaN NaN 9.38307 -198.77521 20.27546 -28.97666 -199.58908 -104.29787
32444 0.94552 NaN NaN NaN 153.70790 -113.01488 -25.55808 257.75531 -185.16115 -24.86605 NaN NaN NaN 9.44923 -198.74876 20.27602 -28.99421 -199.63896 -104.27844
32445 0.95385 NaN NaN NaN 153.72845 -113.01501 -25.55337 257.78342 -185.17345 -24.86204 NaN NaN NaN 9.52504 -198.73647 20.28722 -29.07031 -199.69919 -104.18008
32446 0.96218 NaN NaN NaN 153.73584 -112.99691 -25.55147 257.77478 -185.16609 -24.89649 NaN NaN NaN 9.57297 -198.70833 20.29955 -29.13768 -199.79320 -104.09362
32447 0.97051 NaN NaN NaN 153.76971 -113.00139 -25.54181 257.79541 -185.17438 -24.87995 NaN NaN NaN 9.61373 -198.69855 20.32318 -29.22728 -199.87465 -104.01893
32448 0.97884 NaN NaN NaN 153.76683 -113.01776 -25.51507 257.80267 -185.19537 -24.89485 NaN NaN NaN 9.63017 -198.68567 20.36355 -29.27658 -199.94870 -103.97497
32449 0.98717 NaN NaN NaN 153.78842 -113.04219 -25.49390 257.80902 -185.21724 -24.88574 NaN NaN NaN 9.62189 -198.71350 20.40737 -29.37674 -200.02777 -103.90804
32450 0.99550 NaN NaN NaN 153.80473 -113.04612 -25.48714 257.82327 -185.23195 -24.87259 NaN NaN NaN 9.60657 -198.75754 20.44143 -29.46047 -200.07571 -103.88036
32451 1.00384 NaN NaN NaN 153.82747 -113.07423 -25.49374 257.82080 -185.23936 -24.88646 NaN NaN NaN 9.62166 -198.78615 20.46384 -29.55750 -200.10178 -103.80821
32452 1.01217 NaN NaN NaN 153.85040 -113.08984 -25.49179 257.82764 -185.23068 -24.90269 NaN NaN NaN 9.63787 -198.79987 20.50857 -29.62360 -200.16388 -103.76357
32453 1.02050 NaN NaN NaN 153.85161 -113.06969 -25.49844 257.83377 -185.22835 -24.89084 NaN NaN NaN 9.66721 -198.80424 20.51036 -29.69628 -200.22095 -103.70203
32454 1.02883 NaN NaN NaN 153.84758 -113.05756 -25.49179 257.83505 -185.23100 -24.90566 NaN NaN NaN 9.68439 -198.82384 20.53602 -29.75463 -200.28325 -103.67780
32455 1.03716 NaN NaN NaN 153.85025 -113.06754 -25.50172 257.83270 -185.24080 -24.90833 NaN NaN NaN 9.74954 -198.80426 20.54959 -29.84595 -200.30632 -103.61948
32456 1.04549 NaN NaN NaN 153.86040 -113.07906 -25.48442 257.83734 -185.24361 -24.93742 NaN NaN NaN 9.84600 -198.75879 20.54198 -29.91866 -200.35973 -103.58195
32457 1.05382 NaN NaN NaN 153.85414 -113.08773 -25.49199 257.85666 -185.26151 -24.92611 NaN NaN NaN 9.94902 -198.69591 20.54581 -29.97886 -200.35114 -103.48701
32458 1.06216 NaN NaN NaN 153.86105 -113.07837 -25.47416 257.84885 -185.26651 -24.91820 NaN NaN NaN 10.05453 -198.64473 20.53245 -30.04758 -200.44629 -103.44823
32459 1.07049 NaN NaN NaN 153.85849 -113.06470 -25.48316 257.85068 -185.28735 -24.90095 NaN NaN NaN 10.21091 -198.60274 20.52975 -30.19979 -200.67073 -103.30279
32460 1.07882 NaN NaN NaN 153.88205 -113.05728 -25.47127 257.84650 -185.26927 -24.93114 NaN NaN NaN 10.36953 -198.53178 20.54866 -30.31622 -200.86330 -103.21127
32461 1.08715 NaN NaN NaN 153.90172 -113.05479 -25.48546 257.85327 -185.27182 -24.91663 NaN NaN NaN 10.43201 -198.49800 20.56649 -30.45076 -201.03288 -103.07695
32462 1.09548 NaN NaN NaN 153.90042 -113.06679 -25.45467 257.86209 -185.27765 -24.92783 NaN NaN NaN 10.40173 -198.53529 20.58544 -30.49477 -201.12408 -103.05946
32463 1.10381 NaN NaN NaN 153.90839 -113.05920 -25.46099 257.87323 -185.29115 -24.90399 NaN NaN NaN 10.31486 -198.60916 20.59061 -30.52656 -201.11388 -103.05578
32464 1.11214 NaN NaN NaN 153.90517 -113.05788 -25.45055 257.88095 -185.29659 -24.91824 NaN NaN NaN 10.25970 -198.68114 20.58270 -30.47788 -201.09682 -103.10464
32465 1.12047 NaN NaN NaN 153.90804 -113.07935 -25.45238 257.89441 -185.30028 -24.89869 NaN NaN NaN 10.22145 -198.74048 20.58815 -30.51599 -201.07397 -103.11349
32466 1.12881 NaN NaN NaN 153.92950 -113.10245 -25.42666 257.92627 -185.32152 -24.93059 NaN NaN NaN 10.21149 -198.77406 20.59635 -30.53987 -201.09404 -103.15006
32467 1.13714 NaN NaN NaN 153.94476 -113.12522 -25.42206 257.93219 -185.34203 -24.91712 NaN NaN NaN 10.19014 -198.81717 20.59719 -30.58539 -201.13173 -103.13689
32468 1.14547 NaN NaN NaN 153.96083 -113.15309 -25.39684 257.94833 -185.35231 -24.94417 NaN NaN NaN 10.18505 -198.81224 20.59027 -30.60109 -201.18549 -103.16186
32469 1.15380 NaN NaN NaN 153.98509 -113.17921 -25.35883 257.95792 -185.35783 -24.96519 NaN NaN NaN 10.20229 -198.82802 20.58316 -30.62092 -201.20703 -103.14156
32470 1.16213 NaN NaN NaN 154.00229 -113.20107 -25.30708 257.98666 -185.36931 -24.98360 NaN NaN NaN 10.21193 -198.83124 20.57561 -30.62299 -201.20432 -103.15765
32471 1.17046 NaN NaN NaN 153.97649 -113.37711 -25.21350 258.01062 -185.39949 -24.98874 NaN NaN NaN 10.21525 -198.84386 20.56763 -30.65136 -201.19521 -103.13642
32472 1.17879 NaN NaN NaN 154.01318 -113.34320 -25.22686 258.04562 -185.42693 -25.01668 NaN NaN NaN 10.22510 -198.84752 20.57492 -30.65589 -201.21185 -103.14468
32473 1.18712 NaN NaN NaN 153.99336 -113.46180 -25.14700 258.03543 -185.42404 -25.01127 NaN NaN NaN 10.23832 -198.84212 20.54685 -30.69595 -201.23317 -103.12018
32474 1.19546 NaN NaN NaN 154.03133 -113.35050 -25.21087 258.04681 -185.41348 -25.01815 NaN NaN NaN 10.27017 -198.84537 20.53528 -30.69020 -201.24188 -103.13480
32475 1.20379 NaN NaN NaN 154.01230 -113.43115 -25.15909 258.05142 -185.41586 -25.00381 NaN NaN NaN 10.21185 -198.86215 20.50619 -30.70723 -201.24477 -103.12855
32476 1.21212 NaN NaN NaN 154.04269 -113.32121 -25.19548 258.05130 -185.42445 -25.01880 NaN NaN NaN 10.10716 -198.91997 20.48745 -30.73525 -201.22850 -103.15985
32477 1.22045 NaN NaN NaN 154.01573 -113.41907 -25.16966 258.03110 -185.42413 -24.95492 NaN NaN NaN 10.02230 -198.98618 20.49564 -30.80112 -201.25891 -103.14815
32478 1.22878 NaN NaN NaN 154.02892 -113.31384 -25.23799 258.02237 -185.41322 -24.97179 NaN NaN NaN 10.00943 -199.00978 20.51143 -30.89513 -201.31497 -103.12558
32479 1.23711 NaN NaN NaN 153.99846 -113.39288 -25.20229 258.01807 -185.41510 -24.96307 NaN NaN NaN 10.03604 -199.01306 20.52470 -30.97705 -201.37990 -103.07807
32480 1.24544 NaN NaN NaN 154.02690 -113.28537 -25.24020 258.03220 -185.40845 -24.96255 NaN NaN NaN 10.02571 -199.02226 20.50614 -31.00107 -201.43819 -103.07693
32481 1.25378 NaN NaN NaN 154.00375 -113.36356 -25.21231 258.02798 -185.41512 -24.95731 NaN NaN NaN 10.00608 -199.04472 20.49673 -31.02404 -201.45226 -103.13434
32482 1.26211 NaN NaN NaN 154.02023 -113.26822 -25.26403 258.00720 -185.40446 -24.95159 NaN NaN NaN 9.97219 -199.06073 20.47859 -31.03436 -201.43547 -103.13403
32483 1.27044 NaN NaN NaN 153.99272 -113.34112 -25.22917 257.99310 -185.40240 -24.95547 NaN NaN NaN 9.95538 -199.09933 20.48347 -31.05268 -201.40288 -103.13914
32484 1.27877 NaN NaN NaN 154.01009 -113.25579 -25.26813 258.00433 -185.41650 -24.94539 NaN NaN NaN 9.93309 -199.11617 20.47886 -31.09865 -201.40202 -103.13818
32485 1.28710 NaN NaN NaN 154.03223 -113.21309 -25.27955 258.00058 -185.42473 -24.93114 NaN NaN NaN 9.91902 -199.13628 20.48470 -31.12008 -201.41977 -103.13577
32486 1.29543 NaN NaN NaN 154.04054 -113.18201 -25.27162 257.99670 -185.41583 -24.95340 NaN NaN NaN 9.91707 -199.12097 20.48291 -31.14212 -201.45041 -103.14468
32487 1.30376 NaN NaN NaN 154.00688 -113.31623 -25.20250 257.99939 -185.41997 -24.96278 NaN NaN NaN 9.90173 -199.14120 20.49169 -31.18987 -201.47803 -103.12418
32488 1.31209 NaN NaN NaN 154.03801 -113.29634 -25.19622 258.02176 -185.43884 -24.96531 NaN NaN NaN 9.86590 -199.15614 20.47501 -31.18020 -201.49797 -103.11625
32489 1.32043 NaN NaN NaN 154.05222 -113.26343 -25.17555 258.02609 -185.44380 -24.95906 NaN NaN NaN 9.82231 -199.16223 20.47167 -31.22020 -201.48648 -103.09292
32490 1.32876 NaN NaN NaN 154.08690 -113.18542 -25.10523 258.03375 -185.47499 -24.99027 NaN NaN NaN 9.78762 -199.16002 20.47644 -31.27068 -201.50212 -103.12140
32491 1.33709 NaN NaN NaN 154.11884 -113.14761 -25.07083 258.05060 -185.48778 -24.93585 NaN NaN NaN 9.73783 -199.15088 20.44181 -31.33441 -201.51007 -103.13465
32492 1.34542 NaN NaN NaN 154.12874 -113.13509 -25.05266 258.08170 -185.51617 -24.98254 NaN NaN NaN 9.69343 -199.13235 20.41942 -31.38773 -201.53360 -103.16750
32493 1.35375 NaN NaN NaN 154.13037 -113.13641 -25.06232 258.08057 -185.51492 -24.96174 NaN NaN NaN 9.64931 -199.15044 20.38819 -31.44428 -201.52055 -103.14408
32494 1.36208 NaN NaN NaN 154.13919 -113.14307 -25.06679 258.10724 -185.52698 -24.98822 NaN NaN NaN 9.58700 -199.14731 20.35849 -31.47613 -201.53229 -103.20526
32495 1.37041 NaN NaN NaN 154.14195 -113.14924 -25.05789 258.10248 -185.50464 -24.97832 NaN NaN NaN 9.54121 -199.17287 20.34892 -31.52604 -201.53198 -103.21429
32496 1.37874 NaN NaN NaN 154.15581 -113.15203 -25.05756 258.10526 -185.50774 -25.00558 NaN NaN NaN 9.47154 -199.18623 20.32093 -31.54851 -201.52582 -103.24287
32497 1.38708 NaN NaN NaN 154.16177 -113.14176 -25.05425 258.10516 -185.48622 -24.99533 NaN NaN NaN 9.41017 -199.20070 20.29794 -31.60093 -201.53171 -103.24704
32498 1.39541 NaN NaN NaN 154.17480 -113.11629 -25.05669 258.11594 -185.49458 -24.98556 NaN NaN NaN 9.37073 -199.26181 20.27666 -31.65409 -201.54991 -103.29338
32499 1.40374 NaN NaN NaN 154.16861 -113.11736 -25.06203 258.12027 -185.48178 -24.96067 NaN NaN NaN 9.31255 -199.30524 20.25560 -31.67150 -201.53014 -103.31569
32500 1.41207 NaN NaN NaN 154.16406 -113.12395 -25.06525 258.12524 -185.48595 -24.96305 NaN NaN NaN 9.25033 -199.35886 20.24451 -31.68557 -201.51041 -103.34604
32501 1.42040 NaN NaN NaN 154.17053 -113.11927 -25.05850 258.13550 -185.47296 -24.92515 NaN NaN NaN 9.16927 -199.42281 20.21400 -31.72570 -201.50931 -103.36119
32502 1.42873 NaN NaN NaN 154.18398 -113.12222 -25.05149 258.12234 -185.47202 -24.94926 NaN NaN NaN 9.10733 -199.48302 20.19146 -31.72188 -201.50198 -103.38197
32503 1.43706 NaN NaN NaN 154.18803 -113.11762 -25.02483 258.12381 -185.46759 -24.92404 NaN NaN NaN 9.01598 -199.53459 20.15742 -31.74657 -201.50258 -103.41563
32504 1.44539 NaN NaN NaN 154.19011 -113.11388 -25.03771 258.12897 -185.46234 -24.93347 NaN NaN NaN 8.91451 -199.61919 20.14901 -31.75774 -201.52103 -103.48126
32505 1.45373 NaN NaN NaN 154.19005 -113.11575 -25.02612 258.13330 -185.45160 -24.91553 NaN NaN NaN 8.83145 -199.67825 20.14657 -31.76786 -201.54112 -103.55350
32506 1.46206 NaN NaN NaN 154.20714 -113.11069 -25.02989 258.13989 -185.46645 -24.93512 NaN NaN NaN 8.73060 -199.74405 20.14491 -31.79058 -201.52338 -103.56841
32507 1.47039 NaN NaN NaN 154.19478 -113.10927 -25.00773 258.13837 -185.45529 -24.91123 NaN NaN NaN 8.66088 -199.76921 20.12477 -31.79944 -201.47734 -103.57848
32508 1.47872 NaN NaN NaN 154.17957 -113.11141 -25.02931 258.13177 -185.46848 -24.94335 NaN NaN NaN 8.57695 -199.81099 20.11464 -31.80639 -201.46490 -103.60866
32509 1.48705 NaN NaN NaN 154.17566 -113.10272 -25.02735 258.12595 -185.46251 -24.90967 NaN NaN NaN 8.45219 -199.86287 20.10680 -31.82800 -201.50755 -103.69011
32510 1.49538 NaN NaN NaN 154.17279 -113.12553 -25.03799 258.13748 -185.46468 -24.93362 NaN NaN NaN 8.39356 -199.87944 20.12066 -31.86741 -201.51071 -103.66372
32511 1.50371 NaN NaN NaN 154.15932 -113.14732 -25.03127 258.14151 -185.46260 -24.92075 NaN NaN NaN 8.41824 -199.84596 20.11898 -31.91599 -201.53560 -103.63715
32512 1.51205 NaN NaN NaN 154.16125 -113.13684 -25.03699 258.12558 -185.46805 -24.93089 NaN NaN NaN 8.52006 -199.77258 20.12007 -31.96303 -201.57047 -103.59874
32513 1.52038 NaN NaN NaN 154.15689 -113.13200 -25.04564 258.11349 -185.46301 -24.91360 NaN NaN NaN 8.59132 -199.68613 20.11595 -31.97974 -201.64609 -103.57133
32514 1.52871 NaN NaN NaN 154.15494 -113.13465 -25.08827 258.11380 -185.46747 -24.93507 NaN NaN NaN 8.59679 -199.66116 20.11868 -31.90931 -201.60977 -103.57922
32515 1.53704 NaN NaN NaN 154.15256 -113.14195 -25.08054 258.11789 -185.47591 -24.90828 NaN NaN NaN 8.53923 -199.67596 20.11022 -31.87566 -201.59343 -103.60941
32516 1.54537 NaN NaN NaN 154.14926 -113.19946 -25.16474 258.12024 -185.45638 -24.93189 NaN NaN NaN 8.49805 -199.71381 20.09879 -31.87370 -201.56302 -103.65658
32517 1.55370 NaN NaN NaN 154.11812 -113.23341 -25.19595 258.09918 -185.43776 -24.90374 NaN NaN NaN 8.45874 -199.75587 20.10324 -31.92452 -201.58931 -103.63214
32518 1.56203 NaN NaN NaN 154.11295 -113.22997 -25.19794 258.08582 -185.42805 -24.92288 NaN NaN NaN 8.46132 -199.78622 20.12852 -31.97076 -201.60921 -103.59537
32519 1.57036 NaN NaN NaN 154.10181 -113.22326 -25.20326 258.05399 -185.43925 -24.90247 NaN NaN NaN 8.43263 -199.80966 20.14222 -32.01327 -201.67781 -103.56747
32520 1.57870 NaN NaN NaN 154.06062 -113.35159 -25.12248 258.04510 -185.43625 -24.92359 NaN NaN NaN 8.40497 -199.86244 20.15721 -32.03934 -201.71947 -103.53387
32521 1.58703 NaN NaN NaN 154.09892 -113.18884 -25.10469 258.05823 -185.44490 -24.90807 NaN NaN NaN 8.36115 -199.91393 20.18796 -32.07469 -201.80338 -103.55055
32522 1.59536 NaN NaN NaN 154.11401 -113.12743 -25.10056 258.05698 -185.44260 -24.94242 NaN NaN NaN 8.36217 -199.94223 20.21465 -32.12813 -201.85951 -103.49436
32523 1.60369 NaN NaN NaN 154.11098 -113.10008 -25.11747 258.05310 -185.46269 -24.92880 NaN NaN NaN 8.37957 -199.95390 20.22151 -32.20108 -201.89700 -103.46317
32524 1.61202 NaN NaN NaN 154.09932 -113.18254 -25.16714 258.06415 -185.46806 -24.97474 NaN NaN NaN 8.41448 -199.94695 20.22473 -32.31425 -201.99881 -103.40311
32525 1.62035 NaN NaN NaN 154.08946 -113.24606 -25.19045 258.05197 -185.45448 -24.98936 NaN NaN NaN 8.41292 -199.94496 20.24186 -32.36666 -202.11513 -103.39822
32526 1.62868 NaN NaN NaN 154.08360 -113.29822 -25.17762 258.06915 -185.46272 -25.01326 NaN NaN NaN 8.40565 -199.97054 20.26194 -32.39861 -202.16544 -103.33304
32527 1.63701 NaN NaN NaN 154.08578 -113.31734 -25.17427 258.05774 -185.46698 -25.00908 NaN NaN NaN 8.41025 -199.99504 20.29488 -32.44229 -202.21243 -103.28408
32528 1.64535 NaN NaN NaN 154.09863 -113.30070 -25.16886 258.07251 -185.48955 -25.01826 NaN NaN NaN 8.46557 -199.97926 20.32605 -32.54389 -202.30411 -103.21239
32529 1.65368 NaN NaN NaN 154.10155 -113.28027 -25.17623 258.06879 -185.47656 -25.01277 NaN NaN NaN 8.50547 -199.95131 20.35068 -32.63387 -202.44255 -103.13991
32530 1.66201 NaN NaN NaN 154.13023 -113.18874 -25.13676 258.08353 -185.48561 -25.01650 NaN NaN NaN 8.53063 -199.91005 20.44306 -32.76227 -202.54727 -103.05511
32531 1.67034 NaN NaN NaN 154.11438 -113.22282 -25.16870 258.08664 -185.47295 -25.00226 NaN NaN NaN 8.52468 -199.91168 20.51083 -32.83363 -202.61012 -102.99754
32532 1.67867 NaN NaN NaN 154.11243 -113.25243 -25.17026 258.09244 -185.48621 -25.00803 NaN NaN NaN 8.51280 -199.90221 20.56506 -32.89896 -202.72699 -102.91187
32533 1.68700 NaN NaN NaN 154.09738 -113.29132 -25.17802 258.07431 -185.46413 -24.95333 NaN NaN NaN 8.54364 -199.91267 20.60560 -32.97404 -202.79207 -102.84686
32534 1.69533 NaN NaN NaN 154.09183 -113.28248 -25.17355 258.07080 -185.44313 -24.97739 NaN NaN NaN 8.61623 -199.94302 20.61646 -33.02326 -202.80225 -102.81231
32535 1.70367 NaN NaN NaN 154.02489 -113.40521 -25.15603 258.04599 -185.39827 -24.94600 NaN NaN NaN 8.59780 -200.00725 20.64308 -33.11015 -202.79977 -102.77508
32536 1.71200 NaN NaN NaN 154.00275 -113.31648 -25.23531 258.01947 -185.36389 -24.96569 NaN NaN NaN 8.51762 -200.11551 20.65737 -33.18488 -202.79410 -102.77378
32537 1.72033 NaN NaN NaN 154.01228 -113.19788 -25.29801 257.97525 -185.34981 -24.95074 NaN NaN NaN 8.48401 -200.18578 20.66922 -33.31489 -202.85916 -102.74897
32538 1.72866 NaN NaN NaN 153.99008 -113.13007 -25.31820 257.95227 -185.33490 -24.96703 NaN NaN NaN 8.57751 -200.16873 20.68658 -33.49325 -202.98788 -102.61106
32539 1.73699 NaN NaN NaN 153.98163 -113.10699 -25.32358 257.93576 -185.35339 -24.96168 NaN NaN NaN 8.72603 -200.08691 20.73127 -33.72383 -203.27045 -102.48601
32540 1.74532 NaN NaN NaN 153.97490 -113.13297 -25.31496 257.93637 -185.34503 -24.99051 NaN NaN NaN 8.88110 -200.01500 20.75120 -33.93938 -203.50914 -102.28094
32541 1.75365 NaN NaN NaN 153.97163 -113.15807 -25.30772 257.93738 -185.34850 -25.02670 NaN NaN NaN 9.09674 -199.89452 20.77414 -34.17273 -203.75349 -102.09546
32542 1.76198 NaN NaN NaN 153.96848 -113.19652 -25.27904 257.96872 -185.37358 -25.05704 NaN NaN NaN 9.32707 -199.78128 20.81706 -34.41869 -203.99129 -101.83630
32543 1.77032 NaN NaN NaN 153.94162 -113.38547 -25.18879 257.99179 -185.38443 -25.07274 NaN NaN NaN 9.61959 -199.63058 20.87136 -34.67894 -204.19498 -101.50730
32544 1.77865 NaN NaN NaN 153.97902 -113.35487 -25.21405 258.01242 -185.42671 -25.10771 NaN NaN NaN 9.95205 -199.42224 20.92711 -35.03261 -204.45842 -101.19688
32545 1.78698 NaN NaN NaN 153.94379 -113.45553 -25.13939 258.01840 -185.42369 -25.12777 NaN NaN NaN 10.36769 -199.11966 21.02794 -35.41354 -204.79022 -100.80447
32546 1.79531 NaN NaN NaN 153.98871 -113.31758 -25.20701 258.01505 -185.44447 -25.13803 NaN NaN NaN 10.84943 -198.74072 21.21292 -35.81011 -205.12497 -100.35552
32547 1.80364 NaN NaN NaN 153.95203 -113.40664 -25.16678 258.00305 -185.41013 -25.13680 NaN NaN NaN 11.38455 -198.34250 21.32145 -36.24024 -205.44652 -99.79154
32548 1.81197 NaN NaN NaN 153.93320 -113.45189 -25.15651 257.98575 -185.42006 -25.12505 NaN NaN NaN 11.93048 -197.92870 21.39882 -36.69106 -205.80057 -99.26282
32549 1.82030 NaN NaN NaN 153.91565 -113.48269 -25.13777 257.99402 -185.39433 -25.11257 NaN NaN NaN 12.48493 -197.49393 21.49462 -37.12901 -206.12608 -98.65986
32550 1.82863 NaN NaN NaN 153.96124 -113.32278 -25.22491 257.98306 -185.40970 -25.10117 NaN NaN NaN 13.04430 -196.99371 21.62111 -37.54890 -206.52164 -98.16679
32551 1.83697 NaN NaN NaN 153.91173 -113.33369 -25.21785 257.94812 -185.39206 -25.07802 NaN NaN NaN 13.55949 -196.51190 21.70053 -37.93153 -206.84514 -97.66456
32552 1.84530 NaN NaN NaN 153.94933 -113.18677 -25.26828 257.94278 -185.39122 -25.06903 NaN NaN NaN 14.09764 -196.09291 21.73242 -38.32416 -207.20354 -97.07125
32553 1.85363 NaN NaN NaN 153.91449 -113.26180 -25.23851 257.92636 -185.39487 -25.06286 NaN NaN NaN 14.61272 -195.67517 21.75980 -38.67943 -207.51366 -96.59715
32554 1.86196 NaN NaN NaN 153.93042 -113.17258 -25.27354 257.93854 -185.39822 -25.06619 NaN NaN NaN 15.14091 -195.20195 21.77514 -39.07465 -207.80727 -96.03122
32555 1.87029 NaN NaN NaN 153.92065 -113.29179 -25.23186 257.94656 -185.38417 -25.06690 NaN NaN NaN 15.71127 -194.74959 21.78676 -39.47194 -208.17641 -95.53304
32556 1.87862 NaN NaN NaN 153.96931 -113.21269 -25.26289 257.98138 -185.41049 -25.08493 NaN NaN NaN 16.30302 -194.30247 21.78316 -39.81154 -208.52058 -95.03434
32557 1.88695 NaN NaN NaN 153.96236 -113.32912 -25.21882 258.02078 -185.41379 -25.12390 NaN NaN NaN 16.85165 -193.87865 21.77859 -40.26662 -208.86163 -94.41497
32558 1.89529 NaN NaN NaN 153.99696 -113.23472 -25.27282 258.03806 -185.44321 -25.13967 NaN NaN NaN 17.38353 -193.48611 21.81253 -40.77198 -209.28659 -93.80882
32559 1.90362 NaN NaN NaN 154.01791 -113.20415 -25.29028 258.03354 -185.44478 -25.13491 NaN NaN NaN 17.93145 -193.10666 21.79889 -41.38584 -209.70132 -93.10780
32560 1.91195 NaN NaN NaN 154.02776 -113.17237 -25.29002 258.03857 -185.45670 -25.12195 NaN NaN NaN 18.56703 -192.64084 21.72334 -42.05569 -210.20068 -92.34033
32561 1.92028 NaN NaN NaN 153.97588 -113.28397 -25.24651 258.04755 -185.44759 -25.11878 NaN NaN NaN 19.30664 -192.08517 21.60987 -42.78891 -210.72505 -91.49731
32562 1.92861 NaN NaN NaN 154.00264 -113.22231 -25.26839 258.04495 -185.46165 -25.12082 NaN NaN NaN 20.11723 -191.45506 21.46913 -43.57298 -211.33980 -90.57723
32563 1.93694 NaN NaN NaN 154.02376 -113.18038 -25.29316 258.03851 -185.45389 -25.12677 NaN NaN NaN 20.95473 -190.83936 21.30999 -44.28383 -211.93382 -89.60011
32564 1.94527 NaN NaN NaN 154.01991 -113.11864 -25.32179 258.04172 -185.44629 -25.13191 NaN NaN NaN 21.74004 -190.18834 21.13143 -44.97435 -212.52455 -88.62498
32565 1.95360 NaN NaN NaN 154.01976 -113.09746 -25.33972 258.04889 -185.45892 -25.13648 NaN NaN NaN 22.48466 -189.63063 20.92847 -45.57876 -213.03819 -87.75401
32566 1.96194 NaN NaN NaN 154.01534 -113.08474 -25.34593 258.04391 -185.46750 -25.14198 NaN NaN NaN 23.07767 -189.18306 20.76503 -46.14609 -213.47153 -87.01177
32567 1.97027 NaN NaN NaN 154.01591 -113.08482 -25.33880 258.04199 -185.44771 -25.14898 NaN NaN NaN 23.52102 -188.84683 20.66957 -46.58684 -213.79735 -86.34056
32568 1.97860 NaN NaN NaN 153.99904 -113.09930 -25.34745 258.04413 -185.44936 -25.14411 NaN NaN NaN 23.80311 -188.65471 20.62163 -46.94885 -214.05354 -85.87769
32569 1.98693 NaN NaN NaN 154.00424 -113.12196 -25.36533 258.04556 -185.44510 -25.13583 NaN NaN NaN 23.88813 -188.59813 20.61305 -47.19279 -214.20699 -85.64371
32570 1.99526 NaN NaN NaN 153.99548 -113.13242 -25.36913 258.04059 -185.45805 -25.12639 NaN NaN NaN 23.86706 -188.68933 20.64082 -47.41285 -214.29068 -85.49802
32571 2.00359 NaN NaN NaN 154.00003 -113.14292 -25.35764 258.04504 -185.44850 -25.12144 NaN NaN NaN 23.77239 -188.84190 20.66588 -47.55507 -214.30557 -85.44428
32572 2.01192 NaN NaN NaN 153.99628 -113.12117 -25.37234 258.05234 -185.45929 -25.12077 NaN NaN NaN 23.67696 -188.97139 20.70563 -47.69619 -214.28310 -85.41651
32573 2.02025 NaN NaN NaN 153.99951 -113.12193 -25.38792 258.04404 -185.44907 -25.13191 NaN NaN NaN 23.61501 -189.08777 20.72309 -47.85330 -214.37025 -85.32092
32574 2.02859 NaN NaN NaN 153.98782 -113.11958 -25.37963 258.03439 -185.45703 -25.13070 NaN NaN NaN 23.63718 -189.12495 20.70944 -48.01183 -214.45026 -85.25146
32575 2.03692 NaN NaN NaN 153.98987 -113.12287 -25.37131 258.03281 -185.45137 -25.13170 NaN NaN NaN 23.74331 -189.08188 20.66848 -48.13976 -214.54752 -85.06087
32576 2.04525 NaN NaN NaN 153.98557 -113.13864 -25.36077 258.03506 -185.47217 -25.13349 NaN NaN NaN 23.90006 -188.98242 20.61439 -48.28104 -214.68242 -84.87254
32577 2.05358 NaN NaN NaN 153.97313 -113.15594 -25.37739 258.01923 -185.46529 -25.13851 NaN NaN NaN 24.07155 -188.86159 20.53895 -48.38992 -214.79077 -84.73313
32578 2.06191 NaN NaN NaN 153.97704 -113.15333 -25.37337 258.01273 -185.47205 -25.14153 NaN NaN NaN 24.24399 -188.71242 20.45302 -48.48742 -214.88608 -84.56182
32579 2.07024 NaN NaN NaN 153.96124 -113.15015 -25.38229 258.01282 -185.45210 -25.14425 NaN NaN NaN 24.43567 -188.58237 20.39630 -48.54591 -214.95187 -84.38969
32580 2.07857 NaN NaN NaN 153.95419 -113.12385 -25.38227 258.00150 -185.45619 -25.13925 NaN NaN NaN 24.63611 -188.44383 20.35435 -48.57356 -214.99983 -84.20884
32581 2.08690 NaN NaN NaN 153.95497 -113.13615 -25.38721 257.99924 -185.43741 -25.12843 NaN NaN NaN 24.75758 -188.36230 20.32808 -48.58951 -215.08850 -84.13484
32582 2.09524 NaN NaN NaN 153.94987 -113.10840 -25.37782 257.99246 -185.45436 -25.13024 NaN NaN NaN 24.82348 -188.28461 20.31122 -48.60844 -215.12601 -84.03238
32583 2.10357 NaN NaN NaN 153.94287 -113.11304 -25.38020 257.97983 -185.43651 -25.13010 NaN NaN NaN 24.90939 -188.24207 20.29996 -48.63410 -215.17233 -83.92693
32584 2.11190 NaN NaN NaN 153.94669 -113.07566 -25.39225 257.98630 -185.44341 -25.11958 NaN NaN NaN 25.00371 -188.20143 20.29108 -48.64132 -215.22087 -83.82008
32585 2.12023 NaN NaN NaN 153.95387 -113.10618 -25.36974 258.00247 -185.43973 -25.13211 NaN NaN NaN 25.05498 -188.16025 20.29685 -48.66381 -215.25731 -83.73096
32586 2.12856 NaN NaN NaN 153.95445 -113.09624 -25.37437 258.01154 -185.44595 -25.13616 NaN NaN NaN 25.07546 -188.12599 20.30573 -48.67365 -215.27362 -83.70578
32587 2.13689 NaN NaN NaN 153.95479 -113.12196 -25.37687 258.01959 -185.43440 -25.14084 NaN NaN NaN 25.06185 -188.12248 20.31828 -48.69714 -215.24873 -83.71120
32588 2.14522 NaN NaN NaN 153.95120 -113.11189 -25.39491 258.00485 -185.44072 -25.12532 NaN NaN NaN 25.06128 -188.09569 20.32064 -48.70547 -215.24791 -83.70064
32589 2.15356 NaN NaN NaN 153.93391 -113.11848 -25.41578 258.00958 -185.42867 -25.12505 NaN NaN NaN 25.06415 -188.08359 20.31357 -48.72371 -215.23317 -83.67079
32590 2.16189 NaN NaN NaN 153.93503 -113.12275 -25.41914 258.00241 -185.45032 -25.13555 NaN NaN NaN 25.09592 -188.05299 20.30612 -48.74689 -215.23407 -83.64700
32591 2.17022 NaN NaN NaN 153.92912 -113.12003 -25.43447 257.99380 -185.42560 -25.13954 NaN NaN NaN 25.17488 -187.97047 20.25509 -48.76750 -215.21669 -83.62408
32592 2.17855 NaN NaN NaN 153.91800 -113.10957 -25.42650 257.98959 -185.44028 -25.13691 NaN NaN NaN 25.28322 -187.85835 20.19988 -48.78561 -215.23286 -83.54304
32593 2.18688 NaN NaN NaN 153.91484 -113.11879 -25.42998 257.98300 -185.42584 -25.13780 NaN NaN NaN 25.36212 -187.76019 20.16151 -48.82166 -215.24577 -83.46435
32594 2.19521 NaN NaN NaN 153.90729 -113.11156 -25.42354 257.96448 -185.43721 -25.14235 NaN NaN NaN 25.52717 -187.61121 20.09685 -48.86732 -215.25986 -83.34901
32595 2.20354 NaN NaN NaN 153.90123 -113.08710 -25.44580 257.95221 -185.42091 -25.14753 NaN NaN NaN 25.71905 -187.43362 19.98634 -48.92413 -215.32727 -83.18306
32596 2.21187 NaN NaN NaN 153.89671 -113.07656 -25.44363 257.96179 -185.43294 -25.14019 NaN NaN NaN 25.98676 -187.22389 19.88457 -48.97221 -215.39525 -83.00737
32597 2.22021 NaN NaN NaN 153.88773 -113.06514 -25.45104 257.97372 -185.42609 -25.14358 NaN NaN NaN 26.22831 -187.03433 19.79768 -49.01794 -215.44112 -82.80066
32598 2.22854 NaN NaN NaN 153.90508 -113.07108 -25.45168 257.97827 -185.45436 -25.14866 NaN NaN NaN 26.46902 -186.88945 19.71746 -49.06365 -215.48122 -82.59489
32599 2.23687 NaN NaN NaN 153.90504 -113.07280 -25.45471 257.98575 -185.43579 -25.14314 NaN NaN NaN 26.65431 -186.70865 19.65552 -49.10203 -215.52075 -82.45544
32600 2.24520 NaN NaN NaN 153.89244 -113.08192 -25.45179 257.97412 -185.44751 -25.14206 NaN NaN NaN 26.78701 -186.56056 19.61547 -49.13679 -215.54669 -82.32461
32601 2.25353 NaN NaN NaN 153.89612 -113.09222 -25.45700 257.94626 -185.41141 -25.14563 NaN NaN NaN 26.89444 -186.44792 19.57138 -49.16075 -215.57780 -82.24541
32602 2.26186 NaN NaN NaN 153.89384 -113.08598 -25.44765 257.95587 -185.43251 -25.13523 NaN NaN NaN 26.97258 -186.37842 19.55472 -49.15965 -215.59795 -82.22092
32603 2.27019 NaN NaN NaN 153.89566 -113.06454 -25.45092 257.95090 -185.40771 -25.12283 NaN NaN NaN 26.98936 -186.33604 19.55996 -49.12904 -215.61478 -82.20724
32604 2.27852 NaN NaN NaN 153.89789 -113.05769 -25.44983 257.96530 -185.42595 -25.10899 NaN NaN NaN 27.01439 -186.32430 19.55808 -49.09159 -215.59138 -82.23723
32605 2.28686 NaN NaN NaN 153.89865 -113.05561 -25.45835 257.94818 -185.40765 -25.11395 NaN NaN NaN 27.00829 -186.31436 19.54954 -49.05565 -215.57190 -82.25320
32606 2.29519 NaN NaN NaN 153.89555 -113.05539 -25.45322 257.94760 -185.41899 -25.12997 NaN NaN NaN 27.04598 -186.28261 19.52311 -49.01211 -215.51585 -82.26415
32607 2.30352 NaN NaN NaN 153.89218 -113.07452 -25.46107 257.95062 -185.41678 -25.12760 NaN NaN NaN 27.13713 -186.23662 19.46869 -48.97424 -215.50612 -82.25008
32608 2.31185 NaN NaN NaN 153.89290 -113.06755 -25.45088 257.96310 -185.42487 -25.12389 NaN NaN NaN 27.28909 -186.13200 19.39335 -48.94348 -215.50552 -82.21886
32609 2.32018 NaN NaN NaN 153.89775 -113.05883 -25.45356 257.96704 -185.41954 -25.13140 NaN NaN NaN 27.51557 -185.98199 19.23026 -48.95004 -215.52698 -82.14796
32610 2.32851 NaN NaN NaN 153.90457 -113.05559 -25.45409 257.97571 -185.45720 -25.14395 NaN NaN NaN 27.75484 -185.79329 19.08962 -48.96506 -215.58008 -82.01754
32611 2.33684 NaN NaN NaN 153.89275 -113.07436 -25.45869 257.95776 -185.45767 -25.14562 NaN NaN NaN 28.04691 -185.58337 18.88980 -48.95761 -215.62201 -81.91549
32612 2.34518 NaN NaN NaN 153.89211 -113.08504 -25.45177 257.97629 -185.47569 -25.13693 NaN NaN NaN 28.32838 -185.36801 18.75203 -48.96783 -215.65082 -81.79765
32613 2.35351 NaN NaN NaN 153.90045 -113.08263 -25.44744 257.99231 -185.46893 -25.14193 NaN NaN NaN 28.60781 -185.17197 18.59481 -48.97079 -215.68188 -81.67905
32614 2.36184 NaN NaN NaN 153.93198 -113.07845 -25.43579 258.01788 -185.47310 -25.14171 NaN NaN NaN 28.80441 -185.00638 18.43792 -48.98140 -215.72198 -81.58350
32615 2.37017 NaN NaN NaN 153.93886 -113.08308 -25.43833 258.01852 -185.46686 -25.13692 NaN NaN NaN 28.94717 -184.89403 18.35443 -48.99676 -215.73837 -81.54517
32616 2.37850 NaN NaN NaN 153.93402 -113.09757 -25.43091 258.01483 -185.46815 -25.13544 NaN NaN NaN 29.02845 -184.83110 18.31111 -48.97485 -215.72632 -81.55196
32617 2.38683 NaN NaN NaN 153.93939 -113.10938 -25.44643 258.01422 -185.45892 -25.13758 NaN NaN NaN 29.05190 -184.80017 18.25724 -48.96208 -215.70290 -81.60446
32618 2.39516 NaN NaN NaN 153.93912 -113.11102 -25.45047 258.02963 -185.47990 -25.12442 NaN NaN NaN 29.05839 -184.80043 18.22730 -48.92430 -215.63387 -81.66692
32619 2.40349 NaN NaN NaN 153.95438 -113.10349 -25.45530 258.02335 -185.46481 -25.12492 NaN NaN NaN 29.03433 -184.81973 18.21087 -48.87541 -215.58585 -81.78133
32620 2.41183 NaN NaN NaN 153.96548 -113.09998 -25.45824 258.03455 -185.46779 -25.12150 NaN NaN NaN 29.01684 -184.86313 18.19314 -48.84845 -215.53983 -81.84103
32621 2.42016 NaN NaN NaN 153.97375 -113.08191 -25.46260 258.03671 -185.46240 -25.10585 NaN NaN NaN 29.00996 -184.89285 18.17911 -48.84702 -215.53055 -81.86070
32622 2.42849 NaN NaN NaN 153.96954 -113.09057 -25.45917 258.03915 -185.48779 -25.11009 NaN NaN NaN 29.01391 -184.88907 18.16112 -48.81982 -215.50896 -81.91520
32623 2.43682 NaN NaN NaN 153.97542 -113.09169 -25.46617 258.03864 -185.48550 -25.11283 NaN NaN NaN 29.02099 -184.87521 18.13161 -48.80543 -215.48640 -81.95921
32624 2.44515 NaN NaN NaN 153.97554 -113.12511 -25.44782 258.05231 -185.50970 -25.11314 NaN NaN NaN 29.03950 -184.88144 18.09459 -48.78083 -215.45580 -82.00887
32625 2.45348 NaN NaN NaN 153.98560 -113.11195 -25.44835 258.04813 -185.50945 -25.10524 NaN NaN NaN 29.06356 -184.87146 18.06345 -48.76014 -215.43633 -82.04108
32626 2.46181 NaN NaN NaN 153.98012 -113.12294 -25.45230 258.05182 -185.53011 -25.09980 NaN NaN NaN 29.06287 -184.87805 18.03871 -48.73520 -215.41493 -82.08305
32627 2.47014 NaN NaN NaN 153.98199 -113.10675 -25.45982 258.05109 -185.50824 -25.08911 NaN NaN NaN 29.07813 -184.85474 17.97834 -48.70379 -215.39682 -82.13897
32628 2.47848 NaN NaN NaN 153.98169 -113.08728 -25.45013 258.05280 -185.52097 -25.08941 NaN NaN NaN 29.06764 -184.84978 17.97891 -48.67940 -215.36487 -82.17832
32629 2.48681 NaN NaN NaN 153.97473 -113.08586 -25.45640 258.04877 -185.49747 -25.08779 NaN NaN NaN 29.07745 -184.85986 17.95911 -48.65895 -215.34607 -82.19777
32630 2.49514 NaN NaN NaN 153.97354 -113.09373 -25.45522 258.04709 -185.51233 -25.06732 NaN NaN NaN 29.07119 -184.88774 17.94994 -48.62631 -215.30399 -82.25545
32631 2.50347 NaN NaN NaN 153.96678 -113.10417 -25.46234 258.04349 -185.50342 -25.05931 NaN NaN NaN 29.06777 -184.90440 17.92521 -48.62162 -215.26129 -82.35510
32632 2.51180 NaN NaN NaN 153.98781 -113.09309 -25.46031 258.05222 -185.52299 -25.05706 NaN NaN NaN 29.06115 -184.94080 17.90751 -48.59895 -215.19226 -82.43494
32633 2.52013 NaN NaN NaN 153.99028 -113.08693 -25.46245 258.05386 -185.50671 -25.05194 NaN NaN NaN 29.08845 -184.95476 17.90065 -48.57662 -215.14856 -82.48028
32634 2.52846 NaN NaN NaN 153.99124 -113.07941 -25.46825 258.05646 -185.52284 -25.05136 NaN NaN NaN 29.09288 -184.99066 17.88208 -48.54292 -215.12825 -82.50529
32635 2.53680 NaN NaN NaN 153.98482 -113.09268 -25.46897 258.05118 -185.50894 -25.05650 NaN NaN NaN 29.11053 -184.98627 17.89946 -48.50530 -215.10023 -82.52119
32636 2.54513 NaN NaN NaN 153.99452 -113.09318 -25.45235 258.05072 -185.52924 -25.05462 NaN NaN NaN 29.09666 -185.00299 17.89208 -48.43308 -215.07680 -82.54672
32637 2.55346 NaN NaN NaN 153.99107 -113.09730 -25.46146 258.06058 -185.50189 -25.05137 NaN NaN NaN 29.10412 -185.01381 17.91448 -48.37869 -215.06027 -82.59521
32638 2.56179 NaN NaN NaN 153.99164 -113.09926 -25.45261 258.05820 -185.51163 -25.05719 NaN NaN NaN 29.04428 -185.05052 17.90631 -48.31590 -215.01051 -82.64682
32639 2.57012 NaN NaN NaN 153.99142 -113.07674 -25.46369 258.05725 -185.49725 -25.06196 NaN NaN NaN 29.00081 -185.06625 17.96289 -48.24890 -214.93069 -82.75308
32640 2.57845 NaN NaN NaN 153.98920 -113.09377 -25.46605 258.05771 -185.51210 -25.06062 NaN NaN NaN 28.96996 -185.09616 17.98885 -48.17854 -214.85271 -82.84082
32641 2.58678 NaN NaN NaN 153.99095 -113.10765 -25.47078 258.04242 -185.50224 -25.05080 NaN NaN NaN 28.96110 -185.12978 18.01916 -48.08267 -214.77580 -82.94195
32642 2.59511 NaN NaN NaN 153.97661 -113.11948 -25.46968 258.04132 -185.50752 -25.04665 NaN NaN NaN 28.92724 -185.17444 18.01268 -48.00150 -214.72249 -83.07709
32643 2.60345 NaN NaN NaN 153.97423 -113.11680 -25.45916 258.03107 -185.48990 -25.05347 NaN NaN NaN 28.93939 -185.18080 17.99903 -47.93423 -214.69167 -83.17261
32644 2.61178 NaN NaN NaN 153.96919 -113.11288 -25.47079 258.03641 -185.50742 -25.05020 NaN NaN NaN 28.91949 -185.21419 17.96925 -47.88608 -214.67969 -83.26406
32645 2.62011 NaN NaN NaN 153.96542 -113.10104 -25.46496 258.02325 -185.50330 -25.03880 NaN NaN NaN 28.92649 -185.21359 17.98522 -47.81124 -214.62935 -83.34348
32646 2.62844 NaN NaN NaN 153.95731 -113.09731 -25.45149 258.02481 -185.50732 -25.03360 NaN NaN NaN 28.88807 -185.24841 17.97040 -47.76709 -214.58330 -83.40215
32647 2.63677 NaN NaN NaN 153.95441 -113.07034 -25.47256 258.01422 -185.50655 -25.03024 NaN NaN NaN 28.85962 -185.28958 17.98607 -47.72394 -214.53256 -83.44440
32648 2.64510 NaN NaN NaN 153.96529 -113.05878 -25.48037 258.01181 -185.49808 -25.02520 NaN NaN NaN 28.82003 -185.32039 17.95192 -47.69710 -214.51266 -83.53772
32649 2.65343 NaN NaN NaN 153.95578 -113.04351 -25.47705 257.98938 -185.47437 -25.02569 NaN NaN NaN 28.78952 -185.33688 17.98282 -47.65466 -214.45062 -83.63493
32650 2.66176 NaN NaN NaN 153.96133 -113.05328 -25.47868 257.97955 -185.49109 -25.02878 NaN NaN NaN 28.72957 -185.39775 17.98003 -47.61746 -214.40703 -83.71619
32651 2.67010 NaN NaN NaN 153.95987 -113.04519 -25.47428 257.96857 -185.47513 -25.02391 NaN NaN NaN 28.66955 -185.42339 18.01906 -47.54711 -214.34724 -83.80293
32652 2.67843 NaN NaN NaN 153.95811 -113.04655 -25.48207 257.97256 -185.47673 -25.02993 NaN NaN NaN 28.57568 -185.47913 18.04303 -47.47357 -214.32224 -83.90871
32653 2.68676 NaN NaN NaN 153.94318 -113.06873 -25.48217 257.97522 -185.44820 -25.01558 NaN NaN NaN 28.43952 -185.54871 18.09632 -47.41287 -214.26204 -83.98717
32654 2.69509 NaN NaN NaN 153.93518 -113.07152 -25.48439 257.97604 -185.45726 -25.01831 NaN NaN NaN 28.29647 -185.66753 18.14873 -47.33661 -214.18658 -84.14039
32655 2.70342 NaN NaN NaN 153.93114 -113.05285 -25.49785 257.96252 -185.44250 -25.00060 NaN NaN NaN 28.12700 -185.82344 18.22961 -47.26841 -214.05663 -84.32604
32656 2.71175 NaN NaN NaN 153.93095 -113.06870 -25.50678 257.94489 -185.44643 -25.00014 NaN NaN NaN 27.95709 -185.96013 18.30116 -47.21664 -213.90483 -84.52042
32657 2.72008 NaN NaN NaN 153.91766 -113.04349 -25.51737 257.92883 -185.42245 -24.98298 NaN NaN NaN 27.76926 -186.06790 18.37810 -47.21674 -213.78609 -84.70789
32658 2.72841 NaN NaN NaN 153.90744 -113.03180 -25.53102 257.90927 -185.41960 -24.95354 NaN NaN NaN 27.61275 -186.20187 18.36205 -47.22371 -213.68967 -84.84665
32659 2.73675 NaN NaN NaN 153.89317 -113.02770 -25.53730 257.89771 -185.41287 -24.91342 NaN NaN NaN 27.48083 -186.27866 18.32226 -47.27332 -213.65900 -84.95963
32660 2.74508 NaN NaN NaN 153.89156 -113.01727 -25.54227 257.88046 -185.38165 -24.90002 NaN NaN NaN 27.35180 -186.36200 18.27639 -47.31345 -213.64038 -85.04678
32661 2.75341 NaN NaN NaN 153.87022 -112.99979 -25.55453 257.87595 -185.38350 -24.86858 NaN NaN NaN 27.24994 -186.41779 18.19839 -47.40445 -213.67192 -85.12744
32662 2.76174 NaN NaN NaN 153.87234 -113.00335 -25.55648 257.88254 -185.39410 -24.87788 NaN NaN NaN 27.16906 -186.43570 18.15370 -47.50991 -213.70831 -85.13609
32663 2.77007 NaN NaN NaN 153.87019 -112.98663 -25.55130 257.86874 -185.37900 -24.84540 NaN NaN NaN 27.07830 -186.47224 18.13233 -47.64787 -213.74588 -85.13729
32664 2.77840 NaN NaN NaN 153.88507 -112.97947 -25.53803 257.88959 -185.37210 -24.81740 NaN NaN NaN 26.99753 -186.49615 18.12440 -47.80832 -213.81425 -85.08164
32665 2.78673 NaN NaN NaN 153.88393 -112.97758 -25.53324 257.89478 -185.38045 -24.81431 NaN NaN NaN 26.89701 -186.54208 18.14352 -47.96758 -213.87170 -85.01392
32666 2.79507 NaN NaN NaN 153.88728 -112.98562 -25.53798 257.90073 -185.37366 -24.80340 NaN NaN NaN 26.74865 -186.59979 18.19497 -48.09035 -213.99226 -84.97779
32667 2.80340 NaN NaN NaN 153.89429 -112.97364 -25.53479 257.90503 -185.36818 -24.80160 NaN NaN NaN 26.56740 -186.68198 18.23770 -48.26388 -214.09381 -84.95399
32668 2.81173 NaN NaN NaN 153.91922 -112.97816 -25.52641 257.93750 -185.36440 -24.79268 NaN NaN NaN 26.35352 -186.77513 18.29973 -48.42320 -214.13870 -84.92377
32669 2.82006 NaN NaN NaN 153.92137 -112.97898 -25.53043 257.96472 -185.38451 -24.78865 NaN NaN NaN 26.10532 -186.90012 18.42974 -48.58699 -214.16629 -84.90823
32670 2.82839 NaN NaN NaN 153.92690 -113.00142 -25.51402 257.98282 -185.39360 -24.77584 NaN NaN NaN 25.87425 -186.99641 18.49553 -48.73125 -214.21094 -84.89574
32671 2.83672 NaN NaN NaN 153.95128 -113.01399 -25.49119 257.99619 -185.42439 -24.79269 NaN NaN NaN 25.63659 -187.09508 18.60870 -48.83176 -214.24731 -84.90458
32672 2.84505 NaN NaN NaN 153.96996 -113.04617 -25.49697 258.02048 -185.42572 -24.78146 NaN NaN NaN 25.41211 -187.19202 18.66770 -48.91305 -214.25682 -84.92813
32673 2.85338 NaN NaN NaN 153.97873 -113.07780 -25.48090 258.05127 -185.44724 -24.80402 NaN NaN NaN 25.19274 -187.30455 18.76669 -48.98520 -214.26674 -84.95998
32674 2.86172 NaN NaN NaN 153.98520 -113.08665 -25.46536 258.05972 -185.45178 -24.80384 NaN NaN NaN 24.96086 -187.42026 18.83892 -49.07043 -214.26132 -84.98714
32675 2.87005 NaN NaN NaN 153.98651 -113.09583 -25.45874 258.05850 -185.45209 -24.81343 NaN NaN NaN 24.76233 -187.53033 18.95793 -49.18695 -214.25336 -85.07736
32676 2.87838 NaN NaN NaN 153.99420 -113.07848 -25.46431 258.05096 -185.44635 -24.78366 NaN NaN NaN 24.58621 -187.61565 19.05245 -49.27212 -214.30470 -85.08479
32677 2.88671 NaN NaN NaN 153.98454 -113.06169 -25.47391 258.05981 -185.45103 -24.78374 NaN NaN NaN 24.45035 -187.67340 19.15892 -49.33377 -214.37242 -85.06657
32678 2.89504 NaN NaN NaN 153.99478 -113.05675 -25.47595 258.04105 -185.42705 -24.75383 NaN NaN NaN 24.29922 -187.79086 19.23250 -49.37440 -214.42986 -85.03719
32679 2.90337 NaN NaN NaN 153.98152 -113.03728 -25.48186 258.04376 -185.42000 -24.74981 NaN NaN NaN 24.18653 -187.88559 19.26791 -49.42223 -214.47739 -85.02391
32680 2.91170 NaN NaN NaN 153.99352 -113.02950 -25.50158 258.02649 -185.41112 -24.74107 NaN NaN NaN 24.09708 -187.96005 19.32062 -49.44592 -214.52219 -85.03203
32681 2.92003 NaN NaN NaN 153.98067 -113.02552 -25.50144 258.03491 -185.40982 -24.74379 NaN NaN NaN 23.99175 -188.03333 19.38492 -49.45739 -214.50897 -85.05642
32682 2.92837 NaN NaN NaN 153.98111 -113.00666 -25.50850 258.03232 -185.40407 -24.73838 NaN NaN NaN 23.89346 -188.13878 19.47373 -49.44491 -214.49515 -85.14920
32683 2.93670 NaN NaN NaN 153.95644 -112.99345 -25.50765 258.01089 -185.39215 -24.74224 NaN NaN NaN 23.74265 -188.25397 19.50818 -49.34814 -214.42355 -85.31334
32684 2.94503 NaN NaN NaN 153.95967 -112.97308 -25.52994 257.99329 -185.38260 -24.74397 NaN NaN NaN 23.56424 -188.42111 19.56507 -49.19660 -214.32390 -85.48267
32685 2.95336 NaN NaN NaN 153.94025 -112.95821 -25.56051 257.97159 -185.36490 -24.71188 NaN NaN NaN 23.38571 -188.53918 19.60637 -49.00002 -214.16431 -85.73043
32686 2.96169 NaN NaN NaN 153.92062 -112.92385 -25.58992 257.95529 -185.32919 -24.69594 NaN NaN NaN 23.24962 -188.65456 19.65919 -48.81240 -213.99623 -85.97046
32687 2.97002 NaN NaN NaN 153.90645 -112.91947 -25.62006 257.92706 -185.30971 -24.69206 NaN NaN NaN 23.12674 -188.75670 19.71257 -48.59223 -213.85638 -86.25022
32688 2.97835 NaN NaN NaN 153.90761 -112.85146 -25.64616 257.90302 -185.28448 -24.66240 NaN NaN NaN 23.02314 -188.84943 19.73272 -48.28532 -213.61115 -86.61537
32689 2.98669 NaN NaN NaN 153.90504 -112.81520 -25.68084 257.87750 -185.28638 -24.65040 NaN NaN NaN 22.92986 -188.96179 19.73978 -47.97938 -213.38676 -86.92642
32690 2.99502 NaN NaN NaN 153.91669 -112.78436 -25.70036 257.87857 -185.28043 -24.63094 NaN NaN NaN 22.86588 -189.08659 19.72701 -47.63464 -213.18721 -87.21663
32691 3.00335 NaN NaN NaN 153.91174 -112.76829 -25.71466 257.86636 -185.28003 -24.61023 NaN NaN NaN 22.79192 -189.17737 19.73908 -47.31249 -212.91580 -87.58554
32692 3.01168 NaN NaN NaN 153.89937 -112.76714 -25.72240 257.83868 -185.26077 -24.60348 NaN NaN NaN 22.68447 -189.30286 19.78961 -46.99835 -212.65079 -87.93500
32693 3.02001 NaN NaN NaN 153.90047 -112.72374 -25.68647 257.79559 -185.24747 -24.58443 NaN NaN NaN 22.52744 -189.44722 19.83411 -46.66646 -212.39581 -88.25883
32694 3.02834 NaN NaN NaN 153.87807 -112.77213 -25.73429 257.78293 -185.24628 -24.56623 NaN NaN NaN 22.31878 -189.64420 19.92560 -46.28017 -212.18477 -88.64257
32695 3.03667 NaN NaN NaN 153.86159 -112.77402 -25.76846 257.76099 -185.21530 -24.54499 NaN NaN NaN 22.09152 -189.87532 20.06839 -45.93528 -211.94202 -89.02984
32696 3.04500 NaN NaN NaN 153.85681 -112.68557 -25.79047 257.75070 -185.19652 -24.53290 NaN NaN NaN 21.76940 -190.12138 20.22043 -45.57195 -211.66881 -89.35763
32697 3.05334 NaN NaN NaN 153.82835 -112.67792 -25.84608 257.72528 -185.17203 -24.50508 NaN NaN NaN 21.44520 -190.36697 20.37056 -45.25503 -211.36314 -89.67715
32698 3.06167 NaN NaN NaN 153.82097 -112.68526 -25.88130 257.71997 -185.16417 -24.48729 NaN NaN NaN 21.12227 -190.62767 20.51890 -44.89273 -211.06706 -89.98870
32699 3.07000 NaN NaN NaN 153.83269 -112.62663 -25.85183 257.71243 -185.16640 -24.45009 NaN NaN NaN 20.82995 -190.87903 20.70321 -44.55600 -210.77461 -90.34209
32700 3.07833 NaN NaN NaN 153.82854 -112.62236 -25.83438 257.69034 -185.13365 -24.42234 NaN NaN NaN 20.53004 -191.09007 20.86308 -44.22816 -210.49432 -90.61298
32701 3.08666 NaN NaN NaN 153.78801 -112.66487 -25.88725 257.68414 -185.14899 -24.40998 NaN NaN NaN 20.22553 -191.30934 21.05101 -43.83764 -210.23758 -90.92302
32702 3.09499 NaN NaN NaN 153.78842 -112.63126 -25.89387 257.63330 -185.15556 -24.35944 NaN NaN NaN 19.92653 -191.55220 21.21418 -43.41951 -209.93846 -91.23874
32703 3.10332 NaN NaN NaN 153.75562 -112.61891 -25.94078 257.60306 -185.16127 -24.32341 NaN NaN NaN 19.62008 -191.78008 21.34275 -43.02215 -209.66302 -91.64635
32704 3.11165 NaN NaN NaN 153.70894 -112.66730 -26.06165 257.56494 -185.14616 -24.28720 NaN NaN NaN 19.36164 -191.97681 21.39871 -42.57890 -209.32333 -92.02369
32705 3.11999 NaN NaN NaN 153.67741 -112.68178 -26.12810 257.52988 -185.14247 -24.26481 NaN NaN NaN 19.14269 -192.17317 21.44632 -42.11110 -208.96407 -92.38115
32706 3.12832 NaN NaN NaN 153.65889 -112.60320 -26.10961 257.48407 -185.13536 -24.21793 NaN NaN NaN 18.98672 -192.28606 21.47125 -41.61356 -208.63229 -92.75095
32707 3.13665 NaN NaN NaN 153.65288 -112.49215 -26.15512 257.47406 -185.10779 -24.16193 NaN NaN NaN 18.88574 -192.39055 21.50062 -41.21516 -208.33939 -93.13386
32708 3.14498 NaN NaN NaN 153.62753 -112.43489 -26.17755 257.43350 -185.08818 -24.09722 NaN NaN NaN 18.76881 -192.46541 21.52859 -40.79855 -208.02620 -93.42636
32709 3.15331 NaN NaN NaN 153.60904 -112.45638 -26.28749 257.40689 -185.05701 -24.06272 NaN NaN NaN 18.65691 -192.52513 21.52797 -40.36824 -207.76413 -93.67197
32710 3.16164 NaN NaN NaN 153.59541 -112.41562 -26.25654 257.36618 -185.04507 -24.04716 NaN NaN NaN 18.55068 -192.62106 21.53896 -39.95243 -207.51880 -93.99398
32711 3.16997 NaN NaN NaN 153.59344 -112.44803 -26.34511 257.33667 -185.02980 -24.02363 NaN NaN NaN 18.46033 -192.74232 21.56199 -39.53111 -207.26207 -94.31587
32712 3.17831 NaN NaN NaN 153.59131 -112.40108 -26.28785 257.32614 -185.02698 -23.99347 NaN NaN NaN 18.38439 -192.85252 21.57116 -39.13885 -207.00003 -94.63210
32713 3.18664 NaN NaN NaN 153.56148 -112.45388 -26.36441 257.32227 -185.02316 -24.00254 NaN NaN NaN 18.29545 -192.98492 21.58320 -38.73567 -206.67012 -94.89153
32714 3.19497 NaN NaN NaN 153.54951 -112.47133 -26.39718 257.32248 -185.05312 -23.98393 NaN NaN NaN 18.17537 -193.09239 21.60082 -38.33100 -206.36792 -95.15528
32715 3.20330 NaN NaN NaN 153.53625 -112.50341 -26.42024 257.30560 -185.07430 -23.98873 NaN NaN NaN 18.08467 -193.19830 21.58846 -37.92032 -206.08589 -95.42120
32716 3.21163 NaN NaN NaN 153.53087 -112.52836 -26.43400 257.27014 -185.10481 -23.97278 NaN NaN NaN 18.00843 -193.29076 21.55071 -37.46537 -205.85077 -95.73238
32717 3.21996 NaN NaN NaN 153.53700 -112.50953 -26.44038 257.25485 -185.11371 -23.96414 NaN NaN NaN 17.95597 -193.36073 21.47725 -37.06120 -205.59047 -96.01374
32718 3.22829 NaN NaN NaN 153.51184 -112.53816 -26.46261 257.22284 -185.13078 -23.94084 NaN NaN NaN 17.91259 -193.40091 21.40117 -36.59454 -205.28705 -96.29349
32719 3.23662 NaN NaN NaN 153.49631 -112.51591 -26.49269 257.20126 -185.12579 -23.93190 NaN NaN NaN 17.89498 -193.47064 21.34434 -36.17496 -204.97000 -96.56418
32720 3.24496 NaN NaN NaN 153.48624 -112.49930 -26.52278 257.19003 -185.13023 -23.91383 NaN NaN NaN 17.87885 -193.55350 21.27630 -35.62959 -204.51573 -97.00488
32721 3.25329 NaN NaN NaN 153.47658 -112.47845 -26.58312 257.15613 -185.12482 -23.89235 NaN NaN NaN 17.86379 -193.65367 21.19141 -35.12678 -204.08804 -97.35042
32722 3.26162 NaN NaN NaN 153.44522 -112.46340 -26.62943 257.13364 -185.13245 -23.85918 NaN NaN NaN 17.84849 -193.75218 21.11959 -34.64026 -203.69048 -97.74114
32723 3.26995 NaN NaN NaN 153.42195 -112.44514 -26.66202 257.08249 -185.13147 -23.83967 NaN NaN NaN 17.82732 -193.84172 21.06456 -34.19953 -203.36040 -98.08037
32724 3.27828 NaN NaN NaN 153.43169 -112.42638 -26.67795 257.04721 -185.13091 -23.81319 NaN NaN NaN 17.78457 -193.96916 21.02597 -33.72753 -203.02060 -98.37576
32725 3.28661 NaN NaN NaN 153.40982 -112.37357 -26.71790 257.00333 -185.10544 -23.77244 NaN NaN NaN 17.76402 -194.07866 20.97347 -33.22785 -202.70068 -98.67554
32726 3.29494 NaN NaN NaN 153.39845 -112.33642 -26.76504 256.94519 -185.09291 -23.76331 NaN NaN NaN 17.75507 -194.13699 20.91733 -32.70715 -202.38268 -99.02650
32727 3.30327 NaN NaN NaN 153.36899 -112.30585 -26.80683 256.90662 -185.06836 -23.74121 NaN NaN NaN 17.75820 -194.19431 20.83772 -32.21287 -202.03671 -99.34478
32728 3.31161 NaN NaN NaN 153.34418 -112.28799 -26.83620 256.87149 -185.07553 -23.68170 NaN NaN NaN 17.76672 -194.26611 20.73209 -31.71309 -201.58893 -99.66917
32729 3.31994 NaN NaN NaN 153.29631 -112.25652 -26.90895 256.81158 -185.03964 -23.66587 NaN NaN NaN 17.76603 -194.35999 20.62385 -31.25415 -201.18219 -99.95412
32730 3.32827 NaN NaN NaN 153.26390 -112.21679 -26.97213 256.75754 -185.03380 -23.58394 NaN NaN NaN 17.75862 -194.41090 20.52698 -30.78550 -200.77155 -100.24947
32731 3.33660 NaN NaN NaN 153.25410 -112.13135 -27.05867 256.68237 -185.00629 -23.53744 NaN NaN NaN 17.78283 -194.44231 20.43323 -30.30042 -200.40471 -100.50829
32732 3.34493 NaN NaN NaN 153.23346 -112.07421 -27.15299 256.63791 -184.99910 -23.47331 NaN NaN NaN 17.83716 -194.47916 20.31990 -29.86795 -200.01518 -100.79395
32733 3.35326 NaN NaN NaN 153.21542 -112.02994 -27.20255 256.57254 -184.98233 -23.41518 NaN NaN NaN 17.91425 -194.51053 20.17592 -29.49772 -199.70802 -101.01592
32734 3.36159 NaN NaN NaN 153.18326 -112.04707 -27.25096 256.56540 -184.98192 -23.40633 NaN NaN NaN 17.93671 -194.52502 20.07486 -29.13078 -199.39899 -101.30981
32735 3.36992 NaN NaN NaN 153.16772 -112.01754 -27.26045 256.57132 -184.99307 -23.39268 NaN NaN NaN 17.97236 -194.52292 19.94725 -28.76020 -199.04143 -101.61250
32736 3.37826 NaN NaN NaN 153.19070 -112.03364 -27.25954 256.56805 -184.99321 -23.40035 NaN NaN NaN 18.04552 -194.46835 19.84064 -28.37449 -198.74731 -101.92246
32737 3.38659 NaN NaN NaN 153.22092 -112.02544 -27.25107 256.57736 -184.99359 -23.39682 NaN NaN NaN 18.11739 -194.43932 19.74708 -28.01960 -198.43896 -102.11646
32738 3.39492 NaN NaN NaN 153.21930 -112.06268 -27.22120 256.60391 -185.00194 -23.40244 NaN NaN NaN 18.20838 -194.39403 19.64804 -27.65794 -198.16335 -102.29158
32739 3.40325 NaN NaN NaN 153.21588 -112.07801 -27.16445 256.59442 -185.01108 -23.41655 NaN NaN NaN 18.31314 -194.32440 19.51328 -27.32125 -197.87115 -102.41900
32740 3.41158 NaN NaN NaN 153.23482 -112.08689 -27.13230 256.61627 -185.03304 -23.42595 NaN NaN NaN 18.37966 -194.23911 19.43864 -26.94642 -197.56041 -102.59495
32741 3.41991 NaN NaN NaN 153.22806 -112.09002 -27.07696 256.60794 -185.03191 -23.42247 NaN NaN NaN 18.49394 -194.19037 19.39606 -26.57560 -197.17906 -102.76542
32742 3.42824 NaN NaN NaN 153.24649 -112.07380 -27.07925 256.60983 -185.03308 -23.41007 NaN NaN NaN 18.64147 -194.11858 19.34695 -26.17158 -196.89522 -102.99666
32743 3.43658 NaN NaN NaN 153.21947 -112.06753 -27.06860 256.58463 -185.02475 -23.41082 NaN NaN NaN 18.81835 -194.06465 19.28407 -25.80431 -196.60030 -103.17669
32744 3.44491 NaN NaN NaN 153.23119 -112.03156 -27.10032 256.56757 -185.04237 -23.39004 NaN NaN NaN 18.95416 -194.01042 19.20698 -25.42792 -196.29254 -103.33596
32745 3.45324 NaN NaN NaN 153.19147 -112.02262 -27.11853 256.56656 -185.03893 -23.38212 NaN NaN NaN 19.05430 -193.94041 19.13424 -25.08344 -195.98212 -103.51446
32746 3.46157 NaN NaN NaN 153.18733 -111.99757 -27.15280 256.54364 -185.02583 -23.37281 NaN NaN NaN 19.14737 -193.87579 19.05265 -24.76929 -195.66609 -103.67747
32747 3.46990 NaN NaN NaN 153.17743 -111.98180 -27.17293 256.53955 -185.01848 -23.37009 NaN NaN NaN 19.24882 -193.81606 18.95336 -24.40269 -195.36031 -103.80037
32748 3.47823 NaN NaN NaN 153.17888 -111.98145 -27.19367 256.53271 -185.02177 -23.36497 NaN NaN NaN 19.33891 -193.79027 18.84802 -24.11933 -195.08519 -103.95603
32749 3.48656 NaN NaN NaN 153.16917 -111.97301 -27.18955 256.53922 -185.02034 -23.36425 NaN NaN NaN 19.42747 -193.73376 18.77015 -23.81766 -194.86345 -104.11261
32750 3.49489 NaN NaN NaN 153.18942 -111.99052 -27.19293 256.53247 -185.01697 -23.36548 NaN NaN NaN 19.53909 -193.68848 18.67371 -23.55408 -194.63660 -104.24493
32751 3.50323 NaN NaN NaN 153.18639 -111.99604 -27.18104 256.53485 -185.02486 -23.36248 NaN NaN NaN 19.66707 -193.61336 18.59352 -23.30258 -194.41826 -104.36816
32752 3.51156 NaN NaN NaN 153.18886 -112.00532 -27.19452 256.52637 -185.03896 -23.36234 NaN NaN NaN 19.79875 -193.56596 18.53023 -23.08618 -194.21667 -104.52930
32753 3.51989 NaN NaN NaN 153.16432 -111.98930 -27.19964 256.49951 -185.02190 -23.35189 NaN NaN NaN 19.90787 -193.50777 18.47369 -22.88955 -194.00595 -104.58433
32754 3.52822 NaN NaN NaN 153.14569 -111.95717 -27.24014 256.46948 -185.02206 -23.32512 NaN NaN NaN 20.08238 -193.42357 18.38974 -22.74269 -193.90251 -104.63467
32755 3.53655 NaN NaN NaN 153.10793 -111.89558 -27.23131 256.44571 -185.01797 -23.31493 NaN NaN NaN 20.24294 -193.30986 18.32393 -22.54556 -193.74365 -104.69247
32756 3.54488 NaN NaN NaN 153.11809 -111.84661 -27.23985 256.41211 -185.01117 -23.30117 NaN NaN NaN 20.40902 -193.21117 18.28595 -22.40579 -193.69023 -104.75732
32757 3.55321 NaN NaN NaN 153.10234 -111.80318 -27.26449 256.39621 -185.01512 -23.31014 NaN NaN NaN 20.55705 -193.11308 18.24860 -22.19400 -193.56996 -104.81024
32758 3.56154 NaN NaN NaN 153.10139 -111.79610 -27.24962 256.38293 -185.02531 -23.31194 NaN NaN NaN 20.73689 -193.01013 18.19960 -22.02695 -193.48489 -104.83990
32759 3.56988 NaN NaN NaN 153.11752 -111.80949 -27.23503 256.38297 -185.02168 -23.31572 NaN NaN NaN 20.91471 -192.91060 18.15902 -21.90932 -193.36526 -104.85239
32760 3.57821 NaN NaN NaN 153.12335 -111.80350 -27.21821 256.38495 -185.04156 -23.31618 NaN NaN NaN 21.04404 -192.82803 18.14044 -21.75840 -193.31436 -105.00060
32761 3.58654 NaN NaN NaN 153.12030 -111.82351 -27.21119 256.40045 -185.03925 -23.31495 NaN NaN NaN 21.13945 -192.75433 18.11359 -21.59716 -193.24080 -105.08643
32762 3.59487 NaN NaN NaN 153.15845 -111.85366 -27.18960 256.40778 -185.06989 -23.30674 NaN NaN NaN 21.22922 -192.65172 18.03588 -21.48132 -193.08205 -105.04824
32763 3.60320 NaN NaN NaN 153.15733 -111.83047 -27.19183 256.40247 -185.06073 -23.31017 NaN NaN NaN 21.30824 -192.57741 17.98279 -21.41000 -192.99400 -105.06057
32764 3.61153 NaN NaN NaN 153.19687 -111.84589 -27.16511 256.41348 -185.07132 -23.31003 NaN NaN NaN 21.36414 -192.56334 17.96747 -21.32673 -192.94626 -105.09121
32765 3.61986 NaN NaN NaN 153.17383 -111.87145 -27.11739 256.44281 -185.05983 -23.33353 NaN NaN NaN 21.39602 -192.53525 17.94009 -21.27644 -192.94302 -105.12616
32766 3.62820 NaN NaN NaN 153.19453 -111.89369 -27.09680 256.45682 -185.07088 -23.32284 NaN NaN NaN 21.43654 -192.48557 17.90637 -21.25450 -192.92538 -105.15610
32767 3.63653 NaN NaN NaN 153.21370 -111.87912 -27.10701 256.47827 -185.06670 -23.32806 NaN NaN NaN 21.46805 -192.42009 17.87856 -21.22368 -192.88171 -105.16578
32768 3.64486 NaN NaN NaN 153.22389 -111.89515 -27.08066 256.48569 -185.08057 -23.32591 NaN NaN NaN 21.49127 -192.37694 17.85143 -21.27688 -192.89503 -105.22729
32769 3.65319 NaN NaN NaN 153.23682 -111.90254 -27.08185 256.51657 -185.07851 -23.34300 NaN NaN NaN 21.46302 -192.35422 17.81387 -21.35540 -192.91856 -105.26310
32770 3.66152 NaN NaN NaN 153.25810 -111.90620 -27.06530 256.53329 -185.09296 -23.34316 NaN NaN NaN 21.43428 -192.33232 17.76012 -21.43899 -192.96597 -105.36130
32771 3.66985 NaN NaN NaN 153.26086 -111.94081 -27.08256 256.55032 -185.08824 -23.34366 NaN NaN NaN 21.35200 -192.35594 17.69526 -21.57880 -193.02686 -105.35279
32772 3.67818 NaN NaN NaN 153.29259 -111.98276 -27.03300 256.56857 -185.10313 -23.35974 NaN NaN NaN 21.29667 -192.41360 17.65048 -21.68709 -193.07288 -105.34639
32773 3.68651 NaN NaN NaN 153.31406 -112.03676 -27.01023 256.58575 -185.11053 -23.35059 NaN NaN NaN 21.20644 -192.45813 17.60476 -21.79518 -193.19606 -105.30772
32774 3.69485 NaN NaN NaN 153.35989 -112.05164 -26.95356 256.60992 -185.11594 -23.35900 NaN NaN NaN 21.14742 -192.47214 17.54731 -22.01910 -193.37042 -105.34248
32775 3.70318 NaN NaN NaN 153.37628 -112.10135 -26.93021 256.64783 -185.13243 -23.36330 NaN NaN NaN 21.08998 -192.44620 17.50878 -22.25246 -193.52824 -105.29303
32776 3.71151 NaN NaN NaN 153.40877 -112.10458 -26.90779 256.70798 -185.13364 -23.39418 NaN NaN NaN 20.97848 -192.47852 17.43862 -22.48271 -193.70357 -105.34953
32777 3.71984 NaN NaN NaN 153.42191 -112.11916 -26.89894 256.72305 -185.13530 -23.38398 NaN NaN NaN 20.81225 -192.52654 17.36996 -22.67409 -193.83954 -105.33953
32778 3.72817 NaN NaN NaN 153.43420 -112.10217 -26.87730 256.75815 -185.15379 -23.39903 NaN NaN NaN 20.67577 -192.63077 17.32777 -22.86317 -193.98724 -105.40338
32779 3.73650 NaN NaN NaN 153.44281 -112.08907 -26.87749 256.76196 -185.18124 -23.39585 NaN NaN NaN 20.43375 -192.78816 17.24185 -23.00471 -194.05937 -105.53261
32780 3.74483 NaN NaN NaN 153.47414 -112.10741 -26.86590 256.79703 -185.19717 -23.42497 NaN NaN NaN 20.22355 -192.96414 17.19400 -23.13996 -194.08119 -105.62410
32781 3.75316 NaN NaN NaN 153.49445 -112.12535 -26.85355 256.81598 -185.19012 -23.42110 NaN NaN NaN 20.02755 -193.15425 17.15694 -23.25661 -194.12209 -105.67857
32782 3.76150 NaN NaN NaN 153.49521 -112.15524 -26.85063 256.84247 -185.19122 -23.44276 NaN NaN NaN 19.85731 -193.27792 17.07929 -23.38038 -194.24030 -105.77198
32783 3.76983 NaN NaN NaN 153.49466 -112.14592 -26.84110 256.86124 -185.20485 -23.45348 NaN NaN NaN 19.69177 -193.40831 16.97841 -23.47571 -194.31546 -105.85401
32784 3.77816 NaN NaN NaN 153.50713 -112.16983 -26.82388 256.86893 -185.22227 -23.43761 NaN NaN NaN 19.56400 -193.52281 16.92796 -23.54444 -194.32640 -105.93494
32785 3.78649 NaN NaN NaN 153.50659 -112.17644 -26.82329 256.86221 -185.22072 -23.43826 NaN NaN NaN 19.43619 -193.62027 16.91633 -23.65193 -194.35249 -106.00287
32786 3.79482 NaN NaN NaN 153.51132 -112.18462 -26.81882 256.86386 -185.21753 -23.44620 NaN NaN NaN 19.30770 -193.71472 16.91851 -23.73033 -194.37680 -106.11721
32787 3.80315 NaN NaN NaN 153.52068 -112.19078 -26.81289 256.86353 -185.22151 -23.44960 NaN NaN NaN 19.20482 -193.79231 16.90876 -23.79910 -194.44278 -106.16946
32788 3.81148 NaN NaN NaN 153.52644 -112.20824 -26.80956 256.89301 -185.24606 -23.45664 NaN NaN NaN 19.10638 -193.85017 16.88227 -23.87809 -194.46400 -106.13306
32789 3.81982 NaN NaN NaN 153.54082 -112.20974 -26.78868 256.92230 -185.25891 -23.47820 NaN NaN NaN 19.02475 -193.89560 16.86754 -23.95902 -194.52406 -106.15271
32790 3.82815 NaN NaN NaN 153.53339 -112.22680 -26.76782 256.93610 -185.27843 -23.47833 NaN NaN NaN 18.92733 -193.96986 16.86632 -23.98930 -194.55046 -106.13068
32791 3.83648 NaN NaN NaN 153.53505 -112.23999 -26.74883 256.94736 -185.27470 -23.50102 NaN NaN NaN 18.82231 -194.03374 16.88260 -23.98012 -194.56873 -106.14384
32792 3.84481 NaN NaN NaN 153.54536 -112.25632 -26.74204 256.94034 -185.29161 -23.50919 NaN NaN NaN 18.72948 -194.09386 16.89357 -23.98972 -194.58257 -106.18903
32793 3.85314 NaN NaN NaN 153.53342 -112.25635 -26.74019 256.94724 -185.26996 -23.50114 NaN NaN NaN 18.62685 -194.16194 16.91681 -24.00373 -194.58516 -106.19182
32794 3.86147 NaN NaN NaN 153.54305 -112.24976 -26.75286 256.94626 -185.27144 -23.47986 NaN NaN NaN 18.48477 -194.22873 16.93799 -24.04705 -194.60703 -106.24139
32795 3.86980 NaN NaN NaN 153.53667 -112.23417 -26.76768 256.93655 -185.26900 -23.47596 NaN NaN NaN 18.35790 -194.33119 16.98979 -24.09557 -194.63525 -106.25443
32796 3.87813 NaN NaN NaN 153.52965 -112.22001 -26.78908 256.92456 -185.26349 -23.45755 NaN NaN NaN 18.27528 -194.43951 17.01995 -24.09835 -194.65163 -106.25301
32797 3.88647 NaN NaN NaN 153.52507 -112.20016 -26.80616 256.90848 -185.23271 -23.46153 NaN NaN NaN 18.17333 -194.54764 17.06364 -24.09490 -194.64014 -106.23693
32798 3.89480 NaN NaN NaN 153.49034 -112.20799 -26.84066 256.87704 -185.21764 -23.45351 NaN NaN NaN 18.07223 -194.61469 17.09480 -24.09186 -194.62338 -106.21082
32799 3.90313 NaN NaN NaN 153.49768 -112.17079 -26.85636 256.83228 -185.17632 -23.43966 NaN NaN NaN 17.93471 -194.69627 17.13413 -24.12431 -194.63045 -106.20379
32800 3.91146 NaN NaN NaN 153.48840 -112.15180 -26.85927 256.82941 -185.16548 -23.42529 NaN NaN NaN 17.81898 -194.82918 17.14849 -24.15562 -194.65520 -106.24644
32801 3.91979 NaN NaN NaN 153.49672 -112.11796 -26.87017 256.82278 -185.15810 -23.40783 NaN NaN NaN 17.71395 -194.94160 17.13732 -24.16249 -194.66393 -106.27488
32802 3.92812 NaN NaN NaN 153.47701 -112.11823 -26.89065 256.81790 -185.14668 -23.39932 NaN NaN NaN 17.60130 -195.05496 17.12864 -24.13904 -194.65297 -106.29164
32803 3.93645 NaN NaN NaN 153.44717 -112.14066 -26.90395 256.79886 -185.13809 -23.40556 NaN NaN NaN 17.43496 -195.16397 17.13501 -24.04970 -194.57445 -106.28220
32804 3.94478 NaN NaN NaN 153.45251 -112.14409 -26.90349 256.78293 -185.13051 -23.40051 NaN NaN NaN 17.26082 -195.33099 17.12750 -24.00640 -194.57774 -106.43127
32805 3.95312 NaN NaN NaN 153.44197 -112.14216 -26.90854 256.77069 -185.13583 -23.40443 NaN NaN NaN 17.05790 -195.50963 17.12561 -23.89128 -194.55142 -106.56213
32806 3.96145 NaN NaN NaN 153.45271 -112.13799 -26.90398 256.77112 -185.11978 -23.39702 NaN NaN NaN 16.84562 -195.68800 17.06620 -23.78517 -194.49409 -106.65536
32807 3.96978 NaN NaN NaN 153.44487 -112.13453 -26.90539 256.74396 -185.09818 -23.39175 NaN NaN NaN 16.70259 -195.82556 17.04527 -23.68440 -194.44179 -106.77585
32808 3.97811 NaN NaN NaN 153.46167 -112.10548 -26.88554 256.75262 -185.11806 -23.38851 NaN NaN NaN 16.62716 -195.91222 17.05901 -23.61938 -194.33609 -106.79213
32809 3.98644 NaN NaN NaN 153.42415 -112.09637 -26.89793 256.73679 -185.11118 -23.37381 NaN NaN NaN 16.57576 -195.97437 17.07821 -23.51464 -194.26736 -106.87405
32810 3.99477 NaN NaN NaN 153.44322 -112.07888 -26.88898 256.71820 -185.11816 -23.38867 NaN NaN NaN 16.51834 -196.00696 17.06645 -23.46089 -194.14723 -106.87647
32811 4.00310 NaN NaN NaN 153.43742 -112.05119 -26.88428 256.69748 -185.10448 -23.37135 NaN NaN NaN 16.47176 -196.03607 17.05697 -23.38759 -194.11681 -106.92128
32812 4.01143 NaN NaN NaN 153.44022 -112.05160 -26.87793 256.68674 -185.10213 -23.37467 NaN NaN NaN 16.45840 -196.04077 17.03659 -23.35854 -194.03310 -106.91779
32813 4.01977 NaN NaN NaN 153.42801 -112.02700 -26.89503 256.67517 -185.11337 -23.36072 NaN NaN NaN 16.45280 -196.04256 17.05121 -23.27880 -194.01521 -106.94881
32814 4.02810 NaN NaN NaN 153.42175 -112.03558 -26.91105 256.68710 -185.09908 -23.36183 NaN NaN NaN 16.44962 -196.02780 17.08772 -23.20728 -193.88591 -106.96325
32815 4.03643 NaN NaN NaN 153.40323 -112.00110 -26.95174 256.66180 -185.09744 -23.35663 NaN NaN NaN 16.44010 -196.06126 17.10748 -23.13874 -193.80646 -106.94154
32816 4.04476 NaN NaN NaN 153.38795 -111.98180 -26.95845 256.63800 -185.08450 -23.35724 NaN NaN NaN 16.41805 -196.08745 17.11175 -23.09075 -193.77968 -106.97512
32817 4.05309 NaN NaN NaN 153.37439 -111.97365 -26.99396 256.62405 -185.10692 -23.34288 NaN NaN NaN 16.34820 -196.15948 17.12623 -22.92424 -193.67847 -107.03184
32818 4.06142 NaN NaN NaN 153.38168 -111.91912 -26.97916 256.59335 -185.08795 -23.33746 NaN NaN NaN 16.22976 -196.24042 17.14937 -22.78829 -193.56166 -107.09010
32819 4.06975 NaN NaN NaN 153.34033 -111.92852 -27.02546 256.57208 -185.05861 -23.32239 NaN NaN NaN 16.10061 -196.35890 17.14017 -22.60178 -193.42838 -107.21592
32820 4.07809 NaN NaN NaN 153.31392 -111.89629 -27.02730 256.56317 -185.05240 -23.30393 NaN NaN NaN 15.93214 -196.49268 17.11628 -22.46489 -193.25424 -107.29851
32821 4.08642 NaN NaN NaN 153.30516 -111.88879 -27.05090 256.56250 -185.04021 -23.29530 NaN NaN NaN 15.78680 -196.60921 17.09023 -22.27926 -193.12642 -107.47312
32822 4.09475 NaN NaN NaN 153.31717 -111.85274 -27.04531 256.54153 -185.04222 -23.28836 NaN NaN NaN 15.63935 -196.75371 17.05960 -22.10783 -192.92792 -107.54899
32823 4.10308 NaN NaN NaN 153.31055 -111.84972 -27.06925 256.52414 -185.02602 -23.26870 NaN NaN NaN 15.49829 -196.89114 17.04249 -21.94211 -192.76501 -107.64727
32824 4.11141 NaN NaN NaN 153.29344 -111.83688 -27.06410 256.49356 -185.02603 -23.25251 NaN NaN NaN 15.35874 -197.00255 17.03595 -21.79100 -192.67345 -107.79842
32825 4.11974 NaN NaN NaN 153.27563 -111.81230 -27.09494 256.48047 -185.03506 -23.22636 NaN NaN NaN 15.20780 -197.11092 17.03221 -21.60475 -192.53958 -107.87724
32826 4.12807 NaN NaN NaN 153.26028 -111.80640 -27.08437 256.46286 -185.03313 -23.22225 NaN NaN NaN 15.08867 -197.19919 17.03321 -21.46623 -192.35992 -107.83516
32827 4.13640 NaN NaN NaN 153.24361 -111.79020 -27.10260 256.44366 -185.02800 -23.22398 NaN NaN NaN 14.98476 -197.25787 17.00276 -21.32152 -192.32356 -107.99743
32828 4.14474 NaN NaN NaN 153.25154 -111.76651 -27.10485 256.41986 -185.02333 -23.21489 NaN NaN NaN 14.91251 -197.34276 16.98969 -21.18251 -192.14989 -108.14928
32829 4.15307 NaN NaN NaN 153.23036 -111.77964 -27.13502 256.40155 -185.00940 -23.21111 NaN NaN NaN 14.82864 -197.42609 16.92888 -21.05298 -192.04457 -108.27807
32830 4.16140 NaN NaN NaN 153.21512 -111.79170 -27.18161 256.37378 -185.02322 -23.19306 NaN NaN NaN 14.75278 -197.50096 16.88515 -20.91016 -191.92854 -108.34446
32831 4.16973 NaN NaN NaN 153.17673 -111.75037 -27.22963 256.33994 -185.00687 -23.16069 NaN NaN NaN 14.65715 -197.61447 16.80310 -20.80225 -191.86821 -108.43897
32832 4.17806 NaN NaN NaN 153.14375 -111.77154 -27.30769 256.31586 -185.00723 -23.13389 NaN NaN NaN 14.59567 -197.67886 16.72554 -20.65684 -191.72978 -108.58656
32833 4.18639 NaN NaN NaN 153.12820 -111.74094 -27.33196 256.27713 -184.98488 -23.09934 NaN NaN NaN 14.51695 -197.76509 16.66028 -20.42334 -191.47736 -108.70762
32834 4.19472 NaN NaN NaN 153.12128 -111.71822 -27.35086 256.25244 -184.96927 -23.08600 NaN NaN NaN 14.44370 -197.86482 16.59122 -20.35345 -191.41368 -108.88666
32835 4.20305 NaN NaN NaN 153.09833 -111.69379 -27.34646 256.20071 -184.96585 -23.06165 NaN NaN NaN 14.37001 -197.94687 16.50496 -20.20600 -191.34984 -109.03847
32836 4.21139 NaN NaN NaN 153.09708 -111.65118 -27.36454 256.15762 -184.95364 -23.04148 NaN NaN NaN 14.28618 -198.10327 16.36711 -20.01323 -191.17659 -109.12291
32837 4.21972 NaN NaN NaN 153.08339 -111.60295 -27.38490 256.12311 -184.95145 -23.02110 NaN NaN NaN 14.15942 -198.24725 16.24271 -19.78547 -190.86989 -109.27406
32838 4.22805 NaN NaN NaN 153.05681 -111.55079 -27.43358 256.08698 -184.94809 -22.98103 NaN NaN NaN 14.06408 -198.35545 16.15696 -19.57195 -190.50746 -109.45399
32839 4.23638 NaN NaN NaN 153.03183 -111.51245 -27.45176 256.04248 -184.94405 -22.97909 NaN NaN NaN 13.95756 -198.50560 16.05656 -19.33167 -190.21635 -109.67435
32840 4.24471 NaN NaN NaN 153.02299 -111.46907 -27.49919 255.99496 -184.93208 -22.98247 NaN NaN NaN 13.84059 -198.66260 15.95032 -19.12591 -189.94774 -109.86410
32841 4.25304 NaN NaN NaN 153.00533 -111.43321 -27.51473 255.93605 -184.91602 -22.98047 NaN NaN NaN 13.72183 -198.76256 15.79822 -18.94524 -189.82280 -110.08078
32842 4.26137 NaN NaN NaN 152.99904 -111.45446 -27.52291 255.90421 -184.91426 -22.98556 NaN NaN NaN 13.64852 -198.88277 15.67722 -18.81260 -189.69086 -110.20681
32843 4.26971 NaN NaN NaN 152.99982 -111.44932 -27.52052 255.88153 -184.91655 -22.97932 NaN NaN NaN 13.58551 -199.00751 15.56648 -18.62732 -189.50803 -110.30679
32844 4.27804 NaN NaN NaN 152.99287 -111.45670 -27.54416 255.86452 -184.92336 -22.96157 NaN NaN NaN 13.56172 -199.09822 15.46650 -18.46985 -189.36205 -110.40672
32845 4.28637 NaN NaN NaN 152.97220 -111.43198 -27.53440 255.84196 -184.96037 -22.95569 NaN NaN NaN 13.54482 -199.17393 15.40756 -18.27658 -189.18915 -110.48270
32846 4.29470 NaN NaN NaN 152.96118 -111.42616 -27.53284 255.82726 -184.99234 -22.94358 NaN NaN NaN 13.50698 -199.20972 15.31303 -18.05562 -188.96246 -110.59869
32847 4.30303 NaN NaN NaN 152.95941 -111.41975 -27.53074 255.80721 -185.01022 -22.95149 NaN NaN NaN 13.47095 -199.26680 15.22914 -17.82516 -188.69247 -110.64693
32848 4.31136 NaN NaN NaN 152.96080 -111.38630 -27.52796 255.79504 -185.01363 -22.93047 NaN NaN NaN 13.45095 -199.32549 15.14031 -17.57528 -188.46100 -110.81401
32849 4.31969 NaN NaN NaN 152.96568 -111.37806 -27.51734 255.76387 -185.01758 -22.94977 NaN NaN NaN 13.46307 -199.37965 15.08232 -17.32978 -188.25076 -110.94436
32850 4.32802 NaN NaN NaN 152.97752 -111.37648 -27.52669 255.74879 -185.03717 -22.94106 NaN NaN NaN 13.47820 -199.41283 15.00897 -17.11745 -188.02373 -111.10638
32851 4.33636 NaN NaN NaN 152.98071 -111.37688 -27.51040 255.73810 -185.05777 -22.95312 NaN NaN NaN 13.51031 -199.41643 14.94785 -16.83378 -187.76767 -111.25363
32852 4.34469 NaN NaN NaN 152.98280 -111.39507 -27.49811 255.73851 -185.07291 -22.93458 NaN NaN NaN 13.52127 -199.40685 14.89254 -16.52871 -187.53441 -111.33762
32853 4.35302 NaN NaN NaN 152.98648 -111.39166 -27.47180 255.73941 -185.06621 -22.93351 NaN NaN NaN 13.56480 -199.40421 14.79672 -16.26683 -187.31172 -111.43684
32854 4.36135 NaN NaN NaN 152.98277 -111.35181 -27.48787 255.72696 -185.07668 -22.91960 NaN NaN NaN 13.59478 -199.37646 14.67458 -16.00283 -187.08147 -111.53036
32855 4.36968 NaN NaN NaN 152.96587 -111.32835 -27.49844 255.71742 -185.07321 -22.92600 NaN NaN NaN 13.62710 -199.36241 14.54667 -15.73307 -186.83363 -111.69653
32856 4.37801 NaN NaN NaN 152.98759 -111.30260 -27.52794 255.71968 -185.05510 -22.90987 NaN NaN NaN 13.66531 -199.37070 14.45688 -15.47180 -186.55499 -111.83736
32857 4.38634 NaN NaN NaN 152.98753 -111.27277 -27.55261 255.70367 -185.05113 -22.92186 NaN NaN NaN 13.68544 -199.39256 14.33429 -15.20681 -186.31261 -111.98822
32858 4.39467 NaN NaN NaN 152.99829 -111.26212 -27.55811 255.69257 -185.03827 -22.90856 NaN NaN NaN 13.69239 -199.35529 14.24171 -14.90903 -186.02235 -112.08309
32859 4.40301 NaN NaN NaN 152.99307 -111.26079 -27.55119 255.68645 -185.05121 -22.89791 NaN NaN NaN 13.71610 -199.33591 14.17956 -14.67231 -185.80637 -112.23747
32860 4.41134 NaN NaN NaN 153.00032 -111.25909 -27.52239 255.69708 -185.06604 -22.88486 NaN NaN NaN 13.74072 -199.29712 14.11254 -14.44213 -185.56474 -112.37728
32861 4.41967 NaN NaN NaN 153.01595 -111.29716 -27.50978 255.69875 -185.08479 -22.88757 NaN NaN NaN 13.79800 -199.27264 14.06715 -14.24053 -185.39026 -112.46832
32862 4.42800 NaN NaN NaN 153.01868 -111.30672 -27.49836 255.73221 -185.09491 -22.87400 NaN NaN NaN 13.81807 -199.22891 14.03186 -14.01455 -185.06999 -112.47793
32863 4.43633 NaN NaN NaN 153.02263 -111.31638 -27.48216 255.72961 -185.11107 -22.88691 NaN NaN NaN 13.85183 -199.21138 13.99877 -13.82367 -184.87834 -112.51240
32864 4.44466 NaN NaN NaN 153.03032 -111.32091 -27.46488 255.75189 -185.10474 -22.89251 NaN NaN NaN 13.89180 -199.14655 13.95449 -13.66733 -184.67862 -112.48498
32865 4.45299 NaN NaN NaN 153.06096 -111.36118 -27.45011 255.75038 -185.13300 -22.91368 NaN NaN NaN 13.95504 -199.06436 13.93155 -13.44459 -184.58273 -112.65437
32866 4.46133 NaN NaN NaN 153.07352 -111.38113 -27.42836 255.77170 -185.14217 -22.89639 NaN NaN NaN 14.01408 -198.97299 13.89766 -13.33039 -184.38480 -112.60479
32867 4.46966 NaN NaN NaN 153.07481 -111.40309 -27.40687 255.76527 -185.15448 -22.89537 NaN NaN NaN 14.07171 -198.90172 13.87607 -13.22206 -184.30753 -112.75411
32868 4.47799 NaN NaN NaN 153.07835 -111.41032 -27.39572 255.76881 -185.14618 -22.89542 NaN NaN NaN 14.17287 -198.79735 13.86177 -13.07877 -184.22267 -112.81161
32869 4.48632 NaN NaN NaN 153.06422 -111.40089 -27.38667 255.77521 -185.15388 -22.89342 NaN NaN NaN 14.30828 -198.67523 13.84643 -12.97127 -184.12019 -112.81597
32870 4.49465 NaN NaN NaN 153.06816 -111.35317 -27.36838 255.76485 -185.16966 -22.89683 NaN NaN NaN 14.44714 -198.54675 13.81827 -12.91974 -184.01620 -112.77129
32871 4.50298 NaN NaN NaN 153.07300 -111.37712 -27.37334 255.75974 -185.17465 -22.91047 NaN NaN NaN 14.53764 -198.45447 13.78356 -12.85057 -183.92889 -112.72718
32872 4.51131 NaN NaN NaN 153.07101 -111.36926 -27.35651 255.74112 -185.18402 -22.90597 NaN NaN NaN 14.60027 -198.37651 13.75665 -12.75740 -183.84175 -112.75988
32873 4.51964 NaN NaN NaN 153.05754 -111.37323 -27.37371 255.72954 -185.18237 -22.90749 NaN NaN NaN 14.64049 -198.35143 13.73833 -12.64814 -183.74364 -112.84950
32874 4.52798 NaN NaN NaN 153.04053 -111.35657 -27.36461 255.73096 -185.16870 -22.90356 NaN NaN NaN 14.68906 -198.33971 13.70878 -12.54172 -183.63060 -112.88652
32875 4.53631 NaN NaN NaN 153.04637 -111.36327 -27.38434 255.72160 -185.18149 -22.90473 NaN NaN NaN 14.70021 -198.33197 13.66753 -12.38403 -183.49367 -112.93233
32876 4.54464 NaN NaN NaN 153.02899 -111.33649 -27.37905 255.71028 -185.18462 -22.89415 NaN NaN NaN 14.70305 -198.32729 13.62141 -12.22435 -183.29553 -112.97981
32877 4.55297 NaN NaN NaN 153.02849 -111.37522 -27.38155 255.69702 -185.19069 -22.90129 NaN NaN NaN 14.69945 -198.30807 13.56428 -12.11553 -183.12427 -113.04829
32878 4.56130 NaN NaN NaN 153.04105 -111.35922 -27.36832 255.68752 -185.20699 -22.90255 NaN NaN NaN 14.72957 -198.27504 13.54425 -12.03544 -182.98653 -113.08978
32879 4.56963 NaN NaN NaN 153.03693 -111.41340 -27.36757 255.69493 -185.21382 -22.90763 NaN NaN NaN 14.76227 -198.20532 13.51583 -11.97528 -182.91959 -113.13274
32880 4.57796 NaN NaN NaN 153.05637 -111.40500 -27.33150 255.69066 -185.21376 -22.91185 NaN NaN NaN 14.83339 -198.15335 13.50941 -11.94303 -182.85851 -113.14876
32881 4.58629 NaN NaN NaN 153.05170 -111.43286 -27.33604 255.69695 -185.23161 -22.92075 NaN NaN NaN 14.86298 -198.05386 13.46246 -11.93225 -182.86726 -113.18286
32882 4.59463 NaN NaN NaN 153.08646 -111.40800 -27.29847 255.71643 -185.25697 -22.91927 NaN NaN NaN 14.91252 -197.98346 13.46517 -11.92570 -182.84137 -113.15902
32883 4.60296 NaN NaN NaN 153.07272 -111.46988 -27.25429 255.73004 -185.26740 -22.92904 NaN NaN NaN 14.95116 -197.92407 13.42946 -11.90069 -182.80821 -113.17832
32884 4.61129 NaN NaN NaN 153.08083 -111.49625 -27.20955 255.73930 -185.29002 -22.91934 NaN NaN NaN 14.99614 -197.85338 13.37554 -11.91160 -182.77141 -113.23582
32885 4.61962 NaN NaN NaN 153.08282 -111.51902 -27.16925 255.76472 -185.30507 -22.91805 NaN NaN NaN 15.01502 -197.82251 13.34063 -11.95392 -182.77176 -113.28522
32886 4.62795 NaN NaN NaN 153.08952 -111.53376 -27.15059 255.78403 -185.31218 -22.91530 NaN NaN NaN 15.02475 -197.81525 13.29782 -12.00463 -182.77545 -113.26876
32887 4.63628 NaN NaN NaN 153.09395 -111.53667 -27.14051 255.79594 -185.33154 -22.91074 NaN NaN NaN 15.01220 -197.80786 13.23332 -12.06254 -182.75819 -113.29884
32888 4.64461 NaN NaN NaN 153.12801 -111.47310 -27.03238 255.81421 -185.32906 -22.89272 NaN NaN NaN 14.99025 -197.79576 13.16049 -12.08878 -182.75212 -113.36369
32889 4.65294 NaN NaN NaN 153.14600 -111.45688 -27.09837 255.83249 -185.32829 -22.89506 NaN NaN NaN 14.98086 -197.76131 13.09645 -12.15310 -182.73781 -113.43110
32890 4.66128 NaN NaN NaN 153.16637 -111.45112 -27.10869 255.83850 -185.31818 -22.88292 NaN NaN NaN 14.97460 -197.71069 13.00608 -12.21036 -182.71899 -113.46814
32891 4.66961 NaN NaN NaN 153.17761 -111.47318 -27.09892 255.85231 -185.32410 -22.88334 NaN NaN NaN 14.99585 -197.68135 12.97585 -12.35349 -182.76529 -113.50877
32892 4.67794 NaN NaN NaN 153.18977 -111.47198 -27.07609 255.87260 -185.32565 -22.89558 NaN NaN NaN 14.99004 -197.63109 12.94788 -12.54798 -182.85722 -113.55424
32893 4.68627 NaN NaN NaN 153.20593 -111.49979 -27.02254 255.92035 -185.30881 -22.90152 NaN NaN NaN 15.02293 -197.59612 12.91784 -12.73922 -182.88873 -113.45503
32894 4.69460 NaN NaN NaN 153.24632 -111.51856 -27.00241 255.96669 -185.31755 -22.89926 NaN NaN NaN 15.12356 -197.51988 12.88208 -13.00800 -183.04959 -113.45240
32895 4.70293 NaN NaN NaN 153.24261 -111.57259 -27.00067 256.00864 -185.32170 -22.90926 NaN NaN NaN 15.25247 -197.39151 12.85467 -13.34456 -183.32924 -113.42552
32896 4.71126 NaN NaN NaN 153.26389 -111.60246 -26.97442 256.05493 -185.35445 -22.93193 NaN NaN NaN 15.40241 -197.20044 12.84577 -13.76758 -183.62759 -113.34814
32897 4.71960 NaN NaN NaN 153.28539 -111.63448 -26.93076 256.07986 -185.35611 -22.93152 NaN NaN NaN 15.63219 -197.02281 12.85949 -14.23389 -183.97643 -113.21476
32898 4.72793 NaN NaN NaN 153.36617 -111.60693 -26.88128 256.11221 -185.37447 -22.93900 NaN NaN NaN 15.89227 -196.79778 12.87618 -14.69434 -184.35434 -113.05549
32899 4.73626 NaN NaN NaN 153.40268 -111.60452 -26.85300 256.15503 -185.40070 -22.93980 NaN NaN NaN 16.11656 -196.57039 12.88430 -15.11923 -184.73898 -112.89518
32900 4.74459 NaN NaN NaN 153.43408 -111.59993 -26.84610 256.21979 -185.40579 -22.99241 NaN NaN NaN 16.28277 -196.38687 12.92589 -15.51701 -185.13618 -112.77942
32901 4.75292 NaN NaN NaN 153.42734 -111.61031 -26.84646 256.25870 -185.39297 -23.01366 NaN NaN NaN 16.33096 -196.29933 12.92727 -15.87348 -185.46472 -112.66963
32902 4.76125 NaN NaN NaN 153.44574 -111.62609 -26.83369 256.28003 -185.37494 -23.03431 NaN NaN NaN 16.25260 -196.29677 12.94019 -16.13302 -185.68039 -112.61332
32903 4.76958 NaN NaN NaN 153.45934 -111.63277 -26.83012 256.29996 -185.37244 -23.00651 NaN NaN NaN 16.03618 -196.40851 12.93250 -16.36278 -185.83789 -112.63103
32904 4.77791 NaN NaN NaN 153.49904 -111.63377 -26.81691 256.31207 -185.37430 -23.01133 NaN NaN NaN 15.72784 -196.63307 12.94743 -16.48782 -185.87059 -112.71457
32905 4.78625 NaN NaN NaN 153.50627 -111.65213 -26.80470 256.31653 -185.36871 -22.97886 NaN NaN NaN 15.36089 -196.89975 12.89943 -16.58076 -185.80194 -112.86323
32906 4.79458 NaN NaN NaN 153.52905 -111.61456 -26.80223 256.33334 -185.36243 -22.93050 NaN NaN NaN 14.98878 -197.19171 12.85456 -16.67872 -185.75691 -113.02686
32907 4.80291 NaN NaN NaN 153.49454 -111.63876 -26.77096 256.34045 -185.38045 -22.92266 NaN NaN NaN 14.65753 -197.44255 12.81610 -16.76359 -185.74846 -113.12598
32908 4.81124 NaN NaN NaN 153.50584 -111.64902 -26.74861 256.34964 -185.35629 -22.90683 NaN NaN NaN 14.35564 -197.63544 12.79547 -16.94323 -185.80345 -113.19759
32909 4.81957 NaN NaN NaN 153.49365 -111.64876 -26.72896 256.36090 -185.35204 -22.89402 NaN NaN NaN 14.09373 -197.80620 12.80634 -17.15536 -185.88765 -113.18953
32910 4.82790 NaN NaN NaN 153.51765 -111.65063 -26.74084 256.35236 -185.33525 -22.89179 NaN NaN NaN 13.90509 -197.93039 12.81622 -17.38647 -186.01675 -113.20299
32911 4.83623 NaN NaN NaN 153.54536 -111.69048 -26.70127 256.37744 -185.33777 -22.89819 NaN NaN NaN 13.66288 -198.05377 12.79741 -17.56981 -186.21185 -113.19379
32912 4.84456 NaN NaN NaN 153.55667 -111.75305 -26.67536 256.41318 -185.35738 -22.91316 NaN NaN NaN 13.39356 -198.18210 12.77905 -17.74884 -186.34441 -113.16186
32913 4.85290 NaN NaN NaN 153.56699 -111.80122 -26.64184 256.42981 -185.37296 -22.92393 NaN NaN NaN 13.12263 -198.35841 12.77289 -17.92195 -186.36205 -113.05592
32914 4.86123 NaN NaN NaN 153.57787 -111.82795 -26.63493 256.45380 -185.39079 -22.93076 NaN NaN NaN 12.85158 -198.53850 12.78442 -18.11176 -186.42842 -113.04362
32915 4.86956 NaN NaN NaN 153.58733 -111.81730 -26.62955 256.48257 -185.39218 -22.94910 NaN NaN NaN 12.64301 -198.68790 12.75747 -18.29367 -186.54956 -113.16356
32916 4.87789 NaN NaN NaN 153.60155 -111.82191 -26.61846 256.52826 -185.40686 -22.93535 NaN NaN NaN 12.41053 -198.81320 12.73207 -18.45685 -186.66750 -113.20680
32917 4.88622 NaN NaN NaN 153.60683 -111.79984 -26.63638 256.52948 -185.38974 -22.94423 NaN NaN NaN 12.20477 -198.91805 12.72188 -18.57456 -186.74590 -113.25553
32918 4.89455 NaN NaN NaN 153.62080 -111.80474 -26.62141 256.55154 -185.38402 -22.92847 NaN NaN NaN 11.97641 -199.03557 12.72565 -18.68597 -186.80972 -113.24943
32919 4.90288 NaN NaN NaN 153.60732 -111.79047 -26.62849 256.51990 -185.36790 -22.93888 NaN NaN NaN 11.69593 -199.21529 12.68258 -18.79848 -186.80865 -113.27728
32920 4.91122 NaN NaN NaN 153.61124 -111.78368 -26.64436 256.51215 -185.37271 -22.92090 NaN NaN NaN 11.42960 -199.41145 12.62296 -18.86571 -186.75131 -113.32613
32921 4.91955 NaN NaN NaN 153.61707 -111.74135 -26.64721 256.46814 -185.34453 -22.89145 NaN NaN NaN 11.18236 -199.61203 12.60136 -18.89565 -186.73874 -113.40212
32922 4.92788 NaN NaN NaN 153.59552 -111.73916 -26.66108 256.45349 -185.32368 -22.87508 NaN NaN NaN 10.99387 -199.77441 12.56721 -18.90027 -186.70755 -113.54113
